1	0.63	0.70	0.44	0.72	0.19	0.77	44.38	0.12	1480.00	320.00	0.22	1482.00
2	0.58	0.71	0.44	0.71	0.18	0.75	43.88	0.14	1508.00	329.00	0.22	1510.00
3	0.59	0.70	0.44	0.72	0.18	0.77	43.75	0.14	1498.00	323.00	0.22	1500.00
4	0.60	0.70	0.44	0.72	0.18	0.76	43.88	0.11	1454.00	322.00	0.22	1458.00
5	0.61	0.70	0.45	0.73	0.18	0.77	43.50	0.10	1508.00	320.00	0.21	1510.00
6	0.62	0.70	0.44	0.72	0.19	0.77	43.50	0.10	1481.00	315.00	0.21	1483.00
7	0.60	0.70	0.43	0.72	0.19	0.77	43.88	0.12	1506.00	322.00	0.21	1508.00
8	0.58	0.70	0.43	0.72	0.17	0.76	44.50	0.13	1449.00	333.00	0.23	1451.00
9	0.61	0.71	0.44	0.72	0.18	0.77	44.12	0.12	1486.00	326.00	0.22	1488.00
10	0.62	0.71	0.44	0.71	0.17	0.76	44.25	0.11	1508.00	328.00	0.22	1511.00
11	0.60	0.71	0.45	0.71	0.17	0.75	44.38	0.13	1494.00	334.00	0.22	1496.00
12	0.61	0.70	0.44	0.73	0.18	0.75	44.12	0.14	1496.00	329.00	0.22	1498.00
13	0.62	0.70	0.44	0.71	0.17	0.76	43.88	0.12	1536.00	327.00	0.21	1540.00
14	0.62	0.70	0.43	0.71	0.18	0.76	44.00	0.12	1487.00	331.00	0.22	1489.00
15	0.63	0.70	0.43	0.72	0.19	0.76	43.88	0.10	1505.00	327.00	0.22	1507.00
16	0.61	0.70	0.44	0.70	0.18	0.76	44.38	0.13	1498.00	325.00	0.22	1500.00
17	0.63	0.70	0.43	0.71	0.18	0.76	44.00	0.12	1478.00	331.00	0.22	1480.00
18	0.60	0.70	0.44	0.71	0.19	0.76	43.62	0.13	1471.00	321.00	0.22	1474.00
19	0.59	0.70	0.44	0.72	0.18	0.76	44.00	0.10	1477.00	329.00	0.22	1479.00
20	0.62	0.69	0.44	0.72	0.18	0.77	44.00	0.12	1464.00	324.00	0.22	1466.00
21	0.60	0.71	0.44	0.71	0.19	0.76	43.88	0.11	1506.00	333.00	0.22	1508.00
22	0.59	0.70	0.43	0.71	0.17	0.75	43.75	0.11	1483.00	331.00	0.22	1485.00
23	0.62	0.71	0.44	0.72	0.18	0.75	43.88	0.13	1500.00	329.00	0.22	1502.00
24	0.59	0.70	0.44	0.72	0.19	0.76	44.38	0.11	1478.00	320.00	0.22	1482.00
25	0.61	0.70	0.44	0.71	0.17	0.76	44.12	0.11	1519.00	329.00	0.22	1523.00
26	0.58	0.69	0.43	0.73	0.17	0.76	44.12	0.13	1454.00	324.00	0.22	1456.00
27	0.59	0.70	0.44	0.71	0.18	0.74	44.38	0.12	1487.00	335.00	0.23	1490.00
28	0.63	0.70	0.43	0.71	0.18	0.77	44.12	0.11	1484.00	332.00	0.22	1486.00
29	0.63	0.70	0.43	0.72	0.18	0.76	44.25	0.12	1498.00	324.00	0.22	1502.00
30	0.64	0.71	0.44	0.72	0.19	0.76	44.12	0.12	1490.00	333.00	0.22	1492.00
31	0.61	0.72	0.45	0.72	0.18	0.76	44.25	0.14	1466.00	335.00	0.23	1468.00
32	0.58	0.71	0.44	0.72	0.18	0.75	43.88	0.13	1493.00	330.00	0.22	1495.00
33	0.60	0.71	0.44	0.71	0.17	0.76	44.25	0.12	1511.00	334.00	0.22	1514.00
34	0.60	0.71	0.44	0.71	0.18	0.75	44.00	0.12	1492.00	327.00	0.22	1495.00
35	0.63	0.70	0.44	0.72	0.18	0.77	44.00	0.11	1471.00	321.00	0.22	1473.00
36	0.61	0.70	0.44	0.72	0.18	0.77	43.88	0.11	1493.00	323.00	0.22	1495.00
37	0.64	0.70	0.44	0.71	0.19	0.77	44.25	0.11	1503.00	327.00	0.22	1505.00
38	0.60	0.70	0.44	0.71	0.18	0.76	43.75	0.12	1524.00	318.00	0.21	1526.00
39	0.61	0.70	0.44	0.72	0.18	0.76	43.88	0.11	1425.00	319.00	0.22	1427.00
40	0.62	0.70	0.44	0.72	0.18	0.77	44.12	0.10	1505.00	317.00	0.21	1507.00
41	0.59	0.70	0.43	0.71	0.18	0.75	44.25	0.15	1487.00	338.00	0.23	1489.00
42	0.61	0.71	0.44	0.71	0.18	0.77	44.25	0.12	1528.00	323.00	0.21	1530.00
43	0.64	0.69	0.43	0.72	0.18	0.77	44.25	0.11	1485.00	319.00	0.21	1487.00
44	0.59	0.69	0.43	0.72	0.17	0.76	43.62	0.11	1485.00	319.00	0.21	1487.00
45	0.62	0.71	0.45	0.72	0.19	0.76	44.00	0.11	1485.00	329.00	0.22	1487.00
46	0.62	0.71	0.44	0.71	0.18	0.76	43.75	0.12	1487.00	333.00	0.22	1490.00
47	0.57	0.71	0.45	0.72	0.18	0.75	44.12	0.13	1488.00	335.00	0.23	1490.00
48	0.60	0.70	0.44	0.72	0.17	0.76	44.25	0.11	1486.00	329.00	0.22	1488.00
49	0.61	0.68	0.43	0.73	0.18	0.77	43.88	0.10	1483.00	306.00	0.21	1487.00
50	0.62	0.71	0.44	0.71	0.19	0.76	44.25	0.12	1499.00	333.00	0.22	1501.00
51	0.58	0.70	0.43	0.71	0.18	0.76	44.12	0.12	1479.00	324.00	0.22	1481.00
52	0.61	0.71	0.44	0.72	0.20	0.76	44.12	0.13	1488.00	327.00	0.22	1490.00
53	0.62	0.70	0.43	0.72	0.18	0.76	44.12	0.13	1486.00	324.00	0.22	1488.00
54	0.60	0.70	0.43	0.72	0.18	0.76	43.88	0.11	1458.00	322.00	0.22	1461.00
55	0.62	0.70	0.44	0.73	0.18	0.76	44.12	0.11	1473.00	326.00	0.22	1475.00
56	0.61	0.70	0.43	0.71	0.18	0.76	43.50	0.12	1474.00	322.00	0.22	1477.00
57	0.64	0.71	0.43	0.72	0.17	0.76	44.25	0.11	1472.00	331.00	0.22	1474.00
58	0.62	0.69	0.43	0.72	0.17	0.76	43.62	0.13	1441.00	334.00	0.23	1443.00
59	0.60	0.70	0.44	0.72	0.17	0.76	44.12	0.13	1501.00	322.00	0.21	1503.00
60	0.62	0.70	0.44	0.72	0.18	0.77	44.38	0.11	1499.00	333.00	0.22	1501.00
61	0.61	0.70	0.44	0.71	0.19	0.76	44.12	0.14	1471.00	330.00	0.22	1473.00
62	0.62	0.71	0.44	0.71	0.18	0.76	43.88	0.12	1487.00	325.00	0.22	1490.00
63	0.61	0.70	0.44	0.72	0.18	0.76	44.00	0.12	1490.00	325.00	0.22	1492.00
64	0.59	0.69	0.43	0.73	0.18	0.78	43.88	0.11	1454.00	306.00	0.21	1458.00
65	0.62	0.70	0.44	0.72	0.19	0.77	43.88	0.13	1501.00	325.00	0.22	1503.00
66	0.62	0.70	0.43	0.72	0.18	0.76	44.00	0.13	1458.00	330.00	0.23	1460.00
67	0.61	0.70	0.42	0.71	0.17	0.75	44.00	0.12	1480.00	329.00	0.22	1483.00
68	0.61	0.70	0.44	0.72	0.18	0.77	43.75	0.11	1479.00	319.00	0.22	1483.00
69	0.58	0.70	0.45	0.73	0.19	0.77	43.75	0.11	1505.00	317.00	0.21	1509.00
70	0.64	0.70	0.44	0.71	0.18	0.75	43.75	0.13	1478.00	332.00	0.22	1482.00
71	0.61	0.70	0.44	0.72	0.17	0.76	44.38	0.12	1487.00	324.00	0.22	1489.00
72	0.60	0.69	0.43	0.72	0.17	0.75	44.25	0.12	1465.00	330.00	0.23	1467.00
73	0.62	0.71	0.44	0.72	0.19	0.77	43.75	0.13	1466.00	328.00	0.22	1468.00
74	0.62	0.71	0.45	0.71	0.18	0.77	44.12	0.13	1507.00	332.00	0.22	1509.00
75	0.62	0.70	0.43	0.71	0.18	0.76	44.00	0.11	1492.00	325.00	0.22	1496.00
76	0.60	0.72	0.45	0.71	0.18	0.75	44.00	0.14	1474.00	332.00	0.23	1477.00
77	0.61	0.70	0.44	0.72	0.17	0.77	43.62	0.11	1511.00	322.00	0.21	1513.00
78	0.58	0.70	0.43	0.72	0.18	0.76	43.75	0.12	1447.00	321.00	0.22	1450.00
79	0.60	0.70	0.44	0.71	0.18	0.75	44.38	0.13	1507.00	328.00	0.22	1509.00
80	0.61	0.70	0.44	0.72	0.17	0.75	44.25	0.13	1470.00	332.00	0.23	1472.00
81	0.61	0.70	0.44	0.72	0.19	0.76	44.25	0.12	1518.00	321.00	0.21	1520.00
82	0.58	0.70	0.44	0.71	0.17	0.76	43.75	0.13	1491.00	328.00	0.22	1493.00
83	0.60	0.70	0.44	0.72	0.18	0.76	44.12	0.11	1474.00	323.00	0.22	1477.00
84	0.62	0.69	0.43	0.72	0.17	0.76	44.12	0.12	1471.00	320.00	0.22	1474.00
85	0.61	0.71	0.44	0.73	0.18	0.76	44.25	0.13	1454.00	332.00	0.23	1458.00
86	0.63	0.70	0.44	0.71	0.18	0.77	43.50	0.13	1449.00	324.00	0.22	1451.00
87	0.62	0.71	0.45	0.72	0.17	0.76	43.50	0.12	1489.00	323.00	0.22	1492.00
88	0.65	0.70	0.43	0.73	0.18	0.77	44.00	0.10	1448.00	329.00	0.23	1451.00
89	0.59	0.69	0.44	0.71	0.17	0.76	44.12	0.11	1477.00	324.00	0.22	1479.00
90	0.61	0.70	0.44	0.72	0.18	0.76	44.12	0.13	1476.00	323.00	0.22	1478.00
91	0.62	0.68	0.42	0.71	0.17	0.75	44.00	0.11	1440.00	321.00	0.22	1443.00
92	0.60	0.70	0.44	0.71	0.19	0.76	44.38	0.13	1519.00	329.00	0.22	1521.00
93	0.60	0.71	0.44	0.71	0.18	0.76	44.25	0.13	1505.00	336.00	0.22	1509.00
94	0.61	0.69	0.44	0.71	0.18	0.76	44.12	0.11	1514.00	329.00	0.22	1516.00
95	0.59	0.69	0.43	0.72	0.18	0.76	43.75	0.13	1453.00	326.00	0.22	1456.00
96	0.61	0.72	0.45	0.71	0.18	0.75	43.50	0.12	1501.00	334.00	0.22	1504.00
97	0.61	0.71	0.45	0.71	0.19	0.75	44.00	0.13	1501.00	333.00	0.22	1504.00
98	0.60	0.69	0.44	0.72	0.17	0.76	43.88	0.12	1464.00	325.00	0.22	1466.00
99	0.61	0.70	0.45	0.71	0.18	0.76	43.62	0.13	1488.00	328.00	0.22	1490.00
100	0.60	0.71	0.45	0.72	0.18	0.76	43.88	0.13	1515.00	328.00	0.22	1517.00
101	0.59	0.70	0.45	0.72	0.18	0.76	43.88	0.11	1472.00	322.00	0.22	1475.00
102	0.63	0.70	0.43	0.71	0.18	0.75	43.88	0.11	1493.00	328.00	0.22	1495.00
103	0.58	0.70	0.43	0.72	0.18	0.76	44.12	0.14	1449.00	330.00	0.23	1451.00
104	0.60	0.69	0.44	0.72	0.17	0.77	43.38	0.11	1491.00	313.00	0.21	1493.00
105	0.59	0.70	0.44	0.71	0.18	0.76	44.00	0.11	1504.00	330.00	0.22	1506.00
106	0.60	0.71	0.44	0.72	0.18	0.76	44.00	0.13	1492.00	333.00	0.22	1495.00
107	0.58	0.71	0.45	0.72	0.17	0.76	43.75	0.12	1492.00	332.00	0.22	1494.00
108	0.61	0.70	0.43	0.73	0.18	0.76	43.50	0.14	1461.00	317.00	0.22	1463.00
109	0.60	0.69	0.44	0.71	0.17	0.75	44.00	0.14	1469.00	328.00	0.22	1472.00
110	0.60	0.69	0.43	0.71	0.17	0.76	43.75	0.14	1513.00	328.00	0.22	1515.00
111	0.62	0.70	0.43	0.72	0.18	0.76	43.62	0.12	1425.00	330.00	0.23	1428.00
112	0.62	0.70	0.44	0.72	0.19	0.77	44.12	0.09	1502.00	320.00	0.21	1504.00
113	0.64	0.71	0.44	0.71	0.18	0.77	43.38	0.10	1497.00	322.00	0.22	1501.00
114	0.61	0.70	0.43	0.70	0.17	0.75	43.62	0.12	1485.00	329.00	0.22	1487.00
115	0.62	0.70	0.44	0.72	0.17	0.76	44.12	0.10	1483.00	334.00	0.23	1485.00
116	0.59	0.70	0.46	0.72	0.18	0.76	43.75	0.12	1506.00	322.00	0.21	1509.00
117	0.61	0.69	0.43	0.72	0.18	0.77	43.75	0.11	1451.00	314.00	0.22	1453.00
118	0.60	0.69	0.43	0.72	0.18	0.77	44.50	0.12	1466.00	326.00	0.22	1468.00
119	0.63	0.69	0.44	0.71	0.17	0.76	43.62	0.13	1458.00	330.00	0.23	1460.00
120	0.60	0.70	0.43	0.71	0.19	0.76	43.75	0.12	1503.00	323.00	0.21	1505.00
121	0.62	0.70	0.43	0.71	0.18	0.75	43.75	0.14	1499.00	326.00	0.22	1503.00
122	0.60	0.70	0.44	0.70	0.18	0.76	43.50	0.12	1542.00	330.00	0.21	1546.00
123	0.60	0.71	0.45	0.71	0.19	0.77	44.25	0.13	1520.00	326.00	0.21	1522.00
124	0.60	0.70	0.44	0.72	0.17	0.76	44.12	0.11	1488.00	323.00	0.22	1490.00
125	0.61	0.70	0.44	0.72	0.18	0.76	44.00	0.13	1467.00	322.00	0.22	1471.00
126	0.60	0.70	0.44	0.72	0.17	0.76	43.88	0.11	1446.00	314.00	0.22	1449.00
127	0.60	0.69	0.43	0.71	0.17	0.76	44.12	0.14	1473.00	324.00	0.22	1475.00
128	0.60	0.70	0.44	0.72	0.18	0.76	44.50	0.12	1464.00	324.00	0.22	1466.00
129	0.59	0.71	0.44	0.72	0.18	0.76	44.12	0.12	1472.00	319.00	0.22	1475.00
130	0.58	0.70	0.45	0.72	0.18	0.75	44.25	0.14	1465.00	336.00	0.23	1467.00
131	0.60	0.70	0.44	0.72	0.17	0.76	43.62	0.12	1498.00	328.00	0.22	1500.00
132	0.61	0.70	0.43	0.70	0.17	0.75	44.00	0.14	1496.00	330.00	0.22	1499.00
133	0.63	0.69	0.43	0.72	0.18	0.76	44.12	0.11	1446.00	321.00	0.22	1448.00
134	0.61	0.71	0.44	0.72	0.19	0.76	44.25	0.13	1510.00	325.00	0.22	1512.00
135	0.61	0.69	0.43	0.71	0.17	0.76	43.50	0.12	1474.00	323.00	0.22	1478.00
136	0.61	0.70	0.45	0.73	0.17	0.77	44.00	0.11	1460.00	328.00	0.22	1463.00
137	0.62	0.70	0.44	0.72	0.18	0.77	44.00	0.09	1510.00	316.00	0.21	1513.00
138	0.63	0.70	0.45	0.72	0.18	0.76	43.50	0.11	1456.00	319.00	0.22	1458.00
139	0.60	0.69	0.42	0.72	0.17	0.76	44.38	0.11	1472.00	311.00	0.21	1475.00
140	0.60	0.70	0.44	0.72	0.18	0.76	44.25	0.13	1482.00	328.00	0.22	1484.00
141	0.60	0.70	0.45	0.71	0.17	0.76	43.88	0.12	1513.00	324.00	0.21	1515.00
142	0.60	0.70	0.43	0.71	0.17	0.76	44.00	0.11	1519.00	319.00	0.21	1523.00
143	0.58	0.70	0.45	0.71	0.19	0.76	43.88	0.13	1507.00	321.00	0.21	1509.00
144	0.64	0.70	0.45	0.72	0.18	0.77	43.50	0.11	1493.00	321.00	0.22	1495.00
145	0.61	0.70	0.45	0.71	0.17	0.77	44.12	0.11	1499.00	322.00	0.21	1501.00
146	0.62	0.71	0.44	0.71	0.19	0.76	43.75	0.13	1477.00	324.00	0.22	1479.00
147	0.59	0.70	0.44	0.71	0.18	0.76	43.50	0.10	1498.00	330.00	0.22	1500.00
148	0.60	0.71	0.45	0.72	0.19	0.77	43.88	0.11	1503.00	319.00	0.21	1506.00
149	0.60	0.69	0.44	0.71	0.18	0.76	44.12	0.11	1469.00	315.00	0.21	1471.00
150	0.59	0.69	0.44	0.72	0.18	0.77	44.00	0.12	1487.00	314.00	0.21	1490.00
151	0.59	0.70	0.43	0.71	0.17	0.74	44.12	0.15	1462.00	335.00	0.23	1465.00
152	0.60	0.71	0.45	0.72	0.18	0.76	44.12	0.13	1513.00	323.00	0.21	1515.00
153	0.63	0.70	0.43	0.72	0.18	0.76	44.00	0.11	1482.00	316.00	0.21	1484.00
154	0.59	0.69	0.42	0.72	0.17	0.76	43.75	0.11	1467.00	319.00	0.22	1469.00
155	0.63	0.70	0.44	0.71	0.18	0.77	43.88	0.11	1475.00	322.00	0.22	1478.00
156	0.63	0.71	0.45	0.71	0.18	0.77	43.25	0.10	1511.00	319.00	0.21	1514.00
157	0.60	0.69	0.42	0.72	0.18	0.76	44.12	0.11	1447.00	319.00	0.22	1449.00
158	0.62	0.70	0.44	0.72	0.19	0.78	43.50	0.11	1486.00	323.00	0.22	1488.00
159	0.60	0.70	0.44	0.72	0.17	0.76	43.38	0.12	1451.00	332.00	0.23	1454.00
160	0.63	0.71	0.44	0.72	0.18	0.76	44.38	0.11	1495.00	329.00	0.22	1497.00
161	0.62	0.69	0.43	0.72	0.18	0.77	44.00	0.11	1488.00	317.00	0.21	1490.00
162	0.62	0.70	0.43	0.72	0.18	0.76	43.50	0.12	1471.00	327.00	0.22	1473.00
163	0.60	0.69	0.43	0.71	0.17	0.76	43.75	0.12	1479.00	326.00	0.22	1481.00
164	0.62	0.71	0.44	0.72	0.18	0.77	43.50	0.12	1470.00	328.00	0.22	1472.00
165	0.63	0.70	0.45	0.71	0.19	0.76	44.00	0.11	1505.00	329.00	0.22	1507.00
166	0.62	0.70	0.44	0.71	0.18	0.76	44.00	0.12	1497.00	333.00	0.22	1499.00
167	0.61	0.71	0.44	0.72	0.18	0.77	43.75	0.12	1502.00	323.00	0.22	1504.00
168	0.60	0.70	0.44	0.71	0.17	0.75	44.00	0.12	1492.00	341.00	0.23	1494.00
169	0.59	0.70	0.44	0.70	0.18	0.77	43.25	0.13	1502.00	321.00	0.21	1504.00
170	0.62	0.70	0.44	0.72	0.19	0.77	44.25	0.11	1480.00	327.00	0.22	1482.00
171	0.62	0.70	0.44	0.71	0.19	0.76	44.25	0.11	1480.00	324.00	0.22	1482.00
172	0.61	0.69	0.43	0.71	0.16	0.76	44.12	0.12	1467.00	323.00	0.22	1469.00
173	0.60	0.70	0.45	0.72	0.18	0.76	44.25	0.11	1517.00	319.00	0.21	1519.00
174	0.60	0.70	0.45	0.72	0.18	0.78	44.38	0.10	1485.00	323.00	0.22	1488.00
175	0.62	0.71	0.45	0.72	0.17	0.75	44.25	0.14	1469.00	333.00	0.23	1472.00
176	0.59	0.70	0.44	0.72	0.17	0.76	43.75	0.10	1493.00	315.00	0.21	1495.00
177	0.62	0.70	0.44	0.71	0.17	0.77	44.25	0.10	1524.00	326.00	0.21	1526.00
178	0.64	0.69	0.43	0.70	0.18	0.76	43.12	0.11	1441.00	325.00	0.23	1443.00
179	0.63	0.70	0.43	0.71	0.18	0.76	43.88	0.13	1462.00	332.00	0.23	1465.00
180	0.63	0.70	0.44	0.72	0.19	0.76	44.38	0.13	1452.00	323.00	0.22	1456.00
181	0.63	0.71	0.45	0.71	0.18	0.77	43.75	0.11	1507.00	320.00	0.21	1509.00
182	0.61	0.70	0.44	0.71	0.18	0.76	44.00	0.11	1516.00	322.00	0.21	1519.00
183	0.60	0.70	0.44	0.71	0.18	0.76	43.62	0.11	1486.00	322.00	0.22	1488.00
184	0.59	0.70	0.45	0.71	0.18	0.76	43.38	0.13	1488.00	329.00	0.22	1491.00
185	0.59	0.70	0.44	0.72	0.17	0.76	44.12	0.15	1459.00	331.00	0.23	1461.00
186	0.62	0.70	0.44	0.72	0.17	0.75	44.00	0.11	1478.00	323.00	0.22	1480.00
187	0.58	0.70	0.43	0.71	0.18	0.75	43.75	0.14	1481.00	328.00	0.22	1483.00
188	0.60	0.72	0.45	0.72	0.19	0.77	44.25	0.15	1481.00	326.00	0.22	1483.00
189	0.63	0.70	0.43	0.71	0.18	0.76	43.88	0.12	1448.00	327.00	0.23	1450.00
190	0.63	0.70	0.44	0.71	0.18	0.76	44.00	0.12	1467.00	330.00	0.22	1469.00
191	0.61	0.70	0.44	0.71	0.18	0.76	43.50	0.11	1495.00	317.00	0.21	1497.00
192	0.60	0.70	0.43	0.72	0.18	0.76	44.25	0.12	1475.00	327.00	0.22	1478.00
193	0.60	0.70	0.44	0.72	0.18	0.75	44.50	0.14	1456.00	333.00	0.23	1459.00
194	0.62	0.70	0.43	0.71	0.18	0.76	43.75	0.12	1459.00	329.00	0.23	1461.00
195	0.65	0.70	0.44	0.72	0.18	0.77	44.25	0.11	1490.00	328.00	0.22	1492.00
196	0.62	0.70	0.43	0.73	0.19	0.77	43.88	0.11	1468.00	318.00	0.22	1472.00
197	0.62	0.71	0.44	0.71	0.18	0.76	43.88	0.12	1481.00	331.00	0.22	1484.00
198	0.63	0.71	0.45	0.71	0.19	0.76	44.25	0.11	1499.00	332.00	0.22	1502.00
199	0.59	0.69	0.43	0.71	0.17	0.76	44.12	0.12	1481.00	325.00	0.22	1483.00
200	0.63	0.70	0.44	0.72	0.19	0.76	43.75	0.11	1512.00	319.00	0.21	1516.00
201	0.60	0.70	0.43	0.71	0.17	0.76	44.38	0.15	1488.00	336.00	0.23	1490.00
202	0.61	0.71	0.45	0.71	0.18	0.75	44.25	0.13	1519.00	331.00	0.22	1521.00
203	0.62	0.71	0.45	0.71	0.19	0.76	43.62	0.13	1460.00	332.00	0.23	1462.00
204	0.59	0.70	0.44	0.70	0.18	0.76	44.00	0.14	1461.00	333.00	0.23	1463.00
205	0.62	0.70	0.44	0.72	0.19	0.77	43.75	0.11	1491.00	321.00	0.22	1493.00
206	0.62	0.70	0.45	0.73	0.18	0.77	43.88	0.11	1493.00	328.00	0.22	1495.00
207	0.62	0.70	0.44	0.72	0.18	0.76	43.38	0.13	1503.00	332.00	0.22	1505.00
208	0.60	0.70	0.44	0.72	0.17	0.76	43.88	0.12	1491.00	327.00	0.22	1495.00
209	0.61	0.71	0.45	0.72	0.18	0.76	43.88	0.14	1471.00	332.00	0.23	1473.00
210	0.60	0.70	0.44	0.72	0.17	0.77	43.50	0.10	1490.00	315.00	0.21	1492.00
211	0.60	0.70	0.44	0.73	0.17	0.77	44.75	0.12	1504.00	324.00	0.22	1506.00
212	0.64	0.70	0.45	0.72	0.19	0.77	44.00	0.11	1490.00	322.00	0.22	1493.00
213	0.61	0.70	0.43	0.71	0.18	0.76	43.75	0.13	1447.00	330.00	0.23	1451.00
214	0.61	0.69	0.45	0.72	0.18	0.76	43.75	0.13	1452.00	328.00	0.23	1454.00
215	0.61	0.70	0.44	0.71	0.18	0.76	43.38	0.12	1477.00	332.00	0.22	1481.00
216	0.61	0.70	0.44	0.72	0.18	0.76	43.88	0.13	1490.00	331.00	0.22	1492.00
217	0.60	0.71	0.44	0.72	0.18	0.76	43.62	0.13	1510.00	329.00	0.22	1512.00
218	0.59	0.68	0.43	0.73	0.17	0.77	43.88	0.11	1455.00	308.00	0.21	1457.00
219	0.59	0.70	0.43	0.72	0.17	0.76	44.25	0.14	1439.00	331.00	0.23	1442.00
220	0.60	0.70	0.44	0.73	0.19	0.77	44.12	0.12	1484.00	325.00	0.22	1486.00
221	0.60	0.71	0.45	0.72	0.18	0.76	44.88	0.14	1470.00	331.00	0.23	1472.00
222	0.62	0.71	0.44	0.73	0.19	0.77	44.25	0.11	1505.00	321.00	0.21	1508.00
223	0.59	0.70	0.43	0.72	0.18	0.75	44.12	0.12	1433.00	327.00	0.23	1435.00
224	0.61	0.71	0.45	0.72	0.19	0.77	44.00	0.11	1550.00	318.00	0.21	1552.00
225	0.60	0.70	0.44	0.70	0.18	0.75	43.62	0.12	1516.00	329.00	0.22	1518.00
226	0.58	0.70	0.42	0.72	0.17	0.75	44.38	0.14	1476.00	334.00	0.23	1478.00
227	0.60	0.71	0.44	0.72	0.18	0.76	44.12	0.12	1476.00	326.00	0.22	1478.00
228	0.61	0.69	0.43	0.72	0.19	0.76	44.00	0.12	1497.00	327.00	0.22	1499.00
229	0.62	0.70	0.44	0.71	0.17	0.76	43.88	0.13	1506.00	324.00	0.22	1508.00
230	0.64	0.70	0.45	0.72	0.18	0.77	44.25	0.11	1497.00	323.00	0.22	1499.00
231	0.60	0.70	0.44	0.71	0.18	0.76	44.00	0.11	1510.00	327.00	0.22	1512.00
232	0.60	0.70	0.45	0.72	0.18	0.75	44.50	0.13	1489.00	321.00	0.22	1492.00
233	0.61	0.71	0.45	0.71	0.18	0.76	43.88	0.12	1486.00	328.00	0.22	1488.00
234	0.60	0.70	0.43	0.71	0.19	0.77	43.50	0.12	1499.00	324.00	0.22	1501.00
235	0.62	0.70	0.44	0.73	0.18	0.77	43.62	0.11	1496.00	319.00	0.21	1498.00
236	0.61	0.71	0.45	0.71	0.17	0.75	44.00	0.12	1520.00	329.00	0.22	1522.00
237	0.62	0.71	0.45	0.71	0.19	0.76	44.00	0.12	1499.00	332.00	0.22	1502.00
238	0.58	0.70	0.44	0.72	0.17	0.76	44.00	0.13	1488.00	322.00	0.22	1490.00
239	0.61	0.71	0.44	0.71	0.18	0.75	44.00	0.11	1514.00	332.00	0.22	1516.00
240	0.58	0.70	0.43	0.71	0.17	0.75	43.62	0.13	1487.00	328.00	0.22	1490.00
241	0.63	0.70	0.44	0.72	0.18	0.76	44.12	0.11	1483.00	322.00	0.22	1485.00
242	0.59	0.70	0.44	0.71	0.17	0.75	43.50	0.12	1474.00	326.00	0.22	1476.00
243	0.61	0.72	0.44	0.72	0.19	0.76	44.25	0.13	1540.00	325.00	0.21	1542.00
244	0.58	0.71	0.46	0.71	0.17	0.76	43.50	0.14	1499.00	328.00	0.22	1503.00
245	0.63	0.70	0.43	0.72	0.18	0.76	44.00	0.13	1456.00	323.00	0.22	1458.00
246	0.61	0.70	0.44	0.71	0.17	0.75	44.00	0.14	1479.00	333.00	0.23	1482.00
247	0.61	0.71	0.45	0.71	0.18	0.76	44.00	0.11	1507.00	335.00	0.22	1510.00
248	0.61	0.70	0.43	0.72	0.18	0.76	44.25	0.11	1492.00	325.00	0.22	1495.00
249	0.61	0.70	0.44	0.71	0.18	0.76	44.00	0.11	1494.00	327.00	0.22	1496.00
250	0.59	0.70	0.45	0.72	0.19	0.77	44.50	0.14	1478.00	325.00	0.22	1480.00
251	0.64	0.71	0.44	0.71	0.19	0.77	44.00	0.11	1506.00	326.00	0.22	1508.00
252	0.61	0.70	0.43	0.71	0.19	0.75	44.12	0.13	1465.00	330.00	0.23	1467.00
253	0.61	0.70	0.44	0.71	0.18	0.77	43.88	0.10	1511.00	316.00	0.21	1513.00
254	0.58	0.69	0.44	0.71	0.17	0.76	43.88	0.12	1492.00	321.00	0.22	1494.00
255	0.61	0.69	0.44	0.70	0.17	0.75	43.62	0.12	1477.00	331.00	0.22	1481.00
256	0.60	0.69	0.42	0.71	0.18	0.75	43.88	0.14	1472.00	329.00	0.22	1474.00
257	0.62	0.71	0.44	0.72	0.19	0.77	43.75	0.10	1484.00	320.00	0.22	1486.00
258	0.61	0.70	0.43	0.72	0.18	0.77	44.62	0.13	1477.00	323.00	0.22	1479.00
259	0.60	0.71	0.45	0.71	0.18	0.76	43.75	0.11	1498.00	328.00	0.22	1501.00
260	0.62	0.69	0.43	0.72	0.18	0.76	43.62	0.11	1466.00	323.00	0.22	1470.00
261	0.60	0.70	0.43	0.71	0.19	0.77	43.50	0.12	1485.00	318.00	0.21	1487.00
262	0.61	0.70	0.44	0.72	0.19	0.77	44.00	0.10	1503.00	317.00	0.21	1505.00
263	0.62	0.70	0.44	0.72	0.18	0.76	44.25	0.12	1490.00	322.00	0.22	1492.00
264	0.63	0.71	0.45	0.72	0.18	0.77	44.00	0.10	1500.00	326.00	0.22	1503.00
265	0.59	0.71	0.44	0.71	0.18	0.76	44.12	0.12	1518.00	326.00	0.21	1521.00
266	0.60	0.70	0.44	0.72	0.17	0.76	44.00	0.10	1492.00	320.00	0.21	1495.00
267	0.60	0.70	0.44	0.72	0.18	0.77	43.62	0.12	1472.00	324.00	0.22	1474.00
268	0.60	0.70	0.43	0.72	0.18	0.76	44.50	0.14	1433.00	331.00	0.23	1435.00
269	0.62	0.70	0.44	0.72	0.18	0.77	44.62	0.12	1529.00	320.00	0.21	1533.00
270	0.58	0.71	0.46	0.72	0.18	0.76	43.88	0.13	1474.00	331.00	0.22	1476.00
271	0.60	0.71	0.44	0.72	0.18	0.76	43.62	0.12	1524.00	323.00	0.21	1526.00
272	0.62	0.71	0.44	0.71	0.18	0.76	43.25	0.12	1488.00	332.00	0.22	1490.00
273	0.60	0.70	0.44	0.71	0.17	0.76	43.88	0.12	1495.00	324.00	0.22	1497.00
274	0.62	0.69	0.43	0.71	0.17	0.75	43.62	0.13	1458.00	337.00	0.23	1460.00
275	0.64	0.71	0.44	0.72	0.18	0.76	44.25	0.12	1471.00	333.00	0.23	1475.00
276	0.60	0.70	0.44	0.71	0.18	0.76	44.25	0.13	1491.00	326.00	0.22	1493.00
277	0.59	0.70	0.44	0.72	0.17	0.76	44.12	0.11	1481.00	321.00	0.22	1484.00
278	0.61	0.70	0.44	0.71	0.17	0.75	43.75	0.13	1470.00	331.00	0.23	1472.00
279	0.61	0.69	0.42	0.71	0.17	0.76	44.12	0.13	1487.00	322.00	0.22	1489.00
280	0.58	0.69	0.43	0.71	0.18	0.76	44.00	0.13	1481.00	327.00	0.22	1483.00
281	0.60	0.71	0.43	0.71	0.18	0.75	44.25	0.14	1513.00	331.00	0.22	1515.00
282	0.60	0.71	0.44	0.71	0.18	0.75	44.25	0.13	1530.00	334.00	0.22	1532.00
283	0.64	0.70	0.44	0.72	0.18	0.76	43.88	0.11	1499.00	327.00	0.22	1501.00
284	0.61	0.71	0.44	0.71	0.18	0.76	44.00	0.13	1454.00	329.00	0.23	1457.00
285	0.65	0.71	0.44	0.71	0.17	0.76	43.50	0.11	1486.00	336.00	0.23	1489.00
286	0.64	0.70	0.43	0.72	0.18	0.76	44.38	0.11	1491.00	328.00	0.22	1495.00
287	0.60	0.69	0.43	0.71	0.18	0.76	44.12	0.12	1472.00	330.00	0.22	1474.00
288	0.62	0.70	0.44	0.71	0.19	0.77	44.00	0.13	1486.00	320.00	0.22	1489.00
289	0.62	0.70	0.44	0.72	0.18	0.76	43.88	0.12	1525.00	324.00	0.21	1528.00
290	0.61	0.71	0.44	0.72	0.17	0.75	43.75	0.12	1460.00	331.00	0.23	1464.00
291	0.62	0.70	0.45	0.72	0.19	0.76	44.00	0.12	1477.00	329.00	0.22	1479.00
292	0.61	0.69	0.43	0.72	0.18	0.77	43.62	0.13	1474.00	318.00	0.22	1476.00
293	0.62	0.70	0.43	0.71	0.18	0.75	43.75	0.11	1467.00	337.00	0.23	1469.00
294	0.62	0.70	0.44	0.73	0.18	0.78	44.25	0.10	1484.00	324.00	0.22	1487.00
295	0.61	0.70	0.44	0.72	0.19	0.77	43.62	0.12	1491.00	322.00	0.22	1494.00
296	0.62	0.71	0.45	0.72	0.18	0.77	44.25	0.11	1483.00	326.00	0.22	1485.00
297	0.60	0.71	0.45	0.72	0.19	0.77	43.88	0.10	1495.00	323.00	0.22	1498.00
298	0.61	0.69	0.43	0.71	0.17	0.75	43.88	0.11	1496.00	324.00	0.22	1498.00
299	0.60	0.70	0.44	0.71	0.18	0.77	43.50	0.11	1500.00	327.00	0.22	1502.00
300	0.61	0.71	0.45	0.72	0.19	0.77	43.25	0.12	1518.00	322.00	0.21	1520.00
301	0.63	0.70	0.44	0.72	0.17	0.76	43.50	0.13	1478.00	327.00	0.22	1480.00
302	0.60	0.70	0.44	0.70	0.18	0.77	44.12	0.13	1505.00	328.00	0.22	1508.00
303	0.61	0.71	0.44	0.72	0.18	0.77	44.12	0.13	1519.00	328.00	0.22	1521.00
304	0.65	0.71	0.44	0.72	0.19	0.77	43.88	0.10	1503.00	316.00	0.21	1505.00
305	0.61	0.71	0.45	0.72	0.19	0.77	44.38	0.12	1510.00	327.00	0.22	1512.00
306	0.62	0.70	0.44	0.72	0.18	0.76	43.88	0.10	1482.00	325.00	0.22	1485.00
307	0.58	0.71	0.45	0.72	0.18	0.76	44.00	0.14	1480.00	330.00	0.22	1482.00
308	0.61	0.71	0.45	0.71	0.19	0.77	43.75	0.12	1501.00	331.00	0.22	1503.00
309	0.59	0.70	0.43	0.72	0.17	0.76	44.25	0.13	1471.00	329.00	0.22	1473.00
310	0.61	0.70	0.43	0.72	0.19	0.76	44.12	0.12	1476.00	332.00	0.22	1479.00
311	0.60	0.70	0.44	0.72	0.18	0.76	43.50	0.12	1494.00	317.00	0.21	1496.00
312	0.60	0.70	0.44	0.72	0.17	0.77	44.25	0.13	1448.00	324.00	0.22	1450.00
313	0.60	0.70	0.44	0.71	0.18	0.77	43.88	0.11	1515.00	329.00	0.22	1517.00
314	0.60	0.71	0.44	0.71	0.18	0.76	44.25	0.14	1475.00	328.00	0.22	1477.00
315	0.61	0.70	0.44	0.71	0.18	0.75	43.88	0.13	1466.00	338.00	0.23	1468.00
316	0.61	0.71	0.44	0.70	0.18	0.76	44.25	0.13	1503.00	332.00	0.22	1505.00
317	0.59	0.70	0.44	0.71	0.18	0.75	43.88	0.13	1495.00	331.00	0.22	1497.00
318	0.63	0.70	0.43	0.71	0.18	0.75	44.00	0.14	1441.00	334.00	0.23	1443.00
319	0.62	0.71	0.43	0.72	0.18	0.76	43.50	0.11	1498.00	331.00	0.22	1500.00
320	0.61	0.70	0.44	0.71	0.18	0.75	44.00	0.12	1465.00	326.00	0.22	1467.00
321	0.58	0.69	0.44	0.72	0.18	0.75	44.00	0.14	1471.00	325.00	0.22	1474.00
322	0.62	0.71	0.45	0.72	0.18	0.77	43.38	0.11	1491.00	318.00	0.21	1493.00
323	0.60	0.70	0.44	0.72	0.17	0.76	44.00	0.12	1488.00	327.00	0.22	1491.00
324	0.60	0.69	0.44	0.72	0.17	0.76	44.25	0.11	1459.00	327.00	0.22	1461.00
325	0.61	0.71	0.44	0.71	0.18	0.76	44.50	0.12	1508.00	329.00	0.22	1510.00
326	0.61	0.70	0.45	0.71	0.18	0.76	43.50	0.11	1482.00	330.00	0.22	1484.00
327	0.65	0.70	0.44	0.72	0.18	0.75	44.62	0.12	1496.00	333.00	0.22	1499.00
328	0.58	0.71	0.45	0.71	0.18	0.75	44.12	0.14	1472.00	332.00	0.23	1474.00
329	0.61	0.71	0.44	0.71	0.19	0.77	43.88	0.14	1505.00	328.00	0.22	1509.00
330	0.61	0.71	0.44	0.71	0.19	0.76	43.75	0.12	1504.00	327.00	0.22	1507.00
331	0.63	0.70	0.44	0.72	0.19	0.76	44.25	0.12	1491.00	326.00	0.22	1495.00
332	0.62	0.70	0.44	0.71	0.18	0.76	43.50	0.10	1488.00	331.00	0.22	1491.00
333	0.61	0.69	0.44	0.72	0.18	0.76	43.75	0.12	1431.00	321.00	0.22	1433.00
334	0.59	0.70	0.44	0.72	0.18	0.77	44.50	0.12	1479.00	325.00	0.22	1481.00
335	0.62	0.70	0.44	0.71	0.18	0.76	43.62	0.12	1480.00	328.00	0.22	1482.00
336	0.58	0.70	0.45	0.72	0.18	0.76	44.00	0.13	1505.00	314.00	0.21	1507.00
337	0.62	0.71	0.45	0.72	0.18	0.77	44.38	0.12	1495.00	327.00	0.22	1497.00
338	0.61	0.70	0.45	0.71	0.18	0.76	44.38	0.11	1492.00	328.00	0.22	1494.00
339	0.63	0.70	0.44	0.72	0.18	0.75	44.12	0.12	1477.00	331.00	0.22	1479.00
340	0.61	0.70	0.44	0.72	0.17	0.75	43.38	0.12	1469.00	318.00	0.22	1473.00
341	0.58	0.70	0.44	0.73	0.17	0.76	44.38	0.13	1436.00	323.00	0.22	1439.00
342	0.61	0.70	0.45	0.71	0.18	0.77	43.88	0.12	1486.00	325.00	0.22	1488.00
343	0.61	0.71	0.44	0.72	0.18	0.75	43.62	0.13	1443.00	327.00	0.23	1445.00
344	0.59	0.70	0.43	0.72	0.17	0.76	43.88	0.13	1487.00	336.00	0.23	1489.00
345	0.64	0.70	0.44	0.72	0.19	0.77	44.00	0.10	1506.00	332.00	0.22	1508.00
346	0.63	0.69	0.44	0.73	0.18	0.77	44.38	0.12	1478.00	323.00	0.22	1480.00
347	0.60	0.71	0.44	0.72	0.17	0.76	43.62	0.12	1496.00	321.00	0.21	1499.00
348	0.67	0.72	0.45	0.71	0.19	0.76	43.88	0.10	1532.00	331.00	0.22	1534.00
349	0.62	0.71	0.44	0.72	0.18	0.76	44.25	0.11	1489.00	327.00	0.22	1491.00
350	0.60	0.70	0.44	0.73	0.18	0.76	44.12	0.12	1462.00	323.00	0.22	1465.00
351	0.58	0.69	0.45	0.71	0.18	0.75	43.88	0.13	1503.00	327.00	0.22	1505.00
352	0.60	0.70	0.44	0.73	0.18	0.77	43.50	0.12	1492.00	324.00	0.22	1494.00
353	0.60	0.71	0.45	0.71	0.19	0.77	44.38	0.14	1532.00	327.00	0.21	1534.00
354	0.61	0.70	0.43	0.73	0.17	0.77	44.25	0.11	1466.00	317.00	0.22	1468.00
355	0.59	0.70	0.44	0.71	0.19	0.76	44.38	0.14	1507.00	329.00	0.22	1509.00
356	0.61	0.70	0.44	0.71	0.18	0.76	43.75	0.12	1484.00	324.00	0.22	1486.00
357	0.62	0.71	0.45	0.70	0.19	0.75	44.12	0.12	1532.00	338.00	0.22	1534.00
358	0.60	0.70	0.44	0.72	0.18	0.77	43.62	0.12	1490.00	324.00	0.22	1492.00
359	0.62	0.70	0.44	0.71	0.19	0.77	43.75	0.11	1505.00	321.00	0.21	1508.00
360	0.64	0.71	0.45	0.71	0.18	0.77	44.00	0.10	1513.00	326.00	0.22	1516.00
361	0.62	0.71	0.45	0.71	0.18	0.76	43.88	0.13	1461.00	329.00	0.23	1464.00
362	0.63	0.71	0.44	0.72	0.18	0.77	43.88	0.12	1509.00	323.00	0.21	1511.00
363	0.60	0.69	0.43	0.72	0.18	0.75	44.12	0.14	1466.00	330.00	0.23	1468.00
364	0.59	0.71	0.44	0.70	0.17	0.75	43.75	0.13	1525.00	335.00	0.22	1527.00
365	0.62	0.70	0.44	0.72	0.19	0.77	43.75	0.11	1477.00	323.00	0.22	1479.00
366	0.59	0.70	0.44	0.72	0.18	0.77	43.88	0.12	1496.00	319.00	0.21	1498.00
367	0.61	0.70	0.43	0.71	0.17	0.77	44.12	0.11	1461.00	323.00	0.22	1464.00
368	0.59	0.70	0.44	0.71	0.18	0.76	43.88	0.14	1498.00	318.00	0.21	1500.00
369	0.60	0.70	0.45	0.72	0.19	0.77	43.50	0.12	1483.00	324.00	0.22	1485.00
370	0.64	0.70	0.44	0.71	0.18	0.76	43.88	0.12	1477.00	327.00	0.22	1479.00
371	0.57	0.70	0.44	0.72	0.18	0.76	43.88	0.13	1482.00	321.00	0.22	1485.00
372	0.62	0.69	0.42	0.70	0.17	0.76	44.00	0.13	1501.00	324.00	0.22	1503.00
373	0.62	0.70	0.44	0.71	0.18	0.75	44.12	0.13	1497.00	337.00	0.23	1499.00
374	0.63	0.70	0.43	0.72	0.18	0.75	44.00	0.11	1471.00	324.00	0.22	1474.00
375	0.61	0.71	0.44	0.71	0.19	0.76	43.62	0.12	1496.00	334.00	0.22	1498.00
376	0.59	0.70	0.44	0.71	0.18	0.75	43.62	0.13	1466.00	339.00	0.23	1468.00
377	0.60	0.70	0.44	0.72	0.18	0.76	43.75	0.13	1451.00	323.00	0.22	1455.00
378	0.62	0.70	0.44	0.72	0.18	0.76	43.75	0.11	1477.00	332.00	0.22	1479.00
379	0.61	0.70	0.44	0.71	0.18	0.75	44.00	0.13	1516.00	333.00	0.22	1518.00
380	0.58	0.70	0.43	0.72	0.18	0.76	43.62	0.12	1503.00	318.00	0.21	1506.00
381	0.62	0.71	0.45	0.72	0.19	0.77	43.62	0.11	1469.00	318.00	0.22	1471.00
382	0.60	0.71	0.45	0.71	0.18	0.76	43.75	0.12	1476.00	335.00	0.23	1479.00
383	0.58	0.71	0.44	0.72	0.17	0.76	44.12	0.12	1510.00	329.00	0.22	1513.00
384	0.61	0.70	0.43	0.73	0.18	0.76	43.88	0.11	1472.00	311.00	0.21	1475.00
385	0.61	0.70	0.44	0.73	0.17	0.76	44.12	0.11	1479.00	324.00	0.22	1482.00
386	0.59	0.71	0.45	0.71	0.17	0.76	44.00	0.15	1484.00	330.00	0.22	1486.00
387	0.63	0.71	0.44	0.71	0.19	0.77	43.62	0.13	1518.00	323.00	0.21	1520.00
388	0.60	0.70	0.43	0.72	0.18	0.77	43.62	0.10	1464.00	327.00	0.22	1466.00
389	0.58	0.70	0.44	0.71	0.17	0.76	44.00	0.12	1458.00	323.00	0.22	1460.00
390	0.59	0.69	0.44	0.71	0.18	0.76	44.62	0.12	1467.00	331.00	0.23	1470.00
391	0.62	0.70	0.44	0.71	0.18	0.76	44.00	0.13	1485.00	321.00	0.22	1487.00
392	0.63	0.70	0.44	0.71	0.18	0.77	43.62	0.10	1487.00	323.00	0.22	1489.00
393	0.61	0.69	0.42	0.73	0.18	0.75	44.00	0.11	1435.00	324.00	0.23	1437.00
394	0.60	0.69	0.45	0.72	0.18	0.76	43.75	0.13	1497.00	320.00	0.21	1501.00
395	0.61	0.70	0.44	0.71	0.18	0.77	43.88	0.11	1536.00	325.00	0.21	1538.00
396	0.61	0.70	0.44	0.72	0.18	0.76	43.88	0.12	1484.00	324.00	0.22	1487.00
397	0.59	0.70	0.44	0.72	0.18	0.77	43.88	0.10	1503.00	317.00	0.21	1506.00
398	0.62	0.71	0.45	0.71	0.19	0.76	44.62	0.11	1522.00	335.00	0.22	1524.00
399	0.61	0.70	0.44	0.73	0.18	0.77	44.00	0.11	1513.00	315.00	0.21	1515.00
400	0.61	0.71	0.44	0.73	0.18	0.76	43.88	0.12	1449.00	321.00	0.22	1451.00
401	0.62	0.69	0.43	0.73	0.17	0.77	43.50	0.10	1463.00	314.00	0.21	1466.00
402	0.58	0.70	0.44	0.72	0.18	0.76	43.88	0.14	1517.00	326.00	0.21	1519.00
403	0.61	0.70	0.43	0.71	0.17	0.76	43.62	0.12	1489.00	324.00	0.22	1491.00
404	0.61	0.70	0.44	0.73	0.17	0.76	44.00	0.12	1463.00	325.00	0.22	1465.00
405	0.61	0.70	0.44	0.71	0.18	0.76	44.25	0.13	1496.00	335.00	0.22	1498.00
406	0.60	0.71	0.44	0.72	0.18	0.76	44.00	0.13	1504.00	327.00	0.22	1506.00
407	0.61	0.71	0.45	0.72	0.19	0.77	44.00	0.13	1480.00	335.00	0.23	1483.00
408	0.64	0.70	0.43	0.71	0.18	0.75	43.75	0.12	1466.00	329.00	0.22	1468.00
409	0.61	0.70	0.43	0.72	0.18	0.76	44.25	0.12	1480.00	324.00	0.22	1482.00
410	0.59	0.71	0.44	0.70	0.19	0.75	43.88	0.15	1497.00	338.00	0.23	1499.00
411	0.62	0.70	0.44	0.71	0.18	0.77	44.25	0.11	1502.00	326.00	0.22	1504.00
412	0.61	0.72	0.45	0.72	0.19	0.78	44.25	0.12	1510.00	318.00	0.21	1512.00
413	0.60	0.70	0.44	0.72	0.18	0.77	43.88	0.12	1446.00	322.00	0.22	1448.00
414	0.62	0.70	0.43	0.72	0.18	0.77	43.88	0.12	1461.00	325.00	0.22	1463.00
415	0.62	0.70	0.45	0.72	0.18	0.75	43.62	0.12	1492.00	328.00	0.22	1494.00
416	0.61	0.70	0.43	0.72	0.17	0.75	44.25	0.14	1471.00	328.00	0.22	1473.00
417	0.61	0.70	0.44	0.71	0.18	0.76	44.00	0.12	1445.00	334.00	0.23	1447.00
418	0.64	0.69	0.43	0.71	0.18	0.77	44.00	0.10	1522.00	316.00	0.21	1524.00
419	0.58	0.70	0.44	0.72	0.18	0.76	44.00	0.11	1484.00	318.00	0.21	1486.00
420	0.60	0.70	0.43	0.70	0.17	0.75	44.00	0.11	1492.00	328.00	0.22	1496.00
421	0.59	0.69	0.42	0.71	0.18	0.75	43.75	0.15	1456.00	331.00	0.23	1459.00
422	0.61	0.71	0.45	0.72	0.18	0.76	43.62	0.12	1495.00	334.00	0.22	1497.00
423	0.59	0.70	0.44	0.71	0.18	0.76	43.88	0.14	1501.00	334.00	0.22	1503.00
424	0.62	0.70	0.45	0.72	0.18	0.75	44.00	0.14	1467.00	330.00	0.22	1469.00
425	0.60	0.70	0.45	0.72	0.18	0.76	44.12	0.12	1452.00	325.00	0.22	1454.00
426	0.62	0.70	0.44	0.72	0.18	0.77	43.88	0.11	1480.00	323.00	0.22	1482.00
427	0.61	0.71	0.45	0.72	0.18	0.76	43.88	0.11	1525.00	319.00	0.21	1527.00
428	0.60	0.70	0.44	0.72	0.17	0.77	44.00	0.12	1494.00	321.00	0.21	1496.00
429	0.60	0.71	0.45	0.71	0.18	0.76	44.25	0.14	1484.00	334.00	0.23	1487.00
430	0.63	0.70	0.44	0.72	0.18	0.77	44.50	0.10	1463.00	322.00	0.22	1465.00
431	0.62	0.70	0.44	0.72	0.17	0.75	44.12	0.12	1467.00	325.00	0.22	1469.00
432	0.59	0.70	0.44	0.71	0.18	0.77	43.25	0.12	1452.00	324.00	0.22	1454.00
433	0.60	0.70	0.44	0.71	0.18	0.76	43.38	0.13	1512.00	325.00	0.21	1515.00
434	0.61	0.69	0.44	0.72	0.18	0.76	44.25	0.12	1486.00	329.00	0.22	1488.00
435	0.59	0.70	0.44	0.72	0.18	0.77	44.00	0.10	1499.00	320.00	0.21	1502.00
436	0.60	0.70	0.43	0.72	0.18	0.76	43.62	0.12	1496.00	319.00	0.21	1498.00
437	0.62	0.71	0.44	0.71	0.18	0.75	44.50	0.13	1473.00	332.00	0.23	1475.00
438	0.59	0.71	0.44	0.72	0.18	0.76	44.25	0.12	1508.00	328.00	0.22	1510.00
439	0.60	0.71	0.46	0.71	0.20	0.76	44.12	0.14	1504.00	333.00	0.22	1506.00
440	0.60	0.70	0.43	0.72	0.18	0.76	44.12	0.12	1469.00	329.00	0.22	1471.00
441	0.60	0.69	0.44	0.72	0.18	0.77	44.00	0.13	1509.00	314.00	0.21	1511.00
442	0.63	0.71	0.44	0.72	0.18	0.76	44.50	0.10	1501.00	325.00	0.22	1504.00
443	0.61	0.70	0.43	0.71	0.17	0.75	44.00	0.13	1479.00	341.00	0.23	1483.00
444	0.61	0.71	0.45	0.71	0.18	0.76	44.50	0.14	1512.00	335.00	0.22	1515.00
445	0.62	0.69	0.42	0.72	0.17	0.75	43.75	0.12	1436.00	327.00	0.23	1439.00
446	0.63	0.71	0.44	0.71	0.19	0.77	44.00	0.12	1507.00	329.00	0.22	1509.00
447	0.60	0.71	0.44	0.72	0.18	0.76	44.12	0.11	1491.00	321.00	0.22	1493.00
448	0.61	0.71	0.45	0.72	0.19	0.77	43.88	0.12	1474.00	327.00	0.22	1476.00
449	0.58	0.70	0.44	0.71	0.18	0.75	43.88	0.14	1489.00	336.00	0.23	1492.00
450	0.58	0.70	0.44	0.71	0.19	0.76	44.50	0.13	1481.00	322.00	0.22	1484.00
451	0.59	0.70	0.45	0.72	0.17	0.76	43.88	0.13	1500.00	322.00	0.21	1502.00
452	0.60	0.71	0.44	0.72	0.19	0.77	44.38	0.12	1484.00	323.00	0.22	1488.00
453	0.61	0.70	0.44	0.72	0.18	0.76	43.88	0.11	1471.00	315.00	0.21	1473.00
454	0.62	0.70	0.44	0.71	0.18	0.76	43.88	0.11	1507.00	327.00	0.22	1509.00
455	0.60	0.71	0.45	0.71	0.19	0.77	43.50	0.12	1519.00	327.00	0.22	1521.00
456	0.63	0.70	0.44	0.71	0.18	0.75	44.12	0.12	1495.00	329.00	0.22	1498.00
457	0.58	0.70	0.44	0.71	0.18	0.76	44.62	0.14	1522.00	325.00	0.21	1524.00
458	0.61	0.70	0.43	0.72	0.18	0.76	43.75	0.13	1452.00	329.00	0.23	1454.00
459	0.61	0.70	0.44	0.72	0.18	0.77	43.75	0.11	1510.00	327.00	0.22	1514.00
460	0.63	0.70	0.43	0.72	0.18	0.77	44.12	0.11	1471.00	321.00	0.22	1475.00
461	0.61	0.70	0.44	0.71	0.17	0.76	43.75	0.12	1522.00	326.00	0.21	1524.00
462	0.61	0.71	0.45	0.71	0.18	0.76	44.12	0.13	1484.00	330.00	0.22	1487.00
463	0.61	0.70	0.43	0.72	0.18	0.76	44.12	0.11	1473.00	329.00	0.22	1475.00
464	0.62	0.70	0.44	0.71	0.18	0.77	44.12	0.12	1487.00	323.00	0.22	1489.00
465	0.60	0.70	0.45	0.72	0.17	0.77	44.38	0.11	1487.00	323.00	0.22	1489.00
466	0.60	0.70	0.44	0.72	0.18	0.76	44.12	0.13	1458.00	325.00	0.22	1460.00
467	0.60	0.70	0.45	0.72	0.19	0.76	44.25	0.12	1497.00	326.00	0.22	1499.00
468	0.61	0.70	0.43	0.71	0.18	0.75	43.75	0.13	1482.00	333.00	0.22	1484.00
469	0.61	0.71	0.44	0.71	0.19	0.77	44.38	0.12	1478.00	329.00	0.22	1480.00
470	0.60	0.70	0.44	0.72	0.18	0.75	44.25	0.13	1487.00	329.00	0.22	1489.00
471	0.60	0.70	0.44	0.72	0.18	0.76	43.88	0.12	1449.00	323.00	0.22	1452.00
472	0.61	0.70	0.45	0.72	0.18	0.77	43.75	0.12	1482.00	324.00	0.22	1484.00
473	0.63	0.72	0.45	0.72	0.18	0.77	43.88	0.10	1504.00	326.00	0.22	1506.00
474	0.60	0.71	0.44	0.72	0.18	0.76	43.38	0.13	1474.00	322.00	0.22	1478.00
475	0.59	0.70	0.44	0.72	0.18	0.76	43.88	0.12	1474.00	322.00	0.22	1476.00
476	0.60	0.70	0.43	0.72	0.18	0.76	44.12	0.14	1482.00	332.00	0.22	1485.00
477	0.60	0.69	0.43	0.72	0.18	0.77	44.25	0.10	1502.00	314.00	0.21	1504.00
478	0.63	0.72	0.45	0.71	0.18	0.76	44.00	0.11	1480.00	330.00	0.22	1482.00
479	0.61	0.69	0.43	0.71	0.17	0.76	44.38	0.12	1500.00	333.00	0.22	1502.00
480	0.61	0.70	0.44	0.70	0.18	0.76	43.75	0.10	1514.00	321.00	0.21	1518.00
481	0.59	0.70	0.43	0.72	0.18	0.76	44.50	0.10	1442.00	320.00	0.22	1444.00
482	0.58	0.71	0.44	0.70	0.18	0.76	44.00	0.14	1528.00	334.00	0.22	1530.00
483	0.62	0.71	0.44	0.71	0.18	0.76	44.25	0.12	1501.00	330.00	0.22	1504.00
484	0.61	0.70	0.44	0.71	0.18	0.76	43.88	0.11	1493.00	328.00	0.22	1495.00
485	0.59	0.71	0.45	0.72	0.18	0.75	44.00	0.11	1521.00	328.00	0.22	1523.00
486	0.59	0.70	0.44	0.72	0.19	0.75	44.00	0.14	1470.00	337.00	0.23	1472.00
487	0.61	0.71	0.45	0.72	0.18	0.76	44.38	0.12	1497.00	323.00	0.22	1499.00
488	0.59	0.70	0.44	0.71	0.18	0.76	44.00	0.12	1483.00	330.00	0.22	1485.00
489	0.60	0.69	0.42	0.72	0.18	0.78	43.88	0.12	1461.00	317.00	0.22	1463.00
490	0.61	0.71	0.44	0.71	0.18	0.77	44.00	0.12	1485.00	331.00	0.22	1487.00
491	0.60	0.71	0.45	0.71	0.18	0.76	44.38	0.12	1514.00	326.00	0.22	1516.00
492	0.64	0.69	0.43	0.72	0.18	0.77	44.50	0.11	1475.00	323.00	0.22	1477.00
493	0.60	0.68	0.43	0.73	0.17	0.76	44.00	0.13	1448.00	330.00	0.23	1451.00
494	0.60	0.71	0.45	0.71	0.18	0.76	43.88	0.14	1474.00	324.00	0.22	1476.00
495	0.60	0.69	0.43	0.72	0.18	0.75	43.88	0.13	1458.00	329.00	0.23	1460.00
496	0.62	0.69	0.44	0.71	0.18	0.76	44.12	0.13	1481.00	329.00	0.22	1483.00
497	0.60	0.70	0.43	0.73	0.19	0.77	44.00	0.11	1469.00	323.00	0.22	1471.00
498	0.62	0.71	0.44	0.71	0.19	0.77	44.25	0.14	1513.00	331.00	0.22	1515.00
499	0.61	0.71	0.45	0.72	0.19	0.76	44.25	0.12	1480.00	329.00	0.22	1482.00
500	0.63	0.71	0.44	0.73	0.19	0.76	44.00	0.11	1481.00	331.00	0.22	1483.00
501	0.60	0.70	0.43	0.71	0.17	0.75	44.25	0.14	1478.00	333.00	0.23	1480.00
502	0.62	0.71	0.44	0.72	0.19	0.76	44.62	0.12	1488.00	331.00	0.22	1492.00
503	0.61	0.71	0.44	0.72	0.18	0.75	44.38	0.14	1470.00	332.00	0.23	1472.00
504	0.60	0.71	0.45	0.72	0.19	0.77	44.00	0.12	1495.00	321.00	0.21	1497.00
505	0.62	0.70	0.44	0.72	0.18	0.76	44.25	0.10	1480.00	320.00	0.22	1482.00
506	0.63	0.70	0.44	0.72	0.18	0.76	44.00	0.10	1456.00	327.00	0.22	1459.00
507	0.62	0.70	0.44	0.72	0.18	0.77	43.88	0.10	1482.00	323.00	0.22	1484.00
508	0.59	0.70	0.44	0.71	0.18	0.76	43.62	0.11	1492.00	323.00	0.22	1496.00
509	0.63	0.71	0.43	0.72	0.19	0.77	44.38	0.11	1484.00	328.00	0.22	1487.00
510	0.60	0.71	0.44	0.72	0.18	0.77	44.38	0.12	1477.00	329.00	0.22	1479.00
511	0.58	0.70	0.44	0.72	0.18	0.75	44.00	0.14	1490.00	328.00	0.22	1493.00
512	0.61	0.70	0.44	0.72	0.18	0.76	44.25	0.12	1494.00	323.00	0.22	1496.00
513	0.63	0.70	0.44	0.72	0.18	0.77	43.88	0.12	1498.00	315.00	0.21	1502.00
514	0.61	0.70	0.44	0.72	0.18	0.76	44.00	0.13	1479.00	322.00	0.22	1481.00
515	0.61	0.70	0.43	0.72	0.19	0.76	43.75	0.13	1467.00	330.00	0.22	1469.00
516	0.62	0.71	0.45	0.72	0.18	0.76	44.38	0.12	1483.00	332.00	0.22	1485.00
517	0.61	0.69	0.44	0.71	0.17	0.76	43.88	0.11	1507.00	327.00	0.22	1510.00
518	0.62	0.70	0.44	0.71	0.17	0.77	44.00	0.11	1501.00	327.00	0.22	1503.00
519	0.59	0.71	0.42	0.71	0.17	0.76	44.00	0.13	1471.00	333.00	0.23	1474.00
520	0.62	0.69	0.43	0.72	0.16	0.75	43.88	0.13	1442.00	325.00	0.23	1445.00
521	0.62	0.71	0.44	0.72	0.18	0.76	43.75	0.11	1487.00	325.00	0.22	1490.00
522	0.60	0.70	0.43	0.72	0.18	0.77	44.25	0.11	1489.00	324.00	0.22	1492.00
523	0.62	0.70	0.43	0.71	0.19	0.76	44.00	0.13	1505.00	321.00	0.21	1507.00
524	0.63	0.70	0.44	0.71	0.17	0.76	44.50	0.12	1497.00	325.00	0.22	1501.00
525	0.62	0.71	0.45	0.72	0.18	0.77	44.12	0.12	1472.00	331.00	0.22	1474.00
526	0.59	0.71	0.45	0.71	0.19	0.76	43.75	0.13	1501.00	334.00	0.22	1504.00
527	0.61	0.70	0.44	0.72	0.17	0.77	43.75	0.13	1507.00	314.00	0.21	1509.00
528	0.59	0.70	0.43	0.71	0.17	0.76	44.12	0.14	1476.00	330.00	0.22	1478.00
529	0.65	0.71	0.45	0.72	0.18	0.77	44.25	0.11	1494.00	329.00	0.22	1496.00
530	0.59	0.70	0.44	0.72	0.18	0.77	44.25	0.12	1487.00	328.00	0.22	1489.00
531	0.61	0.70	0.44	0.72	0.17	0.76	44.00	0.09	1513.00	321.00	0.21	1515.00
532	0.60	0.69	0.43	0.71	0.18	0.76	43.88	0.12	1467.00	320.00	0.22	1470.00
533	0.60	0.71	0.44	0.71	0.19	0.76	44.12	0.11	1523.00	326.00	0.21	1525.00
534	0.64	0.70	0.43	0.71	0.19	0.77	43.62	0.11	1465.00	319.00	0.22	1469.00
535	0.60	0.70	0.43	0.72	0.18	0.76	43.62	0.13	1477.00	332.00	0.22	1480.00
536	0.61	0.70	0.43	0.72	0.18	0.76	44.62	0.12	1454.00	328.00	0.23	1457.00
537	0.63	0.70	0.44	0.72	0.19	0.78	43.50	0.10	1466.00	315.00	0.21	1470.00
538	0.58	0.69	0.44	0.72	0.19	0.76	43.75	0.13	1483.00	321.00	0.22	1487.00
539	0.63	0.70	0.43	0.73	0.18	0.76	44.12	0.09	1487.00	323.00	0.22	1490.00
540	0.60	0.71	0.44	0.73	0.18	0.77	44.12	0.10	1445.00	324.00	0.22	1447.00
541	0.61	0.70	0.43	0.72	0.18	0.76	44.25	0.14	1497.00	328.00	0.22	1499.00
542	0.63	0.71	0.45	0.71	0.18	0.76	43.88	0.12	1516.00	330.00	0.22	1518.00
543	0.62	0.71	0.44	0.73	0.18	0.76	43.88	0.11	1472.00	327.00	0.22	1475.00
544	0.59	0.71	0.44	0.71	0.18	0.75	44.12	0.14	1528.00	331.00	0.22	1530.00
545	0.60	0.70	0.44	0.71	0.18	0.77	44.38	0.10	1487.00	330.00	0.22	1489.00
546	0.61	0.70	0.44	0.71	0.18	0.76	43.50	0.12	1486.00	328.00	0.22	1488.00
547	0.62	0.71	0.44	0.72	0.18	0.76	44.50	0.12	1527.00	327.00	0.21	1529.00
548	0.61	0.71	0.45	0.71	0.18	0.76	44.38	0.12	1500.00	331.00	0.22	1503.00
549	0.62	0.70	0.43	0.72	0.18	0.75	44.38	0.12	1469.00	330.00	0.22	1471.00
550	0.63	0.70	0.44	0.70	0.18	0.76	43.88	0.11	1479.00	327.00	0.22	1481.00
551	0.60	0.68	0.43	0.72	0.16	0.76	44.25	0.10	1469.00	324.00	0.22	1472.00
552	0.61	0.70	0.44	0.71	0.18	0.76	43.62	0.12	1498.00	327.00	0.22	1500.00
553	0.57	0.70	0.44	0.71	0.17	0.76	43.75	0.11	1494.00	317.00	0.21	1496.00
554	0.62	0.70	0.44	0.71	0.18	0.76	43.88	0.13	1495.00	326.00	0.22	1497.00
555	0.61	0.70	0.44	0.71	0.19	0.76	44.00	0.12	1485.00	328.00	0.22	1487.00
556	0.60	0.70	0.44	0.71	0.18	0.76	44.12	0.11	1529.00	327.00	0.21	1531.00
557	0.60	0.70	0.44	0.72	0.19	0.77	43.62	0.12	1473.00	321.00	0.22	1476.00
558	0.59	0.70	0.44	0.72	0.17	0.76	44.00	0.11	1476.00	329.00	0.22	1478.00
559	0.60	0.69	0.44	0.72	0.18	0.76	43.62	0.13	1439.00	323.00	0.22	1441.00
560	0.61	0.69	0.44	0.71	0.17	0.76	44.25	0.11	1497.00	328.00	0.22	1501.00
561	0.62	0.70	0.44	0.71	0.18	0.77	43.88	0.11	1488.00	321.00	0.22	1490.00
562	0.62	0.72	0.45	0.71	0.19	0.76	43.75	0.12	1508.00	330.00	0.22	1510.00
563	0.60	0.70	0.44	0.72	0.17	0.76	43.62	0.14	1453.00	321.00	0.22	1455.00
564	0.62	0.70	0.44	0.71	0.18	0.77	43.75	0.11	1497.00	327.00	0.22	1499.00
565	0.60	0.70	0.44	0.72	0.17	0.76	44.00	0.11	1464.00	319.00	0.22	1466.00
566	0.59	0.70	0.43	0.71	0.18	0.76	43.50	0.12	1485.00	323.00	0.22	1487.00
567	0.63	0.70	0.44	0.72	0.19	0.77	43.50	0.10	1541.00	317.00	0.21	1544.00
568	0.62	0.70	0.43	0.71	0.18	0.76	44.00	0.11	1454.00	332.00	0.23	1457.00
569	0.60	0.70	0.43	0.71	0.18	0.76	44.38	0.13	1506.00	334.00	0.22	1508.00
570	0.60	0.71	0.44	0.71	0.18	0.76	44.38	0.13	1500.00	325.00	0.22	1504.00
571	0.61	0.70	0.44	0.71	0.17	0.76	43.75	0.12	1481.00	326.00	0.22	1483.00
572	0.61	0.71	0.45	0.72	0.18	0.76	44.12	0.13	1465.00	324.00	0.22	1467.00
573	0.59	0.69	0.43	0.71	0.18	0.76	44.00	0.12	1512.00	322.00	0.21	1514.00
574	0.60	0.70	0.45	0.71	0.18	0.76	44.00	0.13	1488.00	329.00	0.22	1490.00
575	0.60	0.69	0.43	0.71	0.17	0.76	44.12	0.11	1470.00	328.00	0.22	1474.00
576	0.61	0.69	0.43	0.71	0.17	0.75	43.75	0.11	1468.00	331.00	0.23	1471.00
577	0.59	0.70	0.45	0.72	0.17	0.76	44.12	0.11	1517.00	319.00	0.21	1520.00
578	0.62	0.71	0.45	0.71	0.18	0.76	44.00	0.12	1492.00	322.00	0.22	1494.00
579	0.62	0.70	0.44	0.71	0.17	0.75	44.38	0.10	1467.00	330.00	0.22	1470.00
580	0.62	0.70	0.45	0.72	0.19	0.77	43.75	0.11	1507.00	316.00	0.21	1510.00
581	0.61	0.71	0.44	0.72	0.18	0.77	44.12	0.13	1464.00	323.00	0.22	1466.00
582	0.60	0.70	0.43	0.71	0.18	0.76	43.75	0.13	1486.00	322.00	0.22	1488.00
583	0.64	0.70	0.44	0.72	0.18	0.78	43.88	0.10	1480.00	313.00	0.21	1482.00
584	0.60	0.70	0.44	0.72	0.18	0.76	43.75	0.12	1430.00	318.00	0.22	1432.00
585	0.61	0.70	0.44	0.72	0.18	0.76	43.62	0.13	1472.00	332.00	0.23	1475.00
586	0.60	0.70	0.43	0.72	0.18	0.76	44.25	0.12	1469.00	329.00	0.22	1471.00
587	0.61	0.70	0.44	0.72	0.18	0.75	43.88	0.13	1450.00	327.00	0.23	1452.00
588	0.63	0.71	0.45	0.72	0.19	0.76	44.38	0.13	1487.00	333.00	0.22	1489.00
589	0.60	0.71	0.44	0.72	0.17	0.75	44.12	0.12	1486.00	328.00	0.22	1488.00
590	0.60	0.70	0.44	0.73	0.18	0.77	44.12	0.12	1477.00	324.00	0.22	1479.00
591	0.61	0.70	0.44	0.71	0.18	0.76	44.62	0.12	1492.00	330.00	0.22	1496.00
592	0.62	0.71	0.45	0.70	0.18	0.76	44.00	0.11	1533.00	329.00	0.21	1536.00
593	0.61	0.71	0.46	0.72	0.18	0.75	43.62	0.13	1456.00	326.00	0.22	1459.00
594	0.59	0.71	0.44	0.71	0.17	0.75	44.75	0.12	1476.00	336.00	0.23	1479.00
595	0.60	0.70	0.44	0.72	0.18	0.75	43.38	0.14	1445.00	326.00	0.23	1447.00
596	0.60	0.71	0.45	0.72	0.18	0.76	44.12	0.10	1504.00	323.00	0.21	1506.00
597	0.61	0.71	0.44	0.71	0.17	0.75	44.00	0.12	1511.00	338.00	0.22	1514.00
598	0.61	0.69	0.44	0.72	0.18	0.76	43.50	0.10	1469.00	312.00	0.21	1471.00
599	0.63	0.70	0.43	0.73	0.18	0.77	44.50	0.12	1447.00	324.00	0.22	1449.00
600	0.62	0.69	0.44	0.71	0.19	0.77	44.00	0.11	1488.00	324.00	0.22	1491.00
601	0.62	0.71	0.44	0.72	0.19	0.77	44.00	0.12	1493.00	329.00	0.22	1495.00
602	0.61	0.70	0.44	0.70	0.17	0.74	44.12	0.12	1480.00	339.00	0.23	1483.00
603	0.63	0.70	0.43	0.72	0.19	0.77	43.88	0.12	1466.00	320.00	0.22	1468.00
604	0.62	0.70	0.44	0.72	0.17	0.77	44.12	0.11	1495.00	313.00	0.21	1497.00
605	0.59	0.71	0.44	0.71	0.18	0.77	43.88	0.12	1491.00	328.00	0.22	1494.00
606	0.59	0.69	0.43	0.72	0.18	0.76	43.88	0.11	1482.00	325.00	0.22	1484.00
607	0.59	0.69	0.43	0.71	0.17	0.75	44.00	0.14	1455.00	329.00	0.23	1457.00
608	0.61	0.70	0.44	0.71	0.19	0.77	44.12	0.11	1505.00	321.00	0.21	1507.00
609	0.61	0.70	0.44	0.72	0.17	0.75	43.50	0.12	1468.00	326.00	0.22	1470.00
610	0.63	0.69	0.43	0.73	0.17	0.76	43.62	0.11	1473.00	317.00	0.22	1475.00
611	0.60	0.71	0.45	0.72	0.19	0.77	43.88	0.13	1498.00	319.00	0.21	1501.00
612	0.58	0.70	0.44	0.72	0.18	0.75	44.12	0.12	1507.00	332.00	0.22	1509.00
613	0.61	0.71	0.44	0.71	0.19	0.75	44.12	0.12	1499.00	337.00	0.22	1501.00
614	0.63	0.70	0.44	0.71	0.18	0.77	44.12	0.11	1495.00	323.00	0.22	1497.00
615	0.63	0.70	0.45	0.72	0.18	0.76	43.75	0.11	1484.00	333.00	0.22	1487.00
616	0.61	0.70	0.44	0.71	0.19	0.75	44.50	0.14	1514.00	336.00	0.22	1516.00
617	0.59	0.69	0.44	0.72	0.18	0.77	43.88	0.14	1491.00	316.00	0.21	1493.00
618	0.63	0.70	0.44	0.72	0.18	0.77	43.88	0.12	1479.00	326.00	0.22	1482.00
619	0.60	0.70	0.44	0.72	0.18	0.75	44.25	0.13	1472.00	326.00	0.22	1474.00
620	0.60	0.70	0.43	0.72	0.17	0.76	44.00	0.11	1471.00	322.00	0.22	1474.00
621	0.61	0.68	0.42	0.72	0.16	0.76	43.88	0.11	1480.00	318.00	0.21	1483.00
622	0.62	0.70	0.44	0.71	0.17	0.76	43.88	0.11	1481.00	323.00	0.22	1483.00
623	0.62	0.70	0.43	0.71	0.18	0.77	43.75	0.12	1498.00	321.00	0.21	1500.00
624	0.62	0.70	0.43	0.72	0.17	0.76	43.88	0.11	1460.00	321.00	0.22	1463.00
625	0.62	0.71	0.44	0.71	0.18	0.75	44.00	0.12	1515.00	336.00	0.22	1517.00
626	0.61	0.71	0.45	0.72	0.18	0.75	43.75	0.13	1509.00	325.00	0.22	1511.00
627	0.61	0.70	0.44	0.71	0.18	0.75	43.25	0.13	1473.00	326.00	0.22	1475.00
628	0.62	0.70	0.44	0.71	0.17	0.75	43.88	0.12	1500.00	332.00	0.22	1502.00
629	0.59	0.71	0.45	0.71	0.18	0.76	44.12	0.14	1497.00	334.00	0.22	1499.00
630	0.59	0.70	0.43	0.73	0.18	0.75	43.75	0.14	1469.00	324.00	0.22	1471.00
631	0.61	0.69	0.43	0.70	0.18	0.76	44.50	0.13	1475.00	332.00	0.23	1479.00
632	0.63	0.70	0.44	0.73	0.19	0.77	43.25	0.12	1461.00	320.00	0.22	1463.00
633	0.59	0.70	0.44	0.71	0.18	0.76	43.75	0.12	1496.00	330.00	0.22	1498.00
634	0.60	0.70	0.44	0.72	0.17	0.76	44.00	0.12	1481.00	323.00	0.22	1483.00
635	0.62	0.70	0.44	0.71	0.18	0.76	43.88	0.10	1473.00	325.00	0.22	1475.00
636	0.61	0.70	0.45	0.71	0.19	0.77	43.75	0.12	1492.00	328.00	0.22	1495.00
637	0.62	0.71	0.45	0.71	0.18	0.75	44.00	0.11	1510.00	334.00	0.22	1512.00
638	0.62	0.71	0.45	0.71	0.19	0.76	43.88	0.12	1513.00	331.00	0.22	1515.00
639	0.61	0.71	0.45	0.71	0.19	0.76	43.88	0.12	1496.00	324.00	0.22	1500.00
640	0.57	0.70	0.43	0.71	0.17	0.75	44.00	0.15	1463.00	325.00	0.22	1465.00
641	0.63	0.71	0.45	0.72	0.19	0.76	44.12	0.11	1469.00	330.00	0.22	1471.00
642	0.60	0.70	0.45	0.71	0.18	0.76	43.88	0.12	1493.00	325.00	0.22	1495.00
643	0.60	0.71	0.45	0.72	0.18	0.76	43.88	0.13	1471.00	324.00	0.22	1473.00
644	0.61	0.70	0.45	0.72	0.19	0.77	44.12	0.11	1488.00	322.00	0.22	1491.00
645	0.61	0.69	0.44	0.72	0.18	0.78	43.75	0.12	1485.00	312.00	0.21	1487.00
646	0.60	0.71	0.45	0.71	0.19	0.76	44.25	0.13	1468.00	333.00	0.23	1471.00
647	0.64	0.70	0.44	0.71	0.17	0.76	43.75	0.12	1492.00	332.00	0.22	1494.00
648	0.60	0.70	0.44	0.72	0.19	0.77	43.62	0.12	1500.00	322.00	0.21	1503.00
649	0.62	0.70	0.44	0.72	0.18	0.77	44.12	0.11	1476.00	328.00	0.22	1478.00
650	0.61	0.71	0.44	0.71	0.18	0.75	43.62	0.12	1498.00	338.00	0.23	1500.00
651	0.59	0.69	0.44	0.72	0.17	0.76	43.62	0.10	1452.00	322.00	0.22	1454.00
652	0.59	0.71	0.44	0.72	0.18	0.76	44.12	0.13	1446.00	333.00	0.23	1448.00
653	0.60	0.71	0.45	0.72	0.18	0.76	44.12	0.13	1490.00	321.00	0.22	1492.00
654	0.58	0.70	0.45	0.71	0.18	0.75	44.00	0.13	1510.00	331.00	0.22	1512.00
655	0.62	0.71	0.45	0.72	0.18	0.76	43.62	0.12	1479.00	334.00	0.23	1481.00
656	0.62	0.70	0.44	0.72	0.18	0.76	44.12	0.13	1500.00	325.00	0.22	1502.00
657	0.61	0.70	0.43	0.72	0.18	0.76	43.88	0.13	1486.00	323.00	0.22	1489.00
658	0.63	0.70	0.43	0.73	0.18	0.77	43.88	0.11	1494.00	322.00	0.22	1498.00
659	0.62	0.70	0.42	0.71	0.18	0.76	44.00	0.11	1460.00	336.00	0.23	1462.00
660	0.61	0.69	0.44	0.71	0.17	0.75	43.75	0.13	1476.00	327.00	0.22	1479.00
661	0.59	0.71	0.45	0.72	0.17	0.76	44.50	0.12	1472.00	339.00	0.23	1475.00
662	0.62	0.71	0.45	0.71	0.17	0.76	44.50	0.11	1481.00	343.00	0.23	1483.00
663	0.62	0.70	0.44	0.71	0.18	0.77	44.00	0.10	1513.00	322.00	0.21	1515.00
664	0.63	0.70	0.44	0.71	0.17	0.76	43.88	0.11	1467.00	334.00	0.23	1470.00
665	0.60	0.71	0.44	0.72	0.18	0.76	44.12	0.13	1462.00	330.00	0.23	1466.00
666	0.58	0.70	0.44	0.72	0.19	0.76	43.62	0.15	1460.00	332.00	0.23	1462.00
667	0.59	0.70	0.44	0.72	0.18	0.76	43.75	0.13	1462.00	326.00	0.22	1465.00
668	0.55	0.70	0.44	0.71	0.18	0.75	43.62	0.15	1476.00	328.00	0.22	1479.00
669	0.63	0.71	0.44	0.73	0.18	0.76	43.88	0.11	1475.00	340.00	0.23	1477.00
670	0.62	0.70	0.44	0.73	0.18	0.77	44.25	0.10	1479.00	320.00	0.22	1481.00
671	0.63	0.70	0.43	0.72	0.17	0.76	44.00	0.12	1484.00	324.00	0.22	1486.00
672	0.61	0.71	0.44	0.72	0.18	0.77	43.75	0.11	1500.00	328.00	0.22	1504.00
673	0.66	0.70	0.44	0.72	0.18	0.77	43.62	0.10	1462.00	324.00	0.22	1466.00
674	0.60	0.71	0.44	0.71	0.18	0.77	44.00	0.11	1485.00	330.00	0.22	1487.00
675	0.62	0.69	0.43	0.71	0.17	0.76	44.00	0.10	1496.00	324.00	0.22	1498.00
676	0.58	0.71	0.44	0.71	0.18	0.76	43.12	0.12	1483.00	325.00	0.22	1485.00
677	0.61	0.70	0.44	0.72	0.18	0.76	44.38	0.12	1446.00	324.00	0.22	1448.00
678	0.62	0.69	0.43	0.72	0.19	0.76	44.25	0.12	1469.00	316.00	0.22	1471.00
679	0.58	0.70	0.43	0.72	0.17	0.76	43.50	0.13	1486.00	325.00	0.22	1489.00
680	0.63	0.70	0.44	0.70	0.18	0.76	44.12	0.11	1491.00	332.00	0.22	1493.00
681	0.60	0.70	0.43	0.71	0.17	0.75	44.12	0.12	1458.00	333.00	0.23	1461.00
682	0.61	0.70	0.44	0.71	0.17	0.76	43.75	0.14	1498.00	331.00	0.22	1500.00
683	0.59	0.70	0.44	0.71	0.17	0.75	44.25	0.13	1475.00	324.00	0.22	1479.00
684	0.63	0.71	0.45	0.71	0.19	0.76	43.50	0.13	1481.00	328.00	0.22	1483.00
685	0.60	0.71	0.45	0.71	0.18	0.74	44.12	0.13	1485.00	346.00	0.23	1488.00
686	0.63	0.70	0.43	0.70	0.18	0.75	44.00	0.11	1495.00	328.00	0.22	1497.00
687	0.60	0.71	0.44	0.72	0.17	0.77	44.12	0.12	1489.00	326.00	0.22	1493.00
688	0.60	0.71	0.45	0.72	0.18	0.76	43.62	0.10	1504.00	327.00	0.22	1507.00
689	0.61	0.70	0.45	0.72	0.18	0.76	43.25	0.11	1467.00	319.00	0.22	1469.00
690	0.60	0.69	0.43	0.72	0.18	0.76	43.75	0.12	1452.00	325.00	0.22	1454.00
691	0.63	0.71	0.45	0.72	0.20	0.77	43.62	0.11	1462.00	321.00	0.22	1464.00
692	0.60	0.70	0.44	0.71	0.18	0.76	43.75	0.12	1490.00	328.00	0.22	1492.00
693	0.59	0.69	0.44	0.72	0.18	0.76	43.50	0.10	1514.00	317.00	0.21	1516.00
694	0.63	0.70	0.43	0.72	0.19	0.76	44.00	0.10	1496.00	324.00	0.22	1499.00
695	0.59	0.70	0.44	0.72	0.18	0.76	43.75	0.11	1482.00	323.00	0.22	1484.00
696	0.58	0.69	0.43	0.72	0.18	0.76	44.12	0.13	1498.00	321.00	0.21	1501.00
697	0.60	0.69	0.42	0.71	0.17	0.77	44.00	0.12	1473.00	321.00	0.22	1477.00
698	0.61	0.70	0.44	0.72	0.18	0.76	43.75	0.10	1496.00	312.00	0.21	1499.00
699	0.62	0.71	0.44	0.71	0.18	0.76	44.38	0.12	1471.00	323.00	0.22	1475.00
700	0.61	0.70	0.44	0.72	0.19	0.76	43.88	0.12	1495.00	326.00	0.22	1497.00
701	0.64	0.70	0.44	0.71	0.19	0.77	43.50	0.10	1467.00	318.00	0.22	1469.00
702	0.62	0.71	0.44	0.71	0.19	0.77	44.25	0.13	1509.00	331.00	0.22	1511.00
703	0.60	0.70	0.43	0.71	0.19	0.76	44.12	0.11	1473.00	319.00	0.22	1475.00
704	0.60	0.70	0.44	0.72	0.18	0.76	44.38	0.13	1463.00	326.00	0.22	1465.00
705	0.58	0.70	0.43	0.72	0.18	0.76	44.25	0.14	1477.00	324.00	0.22	1481.00
706	0.59	0.70	0.45	0.72	0.18	0.76	43.75	0.13	1507.00	323.00	0.21	1509.00
707	0.58	0.70	0.44	0.72	0.17	0.76	43.75	0.12	1488.00	328.00	0.22	1491.00
708	0.61	0.70	0.42	0.71	0.19	0.77	44.38	0.12	1492.00	325.00	0.22	1494.00
709	0.61	0.69	0.43	0.72	0.18	0.76	44.25	0.13	1456.00	328.00	0.23	1458.00
710	0.59	0.70	0.45	0.71	0.17	0.76	44.50	0.12	1524.00	323.00	0.21	1527.00
711	0.59	0.70	0.44	0.72	0.18	0.76	43.75	0.13	1474.00	320.00	0.22	1476.00
712	0.61	0.70	0.44	0.72	0.18	0.76	44.00	0.11	1475.00	318.00	0.22	1478.00
713	0.62	0.70	0.43	0.71	0.19	0.76	43.75	0.12	1479.00	322.00	0.22	1481.00
714	0.61	0.69	0.43	0.71	0.18	0.76	43.75	0.12	1495.00	327.00	0.22	1497.00
715	0.61	0.69	0.43	0.72	0.18	0.77	43.62	0.11	1459.00	323.00	0.22	1461.00
716	0.63	0.71	0.44	0.71	0.18	0.76	43.88	0.11	1455.00	325.00	0.22	1457.00
717	0.61	0.70	0.43	0.71	0.18	0.76	44.25	0.14	1501.00	330.00	0.22	1503.00
718	0.58	0.70	0.44	0.72	0.18	0.76	44.38	0.13	1476.00	321.00	0.22	1478.00
719	0.59	0.70	0.45	0.72	0.17	0.75	43.88	0.13	1492.00	338.00	0.23	1494.00
720	0.57	0.68	0.42	0.72	0.17	0.76	44.12	0.14	1441.00	330.00	0.23	1443.00
721	0.58	0.70	0.44	0.72	0.18	0.75	44.00	0.12	1486.00	335.00	0.23	1488.00
722	0.62	0.69	0.43	0.72	0.17	0.76	44.50	0.11	1468.00	312.00	0.21	1470.00
723	0.62	0.69	0.44	0.72	0.18	0.76	44.12	0.10	1501.00	324.00	0.22	1503.00
724	0.62	0.72	0.45	0.71	0.18	0.76	43.88	0.12	1506.00	330.00	0.22	1509.00
725	0.60	0.69	0.44	0.72	0.18	0.77	43.50	0.12	1479.00	320.00	0.22	1481.00
726	0.61	0.70	0.44	0.71	0.19	0.77	44.00	0.13	1469.00	324.00	0.22	1471.00
727	0.59	0.69	0.43	0.72	0.18	0.76	43.88	0.13	1431.00	316.00	0.22	1433.00
728	0.58	0.70	0.44	0.71	0.18	0.76	43.88	0.14	1490.00	321.00	0.22	1492.00
729	0.58	0.71	0.43	0.72	0.17	0.76	43.88	0.11	1520.00	324.00	0.21	1522.00
730	0.63	0.70	0.44	0.72	0.18	0.77	44.00	0.11	1473.00	326.00	0.22	1475.00
731	0.64	0.70	0.44	0.72	0.18	0.77	43.75	0.10	1473.00	320.00	0.22	1475.00
732	0.61	0.71	0.44	0.71	0.18	0.76	43.75	0.12	1498.00	329.00	0.22	1500.00
733	0.59	0.70	0.43	0.72	0.18	0.76	44.00	0.14	1481.00	319.00	0.22	1484.00
734	0.60	0.70	0.44	0.71	0.18	0.77	43.88	0.12	1506.00	331.00	0.22	1509.00
735	0.60	0.71	0.45	0.72	0.18	0.76	44.00	0.13	1519.00	330.00	0.22	1523.00
736	0.63	0.71	0.45	0.71	0.19	0.76	44.25	0.11	1523.00	334.00	0.22	1525.00
737	0.60	0.69	0.44	0.72	0.17	0.75	43.75	0.12	1470.00	324.00	0.22	1472.00
738	0.59	0.70	0.43	0.71	0.18	0.75	44.12	0.13	1468.00	332.00	0.23	1471.00
739	0.59	0.70	0.44	0.71	0.16	0.75	44.12	0.13	1494.00	331.00	0.22	1496.00
740	0.62	0.71	0.44	0.71	0.19	0.76	44.38	0.12	1482.00	333.00	0.22	1484.00
741	0.61	0.70	0.45	0.72	0.18	0.77	44.00	0.12	1482.00	318.00	0.21	1485.00
742	0.61	0.69	0.43	0.72	0.17	0.76	44.25	0.13	1474.00	322.00	0.22	1476.00
743	0.62	0.69	0.44	0.72	0.18	0.76	44.25	0.11	1473.00	323.00	0.22	1475.00
744	0.64	0.71	0.45	0.72	0.19	0.77	43.88	0.12	1468.00	330.00	0.22	1471.00
745	0.59	0.70	0.45	0.72	0.18	0.76	43.62	0.11	1513.00	332.00	0.22	1517.00
746	0.60	0.71	0.44	0.72	0.18	0.76	44.50	0.12	1492.00	326.00	0.22	1494.00
747	0.62	0.70	0.43	0.72	0.18	0.77	44.25	0.12	1458.00	324.00	0.22	1461.00
748	0.63	0.71	0.44	0.72	0.18	0.77	44.00	0.12	1491.00	328.00	0.22	1493.00
749	0.59	0.71	0.44	0.71	0.18	0.76	44.38	0.12	1547.00	329.00	0.21	1549.00
750	0.59	0.70	0.45	0.72	0.17	0.76	44.50	0.14	1467.00	338.00	0.23	1469.00
751	0.60	0.71	0.43	0.72	0.18	0.76	43.75	0.13	1497.00	325.00	0.22	1499.00
752	0.61	0.70	0.44	0.72	0.18	0.76	44.00	0.11	1529.00	323.00	0.21	1531.00
753	0.60	0.70	0.44	0.72	0.17	0.76	44.25	0.10	1524.00	323.00	0.21	1526.00
754	0.60	0.71	0.45	0.71	0.19	0.75	44.38	0.13	1491.00	332.00	0.22	1493.00
755	0.62	0.71	0.44	0.72	0.17	0.75	44.25	0.13	1461.00	336.00	0.23	1463.00
756	0.59	0.70	0.43	0.71	0.17	0.76	44.38	0.12	1496.00	321.00	0.21	1499.00
757	0.60	0.69	0.44	0.72	0.17	0.76	43.88	0.12	1471.00	322.00	0.22	1473.00
758	0.61	0.70	0.44	0.72	0.18	0.77	44.00	0.11	1477.00	318.00	0.22	1480.00
759	0.63	0.71	0.44	0.72	0.18	0.76	43.75	0.12	1486.00	324.00	0.22	1490.00
760	0.65	0.70	0.43	0.72	0.18	0.77	44.00	0.11	1482.00	321.00	0.22	1484.00
761	0.61	0.71	0.45	0.72	0.18	0.77	44.38	0.11	1488.00	336.00	0.23	1491.00
762	0.60	0.69	0.43	0.71	0.17	0.75	44.25	0.12	1474.00	330.00	0.22	1476.00
763	0.60	0.70	0.45	0.71	0.17	0.75	44.12	0.12	1481.00	336.00	0.23	1484.00
764	0.60	0.70	0.44	0.71	0.18	0.76	44.25	0.12	1531.00	327.00	0.21	1533.00
765	0.59	0.70	0.44	0.72	0.19	0.76	44.00	0.14	1485.00	335.00	0.23	1487.00
766	0.58	0.71	0.43	0.72	0.18	0.76	43.50	0.13	1484.00	330.00	0.22	1488.00
767	0.60	0.71	0.45	0.72	0.19	0.77	44.00	0.11	1493.00	331.00	0.22	1495.00
768	0.62	0.71	0.45	0.72	0.19	0.76	44.12	0.13	1516.00	329.00	0.22	1518.00
769	0.59	0.70	0.44	0.71	0.19	0.77	44.12	0.12	1492.00	320.00	0.21	1494.00
770	0.62	0.70	0.43	0.71	0.18	0.76	44.12	0.12	1504.00	329.00	0.22	1506.00
771	0.63	0.69	0.44	0.72	0.18	0.77	44.25	0.11	1494.00	330.00	0.22	1496.00
772	0.62	0.70	0.43	0.72	0.18	0.76	44.00	0.12	1463.00	324.00	0.22	1467.00
773	0.60	0.69	0.44	0.71	0.18	0.75	43.75	0.12	1479.00	327.00	0.22	1481.00
774	0.61	0.71	0.45	0.72	0.18	0.77	44.00	0.10	1520.00	317.00	0.21	1522.00
775	0.61	0.69	0.44	0.71	0.17	0.76	43.88	0.12	1503.00	324.00	0.22	1505.00
776	0.60	0.70	0.44	0.71	0.18	0.77	44.25	0.12	1487.00	315.00	0.21	1489.00
777	0.61	0.71	0.43	0.72	0.18	0.76	43.62	0.13	1492.00	333.00	0.22	1496.00
778	0.60	0.70	0.44	0.71	0.18	0.76	44.00	0.11	1495.00	325.00	0.22	1497.00
779	0.62	0.70	0.44	0.71	0.18	0.76	43.88	0.12	1450.00	342.00	0.24	1452.00
780	0.61	0.69	0.43	0.71	0.17	0.76	44.12	0.13	1469.00	326.00	0.22	1472.00
781	0.61	0.70	0.44	0.70	0.19	0.76	44.12	0.12	1508.00	336.00	0.22	1510.00
782	0.62	0.71	0.44	0.71	0.19	0.76	44.00	0.11	1483.00	325.00	0.22	1485.00
783	0.59	0.70	0.43	0.71	0.18	0.76	43.75	0.12	1500.00	323.00	0.22	1504.00
784	0.61	0.68	0.42	0.72	0.17	0.76	43.88	0.12	1437.00	318.00	0.22	1439.00
785	0.58	0.70	0.44	0.71	0.18	0.76	43.50	0.12	1464.00	327.00	0.22	1467.00
786	0.62	0.71	0.45	0.71	0.19	0.76	43.62	0.12	1495.00	328.00	0.22	1499.00
787	0.61	0.72	0.45	0.71	0.19	0.78	44.50	0.12	1532.00	327.00	0.21	1534.00
788	0.60	0.70	0.43	0.72	0.17	0.76	43.88	0.13	1466.00	326.00	0.22	1470.00
789	0.58	0.70	0.44	0.71	0.18	0.76	43.75	0.13	1494.00	323.00	0.22	1496.00
790	0.62	0.69	0.44	0.73	0.18	0.76	44.12	0.12	1453.00	317.00	0.22	1455.00
791	0.61	0.71	0.44	0.71	0.18	0.77	44.00	0.12	1499.00	328.00	0.22	1501.00
792	0.59	0.70	0.44	0.72	0.17	0.77	44.12	0.12	1468.00	321.00	0.22	1472.00
793	0.60	0.71	0.44	0.71	0.18	0.75	43.75	0.13	1485.00	330.00	0.22	1487.00
794	0.61	0.70	0.44	0.71	0.18	0.77	44.00	0.11	1488.00	323.00	0.22	1490.00
795	0.61	0.70	0.44	0.71	0.18	0.76	44.12	0.12	1477.00	330.00	0.22	1479.00
796	0.62	0.70	0.43	0.72	0.19	0.75	44.25	0.14	1467.00	322.00	0.22	1469.00
797	0.61	0.70	0.43	0.72	0.17	0.76	44.38	0.11	1501.00	324.00	0.22	1504.00
798	0.62	0.69	0.44	0.73	0.17	0.77	44.00	0.11	1448.00	319.00	0.22	1451.00
799	0.61	0.71	0.45	0.71	0.18	0.76	44.00	0.12	1527.00	330.00	0.22	1529.00
800	0.59	0.70	0.43	0.72	0.18	0.76	44.25	0.12	1485.00	326.00	0.22	1489.00
801	0.60	0.71	0.45	0.71	0.17	0.76	44.00	0.11	1517.00	332.00	0.22	1519.00
802	0.61	0.70	0.44	0.71	0.17	0.76	44.38	0.11	1476.00	319.00	0.22	1480.00
803	0.58	0.72	0.45	0.72	0.18	0.77	43.88	0.11	1542.00	319.00	0.21	1544.00
804	0.59	0.71	0.44	0.72	0.18	0.76	44.00	0.12	1511.00	330.00	0.22	1513.00
805	0.59	0.70	0.45	0.71	0.18	0.76	44.50	0.12	1525.00	321.00	0.21	1527.00
806	0.63	0.70	0.44	0.70	0.18	0.75	44.00	0.12	1465.00	335.00	0.23	1468.00
807	0.62	0.70	0.43	0.72	0.17	0.76	44.12	0.12	1482.00	328.00	0.22	1485.00
808	0.61	0.69	0.43	0.71	0.18	0.76	43.38	0.11	1462.00	330.00	0.23	1464.00
809	0.64	0.71	0.44	0.71	0.18	0.76	43.62	0.11	1494.00	327.00	0.22	1496.00
810	0.61	0.70	0.44	0.72	0.18	0.75	44.38	0.11	1479.00	326.00	0.22	1483.00
811	0.60	0.70	0.44	0.71	0.19	0.76	43.75	0.12	1516.00	325.00	0.21	1518.00
812	0.59	0.71	0.44	0.71	0.19	0.75	44.12	0.14	1512.00	335.00	0.22	1515.00
813	0.59	0.70	0.44	0.71	0.17	0.76	44.00	0.13	1491.00	328.00	0.22	1493.00
814	0.62	0.70	0.43	0.72	0.17	0.76	44.12	0.12	1446.00	329.00	0.23	1449.00
815	0.60	0.69	0.44	0.72	0.18	0.76	43.88	0.12	1481.00	330.00	0.22	1483.00
816	0.58	0.71	0.44	0.71	0.18	0.76	44.62	0.13	1486.00	335.00	0.23	1488.00
817	0.60	0.70	0.43	0.72	0.18	0.76	43.88	0.12	1459.00	315.00	0.22	1462.00
818	0.61	0.71	0.44	0.71	0.18	0.76	44.50	0.11	1512.00	331.00	0.22	1514.00
819	0.61	0.70	0.43	0.71	0.18	0.75	44.75	0.14	1467.00	330.00	0.22	1469.00
820	0.63	0.70	0.44	0.72	0.18	0.76	43.88	0.12	1490.00	333.00	0.22	1492.00
821	0.62	0.70	0.45	0.71	0.18	0.76	43.75	0.12	1485.00	325.00	0.22	1487.00
822	0.61	0.70	0.44	0.72	0.19	0.76	44.50	0.11	1499.00	321.00	0.21	1501.00
823	0.60	0.69	0.43	0.72	0.18	0.76	43.62	0.13	1458.00	323.00	0.22	1460.00
824	0.61	0.69	0.43	0.71	0.17	0.75	44.62	0.11	1467.00	332.00	0.23	1469.00
825	0.61	0.71	0.44	0.71	0.18	0.76	44.12	0.12	1498.00	335.00	0.22	1500.00
826	0.59	0.69	0.43	0.72	0.17	0.76	43.75	0.11	1458.00	317.00	0.22	1460.00
827	0.61	0.70	0.44	0.71	0.18	0.77	43.88	0.11	1489.00	311.00	0.21	1493.00
828	0.61	0.70	0.44	0.72	0.17	0.77	43.88	0.10	1485.00	322.00	0.22	1487.00
829	0.64	0.70	0.44	0.72	0.17	0.75	43.38	0.12	1490.00	319.00	0.21	1493.00
830	0.61	0.71	0.43	0.71	0.18	0.75	43.75	0.11	1451.00	330.00	0.23	1454.00
831	0.63	0.70	0.45	0.72	0.18	0.77	44.12	0.10	1479.00	325.00	0.22	1481.00
832	0.59	0.70	0.43	0.70	0.17	0.76	43.75	0.11	1479.00	325.00	0.22	1481.00
833	0.62	0.70	0.44	0.71	0.18	0.77	44.25	0.10	1483.00	324.00	0.22	1485.00
834	0.64	0.71	0.44	0.72	0.18	0.75	44.12	0.11	1470.00	331.00	0.23	1474.00
835	0.61	0.70	0.43	0.71	0.17	0.75	44.25	0.12	1459.00	335.00	0.23	1461.00
836	0.61	0.70	0.43	0.72	0.18	0.77	44.00	0.12	1454.00	320.00	0.22	1458.00
837	0.62	0.69	0.44	0.72	0.18	0.77	44.00	0.11	1505.00	314.00	0.21	1509.00
838	0.62	0.70	0.43	0.72	0.18	0.77	44.00	0.13	1476.00	328.00	0.22	1479.00
839	0.63	0.70	0.44	0.71	0.18	0.76	44.00	0.10	1497.00	331.00	0.22	1499.00
840	0.57	0.71	0.44	0.70	0.18	0.75	44.00	0.14	1514.00	327.00	0.22	1516.00
841	0.60	0.70	0.44	0.73	0.18	0.77	44.50	0.12	1480.00	324.00	0.22	1483.00
842	0.59	0.70	0.44	0.72	0.18	0.76	44.12	0.12	1471.00	315.00	0.21	1474.00
843	0.63	0.70	0.44	0.71	0.18	0.78	43.88	0.09	1505.00	319.00	0.21	1507.00
844	0.62	0.71	0.44	0.71	0.18	0.77	44.00	0.13	1497.00	328.00	0.22	1500.00
845	0.59	0.70	0.43	0.72	0.17	0.76	43.75	0.13	1474.00	332.00	0.23	1477.00
846	0.62	0.70	0.44	0.71	0.18	0.76	43.62	0.11	1477.00	323.00	0.22	1480.00
847	0.62	0.70	0.43	0.71	0.17	0.76	44.38	0.11	1494.00	326.00	0.22	1496.00
848	0.62	0.70	0.44	0.72	0.17	0.76	43.88	0.13	1474.00	323.00	0.22	1476.00
849	0.62	0.70	0.44	0.71	0.18	0.77	43.75	0.11	1505.00	324.00	0.22	1507.00
850	0.61	0.70	0.44	0.73	0.19	0.78	43.62	0.10	1464.00	314.00	0.21	1467.00
851	0.59	0.70	0.44	0.71	0.17	0.76	43.75	0.12	1520.00	322.00	0.21	1522.00
852	0.63	0.69	0.43	0.71	0.17	0.75	43.25	0.12	1468.00	324.00	0.22	1471.00
853	0.62	0.70	0.44	0.71	0.18	0.76	44.00	0.13	1469.00	332.00	0.23	1471.00
854	0.58	0.70	0.44	0.72	0.17	0.76	44.00	0.13	1467.00	334.00	0.23	1470.00
855	0.58	0.70	0.44	0.71	0.18	0.75	43.75	0.14	1477.00	337.00	0.23	1479.00
856	0.60	0.70	0.44	0.71	0.17	0.76	44.12	0.11	1471.00	327.00	0.22	1474.00
857	0.61	0.70	0.43	0.72	0.18	0.75	44.50	0.12	1463.00	337.00	0.23	1465.00
858	0.60	0.70	0.44	0.72	0.18	0.76	43.38	0.12	1480.00	327.00	0.22	1482.00
859	0.62	0.70	0.43	0.71	0.17	0.75	44.12	0.13	1482.00	337.00	0.23	1484.00
860	0.61	0.70	0.43	0.72	0.19	0.76	43.75	0.12	1459.00	328.00	0.22	1461.00
861	0.62	0.72	0.45	0.71	0.18	0.76	44.12	0.10	1519.00	333.00	0.22	1521.00
862	0.62	0.70	0.44	0.72	0.18	0.77	43.62	0.09	1465.00	314.00	0.21	1467.00
863	0.61	0.71	0.45	0.72	0.19	0.76	44.38	0.12	1483.00	333.00	0.22	1485.00
864	0.61	0.70	0.45	0.71	0.17	0.75	43.88	0.15	1486.00	341.00	0.23	1488.00
865	0.59	0.68	0.41	0.72	0.18	0.76	43.25	0.14	1415.00	316.00	0.22	1417.00
866	0.62	0.70	0.44	0.71	0.19	0.77	43.75	0.11	1497.00	319.00	0.21	1499.00
867	0.63	0.71	0.45	0.72	0.17	0.76	44.12	0.10	1491.00	332.00	0.22	1493.00
868	0.60	0.69	0.44	0.71	0.19	0.76	43.75	0.14	1509.00	325.00	0.22	1511.00
869	0.60	0.70	0.45	0.72	0.18	0.77	44.00	0.12	1489.00	321.00	0.22	1491.00
870	0.60	0.69	0.43	0.72	0.18	0.75	44.12	0.13	1437.00	333.00	0.23	1439.00
871	0.60	0.69	0.44	0.72	0.17	0.75	43.62	0.13	1443.00	324.00	0.22	1445.00
872	0.60	0.70	0.44	0.71	0.18	0.76	44.25	0.14	1482.00	325.00	0.22	1484.00
873	0.59	0.70	0.44	0.71	0.17	0.75	43.88	0.13	1498.00	331.00	0.22	1500.00
874	0.60	0.70	0.43	0.72	0.18	0.76	44.38	0.13	1463.00	337.00	0.23	1465.00
875	0.59	0.70	0.44	0.72	0.17	0.76	44.38	0.13	1476.00	322.00	0.22	1478.00
876	0.62	0.69	0.43	0.72	0.17	0.75	43.50	0.12	1477.00	324.00	0.22	1479.00
877	0.61	0.70	0.44	0.71	0.18	0.77	43.88	0.10	1487.00	321.00	0.22	1489.00
878	0.61	0.70	0.45	0.71	0.18	0.77	43.75	0.12	1495.00	320.00	0.21	1497.00
879	0.61	0.68	0.42	0.73	0.17	0.76	44.25	0.13	1439.00	321.00	0.22	1441.00
880	0.60	0.71	0.44	0.71	0.18	0.75	43.88	0.12	1482.00	329.00	0.22	1484.00
881	0.59	0.71	0.44	0.72	0.18	0.76	44.75	0.12	1503.00	335.00	0.22	1505.00
882	0.60	0.70	0.43	0.72	0.18	0.76	44.00	0.11	1450.00	319.00	0.22	1452.00
883	0.61	0.71	0.44	0.72	0.18	0.76	44.38	0.11	1480.00	331.00	0.22	1482.00
884	0.62	0.70	0.44	0.72	0.19	0.77	43.62	0.12	1484.00	327.00	0.22	1486.00
885	0.62	0.71	0.43	0.71	0.17	0.76	44.38	0.10	1497.00	333.00	0.22	1500.00
886	0.64	0.70	0.44	0.71	0.18	0.76	43.62	0.12	1489.00	335.00	0.22	1491.00
887	0.62	0.70	0.43	0.72	0.17	0.75	44.50	0.12	1445.00	328.00	0.23	1447.00
888	0.62	0.71	0.44	0.72	0.17	0.76	43.88	0.10	1468.00	328.00	0.22	1472.00
889	0.61	0.70	0.44	0.71	0.18	0.75	44.25	0.12	1493.00	330.00	0.22	1497.00
890	0.59	0.71	0.45	0.71	0.18	0.75	43.88	0.12	1510.00	330.00	0.22	1512.00
891	0.60	0.71	0.44	0.71	0.17	0.75	43.88	0.12	1478.00	323.00	0.22	1480.00
892	0.61	0.70	0.43	0.72	0.18	0.76	43.62	0.11	1490.00	328.00	0.22	1492.00
893	0.60	0.69	0.44	0.72	0.18	0.76	44.25	0.10	1516.00	319.00	0.21	1518.00
894	0.63	0.70	0.44	0.72	0.19	0.77	43.62	0.11	1478.00	323.00	0.22	1480.00
895	0.61	0.71	0.43	0.72	0.18	0.76	43.88	0.12	1498.00	327.00	0.22	1500.00
896	0.63	0.69	0.43	0.71	0.18	0.76	43.75	0.11	1497.00	322.00	0.22	1499.00
897	0.60	0.69	0.42	0.72	0.18	0.77	43.62	0.11	1445.00	320.00	0.22	1447.00
898	0.61	0.71	0.45	0.71	0.17	0.76	43.50	0.13	1489.00	329.00	0.22	1491.00
899	0.60	0.70	0.43	0.71	0.17	0.77	43.25	0.11	1473.00	322.00	0.22	1476.00
900	0.61	0.71	0.44	0.72	0.17	0.76	44.25	0.11	1478.00	330.00	0.22	1481.00
901	0.64	0.70	0.45	0.71	0.18	0.76	44.12	0.12	1487.00	337.00	0.23	1489.00
902	0.59	0.70	0.44	0.71	0.18	0.76	43.75	0.13	1474.00	323.00	0.22	1477.00
903	0.61	0.70	0.44	0.71	0.18	0.75	44.12	0.13	1463.00	335.00	0.23	1467.00
904	0.60	0.70	0.43	0.70	0.17	0.75	44.12	0.14	1491.00	341.00	0.23	1493.00
905	0.58	0.70	0.44	0.71	0.18	0.76	43.62	0.11	1509.00	325.00	0.22	1511.00
906	0.61	0.70	0.43	0.73	0.18	0.75	43.88	0.12	1482.00	331.00	0.22	1484.00
907	0.59	0.69	0.41	0.72	0.17	0.75	43.88	0.12	1438.00	329.00	0.23	1441.00
908	0.57	0.69	0.43	0.72	0.17	0.75	44.12	0.13	1481.00	324.00	0.22	1483.00
909	0.63	0.70	0.44	0.73	0.17	0.76	44.00	0.10	1461.00	329.00	0.23	1463.00
910	0.64	0.70	0.45	0.71	0.19	0.76	43.50	0.12	1503.00	321.00	0.21	1505.00
911	0.61	0.69	0.43	0.72	0.18	0.75	43.88	0.12	1463.00	331.00	0.23	1465.00
912	0.58	0.70	0.43	0.72	0.18	0.76	44.50	0.13	1489.00	331.00	0.22	1491.00
913	0.60	0.70	0.44	0.72	0.18	0.75	44.12	0.12	1461.00	333.00	0.23	1463.00
914	0.61	0.70	0.45	0.72	0.19	0.76	44.00	0.12	1499.00	334.00	0.22	1501.00
915	0.61	0.70	0.43	0.72	0.17	0.76	44.12	0.12	1470.00	313.00	0.21	1472.00
916	0.63	0.71	0.44	0.71	0.18	0.77	44.62	0.12	1498.00	329.00	0.22	1500.00
917	0.59	0.69	0.42	0.72	0.17	0.77	43.88	0.11	1473.00	315.00	0.21	1476.00
918	0.61	0.69	0.43	0.72	0.17	0.76	44.50	0.12	1466.00	322.00	0.22	1468.00
919	0.64	0.70	0.45	0.71	0.18	0.76	44.00	0.12	1486.00	333.00	0.22	1488.00
920	0.59	0.71	0.44	0.71	0.17	0.76	44.00	0.14	1480.00	339.00	0.23	1482.00
921	0.62	0.71	0.45	0.71	0.17	0.76	44.00	0.12	1488.00	335.00	0.23	1491.00
922	0.63	0.71	0.45	0.72	0.17	0.76	44.12	0.11	1486.00	325.00	0.22	1489.00
923	0.61	0.70	0.44	0.72	0.17	0.77	44.25	0.10	1453.00	326.00	0.22	1455.00
924	0.62	0.70	0.44	0.71	0.18	0.76	43.88	0.12	1474.00	330.00	0.22	1476.00
925	0.62	0.71	0.46	0.71	0.19	0.76	43.50	0.14	1487.00	334.00	0.22	1489.00
926	0.61	0.71	0.45	0.71	0.18	0.75	44.38	0.13	1516.00	332.00	0.22	1518.00
927	0.60	0.70	0.44	0.72	0.18	0.77	43.88	0.11	1511.00	312.00	0.21	1513.00
928	0.64	0.70	0.45	0.71	0.18	0.76	44.38	0.12	1502.00	326.00	0.22	1506.00
929	0.61	0.70	0.44	0.71	0.18	0.76	43.75	0.13	1485.00	334.00	0.22	1488.00
930	0.62	0.70	0.44	0.71	0.17	0.76	44.50	0.11	1484.00	315.00	0.21	1488.00
931	0.61	0.69	0.43	0.72	0.17	0.76	43.75	0.12	1472.00	322.00	0.22	1474.00
932	0.60	0.70	0.44	0.72	0.17	0.76	44.38	0.10	1511.00	323.00	0.21	1515.00
933	0.61	0.70	0.43	0.71	0.18	0.76	43.88	0.13	1490.00	322.00	0.22	1494.00
934	0.62	0.70	0.43	0.72	0.18	0.76	44.25	0.12	1463.00	336.00	0.23	1466.00
935	0.58	0.69	0.43	0.73	0.18	0.76	44.00	0.14	1415.00	322.00	0.23	1417.00
936	0.61	0.70	0.44	0.72	0.18	0.77	43.62	0.11	1497.00	320.00	0.21	1499.00
937	0.60	0.70	0.44	0.72	0.18	0.77	44.38	0.10	1480.00	321.00	0.22	1482.00
938	0.62	0.69	0.43	0.71	0.19	0.76	43.88	0.13	1481.00	326.00	0.22	1483.00
939	0.62	0.70	0.44	0.71	0.18	0.76	44.00	0.13	1483.00	337.00	0.23	1485.00
940	0.61	0.69	0.44	0.71	0.17	0.77	44.00	0.12	1492.00	320.00	0.21	1496.00
941	0.62	0.70	0.43	0.71	0.17	0.76	43.62	0.12	1470.00	334.00	0.23	1472.00
942	0.62	0.70	0.44	0.72	0.19	0.77	43.25	0.11	1486.00	326.00	0.22	1488.00
943	0.62	0.71	0.45	0.71	0.18	0.76	43.75	0.11	1501.00	325.00	0.22	1503.00
944	0.62	0.69	0.43	0.72	0.17	0.76	44.12	0.10	1510.00	313.00	0.21	1512.00
945	0.62	0.69	0.44	0.72	0.18	0.76	43.75	0.10	1495.00	313.00	0.21	1497.00
946	0.59	0.70	0.43	0.71	0.18	0.76	43.88	0.12	1494.00	331.00	0.22	1496.00
947	0.59	0.70	0.44	0.71	0.18	0.75	44.12	0.14	1448.00	327.00	0.23	1450.00
948	0.60	0.71	0.44	0.71	0.17	0.76	44.12	0.12	1508.00	332.00	0.22	1510.00
949	0.61	0.71	0.45	0.72	0.19	0.78	43.75	0.11	1514.00	324.00	0.21	1516.00
950	0.60	0.70	0.43	0.72	0.17	0.76	43.88	0.13	1485.00	317.00	0.21	1487.00
951	0.62	0.70	0.44	0.71	0.18	0.77	44.00	0.11	1510.00	315.00	0.21	1512.00
952	0.60	0.71	0.45	0.72	0.18	0.76	44.00	0.13	1503.00	334.00	0.22	1506.00
953	0.62	0.69	0.44	0.72	0.19	0.77	44.00	0.12	1472.00	318.00	0.22	1475.00
954	0.64	0.70	0.44	0.71	0.19	0.77	44.75	0.12	1496.00	326.00	0.22	1498.00
955	0.60	0.70	0.44	0.72	0.17	0.76	44.00	0.11	1516.00	325.00	0.21	1520.00
956	0.58	0.69	0.44	0.72	0.17	0.75	43.75	0.13	1467.00	323.00	0.22	1469.00
957	0.59	0.69	0.44	0.71	0.17	0.76	43.62	0.12	1494.00	325.00	0.22	1497.00
958	0.61	0.70	0.43	0.70	0.18	0.75	44.00	0.11	1502.00	340.00	0.23	1505.00
959	0.64	0.70	0.44	0.71	0.18	0.76	43.75	0.12	1479.00	324.00	0.22	1482.00
960	0.64	0.70	0.45	0.71	0.19	0.77	43.88	0.09	1520.00	310.00	0.20	1524.00
961	0.60	0.69	0.43	0.72	0.18	0.76	43.88	0.11	1467.00	316.00	0.22	1470.00
962	0.60	0.70	0.43	0.72	0.18	0.77	43.75	0.13	1530.00	328.00	0.21	1532.00
963	0.62	0.70	0.44	0.73	0.18	0.77	43.88	0.10	1499.00	316.00	0.21	1501.00
964	0.61	0.71	0.44	0.71	0.18	0.76	44.00	0.11	1497.00	324.00	0.22	1499.00
965	0.62	0.70	0.44	0.72	0.18	0.77	43.88	0.11	1465.00	330.00	0.23	1468.00
966	0.63	0.71	0.44	0.72	0.18	0.76	44.00	0.11	1478.00	329.00	0.22	1480.00
967	0.60	0.70	0.44	0.72	0.19	0.76	43.88	0.13	1479.00	326.00	0.22	1481.00
968	0.60	0.70	0.43	0.72	0.18	0.75	43.75	0.13	1492.00	320.00	0.21	1494.00
969	0.62	0.70	0.44	0.71	0.18	0.75	44.00	0.12	1491.00	326.00	0.22	1495.00
970	0.62	0.70	0.44	0.71	0.18	0.76	43.88	0.11	1487.00	323.00	0.22	1490.00
971	0.59	0.71	0.46	0.71	0.18	0.76	43.12	0.13	1472.00	325.00	0.22	1474.00
972	0.63	0.71	0.45	0.72	0.19	0.76	44.25	0.11	1517.00	336.00	0.22	1520.00
973	0.62	0.71	0.44	0.71	0.18	0.76	44.38	0.12	1490.00	327.00	0.22	1492.00
974	0.59	0.71	0.46	0.71	0.18	0.76	43.75	0.13	1482.00	328.00	0.22	1486.00
975	0.64	0.71	0.44	0.71	0.18	0.76	44.12	0.11	1496.00	326.00	0.22	1498.00
976	0.59	0.70	0.44	0.72	0.17	0.77	43.75	0.13	1460.00	323.00	0.22	1462.00
977	0.61	0.70	0.45	0.72	0.18	0.76	44.25	0.12	1504.00	331.00	0.22	1506.00
978	0.62	0.71	0.45	0.72	0.19	0.76	43.75	0.11	1518.00	317.00	0.21	1520.00
979	0.63	0.70	0.44	0.72	0.18	0.77	44.25	0.11	1485.00	326.00	0.22	1488.00
980	0.61	0.69	0.44	0.72	0.18	0.76	43.88	0.12	1494.00	321.00	0.21	1497.00
981	0.61	0.71	0.45	0.70	0.18	0.75	43.50	0.12	1475.00	334.00	0.23	1478.00
982	0.59	0.71	0.43	0.71	0.17	0.75	44.12	0.11	1491.00	340.00	0.23	1493.00
983	0.59	0.69	0.44	0.71	0.17	0.76	44.00	0.12	1473.00	317.00	0.22	1476.00
984	0.62	0.70	0.44	0.72	0.17	0.77	44.12	0.10	1527.00	319.00	0.21	1529.00
985	0.61	0.70	0.43	0.72	0.18	0.76	44.38	0.13	1457.00	323.00	0.22	1459.00
986	0.63	0.70	0.44	0.72	0.18	0.77	43.75	0.11	1493.00	325.00	0.22	1495.00
987	0.61	0.69	0.43	0.72	0.17	0.76	43.88	0.13	1447.00	326.00	0.23	1449.00
988	0.59	0.70	0.44	0.72	0.17	0.76	43.75	0.13	1513.00	329.00	0.22	1515.00
989	0.59	0.69	0.43	0.72	0.17	0.75	44.12	0.12	1476.00	327.00	0.22	1479.00
990	0.58	0.69	0.43	0.72	0.18	0.75	44.00	0.11	1476.00	328.00	0.22	1479.00
991	0.61	0.70	0.44	0.71	0.19	0.77	44.00	0.11	1473.00	318.00	0.22	1476.00
992	0.62	0.71	0.44	0.71	0.18	0.76	44.50	0.12	1488.00	329.00	0.22	1491.00
993	0.60	0.70	0.43	0.71	0.19	0.75	44.12	0.13	1506.00	328.00	0.22	1508.00
994	0.59	0.70	0.44	0.71	0.18	0.76	43.75	0.13	1475.00	330.00	0.22	1477.00
995	0.61	0.69	0.43	0.71	0.17	0.75	43.75	0.13	1490.00	325.00	0.22	1492.00
996	0.59	0.71	0.45	0.72	0.18	0.75	44.12	0.13	1489.00	330.00	0.22	1491.00
997	0.59	0.70	0.45	0.71	0.18	0.76	43.62	0.13	1518.00	332.00	0.22	1520.00
998	0.60	0.69	0.44	0.71	0.19	0.76	44.38	0.13	1488.00	327.00	0.22	1490.00
999	0.60	0.70	0.43	0.71	0.17	0.77	43.75	0.11	1488.00	328.00	0.22	1490.00
1000	0.60	0.70	0.44	0.70	0.18	0.76	43.75	0.11	1525.00	326.00	0.21	1529.00
