1	0.67	0.50	0.85	0.77	0.20	0.81	40.27	0.13	2809.00	707.00	0.25	2811.00
2	0.67	0.50	0.85	0.78	0.22	0.81	40.40	0.13	2816.00	696.00	0.25	2818.00
3	0.68	0.50	0.85	0.78	0.23	0.81	40.53	0.13	2829.00	693.00	0.24	2831.00
4	0.69	0.50	0.85	0.78	0.22	0.81	40.33	0.13	2828.00	699.00	0.25	2830.00
5	0.68	0.50	0.85	0.77	0.23	0.82	40.40	0.12	2825.00	694.00	0.25	2827.00
6	0.68	0.50	0.85	0.77	0.22	0.81	40.13	0.13	2833.00	715.00	0.25	2835.00
7	0.67	0.50	0.85	0.78	0.22	0.81	40.53	0.13	2817.00	695.00	0.25	2819.00
8	0.68	0.50	0.85	0.77	0.22	0.80	40.20	0.13	2822.00	716.00	0.25	2824.00
9	0.68	0.50	0.85	0.78	0.22	0.81	40.27	0.13	2816.00	700.00	0.25	2818.00
10	0.68	0.50	0.85	0.78	0.23	0.81	40.33	0.13	2837.00	694.00	0.24	2839.00
11	0.67	0.50	0.85	0.77	0.21	0.80	40.87	0.13	2830.00	718.00	0.25	2832.00
12	0.68	0.50	0.85	0.77	0.23	0.81	40.07	0.13	2828.00	711.00	0.25	2830.00
13	0.68	0.50	0.85	0.78	0.20	0.81	40.67	0.13	2818.00	712.00	0.25	2820.00
14	0.68	0.50	0.85	0.78	0.23	0.81	40.40	0.13	2821.00	716.00	0.25	2823.00
15	0.68	0.50	0.85	0.78	0.23	0.82	40.73	0.13	2804.00	699.00	0.25	2806.00
16	0.68	0.50	0.85	0.79	0.23	0.81	40.60	0.13	2828.00	707.00	0.25	2830.00
17	0.68	0.50	0.85	0.77	0.21	0.81	40.47	0.13	2804.00	706.00	0.25	2806.00
18	0.68	0.50	0.85	0.78	0.21	0.81	40.47	0.13	2826.00	697.00	0.25	2828.00
19	0.68	0.50	0.85	0.78	0.24	0.81	40.07	0.13	2799.00	690.00	0.25	2801.00
20	0.68	0.50	0.85	0.78	0.22	0.81	40.27	0.13	2815.00	694.00	0.25	2817.00
21	0.68	0.50	0.85	0.77	0.22	0.81	40.53	0.13	2824.00	710.00	0.25	2826.00
22	0.67	0.50	0.85	0.77	0.23	0.81	40.60	0.13	2824.00	707.00	0.25	2826.00
23	0.67	0.50	0.85	0.77	0.20	0.80	40.13	0.13	2825.00	716.00	0.25	2827.00
24	0.67	0.50	0.85	0.77	0.21	0.81	40.53	0.13	2819.00	708.00	0.25	2821.00
25	0.68	0.50	0.84	0.79	0.22	0.81	40.33	0.13	2835.00	703.00	0.25	2837.00
26	0.68	0.50	0.85	0.79	0.22	0.81	40.33	0.13	2818.00	696.00	0.25	2820.00
27	0.69	0.50	0.85	0.78	0.24	0.81	40.00	0.13	2819.00	691.00	0.25	2821.00
28	0.67	0.50	0.85	0.78	0.21	0.81	40.87	0.13	2825.00	703.00	0.25	2827.00
29	0.69	0.50	0.85	0.78	0.23	0.82	40.13	0.12	2823.00	694.00	0.25	2825.00
30	0.68	0.50	0.85	0.78	0.22	0.81	40.20	0.13	2822.00	698.00	0.25	2824.00
31	0.67	0.50	0.85	0.78	0.21	0.80	40.40	0.14	2838.00	721.00	0.25	2840.00
32	0.68	0.50	0.85	0.78	0.23	0.81	40.47	0.13	2828.00	713.00	0.25	2830.00
33	0.67	0.50	0.85	0.78	0.23	0.81	40.40	0.13	2821.00	712.00	0.25	2823.00
34	0.67	0.50	0.85	0.79	0.23	0.81	40.47	0.13	2830.00	703.00	0.25	2832.00
35	0.67	0.50	0.85	0.77	0.21	0.80	40.40	0.13	2814.00	707.00	0.25	2816.00
36	0.68	0.50	0.85	0.78	0.21	0.81	40.47	0.13	2816.00	707.00	0.25	2818.00
37	0.68	0.50	0.85	0.78	0.21	0.81	40.20	0.13	2815.00	697.00	0.25	2817.00
38	0.69	0.50	0.85	0.78	0.22	0.82	40.20	0.12	2838.00	692.00	0.24	2840.00
39	0.68	0.50	0.85	0.79	0.23	0.82	40.20	0.13	2833.00	675.00	0.24	2835.00
40	0.69	0.50	0.85	0.76	0.23	0.81	40.27	0.13	2837.00	699.00	0.25	2839.00
41	0.68	0.50	0.85	0.78	0.22	0.81	40.07	0.13	2817.00	700.00	0.25	2819.00
42	0.68	0.50	0.85	0.78	0.23	0.81	40.33	0.13	2812.00	710.00	0.25	2814.00
43	0.67	0.50	0.85	0.78	0.22	0.81	40.47	0.13	2819.00	701.00	0.25	2821.00
44	0.67	0.50	0.85	0.78	0.21	0.81	40.53	0.12	2828.00	689.00	0.24	2830.00
45	0.67	0.50	0.85	0.77	0.22	0.81	40.60	0.13	2824.00	708.00	0.25	2826.00
46	0.68	0.50	0.85	0.78	0.23	0.81	40.33	0.13	2817.00	696.00	0.25	2819.00
47	0.67	0.50	0.85	0.76	0.20	0.80	40.60	0.14	2830.00	725.00	0.26	2832.00
48	0.68	0.50	0.85	0.78	0.23	0.82	40.47	0.13	2813.00	701.00	0.25	2815.00
49	0.68	0.50	0.85	0.78	0.23	0.81	40.80	0.12	2832.00	691.00	0.24	2834.00
50	0.67	0.50	0.85	0.78	0.21	0.80	40.33	0.14	2823.00	721.00	0.26	2825.00
51	0.67	0.50	0.85	0.78	0.21	0.81	40.27	0.13	2816.00	698.00	0.25	2818.00
52	0.68	0.50	0.85	0.78	0.22	0.81	40.00	0.13	2821.00	689.00	0.24	2823.00
53	0.67	0.50	0.85	0.78	0.23	0.81	40.33	0.13	2818.00	706.00	0.25	2820.00
54	0.68	0.50	0.85	0.77	0.22	0.81	40.20	0.13	2821.00	713.00	0.25	2823.00
55	0.68	0.50	0.85	0.79	0.23	0.81	40.20	0.13	2823.00	706.00	0.25	2825.00
56	0.68	0.50	0.85	0.77	0.22	0.81	40.27	0.13	2823.00	696.00	0.25	2825.00
57	0.67	0.50	0.85	0.77	0.22	0.81	40.07	0.13	2823.00	704.00	0.25	2825.00
58	0.67	0.50	0.85	0.78	0.22	0.81	40.53	0.13	2790.00	665.00	0.24	2792.00
59	0.67	0.50	0.85	0.76	0.23	0.80	40.47	0.14	2834.00	721.00	0.25	2836.00
60	0.68	0.50	0.85	0.78	0.23	0.82	40.47	0.12	2822.00	683.00	0.24	2824.00
61	0.67	0.50	0.85	0.78	0.24	0.81	40.60	0.13	2819.00	686.00	0.24	2821.00
62	0.67	0.50	0.85	0.78	0.21	0.81	40.33	0.12	2821.00	690.00	0.24	2823.00
63	0.67	0.50	0.85	0.78	0.21	0.81	40.20	0.12	2817.00	689.00	0.24	2819.00
64	0.68	0.50	0.85	0.78	0.22	0.81	40.00	0.13	2813.00	686.00	0.24	2815.00
65	0.68	0.50	0.85	0.78	0.22	0.82	40.33	0.12	2824.00	692.00	0.25	2826.00
66	0.67	0.50	0.85	0.77	0.22	0.80	40.27	0.14	2809.00	712.00	0.25	2811.00
67	0.68	0.50	0.85	0.78	0.23	0.81	40.27	0.13	2839.00	692.00	0.24	2841.00
68	0.68	0.50	0.85	0.78	0.21	0.81	40.13	0.13	2811.00	690.00	0.25	2813.00
69	0.68	0.50	0.85	0.77	0.21	0.81	40.47	0.12	2825.00	685.00	0.24	2827.00
70	0.67	0.50	0.85	0.77	0.23	0.81	40.40	0.13	2829.00	707.00	0.25	2831.00
71	0.67	0.50	0.85	0.77	0.22	0.81	40.47	0.13	2820.00	707.00	0.25	2822.00
72	0.69	0.50	0.85	0.78	0.21	0.82	40.27	0.12	2831.00	685.00	0.24	2833.00
73	0.67	0.50	0.85	0.77	0.22	0.80	40.67	0.14	2818.00	718.00	0.25	2820.00
74	0.68	0.50	0.85	0.77	0.23	0.81	40.07	0.12	2831.00	694.00	0.25	2833.00
75	0.68	0.50	0.85	0.77	0.23	0.81	40.53	0.13	2825.00	699.00	0.25	2827.00
76	0.68	0.50	0.85	0.78	0.23	0.81	40.87	0.13	2809.00	698.00	0.25	2811.00
77	0.68	0.50	0.85	0.77	0.23	0.81	40.13	0.13	2831.00	704.00	0.25	2833.00
78	0.67	0.50	0.85	0.78	0.23	0.81	40.27	0.13	2829.00	686.00	0.24	2831.00
79	0.67	0.50	0.85	0.78	0.24	0.81	40.33	0.13	2830.00	699.00	0.25	2832.00
80	0.67	0.50	0.85	0.77	0.20	0.81	40.40	0.13	2830.00	712.00	0.25	2832.00
81	0.68	0.50	0.85	0.79	0.23	0.81	40.60	0.13	2827.00	709.00	0.25	2829.00
82	0.68	0.50	0.85	0.76	0.22	0.80	40.60	0.14	2820.00	725.00	0.26	2822.00
83	0.67	0.50	0.85	0.78	0.23	0.82	40.20	0.13	2811.00	699.00	0.25	2814.00
84	0.67	0.50	0.85	0.77	0.22	0.81	40.47	0.13	2826.00	718.00	0.25	2828.00
85	0.68	0.50	0.85	0.77	0.22	0.81	40.27	0.13	2806.00	707.00	0.25	2808.00
86	0.68	0.50	0.85	0.77	0.23	0.80	40.27	0.14	2824.00	716.00	0.25	2826.00
87	0.68	0.50	0.85	0.77	0.22	0.81	40.27	0.13	2821.00	710.00	0.25	2823.00
88	0.68	0.50	0.85	0.77	0.23	0.81	40.87	0.13	2816.00	710.00	0.25	2818.00
89	0.67	0.50	0.85	0.78	0.23	0.81	40.40	0.13	2824.00	705.00	0.25	2826.00
90	0.68	0.50	0.85	0.78	0.22	0.81	40.07	0.13	2835.00	698.00	0.25	2837.00
91	0.68	0.50	0.85	0.78	0.23	0.81	40.20	0.13	2819.00	688.00	0.24	2821.00
92	0.68	0.50	0.85	0.78	0.20	0.81	40.33	0.12	2803.00	702.00	0.25	2805.00
93	0.69	0.50	0.85	0.79	0.23	0.81	40.07	0.13	2830.00	704.00	0.25	2832.00
94	0.68	0.50	0.85	0.78	0.22	0.82	40.00	0.13	2823.00	689.00	0.24	2825.00
95	0.68	0.50	0.85	0.78	0.20	0.81	40.47	0.13	2815.00	688.00	0.24	2817.00
96	0.68	0.50	0.85	0.78	0.23	0.82	40.33	0.12	2820.00	686.00	0.24	2822.00
97	0.68	0.50	0.85	0.78	0.21	0.81	40.07	0.13	2833.00	698.00	0.25	2835.00
98	0.68	0.50	0.85	0.78	0.23	0.81	40.27	0.13	2822.00	701.00	0.25	2824.00
99	0.68	0.50	0.85	0.79	0.23	0.81	40.47	0.13	2816.00	701.00	0.25	2818.00
100	0.68	0.50	0.85	0.78	0.23	0.82	39.87	0.12	2806.00	696.00	0.25	2808.00
101	0.67	0.50	0.85	0.77	0.21	0.81	40.27	0.12	2835.00	698.00	0.25	2837.00
102	0.69	0.50	0.84	0.78	0.21	0.81	40.47	0.13	2810.00	699.00	0.25	2812.00
103	0.68	0.50	0.85	0.77	0.21	0.81	40.40	0.13	2823.00	718.00	0.25	2825.00
104	0.68	0.50	0.85	0.77	0.22	0.81	40.40	0.13	2819.00	694.00	0.25	2821.00
105	0.68	0.50	0.85	0.78	0.22	0.82	40.47	0.13	2828.00	683.00	0.24	2830.00
106	0.67	0.50	0.85	0.77	0.23	0.80	40.47	0.13	2810.00	712.00	0.25	2812.00
107	0.68	0.50	0.85	0.77	0.23	0.81	40.47	0.13	2833.00	708.00	0.25	2835.00
108	0.68	0.50	0.85	0.77	0.23	0.81	40.33	0.13	2840.00	722.00	0.25	2842.00
109	0.68	0.50	0.85	0.79	0.22	0.82	40.33	0.13	2823.00	691.00	0.24	2825.00
110	0.67	0.50	0.85	0.78	0.22	0.81	40.47	0.13	2826.00	700.00	0.25	2828.00
111	0.68	0.50	0.85	0.77	0.21	0.81	40.53	0.13	2822.00	701.00	0.25	2824.00
112	0.67	0.50	0.85	0.78	0.21	0.81	40.20	0.13	2832.00	708.00	0.25	2834.00
113	0.67	0.50	0.85	0.76	0.22	0.80	40.53	0.13	2817.00	729.00	0.26	2819.00
114	0.68	0.50	0.85	0.79	0.22	0.82	40.07	0.12	2811.00	677.00	0.24	2813.00
115	0.68	0.50	0.85	0.78	0.21	0.82	40.67	0.12	2839.00	687.00	0.24	2841.00
116	0.68	0.50	0.84	0.77	0.20	0.81	40.33	0.13	2814.00	712.00	0.25	2816.00
117	0.68	0.50	0.85	0.78	0.22	0.81	40.07	0.13	2822.00	701.00	0.25	2824.00
118	0.68	0.50	0.85	0.77	0.23	0.81	40.20	0.13	2818.00	707.00	0.25	2820.00
119	0.67	0.50	0.85	0.78	0.23	0.81	40.33	0.13	2818.00	699.00	0.25	2820.00
120	0.68	0.50	0.85	0.77	0.23	0.80	40.40	0.13	2825.00	718.00	0.25	2827.00
121	0.68	0.50	0.85	0.77	0.23	0.80	40.40	0.14	2815.00	710.00	0.25	2817.00
122	0.68	0.50	0.85	0.77	0.23	0.81	40.33	0.13	2828.00	716.00	0.25	2830.00
123	0.67	0.50	0.85	0.78	0.23	0.81	40.33	0.13	2832.00	704.00	0.25	2834.00
124	0.68	0.50	0.85	0.77	0.22	0.81	40.60	0.13	2820.00	706.00	0.25	2822.00
125	0.69	0.50	0.85	0.78	0.23	0.81	40.53	0.12	2815.00	706.00	0.25	2817.00
126	0.68	0.50	0.85	0.77	0.23	0.81	40.00	0.13	2815.00	695.00	0.25	2817.00
127	0.68	0.50	0.85	0.77	0.20	0.81	40.47	0.13	2819.00	710.00	0.25	2821.00
128	0.67	0.50	0.85	0.77	0.22	0.81	40.00	0.13	2818.00	705.00	0.25	2820.00
129	0.68	0.50	0.85	0.78	0.23	0.81	40.47	0.13	2832.00	697.00	0.25	2834.00
130	0.67	0.50	0.85	0.78	0.23	0.81	40.40	0.13	2823.00	698.00	0.25	2825.00
131	0.68	0.50	0.85	0.78	0.21	0.81	39.80	0.13	2818.00	696.00	0.25	2820.00
132	0.67	0.50	0.85	0.78	0.22	0.81	40.73	0.14	2834.00	728.00	0.26	2836.00
133	0.69	0.50	0.85	0.78	0.21	0.81	40.60	0.13	2813.00	709.00	0.25	2815.00
134	0.68	0.50	0.85	0.76	0.22	0.80	40.40	0.13	2831.00	723.00	0.26	2833.00
135	0.67	0.50	0.85	0.78	0.21	0.81	40.93	0.13	2809.00	703.00	0.25	2811.00
136	0.69	0.50	0.85	0.78	0.23	0.82	40.47	0.12	2836.00	693.00	0.24	2838.00
137	0.67	0.50	0.85	0.77	0.21	0.81	40.00	0.13	2809.00	706.00	0.25	2811.00
138	0.68	0.50	0.85	0.77	0.22	0.81	40.20	0.13	2837.00	710.00	0.25	2839.00
139	0.68	0.50	0.85	0.78	0.22	0.81	40.73	0.12	2814.00	706.00	0.25	2816.00
140	0.69	0.50	0.85	0.79	0.23	0.81	40.67	0.13	2830.00	700.00	0.25	2832.00
141	0.68	0.50	0.85	0.78	0.23	0.81	40.60	0.13	2817.00	707.00	0.25	2819.00
142	0.68	0.50	0.85	0.77	0.24	0.81	40.60	0.13	2824.00	691.00	0.24	2826.00
143	0.67	0.50	0.85	0.78	0.23	0.81	40.73	0.13	2806.00	702.00	0.25	2808.00
144	0.68	0.50	0.85	0.78	0.23	0.81	40.60	0.12	2822.00	700.00	0.25	2824.00
145	0.67	0.50	0.85	0.78	0.22	0.80	40.53	0.14	2833.00	712.00	0.25	2835.00
146	0.68	0.50	0.85	0.78	0.22	0.82	40.33	0.13	2823.00	680.00	0.24	2825.00
147	0.68	0.50	0.85	0.78	0.23	0.81	40.13	0.13	2818.00	689.00	0.24	2820.00
148	0.67	0.50	0.85	0.78	0.23	0.81	40.87	0.13	2818.00	721.00	0.26	2820.00
149	0.68	0.50	0.85	0.77	0.20	0.81	40.13	0.13	2820.00	709.00	0.25	2822.00
150	0.68	0.50	0.85	0.77	0.23	0.81	40.40	0.13	2819.00	712.00	0.25	2821.00
151	0.68	0.50	0.85	0.78	0.22	0.81	40.07	0.13	2833.00	707.00	0.25	2835.00
152	0.67	0.50	0.85	0.78	0.24	0.81	40.33	0.13	2826.00	701.00	0.25	2828.00
153	0.68	0.50	0.85	0.78	0.23	0.82	40.07	0.12	2817.00	678.00	0.24	2819.00
154	0.68	0.50	0.85	0.78	0.22	0.81	40.40	0.13	2816.00	702.00	0.25	2818.00
155	0.69	0.50	0.85	0.78	0.22	0.81	40.27	0.13	2828.00	705.00	0.25	2830.00
156	0.68	0.50	0.85	0.77	0.23	0.81	40.47	0.13	2827.00	714.00	0.25	2829.00
157	0.68	0.50	0.85	0.78	0.21	0.81	40.47	0.12	2825.00	686.00	0.24	2827.00
158	0.68	0.50	0.85	0.78	0.22	0.81	40.67	0.13	2810.00	708.00	0.25	2812.00
159	0.68	0.50	0.85	0.78	0.22	0.81	40.07	0.13	2811.00	702.00	0.25	2813.00
160	0.67	0.50	0.85	0.78	0.22	0.81	40.67	0.13	2822.00	703.00	0.25	2824.00
161	0.69	0.50	0.85	0.77	0.23	0.81	39.93	0.12	2813.00	685.00	0.24	2815.00
162	0.67	0.50	0.85	0.78	0.20	0.81	40.33	0.13	2827.00	713.00	0.25	2829.00
163	0.68	0.50	0.85	0.79	0.21	0.82	40.40	0.12	2809.00	673.00	0.24	2811.00
164	0.68	0.50	0.85	0.78	0.22	0.82	40.33	0.12	2812.00	698.00	0.25	2814.00
165	0.67	0.50	0.85	0.77	0.20	0.80	40.47	0.13	2828.00	710.00	0.25	2830.00
166	0.68	0.50	0.85	0.78	0.23	0.81	40.40	0.13	2836.00	714.00	0.25	2838.00
167	0.68	0.50	0.85	0.79	0.22	0.81	40.27	0.12	2823.00	700.00	0.25	2825.00
168	0.69	0.50	0.85	0.77	0.21	0.81	40.53	0.13	2825.00	701.00	0.25	2827.00
169	0.68	0.50	0.85	0.78	0.23	0.81	40.47	0.13	2821.00	705.00	0.25	2823.00
170	0.67	0.50	0.85	0.77	0.23	0.81	40.07	0.13	2821.00	705.00	0.25	2823.00
171	0.69	0.50	0.85	0.78	0.24	0.82	40.60	0.12	2812.00	682.00	0.24	2814.00
172	0.67	0.50	0.85	0.77	0.24	0.81	40.40	0.13	2824.00	697.00	0.25	2826.00
173	0.68	0.50	0.85	0.78	0.22	0.82	40.27	0.12	2836.00	689.00	0.24	2838.00
174	0.67	0.50	0.85	0.78	0.23	0.80	40.67	0.14	2820.00	724.00	0.26	2822.00
175	0.68	0.50	0.85	0.77	0.23	0.81	40.40	0.13	2838.00	726.00	0.26	2840.00
176	0.69	0.50	0.85	0.77	0.23	0.81	40.87	0.13	2832.00	704.00	0.25	2834.00
177	0.67	0.50	0.85	0.77	0.21	0.80	40.20	0.13	2813.00	722.00	0.26	2815.00
178	0.68	0.50	0.84	0.78	0.22	0.81	40.60	0.13	2796.00	696.00	0.25	2798.00
179	0.67	0.50	0.85	0.78	0.21	0.81	40.27	0.13	2806.00	703.00	0.25	2808.00
180	0.67	0.50	0.85	0.78	0.22	0.80	40.40	0.14	2826.00	707.00	0.25	2828.00
181	0.68	0.50	0.85	0.78	0.21	0.81	40.27	0.13	2830.00	689.00	0.24	2832.00
182	0.68	0.50	0.85	0.77	0.22	0.81	40.07	0.13	2826.00	703.00	0.25	2828.00
183	0.68	0.50	0.85	0.78	0.22	0.82	40.67	0.13	2818.00	693.00	0.25	2820.00
184	0.66	0.50	0.85	0.78	0.20	0.80	40.33	0.13	2826.00	724.00	0.26	2828.00
185	0.68	0.50	0.85	0.78	0.21	0.81	40.60	0.13	2827.00	699.00	0.25	2829.00
186	0.67	0.50	0.85	0.77	0.21	0.81	40.47	0.13	2833.00	712.00	0.25	2835.00
187	0.67	0.50	0.85	0.78	0.22	0.81	40.20	0.13	2822.00	696.00	0.25	2824.00
188	0.68	0.50	0.85	0.77	0.21	0.81	40.40	0.13	2825.00	723.00	0.26	2827.00
189	0.68	0.50	0.85	0.78	0.23	0.82	40.53	0.13	2818.00	699.00	0.25	2820.00
190	0.68	0.50	0.85	0.78	0.23	0.81	40.53	0.13	2816.00	698.00	0.25	2818.00
191	0.68	0.50	0.85	0.78	0.23	0.81	40.40	0.13	2826.00	691.00	0.24	2828.00
192	0.68	0.50	0.85	0.78	0.23	0.81	40.27	0.13	2823.00	712.00	0.25	2825.00
193	0.68	0.50	0.85	0.78	0.23	0.81	40.13	0.13	2833.00	702.00	0.25	2835.00
194	0.67	0.50	0.85	0.78	0.21	0.81	40.40	0.13	2813.00	706.00	0.25	2815.00
195	0.68	0.50	0.85	0.79	0.21	0.81	40.60	0.13	2832.00	695.00	0.25	2834.00
196	0.68	0.50	0.85	0.79	0.21	0.82	40.40	0.13	2822.00	680.00	0.24	2824.00
197	0.67	0.50	0.85	0.78	0.21	0.81	40.47	0.13	2820.00	719.00	0.25	2822.00
198	0.68	0.50	0.85	0.79	0.22	0.81	40.40	0.13	2817.00	695.00	0.25	2819.00
199	0.68	0.50	0.85	0.79	0.23	0.81	40.47	0.13	2806.00	700.00	0.25	2808.00
200	0.67	0.50	0.85	0.77	0.21	0.81	40.40	0.13	2812.00	704.00	0.25	2814.00
201	0.67	0.50	0.85	0.78	0.23	0.81	40.13	0.13	2816.00	697.00	0.25	2818.00
202	0.68	0.50	0.85	0.78	0.23	0.82	40.20	0.13	2829.00	703.00	0.25	2831.00
203	0.68	0.50	0.85	0.78	0.23	0.82	40.47	0.13	2829.00	695.00	0.25	2831.00
204	0.67	0.50	0.85	0.78	0.21	0.80	40.20	0.14	2826.00	712.00	0.25	2828.00
205	0.67	0.50	0.85	0.77	0.24	0.80	40.73	0.14	2832.00	717.00	0.25	2834.00
206	0.69	0.50	0.85	0.78	0.23	0.81	40.13	0.12	2826.00	696.00	0.25	2828.00
207	0.67	0.50	0.85	0.78	0.22	0.81	40.53	0.13	2815.00	705.00	0.25	2817.00
208	0.68	0.50	0.85	0.78	0.23	0.82	40.60	0.13	2827.00	690.00	0.24	2829.00
209	0.68	0.50	0.85	0.78	0.22	0.82	40.53	0.12	2842.00	682.00	0.24	2844.00
210	0.69	0.50	0.85	0.77	0.23	0.81	40.53	0.13	2820.00	691.00	0.25	2822.00
211	0.68	0.50	0.85	0.77	0.21	0.81	40.07	0.13	2812.00	701.00	0.25	2814.00
212	0.68	0.50	0.85	0.78	0.22	0.81	40.20	0.13	2836.00	711.00	0.25	2838.00
213	0.68	0.50	0.85	0.78	0.23	0.81	40.73	0.13	2818.00	707.00	0.25	2820.00
214	0.69	0.50	0.85	0.77	0.23	0.81	40.67	0.13	2831.00	706.00	0.25	2833.00
215	0.68	0.50	0.85	0.78	0.23	0.82	40.13	0.13	2810.00	697.00	0.25	2812.00
216	0.68	0.50	0.85	0.77	0.23	0.81	40.27	0.13	2821.00	709.00	0.25	2823.00
217	0.68	0.50	0.85	0.77	0.22	0.81	40.47	0.13	2810.00	701.00	0.25	2812.00
218	0.69	0.50	0.85	0.78	0.23	0.82	40.60	0.12	2822.00	700.00	0.25	2824.00
219	0.67	0.50	0.85	0.78	0.22	0.81	40.67	0.13	2831.00	702.00	0.25	2833.00
220	0.68	0.50	0.85	0.77	0.23	0.81	40.40	0.12	2822.00	696.00	0.25	2824.00
221	0.67	0.50	0.85	0.77	0.22	0.81	40.33	0.13	2831.00	701.00	0.25	2833.00
222	0.69	0.50	0.85	0.78	0.23	0.81	39.73	0.13	2832.00	703.00	0.25	2834.00
223	0.68	0.50	0.85	0.77	0.23	0.81	40.33	0.13	2831.00	710.00	0.25	2833.00
224	0.69	0.50	0.85	0.78	0.21	0.82	40.33	0.12	2831.00	691.00	0.24	2833.00
225	0.68	0.50	0.85	0.78	0.21	0.81	40.60	0.13	2831.00	708.00	0.25	2833.00
226	0.68	0.50	0.85	0.77	0.21	0.81	40.60	0.13	2824.00	706.00	0.25	2826.00
227	0.68	0.50	0.85	0.77	0.22	0.81	40.60	0.13	2805.00	694.00	0.25	2807.00
228	0.68	0.50	0.85	0.77	0.23	0.80	40.33	0.14	2825.00	719.00	0.25	2827.00
229	0.68	0.50	0.85	0.77	0.21	0.81	39.93	0.13	2827.00	706.00	0.25	2829.00
230	0.68	0.50	0.85	0.79	0.23	0.81	40.53	0.13	2816.00	713.00	0.25	2818.00
231	0.67	0.50	0.85	0.79	0.22	0.81	40.13	0.13	2825.00	708.00	0.25	2827.00
232	0.68	0.50	0.85	0.77	0.23	0.81	40.40	0.13	2829.00	702.00	0.25	2831.00
233	0.67	0.50	0.85	0.78	0.22	0.81	40.60	0.13	2814.00	696.00	0.25	2816.00
234	0.68	0.50	0.85	0.78	0.23	0.82	40.07	0.12	2809.00	678.00	0.24	2811.00
235	0.68	0.50	0.85	0.76	0.22	0.80	40.47	0.14	2817.00	727.00	0.26	2819.00
236	0.68	0.50	0.85	0.78	0.24	0.81	40.33	0.13	2817.00	701.00	0.25	2819.00
237	0.68	0.50	0.85	0.78	0.22	0.81	40.60	0.13	2834.00	694.00	0.24	2836.00
238	0.67	0.50	0.85	0.78	0.21	0.81	40.33	0.13	2814.00	725.00	0.26	2816.00
239	0.67	0.50	0.85	0.78	0.22	0.81	40.07	0.13	2820.00	712.00	0.25	2822.00
240	0.67	0.50	0.85	0.78	0.23	0.80	40.33	0.14	2805.00	716.00	0.26	2807.00
241	0.67	0.50	0.85	0.78	0.23	0.81	40.13	0.13	2819.00	707.00	0.25	2821.00
242	0.68	0.50	0.85	0.77	0.21	0.81	40.07	0.13	2825.00	699.00	0.25	2827.00
243	0.69	0.50	0.85	0.77	0.21	0.81	40.20	0.13	2808.00	715.00	0.25	2810.00
244	0.68	0.50	0.85	0.78	0.21	0.80	40.40	0.13	2833.00	716.00	0.25	2835.00
245	0.67	0.50	0.85	0.79	0.23	0.80	40.60	0.14	2822.00	711.00	0.25	2824.00
246	0.69	0.50	0.85	0.78	0.22	0.81	40.00	0.13	2831.00	703.00	0.25	2833.00
247	0.68	0.50	0.85	0.79	0.23	0.81	40.40	0.13	2822.00	693.00	0.25	2824.00
248	0.66	0.50	0.85	0.78	0.23	0.80	40.53	0.14	2818.00	719.00	0.26	2820.00
249	0.68	0.50	0.85	0.77	0.22	0.80	40.40	0.14	2825.00	721.00	0.26	2827.00
250	0.68	0.50	0.85	0.77	0.23	0.81	40.73	0.13	2823.00	707.00	0.25	2825.00
251	0.68	0.50	0.85	0.78	0.23	0.81	40.40	0.13	2814.00	704.00	0.25	2816.00
252	0.67	0.50	0.85	0.78	0.20	0.81	40.47	0.13	2820.00	718.00	0.25	2822.00
253	0.67	0.50	0.85	0.78	0.22	0.81	40.40	0.13	2823.00	710.00	0.25	2825.00
254	0.68	0.50	0.85	0.79	0.24	0.82	40.40	0.13	2823.00	684.00	0.24	2825.00
255	0.68	0.50	0.85	0.78	0.22	0.81	40.20	0.13	2823.00	698.00	0.25	2825.00
256	0.68	0.50	0.85	0.78	0.22	0.81	40.07	0.13	2816.00	701.00	0.25	2818.00
257	0.68	0.50	0.85	0.77	0.23	0.81	40.60	0.13	2804.00	693.00	0.25	2806.00
258	0.68	0.50	0.85	0.77	0.22	0.81	39.93	0.13	2813.00	701.00	0.25	2815.00
259	0.68	0.50	0.85	0.77	0.21	0.80	40.53	0.13	2828.00	713.00	0.25	2830.00
260	0.68	0.50	0.85	0.77	0.23	0.81	40.47	0.13	2842.00	707.00	0.25	2844.00
261	0.67	0.50	0.85	0.78	0.22	0.81	40.40	0.13	2829.00	708.00	0.25	2831.00
262	0.68	0.50	0.85	0.78	0.22	0.81	40.27	0.13	2821.00	699.00	0.25	2823.00
263	0.68	0.50	0.85	0.77	0.21	0.81	40.00	0.13	2810.00	695.00	0.25	2812.00
264	0.68	0.50	0.85	0.78	0.23	0.81	40.60	0.13	2819.00	704.00	0.25	2821.00
265	0.67	0.50	0.85	0.77	0.23	0.81	40.40	0.13	2829.00	719.00	0.25	2831.00
266	0.68	0.50	0.85	0.78	0.23	0.81	40.53	0.13	2820.00	698.00	0.25	2822.00
267	0.68	0.50	0.85	0.77	0.23	0.81	40.40	0.13	2828.00	698.00	0.25	2830.00
268	0.68	0.50	0.85	0.77	0.21	0.81	40.67	0.13	2817.00	697.00	0.25	2819.00
269	0.68	0.50	0.85	0.78	0.23	0.81	40.33	0.13	2826.00	710.00	0.25	2828.00
270	0.68	0.50	0.85	0.77	0.22	0.81	40.13	0.13	2813.00	719.00	0.26	2815.00
271	0.67	0.50	0.85	0.77	0.23	0.81	40.67	0.13	2839.00	717.00	0.25	2841.00
272	0.67	0.50	0.85	0.77	0.21	0.81	40.40	0.13	2826.00	715.00	0.25	2828.00
273	0.67	0.50	0.85	0.77	0.23	0.81	40.27	0.13	2815.00	702.00	0.25	2817.00
274	0.68	0.50	0.85	0.78	0.23	0.81	40.13	0.13	2819.00	703.00	0.25	2821.00
275	0.68	0.50	0.85	0.78	0.23	0.81	40.13	0.13	2812.00	707.00	0.25	2814.00
276	0.68	0.50	0.85	0.78	0.22	0.81	40.53	0.13	2808.00	695.00	0.25	2810.00
277	0.68	0.50	0.85	0.78	0.22	0.81	40.33	0.13	2825.00	701.00	0.25	2827.00
278	0.69	0.50	0.85	0.78	0.24	0.81	40.53	0.13	2821.00	695.00	0.25	2823.00
279	0.68	0.50	0.85	0.77	0.22	0.81	40.27	0.13	2826.00	713.00	0.25	2828.00
280	0.67	0.50	0.85	0.78	0.21	0.81	40.40	0.13	2824.00	707.00	0.25	2826.00
281	0.67	0.50	0.85	0.77	0.23	0.80	40.40	0.13	2815.00	723.00	0.26	2817.00
282	0.68	0.50	0.85	0.77	0.21	0.81	40.53	0.13	2822.00	711.00	0.25	2824.00
283	0.68	0.50	0.85	0.79	0.22	0.82	40.20	0.13	2807.00	695.00	0.25	2809.00
284	0.67	0.50	0.84	0.78	0.23	0.81	40.40	0.13	2810.00	694.00	0.25	2812.00
285	0.67	0.50	0.85	0.77	0.22	0.80	40.53	0.14	2831.00	717.00	0.25	2833.00
286	0.67	0.50	0.85	0.78	0.22	0.81	40.33	0.13	2810.00	702.00	0.25	2812.00
287	0.68	0.50	0.85	0.78	0.23	0.82	40.40	0.13	2825.00	686.00	0.24	2827.00
288	0.68	0.50	0.85	0.79	0.23	0.82	40.13	0.13	2807.00	693.00	0.25	2809.00
289	0.68	0.50	0.85	0.78	0.23	0.81	40.47	0.13	2818.00	707.00	0.25	2820.00
290	0.67	0.50	0.85	0.77	0.21	0.80	40.67	0.13	2832.00	720.00	0.25	2834.00
291	0.67	0.50	0.85	0.77	0.22	0.81	40.67	0.13	2828.00	700.00	0.25	2831.00
292	0.68	0.50	0.85	0.79	0.23	0.82	40.13	0.12	2818.00	688.00	0.24	2821.00
293	0.67	0.50	0.85	0.77	0.21	0.80	40.07	0.14	2821.00	716.00	0.25	2823.00
294	0.68	0.50	0.85	0.77	0.23	0.81	40.33	0.13	2821.00	705.00	0.25	2823.00
295	0.68	0.50	0.85	0.79	0.22	0.81	40.80	0.13	2832.00	703.00	0.25	2834.00
296	0.69	0.50	0.85	0.78	0.23	0.82	40.53	0.13	2842.00	688.00	0.24	2844.00
297	0.69	0.50	0.85	0.78	0.23	0.81	40.40	0.13	2821.00	708.00	0.25	2823.00
298	0.67	0.50	0.85	0.78	0.23	0.81	40.33	0.13	2815.00	716.00	0.25	2817.00
299	0.69	0.50	0.85	0.78	0.23	0.81	40.53	0.13	2825.00	700.00	0.25	2827.00
300	0.68	0.50	0.85	0.77	0.23	0.82	40.60	0.13	2821.00	710.00	0.25	2823.00
301	0.68	0.50	0.85	0.77	0.20	0.81	40.47	0.13	2809.00	690.00	0.25	2811.00
302	0.67	0.50	0.85	0.77	0.22	0.80	40.00	0.13	2813.00	717.00	0.25	2815.00
303	0.68	0.50	0.85	0.78	0.22	0.80	40.20	0.14	2838.00	723.00	0.25	2840.00
304	0.68	0.50	0.85	0.78	0.23	0.81	40.53	0.13	2821.00	717.00	0.25	2823.00
305	0.67	0.50	0.85	0.77	0.22	0.81	40.53	0.13	2821.00	712.00	0.25	2823.00
306	0.68	0.50	0.85	0.78	0.23	0.81	40.47	0.13	2815.00	695.00	0.25	2817.00
307	0.68	0.50	0.85	0.79	0.21	0.82	40.47	0.13	2818.00	694.00	0.25	2820.00
308	0.68	0.50	0.85	0.78	0.23	0.82	40.40	0.12	2819.00	697.00	0.25	2821.00
309	0.68	0.50	0.85	0.77	0.22	0.81	40.20	0.13	2825.00	683.00	0.24	2827.00
310	0.67	0.50	0.85	0.77	0.23	0.81	40.33	0.14	2811.00	718.00	0.26	2813.00
311	0.68	0.50	0.85	0.77	0.22	0.81	40.47	0.13	2820.00	713.00	0.25	2822.00
312	0.68	0.50	0.85	0.79	0.23	0.81	40.47	0.13	2820.00	705.00	0.25	2822.00
313	0.68	0.50	0.85	0.78	0.23	0.81	40.13	0.13	2829.00	695.00	0.25	2831.00
314	0.68	0.50	0.85	0.78	0.22	0.81	40.20	0.13	2830.00	703.00	0.25	2832.00
315	0.68	0.50	0.85	0.78	0.24	0.82	40.20	0.13	2798.00	673.00	0.24	2800.00
316	0.68	0.50	0.85	0.78	0.22	0.81	40.60	0.13	2827.00	704.00	0.25	2829.00
317	0.68	0.50	0.85	0.77	0.21	0.81	40.47	0.13	2820.00	707.00	0.25	2822.00
318	0.67	0.50	0.85	0.76	0.22	0.80	40.67	0.13	2823.00	729.00	0.26	2825.00
319	0.67	0.50	0.85	0.77	0.21	0.81	40.20	0.13	2816.00	710.00	0.25	2818.00
320	0.68	0.50	0.85	0.78	0.24	0.81	40.60	0.13	2817.00	701.00	0.25	2819.00
321	0.68	0.50	0.85	0.78	0.23	0.81	40.53	0.13	2829.00	711.00	0.25	2831.00
322	0.67	0.50	0.85	0.77	0.22	0.80	40.67	0.14	2823.00	720.00	0.26	2825.00
323	0.67	0.50	0.85	0.78	0.21	0.80	40.60	0.14	2825.00	719.00	0.25	2827.00
324	0.67	0.50	0.85	0.77	0.21	0.80	40.33	0.13	2812.00	738.00	0.26	2814.00
325	0.67	0.50	0.85	0.79	0.23	0.81	40.27	0.13	2820.00	696.00	0.25	2822.00
326	0.68	0.50	0.85	0.77	0.22	0.81	40.53	0.13	2828.00	701.00	0.25	2830.00
327	0.68	0.50	0.85	0.77	0.22	0.81	40.33	0.13	2816.00	699.00	0.25	2818.00
328	0.67	0.50	0.85	0.78	0.23	0.81	40.13	0.13	2824.00	697.00	0.25	2826.00
329	0.68	0.50	0.85	0.77	0.22	0.81	39.87	0.13	2821.00	698.00	0.25	2823.00
330	0.68	0.50	0.85	0.78	0.22	0.81	40.07	0.13	2822.00	702.00	0.25	2824.00
331	0.68	0.50	0.85	0.78	0.23	0.81	40.27	0.13	2823.00	704.00	0.25	2825.00
332	0.68	0.50	0.85	0.78	0.23	0.81	40.13	0.14	2820.00	700.00	0.25	2822.00
333	0.67	0.50	0.85	0.78	0.23	0.81	40.40	0.13	2829.00	716.00	0.25	2831.00
334	0.67	0.50	0.85	0.77	0.21	0.81	40.40	0.13	2805.00	705.00	0.25	2807.00
335	0.68	0.50	0.85	0.77	0.22	0.81	40.27	0.13	2820.00	691.00	0.25	2822.00
336	0.68	0.50	0.85	0.79	0.22	0.81	40.53	0.13	2828.00	705.00	0.25	2830.00
337	0.69	0.50	0.85	0.77	0.23	0.81	40.47	0.13	2823.00	689.00	0.24	2825.00
338	0.69	0.50	0.85	0.79	0.23	0.82	40.67	0.12	2814.00	680.00	0.24	2816.00
339	0.68	0.50	0.85	0.77	0.23	0.80	40.53	0.14	2812.00	708.00	0.25	2814.00
340	0.67	0.50	0.85	0.78	0.21	0.80	40.53	0.14	2815.00	714.00	0.25	2817.00
341	0.68	0.50	0.85	0.77	0.23	0.81	40.20	0.12	2814.00	690.00	0.25	2816.00
342	0.67	0.50	0.85	0.78	0.22	0.81	39.93	0.13	2824.00	720.00	0.25	2826.00
343	0.68	0.50	0.85	0.77	0.22	0.81	40.20	0.13	2819.00	711.00	0.25	2821.00
344	0.67	0.50	0.85	0.78	0.22	0.80	40.47	0.14	2828.00	723.00	0.26	2830.00
345	0.67	0.50	0.85	0.77	0.22	0.81	40.80	0.13	2823.00	715.00	0.25	2825.00
346	0.68	0.50	0.85	0.77	0.23	0.82	40.00	0.13	2826.00	695.00	0.25	2828.00
347	0.68	0.50	0.85	0.77	0.22	0.80	40.47	0.14	2822.00	700.00	0.25	2824.00
348	0.68	0.50	0.85	0.77	0.22	0.81	40.47	0.13	2829.00	715.00	0.25	2831.00
349	0.68	0.50	0.85	0.78	0.22	0.82	40.33	0.12	2807.00	687.00	0.24	2809.00
350	0.68	0.50	0.85	0.78	0.23	0.81	40.47	0.13	2820.00	702.00	0.25	2822.00
351	0.68	0.50	0.85	0.77	0.21	0.81	40.40	0.13	2820.00	712.00	0.25	2822.00
352	0.67	0.50	0.85	0.78	0.23	0.81	40.47	0.13	2818.00	706.00	0.25	2820.00
353	0.67	0.50	0.85	0.77	0.22	0.81	40.33	0.13	2838.00	713.00	0.25	2840.00
354	0.68	0.50	0.85	0.77	0.22	0.81	40.47	0.13	2820.00	705.00	0.25	2822.00
355	0.68	0.50	0.85	0.77	0.23	0.82	40.67	0.12	2823.00	697.00	0.25	2825.00
356	0.67	0.50	0.85	0.78	0.22	0.81	40.27	0.13	2834.00	690.00	0.24	2836.00
357	0.67	0.50	0.85	0.78	0.22	0.81	40.27	0.13	2833.00	704.00	0.25	2835.00
358	0.68	0.50	0.85	0.77	0.21	0.81	40.40	0.13	2829.00	713.00	0.25	2831.00
359	0.68	0.50	0.85	0.77	0.22	0.81	40.80	0.13	2817.00	708.00	0.25	2819.00
360	0.68	0.50	0.85	0.76	0.22	0.80	40.73	0.14	2801.00	718.00	0.26	2803.00
361	0.68	0.50	0.85	0.77	0.22	0.81	40.07	0.13	2831.00	701.00	0.25	2833.00
362	0.67	0.50	0.85	0.77	0.22	0.81	40.73	0.13	2834.00	723.00	0.26	2836.00
363	0.69	0.50	0.85	0.78	0.22	0.82	40.53	0.12	2820.00	683.00	0.24	2822.00
364	0.68	0.50	0.85	0.77	0.21	0.81	39.87	0.13	2813.00	701.00	0.25	2815.00
365	0.68	0.50	0.85	0.78	0.21	0.81	40.20	0.13	2826.00	702.00	0.25	2828.00
366	0.68	0.50	0.85	0.78	0.22	0.81	40.13	0.13	2836.00	693.00	0.24	2838.00
367	0.67	0.50	0.85	0.78	0.21	0.81	40.53	0.13	2824.00	688.00	0.24	2826.00
368	0.69	0.50	0.85	0.77	0.23	0.81	40.27	0.12	2817.00	702.00	0.25	2819.00
369	0.68	0.50	0.85	0.79	0.24	0.82	40.53	0.13	2828.00	692.00	0.24	2830.00
370	0.67	0.50	0.85	0.78	0.23	0.81	40.33	0.13	2818.00	717.00	0.25	2820.00
371	0.68	0.50	0.85	0.77	0.23	0.81	40.53	0.13	2813.00	698.00	0.25	2815.00
372	0.68	0.50	0.85	0.77	0.23	0.81	40.53	0.13	2830.00	715.00	0.25	2832.00
373	0.68	0.50	0.85	0.77	0.24	0.81	40.27	0.13	2826.00	698.00	0.25	2829.00
374	0.67	0.50	0.85	0.78	0.21	0.81	40.47	0.13	2809.00	699.00	0.25	2811.00
375	0.67	0.50	0.85	0.78	0.21	0.81	40.67	0.13	2826.00	710.00	0.25	2828.00
376	0.68	0.50	0.85	0.77	0.23	0.80	40.07	0.13	2830.00	720.00	0.25	2832.00
377	0.68	0.50	0.85	0.77	0.22	0.81	39.93	0.13	2822.00	694.00	0.25	2824.00
378	0.68	0.50	0.85	0.77	0.22	0.81	40.60	0.13	2816.00	710.00	0.25	2818.00
379	0.68	0.50	0.85	0.77	0.22	0.81	40.60	0.13	2838.00	713.00	0.25	2840.00
380	0.66	0.50	0.85	0.78	0.23	0.81	40.60	0.13	2827.00	706.00	0.25	2829.00
381	0.67	0.50	0.85	0.77	0.23	0.81	40.13	0.13	2828.00	712.00	0.25	2830.00
382	0.67	0.50	0.85	0.77	0.21	0.80	40.27	0.14	2820.00	711.00	0.25	2822.00
383	0.68	0.50	0.85	0.78	0.21	0.81	40.33	0.13	2821.00	702.00	0.25	2823.00
384	0.67	0.50	0.85	0.77	0.22	0.80	40.53	0.13	2831.00	728.00	0.26	2833.00
385	0.67	0.50	0.85	0.78	0.23	0.81	40.27	0.13	2815.00	710.00	0.25	2817.00
386	0.67	0.50	0.85	0.78	0.23	0.81	40.33	0.13	2814.00	713.00	0.25	2816.00
387	0.68	0.50	0.85	0.78	0.23	0.81	40.27	0.13	2815.00	691.00	0.25	2818.00
388	0.67	0.50	0.85	0.78	0.23	0.81	40.53	0.13	2807.00	716.00	0.26	2809.00
389	0.68	0.50	0.85	0.77	0.22	0.81	40.60	0.12	2820.00	701.00	0.25	2822.00
390	0.68	0.50	0.85	0.78	0.23	0.82	40.20	0.13	2824.00	692.00	0.25	2826.00
391	0.68	0.50	0.85	0.78	0.23	0.81	40.47	0.13	2801.00	701.00	0.25	2803.00
392	0.67	0.50	0.85	0.77	0.23	0.80	40.47	0.14	2814.00	719.00	0.26	2816.00
393	0.67	0.50	0.85	0.77	0.22	0.80	40.87	0.14	2811.00	719.00	0.26	2813.00
394	0.68	0.50	0.85	0.77	0.23	0.81	40.33	0.13	2831.00	714.00	0.25	2833.00
395	0.68	0.50	0.85	0.77	0.20	0.81	40.80	0.13	2828.00	711.00	0.25	2830.00
396	0.68	0.50	0.85	0.78	0.23	0.81	40.20	0.13	2827.00	705.00	0.25	2829.00
397	0.68	0.50	0.85	0.77	0.21	0.81	40.53	0.13	2814.00	706.00	0.25	2816.00
398	0.68	0.50	0.85	0.78	0.23	0.81	40.33	0.13	2820.00	692.00	0.25	2822.00
399	0.67	0.50	0.85	0.77	0.22	0.81	40.27	0.13	2818.00	704.00	0.25	2820.00
400	0.67	0.50	0.85	0.77	0.22	0.80	40.40	0.13	2827.00	723.00	0.26	2829.00
401	0.68	0.50	0.85	0.78	0.21	0.81	40.33	0.13	2817.00	697.00	0.25	2819.00
402	0.68	0.50	0.85	0.79	0.23	0.82	40.20	0.13	2823.00	693.00	0.25	2825.00
403	0.68	0.50	0.85	0.78	0.22	0.81	40.27	0.13	2815.00	700.00	0.25	2817.00
404	0.68	0.50	0.85	0.78	0.22	0.81	40.07	0.13	2823.00	692.00	0.25	2825.00
405	0.68	0.50	0.85	0.78	0.23	0.81	40.40	0.13	2817.00	691.00	0.25	2819.00
406	0.69	0.50	0.85	0.77	0.21	0.81	40.40	0.13	2817.00	699.00	0.25	2819.00
407	0.67	0.50	0.85	0.77	0.22	0.81	40.33	0.13	2812.00	710.00	0.25	2814.00
408	0.69	0.50	0.85	0.78	0.22	0.81	40.27	0.13	2810.00	693.00	0.25	2812.00
409	0.67	0.50	0.85	0.78	0.22	0.81	40.40	0.13	2835.00	704.00	0.25	2837.00
410	0.68	0.50	0.85	0.77	0.22	0.80	40.33	0.13	2833.00	721.00	0.25	2835.00
411	0.68	0.50	0.85	0.78	0.21	0.81	40.33	0.13	2804.00	688.00	0.25	2806.00
412	0.69	0.50	0.85	0.77	0.22	0.81	40.80	0.13	2840.00	699.00	0.25	2842.00
413	0.67	0.50	0.85	0.78	0.22	0.81	40.67	0.13	2820.00	713.00	0.25	2822.00
414	0.68	0.50	0.85	0.78	0.21	0.82	40.27	0.12	2837.00	691.00	0.24	2839.00
415	0.68	0.50	0.85	0.77	0.23	0.82	40.40	0.13	2838.00	691.00	0.24	2840.00
416	0.68	0.50	0.85	0.78	0.23	0.82	40.60	0.12	2819.00	676.00	0.24	2821.00
417	0.67	0.50	0.85	0.78	0.21	0.81	40.07	0.13	2814.00	712.00	0.25	2816.00
418	0.69	0.50	0.85	0.78	0.22	0.81	40.27	0.13	2805.00	698.00	0.25	2807.00
419	0.67	0.50	0.85	0.78	0.21	0.81	40.47	0.13	2814.00	703.00	0.25	2816.00
420	0.68	0.50	0.85	0.78	0.21	0.81	40.67	0.13	2801.00	719.00	0.26	2803.00
421	0.67	0.50	0.85	0.78	0.22	0.81	39.87	0.13	2826.00	689.00	0.24	2828.00
422	0.67	0.50	0.85	0.77	0.21	0.80	40.60	0.13	2815.00	713.00	0.25	2817.00
423	0.68	0.50	0.85	0.78	0.23	0.82	40.13	0.13	2835.00	703.00	0.25	2837.00
424	0.67	0.50	0.84	0.77	0.21	0.81	40.53	0.13	2801.00	710.00	0.25	2803.00
425	0.67	0.50	0.85	0.78	0.22	0.81	40.53	0.13	2820.00	716.00	0.25	2822.00
426	0.68	0.50	0.85	0.79	0.23	0.82	40.40	0.12	2812.00	690.00	0.25	2814.00
427	0.68	0.50	0.85	0.78	0.23	0.81	40.33	0.13	2823.00	704.00	0.25	2825.00
428	0.67	0.50	0.85	0.78	0.22	0.81	40.27	0.13	2819.00	702.00	0.25	2821.00
429	0.66	0.50	0.84	0.78	0.23	0.80	40.40	0.14	2813.00	724.00	0.26	2815.00
430	0.68	0.50	0.85	0.79	0.24	0.82	40.27	0.12	2814.00	680.00	0.24	2816.00
431	0.68	0.50	0.85	0.77	0.22	0.81	40.47	0.13	2822.00	691.00	0.24	2825.00
432	0.67	0.50	0.85	0.78	0.22	0.81	40.27	0.13	2812.00	698.00	0.25	2814.00
433	0.68	0.50	0.85	0.78	0.23	0.81	40.53	0.14	2822.00	715.00	0.25	2824.00
434	0.67	0.50	0.85	0.77	0.22	0.80	40.60	0.13	2838.00	726.00	0.26	2840.00
435	0.68	0.50	0.85	0.77	0.24	0.81	40.47	0.13	2811.00	683.00	0.24	2813.00
436	0.67	0.50	0.85	0.79	0.23	0.81	40.13	0.13	2816.00	682.00	0.24	2818.00
437	0.67	0.50	0.85	0.77	0.23	0.81	40.93	0.13	2828.00	716.00	0.25	2830.00
438	0.68	0.50	0.85	0.79	0.23	0.82	40.53	0.12	2806.00	687.00	0.24	2808.00
439	0.68	0.50	0.85	0.78	0.21	0.80	40.33	0.13	2824.00	718.00	0.25	2826.00
440	0.68	0.50	0.85	0.76	0.22	0.81	39.93	0.13	2821.00	706.00	0.25	2823.00
441	0.68	0.50	0.85	0.79	0.23	0.81	40.67	0.13	2816.00	697.00	0.25	2818.00
442	0.69	0.50	0.85	0.78	0.22	0.81	40.33	0.13	2809.00	697.00	0.25	2811.00
443	0.67	0.50	0.85	0.77	0.22	0.80	40.27	0.13	2810.00	712.00	0.25	2812.00
444	0.67	0.50	0.85	0.78	0.23	0.81	40.27	0.13	2803.00	696.00	0.25	2805.00
445	0.69	0.50	0.85	0.78	0.22	0.81	40.60	0.13	2825.00	703.00	0.25	2827.00
446	0.67	0.50	0.85	0.78	0.23	0.81	40.47	0.13	2812.00	715.00	0.25	2814.00
447	0.67	0.50	0.85	0.78	0.21	0.81	40.53	0.13	2833.00	716.00	0.25	2835.00
448	0.67	0.50	0.85	0.78	0.22	0.81	40.67	0.13	2813.00	708.00	0.25	2815.00
449	0.68	0.50	0.85	0.77	0.21	0.81	40.27	0.13	2807.00	695.00	0.25	2809.00
450	0.68	0.50	0.85	0.77	0.23	0.80	40.40	0.13	2802.00	718.00	0.26	2804.00
451	0.68	0.50	0.85	0.77	0.23	0.81	40.33	0.13	2820.00	719.00	0.25	2822.00
452	0.67	0.50	0.85	0.77	0.23	0.81	40.27	0.13	2817.00	706.00	0.25	2819.00
453	0.68	0.50	0.85	0.77	0.22	0.81	40.53	0.13	2827.00	705.00	0.25	2829.00
454	0.67	0.50	0.85	0.78	0.21	0.81	40.33	0.13	2822.00	698.00	0.25	2824.00
455	0.67	0.50	0.85	0.78	0.21	0.81	40.27	0.13	2805.00	697.00	0.25	2807.00
456	0.68	0.50	0.85	0.77	0.23	0.81	40.33	0.13	2810.00	699.00	0.25	2812.00
457	0.67	0.50	0.85	0.77	0.22	0.80	40.07	0.13	2822.00	713.00	0.25	2824.00
458	0.68	0.50	0.85	0.78	0.21	0.81	40.47	0.12	2823.00	695.00	0.25	2825.00
459	0.68	0.50	0.85	0.79	0.23	0.81	40.80	0.13	2834.00	696.00	0.25	2836.00
460	0.67	0.50	0.85	0.77	0.21	0.81	40.13	0.13	2824.00	714.00	0.25	2826.00
461	0.68	0.50	0.85	0.78	0.23	0.81	40.27	0.13	2825.00	702.00	0.25	2827.00
462	0.68	0.50	0.85	0.77	0.21	0.81	40.27	0.13	2813.00	713.00	0.25	2815.00
463	0.68	0.50	0.85	0.77	0.20	0.80	40.13	0.13	2824.00	716.00	0.25	2826.00
464	0.68	0.50	0.85	0.78	0.22	0.81	40.40	0.13	2843.00	697.00	0.25	2845.00
465	0.69	0.50	0.85	0.78	0.22	0.81	40.00	0.13	2826.00	709.00	0.25	2828.00
466	0.68	0.50	0.85	0.77	0.22	0.81	40.73	0.13	2826.00	686.00	0.24	2828.00
467	0.68	0.50	0.85	0.79	0.23	0.81	40.53	0.13	2817.00	701.00	0.25	2819.00
468	0.68	0.50	0.85	0.77	0.23	0.81	40.20	0.13	2812.00	693.00	0.25	2814.00
469	0.69	0.50	0.85	0.78	0.23	0.81	40.53	0.12	2829.00	695.00	0.25	2831.00
470	0.68	0.50	0.85	0.77	0.22	0.81	40.40	0.13	2806.00	704.00	0.25	2808.00
471	0.69	0.50	0.85	0.77	0.23	0.81	40.47	0.13	2836.00	698.00	0.25	2838.00
472	0.67	0.50	0.85	0.77	0.23	0.81	40.33	0.14	2825.00	718.00	0.25	2827.00
473	0.67	0.50	0.85	0.78	0.23	0.81	40.33	0.13	2815.00	710.00	0.25	2817.00
474	0.67	0.50	0.85	0.78	0.23	0.81	40.40	0.13	2815.00	712.00	0.25	2817.00
475	0.67	0.50	0.85	0.77	0.23	0.81	40.27	0.13	2831.00	718.00	0.25	2833.00
476	0.68	0.50	0.85	0.78	0.22	0.81	40.07	0.13	2819.00	701.00	0.25	2821.00
477	0.67	0.50	0.85	0.78	0.22	0.81	40.80	0.12	2820.00	711.00	0.25	2822.00
478	0.67	0.50	0.85	0.77	0.23	0.81	40.27	0.13	2831.00	719.00	0.25	2833.00
479	0.68	0.50	0.85	0.78	0.23	0.81	40.47	0.13	2814.00	709.00	0.25	2816.00
480	0.68	0.50	0.85	0.77	0.20	0.82	40.47	0.12	2817.00	696.00	0.25	2819.00
481	0.68	0.50	0.85	0.78	0.22	0.81	40.47	0.13	2817.00	697.00	0.25	2819.00
482	0.68	0.50	0.85	0.78	0.20	0.81	40.20	0.12	2815.00	690.00	0.25	2817.00
483	0.68	0.50	0.85	0.77	0.21	0.81	40.27	0.13	2823.00	719.00	0.25	2825.00
484	0.68	0.50	0.85	0.78	0.23	0.82	40.33	0.13	2830.00	685.00	0.24	2832.00
485	0.68	0.50	0.85	0.78	0.23	0.82	40.40	0.13	2829.00	706.00	0.25	2831.00
486	0.67	0.50	0.85	0.79	0.23	0.81	40.33	0.13	2812.00	702.00	0.25	2814.00
487	0.69	0.50	0.85	0.77	0.22	0.81	40.73	0.13	2810.00	721.00	0.26	2812.00
488	0.68	0.50	0.85	0.78	0.22	0.81	40.47	0.13	2834.00	716.00	0.25	2836.00
489	0.69	0.50	0.85	0.77	0.23	0.81	40.47	0.13	2831.00	706.00	0.25	2833.00
490	0.67	0.50	0.85	0.78	0.22	0.81	40.73	0.13	2818.00	715.00	0.25	2820.00
491	0.68	0.50	0.85	0.77	0.23	0.81	40.60	0.13	2798.00	704.00	0.25	2800.00
492	0.67	0.50	0.85	0.77	0.21	0.81	40.33	0.13	2808.00	706.00	0.25	2810.00
493	0.67	0.50	0.85	0.77	0.21	0.81	40.13	0.13	2820.00	703.00	0.25	2822.00
494	0.67	0.50	0.85	0.76	0.21	0.81	40.47	0.12	2829.00	701.00	0.25	2831.00
495	0.67	0.50	0.85	0.78	0.20	0.81	40.27	0.13	2815.00	713.00	0.25	2817.00
496	0.68	0.50	0.85	0.77	0.21	0.81	40.53	0.13	2813.00	706.00	0.25	2815.00
497	0.68	0.50	0.85	0.78	0.22	0.82	40.47	0.13	2811.00	692.00	0.25	2813.00
498	0.67	0.50	0.85	0.77	0.23	0.81	40.60	0.13	2825.00	711.00	0.25	2827.00
499	0.68	0.50	0.85	0.78	0.24	0.81	40.53	0.13	2824.00	695.00	0.25	2826.00
500	0.69	0.50	0.85	0.77	0.23	0.82	40.27	0.12	2820.00	679.00	0.24	2822.00
501	0.67	0.50	0.85	0.77	0.23	0.81	40.27	0.14	2817.00	709.00	0.25	2819.00
502	0.67	0.50	0.85	0.78	0.21	0.81	40.47	0.14	2831.00	715.00	0.25	2833.00
503	0.69	0.50	0.85	0.77	0.21	0.82	40.33	0.12	2831.00	711.00	0.25	2833.00
504	0.67	0.50	0.85	0.78	0.22	0.81	40.33	0.13	2829.00	693.00	0.24	2831.00
505	0.67	0.50	0.85	0.77	0.23	0.81	40.47	0.13	2806.00	713.00	0.25	2808.00
506	0.67	0.50	0.85	0.77	0.23	0.81	40.73	0.13	2815.00	704.00	0.25	2817.00
507	0.67	0.50	0.85	0.78	0.21	0.81	40.40	0.13	2817.00	695.00	0.25	2820.00
508	0.68	0.50	0.85	0.77	0.21	0.81	40.60	0.12	2815.00	688.00	0.24	2817.00
509	0.68	0.50	0.85	0.77	0.23	0.82	40.40	0.13	2828.00	690.00	0.24	2830.00
510	0.69	0.50	0.85	0.77	0.22	0.81	40.40	0.13	2807.00	686.00	0.24	2809.00
511	0.68	0.50	0.85	0.78	0.22	0.81	40.27	0.13	2823.00	685.00	0.24	2825.00
512	0.68	0.50	0.85	0.78	0.21	0.81	40.60	0.13	2815.00	707.00	0.25	2817.00
513	0.67	0.50	0.85	0.78	0.21	0.81	40.20	0.13	2824.00	707.00	0.25	2826.00
514	0.68	0.50	0.85	0.78	0.22	0.81	40.20	0.13	2826.00	716.00	0.25	2828.00
515	0.67	0.50	0.85	0.77	0.21	0.80	40.87	0.14	2824.00	721.00	0.26	2826.00
516	0.68	0.50	0.85	0.79	0.22	0.82	40.33	0.12	2817.00	699.00	0.25	2819.00
517	0.67	0.50	0.85	0.78	0.22	0.81	40.33	0.13	2824.00	701.00	0.25	2826.00
518	0.68	0.50	0.85	0.78	0.22	0.81	40.67	0.13	2833.00	691.00	0.24	2835.00
519	0.68	0.50	0.85	0.77	0.22	0.81	40.20	0.13	2812.00	712.00	0.25	2814.00
520	0.68	0.50	0.85	0.77	0.23	0.81	40.13	0.13	2815.00	698.00	0.25	2817.00
521	0.69	0.50	0.85	0.78	0.23	0.82	40.40	0.13	2818.00	698.00	0.25	2820.00
522	0.68	0.50	0.85	0.79	0.21	0.82	40.60	0.12	2823.00	686.00	0.24	2825.00
523	0.68	0.50	0.85	0.77	0.21	0.80	40.27	0.13	2819.00	716.00	0.25	2821.00
524	0.67	0.50	0.85	0.77	0.23	0.81	40.47	0.13	2821.00	701.00	0.25	2823.00
525	0.68	0.50	0.85	0.76	0.21	0.80	40.33	0.14	2817.00	721.00	0.26	2819.00
526	0.68	0.50	0.85	0.78	0.21	0.81	40.47	0.12	2820.00	690.00	0.24	2822.00
527	0.68	0.50	0.85	0.77	0.22	0.81	40.27	0.13	2830.00	701.00	0.25	2832.00
528	0.69	0.50	0.85	0.79	0.23	0.82	40.13	0.12	2815.00	676.00	0.24	2817.00
529	0.67	0.50	0.85	0.77	0.21	0.81	40.60	0.13	2824.00	703.00	0.25	2826.00
530	0.68	0.50	0.85	0.78	0.22	0.81	40.53	0.13	2828.00	706.00	0.25	2830.00
531	0.68	0.50	0.85	0.78	0.22	0.81	40.27	0.13	2824.00	701.00	0.25	2826.00
532	0.68	0.50	0.85	0.78	0.23	0.81	40.33	0.13	2821.00	708.00	0.25	2823.00
533	0.68	0.50	0.85	0.78	0.22	0.81	40.07	0.13	2823.00	698.00	0.25	2825.00
534	0.68	0.50	0.85	0.77	0.21	0.81	40.53	0.13	2824.00	713.00	0.25	2826.00
535	0.67	0.50	0.85	0.77	0.23	0.81	40.33	0.13	2816.00	714.00	0.25	2818.00
536	0.68	0.50	0.85	0.78	0.22	0.81	40.40	0.13	2825.00	714.00	0.25	2827.00
537	0.67	0.50	0.85	0.77	0.21	0.81	40.60	0.13	2832.00	717.00	0.25	2834.00
538	0.68	0.50	0.85	0.78	0.22	0.81	40.47	0.13	2823.00	699.00	0.25	2825.00
539	0.68	0.50	0.85	0.78	0.23	0.81	40.60	0.13	2818.00	704.00	0.25	2820.00
540	0.67	0.50	0.85	0.79	0.24	0.81	40.40	0.13	2815.00	711.00	0.25	2817.00
541	0.68	0.50	0.85	0.77	0.24	0.81	40.67	0.13	2815.00	696.00	0.25	2817.00
542	0.68	0.50	0.85	0.77	0.23	0.81	40.40	0.13	2823.00	709.00	0.25	2825.00
543	0.68	0.50	0.85	0.77	0.23	0.81	40.40	0.13	2802.00	690.00	0.25	2804.00
544	0.68	0.50	0.85	0.77	0.23	0.81	40.27	0.13	2830.00	705.00	0.25	2832.00
545	0.68	0.50	0.85	0.78	0.23	0.81	40.33	0.13	2825.00	705.00	0.25	2827.00
546	0.67	0.50	0.85	0.77	0.21	0.80	40.20	0.14	2836.00	708.00	0.25	2838.00
547	0.68	0.50	0.85	0.78	0.23	0.81	40.27	0.13	2821.00	698.00	0.25	2823.00
548	0.68	0.50	0.85	0.78	0.22	0.81	40.40	0.13	2811.00	710.00	0.25	2813.00
549	0.67	0.50	0.85	0.77	0.21	0.81	40.00	0.13	2816.00	709.00	0.25	2818.00
550	0.67	0.50	0.85	0.78	0.23	0.81	40.80	0.13	2802.00	699.00	0.25	2804.00
551	0.68	0.50	0.85	0.79	0.23	0.81	40.33	0.13	2814.00	692.00	0.25	2816.00
552	0.67	0.50	0.85	0.77	0.21	0.81	40.60	0.13	2819.00	706.00	0.25	2821.00
553	0.67	0.50	0.85	0.77	0.22	0.80	40.40	0.13	2809.00	707.00	0.25	2811.00
554	0.67	0.50	0.85	0.77	0.23	0.81	40.27	0.13	2825.00	714.00	0.25	2827.00
555	0.68	0.50	0.85	0.77	0.23	0.82	40.53	0.12	2820.00	695.00	0.25	2822.00
556	0.68	0.50	0.85	0.77	0.22	0.81	40.67	0.13	2813.00	708.00	0.25	2815.00
557	0.68	0.50	0.85	0.78	0.22	0.81	40.47	0.13	2824.00	699.00	0.25	2826.00
558	0.69	0.50	0.85	0.78	0.24	0.82	40.27	0.12	2811.00	680.00	0.24	2813.00
559	0.68	0.50	0.85	0.77	0.22	0.81	40.40	0.13	2828.00	706.00	0.25	2830.00
560	0.68	0.50	0.85	0.77	0.23	0.81	40.33	0.13	2820.00	703.00	0.25	2822.00
561	0.68	0.50	0.85	0.78	0.22	0.82	40.40	0.12	2812.00	695.00	0.25	2814.00
562	0.68	0.50	0.85	0.78	0.22	0.81	40.40	0.13	2808.00	688.00	0.25	2810.00
563	0.67	0.50	0.85	0.78	0.22	0.81	40.00	0.13	2830.00	698.00	0.25	2832.00
564	0.67	0.50	0.85	0.77	0.22	0.80	40.67	0.13	2830.00	728.00	0.26	2832.00
565	0.67	0.50	0.85	0.76	0.20	0.80	40.93	0.13	2829.00	721.00	0.25	2831.00
566	0.68	0.50	0.85	0.76	0.21	0.81	40.33	0.13	2825.00	703.00	0.25	2827.00
567	0.68	0.50	0.85	0.77	0.23	0.81	40.53	0.13	2827.00	719.00	0.25	2829.00
568	0.68	0.50	0.85	0.78	0.21	0.82	40.53	0.12	2835.00	706.00	0.25	2837.00
569	0.68	0.50	0.85	0.77	0.22	0.81	40.40	0.13	2808.00	706.00	0.25	2810.00
570	0.67	0.50	0.85	0.78	0.23	0.81	40.27	0.13	2799.00	702.00	0.25	2801.00
571	0.67	0.50	0.85	0.76	0.23	0.81	40.20	0.13	2819.00	717.00	0.25	2821.00
572	0.67	0.50	0.85	0.77	0.22	0.81	40.60	0.13	2813.00	700.00	0.25	2815.00
573	0.67	0.50	0.85	0.77	0.23	0.80	40.27	0.13	2820.00	718.00	0.25	2822.00
574	0.68	0.50	0.85	0.77	0.21	0.81	40.40	0.13	2812.00	695.00	0.25	2814.00
575	0.68	0.50	0.85	0.78	0.22	0.81	40.07	0.13	2821.00	697.00	0.25	2823.00
576	0.67	0.50	0.85	0.78	0.23	0.81	40.20	0.13	2811.00	693.00	0.25	2813.00
577	0.67	0.50	0.85	0.77	0.22	0.81	40.33	0.13	2827.00	712.00	0.25	2829.00
578	0.67	0.50	0.85	0.77	0.22	0.81	40.33	0.13	2836.00	707.00	0.25	2838.00
579	0.68	0.50	0.85	0.77	0.22	0.81	40.80	0.13	2824.00	718.00	0.25	2826.00
580	0.68	0.50	0.84	0.77	0.23	0.81	40.27	0.13	2824.00	717.00	0.25	2826.00
581	0.68	0.50	0.85	0.78	0.23	0.82	40.13	0.13	2824.00	678.00	0.24	2826.00
582	0.68	0.50	0.84	0.77	0.23	0.80	40.33	0.14	2794.00	715.00	0.26	2796.00
583	0.68	0.50	0.85	0.78	0.21	0.81	40.53	0.13	2818.00	702.00	0.25	2820.00
584	0.68	0.50	0.85	0.78	0.22	0.81	39.93	0.12	2819.00	692.00	0.25	2821.00
585	0.68	0.50	0.85	0.78	0.22	0.82	40.60	0.12	2821.00	695.00	0.25	2823.00
586	0.67	0.50	0.85	0.78	0.23	0.81	40.60	0.13	2818.00	707.00	0.25	2820.00
587	0.68	0.50	0.85	0.77	0.23	0.81	40.60	0.13	2834.00	710.00	0.25	2836.00
588	0.68	0.50	0.85	0.77	0.21	0.81	41.07	0.13	2821.00	708.00	0.25	2823.00
589	0.68	0.50	0.85	0.78	0.23	0.81	40.07	0.13	2821.00	700.00	0.25	2823.00
590	0.69	0.50	0.85	0.78	0.22	0.82	40.33	0.13	2826.00	688.00	0.24	2828.00
591	0.67	0.50	0.85	0.78	0.23	0.81	40.40	0.13	2822.00	702.00	0.25	2824.00
592	0.67	0.50	0.85	0.77	0.22	0.81	40.53	0.13	2823.00	712.00	0.25	2825.00
593	0.68	0.50	0.85	0.78	0.23	0.81	40.33	0.13	2827.00	696.00	0.25	2829.00
594	0.68	0.50	0.85	0.79	0.23	0.82	40.00	0.13	2806.00	685.00	0.24	2808.00
595	0.67	0.50	0.85	0.78	0.23	0.81	40.13	0.13	2812.00	704.00	0.25	2814.00
596	0.68	0.50	0.85	0.78	0.22	0.81	40.40	0.13	2833.00	708.00	0.25	2835.00
597	0.68	0.50	0.85	0.77	0.22	0.81	40.00	0.13	2828.00	697.00	0.25	2830.00
598	0.67	0.50	0.85	0.78	0.23	0.81	40.53	0.13	2828.00	716.00	0.25	2830.00
599	0.67	0.50	0.85	0.78	0.23	0.81	40.67	0.13	2818.00	715.00	0.25	2820.00
600	0.67	0.50	0.85	0.77	0.22	0.81	40.67	0.13	2825.00	700.00	0.25	2827.00
601	0.68	0.50	0.85	0.78	0.22	0.81	40.47	0.13	2837.00	683.00	0.24	2839.00
602	0.67	0.50	0.85	0.76	0.23	0.80	40.60	0.13	2821.00	719.00	0.25	2823.00
603	0.68	0.50	0.85	0.76	0.21	0.81	40.33	0.13	2816.00	706.00	0.25	2818.00
604	0.68	0.50	0.85	0.78	0.21	0.81	40.00	0.13	2826.00	707.00	0.25	2828.00
605	0.68	0.50	0.85	0.78	0.23	0.82	40.27	0.12	2812.00	677.00	0.24	2814.00
606	0.69	0.50	0.85	0.77	0.23	0.81	40.40	0.13	2820.00	714.00	0.25	2822.00
607	0.68	0.50	0.85	0.77	0.24	0.81	40.27	0.13	2811.00	708.00	0.25	2813.00
608	0.68	0.50	0.85	0.78	0.21	0.81	40.40	0.13	2820.00	703.00	0.25	2822.00
609	0.68	0.50	0.85	0.78	0.21	0.82	40.40	0.12	2829.00	698.00	0.25	2831.00
610	0.69	0.50	0.85	0.77	0.23	0.81	40.40	0.13	2793.00	697.00	0.25	2795.00
611	0.68	0.50	0.85	0.78	0.22	0.81	40.40	0.13	2821.00	710.00	0.25	2823.00
612	0.68	0.50	0.85	0.77	0.21	0.82	40.53	0.12	2815.00	695.00	0.25	2817.00
613	0.68	0.50	0.85	0.77	0.23	0.80	40.20	0.14	2817.00	711.00	0.25	2819.00
614	0.69	0.50	0.85	0.78	0.23	0.82	40.40	0.12	2835.00	701.00	0.25	2837.00
615	0.68	0.50	0.85	0.77	0.22	0.81	40.47	0.13	2823.00	706.00	0.25	2825.00
616	0.68	0.50	0.85	0.77	0.23	0.81	40.33	0.13	2812.00	697.00	0.25	2814.00
617	0.69	0.50	0.85	0.79	0.23	0.82	40.40	0.12	2824.00	684.00	0.24	2826.00
618	0.68	0.50	0.85	0.78	0.22	0.81	40.60	0.13	2823.00	704.00	0.25	2825.00
619	0.66	0.50	0.85	0.77	0.21	0.80	40.47	0.13	2842.00	714.00	0.25	2844.00
620	0.67	0.50	0.85	0.78	0.21	0.81	40.40	0.13	2833.00	721.00	0.25	2835.00
621	0.66	0.50	0.85	0.78	0.21	0.80	39.93	0.14	2827.00	715.00	0.25	2829.00
622	0.67	0.50	0.85	0.78	0.22	0.81	40.33	0.13	2819.00	697.00	0.25	2821.00
623	0.68	0.50	0.85	0.77	0.22	0.81	40.33	0.13	2815.00	705.00	0.25	2817.00
624	0.68	0.50	0.85	0.78	0.22	0.81	40.87	0.13	2828.00	713.00	0.25	2830.00
625	0.67	0.50	0.85	0.77	0.22	0.81	40.47	0.13	2823.00	716.00	0.25	2825.00
626	0.68	0.50	0.85	0.78	0.22	0.81	40.40	0.13	2815.00	709.00	0.25	2817.00
627	0.67	0.50	0.85	0.78	0.23	0.80	40.00	0.14	2824.00	716.00	0.25	2826.00
628	0.68	0.50	0.85	0.79	0.24	0.81	40.20	0.13	2806.00	692.00	0.25	2808.00
629	0.68	0.50	0.85	0.77	0.23	0.81	40.13	0.13	2808.00	691.00	0.25	2810.00
630	0.68	0.50	0.85	0.78	0.23	0.81	40.53	0.14	2818.00	707.00	0.25	2820.00
631	0.68	0.50	0.85	0.78	0.23	0.80	40.07	0.14	2839.00	727.00	0.26	2841.00
632	0.67	0.50	0.85	0.77	0.22	0.81	40.07	0.13	2822.00	695.00	0.25	2824.00
633	0.68	0.50	0.85	0.78	0.22	0.81	40.20	0.13	2824.00	692.00	0.25	2826.00
634	0.68	0.50	0.85	0.77	0.23	0.81	40.27	0.13	2832.00	724.00	0.26	2834.00
635	0.68	0.50	0.85	0.77	0.22	0.81	40.47	0.13	2813.00	718.00	0.26	2815.00
636	0.68	0.50	0.85	0.78	0.23	0.81	40.00	0.13	2825.00	701.00	0.25	2827.00
637	0.68	0.50	0.85	0.78	0.23	0.81	40.33	0.13	2820.00	693.00	0.25	2822.00
638	0.68	0.50	0.85	0.78	0.21	0.81	40.40	0.13	2822.00	709.00	0.25	2824.00
639	0.68	0.50	0.85	0.77	0.23	0.81	40.53	0.13	2820.00	706.00	0.25	2822.00
640	0.68	0.50	0.85	0.78	0.22	0.81	40.53	0.13	2826.00	717.00	0.25	2828.00
641	0.68	0.50	0.85	0.79	0.20	0.81	40.40	0.13	2842.00	697.00	0.25	2844.00
642	0.68	0.50	0.85	0.78	0.24	0.81	40.60	0.13	2831.00	705.00	0.25	2833.00
643	0.67	0.50	0.85	0.78	0.23	0.81	40.27	0.14	2818.00	712.00	0.25	2820.00
644	0.66	0.50	0.85	0.77	0.23	0.80	40.27	0.14	2832.00	727.00	0.26	2834.00
645	0.67	0.50	0.85	0.78	0.21	0.81	40.07	0.13	2832.00	701.00	0.25	2834.00
646	0.67	0.50	0.85	0.78	0.23	0.81	40.20	0.13	2836.00	705.00	0.25	2838.00
647	0.67	0.50	0.85	0.78	0.23	0.81	40.07	0.13	2806.00	709.00	0.25	2808.00
648	0.67	0.50	0.85	0.77	0.22	0.81	40.27	0.13	2841.00	720.00	0.25	2843.00
649	0.69	0.50	0.85	0.79	0.23	0.82	40.27	0.12	2822.00	686.00	0.24	2824.00
650	0.68	0.50	0.85	0.78	0.22	0.81	40.40	0.13	2833.00	703.00	0.25	2835.00
651	0.69	0.50	0.85	0.77	0.22	0.81	40.13	0.13	2827.00	707.00	0.25	2829.00
652	0.68	0.50	0.85	0.78	0.21	0.81	40.27	0.13	2835.00	709.00	0.25	2837.00
653	0.68	0.50	0.85	0.78	0.23	0.81	40.53	0.13	2831.00	717.00	0.25	2833.00
654	0.68	0.50	0.85	0.77	0.22	0.81	40.40	0.13	2824.00	697.00	0.25	2826.00
655	0.69	0.50	0.85	0.77	0.21	0.81	40.07	0.12	2815.00	712.00	0.25	2817.00
656	0.68	0.50	0.85	0.78	0.22	0.81	40.60	0.13	2813.00	707.00	0.25	2815.00
657	0.68	0.50	0.85	0.77	0.23	0.81	40.40	0.13	2821.00	713.00	0.25	2823.00
658	0.68	0.50	0.85	0.79	0.22	0.82	40.27	0.13	2828.00	687.00	0.24	2830.00
659	0.68	0.50	0.85	0.77	0.20	0.81	40.27	0.12	2824.00	712.00	0.25	2826.00
660	0.68	0.50	0.85	0.78	0.24	0.81	40.53	0.13	2826.00	692.00	0.24	2828.00
661	0.68	0.50	0.85	0.76	0.22	0.80	40.73	0.13	2822.00	714.00	0.25	2824.00
662	0.68	0.50	0.85	0.78	0.23	0.81	40.07	0.13	2812.00	711.00	0.25	2814.00
663	0.68	0.50	0.85	0.77	0.23	0.81	40.40	0.13	2816.00	700.00	0.25	2818.00
664	0.69	0.50	0.85	0.78	0.23	0.81	40.40	0.13	2819.00	694.00	0.25	2821.00
665	0.68	0.50	0.85	0.78	0.23	0.81	40.53	0.13	2829.00	709.00	0.25	2831.00
666	0.68	0.50	0.85	0.76	0.23	0.81	40.73	0.14	2820.00	708.00	0.25	2822.00
667	0.68	0.50	0.85	0.77	0.23	0.81	40.33	0.12	2814.00	692.00	0.25	2816.00
668	0.68	0.50	0.85	0.77	0.22	0.81	40.73	0.13	2814.00	695.00	0.25	2816.00
669	0.67	0.50	0.85	0.78	0.23	0.81	40.33	0.13	2826.00	692.00	0.24	2828.00
670	0.68	0.50	0.85	0.78	0.23	0.81	40.47	0.13	2824.00	720.00	0.25	2826.00
671	0.67	0.50	0.85	0.79	0.23	0.81	40.40	0.13	2826.00	701.00	0.25	2828.00
672	0.68	0.50	0.85	0.77	0.23	0.81	40.47	0.13	2818.00	709.00	0.25	2820.00
673	0.68	0.50	0.85	0.78	0.22	0.81	40.07	0.13	2812.00	700.00	0.25	2814.00
674	0.67	0.50	0.85	0.77	0.23	0.80	40.67	0.13	2824.00	710.00	0.25	2826.00
675	0.68	0.50	0.85	0.78	0.21	0.81	40.27	0.12	2824.00	693.00	0.25	2826.00
676	0.68	0.50	0.85	0.78	0.23	0.81	40.40	0.13	2839.00	700.00	0.25	2841.00
677	0.68	0.50	0.85	0.78	0.23	0.82	40.33	0.12	2808.00	678.00	0.24	2810.00
678	0.68	0.50	0.85	0.77	0.23	0.81	40.13	0.13	2816.00	696.00	0.25	2818.00
679	0.68	0.50	0.85	0.77	0.22	0.81	40.33	0.13	2796.00	705.00	0.25	2798.00
680	0.67	0.50	0.85	0.77	0.21	0.80	40.53	0.13	2831.00	723.00	0.26	2833.00
681	0.67	0.50	0.85	0.77	0.23	0.81	40.40	0.13	2811.00	716.00	0.25	2813.00
682	0.68	0.50	0.85	0.77	0.22	0.81	40.67	0.13	2816.00	700.00	0.25	2818.00
683	0.67	0.50	0.85	0.79	0.23	0.81	40.67	0.13	2814.00	693.00	0.25	2816.00
684	0.67	0.50	0.85	0.78	0.23	0.81	40.47	0.13	2812.00	695.00	0.25	2814.00
685	0.69	0.50	0.85	0.76	0.23	0.81	40.47	0.13	2826.00	696.00	0.25	2828.00
686	0.68	0.50	0.85	0.78	0.22	0.81	40.53	0.13	2838.00	709.00	0.25	2840.00
687	0.68	0.50	0.85	0.78	0.23	0.81	40.67	0.13	2833.00	723.00	0.26	2835.00
688	0.68	0.50	0.85	0.77	0.22	0.81	40.60	0.13	2822.00	705.00	0.25	2824.00
689	0.68	0.50	0.85	0.78	0.24	0.81	40.47	0.13	2834.00	706.00	0.25	2836.00
690	0.68	0.50	0.85	0.78	0.22	0.81	40.40	0.13	2801.00	680.00	0.24	2803.00
691	0.68	0.50	0.85	0.77	0.22	0.81	40.20	0.13	2816.00	699.00	0.25	2818.00
692	0.68	0.50	0.85	0.77	0.21	0.81	40.53	0.12	2826.00	700.00	0.25	2828.00
693	0.67	0.50	0.85	0.78	0.23	0.81	40.27	0.14	2835.00	705.00	0.25	2837.00
694	0.68	0.50	0.84	0.77	0.20	0.81	40.27	0.13	2814.00	693.00	0.25	2816.00
695	0.67	0.50	0.85	0.78	0.23	0.80	40.67	0.14	2813.00	713.00	0.25	2815.00
696	0.67	0.50	0.85	0.78	0.23	0.81	40.27	0.13	2833.00	710.00	0.25	2835.00
697	0.68	0.50	0.85	0.78	0.23	0.81	40.33	0.13	2814.00	698.00	0.25	2816.00
698	0.68	0.50	0.85	0.78	0.22	0.81	40.27	0.13	2825.00	709.00	0.25	2827.00
699	0.67	0.50	0.85	0.78	0.22	0.81	40.27	0.13	2823.00	702.00	0.25	2825.00
700	0.68	0.50	0.85	0.77	0.21	0.81	40.20	0.13	2822.00	711.00	0.25	2824.00
701	0.68	0.50	0.85	0.77	0.21	0.80	40.53	0.13	2814.00	705.00	0.25	2816.00
702	0.69	0.50	0.85	0.77	0.23	0.82	40.07	0.12	2806.00	684.00	0.24	2808.00
703	0.68	0.50	0.85	0.78	0.23	0.82	40.33	0.12	2824.00	687.00	0.24	2826.00
704	0.68	0.50	0.85	0.78	0.23	0.81	40.47	0.13	2796.00	698.00	0.25	2798.00
705	0.67	0.50	0.85	0.77	0.20	0.81	40.67	0.13	2832.00	717.00	0.25	2834.00
706	0.68	0.50	0.85	0.77	0.22	0.81	40.60	0.13	2845.00	716.00	0.25	2847.00
707	0.68	0.50	0.85	0.77	0.21	0.81	40.33	0.13	2812.00	702.00	0.25	2814.00
708	0.67	0.50	0.85	0.77	0.23	0.81	40.20	0.13	2815.00	713.00	0.25	2817.00
709	0.68	0.50	0.85	0.78	0.23	0.82	40.47	0.13	2804.00	693.00	0.25	2806.00
710	0.68	0.50	0.85	0.77	0.23	0.81	40.60	0.13	2826.00	703.00	0.25	2828.00
711	0.68	0.50	0.85	0.77	0.21	0.81	40.07	0.13	2811.00	690.00	0.25	2813.00
712	0.69	0.50	0.85	0.77	0.23	0.82	40.40	0.12	2827.00	684.00	0.24	2829.00
713	0.68	0.50	0.85	0.78	0.23	0.81	40.47	0.13	2811.00	699.00	0.25	2813.00
714	0.68	0.50	0.85	0.78	0.23	0.81	40.47	0.13	2816.00	709.00	0.25	2818.00
715	0.68	0.50	0.85	0.77	0.22	0.81	40.53	0.13	2836.00	707.00	0.25	2838.00
716	0.68	0.50	0.85	0.78	0.22	0.81	40.20	0.13	2820.00	694.00	0.25	2822.00
717	0.69	0.50	0.85	0.78	0.23	0.81	40.60	0.13	2821.00	693.00	0.25	2823.00
718	0.68	0.50	0.85	0.78	0.23	0.81	40.40	0.13	2818.00	692.00	0.25	2820.00
719	0.67	0.50	0.85	0.77	0.22	0.81	40.60	0.13	2818.00	709.00	0.25	2820.00
720	0.67	0.50	0.85	0.77	0.22	0.80	40.20	0.13	2831.00	721.00	0.25	2833.00
721	0.68	0.50	0.85	0.77	0.23	0.81	40.27	0.13	2809.00	689.00	0.25	2811.00
722	0.67	0.50	0.85	0.79	0.23	0.81	40.47	0.13	2815.00	696.00	0.25	2817.00
723	0.68	0.50	0.85	0.77	0.22	0.81	40.47	0.13	2829.00	700.00	0.25	2831.00
724	0.68	0.50	0.85	0.77	0.23	0.81	40.27	0.13	2818.00	717.00	0.25	2820.00
725	0.67	0.50	0.85	0.77	0.23	0.81	40.53	0.13	2834.00	707.00	0.25	2836.00
726	0.68	0.50	0.85	0.78	0.21	0.81	40.27	0.13	2819.00	714.00	0.25	2821.00
727	0.68	0.50	0.85	0.77	0.22	0.80	40.20	0.13	2815.00	728.00	0.26	2817.00
728	0.67	0.50	0.85	0.78	0.21	0.81	40.53	0.13	2814.00	700.00	0.25	2816.00
729	0.68	0.50	0.85	0.78	0.23	0.81	40.40	0.13	2826.00	699.00	0.25	2828.00
730	0.67	0.50	0.85	0.77	0.23	0.81	40.40	0.13	2836.00	718.00	0.25	2838.00
731	0.68	0.50	0.85	0.78	0.22	0.81	40.27	0.13	2831.00	690.00	0.24	2833.00
732	0.68	0.50	0.85	0.78	0.23	0.82	40.53	0.13	2827.00	693.00	0.25	2829.00
733	0.67	0.50	0.85	0.78	0.23	0.81	40.40	0.13	2830.00	717.00	0.25	2832.00
734	0.68	0.50	0.85	0.78	0.23	0.81	40.20	0.13	2825.00	712.00	0.25	2827.00
735	0.68	0.50	0.85	0.76	0.23	0.80	40.20	0.14	2824.00	716.00	0.25	2826.00
736	0.68	0.50	0.85	0.80	0.23	0.82	40.47	0.12	2822.00	689.00	0.24	2824.00
737	0.69	0.50	0.85	0.79	0.23	0.82	40.40	0.12	2824.00	691.00	0.24	2826.00
738	0.68	0.50	0.85	0.78	0.22	0.81	40.33	0.13	2826.00	704.00	0.25	2828.00
739	0.68	0.50	0.85	0.78	0.20	0.81	40.53	0.13	2830.00	700.00	0.25	2832.00
740	0.68	0.50	0.85	0.77	0.21	0.81	40.67	0.13	2822.00	711.00	0.25	2824.00
741	0.68	0.50	0.85	0.77	0.21	0.81	40.47	0.12	2834.00	702.00	0.25	2836.00
742	0.67	0.50	0.85	0.77	0.21	0.81	40.47	0.13	2829.00	719.00	0.25	2831.00
743	0.68	0.50	0.85	0.77	0.22	0.81	40.67	0.13	2829.00	718.00	0.25	2831.00
744	0.67	0.50	0.85	0.78	0.21	0.81	40.40	0.13	2823.00	711.00	0.25	2825.00
745	0.68	0.50	0.85	0.77	0.21	0.81	40.40	0.13	2814.00	701.00	0.25	2816.00
746	0.68	0.50	0.84	0.77	0.22	0.81	40.40	0.12	2799.00	697.00	0.25	2801.00
747	0.68	0.50	0.85	0.80	0.24	0.81	40.67	0.13	2827.00	682.00	0.24	2829.00
748	0.68	0.50	0.85	0.78	0.22	0.82	40.40	0.13	2828.00	696.00	0.25	2830.00
749	0.67	0.50	0.85	0.78	0.22	0.81	40.47	0.13	2816.00	707.00	0.25	2818.00
750	0.68	0.50	0.85	0.77	0.20	0.81	40.20	0.13	2838.00	712.00	0.25	2840.00
751	0.69	0.50	0.85	0.77	0.22	0.81	40.40	0.13	2815.00	699.00	0.25	2817.00
752	0.68	0.50	0.85	0.78	0.21	0.81	40.20	0.13	2809.00	702.00	0.25	2811.00
753	0.68	0.50	0.85	0.79	0.22	0.81	40.20	0.13	2813.00	704.00	0.25	2815.00
754	0.68	0.50	0.85	0.77	0.22	0.80	40.60	0.14	2835.00	716.00	0.25	2837.00
755	0.68	0.50	0.85	0.78	0.23	0.82	40.53	0.12	2825.00	693.00	0.25	2828.00
756	0.69	0.50	0.85	0.78	0.23	0.81	40.27	0.13	2834.00	709.00	0.25	2836.00
757	0.67	0.50	0.85	0.78	0.22	0.81	40.73	0.13	2820.00	705.00	0.25	2822.00
758	0.67	0.50	0.85	0.77	0.21	0.81	40.20	0.14	2822.00	702.00	0.25	2824.00
759	0.68	0.50	0.85	0.77	0.23	0.82	40.27	0.13	2819.00	687.00	0.24	2821.00
760	0.68	0.50	0.85	0.79	0.23	0.82	40.33	0.12	2821.00	690.00	0.24	2823.00
761	0.68	0.50	0.85	0.77	0.22	0.81	40.60	0.13	2820.00	695.00	0.25	2822.00
762	0.68	0.50	0.85	0.77	0.23	0.81	40.47	0.13	2804.00	706.00	0.25	2806.00
763	0.68	0.50	0.85	0.78	0.21	0.81	40.33	0.13	2817.00	697.00	0.25	2819.00
764	0.68	0.50	0.85	0.77	0.21	0.81	39.87	0.13	2807.00	696.00	0.25	2809.00
765	0.68	0.50	0.85	0.78	0.24	0.82	40.07	0.12	2813.00	672.00	0.24	2815.00
766	0.67	0.50	0.85	0.77	0.22	0.80	40.13	0.13	2827.00	720.00	0.25	2829.00
767	0.67	0.50	0.85	0.78	0.22	0.81	40.40	0.13	2824.00	724.00	0.26	2826.00
768	0.68	0.50	0.85	0.77	0.22	0.82	40.40	0.12	2823.00	692.00	0.25	2825.00
769	0.68	0.50	0.85	0.78	0.23	0.82	40.27	0.13	2822.00	688.00	0.24	2824.00
770	0.67	0.50	0.85	0.79	0.22	0.82	40.40	0.13	2830.00	697.00	0.25	2832.00
771	0.67	0.50	0.85	0.78	0.21	0.81	40.20	0.13	2820.00	728.00	0.26	2822.00
772	0.67	0.50	0.85	0.78	0.22	0.81	40.40	0.13	2807.00	699.00	0.25	2809.00
773	0.67	0.50	0.85	0.78	0.23	0.81	40.60	0.13	2808.00	702.00	0.25	2810.00
774	0.69	0.50	0.85	0.78	0.23	0.82	40.47	0.12	2826.00	677.00	0.24	2828.00
775	0.66	0.50	0.85	0.76	0.22	0.80	40.13	0.14	2824.00	732.00	0.26	2826.00
776	0.67	0.50	0.85	0.78	0.21	0.81	40.07	0.13	2809.00	706.00	0.25	2811.00
777	0.68	0.50	0.85	0.79	0.23	0.81	40.33	0.13	2810.00	687.00	0.24	2812.00
778	0.67	0.50	0.85	0.78	0.22	0.81	40.60	0.13	2834.00	694.00	0.24	2836.00
779	0.68	0.50	0.85	0.77	0.21	0.81	40.53	0.13	2812.00	699.00	0.25	2814.00
780	0.68	0.50	0.85	0.77	0.23	0.80	40.33	0.13	2813.00	715.00	0.25	2815.00
781	0.67	0.50	0.85	0.77	0.20	0.81	40.47	0.13	2824.00	700.00	0.25	2826.00
782	0.68	0.50	0.85	0.77	0.21	0.82	40.73	0.12	2836.00	694.00	0.24	2838.00
783	0.68	0.50	0.85	0.78	0.23	0.81	40.60	0.13	2805.00	699.00	0.25	2807.00
784	0.68	0.50	0.85	0.77	0.22	0.81	40.40	0.13	2824.00	704.00	0.25	2826.00
785	0.67	0.50	0.85	0.78	0.20	0.81	40.80	0.13	2810.00	716.00	0.25	2812.00
786	0.67	0.50	0.85	0.78	0.22	0.81	40.33	0.13	2825.00	703.00	0.25	2827.00
787	0.68	0.50	0.85	0.77	0.23	0.81	40.47	0.13	2826.00	705.00	0.25	2828.00
788	0.68	0.50	0.85	0.78	0.22	0.82	40.33	0.12	2817.00	690.00	0.24	2819.00
789	0.69	0.50	0.85	0.78	0.22	0.81	40.53	0.13	2815.00	694.00	0.25	2817.00
790	0.67	0.50	0.85	0.77	0.22	0.81	40.47	0.13	2827.00	723.00	0.26	2829.00
791	0.68	0.50	0.85	0.78	0.22	0.81	40.40	0.13	2835.00	718.00	0.25	2837.00
792	0.68	0.50	0.85	0.78	0.22	0.82	40.40	0.12	2814.00	697.00	0.25	2816.00
793	0.68	0.50	0.85	0.79	0.21	0.82	40.27	0.12	2804.00	683.00	0.24	2806.00
794	0.67	0.50	0.85	0.76	0.23	0.80	40.33	0.14	2814.00	715.00	0.25	2816.00
795	0.69	0.50	0.85	0.77	0.22	0.81	40.40	0.13	2823.00	688.00	0.24	2825.00
796	0.69	0.50	0.85	0.78	0.21	0.82	40.27	0.12	2829.00	691.00	0.24	2831.00
797	0.68	0.50	0.85	0.79	0.21	0.82	40.27	0.12	2807.00	684.00	0.24	2809.00
798	0.67	0.50	0.85	0.78	0.21	0.81	40.20	0.13	2814.00	704.00	0.25	2816.00
799	0.68	0.50	0.85	0.78	0.23	0.81	40.07	0.13	2832.00	698.00	0.25	2834.00
800	0.68	0.50	0.85	0.77	0.22	0.81	40.27	0.13	2813.00	702.00	0.25	2815.00
801	0.67	0.50	0.85	0.79	0.20	0.81	40.53	0.13	2831.00	704.00	0.25	2833.00
802	0.69	0.50	0.85	0.78	0.24	0.81	40.07	0.13	2827.00	696.00	0.25	2829.00
803	0.68	0.50	0.85	0.78	0.24	0.81	40.40	0.13	2818.00	701.00	0.25	2821.00
804	0.67	0.50	0.85	0.77	0.20	0.80	40.07	0.13	2815.00	733.00	0.26	2817.00
805	0.68	0.50	0.85	0.78	0.23	0.80	40.40	0.13	2821.00	721.00	0.26	2823.00
806	0.68	0.50	0.85	0.77	0.22	0.81	40.33	0.13	2832.00	701.00	0.25	2834.00
807	0.68	0.50	0.85	0.78	0.23	0.82	40.73	0.13	2820.00	693.00	0.25	2822.00
808	0.67	0.50	0.85	0.78	0.23	0.81	40.27	0.13	2823.00	709.00	0.25	2825.00
809	0.68	0.50	0.85	0.77	0.22	0.81	40.53	0.13	2822.00	708.00	0.25	2824.00
810	0.68	0.50	0.85	0.78	0.22	0.81	40.60	0.13	2830.00	700.00	0.25	2832.00
811	0.68	0.50	0.85	0.77	0.22	0.81	40.67	0.13	2836.00	730.00	0.26	2838.00
812	0.67	0.50	0.85	0.78	0.23	0.81	40.13	0.13	2834.00	699.00	0.25	2836.00
813	0.67	0.50	0.85	0.77	0.20	0.81	40.33	0.13	2823.00	701.00	0.25	2825.00
814	0.68	0.50	0.85	0.77	0.22	0.81	40.13	0.13	2808.00	696.00	0.25	2810.00
815	0.68	0.50	0.85	0.78	0.21	0.81	40.53	0.12	2827.00	700.00	0.25	2829.00
816	0.69	0.50	0.85	0.78	0.22	0.82	40.20	0.12	2831.00	687.00	0.24	2833.00
817	0.67	0.50	0.85	0.78	0.21	0.81	40.27	0.13	2812.00	696.00	0.25	2814.00
818	0.68	0.50	0.85	0.78	0.22	0.81	40.60	0.13	2834.00	707.00	0.25	2836.00
819	0.69	0.50	0.85	0.77	0.23	0.81	40.40	0.13	2838.00	725.00	0.26	2840.00
820	0.66	0.50	0.85	0.77	0.22	0.80	40.60	0.14	2823.00	733.00	0.26	2825.00
821	0.68	0.50	0.85	0.76	0.23	0.80	40.47	0.13	2818.00	710.00	0.25	2820.00
822	0.68	0.50	0.85	0.77	0.22	0.80	40.73	0.13	2822.00	725.00	0.26	2824.00
823	0.68	0.50	0.85	0.77	0.21	0.81	40.27	0.13	2815.00	700.00	0.25	2817.00
824	0.68	0.50	0.85	0.78	0.22	0.82	40.27	0.12	2834.00	683.00	0.24	2836.00
825	0.68	0.50	0.85	0.77	0.20	0.81	40.13	0.13	2816.00	715.00	0.25	2818.00
826	0.68	0.50	0.85	0.79	0.23	0.82	40.73	0.13	2823.00	701.00	0.25	2825.00
827	0.68	0.50	0.85	0.78	0.23	0.81	40.73	0.13	2812.00	706.00	0.25	2814.00
828	0.68	0.50	0.85	0.77	0.24	0.81	40.07	0.13	2823.00	687.00	0.24	2825.00
829	0.68	0.50	0.85	0.78	0.23	0.82	40.53	0.12	2824.00	691.00	0.24	2826.00
830	0.67	0.50	0.85	0.77	0.23	0.81	40.33	0.13	2821.00	720.00	0.26	2823.00
831	0.68	0.50	0.85	0.78	0.23	0.81	40.27	0.13	2831.00	719.00	0.25	2833.00
832	0.68	0.50	0.85	0.77	0.22	0.81	40.47	0.12	2819.00	694.00	0.25	2821.00
833	0.68	0.50	0.85	0.77	0.22	0.81	40.47	0.13	2827.00	714.00	0.25	2829.00
834	0.69	0.50	0.85	0.77	0.22	0.81	40.20	0.13	2830.00	712.00	0.25	2832.00
835	0.68	0.50	0.85	0.77	0.23	0.81	40.20	0.13	2825.00	702.00	0.25	2827.00
836	0.68	0.50	0.85	0.77	0.21	0.81	40.27	0.13	2814.00	715.00	0.25	2816.00
837	0.68	0.50	0.85	0.79	0.22	0.82	40.40	0.13	2830.00	687.00	0.24	2832.00
838	0.68	0.50	0.85	0.77	0.22	0.81	40.67	0.13	2823.00	693.00	0.25	2825.00
839	0.68	0.50	0.85	0.77	0.22	0.81	40.27	0.13	2816.00	689.00	0.24	2818.00
840	0.68	0.50	0.85	0.78	0.23	0.81	40.60	0.13	2826.00	703.00	0.25	2828.00
841	0.69	0.50	0.85	0.78	0.23	0.82	40.27	0.12	2828.00	674.00	0.24	2830.00
842	0.67	0.50	0.85	0.77	0.21	0.81	40.67	0.13	2805.00	714.00	0.25	2807.00
843	0.69	0.50	0.85	0.78	0.24	0.82	40.13	0.12	2826.00	664.00	0.23	2828.00
844	0.67	0.50	0.85	0.78	0.21	0.81	40.07	0.13	2827.00	707.00	0.25	2829.00
845	0.68	0.50	0.85	0.78	0.21	0.81	40.20	0.13	2825.00	711.00	0.25	2827.00
846	0.68	0.50	0.85	0.79	0.21	0.81	40.40	0.12	2820.00	687.00	0.24	2822.00
847	0.67	0.50	0.85	0.76	0.23	0.80	40.27	0.14	2820.00	716.00	0.25	2822.00
848	0.67	0.50	0.85	0.78	0.22	0.81	40.40	0.13	2832.00	701.00	0.25	2834.00
849	0.68	0.50	0.85	0.77	0.23	0.81	40.00	0.13	2818.00	714.00	0.25	2820.00
850	0.68	0.50	0.85	0.76	0.22	0.81	40.00	0.13	2815.00	703.00	0.25	2817.00
851	0.68	0.50	0.85	0.78	0.23	0.82	40.33	0.13	2810.00	688.00	0.24	2812.00
852	0.67	0.50	0.85	0.77	0.22	0.81	40.00	0.13	2823.00	707.00	0.25	2825.00
853	0.68	0.50	0.85	0.78	0.22	0.81	40.40	0.13	2830.00	706.00	0.25	2832.00
854	0.69	0.50	0.85	0.78	0.21	0.81	40.53	0.13	2813.00	689.00	0.24	2815.00
855	0.69	0.50	0.85	0.78	0.23	0.81	40.60	0.13	2831.00	691.00	0.24	2833.00
856	0.69	0.50	0.85	0.78	0.24	0.82	40.13	0.13	2823.00	682.00	0.24	2825.00
857	0.68	0.50	0.85	0.77	0.22	0.81	40.47	0.13	2830.00	711.00	0.25	2832.00
858	0.68	0.50	0.85	0.77	0.23	0.81	40.47	0.13	2822.00	701.00	0.25	2824.00
859	0.67	0.50	0.85	0.77	0.20	0.80	40.27	0.13	2827.00	732.00	0.26	2829.00
860	0.67	0.50	0.85	0.77	0.21	0.80	40.33	0.13	2807.00	719.00	0.26	2809.00
861	0.68	0.50	0.85	0.78	0.23	0.81	40.60	0.13	2820.00	691.00	0.25	2822.00
862	0.68	0.50	0.85	0.78	0.23	0.81	40.40	0.13	2824.00	688.00	0.24	2826.00
863	0.67	0.50	0.85	0.79	0.24	0.81	40.27	0.13	2820.00	690.00	0.24	2822.00
864	0.68	0.50	0.85	0.78	0.23	0.81	40.60	0.13	2825.00	697.00	0.25	2827.00
865	0.68	0.50	0.85	0.78	0.21	0.81	40.40	0.13	2815.00	704.00	0.25	2817.00
866	0.67	0.50	0.85	0.78	0.22	0.81	40.47	0.13	2813.00	711.00	0.25	2815.00
867	0.68	0.50	0.85	0.78	0.22	0.81	40.53	0.13	2822.00	704.00	0.25	2824.00
868	0.68	0.50	0.85	0.78	0.23	0.81	40.20	0.13	2825.00	694.00	0.25	2827.00
869	0.67	0.50	0.85	0.78	0.23	0.81	40.33	0.13	2834.00	714.00	0.25	2836.00
870	0.68	0.50	0.85	0.77	0.23	0.81	40.33	0.13	2819.00	696.00	0.25	2821.00
871	0.68	0.50	0.85	0.77	0.22	0.81	40.33	0.13	2830.00	704.00	0.25	2832.00
872	0.68	0.50	0.85	0.78	0.24	0.82	40.53	0.13	2833.00	699.00	0.25	2835.00
873	0.68	0.50	0.85	0.77	0.21	0.81	40.33	0.13	2830.00	704.00	0.25	2832.00
874	0.67	0.50	0.85	0.78	0.22	0.81	40.73	0.13	2812.00	689.00	0.25	2814.00
875	0.67	0.50	0.85	0.78	0.22	0.81	40.33	0.13	2811.00	706.00	0.25	2813.00
876	0.69	0.50	0.85	0.77	0.20	0.81	40.33	0.13	2826.00	700.00	0.25	2828.00
877	0.69	0.50	0.85	0.78	0.23	0.82	40.80	0.13	2829.00	691.00	0.24	2831.00
878	0.68	0.50	0.85	0.77	0.22	0.81	40.40	0.13	2828.00	694.00	0.25	2830.00
879	0.67	0.50	0.85	0.77	0.21	0.81	40.13	0.13	2813.00	702.00	0.25	2815.00
880	0.67	0.50	0.85	0.77	0.23	0.81	40.53	0.13	2806.00	702.00	0.25	2808.00
881	0.68	0.50	0.85	0.78	0.24	0.81	40.33	0.13	2816.00	693.00	0.25	2818.00
882	0.69	0.50	0.85	0.76	0.21	0.81	40.27	0.12	2832.00	695.00	0.25	2834.00
883	0.68	0.50	0.85	0.78	0.23	0.81	40.53	0.13	2829.00	699.00	0.25	2831.00
884	0.68	0.50	0.85	0.78	0.23	0.82	40.13	0.13	2818.00	692.00	0.25	2820.00
885	0.67	0.50	0.85	0.80	0.21	0.80	40.73	0.14	2817.00	715.00	0.25	2819.00
886	0.68	0.50	0.85	0.77	0.23	0.81	40.33	0.12	2812.00	689.00	0.25	2814.00
887	0.68	0.50	0.85	0.77	0.23	0.81	40.47	0.13	2805.00	699.00	0.25	2807.00
888	0.68	0.50	0.85	0.78	0.23	0.81	40.53	0.13	2805.00	703.00	0.25	2807.00
889	0.68	0.50	0.85	0.77	0.21	0.81	40.27	0.12	2833.00	692.00	0.24	2835.00
890	0.68	0.50	0.85	0.77	0.22	0.81	40.20	0.13	2818.00	705.00	0.25	2820.00
891	0.68	0.50	0.85	0.78	0.22	0.81	40.20	0.13	2834.00	705.00	0.25	2836.00
892	0.68	0.50	0.85	0.78	0.23	0.81	40.53	0.13	2813.00	690.00	0.25	2815.00
893	0.68	0.50	0.85	0.78	0.23	0.81	40.47	0.13	2830.00	701.00	0.25	2832.00
894	0.67	0.50	0.85	0.76	0.22	0.79	40.47	0.14	2821.00	725.00	0.26	2823.00
895	0.68	0.50	0.85	0.78	0.23	0.82	40.47	0.12	2835.00	671.00	0.24	2837.00
896	0.67	0.50	0.85	0.77	0.21	0.81	40.33	0.13	2811.00	691.00	0.25	2813.00
897	0.69	0.50	0.85	0.77	0.23	0.81	40.60	0.12	2825.00	707.00	0.25	2827.00
898	0.67	0.50	0.85	0.78	0.21	0.80	40.20	0.13	2816.00	731.00	0.26	2818.00
899	0.67	0.50	0.85	0.78	0.22	0.81	40.40	0.13	2813.00	711.00	0.25	2815.00
900	0.67	0.50	0.85	0.78	0.21	0.81	40.53	0.13	2817.00	705.00	0.25	2819.00
901	0.68	0.50	0.85	0.77	0.22	0.80	40.40	0.14	2829.00	717.00	0.25	2831.00
902	0.68	0.50	0.85	0.77	0.23	0.81	40.60	0.13	2813.00	696.00	0.25	2815.00
903	0.68	0.50	0.85	0.77	0.21	0.80	40.00	0.13	2824.00	714.00	0.25	2826.00
904	0.69	0.50	0.85	0.77	0.23	0.82	40.60	0.12	2827.00	696.00	0.25	2829.00
905	0.69	0.50	0.85	0.77	0.21	0.81	40.40	0.13	2818.00	694.00	0.25	2820.00
906	0.68	0.50	0.85	0.78	0.23	0.81	40.67	0.13	2813.00	699.00	0.25	2815.00
907	0.68	0.50	0.85	0.78	0.22	0.81	40.80	0.13	2822.00	712.00	0.25	2824.00
908	0.67	0.50	0.85	0.78	0.21	0.81	40.80	0.13	2812.00	698.00	0.25	2814.00
909	0.69	0.50	0.85	0.77	0.23	0.81	40.13	0.13	2808.00	700.00	0.25	2810.00
910	0.68	0.50	0.85	0.77	0.20	0.81	40.27	0.13	2821.00	706.00	0.25	2823.00
911	0.69	0.50	0.85	0.78	0.22	0.82	40.40	0.12	2814.00	710.00	0.25	2816.00
912	0.68	0.50	0.85	0.77	0.21	0.81	40.60	0.13	2817.00	705.00	0.25	2819.00
913	0.69	0.50	0.85	0.78	0.23	0.82	40.20	0.12	2832.00	686.00	0.24	2834.00
914	0.68	0.50	0.85	0.78	0.21	0.81	40.33	0.13	2833.00	707.00	0.25	2835.00
915	0.67	0.50	0.85	0.78	0.21	0.81	40.87	0.13	2824.00	705.00	0.25	2826.00
916	0.68	0.50	0.85	0.76	0.22	0.81	40.33	0.13	2819.00	706.00	0.25	2821.00
917	0.67	0.50	0.85	0.77	0.22	0.81	40.40	0.14	2814.00	717.00	0.25	2816.00
918	0.68	0.50	0.85	0.78	0.23	0.82	40.20	0.12	2821.00	698.00	0.25	2823.00
919	0.69	0.50	0.85	0.78	0.23	0.82	40.07	0.12	2810.00	696.00	0.25	2812.00
920	0.68	0.50	0.85	0.77	0.24	0.81	40.13	0.13	2822.00	698.00	0.25	2824.00
921	0.67	0.50	0.85	0.77	0.23	0.81	40.53	0.13	2820.00	704.00	0.25	2822.00
922	0.68	0.50	0.85	0.78	0.23	0.82	40.60	0.13	2818.00	693.00	0.25	2820.00
923	0.68	0.50	0.85	0.77	0.22	0.80	40.07	0.14	2812.00	717.00	0.25	2814.00
924	0.68	0.50	0.85	0.77	0.20	0.81	40.40	0.13	2820.00	709.00	0.25	2822.00
925	0.67	0.50	0.85	0.78	0.22	0.80	40.53	0.13	2832.00	727.00	0.26	2834.00
926	0.67	0.50	0.85	0.78	0.23	0.81	40.47	0.14	2809.00	701.00	0.25	2811.00
927	0.68	0.50	0.85	0.77	0.21	0.81	40.27	0.13	2817.00	691.00	0.25	2819.00
928	0.68	0.50	0.85	0.77	0.22	0.81	40.60	0.13	2809.00	716.00	0.25	2811.00
929	0.68	0.50	0.85	0.78	0.22	0.81	40.53	0.13	2841.00	703.00	0.25	2843.00
930	0.69	0.50	0.85	0.78	0.21	0.81	40.60	0.13	2825.00	702.00	0.25	2827.00
931	0.68	0.50	0.85	0.77	0.21	0.82	40.40	0.12	2833.00	695.00	0.25	2835.00
932	0.68	0.50	0.85	0.78	0.22	0.81	40.47	0.13	2822.00	697.00	0.25	2824.00
933	0.68	0.50	0.85	0.78	0.24	0.81	40.47	0.14	2819.00	694.00	0.25	2821.00
934	0.68	0.50	0.85	0.78	0.23	0.81	40.40	0.13	2820.00	713.00	0.25	2822.00
935	0.68	0.50	0.84	0.77	0.22	0.81	40.47	0.13	2835.00	717.00	0.25	2837.00
936	0.68	0.50	0.85	0.78	0.23	0.81	40.53	0.13	2839.00	702.00	0.25	2841.00
937	0.68	0.50	0.85	0.78	0.22	0.81	40.13	0.13	2822.00	707.00	0.25	2824.00
938	0.68	0.50	0.85	0.78	0.22	0.81	40.53	0.13	2819.00	719.00	0.26	2821.00
939	0.68	0.50	0.85	0.78	0.22	0.81	40.53	0.14	2815.00	704.00	0.25	2817.00
940	0.68	0.50	0.85	0.79	0.22	0.81	40.73	0.13	2819.00	716.00	0.25	2821.00
941	0.68	0.50	0.85	0.77	0.23	0.81	40.53	0.13	2819.00	705.00	0.25	2821.00
942	0.67	0.50	0.85	0.76	0.23	0.80	40.40	0.14	2813.00	715.00	0.25	2815.00
943	0.68	0.50	0.85	0.78	0.21	0.81	40.40	0.13	2832.00	705.00	0.25	2834.00
944	0.69	0.50	0.85	0.78	0.22	0.82	40.60	0.12	2816.00	697.00	0.25	2818.00
945	0.67	0.50	0.85	0.77	0.22	0.81	40.73	0.13	2828.00	694.00	0.25	2830.00
946	0.68	0.50	0.85	0.77	0.23	0.81	40.40	0.13	2832.00	705.00	0.25	2834.00
947	0.68	0.50	0.85	0.78	0.22	0.81	40.07	0.13	2806.00	698.00	0.25	2808.00
948	0.68	0.50	0.85	0.77	0.22	0.81	40.53	0.13	2807.00	715.00	0.25	2809.00
949	0.67	0.50	0.85	0.78	0.23	0.80	40.13	0.13	2821.00	720.00	0.26	2823.00
950	0.67	0.50	0.85	0.78	0.23	0.81	40.47	0.13	2826.00	708.00	0.25	2828.00
951	0.68	0.50	0.85	0.78	0.23	0.81	40.13	0.13	2819.00	699.00	0.25	2821.00
952	0.67	0.50	0.85	0.78	0.22	0.81	40.53	0.13	2816.00	702.00	0.25	2818.00
953	0.67	0.50	0.85	0.77	0.22	0.80	40.27	0.13	2817.00	723.00	0.26	2819.00
954	0.68	0.50	0.85	0.78	0.22	0.81	40.60	0.13	2827.00	701.00	0.25	2829.00
955	0.68	0.50	0.85	0.78	0.21	0.81	40.47	0.13	2815.00	687.00	0.24	2817.00
956	0.68	0.50	0.85	0.78	0.20	0.81	40.07	0.13	2839.00	721.00	0.25	2841.00
957	0.68	0.50	0.85	0.77	0.22	0.81	39.73	0.13	2818.00	702.00	0.25	2820.00
958	0.68	0.50	0.85	0.77	0.22	0.81	40.27	0.13	2823.00	711.00	0.25	2825.00
959	0.68	0.50	0.85	0.78	0.22	0.81	40.40	0.13	2817.00	719.00	0.26	2819.00
960	0.68	0.50	0.85	0.79	0.23	0.82	40.33	0.13	2823.00	693.00	0.25	2825.00
961	0.69	0.50	0.85	0.78	0.23	0.81	40.27	0.13	2825.00	689.00	0.24	2827.00
962	0.68	0.50	0.85	0.77	0.20	0.81	40.60	0.13	2829.00	704.00	0.25	2831.00
963	0.67	0.50	0.85	0.77	0.23	0.79	40.20	0.14	2836.00	731.00	0.26	2838.00
964	0.67	0.50	0.85	0.77	0.23	0.81	40.13	0.13	2828.00	698.00	0.25	2830.00
965	0.69	0.50	0.85	0.77	0.24	0.81	40.20	0.13	2826.00	701.00	0.25	2828.00
966	0.68	0.50	0.85	0.77	0.22	0.81	40.27	0.13	2815.00	715.00	0.25	2817.00
967	0.67	0.50	0.85	0.78	0.22	0.81	40.60	0.13	2814.00	708.00	0.25	2816.00
968	0.68	0.50	0.85	0.77	0.22	0.81	40.47	0.13	2836.00	710.00	0.25	2838.00
969	0.69	0.50	0.85	0.77	0.23	0.81	40.40	0.13	2825.00	697.00	0.25	2827.00
970	0.69	0.50	0.85	0.79	0.24	0.82	40.27	0.12	2834.00	679.00	0.24	2836.00
971	0.68	0.50	0.85	0.80	0.23	0.82	40.47	0.12	2821.00	698.00	0.25	2823.00
972	0.68	0.50	0.85	0.78	0.23	0.81	40.00	0.13	2807.00	701.00	0.25	2809.00
973	0.68	0.50	0.85	0.78	0.24	0.81	40.07	0.13	2829.00	679.00	0.24	2831.00
974	0.67	0.50	0.85	0.78	0.22	0.81	40.33	0.13	2811.00	711.00	0.25	2813.00
975	0.69	0.50	0.85	0.78	0.23	0.82	40.27	0.12	2830.00	694.00	0.25	2832.00
976	0.68	0.50	0.85	0.78	0.23	0.81	40.40	0.13	2829.00	704.00	0.25	2831.00
977	0.68	0.50	0.85	0.78	0.22	0.81	40.33	0.13	2819.00	697.00	0.25	2821.00
978	0.68	0.50	0.85	0.79	0.21	0.82	40.47	0.13	2841.00	694.00	0.24	2843.00
979	0.68	0.50	0.85	0.78	0.23	0.81	40.07	0.13	2834.00	703.00	0.25	2836.00
980	0.67	0.50	0.85	0.77	0.22	0.81	40.33	0.13	2831.00	718.00	0.25	2833.00
981	0.68	0.50	0.85	0.78	0.24	0.81	40.47	0.13	2837.00	713.00	0.25	2839.00
982	0.68	0.50	0.85	0.78	0.22	0.81	40.47	0.13	2836.00	707.00	0.25	2838.00
983	0.67	0.50	0.85	0.78	0.24	0.81	40.07	0.13	2814.00	703.00	0.25	2816.00
984	0.68	0.50	0.85	0.77	0.23	0.81	40.40	0.13	2802.00	712.00	0.25	2804.00
985	0.67	0.50	0.85	0.79	0.23	0.82	40.13	0.13	2822.00	679.00	0.24	2824.00
986	0.67	0.50	0.85	0.78	0.23	0.81	40.60	0.13	2822.00	708.00	0.25	2824.00
987	0.68	0.50	0.85	0.79	0.23	0.82	40.67	0.13	2838.00	693.00	0.24	2840.00
988	0.68	0.50	0.85	0.78	0.23	0.81	40.53	0.13	2827.00	698.00	0.25	2829.00
989	0.68	0.50	0.85	0.78	0.21	0.82	40.33	0.12	2831.00	686.00	0.24	2833.00
990	0.69	0.50	0.85	0.77	0.21	0.81	40.73	0.13	2821.00	713.00	0.25	2823.00
991	0.68	0.50	0.85	0.77	0.22	0.80	40.53	0.13	2814.00	711.00	0.25	2816.00
992	0.68	0.50	0.85	0.78	0.22	0.80	40.53	0.13	2821.00	711.00	0.25	2823.00
993	0.68	0.50	0.85	0.77	0.22	0.81	40.40	0.12	2819.00	704.00	0.25	2821.00
994	0.68	0.50	0.85	0.77	0.23	0.81	40.13	0.14	2821.00	711.00	0.25	2823.00
995	0.67	0.50	0.85	0.77	0.22	0.81	40.20	0.13	2817.00	721.00	0.26	2819.00
996	0.68	0.50	0.85	0.78	0.21	0.81	40.67	0.13	2808.00	717.00	0.26	2810.00
997	0.68	0.50	0.85	0.77	0.21	0.81	40.33	0.13	2827.00	704.00	0.25	2829.00
998	0.69	0.50	0.85	0.78	0.23	0.82	40.27	0.12	2819.00	682.00	0.24	2821.00
999	0.68	0.50	0.85	0.77	0.21	0.81	40.20	0.13	2822.00	708.00	0.25	2824.00
1000	0.68	0.50	0.85	0.78	0.21	0.81	40.73	0.13	2806.00	711.00	0.25	2808.00
