1	0.82	0.70	0.42	0.67	0.35	0.86	20.00	0.06	1467.00	177.00	0.12	1478.00
2	0.81	0.70	0.42	0.70	0.34	0.87	19.50	0.05	1463.00	170.00	0.12	1472.00
3	0.84	0.71	0.42	0.66	0.34	0.87	20.00	0.04	1449.00	179.00	0.12	1461.00
4	0.83	0.71	0.43	0.69	0.35	0.87	19.70	0.04	1465.00	171.00	0.12	1474.00
5	0.82	0.71	0.42	0.68	0.35	0.86	19.70	0.04	1465.00	175.00	0.12	1467.00
6	0.82	0.70	0.41	0.70	0.33	0.86	19.60	0.05	1442.00	169.00	0.12	1454.00
7	0.82	0.70	0.41	0.69	0.34	0.86	19.80	0.05	1447.00	174.00	0.12	1456.00
8	0.82	0.70	0.42	0.67	0.34	0.86	19.80	0.06	1500.00	177.00	0.12	1502.00
9	0.82	0.70	0.41	0.70	0.33	0.87	19.80	0.05	1394.00	171.00	0.12	1403.00
10	0.82	0.71	0.42	0.69	0.33	0.86	19.60	0.05	1454.00	171.00	0.12	1467.00
11	0.83	0.71	0.43	0.68	0.35	0.85	19.90	0.05	1466.00	183.00	0.12	1479.00
12	0.82	0.70	0.43	0.68	0.34	0.86	19.60	0.05	1428.00	177.00	0.12	1437.00
13	0.81	0.70	0.42	0.70	0.33	0.86	19.80	0.06	1421.00	173.00	0.12	1423.00
14	0.83	0.71	0.43	0.70	0.36	0.86	19.70	0.05	1430.00	175.00	0.12	1443.00
15	0.80	0.70	0.42	0.69	0.33	0.86	19.70	0.05	1468.00	169.00	0.12	1484.00
16	0.82	0.71	0.42	0.69	0.33	0.86	19.70	0.05	1450.00	170.00	0.12	1465.00
17	0.80	0.70	0.42	0.70	0.34	0.86	19.60	0.05	1465.00	171.00	0.12	1473.00
18	0.81	0.70	0.42	0.68	0.33	0.86	19.70	0.06	1453.00	176.00	0.12	1462.00
19	0.83	0.71	0.42	0.67	0.34	0.86	20.00	0.04	1458.00	179.00	0.12	1469.00
20	0.81	0.70	0.41	0.67	0.33	0.85	19.60	0.05	1473.00	178.00	0.12	1475.00
21	0.82	0.71	0.42	0.68	0.34	0.86	19.70	0.05	1461.00	172.00	0.12	1474.00
22	0.82	0.71	0.42	0.68	0.34	0.87	19.60	0.05	1432.00	175.00	0.12	1441.00
23	0.82	0.70	0.42	0.67	0.35	0.86	19.70	0.04	1452.00	175.00	0.12	1462.00
24	0.84	0.70	0.42	0.69	0.34	0.87	19.80	0.04	1452.00	168.00	0.12	1462.00
25	0.83	0.72	0.42	0.67	0.34	0.87	19.90	0.05	1503.00	176.00	0.12	1513.00
26	0.81	0.71	0.42	0.68	0.34	0.85	19.60	0.06	1411.00	178.00	0.13	1423.00
27	0.79	0.70	0.42	0.68	0.33	0.85	19.60	0.06	1417.00	180.00	0.13	1427.00
28	0.82	0.70	0.42	0.69	0.32	0.86	20.00	0.05	1435.00	177.00	0.12	1447.00
29	0.81	0.70	0.42	0.66	0.34	0.85	19.80	0.06	1443.00	183.00	0.13	1458.00
30	0.82	0.71	0.43	0.69	0.34	0.88	19.70	0.04	1490.00	161.00	0.11	1500.00
31	0.81	0.70	0.42	0.68	0.35	0.86	19.70	0.05	1437.00	174.00	0.12	1450.00
32	0.81	0.70	0.41	0.68	0.33	0.86	20.00	0.06	1436.00	177.00	0.12	1448.00
33	0.82	0.71	0.43	0.69	0.36	0.87	19.70	0.05	1442.00	173.00	0.12	1454.00
34	0.81	0.70	0.42	0.69	0.34	0.87	19.90	0.05	1419.00	173.00	0.12	1428.00
35	0.81	0.71	0.43	0.70	0.35	0.87	20.00	0.06	1410.00	168.00	0.12	1425.00
36	0.82	0.70	0.42	0.70	0.34	0.87	19.70	0.05	1419.00	161.00	0.11	1427.00
37	0.84	0.71	0.42	0.69	0.34	0.86	19.90	0.04	1451.00	170.00	0.12	1460.00
38	0.81	0.70	0.42	0.69	0.34	0.87	19.60	0.05	1448.00	168.00	0.12	1457.00
39	0.82	0.71	0.42	0.67	0.33	0.86	19.70	0.06	1429.00	172.00	0.12	1441.00
40	0.79	0.70	0.42	0.69	0.34	0.86	19.80	0.05	1464.00	169.00	0.12	1475.00
41	0.81	0.71	0.43	0.68	0.37	0.87	19.70	0.06	1487.00	172.00	0.12	1495.00
42	0.81	0.71	0.43	0.68	0.35	0.86	19.80	0.05	1451.00	174.00	0.12	1462.00
43	0.82	0.70	0.41	0.68	0.34	0.87	19.70	0.04	1446.00	179.00	0.12	1459.00
44	0.83	0.70	0.41	0.70	0.35	0.88	19.70	0.04	1405.00	166.00	0.12	1415.00
45	0.81	0.70	0.42	0.69	0.33	0.87	19.70	0.05	1432.00	178.00	0.12	1438.00
46	0.80	0.71	0.42	0.68	0.34	0.86	19.80	0.06	1461.00	175.00	0.12	1474.00
47	0.82	0.70	0.42	0.69	0.34	0.86	19.70	0.05	1440.00	174.00	0.12	1449.00
48	0.80	0.70	0.41	0.69	0.33	0.85	19.90	0.07	1380.00	174.00	0.13	1382.00
49	0.81	0.70	0.43	0.69	0.35	0.86	19.60	0.05	1447.00	171.00	0.12	1458.00
50	0.82	0.70	0.42	0.68	0.34	0.87	19.80	0.05	1482.00	172.00	0.12	1494.00
51	0.81	0.71	0.42	0.68	0.35	0.86	19.70	0.06	1451.00	179.00	0.12	1463.00
52	0.84	0.71	0.43	0.69	0.36	0.87	19.80	0.05	1461.00	176.00	0.12	1471.00
53	0.83	0.70	0.42	0.69	0.34	0.87	19.70	0.04	1456.00	168.00	0.12	1469.00
54	0.82	0.71	0.43	0.68	0.35	0.87	19.90	0.04	1451.00	172.00	0.12	1462.00
55	0.82	0.71	0.43	0.68	0.36	0.87	19.80	0.05	1482.00	166.00	0.11	1497.00
56	0.83	0.70	0.42	0.68	0.33	0.86	19.60	0.05	1429.00	165.00	0.12	1441.00
57	0.81	0.70	0.42	0.67	0.34	0.86	19.80	0.06	1414.00	172.00	0.12	1427.00
58	0.81	0.70	0.42	0.69	0.35	0.86	19.80	0.05	1397.00	165.00	0.12	1408.00
59	0.83	0.70	0.42	0.67	0.33	0.85	19.80	0.05	1444.00	176.00	0.12	1448.00
60	0.85	0.70	0.42	0.68	0.34	0.87	20.00	0.03	1425.00	178.00	0.12	1434.00
61	0.80	0.71	0.43	0.67	0.34	0.86	19.90	0.07	1469.00	177.00	0.12	1476.00
62	0.81	0.72	0.44	0.70	0.35	0.87	19.80	0.04	1484.00	175.00	0.12	1497.00
63	0.81	0.71	0.42	0.70	0.34	0.87	19.60	0.05	1425.00	169.00	0.12	1433.00
64	0.82	0.70	0.43	0.69	0.33	0.87	19.80	0.04	1481.00	174.00	0.12	1499.00
65	0.81	0.70	0.42	0.68	0.33	0.86	19.60	0.05	1478.00	177.00	0.12	1488.00
66	0.82	0.71	0.42	0.69	0.34	0.87	19.80	0.04	1424.00	171.00	0.12	1436.00
67	0.82	0.70	0.42	0.68	0.34	0.86	19.60	0.05	1426.00	175.00	0.12	1434.00
68	0.81	0.70	0.41	0.67	0.34	0.86	19.60	0.06	1466.00	170.00	0.12	1476.00
69	0.82	0.70	0.42	0.69	0.33	0.87	19.80	0.04	1419.00	168.00	0.12	1429.00
70	0.83	0.71	0.43	0.69	0.33	0.86	19.70	0.06	1445.00	181.00	0.13	1457.00
71	0.82	0.70	0.42	0.69	0.33	0.86	19.60	0.05	1409.00	175.00	0.12	1422.00
72	0.82	0.69	0.41	0.68	0.32	0.86	19.80	0.07	1457.00	166.00	0.11	1470.00
73	0.83	0.70	0.41	0.67	0.32	0.85	19.70	0.06	1469.00	190.00	0.13	1480.00
74	0.81	0.71	0.42	0.70	0.35	0.86	19.70	0.06	1414.00	169.00	0.12	1422.00
75	0.82	0.70	0.42	0.69	0.33	0.86	19.70	0.05	1479.00	174.00	0.12	1494.00
76	0.82	0.70	0.42	0.69	0.32	0.86	19.70	0.04	1417.00	176.00	0.12	1429.00
77	0.84	0.70	0.41	0.68	0.33	0.87	19.80	0.04	1432.00	169.00	0.12	1440.00
78	0.82	0.71	0.42	0.69	0.33	0.86	19.90	0.04	1465.00	171.00	0.12	1478.00
79	0.82	0.70	0.41	0.66	0.33	0.86	19.80	0.05	1492.00	176.00	0.12	1502.00
80	0.82	0.70	0.41	0.68	0.34	0.87	19.80	0.06	1477.00	169.00	0.11	1486.00
81	0.82	0.70	0.43	0.70	0.34	0.87	19.80	0.05	1413.00	170.00	0.12	1426.00
82	0.81	0.71	0.42	0.67	0.35	0.86	19.70	0.05	1511.00	178.00	0.12	1521.00
83	0.80	0.70	0.42	0.69	0.34	0.86	19.90	0.06	1466.00	175.00	0.12	1479.00
84	0.81	0.71	0.42	0.67	0.34	0.86	19.90	0.06	1469.00	172.00	0.12	1482.00
85	0.82	0.72	0.43	0.69	0.35	0.86	19.80	0.05	1432.00	179.00	0.12	1440.00
86	0.82	0.70	0.41	0.68	0.33	0.86	20.00	0.05	1490.00	172.00	0.12	1501.00
87	0.82	0.70	0.41	0.69	0.32	0.86	19.50	0.06	1427.00	171.00	0.12	1434.00
88	0.81	0.71	0.42	0.69	0.34	0.86	19.80	0.05	1432.00	171.00	0.12	1444.00
89	0.82	0.70	0.43	0.68	0.34	0.87	19.80	0.06	1457.00	173.00	0.12	1476.00
90	0.80	0.70	0.41	0.68	0.35	0.86	19.70	0.06	1438.00	169.00	0.12	1451.00
91	0.81	0.70	0.42	0.68	0.33	0.86	19.60	0.05	1454.00	171.00	0.12	1456.00
92	0.82	0.70	0.42	0.68	0.33	0.86	19.80	0.04	1460.00	172.00	0.12	1470.00
93	0.81	0.70	0.42	0.68	0.34	0.85	19.50	0.06	1438.00	176.00	0.12	1440.00
94	0.81	0.70	0.42	0.67	0.33	0.85	19.70	0.07	1445.00	182.00	0.13	1456.00
95	0.82	0.70	0.42	0.68	0.34	0.86	19.80	0.06	1445.00	179.00	0.12	1463.00
96	0.81	0.70	0.41	0.69	0.32	0.86	19.80	0.05	1408.00	173.00	0.12	1420.00
97	0.82	0.70	0.41	0.69	0.33	0.86	19.90	0.05	1492.00	172.00	0.12	1506.00
98	0.80	0.71	0.42	0.70	0.35	0.86	19.70	0.06	1481.00	172.00	0.12	1483.00
99	0.82	0.70	0.41	0.70	0.33	0.87	20.10	0.05	1403.00	172.00	0.12	1422.00
100	0.81	0.71	0.42	0.69	0.34	0.86	19.80	0.06	1473.00	177.00	0.12	1486.00
101	0.82	0.70	0.42	0.69	0.34	0.87	19.60	0.05	1442.00	163.00	0.11	1458.00
102	0.80	0.70	0.42	0.69	0.34	0.86	19.70	0.06	1436.00	174.00	0.12	1448.00
103	0.83	0.70	0.42	0.68	0.33	0.87	19.80	0.05	1427.00	173.00	0.12	1435.00
104	0.81	0.70	0.42	0.68	0.34	0.87	19.50	0.05	1435.00	173.00	0.12	1450.00
105	0.80	0.70	0.43	0.69	0.34	0.86	19.70	0.06	1437.00	174.00	0.12	1451.00
106	0.83	0.70	0.42	0.68	0.33	0.87	19.80	0.04	1436.00	171.00	0.12	1447.00
107	0.82	0.71	0.42	0.69	0.34	0.87	19.90	0.05	1431.00	174.00	0.12	1441.00
108	0.80	0.70	0.43	0.68	0.34	0.86	19.90	0.06	1435.00	180.00	0.13	1450.00
109	0.84	0.70	0.42	0.69	0.34	0.88	19.70	0.05	1433.00	170.00	0.12	1448.00
110	0.82	0.71	0.42	0.69	0.33	0.87	19.90	0.04	1437.00	169.00	0.12	1446.00
111	0.82	0.70	0.42	0.69	0.32	0.86	20.00	0.06	1424.00	173.00	0.12	1436.00
112	0.80	0.70	0.41	0.69	0.32	0.86	19.80	0.05	1426.00	174.00	0.12	1436.00
113	0.82	0.70	0.42	0.70	0.33	0.87	19.80	0.04	1443.00	171.00	0.12	1455.00
114	0.80	0.70	0.42	0.67	0.36	0.87	19.80	0.06	1452.00	173.00	0.12	1466.00
115	0.81	0.71	0.43	0.69	0.35	0.86	19.70	0.05	1452.00	167.00	0.12	1464.00
116	0.82	0.70	0.42	0.68	0.35	0.87	20.00	0.05	1457.00	172.00	0.12	1471.00
117	0.81	0.70	0.42	0.68	0.35	0.86	19.70	0.06	1401.00	173.00	0.12	1414.00
118	0.82	0.70	0.41	0.68	0.33	0.86	19.70	0.07	1433.00	169.00	0.12	1440.00
119	0.81	0.69	0.41	0.69	0.33	0.86	19.90	0.06	1430.00	167.00	0.12	1437.00
120	0.81	0.70	0.42	0.68	0.32	0.87	19.80	0.05	1424.00	174.00	0.12	1437.00
121	0.83	0.70	0.42	0.69	0.34	0.87	20.00	0.05	1410.00	164.00	0.12	1420.00
122	0.83	0.70	0.41	0.71	0.33	0.87	20.00	0.05	1430.00	163.00	0.11	1442.00
123	0.81	0.71	0.42	0.69	0.35	0.86	19.80	0.06	1435.00	173.00	0.12	1446.00
124	0.82	0.70	0.41	0.67	0.33	0.86	19.60	0.06	1435.00	175.00	0.12	1445.00
125	0.80	0.70	0.42	0.70	0.35	0.87	19.50	0.05	1418.00	162.00	0.11	1430.00
126	0.82	0.70	0.42	0.70	0.33	0.86	19.90	0.06	1455.00	175.00	0.12	1467.00
127	0.81	0.70	0.43	0.70	0.35	0.87	19.70	0.06	1461.00	164.00	0.11	1463.00
128	0.82	0.71	0.42	0.70	0.33	0.86	19.70	0.05	1464.00	170.00	0.12	1480.00
129	0.81	0.71	0.42	0.69	0.33	0.86	20.00	0.06	1481.00	176.00	0.12	1492.00
130	0.79	0.71	0.42	0.68	0.33	0.86	20.00	0.05	1464.00	168.00	0.11	1472.00
131	0.83	0.71	0.42	0.69	0.34	0.86	19.70	0.05	1483.00	174.00	0.12	1497.00
132	0.83	0.71	0.42	0.68	0.33	0.86	19.60	0.05	1421.00	179.00	0.13	1436.00
133	0.82	0.70	0.42	0.70	0.34	0.86	19.70	0.06	1406.00	173.00	0.12	1416.00
134	0.81	0.71	0.42	0.68	0.35	0.87	19.70	0.05	1478.00	177.00	0.12	1493.00
135	0.82	0.71	0.42	0.68	0.34	0.86	19.70	0.05	1429.00	172.00	0.12	1442.00
136	0.83	0.70	0.42	0.69	0.33	0.86	20.10	0.05	1450.00	168.00	0.12	1452.00
137	0.81	0.70	0.43	0.69	0.34	0.86	19.80	0.06	1448.00	174.00	0.12	1461.00
138	0.81	0.71	0.43	0.71	0.34	0.86	19.80	0.04	1443.00	176.00	0.12	1454.00
139	0.81	0.71	0.42	0.68	0.35	0.86	19.90	0.05	1472.00	181.00	0.12	1478.00
140	0.81	0.70	0.43	0.69	0.36	0.87	19.70	0.05	1456.00	172.00	0.12	1466.00
141	0.80	0.71	0.44	0.69	0.34	0.86	19.90	0.06	1440.00	181.00	0.13	1450.00
142	0.80	0.71	0.42	0.69	0.32	0.86	19.70	0.06	1447.00	177.00	0.12	1457.00
143	0.82	0.71	0.43	0.68	0.35	0.86	19.80	0.04	1471.00	173.00	0.12	1481.00
144	0.82	0.71	0.43	0.68	0.37	0.87	20.00	0.06	1462.00	168.00	0.11	1471.00
145	0.82	0.70	0.42	0.68	0.33	0.86	19.70	0.04	1433.00	170.00	0.12	1446.00
146	0.82	0.69	0.41	0.68	0.33	0.86	19.50	0.05	1457.00	175.00	0.12	1468.00
147	0.80	0.70	0.42	0.69	0.33	0.87	19.80	0.05	1435.00	170.00	0.12	1446.00
148	0.82	0.70	0.41	0.70	0.32	0.86	19.80	0.05	1432.00	175.00	0.12	1444.00
149	0.80	0.70	0.42	0.67	0.35	0.85	19.90	0.06	1419.00	173.00	0.12	1421.00
150	0.80	0.71	0.42	0.70	0.33	0.86	19.90	0.05	1420.00	165.00	0.12	1428.00
151	0.81	0.69	0.42	0.69	0.32	0.86	19.70	0.06	1430.00	175.00	0.12	1443.00
152	0.80	0.70	0.42	0.68	0.33	0.85	19.70	0.05	1416.00	173.00	0.12	1429.00
153	0.80	0.70	0.42	0.69	0.32	0.86	19.80	0.06	1454.00	176.00	0.12	1465.00
154	0.81	0.70	0.41	0.69	0.35	0.87	19.70	0.04	1429.00	168.00	0.12	1438.00
155	0.81	0.70	0.42	0.68	0.33	0.86	19.90	0.05	1474.00	176.00	0.12	1476.00
156	0.82	0.71	0.43	0.69	0.35	0.85	19.80	0.06	1451.00	171.00	0.12	1459.00
157	0.82	0.70	0.42	0.69	0.33	0.86	19.90	0.04	1449.00	177.00	0.12	1459.00
158	0.83	0.70	0.42	0.70	0.32	0.87	19.90	0.04	1418.00	168.00	0.12	1428.00
159	0.81	0.70	0.43	0.70	0.34	0.86	20.00	0.04	1434.00	178.00	0.12	1436.00
160	0.80	0.71	0.42	0.69	0.35	0.87	19.80	0.05	1419.00	171.00	0.12	1432.00
161	0.83	0.71	0.43	0.68	0.35	0.87	19.70	0.04	1458.00	167.00	0.11	1467.00
162	0.83	0.70	0.41	0.69	0.34	0.86	19.60	0.06	1428.00	168.00	0.12	1442.00
163	0.82	0.70	0.42	0.69	0.34	0.87	19.90	0.05	1406.00	165.00	0.12	1416.00
164	0.82	0.71	0.43	0.69	0.34	0.86	20.00	0.05	1440.00	171.00	0.12	1442.00
165	0.80	0.70	0.42	0.71	0.34	0.86	19.80	0.05	1421.00	168.00	0.12	1433.00
166	0.83	0.71	0.43	0.68	0.34	0.86	19.90	0.04	1492.00	181.00	0.12	1504.00
167	0.80	0.70	0.42	0.67	0.34	0.86	19.90	0.05	1428.00	180.00	0.13	1440.00
168	0.83	0.70	0.42	0.69	0.34	0.87	20.00	0.04	1447.00	165.00	0.11	1454.00
169	0.82	0.70	0.42	0.68	0.34	0.86	19.90	0.04	1476.00	167.00	0.11	1485.00
170	0.80	0.71	0.43	0.66	0.35	0.86	20.00	0.06	1472.00	175.00	0.12	1483.00
171	0.82	0.70	0.43	0.69	0.33	0.87	19.60	0.05	1435.00	170.00	0.12	1443.00
172	0.81	0.71	0.43	0.69	0.34	0.86	19.60	0.04	1419.00	176.00	0.12	1437.00
173	0.83	0.72	0.43	0.69	0.34	0.87	19.70	0.05	1472.00	173.00	0.12	1485.00
174	0.83	0.70	0.42	0.68	0.34	0.86	19.80	0.06	1466.00	170.00	0.12	1468.00
175	0.82	0.70	0.41	0.69	0.34	0.87	19.70	0.05	1439.00	167.00	0.12	1449.00
176	0.82	0.70	0.42	0.69	0.32	0.87	20.00	0.05	1456.00	172.00	0.12	1471.00
177	0.83	0.70	0.42	0.68	0.34	0.86	19.70	0.05	1438.00	173.00	0.12	1447.00
178	0.80	0.70	0.42	0.69	0.35	0.86	19.50	0.06	1445.00	169.00	0.12	1461.00
179	0.80	0.71	0.42	0.70	0.35	0.86	19.70	0.05	1426.00	173.00	0.12	1437.00
180	0.83	0.70	0.42	0.68	0.33	0.86	19.80	0.05	1421.00	172.00	0.12	1431.00
181	0.82	0.70	0.42	0.69	0.34	0.86	19.90	0.06	1420.00	173.00	0.12	1433.00
182	0.79	0.70	0.42	0.70	0.34	0.86	19.80	0.06	1449.00	171.00	0.12	1460.00
183	0.85	0.72	0.43	0.68	0.35	0.86	19.80	0.04	1456.00	175.00	0.12	1468.00
184	0.83	0.70	0.42	0.68	0.33	0.86	20.00	0.05	1471.00	177.00	0.12	1482.00
185	0.82	0.71	0.43	0.69	0.34	0.86	20.00	0.06	1436.00	174.00	0.12	1452.00
186	0.82	0.70	0.41	0.67	0.32	0.85	20.00	0.07	1424.00	181.00	0.13	1437.00
187	0.82	0.70	0.42	0.69	0.34	0.86	20.00	0.04	1443.00	169.00	0.12	1453.00
188	0.81	0.71	0.42	0.71	0.33	0.87	20.10	0.05	1386.00	172.00	0.12	1397.00
189	0.82	0.71	0.42	0.69	0.36	0.87	19.70	0.05	1432.00	167.00	0.12	1440.00
190	0.81	0.70	0.42	0.69	0.34	0.87	19.90	0.04	1432.00	166.00	0.12	1441.00
191	0.81	0.71	0.43	0.68	0.34	0.86	20.00	0.05	1473.00	169.00	0.11	1482.00
192	0.81	0.71	0.43	0.68	0.36	0.86	19.70	0.05	1499.00	181.00	0.12	1508.00
193	0.83	0.70	0.42	0.67	0.34	0.85	20.10	0.05	1401.00	180.00	0.13	1413.00
194	0.81	0.70	0.42	0.68	0.33	0.86	19.90	0.06	1445.00	181.00	0.13	1457.00
195	0.82	0.71	0.43	0.69	0.37	0.86	19.90	0.05	1446.00	170.00	0.12	1457.00
196	0.82	0.71	0.43	0.68	0.35	0.86	19.80	0.06	1455.00	182.00	0.13	1471.00
197	0.79	0.70	0.42	0.70	0.33	0.86	19.80	0.06	1448.00	170.00	0.12	1450.00
198	0.81	0.71	0.42	0.70	0.35	0.86	19.80	0.06	1440.00	169.00	0.12	1458.00
199	0.82	0.71	0.42	0.71	0.35	0.86	19.70	0.04	1434.00	164.00	0.11	1443.00
200	0.81	0.71	0.42	0.67	0.34	0.86	20.00	0.06	1467.00	171.00	0.12	1475.00
201	0.81	0.70	0.43	0.68	0.34	0.86	19.70	0.06	1459.00	176.00	0.12	1469.00
202	0.82	0.70	0.42	0.67	0.35	0.86	19.70	0.06	1423.00	172.00	0.12	1435.00
203	0.81	0.70	0.43	0.70	0.33	0.86	19.90	0.05	1461.00	177.00	0.12	1473.00
204	0.83	0.70	0.43	0.69	0.35	0.86	19.90	0.06	1433.00	171.00	0.12	1441.00
205	0.84	0.70	0.41	0.69	0.33	0.87	19.70	0.05	1438.00	176.00	0.12	1452.00
206	0.81	0.70	0.42	0.67	0.34	0.86	19.70	0.05	1463.00	172.00	0.12	1475.00
207	0.84	0.71	0.42	0.68	0.36	0.87	19.60	0.05	1412.00	168.00	0.12	1426.00
208	0.81	0.70	0.42	0.67	0.34	0.86	19.90	0.05	1473.00	171.00	0.12	1485.00
209	0.82	0.71	0.42	0.68	0.35	0.87	19.60	0.05	1440.00	174.00	0.12	1452.00
210	0.81	0.70	0.42	0.69	0.34	0.86	19.80	0.06	1415.00	169.00	0.12	1423.00
211	0.83	0.71	0.42	0.68	0.34	0.87	19.90	0.05	1474.00	170.00	0.12	1486.00
212	0.82	0.70	0.41	0.68	0.33	0.86	19.80	0.04	1443.00	173.00	0.12	1451.00
213	0.80	0.69	0.42	0.67	0.33	0.85	19.80	0.08	1449.00	186.00	0.13	1459.00
214	0.82	0.70	0.42	0.68	0.33	0.87	19.90	0.05	1472.00	171.00	0.12	1480.00
215	0.82	0.70	0.42	0.67	0.33	0.86	19.80	0.05	1421.00	177.00	0.12	1432.00
216	0.82	0.70	0.42	0.69	0.34	0.86	20.00	0.05	1423.00	174.00	0.12	1432.00
217	0.83	0.70	0.42	0.68	0.34	0.87	19.80	0.05	1434.00	172.00	0.12	1445.00
218	0.80	0.70	0.42	0.68	0.32	0.86	19.70	0.05	1428.00	175.00	0.12	1439.00
219	0.82	0.71	0.42	0.67	0.34	0.86	19.80	0.04	1482.00	175.00	0.12	1495.00
220	0.81	0.70	0.42	0.70	0.34	0.87	19.70	0.04	1459.00	161.00	0.11	1467.00
221	0.81	0.70	0.41	0.69	0.34	0.86	19.80	0.04	1398.00	174.00	0.12	1409.00
222	0.82	0.71	0.42	0.68	0.34	0.85	19.70	0.06	1509.00	179.00	0.12	1521.00
223	0.82	0.70	0.41	0.69	0.31	0.87	19.70	0.05	1445.00	179.00	0.12	1458.00
224	0.80	0.70	0.41	0.68	0.34	0.87	19.80	0.06	1459.00	170.00	0.12	1471.00
225	0.83	0.70	0.42	0.68	0.32	0.86	19.80	0.05	1442.00	174.00	0.12	1452.00
226	0.82	0.71	0.42	0.68	0.34	0.86	20.00	0.04	1435.00	172.00	0.12	1443.00
227	0.81	0.71	0.42	0.68	0.34	0.87	20.00	0.05	1452.00	163.00	0.11	1463.00
228	0.82	0.69	0.41	0.68	0.31	0.85	19.70	0.05	1415.00	172.00	0.12	1426.00
229	0.82	0.70	0.42	0.67	0.34	0.86	19.60	0.05	1422.00	172.00	0.12	1430.00
230	0.81	0.71	0.42	0.68	0.33	0.86	19.70	0.04	1457.00	176.00	0.12	1467.00
231	0.81	0.71	0.43	0.68	0.34	0.87	20.00	0.07	1447.00	175.00	0.12	1449.00
232	0.84	0.70	0.42	0.68	0.35	0.87	19.40	0.04	1451.00	166.00	0.11	1458.00
233	0.83	0.71	0.43	0.67	0.34	0.87	19.60	0.04	1458.00	172.00	0.12	1466.00
234	0.82	0.71	0.42	0.68	0.34	0.86	19.90	0.04	1454.00	177.00	0.12	1466.00
235	0.83	0.70	0.42	0.66	0.34	0.86	19.80	0.05	1456.00	176.00	0.12	1467.00
236	0.82	0.70	0.41	0.68	0.33	0.87	19.80	0.05	1461.00	174.00	0.12	1474.00
237	0.81	0.70	0.42	0.70	0.34	0.87	19.90	0.05	1461.00	167.00	0.11	1470.00
238	0.82	0.70	0.41	0.69	0.34	0.87	19.60	0.05	1444.00	168.00	0.12	1454.00
239	0.82	0.70	0.41	0.71	0.32	0.87	19.70	0.04	1426.00	163.00	0.11	1440.00
240	0.83	0.70	0.42	0.69	0.34	0.87	19.70	0.04	1458.00	171.00	0.12	1470.00
241	0.83	0.71	0.42	0.68	0.34	0.86	19.90	0.05	1463.00	183.00	0.13	1470.00
242	0.81	0.70	0.42	0.68	0.33	0.86	19.90	0.05	1509.00	166.00	0.11	1511.00
243	0.81	0.70	0.42	0.69	0.33	0.87	19.80	0.06	1454.00	168.00	0.12	1468.00
244	0.81	0.70	0.42	0.70	0.32	0.86	20.10	0.04	1416.00	169.00	0.12	1429.00
245	0.81	0.70	0.42	0.68	0.33	0.86	19.50	0.06	1459.00	173.00	0.12	1477.00
246	0.81	0.70	0.42	0.69	0.33	0.86	19.80	0.06	1452.00	175.00	0.12	1464.00
247	0.82	0.70	0.41	0.69	0.34	0.86	19.70	0.05	1438.00	173.00	0.12	1449.00
248	0.82	0.70	0.42	0.69	0.32	0.87	19.80	0.05	1443.00	168.00	0.12	1455.00
249	0.81	0.71	0.43	0.69	0.35	0.87	19.80	0.05	1448.00	170.00	0.12	1456.00
250	0.81	0.70	0.42	0.70	0.34	0.86	19.70	0.05	1444.00	170.00	0.12	1454.00
251	0.84	0.71	0.42	0.68	0.33	0.87	19.60	0.04	1432.00	166.00	0.12	1439.00
252	0.82	0.70	0.42	0.69	0.35	0.87	19.70	0.04	1472.00	168.00	0.11	1483.00
253	0.82	0.71	0.43	0.68	0.34	0.86	19.90	0.06	1471.00	185.00	0.13	1480.00
254	0.81	0.71	0.43	0.68	0.35	0.86	19.70	0.06	1484.00	177.00	0.12	1495.00
255	0.82	0.70	0.41	0.68	0.32	0.87	19.70	0.05	1441.00	172.00	0.12	1452.00
256	0.80	0.70	0.41	0.71	0.32	0.86	19.90	0.05	1429.00	172.00	0.12	1438.00
257	0.79	0.70	0.42	0.68	0.33	0.86	19.90	0.06	1490.00	175.00	0.12	1500.00
258	0.82	0.70	0.42	0.68	0.32	0.86	19.70	0.05	1445.00	176.00	0.12	1456.00
259	0.83	0.70	0.43	0.69	0.35	0.86	19.80	0.04	1415.00	167.00	0.12	1428.00
260	0.82	0.70	0.41	0.67	0.34	0.87	19.90	0.04	1490.00	181.00	0.12	1502.00
261	0.82	0.71	0.42	0.69	0.34	0.86	19.70	0.05	1441.00	167.00	0.12	1453.00
262	0.80	0.69	0.41	0.68	0.32	0.86	19.70	0.06	1446.00	170.00	0.12	1460.00
263	0.83	0.70	0.42	0.67	0.34	0.86	19.90	0.05	1480.00	179.00	0.12	1492.00
264	0.83	0.70	0.42	0.70	0.33	0.86	19.90	0.05	1401.00	167.00	0.12	1415.00
265	0.83	0.70	0.42	0.69	0.34	0.86	19.90	0.05	1404.00	167.00	0.12	1415.00
266	0.81	0.70	0.41	0.69	0.34	0.87	19.90	0.06	1464.00	171.00	0.12	1467.00
267	0.81	0.71	0.44	0.68	0.36	0.86	19.90	0.04	1417.00	172.00	0.12	1430.00
268	0.81	0.70	0.42	0.68	0.34	0.86	19.60	0.06	1440.00	167.00	0.12	1454.00
269	0.81	0.71	0.43	0.68	0.34	0.85	19.80	0.06	1462.00	181.00	0.12	1475.00
270	0.82	0.70	0.41	0.68	0.32	0.86	19.70	0.05	1459.00	172.00	0.12	1470.00
271	0.81	0.70	0.42	0.69	0.35	0.87	19.80	0.04	1463.00	164.00	0.11	1469.00
272	0.82	0.69	0.41	0.69	0.33	0.87	19.80	0.05	1430.00	172.00	0.12	1439.00
273	0.84	0.70	0.42	0.70	0.35	0.86	19.60	0.06	1424.00	172.00	0.12	1435.00
274	0.80	0.70	0.42	0.67	0.34	0.86	19.70	0.07	1442.00	181.00	0.13	1455.00
275	0.82	0.71	0.42	0.70	0.34	0.87	19.80	0.04	1456.00	167.00	0.11	1471.00
276	0.79	0.71	0.43	0.70	0.35	0.86	19.50	0.05	1436.00	170.00	0.12	1444.00
277	0.81	0.70	0.42	0.70	0.34	0.86	19.70	0.05	1421.00	169.00	0.12	1433.00
278	0.80	0.70	0.42	0.69	0.32	0.86	19.60	0.06	1456.00	176.00	0.12	1466.00
279	0.81	0.71	0.43	0.69	0.34	0.86	19.90	0.05	1432.00	172.00	0.12	1440.00
280	0.85	0.70	0.41	0.69	0.33	0.86	19.70	0.04	1427.00	162.00	0.11	1434.00
281	0.80	0.71	0.42	0.69	0.34	0.86	19.90	0.06	1456.00	179.00	0.12	1471.00
282	0.83	0.70	0.41	0.69	0.34	0.86	19.70	0.05	1426.00	170.00	0.12	1438.00
283	0.82	0.70	0.42	0.67	0.34	0.87	19.70	0.05	1453.00	175.00	0.12	1464.00
284	0.83	0.71	0.42	0.68	0.33	0.85	19.70	0.05	1458.00	175.00	0.12	1469.00
285	0.82	0.70	0.41	0.68	0.34	0.87	19.70	0.05	1445.00	171.00	0.12	1447.00
286	0.81	0.71	0.42	0.68	0.33	0.86	19.80	0.04	1467.00	175.00	0.12	1481.00
287	0.81	0.70	0.40	0.70	0.34	0.86	19.80	0.04	1445.00	166.00	0.11	1455.00
288	0.80	0.71	0.43	0.70	0.35	0.86	19.90	0.06	1415.00	169.00	0.12	1429.00
289	0.81	0.71	0.42	0.69	0.34	0.86	19.80	0.05	1434.00	176.00	0.12	1436.00
290	0.81	0.69	0.41	0.69	0.32	0.86	19.80	0.04	1451.00	173.00	0.12	1461.00
291	0.81	0.71	0.42	0.69	0.34	0.86	19.50	0.05	1471.00	175.00	0.12	1480.00
292	0.82	0.70	0.41	0.68	0.34	0.86	19.80	0.06	1447.00	178.00	0.12	1456.00
293	0.80	0.70	0.42	0.69	0.34	0.86	19.70	0.06	1444.00	170.00	0.12	1456.00
294	0.79	0.71	0.42	0.69	0.34	0.87	19.70	0.06	1457.00	166.00	0.11	1469.00
295	0.82	0.71	0.42	0.67	0.34	0.86	19.60	0.06	1425.00	180.00	0.13	1427.00
296	0.82	0.70	0.42	0.69	0.34	0.86	19.50	0.05	1435.00	176.00	0.12	1449.00
297	0.80	0.70	0.42	0.67	0.33	0.86	19.90	0.06	1470.00	179.00	0.12	1481.00
298	0.82	0.70	0.42	0.68	0.32	0.87	19.70	0.03	1395.00	170.00	0.12	1405.00
299	0.84	0.70	0.41	0.69	0.34	0.87	19.40	0.04	1441.00	167.00	0.12	1450.00
300	0.83	0.71	0.42	0.67	0.35	0.85	20.00	0.05	1428.00	177.00	0.12	1438.00
301	0.82	0.71	0.43	0.71	0.35	0.87	19.80	0.05	1467.00	169.00	0.12	1469.00
302	0.81	0.69	0.41	0.68	0.32	0.85	19.90	0.06	1419.00	178.00	0.13	1430.00
303	0.83	0.70	0.41	0.67	0.34	0.86	19.90	0.06	1463.00	175.00	0.12	1478.00
304	0.81	0.70	0.42	0.70	0.34	0.86	19.80	0.05	1427.00	171.00	0.12	1436.00
305	0.82	0.70	0.42	0.70	0.33	0.85	19.50	0.05	1442.00	171.00	0.12	1444.00
306	0.80	0.70	0.42	0.68	0.33	0.86	19.80	0.05	1468.00	174.00	0.12	1480.00
307	0.82	0.71	0.43	0.69	0.32	0.86	19.80	0.05	1431.00	178.00	0.12	1438.00
308	0.82	0.70	0.42	0.68	0.33	0.87	19.70	0.04	1444.00	166.00	0.11	1452.00
309	0.81	0.70	0.42	0.68	0.34	0.87	19.60	0.06	1428.00	169.00	0.12	1430.00
310	0.82	0.71	0.43	0.70	0.36	0.86	20.00	0.05	1434.00	173.00	0.12	1447.00
311	0.85	0.70	0.42	0.66	0.33	0.87	19.80	0.04	1470.00	168.00	0.11	1481.00
312	0.81	0.70	0.42	0.67	0.33	0.86	19.90	0.05	1425.00	178.00	0.12	1437.00
313	0.81	0.71	0.42	0.69	0.34	0.87	20.00	0.05	1450.00	171.00	0.12	1460.00
314	0.80	0.69	0.41	0.69	0.33	0.86	19.90	0.06	1425.00	169.00	0.12	1440.00
315	0.80	0.71	0.42	0.68	0.34	0.86	19.90	0.05	1484.00	173.00	0.12	1492.00
316	0.83	0.70	0.42	0.71	0.34	0.87	19.90	0.04	1459.00	173.00	0.12	1469.00
317	0.83	0.70	0.42	0.69	0.34	0.87	19.90	0.04	1489.00	170.00	0.11	1505.00
318	0.83	0.71	0.43	0.68	0.33	0.85	19.80	0.05	1438.00	180.00	0.13	1449.00
319	0.82	0.70	0.42	0.68	0.36	0.86	19.70	0.05	1450.00	171.00	0.12	1462.00
320	0.79	0.70	0.42	0.69	0.33	0.85	19.90	0.07	1431.00	171.00	0.12	1442.00
321	0.80	0.70	0.41	0.68	0.35	0.87	20.00	0.06	1469.00	171.00	0.12	1484.00
322	0.83	0.70	0.42	0.69	0.34	0.86	19.90	0.04	1454.00	169.00	0.12	1460.00
323	0.79	0.70	0.42	0.69	0.33	0.86	19.80	0.06	1437.00	172.00	0.12	1447.00
324	0.82	0.70	0.42	0.70	0.34	0.86	19.80	0.05	1430.00	167.00	0.12	1444.00
325	0.83	0.70	0.42	0.68	0.32	0.86	20.00	0.04	1441.00	171.00	0.12	1458.00
326	0.83	0.70	0.43	0.68	0.34	0.87	19.50	0.05	1479.00	176.00	0.12	1494.00
327	0.81	0.70	0.42	0.68	0.34	0.86	19.50	0.05	1441.00	177.00	0.12	1456.00
328	0.82	0.70	0.42	0.67	0.33	0.86	19.80	0.05	1470.00	170.00	0.12	1480.00
329	0.84	0.71	0.42	0.68	0.37	0.88	19.80	0.05	1442.00	164.00	0.11	1449.00
330	0.82	0.70	0.42	0.68	0.34	0.87	19.70	0.05	1429.00	184.00	0.13	1432.00
331	0.80	0.70	0.42	0.67	0.33	0.86	19.70	0.06	1450.00	170.00	0.12	1461.00
332	0.82	0.70	0.42	0.69	0.34	0.87	19.70	0.04	1415.00	166.00	0.12	1423.00
333	0.81	0.71	0.43	0.68	0.35	0.85	20.00	0.06	1455.00	177.00	0.12	1470.00
334	0.83	0.70	0.41	0.70	0.34	0.86	19.90	0.05	1416.00	173.00	0.12	1426.00
335	0.82	0.70	0.41	0.69	0.31	0.86	19.70	0.04	1394.00	172.00	0.12	1404.00
336	0.81	0.71	0.42	0.68	0.33	0.87	20.00	0.05	1473.00	180.00	0.12	1487.00
337	0.81	0.70	0.42	0.67	0.33	0.86	19.50	0.06	1438.00	175.00	0.12	1440.00
338	0.82	0.70	0.42	0.68	0.34	0.87	19.70	0.06	1446.00	177.00	0.12	1463.00
339	0.82	0.71	0.43	0.68	0.33	0.86	19.70	0.05	1480.00	182.00	0.12	1493.00
340	0.81	0.70	0.42	0.69	0.33	0.86	19.80	0.04	1460.00	171.00	0.12	1468.00
341	0.82	0.70	0.41	0.68	0.34	0.87	19.80	0.06	1398.00	167.00	0.12	1405.00
342	0.80	0.71	0.42	0.67	0.34	0.85	19.90	0.06	1451.00	173.00	0.12	1459.00
343	0.81	0.71	0.42	0.69	0.33	0.86	19.70	0.07	1442.00	175.00	0.12	1455.00
344	0.82	0.70	0.42	0.69	0.34	0.87	19.50	0.05	1463.00	174.00	0.12	1470.00
345	0.83	0.70	0.43	0.67	0.35	0.87	19.80	0.05	1453.00	170.00	0.12	1465.00
346	0.81	0.70	0.42	0.69	0.34	0.86	19.80	0.05	1457.00	181.00	0.12	1470.00
347	0.83	0.71	0.44	0.68	0.36	0.87	19.60	0.05	1461.00	167.00	0.11	1472.00
348	0.83	0.71	0.43	0.68	0.35	0.87	19.90	0.05	1437.00	169.00	0.12	1439.00
349	0.82	0.70	0.42	0.68	0.34	0.86	19.60	0.05	1469.00	183.00	0.12	1483.00
350	0.82	0.70	0.41	0.69	0.33	0.87	19.80	0.06	1459.00	174.00	0.12	1470.00
351	0.81	0.70	0.42	0.69	0.32	0.86	19.80	0.06	1394.00	166.00	0.12	1407.00
352	0.80	0.71	0.43	0.68	0.34	0.86	19.80	0.05	1431.00	173.00	0.12	1440.00
353	0.80	0.71	0.42	0.69	0.34	0.86	19.90	0.07	1422.00	175.00	0.12	1432.00
354	0.80	0.70	0.43	0.69	0.34	0.87	19.80	0.06	1444.00	174.00	0.12	1453.00
355	0.83	0.70	0.41	0.68	0.32	0.86	19.60	0.05	1460.00	170.00	0.12	1462.00
356	0.82	0.70	0.42	0.69	0.33	0.86	19.70	0.05	1439.00	171.00	0.12	1441.00
357	0.82	0.70	0.42	0.68	0.33	0.86	19.70	0.06	1438.00	178.00	0.12	1448.00
358	0.82	0.70	0.42	0.69	0.35	0.87	19.60	0.05	1448.00	169.00	0.12	1462.00
359	0.81	0.71	0.42	0.67	0.35	0.85	19.70	0.05	1453.00	178.00	0.12	1462.00
360	0.82	0.70	0.43	0.69	0.34	0.86	19.90	0.06	1443.00	167.00	0.12	1457.00
361	0.82	0.70	0.42	0.69	0.34	0.87	19.70	0.05	1444.00	171.00	0.12	1457.00
362	0.82	0.70	0.42	0.68	0.35	0.87	19.60	0.05	1415.00	168.00	0.12	1424.00
363	0.80	0.71	0.43	0.68	0.34	0.87	19.70	0.06	1467.00	161.00	0.11	1478.00
364	0.81	0.71	0.43	0.68	0.35	0.86	19.70	0.06	1469.00	176.00	0.12	1479.00
365	0.82	0.71	0.43	0.70	0.34	0.87	19.60	0.04	1465.00	171.00	0.12	1476.00
366	0.81	0.70	0.43	0.69	0.32	0.85	19.90	0.06	1378.00	180.00	0.13	1389.00
367	0.82	0.71	0.42	0.68	0.34	0.87	19.70	0.05	1432.00	167.00	0.12	1434.00
368	0.82	0.70	0.41	0.69	0.33	0.86	19.90	0.05	1412.00	167.00	0.12	1421.00
369	0.82	0.70	0.42	0.71	0.34	0.87	20.00	0.05	1432.00	166.00	0.12	1444.00
370	0.82	0.70	0.41	0.69	0.33	0.87	19.70	0.04	1482.00	166.00	0.11	1492.00
371	0.82	0.70	0.42	0.70	0.35	0.86	19.80	0.04	1416.00	171.00	0.12	1427.00
372	0.82	0.70	0.42	0.68	0.33	0.86	19.70	0.05	1480.00	180.00	0.12	1494.00
373	0.80	0.71	0.42	0.69	0.35	0.86	19.90	0.05	1435.00	168.00	0.12	1447.00
374	0.81	0.71	0.42	0.72	0.35	0.86	19.80	0.05	1459.00	164.00	0.11	1461.00
375	0.81	0.71	0.42	0.68	0.34	0.87	19.80	0.05	1470.00	176.00	0.12	1478.00
376	0.82	0.70	0.42	0.70	0.34	0.87	19.40	0.05	1429.00	164.00	0.11	1431.00
377	0.81	0.71	0.42	0.69	0.34	0.86	19.90	0.05	1474.00	174.00	0.12	1484.00
378	0.82	0.71	0.42	0.69	0.34	0.87	19.70	0.05	1464.00	171.00	0.12	1478.00
379	0.80	0.70	0.42	0.69	0.34	0.85	19.70	0.06	1427.00	166.00	0.12	1442.00
380	0.83	0.71	0.43	0.69	0.34	0.86	19.70	0.04	1448.00	178.00	0.12	1461.00
381	0.81	0.70	0.42	0.68	0.33	0.86	19.70	0.05	1461.00	178.00	0.12	1471.00
382	0.80	0.70	0.42	0.68	0.35	0.86	19.90	0.07	1435.00	178.00	0.12	1445.00
383	0.81	0.70	0.41	0.68	0.33	0.86	19.90	0.06	1467.00	173.00	0.12	1481.00
384	0.80	0.71	0.43	0.68	0.33	0.86	19.80	0.07	1456.00	172.00	0.12	1471.00
385	0.80	0.70	0.43	0.68	0.35	0.86	19.70	0.05	1431.00	174.00	0.12	1441.00
386	0.81	0.70	0.42	0.69	0.33	0.86	19.70	0.05	1457.00	172.00	0.12	1468.00
387	0.81	0.71	0.43	0.69	0.33	0.86	19.60	0.05	1454.00	170.00	0.12	1463.00
388	0.80	0.71	0.43	0.70	0.35	0.87	19.70	0.05	1415.00	165.00	0.12	1426.00
389	0.82	0.70	0.42	0.70	0.32	0.86	19.80	0.05	1408.00	170.00	0.12	1416.00
390	0.83	0.71	0.42	0.69	0.35	0.87	19.90	0.05	1442.00	170.00	0.12	1453.00
391	0.84	0.70	0.42	0.66	0.33	0.85	19.50	0.05	1487.00	180.00	0.12	1494.00
392	0.82	0.71	0.42	0.70	0.35	0.87	19.90	0.04	1461.00	181.00	0.12	1469.00
393	0.81	0.70	0.42	0.69	0.34	0.86	19.60	0.05	1371.00	167.00	0.12	1383.00
394	0.84	0.70	0.41	0.66	0.34	0.86	19.50	0.06	1441.00	178.00	0.12	1451.00
395	0.80	0.70	0.42	0.68	0.35	0.87	19.70	0.05	1445.00	174.00	0.12	1452.00
396	0.81	0.70	0.42	0.68	0.34	0.86	19.70	0.05	1429.00	170.00	0.12	1441.00
397	0.79	0.70	0.42	0.69	0.32	0.86	19.70	0.05	1456.00	174.00	0.12	1468.00
398	0.83	0.70	0.41	0.69	0.32	0.86	19.70	0.06	1432.00	175.00	0.12	1442.00
399	0.83	0.71	0.43	0.68	0.35	0.86	19.60	0.05	1453.00	167.00	0.11	1463.00
400	0.83	0.70	0.42	0.67	0.35	0.86	19.80	0.05	1460.00	184.00	0.13	1470.00
401	0.81	0.70	0.42	0.68	0.35	0.86	19.90	0.05	1459.00	169.00	0.12	1470.00
402	0.81	0.70	0.42	0.70	0.33	0.86	19.80	0.05	1418.00	171.00	0.12	1429.00
403	0.84	0.69	0.41	0.70	0.33	0.86	19.70	0.04	1413.00	173.00	0.12	1424.00
404	0.80	0.71	0.42	0.69	0.35	0.86	19.90	0.05	1469.00	167.00	0.11	1474.00
405	0.82	0.71	0.42	0.68	0.37	0.87	19.70	0.05	1481.00	173.00	0.12	1490.00
406	0.82	0.70	0.41	0.68	0.34	0.87	19.80	0.04	1439.00	167.00	0.12	1453.00
407	0.82	0.70	0.42	0.69	0.35	0.87	19.90	0.05	1429.00	171.00	0.12	1438.00
408	0.82	0.70	0.42	0.68	0.33	0.87	19.80	0.05	1439.00	173.00	0.12	1448.00
409	0.83	0.70	0.41	0.69	0.32	0.86	19.80	0.04	1445.00	169.00	0.12	1461.00
410	0.82	0.70	0.42	0.69	0.33	0.86	19.60	0.06	1429.00	169.00	0.12	1439.00
411	0.81	0.71	0.43	0.68	0.34	0.86	19.60	0.05	1432.00	179.00	0.12	1443.00
412	0.82	0.70	0.42	0.70	0.33	0.87	19.90	0.04	1415.00	168.00	0.12	1428.00
413	0.81	0.70	0.42	0.69	0.34	0.87	19.90	0.05	1451.00	170.00	0.12	1461.00
414	0.83	0.70	0.42	0.67	0.34	0.86	19.70	0.05	1446.00	170.00	0.12	1455.00
415	0.82	0.70	0.42	0.69	0.33	0.86	19.50	0.05	1429.00	171.00	0.12	1440.00
416	0.82	0.71	0.42	0.70	0.35	0.87	19.70	0.04	1420.00	171.00	0.12	1432.00
417	0.81	0.70	0.41	0.70	0.32	0.86	19.60	0.04	1411.00	168.00	0.12	1421.00
418	0.82	0.70	0.42	0.70	0.33	0.86	19.70	0.05	1442.00	173.00	0.12	1449.00
419	0.83	0.71	0.42	0.69	0.34	0.87	19.90	0.05	1460.00	172.00	0.12	1470.00
420	0.81	0.71	0.43	0.69	0.35	0.86	19.80	0.06	1452.00	175.00	0.12	1469.00
421	0.82	0.71	0.42	0.68	0.33	0.86	20.10	0.05	1504.00	171.00	0.11	1517.00
422	0.84	0.70	0.42	0.69	0.34	0.86	19.80	0.05	1429.00	179.00	0.13	1438.00
423	0.81	0.70	0.41	0.69	0.33	0.86	19.60	0.06	1443.00	174.00	0.12	1457.00
424	0.80	0.70	0.41	0.69	0.33	0.86	19.60	0.06	1477.00	172.00	0.12	1488.00
425	0.84	0.70	0.41	0.69	0.34	0.87	19.60	0.05	1419.00	172.00	0.12	1432.00
426	0.80	0.71	0.42	0.68	0.34	0.87	19.70	0.05	1459.00	171.00	0.12	1461.00
427	0.81	0.70	0.42	0.69	0.33	0.87	19.70	0.05	1469.00	168.00	0.11	1480.00
428	0.82	0.70	0.41	0.68	0.34	0.87	19.80	0.04	1505.00	168.00	0.11	1520.00
429	0.81	0.71	0.42	0.69	0.33	0.86	19.90	0.04	1429.00	173.00	0.12	1440.00
430	0.79	0.70	0.42	0.70	0.34	0.86	19.80	0.05	1453.00	173.00	0.12	1466.00
431	0.83	0.70	0.42	0.69	0.36	0.88	19.80	0.04	1448.00	165.00	0.11	1458.00
432	0.82	0.70	0.42	0.67	0.34	0.86	19.70	0.06	1450.00	178.00	0.12	1464.00
433	0.84	0.70	0.42	0.69	0.33	0.87	19.90	0.04	1443.00	167.00	0.12	1452.00
434	0.81	0.70	0.41	0.67	0.33	0.85	19.60	0.06	1451.00	181.00	0.12	1467.00
435	0.82	0.70	0.42	0.67	0.33	0.85	19.70	0.05	1434.00	183.00	0.13	1445.00
436	0.81	0.70	0.41	0.70	0.32	0.87	20.00	0.04	1426.00	167.00	0.12	1437.00
437	0.83	0.70	0.42	0.69	0.33	0.87	19.90	0.04	1460.00	172.00	0.12	1473.00
438	0.82	0.71	0.42	0.69	0.34	0.86	19.80	0.04	1432.00	162.00	0.11	1444.00
439	0.81	0.71	0.43	0.69	0.34	0.86	20.00	0.06	1473.00	180.00	0.12	1475.00
440	0.81	0.70	0.42	0.69	0.34	0.87	19.90	0.05	1493.00	177.00	0.12	1506.00
441	0.82	0.71	0.42	0.69	0.34	0.87	19.90	0.04	1472.00	168.00	0.11	1483.00
442	0.83	0.70	0.43	0.70	0.35	0.87	19.70	0.04	1413.00	164.00	0.12	1428.00
443	0.82	0.70	0.42	0.67	0.32	0.86	19.90	0.05	1532.00	179.00	0.12	1545.00
444	0.83	0.71	0.42	0.69	0.33	0.86	20.00	0.06	1426.00	184.00	0.13	1442.00
445	0.83	0.71	0.43	0.70	0.34	0.87	19.70	0.04	1488.00	167.00	0.11	1499.00
446	0.83	0.70	0.42	0.70	0.32	0.87	19.90	0.04	1437.00	167.00	0.12	1447.00
447	0.82	0.70	0.42	0.69	0.33	0.86	19.80	0.05	1459.00	175.00	0.12	1471.00
448	0.82	0.71	0.42	0.69	0.35	0.86	19.90	0.05	1417.00	167.00	0.12	1423.00
449	0.82	0.70	0.42	0.68	0.33	0.86	19.70	0.05	1388.00	170.00	0.12	1403.00
450	0.82	0.70	0.41	0.68	0.32	0.86	19.90	0.05	1421.00	177.00	0.12	1432.00
451	0.82	0.70	0.41	0.68	0.32	0.87	20.00	0.04	1437.00	169.00	0.12	1452.00
452	0.82	0.71	0.42	0.68	0.35	0.87	19.60	0.05	1496.00	174.00	0.12	1498.00
453	0.82	0.71	0.42	0.68	0.35	0.87	19.80	0.05	1448.00	175.00	0.12	1459.00
454	0.82	0.70	0.41	0.68	0.34	0.85	19.80	0.06	1473.00	181.00	0.12	1485.00
455	0.81	0.71	0.41	0.69	0.33	0.86	19.80	0.05	1473.00	174.00	0.12	1483.00
456	0.82	0.71	0.42	0.68	0.33	0.86	19.80	0.06	1474.00	172.00	0.12	1477.00
457	0.83	0.71	0.42	0.69	0.35	0.85	19.90	0.05	1461.00	177.00	0.12	1471.00
458	0.82	0.69	0.41	0.69	0.31	0.85	19.90	0.06	1389.00	173.00	0.12	1403.00
459	0.83	0.71	0.42	0.69	0.36	0.85	19.70	0.06	1429.00	172.00	0.12	1436.00
460	0.81	0.70	0.42	0.69	0.34	0.87	19.80	0.05	1468.00	171.00	0.12	1482.00
461	0.81	0.71	0.42	0.69	0.34	0.86	19.80	0.05	1415.00	168.00	0.12	1424.00
462	0.80	0.70	0.42	0.68	0.34	0.87	20.00	0.06	1449.00	161.00	0.11	1464.00
463	0.81	0.70	0.42	0.69	0.35	0.86	19.60	0.06	1454.00	176.00	0.12	1467.00
464	0.83	0.71	0.43	0.68	0.34	0.86	19.90	0.05	1440.00	176.00	0.12	1449.00
465	0.81	0.70	0.41	0.70	0.34	0.86	19.90	0.05	1427.00	173.00	0.12	1440.00
466	0.82	0.70	0.43	0.69	0.33	0.86	19.60	0.04	1410.00	174.00	0.12	1426.00
467	0.81	0.70	0.42	0.68	0.33	0.86	19.80	0.06	1439.00	167.00	0.12	1449.00
468	0.82	0.71	0.42	0.70	0.34	0.87	19.90	0.05	1435.00	171.00	0.12	1445.00
469	0.81	0.70	0.42	0.68	0.33	0.85	20.00	0.06	1426.00	183.00	0.13	1436.00
470	0.82	0.71	0.43	0.69	0.35	0.87	20.00	0.04	1444.00	180.00	0.12	1456.00
471	0.83	0.71	0.42	0.68	0.34	0.86	19.80	0.05	1444.00	173.00	0.12	1457.00
472	0.82	0.71	0.43	0.68	0.34	0.87	20.00	0.05	1435.00	174.00	0.12	1453.00
473	0.84	0.70	0.42	0.67	0.35	0.87	19.60	0.04	1425.00	172.00	0.12	1436.00
474	0.82	0.71	0.42	0.66	0.33	0.85	19.90	0.06	1488.00	181.00	0.12	1498.00
475	0.81	0.70	0.42	0.68	0.34	0.86	19.70	0.06	1455.00	171.00	0.12	1473.00
476	0.83	0.71	0.42	0.67	0.34	0.86	19.90	0.05	1475.00	177.00	0.12	1482.00
477	0.82	0.71	0.42	0.67	0.34	0.86	20.00	0.05	1485.00	184.00	0.12	1493.00
478	0.82	0.71	0.43	0.68	0.33	0.86	19.60	0.06	1464.00	182.00	0.12	1473.00
479	0.81	0.70	0.42	0.70	0.35	0.86	19.50	0.05	1425.00	169.00	0.12	1435.00
480	0.83	0.70	0.42	0.68	0.34	0.86	19.70	0.04	1468.00	166.00	0.11	1470.00
481	0.82	0.71	0.43	0.69	0.34	0.86	19.70	0.05	1440.00	172.00	0.12	1452.00
482	0.80	0.71	0.42	0.69	0.34	0.86	19.60	0.06	1510.00	173.00	0.11	1520.00
483	0.83	0.71	0.43	0.67	0.35	0.86	19.70	0.05	1452.00	176.00	0.12	1458.00
484	0.83	0.71	0.42	0.70	0.36	0.86	20.00	0.05	1443.00	169.00	0.12	1458.00
485	0.83	0.70	0.42	0.68	0.33	0.86	19.90	0.03	1446.00	176.00	0.12	1448.00
486	0.80	0.70	0.42	0.69	0.34	0.86	19.70	0.05	1442.00	171.00	0.12	1444.00
487	0.83	0.71	0.42	0.69	0.33	0.86	19.80	0.05	1473.00	179.00	0.12	1486.00
488	0.84	0.71	0.42	0.69	0.35	0.86	19.80	0.05	1386.00	178.00	0.13	1399.00
489	0.82	0.70	0.42	0.68	0.33	0.86	20.10	0.05	1453.00	181.00	0.12	1462.00
490	0.81	0.70	0.42	0.68	0.32	0.86	19.70	0.05	1423.00	173.00	0.12	1437.00
491	0.81	0.70	0.42	0.68	0.34	0.87	19.90	0.05	1413.00	167.00	0.12	1424.00
492	0.78	0.70	0.42	0.68	0.34	0.86	19.90	0.07	1493.00	180.00	0.12	1501.00
493	0.82	0.71	0.43	0.68	0.33	0.87	19.70	0.04	1450.00	171.00	0.12	1460.00
494	0.82	0.71	0.42	0.69	0.34	0.86	19.60	0.05	1412.00	177.00	0.13	1422.00
495	0.81	0.70	0.42	0.68	0.33	0.86	19.80	0.06	1459.00	179.00	0.12	1471.00
496	0.81	0.70	0.42	0.69	0.33	0.86	19.90	0.06	1421.00	169.00	0.12	1429.00
497	0.82	0.70	0.42	0.69	0.33	0.87	19.80	0.05	1425.00	173.00	0.12	1429.00
498	0.81	0.71	0.42	0.68	0.35	0.85	19.80	0.06	1419.00	177.00	0.12	1433.00
499	0.84	0.71	0.41	0.69	0.34	0.87	19.90	0.04	1436.00	168.00	0.12	1441.00
500	0.83	0.70	0.42	0.69	0.34	0.87	19.50	0.05	1442.00	173.00	0.12	1452.00
501	0.82	0.70	0.41	0.68	0.33	0.87	19.80	0.05	1413.00	175.00	0.12	1422.00
502	0.81	0.70	0.41	0.69	0.33	0.86	20.10	0.05	1475.00	173.00	0.12	1484.00
503	0.80	0.69	0.41	0.70	0.32	0.86	19.80	0.04	1431.00	165.00	0.12	1443.00
504	0.83	0.70	0.42	0.69	0.34	0.87	19.60	0.07	1431.00	168.00	0.12	1433.00
505	0.83	0.71	0.43	0.67	0.35	0.86	19.70	0.05	1467.00	178.00	0.12	1479.00
506	0.82	0.71	0.42	0.68	0.34	0.86	19.80	0.05	1515.00	182.00	0.12	1517.00
507	0.83	0.69	0.41	0.69	0.32	0.87	19.90	0.05	1457.00	173.00	0.12	1459.00
508	0.83	0.70	0.42	0.69	0.34	0.86	19.80	0.06	1400.00	171.00	0.12	1411.00
509	0.83	0.71	0.42	0.69	0.33	0.85	19.90	0.05	1394.00	173.00	0.12	1406.00
510	0.81	0.71	0.41	0.69	0.34	0.85	19.60	0.05	1447.00	185.00	0.13	1452.00
511	0.84	0.70	0.42	0.69	0.34	0.86	19.70	0.04	1446.00	174.00	0.12	1456.00
512	0.83	0.70	0.42	0.69	0.35	0.87	19.60	0.05	1455.00	171.00	0.12	1457.00
513	0.84	0.71	0.43	0.70	0.35	0.87	19.80	0.04	1450.00	172.00	0.12	1465.00
514	0.84	0.70	0.41	0.69	0.33	0.87	19.80	0.03	1482.00	175.00	0.12	1496.00
515	0.83	0.70	0.42	0.68	0.33	0.86	19.90	0.06	1417.00	174.00	0.12	1427.00
516	0.82	0.71	0.42	0.70	0.34	0.87	19.80	0.04	1470.00	172.00	0.12	1483.00
517	0.82	0.69	0.41	0.67	0.33	0.85	20.00	0.05	1421.00	176.00	0.12	1431.00
518	0.81	0.70	0.42	0.68	0.33	0.85	19.60	0.05	1431.00	181.00	0.13	1443.00
519	0.81	0.71	0.42	0.68	0.34	0.87	19.80	0.05	1480.00	172.00	0.12	1484.00
520	0.82	0.71	0.43	0.69	0.34	0.87	19.90	0.05	1429.00	169.00	0.12	1440.00
521	0.85	0.71	0.43	0.67	0.35	0.86	19.70	0.05	1441.00	182.00	0.13	1453.00
522	0.82	0.70	0.42	0.70	0.33	0.85	19.80	0.06	1450.00	171.00	0.12	1464.00
523	0.79	0.71	0.43	0.68	0.35	0.85	19.90	0.06	1445.00	180.00	0.12	1447.00
524	0.82	0.70	0.42	0.69	0.34	0.86	19.70	0.05	1455.00	170.00	0.12	1465.00
525	0.79	0.70	0.42	0.69	0.32	0.86	19.70	0.06	1423.00	172.00	0.12	1425.00
526	0.80	0.70	0.42	0.69	0.33	0.86	19.70	0.06	1431.00	172.00	0.12	1433.00
527	0.82	0.70	0.42	0.68	0.34	0.87	19.80	0.05	1414.00	168.00	0.12	1420.00
528	0.81	0.70	0.42	0.67	0.34	0.86	20.00	0.06	1443.00	175.00	0.12	1453.00
529	0.82	0.70	0.42	0.69	0.34	0.86	19.80	0.04	1478.00	171.00	0.12	1480.00
530	0.81	0.71	0.42	0.70	0.35	0.87	20.00	0.05	1455.00	165.00	0.11	1470.00
531	0.82	0.71	0.42	0.67	0.34	0.86	19.60	0.06	1460.00	181.00	0.12	1469.00
532	0.82	0.70	0.43	0.69	0.32	0.87	19.80	0.04	1376.00	158.00	0.11	1389.00
533	0.82	0.70	0.42	0.67	0.33	0.85	19.80	0.05	1416.00	182.00	0.13	1427.00
534	0.81	0.71	0.42	0.69	0.36	0.86	19.90	0.05	1453.00	176.00	0.12	1462.00
535	0.81	0.70	0.42	0.70	0.33	0.86	19.80	0.06	1451.00	171.00	0.12	1459.00
536	0.82	0.70	0.42	0.68	0.34	0.87	19.80	0.05	1504.00	174.00	0.12	1517.00
537	0.79	0.69	0.41	0.66	0.33	0.85	19.70	0.06	1456.00	182.00	0.12	1464.00
538	0.79	0.70	0.42	0.69	0.33	0.86	19.90	0.05	1418.00	171.00	0.12	1431.00
539	0.82	0.70	0.42	0.69	0.34	0.87	20.00	0.04	1443.00	173.00	0.12	1453.00
540	0.82	0.70	0.41	0.70	0.33	0.87	19.80	0.05	1481.00	170.00	0.11	1483.00
541	0.82	0.71	0.43	0.68	0.34	0.86	19.80	0.06	1442.00	180.00	0.12	1452.00
542	0.83	0.70	0.42	0.68	0.35	0.87	19.70	0.05	1450.00	168.00	0.12	1460.00
543	0.81	0.70	0.42	0.68	0.34	0.87	19.70	0.05	1440.00	174.00	0.12	1450.00
544	0.83	0.70	0.42	0.68	0.33	0.87	19.90	0.05	1456.00	171.00	0.12	1468.00
545	0.79	0.70	0.42	0.68	0.33	0.86	19.70	0.05	1424.00	174.00	0.12	1435.00
546	0.80	0.70	0.41	0.69	0.33	0.87	19.80	0.05	1456.00	158.00	0.11	1462.00
547	0.83	0.70	0.42	0.68	0.33	0.86	19.50	0.05	1463.00	176.00	0.12	1469.00
548	0.82	0.71	0.43	0.69	0.35	0.87	19.80	0.05	1466.00	173.00	0.12	1479.00
549	0.81	0.70	0.41	0.69	0.32	0.87	20.00	0.04	1493.00	171.00	0.11	1505.00
550	0.81	0.70	0.43	0.68	0.33	0.86	19.50	0.06	1421.00	170.00	0.12	1431.00
551	0.83	0.70	0.42	0.69	0.33	0.86	19.70	0.04	1410.00	167.00	0.12	1423.00
552	0.81	0.70	0.42	0.70	0.34	0.86	19.40	0.05	1422.00	166.00	0.12	1436.00
553	0.81	0.71	0.42	0.67	0.34	0.85	19.90	0.05	1462.00	180.00	0.12	1474.00
554	0.81	0.70	0.42	0.69	0.34	0.86	19.80	0.06	1421.00	170.00	0.12	1431.00
555	0.82	0.70	0.42	0.68	0.34	0.87	19.60	0.04	1450.00	174.00	0.12	1459.00
556	0.79	0.71	0.42	0.69	0.34	0.86	19.90	0.06	1441.00	179.00	0.12	1453.00
557	0.83	0.70	0.42	0.70	0.33	0.87	19.80	0.05	1423.00	167.00	0.12	1434.00
558	0.81	0.71	0.43	0.70	0.35	0.86	19.70	0.04	1471.00	166.00	0.11	1481.00
559	0.80	0.70	0.42	0.68	0.35	0.86	19.70	0.06	1454.00	176.00	0.12	1465.00
560	0.84	0.70	0.43	0.68	0.34	0.87	19.90	0.05	1459.00	167.00	0.11	1473.00
561	0.81	0.70	0.41	0.68	0.34	0.86	19.90	0.05	1450.00	175.00	0.12	1462.00
562	0.83	0.70	0.42	0.69	0.33	0.86	19.70	0.05	1434.00	173.00	0.12	1445.00
563	0.82	0.70	0.42	0.68	0.32	0.86	19.80	0.05	1455.00	171.00	0.12	1465.00
564	0.81	0.70	0.42	0.69	0.34	0.86	19.90	0.05	1380.00	173.00	0.13	1389.00
565	0.82	0.71	0.42	0.69	0.34	0.86	19.80	0.05	1446.00	176.00	0.12	1454.00
566	0.81	0.70	0.42	0.67	0.34	0.86	20.00	0.06	1439.00	168.00	0.12	1449.00
567	0.80	0.71	0.42	0.70	0.35	0.86	19.70	0.06	1430.00	171.00	0.12	1443.00
568	0.83	0.69	0.42	0.66	0.34	0.86	19.70	0.05	1437.00	180.00	0.13	1450.00
569	0.81	0.71	0.42	0.70	0.34	0.86	19.90	0.05	1455.00	171.00	0.12	1457.00
570	0.83	0.70	0.42	0.70	0.34	0.87	19.70	0.03	1472.00	163.00	0.11	1476.00
571	0.82	0.71	0.43	0.68	0.34	0.86	19.70	0.05	1469.00	174.00	0.12	1482.00
572	0.81	0.70	0.41	0.69	0.33	0.86	19.80	0.06	1414.00	173.00	0.12	1427.00
573	0.82	0.70	0.41	0.70	0.34	0.86	19.80	0.05	1400.00	168.00	0.12	1410.00
574	0.80	0.69	0.41	0.68	0.33	0.86	19.80	0.06	1427.00	173.00	0.12	1439.00
575	0.82	0.71	0.43	0.69	0.34	0.87	19.70	0.05	1483.00	172.00	0.12	1498.00
576	0.83	0.70	0.42	0.70	0.33	0.87	19.60	0.05	1451.00	168.00	0.12	1459.00
577	0.83	0.70	0.41	0.67	0.32	0.86	19.70	0.06	1441.00	178.00	0.12	1454.00
578	0.82	0.70	0.42	0.69	0.33	0.86	19.60	0.04	1438.00	170.00	0.12	1451.00
579	0.83	0.70	0.42	0.69	0.33	0.86	19.80	0.04	1425.00	175.00	0.12	1427.00
580	0.82	0.70	0.42	0.68	0.34	0.87	19.50	0.04	1443.00	171.00	0.12	1453.00
581	0.82	0.71	0.42	0.68	0.33	0.86	19.80	0.05	1412.00	168.00	0.12	1420.00
582	0.80	0.70	0.42	0.69	0.34	0.86	19.80	0.06	1435.00	176.00	0.12	1447.00
583	0.81	0.70	0.42	0.71	0.33	0.87	19.80	0.05	1467.00	167.00	0.11	1473.00
584	0.84	0.71	0.42	0.69	0.34	0.86	20.00	0.05	1416.00	176.00	0.12	1423.00
585	0.81	0.70	0.42	0.68	0.34	0.87	20.00	0.04	1416.00	167.00	0.12	1422.00
586	0.82	0.71	0.43	0.69	0.35	0.86	20.00	0.05	1432.00	178.00	0.12	1447.00
587	0.83	0.71	0.42	0.68	0.34	0.86	19.70	0.04	1461.00	177.00	0.12	1472.00
588	0.84	0.70	0.42	0.68	0.35	0.87	19.90	0.04	1449.00	174.00	0.12	1457.00
589	0.80	0.71	0.41	0.70	0.34	0.86	19.80	0.05	1455.00	171.00	0.12	1463.00
590	0.84	0.70	0.41	0.70	0.34	0.87	19.90	0.05	1427.00	166.00	0.12	1435.00
591	0.79	0.70	0.42	0.70	0.33	0.87	19.90	0.04	1454.00	166.00	0.11	1468.00
592	0.84	0.72	0.43	0.69	0.36	0.87	20.00	0.05	1460.00	172.00	0.12	1471.00
593	0.82	0.70	0.41	0.67	0.32	0.85	19.90	0.06	1407.00	181.00	0.13	1424.00
594	0.84	0.69	0.41	0.68	0.32	0.86	19.90	0.05	1436.00	172.00	0.12	1446.00
595	0.82	0.70	0.41	0.67	0.34	0.86	19.90	0.05	1475.00	175.00	0.12	1482.00
596	0.82	0.70	0.42	0.69	0.33	0.86	19.60	0.06	1429.00	177.00	0.12	1443.00
597	0.81	0.70	0.42	0.68	0.33	0.86	19.90	0.06	1456.00	177.00	0.12	1467.00
598	0.82	0.70	0.42	0.68	0.33	0.86	19.70	0.06	1472.00	177.00	0.12	1483.00
599	0.82	0.70	0.42	0.67	0.34	0.86	19.80	0.05	1423.00	175.00	0.12	1436.00
600	0.83	0.70	0.42	0.67	0.34	0.86	19.80	0.06	1429.00	178.00	0.12	1437.00
601	0.80	0.71	0.42	0.71	0.36	0.86	19.90	0.06	1404.00	163.00	0.12	1412.00
602	0.80	0.70	0.42	0.69	0.33	0.86	19.90	0.06	1411.00	180.00	0.13	1425.00
603	0.81	0.71	0.42	0.68	0.35	0.87	19.70	0.05	1445.00	172.00	0.12	1457.00
604	0.81	0.70	0.42	0.68	0.32	0.86	19.90	0.06	1440.00	172.00	0.12	1449.00
605	0.82	0.71	0.42	0.69	0.34	0.87	19.80	0.05	1488.00	171.00	0.11	1498.00
606	0.82	0.71	0.43	0.67	0.34	0.86	19.90	0.05	1463.00	182.00	0.12	1480.00
607	0.81	0.70	0.42	0.70	0.34	0.86	19.60	0.05	1399.00	170.00	0.12	1411.00
608	0.82	0.71	0.43	0.69	0.35	0.87	19.90	0.05	1475.00	170.00	0.12	1487.00
609	0.81	0.70	0.42	0.68	0.35	0.86	19.80	0.06	1429.00	173.00	0.12	1445.00
610	0.83	0.71	0.42	0.69	0.34	0.86	19.80	0.06	1474.00	173.00	0.12	1487.00
611	0.82	0.71	0.42	0.69	0.35	0.87	19.90	0.05	1458.00	166.00	0.11	1472.00
612	0.82	0.70	0.42	0.68	0.34	0.86	19.60	0.04	1423.00	169.00	0.12	1431.00
613	0.83	0.70	0.42	0.69	0.33	0.87	19.90	0.05	1405.00	166.00	0.12	1418.00
614	0.81	0.70	0.42	0.69	0.34	0.87	19.70	0.05	1464.00	168.00	0.11	1479.00
615	0.80	0.70	0.42	0.69	0.34	0.86	19.80	0.05	1422.00	173.00	0.12	1432.00
616	0.83	0.70	0.42	0.68	0.33	0.85	19.80	0.05	1409.00	176.00	0.12	1414.00
617	0.82	0.70	0.42	0.67	0.33	0.87	19.90	0.05	1436.00	182.00	0.13	1449.00
618	0.82	0.70	0.42	0.70	0.34	0.87	20.00	0.04	1402.00	169.00	0.12	1414.00
619	0.82	0.70	0.42	0.70	0.34	0.87	19.70	0.05	1480.00	176.00	0.12	1489.00
620	0.83	0.70	0.42	0.68	0.35	0.86	20.00	0.05	1466.00	171.00	0.12	1475.00
621	0.83	0.70	0.41	0.70	0.35	0.87	19.90	0.04	1432.00	171.00	0.12	1443.00
622	0.82	0.69	0.40	0.69	0.33	0.87	19.40	0.06	1417.00	171.00	0.12	1424.00
623	0.82	0.70	0.42	0.70	0.33	0.86	19.80	0.05	1429.00	171.00	0.12	1443.00
624	0.82	0.71	0.42	0.68	0.33	0.86	19.80	0.06	1435.00	175.00	0.12	1445.00
625	0.80	0.71	0.42	0.71	0.35	0.87	19.90	0.05	1468.00	169.00	0.12	1482.00
626	0.79	0.70	0.42	0.70	0.34	0.87	20.00	0.06	1401.00	166.00	0.12	1403.00
627	0.82	0.71	0.42	0.69	0.34	0.87	19.70	0.03	1457.00	172.00	0.12	1470.00
628	0.81	0.70	0.42	0.69	0.32	0.86	19.80	0.06	1428.00	175.00	0.12	1444.00
629	0.81	0.71	0.42	0.69	0.34	0.87	19.90	0.05	1449.00	168.00	0.12	1463.00
630	0.82	0.71	0.42	0.70	0.35	0.87	19.60	0.05	1431.00	167.00	0.12	1442.00
631	0.82	0.70	0.42	0.68	0.32	0.87	20.00	0.06	1446.00	178.00	0.12	1448.00
632	0.84	0.71	0.43	0.70	0.33	0.87	19.90	0.04	1442.00	169.00	0.12	1451.00
633	0.83	0.71	0.42	0.69	0.34	0.86	19.80	0.05	1445.00	169.00	0.12	1447.00
634	0.79	0.70	0.41	0.69	0.34	0.86	19.80	0.06	1442.00	174.00	0.12	1449.00
635	0.80	0.70	0.41	0.68	0.33	0.85	19.60	0.06	1442.00	173.00	0.12	1454.00
636	0.82	0.70	0.42	0.70	0.34	0.86	19.80	0.06	1440.00	170.00	0.12	1453.00
637	0.81	0.70	0.42	0.70	0.34	0.87	19.80	0.06	1413.00	168.00	0.12	1415.00
638	0.82	0.70	0.43	0.67	0.35	0.86	19.60	0.05	1465.00	174.00	0.12	1476.00
639	0.80	0.70	0.42	0.71	0.33	0.86	19.70	0.07	1395.00	176.00	0.13	1406.00
640	0.81	0.71	0.43	0.68	0.33	0.86	19.80	0.06	1460.00	173.00	0.12	1471.00
641	0.82	0.70	0.43	0.69	0.34	0.86	19.90	0.06	1425.00	174.00	0.12	1436.00
642	0.82	0.71	0.42	0.68	0.32	0.86	19.80	0.05	1422.00	179.00	0.13	1430.00
643	0.80	0.70	0.41	0.68	0.35	0.87	19.80	0.05	1431.00	175.00	0.12	1440.00
644	0.83	0.71	0.43	0.68	0.34	0.88	19.60	0.04	1491.00	172.00	0.12	1499.00
645	0.82	0.70	0.42	0.69	0.33	0.87	19.90	0.05	1447.00	172.00	0.12	1461.00
646	0.82	0.70	0.42	0.69	0.35	0.86	19.70	0.06	1426.00	176.00	0.12	1436.00
647	0.82	0.70	0.42	0.69	0.33	0.86	19.70	0.04	1425.00	169.00	0.12	1437.00
648	0.83	0.70	0.41	0.70	0.33	0.86	19.80	0.04	1424.00	165.00	0.12	1432.00
649	0.80	0.71	0.42	0.68	0.35	0.87	19.90	0.05	1481.00	173.00	0.12	1490.00
650	0.82	0.71	0.42	0.67	0.35	0.87	19.60	0.06	1494.00	175.00	0.12	1506.00
651	0.82	0.70	0.42	0.68	0.34	0.85	19.60	0.05	1488.00	182.00	0.12	1501.00
652	0.82	0.71	0.42	0.70	0.34	0.87	19.60	0.05	1457.00	169.00	0.12	1466.00
653	0.83	0.70	0.42	0.68	0.34	0.87	19.70	0.04	1465.00	170.00	0.12	1476.00
654	0.82	0.70	0.42	0.70	0.33	0.86	19.90	0.05	1444.00	170.00	0.12	1457.00
655	0.81	0.70	0.42	0.69	0.33	0.86	19.80	0.04	1451.00	171.00	0.12	1464.00
656	0.83	0.70	0.42	0.70	0.33	0.86	19.60	0.05	1428.00	170.00	0.12	1438.00
657	0.83	0.71	0.42	0.69	0.35	0.87	19.90	0.05	1443.00	169.00	0.12	1453.00
658	0.82	0.70	0.42	0.68	0.35	0.86	19.90	0.05	1429.00	172.00	0.12	1434.00
659	0.83	0.70	0.42	0.68	0.34	0.87	19.80	0.05	1451.00	168.00	0.12	1464.00
660	0.81	0.70	0.42	0.69	0.33	0.86	19.70	0.05	1510.00	175.00	0.12	1512.00
661	0.82	0.70	0.42	0.70	0.34	0.87	19.80	0.05	1400.00	165.00	0.12	1413.00
662	0.83	0.70	0.42	0.69	0.34	0.87	19.80	0.04	1430.00	171.00	0.12	1436.00
663	0.83	0.70	0.42	0.68	0.35	0.87	19.60	0.04	1451.00	175.00	0.12	1460.00
664	0.84	0.70	0.42	0.67	0.32	0.86	19.80	0.05	1434.00	177.00	0.12	1444.00
665	0.83	0.71	0.42	0.70	0.36	0.87	19.80	0.05	1437.00	176.00	0.12	1444.00
666	0.84	0.69	0.41	0.67	0.31	0.86	19.80	0.05	1475.00	177.00	0.12	1485.00
667	0.85	0.70	0.42	0.69	0.36	0.87	19.70	0.05	1419.00	173.00	0.12	1430.00
668	0.81	0.71	0.42	0.68	0.34	0.86	19.70	0.05	1465.00	168.00	0.11	1477.00
669	0.81	0.71	0.43	0.69	0.34	0.86	20.00	0.06	1412.00	179.00	0.13	1422.00
670	0.82	0.70	0.41	0.71	0.34	0.87	19.70	0.05	1434.00	164.00	0.11	1446.00
671	0.80	0.70	0.41	0.69	0.34	0.86	19.70	0.05	1489.00	175.00	0.12	1494.00
672	0.81	0.70	0.42	0.70	0.34	0.86	19.80	0.05	1426.00	169.00	0.12	1441.00
673	0.81	0.70	0.41	0.67	0.33	0.86	19.60	0.04	1471.00	175.00	0.12	1480.00
674	0.80	0.70	0.42	0.69	0.34	0.87	19.60	0.05	1452.00	167.00	0.12	1456.00
675	0.81	0.70	0.42	0.68	0.33	0.86	19.70	0.05	1443.00	176.00	0.12	1457.00
676	0.81	0.70	0.42	0.67	0.33	0.86	19.80	0.05	1448.00	176.00	0.12	1463.00
677	0.80	0.70	0.43	0.70	0.34	0.86	19.90	0.07	1410.00	168.00	0.12	1421.00
678	0.80	0.70	0.41	0.69	0.32	0.86	20.00	0.06	1435.00	174.00	0.12	1444.00
679	0.82	0.70	0.42	0.68	0.34	0.86	19.70	0.05	1414.00	172.00	0.12	1426.00
680	0.82	0.69	0.41	0.69	0.33	0.86	19.80	0.05	1470.00	174.00	0.12	1473.00
681	0.82	0.70	0.42	0.67	0.34	0.86	19.90	0.06	1472.00	178.00	0.12	1479.00
682	0.83	0.71	0.42	0.68	0.35	0.86	19.70	0.06	1455.00	167.00	0.11	1457.00
683	0.80	0.70	0.42	0.68	0.33	0.86	19.80	0.05	1463.00	176.00	0.12	1481.00
684	0.82	0.70	0.42	0.69	0.33	0.86	19.60	0.05	1385.00	173.00	0.12	1395.00
685	0.83	0.70	0.43	0.70	0.34	0.86	19.90	0.05	1411.00	181.00	0.13	1423.00
686	0.82	0.71	0.42	0.69	0.34	0.86	19.90	0.05	1472.00	171.00	0.12	1486.00
687	0.81	0.70	0.42	0.69	0.34	0.87	19.70	0.05	1410.00	164.00	0.12	1421.00
688	0.84	0.70	0.42	0.69	0.33	0.87	20.10	0.04	1428.00	171.00	0.12	1438.00
689	0.81	0.70	0.42	0.68	0.34	0.87	19.90	0.05	1447.00	175.00	0.12	1459.00
690	0.81	0.70	0.42	0.68	0.35	0.87	19.80	0.04	1471.00	170.00	0.12	1481.00
691	0.84	0.70	0.42	0.68	0.35	0.87	19.90	0.05	1460.00	172.00	0.12	1471.00
692	0.83	0.70	0.42	0.70	0.34	0.87	19.60	0.04	1430.00	172.00	0.12	1434.00
693	0.83	0.70	0.41	0.69	0.33	0.87	19.80	0.05	1500.00	170.00	0.11	1512.00
694	0.82	0.71	0.43	0.69	0.35	0.86	19.70	0.06	1455.00	176.00	0.12	1457.00
695	0.81	0.70	0.42	0.69	0.34	0.86	20.00	0.06	1431.00	177.00	0.12	1442.00
696	0.83	0.70	0.42	0.68	0.34	0.87	19.60	0.05	1428.00	170.00	0.12	1435.00
697	0.82	0.71	0.42	0.66	0.34	0.86	19.40	0.06	1421.00	182.00	0.13	1436.00
698	0.83	0.70	0.42	0.68	0.34	0.86	19.90	0.05	1422.00	172.00	0.12	1432.00
699	0.79	0.71	0.42	0.68	0.33	0.86	20.00	0.07	1466.00	184.00	0.13	1479.00
700	0.82	0.70	0.42	0.69	0.33	0.86	19.80	0.05	1413.00	177.00	0.13	1425.00
701	0.81	0.70	0.41	0.70	0.34	0.88	19.80	0.05	1425.00	159.00	0.11	1438.00
702	0.80	0.70	0.42	0.68	0.33	0.86	19.90	0.05	1471.00	173.00	0.12	1483.00
703	0.82	0.70	0.43	0.69	0.34	0.86	19.80	0.07	1472.00	175.00	0.12	1474.00
704	0.83	0.70	0.42	0.70	0.34	0.86	19.70	0.05	1450.00	169.00	0.12	1461.00
705	0.84	0.70	0.41	0.68	0.33	0.87	19.50	0.05	1453.00	169.00	0.12	1455.00
706	0.82	0.71	0.42	0.70	0.34	0.86	19.90	0.05	1438.00	174.00	0.12	1447.00
707	0.81	0.70	0.42	0.70	0.33	0.85	19.70	0.07	1430.00	170.00	0.12	1432.00
708	0.82	0.70	0.42	0.66	0.35	0.87	19.60	0.04	1500.00	172.00	0.11	1508.00
709	0.82	0.70	0.42	0.70	0.32	0.86	19.80	0.05	1439.00	171.00	0.12	1450.00
710	0.80	0.71	0.42	0.68	0.33	0.86	20.10	0.06	1418.00	173.00	0.12	1436.00
711	0.83	0.70	0.41	0.68	0.33	0.87	19.80	0.05	1429.00	174.00	0.12	1439.00
712	0.81	0.71	0.43	0.70	0.36	0.87	19.90	0.05	1442.00	170.00	0.12	1457.00
713	0.82	0.70	0.42	0.69	0.33	0.86	19.80	0.04	1442.00	179.00	0.12	1453.00
714	0.83	0.70	0.41	0.69	0.33	0.87	19.90	0.05	1438.00	166.00	0.12	1450.00
715	0.81	0.69	0.41	0.69	0.34	0.86	19.60	0.05	1449.00	175.00	0.12	1458.00
716	0.82	0.70	0.41	0.68	0.33	0.87	19.90	0.05	1432.00	174.00	0.12	1436.00
717	0.82	0.70	0.42	0.68	0.33	0.86	19.70	0.04	1444.00	178.00	0.12	1454.00
718	0.82	0.71	0.43	0.69	0.34	0.86	19.90	0.06	1429.00	177.00	0.12	1439.00
719	0.81	0.71	0.43	0.68	0.33	0.86	19.90	0.05	1437.00	179.00	0.12	1448.00
720	0.82	0.70	0.42	0.69	0.35	0.87	19.80	0.06	1432.00	172.00	0.12	1441.00
721	0.81	0.70	0.42	0.67	0.34	0.86	19.90	0.04	1456.00	175.00	0.12	1472.00
722	0.82	0.71	0.42	0.68	0.34	0.86	19.90	0.04	1472.00	177.00	0.12	1484.00
723	0.82	0.70	0.40	0.67	0.33	0.85	19.90	0.06	1377.00	184.00	0.13	1389.00
724	0.83	0.70	0.41	0.68	0.35	0.87	19.70	0.05	1453.00	181.00	0.12	1460.00
725	0.83	0.70	0.41	0.68	0.33	0.86	19.90	0.04	1470.00	174.00	0.12	1486.00
726	0.83	0.70	0.42	0.69	0.35	0.86	19.70	0.05	1437.00	167.00	0.12	1449.00
727	0.84	0.70	0.43	0.69	0.35	0.86	19.80	0.05	1417.00	177.00	0.12	1424.00
728	0.81	0.71	0.42	0.69	0.35	0.86	19.90	0.06	1447.00	173.00	0.12	1457.00
729	0.83	0.70	0.42	0.70	0.34	0.87	19.90	0.04	1454.00	172.00	0.12	1464.00
730	0.82	0.70	0.42	0.70	0.34	0.86	19.60	0.05	1452.00	174.00	0.12	1463.00
731	0.82	0.70	0.42	0.69	0.33	0.86	19.80	0.06	1425.00	174.00	0.12	1439.00
732	0.81	0.70	0.43	0.69	0.35	0.86	19.70	0.06	1444.00	170.00	0.12	1456.00
733	0.80	0.71	0.42	0.68	0.33	0.86	19.90	0.05	1443.00	179.00	0.12	1459.00
734	0.82	0.71	0.42	0.68	0.34	0.86	19.90	0.04	1439.00	175.00	0.12	1452.00
735	0.84	0.70	0.42	0.70	0.34	0.87	19.70	0.04	1472.00	167.00	0.11	1484.00
736	0.82	0.70	0.43	0.68	0.34	0.87	19.90	0.04	1428.00	167.00	0.12	1436.00
737	0.83	0.71	0.43	0.69	0.34	0.86	19.60	0.06	1415.00	174.00	0.12	1424.00
738	0.81	0.70	0.42	0.69	0.35	0.87	19.80	0.05	1427.00	171.00	0.12	1439.00
739	0.80	0.71	0.43	0.68	0.35	0.86	19.70	0.06	1435.00	168.00	0.12	1445.00
740	0.82	0.71	0.42	0.69	0.36	0.86	19.80	0.04	1470.00	177.00	0.12	1484.00
741	0.84	0.70	0.42	0.68	0.34	0.86	19.80	0.05	1478.00	175.00	0.12	1494.00
742	0.81	0.70	0.41	0.70	0.32	0.86	19.70	0.05	1393.00	174.00	0.12	1402.00
743	0.82	0.70	0.41	0.69	0.33	0.87	19.50	0.05	1480.00	174.00	0.12	1486.00
744	0.83	0.70	0.42	0.69	0.34	0.86	19.80	0.05	1471.00	170.00	0.12	1480.00
745	0.82	0.69	0.41	0.68	0.32	0.86	19.70	0.05	1424.00	172.00	0.12	1438.00
746	0.81	0.71	0.42	0.69	0.33	0.86	19.90	0.06	1422.00	173.00	0.12	1432.00
747	0.83	0.70	0.42	0.69	0.35	0.87	19.50	0.05	1424.00	168.00	0.12	1434.00
748	0.82	0.71	0.43	0.68	0.35	0.86	19.60	0.05	1430.00	180.00	0.13	1438.00
749	0.82	0.70	0.41	0.69	0.33	0.86	19.90	0.05	1438.00	175.00	0.12	1450.00
750	0.83	0.71	0.43	0.69	0.34	0.87	19.90	0.05	1464.00	177.00	0.12	1474.00
751	0.81	0.71	0.42	0.68	0.33	0.86	19.80	0.06	1447.00	171.00	0.12	1457.00
752	0.81	0.70	0.42	0.68	0.31	0.86	19.70	0.06	1428.00	168.00	0.12	1430.00
753	0.82	0.70	0.41	0.68	0.34	0.86	19.80	0.06	1463.00	174.00	0.12	1476.00
754	0.80	0.71	0.42	0.70	0.33	0.87	19.90	0.05	1418.00	169.00	0.12	1430.00
755	0.80	0.70	0.43	0.69	0.34	0.87	19.90	0.05	1448.00	165.00	0.11	1464.00
756	0.83	0.70	0.42	0.70	0.33	0.86	19.70	0.05	1418.00	175.00	0.12	1429.00
757	0.84	0.70	0.41	0.67	0.33	0.86	19.90	0.05	1450.00	171.00	0.12	1460.00
758	0.80	0.70	0.42	0.69	0.34	0.86	19.70	0.06	1453.00	166.00	0.11	1464.00
759	0.83	0.70	0.42	0.69	0.34	0.86	20.00	0.05	1434.00	175.00	0.12	1443.00
760	0.84	0.71	0.42	0.70	0.35	0.87	19.80	0.04	1488.00	169.00	0.11	1499.00
761	0.84	0.71	0.41	0.69	0.35	0.87	19.80	0.03	1493.00	174.00	0.12	1508.00
762	0.82	0.70	0.42	0.68	0.36	0.87	19.70	0.05	1443.00	158.00	0.11	1455.00
763	0.83	0.70	0.41	0.69	0.34	0.87	19.70	0.04	1458.00	170.00	0.12	1471.00
764	0.81	0.71	0.42	0.69	0.34	0.87	19.80	0.06	1431.00	166.00	0.12	1442.00
765	0.84	0.70	0.42	0.67	0.34	0.87	19.90	0.05	1448.00	173.00	0.12	1455.00
766	0.83	0.70	0.42	0.69	0.33	0.87	20.00	0.05	1422.00	169.00	0.12	1433.00
767	0.83	0.70	0.42	0.69	0.33	0.86	19.70	0.04	1431.00	168.00	0.12	1440.00
768	0.84	0.70	0.42	0.68	0.34	0.86	19.50	0.05	1457.00	172.00	0.12	1467.00
769	0.83	0.70	0.42	0.68	0.32	0.86	19.90	0.05	1428.00	182.00	0.13	1438.00
770	0.82	0.71	0.43	0.68	0.36	0.86	19.90	0.07	1421.00	185.00	0.13	1438.00
771	0.81	0.71	0.42	0.68	0.33	0.86	19.70	0.06	1465.00	178.00	0.12	1467.00
772	0.82	0.71	0.43	0.70	0.34	0.87	19.70	0.04	1452.00	163.00	0.11	1454.00
773	0.81	0.71	0.42	0.69	0.33	0.85	19.90	0.04	1459.00	174.00	0.12	1461.00
774	0.82	0.71	0.43	0.68	0.35	0.86	19.70	0.05	1419.00	173.00	0.12	1421.00
775	0.83	0.71	0.42	0.70	0.35	0.87	19.80	0.05	1410.00	171.00	0.12	1419.00
776	0.81	0.71	0.42	0.69	0.34	0.86	19.80	0.06	1485.00	173.00	0.12	1498.00
777	0.84	0.71	0.43	0.69	0.35	0.86	19.80	0.05	1484.00	182.00	0.12	1493.00
778	0.83	0.70	0.42	0.68	0.32	0.87	19.50	0.04	1465.00	168.00	0.11	1468.00
779	0.82	0.71	0.42	0.69	0.33	0.87	19.80	0.04	1400.00	168.00	0.12	1403.00
780	0.81	0.70	0.42	0.69	0.32	0.86	19.90	0.05	1427.00	175.00	0.12	1439.00
781	0.81	0.71	0.42	0.68	0.34	0.86	19.50	0.07	1455.00	181.00	0.12	1460.00
782	0.80	0.71	0.42	0.70	0.33	0.86	19.80	0.06	1430.00	175.00	0.12	1442.00
783	0.80	0.70	0.42	0.70	0.34	0.87	19.60	0.05	1452.00	170.00	0.12	1462.00
784	0.82	0.71	0.42	0.69	0.34	0.86	19.60	0.04	1483.00	165.00	0.11	1494.00
785	0.81	0.70	0.42	0.67	0.34	0.86	19.80	0.05	1465.00	180.00	0.12	1477.00
786	0.83	0.70	0.42	0.69	0.34	0.87	19.70	0.04	1468.00	174.00	0.12	1480.00
787	0.80	0.70	0.42	0.70	0.33	0.86	19.80	0.06	1418.00	168.00	0.12	1430.00
788	0.81	0.70	0.42	0.68	0.33	0.86	19.80	0.04	1511.00	172.00	0.11	1523.00
789	0.83	0.70	0.42	0.67	0.33	0.86	19.70	0.05	1468.00	176.00	0.12	1478.00
790	0.83	0.71	0.43	0.70	0.35	0.86	20.00	0.05	1443.00	172.00	0.12	1454.00
791	0.82	0.71	0.42	0.70	0.35	0.86	19.80	0.05	1403.00	170.00	0.12	1417.00
792	0.81	0.70	0.41	0.70	0.32	0.86	20.00	0.05	1393.00	174.00	0.12	1404.00
793	0.81	0.70	0.42	0.68	0.32	0.86	19.50	0.06	1423.00	174.00	0.12	1433.00
794	0.83	0.70	0.42	0.68	0.33	0.86	19.70	0.04	1481.00	178.00	0.12	1491.00
795	0.83	0.71	0.43	0.69	0.35	0.86	19.70	0.06	1459.00	171.00	0.12	1466.00
796	0.82	0.70	0.42	0.70	0.34	0.87	19.60	0.05	1440.00	166.00	0.12	1447.00
797	0.79	0.70	0.42	0.70	0.34	0.86	19.70	0.05	1434.00	170.00	0.12	1451.00
798	0.83	0.70	0.42	0.68	0.34	0.86	19.90	0.05	1490.00	182.00	0.12	1499.00
799	0.82	0.70	0.42	0.68	0.33	0.87	19.80	0.05	1445.00	166.00	0.11	1458.00
800	0.84	0.70	0.42	0.68	0.35	0.87	19.60	0.05	1473.00	170.00	0.12	1483.00
801	0.79	0.70	0.42	0.68	0.34	0.86	19.90	0.05	1433.00	171.00	0.12	1445.00
802	0.80	0.71	0.42	0.68	0.33	0.86	19.80	0.06	1409.00	181.00	0.13	1419.00
803	0.82	0.70	0.42	0.68	0.34	0.87	19.80	0.05	1472.00	163.00	0.11	1474.00
804	0.82	0.70	0.41	0.68	0.34	0.86	19.70	0.05	1483.00	172.00	0.12	1493.00
805	0.83	0.70	0.42	0.69	0.35	0.87	19.60	0.06	1413.00	167.00	0.12	1428.00
806	0.81	0.71	0.43	0.69	0.35	0.86	19.70	0.05	1460.00	171.00	0.12	1476.00
807	0.81	0.71	0.43	0.68	0.35	0.87	19.90	0.04	1439.00	171.00	0.12	1447.00
808	0.81	0.70	0.42	0.68	0.34	0.86	19.70	0.05	1480.00	179.00	0.12	1488.00
809	0.81	0.70	0.41	0.67	0.33	0.86	19.70	0.05	1436.00	180.00	0.13	1448.00
810	0.81	0.71	0.42	0.68	0.34	0.86	19.80	0.06	1439.00	180.00	0.13	1457.00
811	0.82	0.70	0.42	0.69	0.34	0.87	19.60	0.05	1459.00	173.00	0.12	1461.00
812	0.83	0.70	0.41	0.68	0.33	0.86	19.70	0.06	1442.00	182.00	0.13	1455.00
813	0.80	0.70	0.42	0.70	0.34	0.87	19.80	0.05	1396.00	166.00	0.12	1408.00
814	0.81	0.70	0.42	0.69	0.33	0.86	19.60	0.05	1483.00	170.00	0.11	1496.00
815	0.82	0.70	0.41	0.70	0.32	0.85	19.80	0.06	1393.00	178.00	0.13	1404.00
816	0.81	0.70	0.42	0.68	0.33	0.85	19.70	0.06	1423.00	181.00	0.13	1431.00
817	0.81	0.71	0.42	0.69	0.34	0.87	19.90	0.05	1430.00	169.00	0.12	1437.00
818	0.81	0.70	0.42	0.70	0.35	0.87	20.00	0.04	1439.00	163.00	0.11	1451.00
819	0.81	0.70	0.42	0.68	0.34	0.86	19.90	0.06	1435.00	172.00	0.12	1446.00
820	0.83	0.71	0.43	0.68	0.35	0.86	19.90	0.05	1429.00	178.00	0.12	1441.00
821	0.83	0.70	0.42	0.68	0.33	0.86	19.90	0.05	1425.00	168.00	0.12	1436.00
822	0.81	0.71	0.43	0.69	0.33	0.87	20.00	0.06	1484.00	169.00	0.11	1486.00
823	0.82	0.70	0.41	0.71	0.34	0.87	19.70	0.05	1459.00	162.00	0.11	1472.00
824	0.81	0.70	0.42	0.68	0.33	0.86	19.50	0.05	1440.00	172.00	0.12	1458.00
825	0.82	0.70	0.42	0.68	0.34	0.88	19.60	0.05	1467.00	169.00	0.12	1479.00
826	0.82	0.70	0.42	0.70	0.34	0.87	19.50	0.04	1416.00	165.00	0.12	1426.00
827	0.83	0.71	0.42	0.67	0.34	0.88	19.70	0.04	1469.00	164.00	0.11	1476.00
828	0.81	0.71	0.42	0.67	0.34	0.86	19.80	0.05	1460.00	182.00	0.12	1474.00
829	0.83	0.71	0.43	0.69	0.36	0.88	19.60	0.03	1487.00	169.00	0.11	1496.00
830	0.80	0.69	0.41	0.70	0.32	0.85	19.90	0.07	1400.00	180.00	0.13	1412.00
831	0.83	0.72	0.43	0.70	0.36	0.86	19.70	0.06	1482.00	177.00	0.12	1484.00
832	0.82	0.71	0.43	0.70	0.35	0.87	19.70	0.05	1470.00	179.00	0.12	1477.00
833	0.81	0.70	0.42	0.67	0.33	0.86	19.70	0.05	1486.00	181.00	0.12	1491.00
834	0.81	0.70	0.42	0.68	0.33	0.86	19.70	0.06	1401.00	174.00	0.12	1415.00
835	0.81	0.71	0.42	0.68	0.33	0.85	19.80	0.05	1437.00	180.00	0.13	1452.00
836	0.83	0.71	0.43	0.69	0.34	0.86	19.80	0.05	1430.00	168.00	0.12	1439.00
837	0.82	0.70	0.42	0.70	0.32	0.86	19.70	0.05	1435.00	169.00	0.12	1447.00
838	0.80	0.71	0.43	0.69	0.34	0.85	19.80	0.06	1457.00	181.00	0.12	1469.00
839	0.81	0.70	0.42	0.68	0.34	0.87	19.90	0.04	1421.00	164.00	0.12	1427.00
840	0.82	0.70	0.41	0.69	0.33	0.87	19.90	0.04	1420.00	170.00	0.12	1433.00
841	0.83	0.70	0.42	0.68	0.34	0.87	19.90	0.05	1436.00	173.00	0.12	1448.00
842	0.83	0.70	0.42	0.68	0.34	0.86	19.90	0.06	1453.00	178.00	0.12	1467.00
843	0.82	0.71	0.43	0.69	0.34	0.86	19.80	0.04	1479.00	172.00	0.12	1482.00
844	0.81	0.70	0.42	0.70	0.32	0.86	19.90	0.06	1349.00	171.00	0.13	1359.00
845	0.81	0.70	0.42	0.69	0.34	0.86	19.90	0.05	1466.00	167.00	0.11	1482.00
846	0.81	0.69	0.41	0.69	0.33	0.86	19.80	0.05	1438.00	172.00	0.12	1454.00
847	0.81	0.70	0.41	0.69	0.34	0.86	19.60	0.06	1432.00	172.00	0.12	1443.00
848	0.82	0.71	0.44	0.69	0.36	0.86	19.80	0.05	1449.00	180.00	0.12	1461.00
849	0.82	0.70	0.42	0.68	0.35	0.85	19.50	0.05	1465.00	178.00	0.12	1477.00
850	0.83	0.70	0.41	0.69	0.32	0.87	19.80	0.04	1439.00	164.00	0.11	1450.00
851	0.81	0.70	0.43	0.71	0.35	0.88	19.90	0.05	1460.00	168.00	0.12	1471.00
852	0.82	0.70	0.42	0.68	0.34	0.86	19.90	0.05	1457.00	175.00	0.12	1473.00
853	0.82	0.70	0.41	0.67	0.33	0.86	19.60	0.04	1430.00	181.00	0.13	1442.00
854	0.80	0.70	0.41	0.68	0.34	0.85	19.90	0.06	1465.00	182.00	0.12	1479.00
855	0.83	0.70	0.42	0.69	0.35	0.87	19.70	0.04	1467.00	167.00	0.11	1479.00
856	0.83	0.70	0.41	0.68	0.32	0.86	19.80	0.04	1431.00	178.00	0.12	1441.00
857	0.83	0.71	0.42	0.69	0.34	0.86	19.50	0.05	1426.00	171.00	0.12	1439.00
858	0.81	0.71	0.42	0.69	0.34	0.86	19.60	0.06	1458.00	174.00	0.12	1466.00
859	0.80	0.70	0.42	0.68	0.33	0.86	19.80	0.07	1469.00	176.00	0.12	1484.00
860	0.81	0.70	0.43	0.69	0.34	0.87	19.70	0.05	1416.00	170.00	0.12	1430.00
861	0.82	0.71	0.43	0.68	0.35	0.86	19.70	0.04	1486.00	166.00	0.11	1488.00
862	0.80	0.70	0.42	0.68	0.33	0.86	19.90	0.05	1441.00	173.00	0.12	1457.00
863	0.83	0.71	0.43	0.68	0.35	0.86	19.80	0.05	1439.00	176.00	0.12	1446.00
864	0.82	0.70	0.42	0.69	0.33	0.85	19.80	0.05	1416.00	178.00	0.13	1425.00
865	0.83	0.70	0.41	0.69	0.34	0.86	19.60	0.04	1458.00	173.00	0.12	1472.00
866	0.82	0.70	0.42	0.70	0.34	0.86	19.80	0.05	1433.00	178.00	0.12	1448.00
867	0.84	0.70	0.42	0.68	0.34	0.87	19.60	0.05	1462.00	178.00	0.12	1472.00
868	0.83	0.71	0.43	0.67	0.35	0.86	19.60	0.06	1452.00	178.00	0.12	1454.00
869	0.81	0.70	0.42	0.69	0.34	0.87	19.60	0.06	1467.00	172.00	0.12	1478.00
870	0.83	0.71	0.43	0.68	0.35	0.86	19.70	0.04	1434.00	175.00	0.12	1445.00
871	0.79	0.71	0.43	0.69	0.35	0.87	19.90	0.05	1453.00	173.00	0.12	1466.00
872	0.82	0.70	0.42	0.69	0.33	0.86	19.80	0.05	1444.00	177.00	0.12	1452.00
873	0.81	0.69	0.42	0.69	0.33	0.86	19.90	0.05	1408.00	166.00	0.12	1414.00
874	0.84	0.71	0.42	0.69	0.34	0.87	20.00	0.04	1435.00	167.00	0.12	1438.00
875	0.81	0.70	0.42	0.69	0.33	0.86	19.70	0.06	1420.00	176.00	0.12	1431.00
876	0.82	0.71	0.43	0.68	0.35	0.86	20.00	0.06	1455.00	176.00	0.12	1466.00
877	0.83	0.70	0.42	0.69	0.34	0.86	19.70	0.04	1449.00	168.00	0.12	1459.00
878	0.82	0.70	0.43	0.68	0.34	0.87	19.80	0.05	1420.00	169.00	0.12	1431.00
879	0.83	0.71	0.42	0.68	0.35	0.86	20.00	0.05	1438.00	179.00	0.12	1449.00
880	0.83	0.71	0.42	0.71	0.35	0.87	19.70	0.03	1445.00	168.00	0.12	1451.00
881	0.81	0.70	0.42	0.70	0.34	0.86	19.80	0.05	1451.00	175.00	0.12	1462.00
882	0.82	0.70	0.43	0.68	0.36	0.86	19.60	0.05	1427.00	180.00	0.13	1437.00
883	0.82	0.71	0.42	0.68	0.37	0.87	19.60	0.05	1464.00	176.00	0.12	1474.00
884	0.83	0.70	0.42	0.68	0.35	0.86	19.80	0.06	1446.00	172.00	0.12	1458.00
885	0.81	0.71	0.43	0.68	0.36	0.87	19.60	0.05	1442.00	169.00	0.12	1452.00
886	0.80	0.71	0.42	0.68	0.35	0.87	19.70	0.05	1463.00	169.00	0.12	1475.00
887	0.80	0.71	0.42	0.70	0.35	0.86	20.00	0.05	1432.00	170.00	0.12	1444.00
888	0.81	0.70	0.42	0.69	0.33	0.86	19.80	0.05	1449.00	169.00	0.12	1460.00
889	0.82	0.71	0.42	0.70	0.34	0.86	19.50	0.05	1441.00	168.00	0.12	1453.00
890	0.81	0.70	0.42	0.69	0.34	0.86	20.00	0.04	1469.00	170.00	0.12	1478.00
891	0.82	0.71	0.42	0.69	0.34	0.87	19.70	0.04	1440.00	168.00	0.12	1452.00
892	0.81	0.71	0.42	0.69	0.33	0.86	19.90	0.05	1450.00	180.00	0.12	1461.00
893	0.81	0.70	0.42	0.69	0.33	0.86	19.70	0.06	1409.00	174.00	0.12	1416.00
894	0.81	0.70	0.42	0.70	0.34	0.86	20.00	0.05	1420.00	170.00	0.12	1432.00
895	0.81	0.71	0.42	0.69	0.33	0.86	19.80	0.06	1431.00	174.00	0.12	1434.00
896	0.82	0.70	0.41	0.70	0.33	0.87	19.70	0.04	1410.00	168.00	0.12	1425.00
897	0.84	0.70	0.41	0.67	0.33	0.86	19.70	0.04	1447.00	175.00	0.12	1460.00
898	0.81	0.71	0.42	0.69	0.34	0.86	19.70	0.04	1437.00	171.00	0.12	1449.00
899	0.81	0.71	0.42	0.68	0.33	0.86	19.80	0.05	1457.00	178.00	0.12	1467.00
900	0.81	0.70	0.42	0.69	0.34	0.87	19.80	0.06	1430.00	172.00	0.12	1438.00
901	0.81	0.71	0.42	0.67	0.34	0.86	19.90	0.06	1497.00	177.00	0.12	1499.00
902	0.82	0.71	0.42	0.69	0.34	0.85	19.80	0.06	1426.00	177.00	0.12	1438.00
903	0.82	0.70	0.42	0.68	0.34	0.86	19.80	0.05	1411.00	177.00	0.13	1423.00
904	0.80	0.70	0.42	0.69	0.34	0.87	19.60	0.04	1451.00	170.00	0.12	1461.00
905	0.83	0.70	0.42	0.68	0.33	0.86	19.70	0.05	1447.00	171.00	0.12	1458.00
906	0.81	0.71	0.43	0.69	0.34	0.87	20.00	0.05	1452.00	165.00	0.11	1463.00
907	0.81	0.70	0.42	0.70	0.34	0.86	19.70	0.04	1439.00	168.00	0.12	1449.00
908	0.82	0.70	0.41	0.69	0.33	0.86	19.90	0.05	1388.00	167.00	0.12	1404.00
909	0.83	0.70	0.42	0.70	0.33	0.87	19.90	0.05	1437.00	174.00	0.12	1444.00
910	0.81	0.71	0.42	0.69	0.35	0.86	19.70	0.05	1472.00	170.00	0.12	1480.00
911	0.84	0.70	0.41	0.69	0.33	0.87	19.80	0.04	1456.00	175.00	0.12	1465.00
912	0.82	0.70	0.42	0.68	0.32	0.87	20.10	0.04	1452.00	170.00	0.12	1460.00
913	0.83	0.70	0.41	0.68	0.34	0.86	19.70	0.05	1460.00	176.00	0.12	1473.00
914	0.83	0.70	0.42	0.70	0.34	0.87	19.90	0.04	1459.00	167.00	0.11	1469.00
915	0.82	0.71	0.42	0.69	0.33	0.86	19.80	0.05	1466.00	180.00	0.12	1468.00
916	0.82	0.71	0.43	0.67	0.35	0.86	19.70	0.04	1461.00	172.00	0.12	1465.00
917	0.83	0.70	0.41	0.68	0.34	0.86	19.60	0.05	1442.00	177.00	0.12	1452.00
918	0.81	0.70	0.42	0.68	0.35	0.86	19.80	0.06	1456.00	173.00	0.12	1463.00
919	0.82	0.70	0.42	0.69	0.35	0.86	19.90	0.06	1415.00	176.00	0.12	1428.00
920	0.82	0.69	0.42	0.66	0.33	0.85	19.80	0.05	1449.00	184.00	0.13	1457.00
921	0.83	0.70	0.41	0.68	0.33	0.87	20.00	0.04	1435.00	176.00	0.12	1445.00
922	0.82	0.70	0.42	0.68	0.34	0.86	19.60	0.05	1419.00	174.00	0.12	1431.00
923	0.80	0.70	0.42	0.69	0.34	0.86	19.90	0.05	1464.00	173.00	0.12	1472.00
924	0.83	0.70	0.42	0.68	0.34	0.86	19.50	0.05	1445.00	175.00	0.12	1454.00
925	0.82	0.71	0.43	0.68	0.34	0.86	19.80	0.04	1439.00	178.00	0.12	1444.00
926	0.80	0.71	0.43	0.69	0.35	0.87	20.00	0.04	1487.00	169.00	0.11	1498.00
927	0.85	0.71	0.42	0.68	0.34	0.87	19.80	0.04	1420.00	167.00	0.12	1432.00
928	0.82	0.71	0.43	0.68	0.34	0.86	19.90	0.04	1437.00	183.00	0.13	1448.00
929	0.81	0.71	0.42	0.69	0.32	0.86	19.90	0.06	1435.00	169.00	0.12	1442.00
930	0.82	0.70	0.42	0.69	0.34	0.85	19.80	0.05	1407.00	173.00	0.12	1422.00
931	0.82	0.72	0.43	0.71	0.36	0.87	19.40	0.04	1479.00	161.00	0.11	1481.00
932	0.80	0.71	0.42	0.69	0.35	0.86	19.90	0.06	1423.00	171.00	0.12	1439.00
933	0.80	0.70	0.42	0.68	0.35	0.86	20.00	0.05	1474.00	176.00	0.12	1487.00
934	0.82	0.71	0.42	0.68	0.35	0.86	19.90	0.04	1458.00	172.00	0.12	1469.00
935	0.82	0.70	0.42	0.69	0.33	0.86	20.00	0.06	1435.00	176.00	0.12	1437.00
936	0.81	0.71	0.42	0.68	0.35	0.87	19.60	0.05	1474.00	171.00	0.12	1483.00
937	0.80	0.70	0.42	0.69	0.34	0.87	19.80	0.05	1395.00	169.00	0.12	1407.00
938	0.81	0.71	0.42	0.69	0.31	0.85	19.70	0.06	1429.00	184.00	0.13	1443.00
939	0.82	0.70	0.42	0.68	0.32	0.86	19.80	0.04	1442.00	175.00	0.12	1452.00
940	0.81	0.70	0.41	0.69	0.33	0.86	19.70	0.05	1428.00	171.00	0.12	1438.00
941	0.81	0.70	0.42	0.67	0.34	0.86	19.50	0.06	1429.00	184.00	0.13	1443.00
942	0.81	0.71	0.43	0.70	0.37	0.87	19.70	0.05	1442.00	167.00	0.12	1446.00
943	0.81	0.70	0.42	0.68	0.33	0.86	19.80	0.05	1426.00	169.00	0.12	1439.00
944	0.81	0.69	0.41	0.68	0.33	0.87	19.70	0.05	1443.00	172.00	0.12	1456.00
945	0.82	0.71	0.42	0.68	0.35	0.88	19.70	0.05	1466.00	164.00	0.11	1483.00
946	0.82	0.70	0.42	0.69	0.33	0.87	20.00	0.05	1434.00	162.00	0.11	1442.00
947	0.80	0.71	0.43	0.69	0.34	0.86	19.80	0.06	1442.00	170.00	0.12	1447.00
948	0.80	0.70	0.42	0.70	0.34	0.86	19.90	0.06	1415.00	169.00	0.12	1424.00
949	0.84	0.70	0.42	0.66	0.36	0.87	19.90	0.06	1486.00	176.00	0.12	1499.00
950	0.80	0.71	0.42	0.69	0.33	0.86	19.90	0.06	1457.00	174.00	0.12	1471.00
951	0.82	0.71	0.43	0.67	0.34	0.86	20.00	0.05	1436.00	177.00	0.12	1447.00
952	0.83	0.70	0.42	0.69	0.33	0.86	19.80	0.06	1440.00	175.00	0.12	1449.00
953	0.81	0.69	0.41	0.69	0.31	0.86	19.80	0.06	1444.00	169.00	0.12	1451.00
954	0.81	0.70	0.42	0.68	0.34	0.85	20.00	0.06	1422.00	183.00	0.13	1424.00
955	0.81	0.71	0.42	0.68	0.33	0.86	19.70	0.06	1491.00	185.00	0.12	1502.00
956	0.83	0.70	0.41	0.68	0.34	0.87	19.80	0.04	1453.00	168.00	0.12	1461.00
957	0.81	0.71	0.42	0.69	0.34	0.87	19.70	0.05	1484.00	174.00	0.12	1494.00
958	0.82	0.71	0.42	0.68	0.35	0.86	19.80	0.05	1456.00	181.00	0.12	1463.00
959	0.83	0.70	0.42	0.69	0.35	0.87	19.70	0.06	1434.00	172.00	0.12	1447.00
960	0.80	0.70	0.42	0.69	0.34	0.86	19.70	0.06	1420.00	170.00	0.12	1434.00
961	0.82	0.71	0.42	0.69	0.33	0.87	19.90	0.05	1468.00	179.00	0.12	1477.00
962	0.81	0.70	0.42	0.67	0.34	0.86	20.00	0.06	1426.00	187.00	0.13	1438.00
963	0.81	0.70	0.42	0.68	0.34	0.86	19.70	0.05	1443.00	181.00	0.13	1454.00
964	0.82	0.70	0.42	0.68	0.33	0.86	19.80	0.06	1432.00	181.00	0.13	1440.00
965	0.81	0.70	0.42	0.69	0.33	0.86	19.60	0.06	1428.00	176.00	0.12	1437.00
966	0.83	0.70	0.42	0.68	0.35	0.87	19.80	0.05	1443.00	165.00	0.11	1451.00
967	0.82	0.70	0.43	0.70	0.34	0.87	19.80	0.05	1448.00	172.00	0.12	1459.00
968	0.83	0.70	0.41	0.68	0.32	0.86	19.90	0.04	1445.00	165.00	0.11	1448.00
969	0.80	0.70	0.41	0.68	0.33	0.86	19.80	0.06	1412.00	178.00	0.13	1425.00
970	0.83	0.70	0.42	0.69	0.33	0.86	19.70	0.06	1441.00	172.00	0.12	1443.00
971	0.82	0.70	0.43	0.68	0.34	0.86	19.70	0.06	1474.00	173.00	0.12	1488.00
972	0.82	0.70	0.42	0.68	0.34	0.87	19.90	0.05	1479.00	177.00	0.12	1496.00
973	0.83	0.70	0.41	0.67	0.34	0.86	20.00	0.05	1505.00	180.00	0.12	1507.00
974	0.83	0.70	0.41	0.69	0.34	0.86	19.80	0.04	1457.00	170.00	0.12	1467.00
975	0.81	0.70	0.42	0.68	0.34	0.87	19.70	0.05	1475.00	171.00	0.12	1487.00
976	0.82	0.71	0.42	0.69	0.34	0.86	19.70	0.05	1439.00	171.00	0.12	1448.00
977	0.82	0.71	0.43	0.67	0.34	0.87	19.60	0.04	1436.00	166.00	0.12	1442.00
978	0.82	0.71	0.42	0.70	0.36	0.86	19.70	0.05	1437.00	168.00	0.12	1446.00
979	0.81	0.71	0.43	0.68	0.35	0.87	19.70	0.06	1472.00	177.00	0.12	1486.00
980	0.82	0.71	0.42	0.68	0.35	0.86	19.70	0.06	1414.00	177.00	0.13	1425.00
981	0.79	0.70	0.42	0.70	0.32	0.86	19.60	0.06	1410.00	168.00	0.12	1422.00
982	0.83	0.71	0.42	0.69	0.33	0.87	19.80	0.05	1466.00	170.00	0.12	1479.00
983	0.83	0.70	0.41	0.67	0.34	0.86	19.80	0.05	1477.00	177.00	0.12	1487.00
984	0.82	0.71	0.42	0.70	0.34	0.87	19.90	0.06	1442.00	178.00	0.12	1454.00
985	0.81	0.71	0.42	0.70	0.35	0.87	19.80	0.05	1438.00	168.00	0.12	1447.00
986	0.84	0.70	0.42	0.68	0.35	0.87	19.90	0.05	1443.00	173.00	0.12	1450.00
987	0.83	0.70	0.41	0.68	0.34	0.86	20.00	0.05	1408.00	178.00	0.13	1418.00
988	0.82	0.70	0.42	0.67	0.33	0.86	19.50	0.05	1469.00	179.00	0.12	1480.00
989	0.81	0.72	0.43	0.70	0.34	0.86	19.60	0.05	1475.00	166.00	0.11	1487.00
990	0.83	0.69	0.41	0.67	0.34	0.85	19.60	0.05	1416.00	172.00	0.12	1432.00
991	0.82	0.71	0.42	0.68	0.32	0.86	19.80	0.05	1483.00	178.00	0.12	1496.00
992	0.83	0.70	0.42	0.68	0.33	0.86	19.80	0.05	1431.00	172.00	0.12	1443.00
993	0.82	0.71	0.42	0.67	0.34	0.85	19.90	0.05	1470.00	175.00	0.12	1481.00
994	0.80	0.71	0.42	0.71	0.33	0.87	19.90	0.05	1473.00	168.00	0.11	1486.00
995	0.82	0.70	0.42	0.69	0.33	0.87	19.70	0.04	1428.00	175.00	0.12	1440.00
996	0.82	0.71	0.42	0.68	0.35	0.86	19.80	0.04	1451.00	176.00	0.12	1465.00
997	0.83	0.70	0.41	0.69	0.33	0.87	20.00	0.05	1433.00	167.00	0.12	1445.00
998	0.83	0.70	0.42	0.68	0.31	0.85	19.80	0.05	1434.00	179.00	0.12	1449.00
999	0.81	0.72	0.43	0.69	0.35	0.86	19.70	0.05	1482.00	175.00	0.12	1496.00
1000	0.81	0.71	0.42	0.67	0.35	0.86	19.60	0.05	1453.00	182.00	0.13	1467.00
