accuracy	proportion	density	fuzziness	coverage	purity	sounds	missing	ubound	clusters	props	patterns
1	0.6097	0.8373	0.4750	0.7232	0.1869	0.7679	36.6250	0.1372	1449.0000	325.0000	0.2243	1451.0000
2	0.6067	0.8274	0.4636	0.7429	0.1668	0.7779	36.6250	0.1276	1331.0000	296.0000	0.2224	1334.0000
3	0.6078	0.8004	0.4649	0.7378	0.1569	0.7675	36.6250	0.1419	1244.0000	283.0000	0.2275	1246.0000
4	0.5887	0.7944	0.4696	0.7774	0.1490	0.7779	37.0000	0.1157	1149.0000	261.0000	0.2272	1151.0000
5	0.5902	0.7900	0.4755	0.7641	0.1415	0.7879	36.2500	0.1250	1148.0000	244.0000	0.2125	1151.0000
6	0.6120	0.7971	0.4764	0.7635	0.1474	0.7748	36.8750	0.1156	1125.0000	258.0000	0.2293	1127.0000
7	0.6280	0.7922	0.4774	0.7675	0.1446	0.7734	36.6250	0.1425	1103.0000	247.0000	0.2239	1105.0000
8	0.5871	0.7905	0.4878	0.7751	0.1460	0.7855	36.6250	0.1333	1079.0000	244.0000	0.2261	1081.0000
9	0.5707	0.7817	0.4815	0.7611	0.1381	0.7742	36.6250	0.1299	1049.0000	246.0000	0.2345	1051.0000
10	0.6359	0.7872	0.4853	0.7607	0.1367	0.7774	36.3750	0.1203	1087.0000	249.0000	0.2291	1090.0000
11	0.5835	0.7774	0.4909	0.7655	0.1434	0.7767	36.6250	0.1426	1096.0000	248.0000	0.2263	1098.0000
12	0.5780	0.7850	0.4828	0.7754	0.1401	0.7594	36.2500	0.1457	1042.0000	256.0000	0.2457	1044.0000
13	0.6079	0.7856	0.4832	0.7591	0.1379	0.7777	36.7500	0.1356	1081.0000	242.0000	0.2239	1083.0000
14	0.5944	0.7933	0.4881	0.7709	0.1323	0.7780	36.7500	0.1378	1066.0000	241.0000	0.2261	1069.0000
15	0.6082	0.7834	0.4875	0.7868	0.1365	0.7852	36.5000	0.1493	1038.0000	240.0000	0.2312	1040.0000
16	0.6219	0.7949	0.4969	0.7830	0.1470	0.7728	36.0000	0.1246	1073.0000	244.0000	0.2274	1075.0000
17	0.6150	0.7927	0.4946	0.7583	0.1426	0.7730	36.5000	0.1279	1090.0000	254.0000	0.2330	1092.0000
18	0.6326	0.7938	0.4953	0.7795	0.1401	0.7741	36.6250	0.1326	1056.0000	244.0000	0.2311	1059.0000
19	0.5827	0.7971	0.4956	0.7708	0.1527	0.7857	36.7500	0.1241	1084.0000	238.0000	0.2196	1086.0000
20	0.6048	0.7850	0.4866	0.7658	0.1406	0.7627	36.6250	0.1442	1052.0000	243.0000	0.2310	1054.0000
21	0.5884	0.7872	0.4860	0.7734	0.1387	0.7618	36.3750	0.1457	1072.0000	238.0000	0.2220	1074.0000
22	0.5962	0.7927	0.4874	0.7662	0.1442	0.7808	36.3750	0.1236	1059.0000	239.0000	0.2257	1061.0000
23	0.6327	0.8004	0.4925	0.7622	0.1492	0.7735	36.5000	0.1277	1065.0000	250.0000	0.2347	1067.0000
24	0.5843	0.7790	0.4814	0.7689	0.1346	0.7715	36.2500	0.1549	1041.0000	240.0000	0.2305	1043.0000
25	0.6069	0.7971	0.4999	0.7526	0.1392	0.7701	36.6250	0.1372	1093.0000	250.0000	0.2287	1096.0000
26	0.6083	0.7823	0.4878	0.7691	0.1360	0.7614	36.7500	0.1412	1040.0000	246.0000	0.2365	1042.0000
27	0.5989	0.7883	0.4876	0.7705	0.1499	0.7705	36.0000	0.1396	1051.0000	248.0000	0.2360	1053.0000
28	0.5951	0.7861	0.4827	0.7778	0.1506	0.7746	36.6250	0.1357	1023.0000	239.0000	0.2336	1025.0000
29	0.5880	0.7867	0.4904	0.7772	0.1441	0.7727	36.1250	0.1550	1049.0000	235.0000	0.2240	1051.0000
30	0.6418	0.7999	0.4919	0.7604	0.1443	0.7829	36.5000	0.1186	1100.0000	244.0000	0.2218	1102.0000
31	0.6186	0.7905	0.4893	0.7784	0.1458	0.7700	37.0000	0.1268	1038.0000	244.0000	0.2351	1040.0000
32	0.5986	0.7834	0.4856	0.7786	0.1381	0.7855	36.8750	0.1394	1015.0000	230.0000	0.2266	1017.0000
33	0.5954	0.7911	0.4864	0.7684	0.1479	0.7783	36.3750	0.1407	1042.0000	233.0000	0.2236	1044.0000
34	0.5903	0.7933	0.4955	0.7643	0.1376	0.7630	36.8750	0.1309	1079.0000	250.0000	0.2317	1081.0000
35	0.5807	0.7867	0.4908	0.7683	0.1414	0.7720	36.2500	0.1453	1089.0000	240.0000	0.2204	1093.0000
36	0.5949	0.7757	0.4821	0.7581	0.1348	0.7760	36.3750	0.1450	1027.0000	244.0000	0.2376	1029.0000
37	0.5980	0.7828	0.4841	0.7649	0.1363	0.7743	36.8750	0.1227	1057.0000	240.0000	0.2271	1060.0000
38	0.6018	0.7817	0.4895	0.7647	0.1304	0.7693	36.7500	0.1276	1104.0000	248.0000	0.2246	1108.0000
39	0.6012	0.7916	0.4909	0.7757	0.1368	0.7723	36.3750	0.1367	1008.0000	239.0000	0.2371	1010.0000
40	0.5941	0.7872	0.4922	0.7760	0.1306	0.7613	36.1250	0.1434	1039.0000	249.0000	0.2397	1041.0000
41	0.5710	0.7856	0.4798	0.7698	0.1349	0.7690	36.2500	0.1260	1054.0000	242.0000	0.2296	1056.0000
42	0.5830	0.7839	0.4914	0.7727	0.1451	0.7644	36.8750	0.1493	1037.0000	236.0000	0.2276	1040.0000
43	0.6241	0.7828	0.4834	0.7754	0.1338	0.7777	36.2500	0.1317	1008.0000	238.0000	0.2361	1011.0000
44	0.6106	0.7949	0.4982	0.7818	0.1449	0.7831	36.5000	0.1347	1050.0000	240.0000	0.2286	1053.0000
45	0.6033	0.7916	0.5014	0.7688	0.1476	0.7788	36.7500	0.1247	1106.0000	244.0000	0.2206	1108.0000
46	0.5869	0.7911	0.4942	0.7727	0.1397	0.7643	36.3750	0.1458	1051.0000	243.0000	0.2312	1054.0000
47	0.6062	0.7922	0.4878	0.7691	0.1423	0.7789	36.2500	0.1299	1073.0000	244.0000	0.2274	1075.0000
48	0.6114	0.7922	0.4928	0.7565	0.1395	0.7785	36.2500	0.1282	1094.0000	247.0000	0.2258	1096.0000
49	0.5632	0.7911	0.4912	0.7659	0.1449	0.7674	36.5000	0.1531	1055.0000	246.0000	0.2332	1057.0000
50	0.5676	0.7927	0.4927	0.7618	0.1429	0.7685	36.6250	0.1477	1089.0000	247.0000	0.2268	1091.0000
51	0.6026	0.7867	0.4799	0.7735	0.1429	0.7809	36.0000	0.1108	1071.0000	242.0000	0.2260	1073.0000
52	0.5791	0.7828	0.4932	0.7681	0.1366	0.7648	36.3750	0.1457	1072.0000	246.0000	0.2295	1074.0000
53	0.6053	0.7971	0.4912	0.7719	0.1528	0.7813	36.6250	0.1369	1094.0000	243.0000	0.2221	1097.0000
54	0.5775	0.7867	0.4901	0.7613	0.1373	0.7634	36.3750	0.1437	1042.0000	254.0000	0.2438	1044.0000
55	0.6045	0.7834	0.4891	0.7724	0.1440	0.7662	36.5000	0.1370	1075.0000	240.0000	0.2233	1077.0000
56	0.5976	0.7905	0.4883	0.7651	0.1444	0.7661	36.0000	0.1293	1056.0000	247.0000	0.2339	1058.0000
57	0.5756	0.7938	0.4922	0.7694	0.1471	0.7594	36.7500	0.1545	1051.0000	250.0000	0.2379	1053.0000
58	0.6059	0.7856	0.4894	0.7738	0.1384	0.7792	36.7500	0.1238	1060.0000	228.0000	0.2151	1063.0000
59	0.6049	0.7900	0.4956	0.7757	0.1367	0.7672	36.5000	0.1261	1048.0000	243.0000	0.2319	1051.0000
60	0.5802	0.7905	0.4871	0.7770	0.1427	0.7702	36.7500	0.1319	1067.0000	248.0000	0.2324	1070.0000
61	0.5991	0.7724	0.4815	0.7680	0.1439	0.7735	36.7500	0.1327	1075.0000	240.0000	0.2233	1078.0000
62	0.5678	0.7834	0.4894	0.7708	0.1404	0.7633	36.6250	0.1576	1039.0000	247.0000	0.2377	1041.0000
63	0.5604	0.7768	0.4774	0.7729	0.1457	0.7850	36.2500	0.1209	1046.0000	222.0000	0.2122	1048.0000
64	0.5996	0.7801	0.4821	0.7634	0.1263	0.7627	36.5000	0.1302	1078.0000	250.0000	0.2319	1080.0000
65	0.6035	0.7839	0.4824	0.7675	0.1402	0.7815	36.3750	0.1380	1038.0000	245.0000	0.2360	1040.0000
66	0.5911	0.7955	0.4923	0.7735	0.1392	0.7714	36.3750	0.1208	1130.0000	243.0000	0.2150	1132.0000
67	0.6109	0.7834	0.4805	0.7631	0.1404	0.7564	36.5000	0.1398	1028.0000	260.0000	0.2529	1030.0000
68	0.5877	0.7971	0.4973	0.7794	0.1472	0.7788	36.6250	0.1410	1049.0000	239.0000	0.2278	1051.0000
69	0.5888	0.7839	0.4896	0.7662	0.1529	0.7842	36.6250	0.1340	1082.0000	240.0000	0.2218	1084.0000
70	0.5913	0.7861	0.4826	0.7842	0.1409	0.7825	36.6250	0.1167	1070.0000	235.0000	0.2196	1072.0000
71	0.5896	0.7872	0.4844	0.7757	0.1378	0.7702	36.6250	0.1731	1053.0000	243.0000	0.2308	1055.0000
72	0.5763	0.7927	0.4965	0.7698	0.1498	0.7757	36.5000	0.1343	1071.0000	249.0000	0.2325	1073.0000
73	0.6047	0.7944	0.4929	0.7668	0.1454	0.7671	36.2500	0.1415	1039.0000	257.0000	0.2474	1041.0000
74	0.6027	0.7856	0.4951	0.7696	0.1370	0.7817	36.5000	0.1298	1077.0000	238.0000	0.2210	1080.0000
75	0.5655	0.7839	0.4919	0.7592	0.1365	0.7760	36.2500	0.1352	1067.0000	235.0000	0.2202	1070.0000
76	0.5987	0.7911	0.4899	0.7592	0.1396	0.7625	36.1250	0.1442	1075.0000	244.0000	0.2270	1077.0000
77	0.5862	0.7845	0.4910	0.7501	0.1384	0.7674	36.2500	0.1449	1068.0000	251.0000	0.2350	1070.0000
78	0.5847	0.7911	0.4912	0.7757	0.1319	0.7666	36.5000	0.1543	1032.0000	249.0000	0.2413	1034.0000
79	0.5828	0.7850	0.4859	0.7709	0.1452	0.7643	36.0000	0.1417	1082.0000	251.0000	0.2320	1084.0000
80	0.6233	0.7823	0.4850	0.7644	0.1389	0.7808	36.7500	0.1230	1038.0000	249.0000	0.2399	1040.0000
81	0.6054	0.7889	0.4881	0.7804	0.1451	0.7843	35.6250	0.1373	1052.0000	231.0000	0.2196	1056.0000
82	0.5975	0.7894	0.4863	0.7605	0.1407	0.7729	36.3750	0.1276	1078.0000	246.0000	0.2282	1080.0000
83	0.6006	0.7900	0.4962	0.7688	0.1396	0.7724	36.2500	0.1301	1092.0000	249.0000	0.2280	1094.0000
84	0.6228	0.7889	0.4931	0.7555	0.1473	0.7784	36.0000	0.1247	1088.0000	235.0000	0.2160	1090.0000
85	0.5559	0.7960	0.4927	0.7703	0.1419	0.7638	36.7500	0.1641	1028.0000	251.0000	0.2442	1030.0000
86	0.5825	0.7861	0.4931	0.7635	0.1386	0.7653	35.8750	0.1645	1019.0000	251.0000	0.2463	1021.0000
87	0.5683	0.7872	0.4918	0.7685	0.1431	0.7701	36.1250	0.1451	1069.0000	246.0000	0.2301	1071.0000
88	0.5795	0.7911	0.4879	0.7783	0.1419	0.7882	36.6250	0.1367	1063.0000	237.0000	0.2230	1065.0000
89	0.6201	0.7922	0.4929	0.7569	0.1417	0.7700	36.0000	0.1462	1058.0000	250.0000	0.2363	1060.0000
90	0.5939	0.7993	0.4987	0.7651	0.1485	0.7649	36.3750	0.1380	1084.0000	247.0000	0.2279	1086.0000
91	0.5959	0.7850	0.4954	0.7772	0.1426	0.7723	36.0000	0.1497	1062.0000	241.0000	0.2269	1064.0000
92	0.6307	0.7916	0.4903	0.7727	0.1395	0.7830	36.3750	0.1281	1068.0000	239.0000	0.2238	1071.0000
93	0.5883	0.7850	0.4897	0.7832	0.1382	0.7511	36.2500	0.1650	1026.0000	251.0000	0.2446	1028.0000
94	0.5654	0.7790	0.4865	0.7604	0.1430	0.7668	35.8750	0.1365	1073.0000	248.0000	0.2311	1075.0000
95	0.6014	0.7828	0.4927	0.7627	0.1392	0.7840	36.8750	0.1368	1043.0000	248.0000	0.2378	1046.0000
96	0.5895	0.7883	0.4833	0.7754	0.1536	0.7666	36.5000	0.1475	1052.0000	236.0000	0.2243	1054.0000
97	0.5855	0.7834	0.4898	0.7618	0.1443	0.7734	35.8750	0.1424	1053.0000	238.0000	0.2260	1055.0000
98	0.5897	0.7966	0.4950	0.7650	0.1452	0.7770	36.7500	0.1424	1079.0000	244.0000	0.2261	1081.0000
99	0.5907	0.7933	0.4893	0.7725	0.1484	0.7572	36.5000	0.1611	1031.0000	251.0000	0.2435	1033.0000
100	0.5987	0.7878	0.4844	0.7686	0.1352	0.7730	36.3750	0.1459	1065.0000	243.0000	0.2282	1067.0000
101	0.6080	0.7916	0.4932	0.7713	0.1381	0.7783	36.2500	0.1423	1046.0000	246.0000	0.2352	1048.0000
102	0.6095	0.7949	0.4939	0.7857	0.1392	0.7719	36.1250	0.1342	1050.0000	238.0000	0.2267	1052.0000
103	0.5707	0.7883	0.4941	0.7639	0.1439	0.7687	36.5000	0.1459	1064.0000	246.0000	0.2312	1066.0000
104	0.6161	0.7839	0.4900	0.7619	0.1371	0.7624	36.1250	0.1501	1063.0000	251.0000	0.2361	1065.0000
105	0.5567	0.7944	0.4920	0.7634	0.1424	0.7635	36.8750	0.1546	1058.0000	251.0000	0.2372	1060.0000
106	0.6096	0.7768	0.4848	0.7605	0.1325	0.7796	36.5000	0.1333	1056.0000	226.0000	0.2140	1060.0000
107	0.5746	0.7933	0.4945	0.7680	0.1301	0.7811	36.6250	0.1243	1097.0000	247.0000	0.2252	1099.0000
108	0.5738	0.7867	0.4811	0.7731	0.1435	0.7697	36.6250	0.1252	1044.0000	240.0000	0.2299	1046.0000
109	0.5705	0.7944	0.4958	0.7857	0.1389	0.7819	36.5000	0.1435	1026.0000	236.0000	0.2300	1028.0000
110	0.5938	0.7774	0.4949	0.7638	0.1411	0.7708	35.7500	0.1459	1071.0000	238.0000	0.2222	1073.0000
111	0.6531	0.7938	0.4924	0.7606	0.1336	0.7686	36.6250	0.1054	1063.0000	254.0000	0.2389	1065.0000
112	0.5887	0.7966	0.4945	0.7592	0.1351	0.7484	36.8750	0.1556	1055.0000	256.0000	0.2427	1057.0000
113	0.5934	0.7839	0.4861	0.7642	0.1352	0.7773	36.1250	0.1184	1067.0000	246.0000	0.2306	1071.0000
114	0.5788	0.7894	0.4924	0.7558	0.1434	0.7684	36.7500	0.1410	1074.0000	245.0000	0.2281	1076.0000
115	0.6082	0.7861	0.4934	0.7717	0.1539	0.7769	36.5000	0.1306	1072.0000	237.0000	0.2211	1074.0000
116	0.6063	0.8010	0.4936	0.7665	0.1392	0.7826	36.7500	0.1183	1087.0000	248.0000	0.2282	1089.0000
117	0.6036	0.7916	0.4901	0.7682	0.1452	0.7783	36.0000	0.1226	1062.0000	241.0000	0.2269	1064.0000
118	0.5759	0.7795	0.4881	0.7566	0.1405	0.7566	36.6250	0.1626	1077.0000	255.0000	0.2368	1079.0000
119	0.5900	0.7927	0.4998	0.7778	0.1450	0.7808	36.8750	0.1338	1060.0000	242.0000	0.2283	1062.0000
120	0.6275	0.7883	0.4975	0.7653	0.1350	0.7710	36.1250	0.1348	1056.0000	252.0000	0.2386	1059.0000
121	0.6198	0.7806	0.4814	0.7707	0.1379	0.7666	36.1250	0.1088	1031.0000	241.0000	0.2338	1033.0000
122	0.5891	0.7861	0.4900	0.7621	0.1366	0.7663	35.8750	0.1613	1026.0000	243.0000	0.2368	1028.0000
123	0.5919	0.8010	0.5020	0.7670	0.1422	0.7754	36.1250	0.1217	1066.0000	250.0000	0.2345	1069.0000
124	0.5945	0.7845	0.4889	0.7755	0.1433	0.7881	36.5000	0.1359	1052.0000	235.0000	0.2234	1054.0000
125	0.6181	0.7834	0.4868	0.7732	0.1459	0.7759	36.8750	0.1231	1089.0000	237.0000	0.2176	1091.0000
126	0.6136	0.8004	0.5018	0.7615	0.1513	0.7815	36.5000	0.1337	1093.0000	257.0000	0.2351	1095.0000
127	0.5960	0.7839	0.4934	0.7824	0.1420	0.7693	36.3750	0.1315	1057.0000	243.0000	0.2299	1059.0000
128	0.5766	0.7878	0.4887	0.7530	0.1421	0.7492	36.6250	0.1724	1051.0000	254.0000	0.2417	1053.0000
129	0.5781	0.7850	0.4927	0.7550	0.1239	0.7584	36.3750	0.1449	1088.0000	246.0000	0.2261	1091.0000
130	0.6136	0.7900	0.4948	0.7635	0.1351	0.7706	36.2500	0.1143	1043.0000	243.0000	0.2330	1046.0000
131	0.5710	0.7900	0.4962	0.7731	0.1400	0.7839	36.6250	0.1250	1092.0000	238.0000	0.2179	1094.0000
132	0.5994	0.7889	0.5029	0.7682	0.1445	0.7692	36.3750	0.1460	1075.0000	253.0000	0.2353	1077.0000
133	0.5949	0.7911	0.4867	0.7744	0.1410	0.7610	37.0000	0.1542	1079.0000	250.0000	0.2317	1081.0000
134	0.5941	0.7889	0.4883	0.7649	0.1381	0.7705	36.6250	0.1199	1035.0000	241.0000	0.2329	1037.0000
135	0.5794	0.7878	0.4891	0.7711	0.1458	0.7847	36.1250	0.1437	1066.0000	240.0000	0.2251	1068.0000
136	0.5872	0.7944	0.4959	0.7606	0.1379	0.7680	36.1250	0.1387	1064.0000	242.0000	0.2274	1066.0000
137	0.5716	0.7905	0.4892	0.7608	0.1343	0.7701	36.5000	0.1444	1051.0000	248.0000	0.2360	1055.0000
138	0.6175	0.7768	0.4864	0.7631	0.1318	0.7684	36.7500	0.1256	1025.0000	253.0000	0.2468	1027.0000
139	0.6008	0.7900	0.5000	0.7706	0.1400	0.7732	36.5000	0.1285	1067.0000	246.0000	0.2306	1069.0000
140	0.5856	0.7872	0.4967	0.7666	0.1424	0.7573	36.5000	0.1496	1054.0000	254.0000	0.2410	1056.0000
141	0.6033	0.7905	0.4926	0.7747	0.1437	0.7636	36.7500	0.1531	1067.0000	254.0000	0.2381	1071.0000
142	0.6096	0.7949	0.4881	0.7585	0.1377	0.7753	36.3750	0.1177	1090.0000	243.0000	0.2229	1092.0000
143	0.6093	0.7911	0.4965	0.7685	0.1427	0.7801	36.5000	0.1356	1077.0000	243.0000	0.2256	1081.0000
144	0.6115	0.7889	0.4963	0.7695	0.1410	0.7710	35.7500	0.1366	1052.0000	245.0000	0.2329	1054.0000
145	0.5802	0.7790	0.4798	0.7757	0.1403	0.7785	36.3750	0.1496	1021.0000	235.0000	0.2302	1023.0000
146	0.5907	0.7850	0.4893	0.7747	0.1349	0.7606	35.7500	0.1506	1040.0000	248.0000	0.2385	1043.0000
147	0.5953	0.7861	0.4952	0.7537	0.1388	0.7595	36.2500	0.1422	1064.0000	244.0000	0.2293	1067.0000
148	0.6088	0.7878	0.4817	0.7772	0.1330	0.7667	36.5000	0.1530	1012.0000	252.0000	0.2490	1014.0000
149	0.6107	0.7922	0.4913	0.7656	0.1468	0.7770	36.1250	0.1386	1056.0000	240.0000	0.2273	1058.0000
150	0.6265	0.7900	0.4982	0.7737	0.1315	0.7754	36.6250	0.1223	1021.0000	247.0000	0.2419	1023.0000
151	0.5712	0.7900	0.4875	0.7643	0.1418	0.7622	36.5000	0.1425	1060.0000	255.0000	0.2406	1062.0000
152	0.6017	0.7960	0.4936	0.7601	0.1401	0.7577	36.5000	0.1375	1070.0000	250.0000	0.2336	1073.0000
153	0.5802	0.7845	0.4905	0.7702	0.1333	0.7732	36.3750	0.1286	1083.0000	247.0000	0.2281	1085.0000
154	0.5914	0.8037	0.4971	0.7579	0.1433	0.7753	36.3750	0.1464	1067.0000	252.0000	0.2362	1069.0000
155	0.5790	0.7905	0.4953	0.7631	0.1457	0.7762	35.7500	0.1632	1049.0000	242.0000	0.2307	1052.0000
156	0.5832	0.7828	0.4848	0.7710	0.1422	0.7686	36.2500	0.1325	1059.0000	239.0000	0.2257	1061.0000
157	0.5865	0.7905	0.4918	0.7663	0.1402	0.7584	36.7500	0.1532	1056.0000	251.0000	0.2377	1058.0000
158	0.5918	0.7955	0.4943	0.7675	0.1398	0.7729	36.1250	0.1413	1068.0000	246.0000	0.2303	1070.0000
159	0.5906	0.7867	0.4893	0.7561	0.1443	0.7615	35.8750	0.1439	1055.0000	246.0000	0.2332	1057.0000
160	0.5972	0.7944	0.4933	0.7631	0.1459	0.7637	36.2500	0.1447	1081.0000	243.0000	0.2248	1083.0000
161	0.6137	0.7894	0.4880	0.7668	0.1425	0.7767	36.2500	0.1288	1086.0000	242.0000	0.2228	1088.0000
162	0.5906	0.7900	0.4868	0.7842	0.1410	0.7745	36.7500	0.1432	1014.0000	239.0000	0.2357	1016.0000
163	0.5902	0.7889	0.5029	0.7528	0.1425	0.7684	36.1250	0.1445	1089.0000	250.0000	0.2296	1092.0000
164	0.6007	0.7867	0.4884	0.7865	0.1471	0.7887	36.0000	0.1223	1037.0000	228.0000	0.2199	1039.0000
165	0.6051	0.7828	0.4867	0.7789	0.1449	0.7929	36.7500	0.1207	1064.0000	240.0000	0.2256	1066.0000
166	0.5963	0.8015	0.5000	0.7676	0.1504	0.7947	36.6250	0.1135	1097.0000	232.0000	0.2115	1100.0000
167	0.6103	0.7850	0.4837	0.7652	0.1305	0.7615	36.5000	0.1601	1004.0000	250.0000	0.2490	1006.0000
168	0.5670	0.7856	0.4947	0.7689	0.1361	0.7507	36.5000	0.1496	1029.0000	252.0000	0.2449	1031.0000
169	0.5944	0.8015	0.4917	0.7898	0.1452	0.7726	36.3750	0.1478	1011.0000	233.0000	0.2305	1013.0000
170	0.5835	0.7828	0.4916	0.7685	0.1433	0.7667	36.7500	0.1533	1057.0000	243.0000	0.2299	1060.0000
171	0.6242	0.7839	0.4890	0.7749	0.1470	0.7875	36.3750	0.1238	1080.0000	232.0000	0.2148	1082.0000
172	0.6059	0.7966	0.4953	0.7716	0.1461	0.7724	36.3750	0.1374	1070.0000	244.0000	0.2280	1073.0000
173	0.5730	0.7872	0.4872	0.7741	0.1328	0.7801	36.3750	0.1316	1041.0000	247.0000	0.2373	1043.0000
174	0.6431	0.7806	0.4850	0.7840	0.1386	0.7787	36.0000	0.1209	1045.0000	243.0000	0.2325	1047.0000
175	0.5859	0.7966	0.4852	0.7674	0.1353	0.7633	36.7500	0.1519	1036.0000	250.0000	0.2413	1038.0000
176	0.5987	0.7889	0.4926	0.7728	0.1418	0.7822	36.3750	0.1403	1046.0000	238.0000	0.2275	1048.0000
177	0.6061	0.7839	0.4880	0.7582	0.1461	0.7714	36.1250	0.1315	1062.0000	245.0000	0.2307	1064.0000
178	0.6067	0.7966	0.4905	0.7609	0.1420	0.7761	36.3750	0.1393	1052.0000	242.0000	0.2300	1054.0000
179	0.6106	0.7988	0.4917	0.7718	0.1374	0.7595	36.7500	0.1316	1055.0000	257.0000	0.2436	1057.0000
180	0.5874	0.7988	0.4940	0.7511	0.1492	0.7770	36.5000	0.1480	1041.0000	239.0000	0.2296	1043.0000
181	0.5680	0.7856	0.4929	0.7646	0.1356	0.7630	36.5000	0.1553	1070.0000	252.0000	0.2355	1072.0000
182	0.5849	0.7817	0.4854	0.7629	0.1389	0.7577	36.5000	0.1310	1024.0000	246.0000	0.2402	1026.0000
183	0.5972	0.7845	0.4858	0.7687	0.1249	0.7659	35.8750	0.1341	1072.0000	237.0000	0.2211	1074.0000
184	0.5828	0.7878	0.4905	0.7674	0.1417	0.7745	36.7500	0.1529	1076.0000	245.0000	0.2277	1078.0000
185	0.5915	0.7949	0.4976	0.7670	0.1387	0.7908	36.8750	0.1350	1106.0000	240.0000	0.2170	1108.0000
186	0.5972	0.7933	0.4923	0.7636	0.1402	0.7656	36.8750	0.1361	1075.0000	252.0000	0.2344	1077.0000
187	0.5819	0.8021	0.4959	0.7680	0.1384	0.7745	36.8750	0.1372	1098.0000	246.0000	0.2240	1100.0000
188	0.5825	0.7900	0.4790	0.7675	0.1375	0.7718	36.0000	0.1377	1043.0000	242.0000	0.2320	1045.0000
189	0.5966	0.7922	0.4894	0.7630	0.1370	0.7603	36.5000	0.1332	1075.0000	245.0000	0.2279	1078.0000
190	0.5757	0.7883	0.4835	0.7784	0.1309	0.7757	36.2500	0.1495	1033.0000	250.0000	0.2420	1035.0000
191	0.5887	0.7839	0.4863	0.7652	0.1382	0.7634	36.7500	0.1450	1072.0000	254.0000	0.2369	1076.0000
192	0.5979	0.7927	0.4993	0.7715	0.1493	0.7757	36.3750	0.1151	1099.0000	246.0000	0.2238	1101.0000
193	0.6136	0.7977	0.4945	0.7710	0.1477	0.7884	36.3750	0.1345	1090.0000	241.0000	0.2211	1093.0000
194	0.5872	0.7817	0.4866	0.7707	0.1471	0.7758	36.6250	0.1437	1036.0000	242.0000	0.2336	1038.0000
195	0.6073	0.7861	0.4867	0.7646	0.1473	0.7822	36.6250	0.1336	1036.0000	236.0000	0.2278	1038.0000
196	0.5810	0.7801	0.4895	0.7656	0.1460	0.7791	36.5000	0.1203	1069.0000	241.0000	0.2254	1071.0000
197	0.5879	0.7911	0.4945	0.7713	0.1424	0.7708	36.6250	0.1552	1052.0000	240.0000	0.2281	1054.0000
198	0.6099	0.7784	0.4817	0.7648	0.1307	0.7631	36.5000	0.1272	1057.0000	245.0000	0.2318	1059.0000
199	0.6095	0.7971	0.4909	0.7650	0.1391	0.7732	36.2500	0.1230	1079.0000	247.0000	0.2289	1081.0000
200	0.6003	0.7894	0.4868	0.7686	0.1425	0.7803	36.6250	0.1274	1067.0000	235.0000	0.2202	1069.0000
201	0.5857	0.7768	0.4838	0.7594	0.1427	0.7674	36.1250	0.1363	1035.0000	242.0000	0.2338	1038.0000
202	0.5887	0.7856	0.4864	0.7768	0.1342	0.7648	36.2500	0.1619	1051.0000	247.0000	0.2350	1053.0000
203	0.6352	0.7839	0.4858	0.7742	0.1397	0.7734	36.3750	0.1175	1058.0000	240.0000	0.2268	1062.0000
204	0.5991	0.7971	0.5005	0.7748	0.1445	0.7770	36.6250	0.1474	1073.0000	249.0000	0.2321	1075.0000
205	0.5478	0.7960	0.4903	0.7724	0.1479	0.7571	36.5000	0.1734	1025.0000	255.0000	0.2488	1027.0000
206	0.6131	0.7856	0.4865	0.7661	0.1465	0.7798	36.6250	0.1267	1039.0000	241.0000	0.2320	1041.0000
207	0.5984	0.7905	0.4878	0.7652	0.1388	0.7543	36.7500	0.1499	1034.0000	254.0000	0.2456	1038.0000
208	0.6098	0.8015	0.4890	0.7563	0.1461	0.7694	36.3750	0.1540	1072.0000	241.0000	0.2248	1075.0000
209	0.6019	0.7839	0.4879	0.7649	0.1315	0.7780	36.2500	0.1287	1062.0000	242.0000	0.2279	1064.0000
210	0.5906	0.7795	0.4837	0.7783	0.1352	0.7849	36.3750	0.1190	1078.0000	234.0000	0.2171	1080.0000
211	0.5944	0.7746	0.4783	0.7754	0.1354	0.7660	36.7500	0.1567	1041.0000	246.0000	0.2363	1043.0000
212	0.6394	0.7883	0.4879	0.7753	0.1461	0.7844	36.5000	0.1292	1065.0000	242.0000	0.2272	1067.0000
213	0.5857	0.7905	0.4909	0.7491	0.1440	0.7710	36.3750	0.1503	1106.0000	258.0000	0.2333	1109.0000
214	0.6008	0.7916	0.4899	0.7721	0.1474	0.7696	36.5000	0.1282	1052.0000	247.0000	0.2348	1054.0000
215	0.6178	0.7867	0.4999	0.7771	0.1377	0.7767	36.3750	0.1103	1098.0000	240.0000	0.2186	1100.0000
216	0.5772	0.7878	0.4874	0.7724	0.1346	0.7743	36.6250	0.1432	1041.0000	247.0000	0.2373	1043.0000
217	0.5991	0.7806	0.4802	0.7643	0.1490	0.7701	36.1250	0.1291	1066.0000	237.0000	0.2223	1068.0000
218	0.5983	0.7916	0.4975	0.7707	0.1450	0.7796	36.2500	0.1326	1087.0000	243.0000	0.2236	1089.0000
219	0.5823	0.7790	0.4817	0.7645	0.1339	0.7584	36.6250	0.1300	1059.0000	250.0000	0.2361	1062.0000
220	0.5806	0.7878	0.4918	0.7646	0.1418	0.7540	36.5000	0.1573	1063.0000	248.0000	0.2333	1065.0000
221	0.6284	0.7966	0.4923	0.7759	0.1430	0.7946	36.3750	0.1114	1061.0000	232.0000	0.2187	1064.0000
222	0.5768	0.7889	0.4901	0.7613	0.1354	0.7715	36.1250	0.1384	1031.0000	240.0000	0.2328	1033.0000
223	0.6108	0.7916	0.4881	0.7775	0.1404	0.7703	36.6250	0.1301	1021.0000	241.0000	0.2360	1023.0000
224	0.6007	0.7905	0.4866	0.7559	0.1385	0.7743	36.7500	0.1387	1055.0000	247.0000	0.2341	1057.0000
225	0.6483	0.7916	0.4859	0.7717	0.1419	0.7622	35.7500	0.1338	1050.0000	252.0000	0.2400	1052.0000
226	0.5838	0.7971	0.4940	0.7773	0.1517	0.7806	36.6250	0.1427	1070.0000	231.0000	0.2159	1072.0000
227	0.6125	0.7790	0.4809	0.7633	0.1401	0.7670	36.1250	0.1518	1009.0000	247.0000	0.2448	1011.0000
228	0.5555	0.7828	0.4899	0.7615	0.1424	0.7619	36.5000	0.1531	1052.0000	251.0000	0.2386	1054.0000
229	0.5959	0.7872	0.4856	0.7756	0.1407	0.7653	36.5000	0.1402	1032.0000	249.0000	0.2413	1034.0000
230	0.5966	0.7828	0.4875	0.7721	0.1371	0.7772	36.2500	0.1258	1051.0000	240.0000	0.2284	1054.0000
231	0.6209	0.8004	0.4993	0.7701	0.1429	0.7708	36.6250	0.1419	1074.0000	254.0000	0.2365	1076.0000
232	0.5864	0.7927	0.4979	0.7652	0.1431	0.7702	36.3750	0.1326	1074.0000	240.0000	0.2235	1077.0000
233	0.6013	0.7828	0.4903	0.7696	0.1411	0.7671	36.3750	0.1309	1061.0000	238.0000	0.2243	1063.0000
234	0.5766	0.7867	0.4822	0.7640	0.1407	0.7771	36.5000	0.1426	1054.0000	243.0000	0.2306	1056.0000
235	0.5822	0.7922	0.4886	0.7670	0.1413	0.7647	35.8750	0.1403	1052.0000	248.0000	0.2357	1055.0000
236	0.5869	0.7993	0.4959	0.7700	0.1456	0.7694	36.2500	0.1611	1046.0000	247.0000	0.2361	1048.0000
237	0.6101	0.7867	0.4909	0.7650	0.1433	0.7718	36.1250	0.1279	1076.0000	250.0000	0.2323	1078.0000
238	0.6051	0.7839	0.4861	0.7732	0.1327	0.7607	36.7500	0.1355	1033.0000	247.0000	0.2391	1035.0000
239	0.6055	0.7784	0.4821	0.7608	0.1341	0.7635	36.6250	0.1530	1016.0000	252.0000	0.2480	1019.0000
240	0.5966	0.7927	0.4868	0.7696	0.1515	0.7746	36.3750	0.1519	1019.0000	240.0000	0.2355	1021.0000
241	0.5886	0.7834	0.4899	0.7674	0.1371	0.7843	36.3750	0.1271	1049.0000	237.0000	0.2259	1051.0000
242	0.5996	0.7801	0.4838	0.7571	0.1302	0.7723	36.2500	0.1186	1062.0000	248.0000	0.2335	1064.0000
243	0.6045	0.7845	0.4844	0.7677	0.1365	0.7647	36.1250	0.1250	1035.0000	248.0000	0.2396	1037.0000
244	0.5725	0.7938	0.4989	0.7611	0.1405	0.7566	36.8750	0.1540	1073.0000	247.0000	0.2302	1076.0000
245	0.5870	0.7735	0.4857	0.7642	0.1342	0.7663	36.5000	0.1394	1070.0000	245.0000	0.2290	1072.0000
246	0.5807	0.7982	0.4911	0.7794	0.1475	0.7670	36.0000	0.1455	1057.0000	240.0000	0.2271	1059.0000
247	0.5855	0.7806	0.4899	0.7712	0.1534	0.7752	36.5000	0.1360	1053.0000	240.0000	0.2279	1056.0000
248	0.6110	0.7927	0.4805	0.7660	0.1390	0.7818	36.5000	0.1190	1057.0000	233.0000	0.2204	1059.0000
249	0.5594	0.7845	0.4812	0.7517	0.1351	0.7468	36.8750	0.1561	1029.0000	260.0000	0.2527	1031.0000
250	0.6003	0.7883	0.4858	0.7622	0.1310	0.7650	36.2500	0.1313	1044.0000	252.0000	0.2414	1046.0000
251	0.5971	0.7993	0.5018	0.7700	0.1425	0.7772	36.8750	0.1447	1087.0000	250.0000	0.2300	1089.0000
252	0.5805	0.7878	0.4900	0.7624	0.1452	0.7690	36.1250	0.1553	1072.0000	246.0000	0.2295	1074.0000
253	0.5667	0.7916	0.4948	0.7622	0.1380	0.7656	36.8750	0.1619	1073.0000	246.0000	0.2293	1075.0000
254	0.5890	0.7927	0.4964	0.7732	0.1419	0.7793	36.3750	0.1373	1093.0000	240.0000	0.2196	1095.0000
255	0.5846	0.7801	0.4885	0.7625	0.1331	0.7625	36.3750	0.1555	1033.0000	244.0000	0.2362	1035.0000
256	0.5856	0.7889	0.4915	0.7684	0.1457	0.7756	37.0000	0.1471	1049.0000	236.0000	0.2250	1052.0000
257	0.6267	0.7900	0.4932	0.7731	0.1381	0.7804	36.5000	0.1226	1095.0000	246.0000	0.2247	1097.0000
258	0.6202	0.7944	0.4946	0.7615	0.1377	0.7615	36.5000	0.1350	1074.0000	245.0000	0.2281	1076.0000
259	0.5813	0.7867	0.4922	0.7406	0.1230	0.7615	36.5000	0.1465	1081.0000	256.0000	0.2368	1083.0000
260	0.6065	0.7784	0.4876	0.7527	0.1423	0.7734	36.2500	0.1366	1058.0000	244.0000	0.2306	1061.0000
261	0.5830	0.7927	0.4910	0.7799	0.1501	0.7760	36.5000	0.1298	1067.0000	233.0000	0.2184	1069.0000
262	0.5859	0.7894	0.4968	0.7497	0.1473	0.7709	36.5000	0.1345	1078.0000	242.0000	0.2245	1080.0000
263	0.6077	0.7900	0.4948	0.7755	0.1418	0.7761	36.6250	0.1146	1069.0000	245.0000	0.2292	1071.0000
264	0.5943	0.7938	0.4921	0.7708	0.1460	0.7770	35.8750	0.1333	1056.0000	241.0000	0.2282	1058.0000
265	0.5952	0.7933	0.4925	0.7580	0.1435	0.7696	36.7500	0.1367	1081.0000	248.0000	0.2294	1083.0000
266	0.6054	0.7938	0.4921	0.7753	0.1428	0.7710	37.0000	0.1343	1037.0000	242.0000	0.2334	1039.0000
267	0.6355	0.7867	0.4890	0.7678	0.1436	0.7830	36.3750	0.1161	1105.0000	241.0000	0.2181	1108.0000
268	0.6121	0.7971	0.4985	0.7659	0.1459	0.7710	36.5000	0.1299	1092.0000	239.0000	0.2189	1094.0000
269	0.5998	0.7850	0.4949	0.7652	0.1411	0.7705	36.3750	0.1218	1067.0000	246.0000	0.2306	1069.0000
270	0.6061	0.7977	0.4907	0.7758	0.1452	0.7835	36.2500	0.1326	1057.0000	242.0000	0.2289	1059.0000
271	0.6228	0.7867	0.4841	0.7612	0.1250	0.7613	36.5000	0.1218	1046.0000	254.0000	0.2428	1049.0000
272	0.5948	0.7922	0.4883	0.7499	0.1337	0.7677	36.6250	0.1422	1063.0000	253.0000	0.2380	1065.0000
273	0.5797	0.7922	0.4948	0.7676	0.1305	0.7569	36.3750	0.1652	1064.0000	257.0000	0.2415	1066.0000
274	0.5828	0.7900	0.4866	0.7579	0.1388	0.7734	36.6250	0.1307	1041.0000	239.0000	0.2296	1043.0000
275	0.5680	0.7806	0.4898	0.7693	0.1391	0.7727	36.3750	0.1305	1063.0000	242.0000	0.2277	1066.0000
276	0.5907	0.7977	0.4960	0.7697	0.1346	0.7753	36.6250	0.1391	1055.0000	247.0000	0.2341	1058.0000
277	0.6196	0.7834	0.4865	0.7724	0.1374	0.7677	37.0000	0.1307	1043.0000	242.0000	0.2320	1046.0000
278	0.5855	0.7872	0.4914	0.7700	0.1423	0.7585	36.6250	0.1507	1055.0000	242.0000	0.2294	1057.0000
279	0.6105	0.7878	0.4893	0.7673	0.1435	0.7615	36.0000	0.1273	1051.0000	243.0000	0.2312	1055.0000
280	0.6021	0.7812	0.4838	0.7595	0.1336	0.7722	36.6250	0.1258	1096.0000	238.0000	0.2172	1099.0000
281	0.5820	0.7839	0.4856	0.7820	0.1382	0.7712	36.6250	0.1471	1062.0000	245.0000	0.2307	1064.0000
282	0.5672	0.7977	0.4944	0.7814	0.1370	0.7602	36.7500	0.1591	1042.0000	256.0000	0.2457	1044.0000
283	0.6057	0.7878	0.4854	0.7734	0.1404	0.7866	36.5000	0.1092	1085.0000	233.0000	0.2147	1087.0000
284	0.5903	0.7845	0.4815	0.7634	0.1378	0.7583	36.0000	0.1687	1019.0000	245.0000	0.2404	1023.0000
285	0.6090	0.7861	0.4914	0.7649	0.1388	0.7744	36.1250	0.1427	1054.0000	251.0000	0.2381	1056.0000
286	0.6120	0.7911	0.4900	0.7512	0.1392	0.7781	36.1250	0.1386	1071.0000	256.0000	0.2390	1073.0000
287	0.6097	0.8032	0.4950	0.7705	0.1584	0.7741	36.1250	0.1207	1047.0000	250.0000	0.2388	1049.0000
288	0.6019	0.7889	0.4886	0.7713	0.1415	0.7555	36.8750	0.1543	1038.0000	250.0000	0.2408	1040.0000
289	0.5613	0.7741	0.4805	0.7766	0.1402	0.7707	35.6250	0.1432	1079.0000	249.0000	0.2308	1082.0000
290	0.5664	0.8021	0.4954	0.7718	0.1458	0.7833	36.5000	0.1529	1061.0000	239.0000	0.2253	1063.0000
291	0.5727	0.7900	0.4908	0.7548	0.1364	0.7495	36.7500	0.1545	1050.0000	266.0000	0.2533	1052.0000
292	0.6040	0.7752	0.4831	0.7605	0.1409	0.7698	36.3750	0.1282	1049.0000	246.0000	0.2345	1051.0000
293	0.5869	0.7927	0.4886	0.7730	0.1462	0.7778	36.5000	0.1277	1078.0000	238.0000	0.2208	1080.0000
294	0.6001	0.7938	0.5000	0.7584	0.1416	0.7674	36.2500	0.1397	1079.0000	248.0000	0.2298	1081.0000
295	0.6118	0.7911	0.4952	0.7739	0.1448	0.7789	36.2500	0.1290	1046.0000	247.0000	0.2361	1050.0000
296	0.6103	0.7916	0.4892	0.7584	0.1349	0.7522	36.2500	0.1443	1042.0000	257.0000	0.2466	1044.0000
297	0.5808	0.7850	0.4888	0.7630	0.1399	0.7662	36.2500	0.1425	1079.0000	256.0000	0.2373	1082.0000
298	0.5861	0.7894	0.4895	0.7709	0.1366	0.7715	36.2500	0.1329	1073.0000	239.0000	0.2227	1075.0000
299	0.6040	0.7933	0.4920	0.7578	0.1393	0.7738	36.8750	0.1473	1066.0000	246.0000	0.2308	1069.0000
300	0.5968	0.7839	0.4858	0.7636	0.1353	0.7590	36.6250	0.1280	1048.0000	247.0000	0.2357	1050.0000
301	0.5859	0.7949	0.4850	0.7506	0.1395	0.7756	36.7500	0.1368	1083.0000	239.0000	0.2207	1085.0000
302	0.6255	0.7878	0.4874	0.7602	0.1394	0.7740	36.2500	0.1421	1047.0000	252.0000	0.2407	1050.0000
303	0.6023	0.7856	0.4945	0.7522	0.1320	0.7620	36.6250	0.1417	1034.0000	251.0000	0.2427	1036.0000
304	0.5751	0.7790	0.4857	0.7656	0.1313	0.7750	36.2500	0.1301	1045.0000	238.0000	0.2278	1048.0000
305	0.5896	0.8021	0.4981	0.7744	0.1351	0.7681	36.2500	0.1521	1046.0000	249.0000	0.2380	1048.0000
306	0.5524	0.7916	0.4900	0.7568	0.1383	0.7623	36.1250	0.1614	1097.0000	248.0000	0.2261	1100.0000
307	0.5920	0.7861	0.4802	0.7765	0.1385	0.7818	36.6250	0.1191	1055.0000	234.0000	0.2218	1057.0000
308	0.5906	0.7839	0.4829	0.7749	0.1293	0.7706	36.6250	0.1516	1034.0000	244.0000	0.2360	1037.0000
309	0.6050	0.7817	0.4857	0.7637	0.1417	0.7714	36.3750	0.1149	1029.0000	243.0000	0.2362	1031.0000
310	0.5895	0.7806	0.4952	0.7740	0.1342	0.7745	36.0000	0.1327	1051.0000	231.0000	0.2198	1053.0000
311	0.5994	0.7927	0.4960	0.7797	0.1397	0.7832	36.2500	0.1282	1046.0000	238.0000	0.2275	1048.0000
312	0.6077	0.7999	0.4968	0.7816	0.1449	0.7740	36.5000	0.1343	1068.0000	252.0000	0.2360	1070.0000
313	0.6120	0.7900	0.4915	0.7742	0.1434	0.7783	36.5000	0.1155	1051.0000	244.0000	0.2322	1053.0000
314	0.5636	0.7817	0.4861	0.7755	0.1387	0.7628	36.2500	0.1591	1062.0000	244.0000	0.2298	1064.0000
315	0.5752	0.7883	0.4915	0.7680	0.1411	0.7698	36.8750	0.1402	1027.0000	244.0000	0.2376	1029.0000
316	0.5755	0.7839	0.4812	0.7778	0.1338	0.7697	36.3750	0.1371	1053.0000	247.0000	0.2346	1055.0000
317	0.5885	0.7988	0.4958	0.7829	0.1443	0.7764	36.6250	0.1351	1066.0000	247.0000	0.2317	1069.0000
318	0.5961	0.7823	0.4795	0.7666	0.1394	0.7726	36.3750	0.1492	1079.0000	240.0000	0.2224	1081.0000
319	0.6238	0.7867	0.4910	0.7597	0.1476	0.7860	36.1250	0.1450	1074.0000	239.0000	0.2225	1077.0000
320	0.5913	0.7944	0.4926	0.7673	0.1408	0.7643	36.8750	0.1314	1070.0000	253.0000	0.2364	1073.0000
321	0.5944	0.7927	0.4924	0.7498	0.1371	0.7688	36.7500	0.1628	1077.0000	251.0000	0.2331	1079.0000
322	0.6187	0.7900	0.4905	0.7835	0.1484	0.7849	36.1250	0.1205	1059.0000	234.0000	0.2210	1062.0000
323	0.5976	0.7933	0.4860	0.7634	0.1433	0.7719	36.5000	0.1399	1054.0000	239.0000	0.2268	1056.0000
324	0.6214	0.7938	0.4901	0.7699	0.1469	0.7894	36.7500	0.1211	1065.0000	241.0000	0.2263	1068.0000
325	0.5864	0.7878	0.4869	0.7827	0.1511	0.7775	37.0000	0.1599	1066.0000	244.0000	0.2289	1068.0000
326	0.5848	0.7894	0.4889	0.7700	0.1414	0.7732	36.8750	0.1247	1087.0000	249.0000	0.2291	1089.0000
327	0.5899	0.7834	0.4908	0.7724	0.1398	0.7615	36.6250	0.1355	1059.0000	242.0000	0.2285	1061.0000
328	0.5755	0.8032	0.4972	0.7627	0.1427	0.7641	36.6250	0.1302	1064.0000	250.0000	0.2350	1066.0000
329	0.5736	0.7867	0.4891	0.7766	0.1422	0.7679	36.2500	0.1500	1046.0000	245.0000	0.2342	1048.0000
330	0.6169	0.7971	0.4906	0.7810	0.1422	0.7640	36.6250	0.1685	1028.0000	254.0000	0.2471	1030.0000
331	0.5950	0.7966	0.4953	0.7611	0.1425	0.7748	36.8750	0.1370	1056.0000	248.0000	0.2348	1058.0000
332	0.6135	0.7867	0.4837	0.7731	0.1474	0.7797	36.2500	0.1352	1021.0000	238.0000	0.2331	1023.0000
333	0.6134	0.7801	0.4787	0.7740	0.1302	0.7889	36.7500	0.1155	1037.0000	236.0000	0.2276	1039.0000
334	0.5895	0.7845	0.4802	0.7641	0.1461	0.7591	36.2500	0.1546	1025.0000	247.0000	0.2410	1027.0000
335	0.5755	0.7982	0.4845	0.7649	0.1331	0.7700	36.3750	0.1662	1046.0000	243.0000	0.2323	1050.0000
336	0.5910	0.7938	0.4894	0.7687	0.1474	0.7647	37.0000	0.1421	1063.0000	254.0000	0.2389	1066.0000
337	0.5809	0.7900	0.4976	0.7686	0.1375	0.7641	36.2500	0.1336	1059.0000	253.0000	0.2389	1061.0000
338	0.5900	0.7922	0.4958	0.7739	0.1342	0.7674	36.5000	0.1478	1037.0000	240.0000	0.2314	1039.0000
339	0.6115	0.7856	0.4869	0.7537	0.1391	0.7719	35.8750	0.1320	1091.0000	245.0000	0.2246	1093.0000
340	0.5900	0.7949	0.4934	0.7567	0.1407	0.7741	36.2500	0.1206	1057.0000	248.0000	0.2346	1059.0000
341	0.6081	0.7927	0.4941	0.7724	0.1419	0.7762	36.1250	0.1455	1049.0000	247.0000	0.2355	1051.0000
342	0.5886	0.7834	0.4840	0.7795	0.1391	0.7674	36.5000	0.1357	1027.0000	245.0000	0.2386	1029.0000
343	0.5840	0.7927	0.4930	0.7633	0.1368	0.7711	36.2500	0.1570	1044.0000	248.0000	0.2375	1046.0000
344	0.6126	0.7894	0.4857	0.7707	0.1462	0.7858	36.3750	0.1309	1087.0000	244.0000	0.2245	1089.0000
345	0.5766	0.7982	0.4914	0.7712	0.1449	0.7658	36.5000	0.1450	1058.0000	244.0000	0.2306	1060.0000
346	0.5785	0.7927	0.4932	0.7663	0.1427	0.7670	36.1250	0.1454	1088.0000	247.0000	0.2270	1091.0000
347	0.5922	0.7790	0.4845	0.7713	0.1348	0.7704	36.1250	0.1361	1038.0000	241.0000	0.2322	1041.0000
348	0.5913	0.7861	0.4913	0.7716	0.1382	0.7763	36.0000	0.1375	1049.0000	242.0000	0.2307	1051.0000
349	0.5939	0.7856	0.4809	0.7732	0.1389	0.7754	36.6250	0.1378	1044.0000	244.0000	0.2337	1046.0000
350	0.5794	0.7960	0.5013	0.7716	0.1476	0.7622	36.6250	0.1549	1045.0000	244.0000	0.2335	1048.0000
351	0.6145	0.7856	0.4805	0.7773	0.1433	0.7744	36.7500	0.1131	1033.0000	242.0000	0.2343	1037.0000
352	0.6050	0.7894	0.4880	0.7748	0.1357	0.7746	36.5000	0.1312	1068.0000	244.0000	0.2285	1070.0000
353	0.5893	0.7911	0.4917	0.7751	0.1477	0.7783	36.3750	0.1274	1095.0000	242.0000	0.2210	1097.0000
354	0.5845	0.7828	0.4890	0.7712	0.1435	0.7740	36.3750	0.1298	1057.0000	244.0000	0.2308	1059.0000
355	0.5802	0.7850	0.4828	0.7600	0.1375	0.7674	36.1250	0.1547	1056.0000	253.0000	0.2396	1058.0000
356	0.5994	0.7955	0.4936	0.7629	0.1421	0.7708	36.0000	0.1421	1063.0000	246.0000	0.2314	1065.0000
357	0.5927	0.7889	0.4866	0.7634	0.1354	0.7797	36.0000	0.1493	1065.0000	246.0000	0.2310	1067.0000
358	0.6189	0.7905	0.4912	0.7775	0.1384	0.7800	36.1250	0.1190	1044.0000	239.0000	0.2289	1046.0000
359	0.5930	0.7757	0.4823	0.7773	0.1396	0.7654	36.3750	0.1419	1008.0000	241.0000	0.2391	1011.0000
360	0.6242	0.7856	0.4904	0.7696	0.1422	0.7684	36.5000	0.1452	1070.0000	247.0000	0.2308	1073.0000
361	0.6098	0.8010	0.4977	0.7709	0.1485	0.7655	36.8750	0.1559	1083.0000	246.0000	0.2271	1085.0000
362	0.6095	0.7938	0.4871	0.7583	0.1299	0.7516	36.6250	0.1482	1049.0000	251.0000	0.2393	1051.0000
363	0.5957	0.7856	0.4988	0.7650	0.1393	0.7679	36.5000	0.1389	1083.0000	255.0000	0.2355	1085.0000
364	0.5958	0.7916	0.4886	0.7520	0.1298	0.7539	36.2500	0.1425	1060.0000	251.0000	0.2368	1062.0000
365	0.6347	0.7977	0.4884	0.7759	0.1346	0.7736	36.1250	0.1247	1041.0000	239.0000	0.2296	1043.0000
366	0.6072	0.7867	0.4900	0.7542	0.1348	0.7741	36.3750	0.1230	1088.0000	245.0000	0.2252	1090.0000
367	0.6062	0.7938	0.4931	0.7629	0.1413	0.7675	36.6250	0.1235	1072.0000	249.0000	0.2323	1075.0000
368	0.5957	0.7911	0.4957	0.7618	0.1367	0.7559	35.7500	0.1539	1057.0000	253.0000	0.2394	1059.0000
369	0.5915	0.7867	0.4868	0.7608	0.1494	0.7678	36.7500	0.1506	1072.0000	246.0000	0.2295	1074.0000
370	0.5967	0.7889	0.4934	0.7736	0.1424	0.7601	36.5000	0.1645	1063.0000	251.0000	0.2361	1066.0000
371	0.5715	0.7944	0.4923	0.7752	0.1367	0.7749	37.0000	0.1274	1032.0000	242.0000	0.2345	1034.0000
372	0.5785	0.7938	0.4952	0.7541	0.1429	0.7550	36.1250	0.1607	1043.0000	251.0000	0.2407	1045.0000
373	0.5967	0.7922	0.4961	0.7705	0.1384	0.7755	36.8750	0.1427	1076.0000	244.0000	0.2268	1078.0000
374	0.5863	0.7894	0.4998	0.7748	0.1409	0.7853	36.6250	0.1412	1098.0000	242.0000	0.2204	1100.0000
375	0.6283	0.7812	0.4825	0.7829	0.1394	0.7609	36.7500	0.1285	1045.0000	250.0000	0.2392	1048.0000
376	0.6018	0.7911	0.4901	0.7720	0.1344	0.7722	36.3750	0.1246	1080.0000	245.0000	0.2269	1083.0000
377	0.6154	0.7916	0.4917	0.7648	0.1319	0.7503	36.2500	0.1418	1032.0000	254.0000	0.2461	1034.0000
378	0.6088	0.7883	0.4882	0.7640	0.1377	0.7680	36.5000	0.1204	1062.0000	245.0000	0.2307	1064.0000
379	0.5759	0.7922	0.4865	0.7743	0.1505	0.7891	36.0000	0.1291	1054.0000	230.0000	0.2182	1056.0000
380	0.5745	0.7977	0.4918	0.7710	0.1412	0.7737	36.2500	0.1389	1057.0000	243.0000	0.2299	1059.0000
381	0.6218	0.7971	0.4902	0.7723	0.1453	0.7722	36.2500	0.1277	1044.0000	251.0000	0.2404	1046.0000
382	0.5956	0.7900	0.4933	0.7704	0.1391	0.7780	36.5000	0.1319	1065.0000	238.0000	0.2235	1067.0000
383	0.5700	0.7894	0.4887	0.7681	0.1495	0.7739	36.6250	0.1509	1077.0000	240.0000	0.2228	1079.0000
384	0.5784	0.7933	0.4909	0.7595	0.1425	0.7795	36.3750	0.1427	1065.0000	231.0000	0.2169	1067.0000
385	0.5718	0.7933	0.4891	0.7742	0.1333	0.7738	36.2500	0.1425	1072.0000	242.0000	0.2257	1074.0000
386	0.5682	0.7856	0.4890	0.7892	0.1493	0.7698	35.8750	0.1322	1033.0000	243.0000	0.2352	1035.0000
387	0.5715	0.7784	0.4909	0.7781	0.1421	0.7780	36.5000	0.1335	1017.0000	237.0000	0.2330	1019.0000
388	0.5934	0.7900	0.4941	0.7693	0.1345	0.7771	36.5000	0.1386	1068.0000	245.0000	0.2294	1070.0000
389	0.5881	0.7905	0.4963	0.7595	0.1402	0.7622	35.8750	0.1252	1108.0000	255.0000	0.2301	1110.0000
390	0.6123	0.7977	0.4923	0.7861	0.1411	0.7728	36.3750	0.1269	1052.0000	242.0000	0.2300	1054.0000
391	0.5800	0.7933	0.4983	0.7705	0.1421	0.7782	36.5000	0.1490	1062.0000	246.0000	0.2316	1064.0000
392	0.5663	0.7960	0.4858	0.7672	0.1400	0.7613	36.8750	0.1603	1077.0000	259.0000	0.2405	1079.0000
393	0.6087	0.7927	0.4856	0.7756	0.1246	0.7663	36.3750	0.1273	1048.0000	243.0000	0.2319	1050.0000
394	0.5861	0.7867	0.4894	0.7766	0.1455	0.7803	36.2500	0.1415	1075.0000	235.0000	0.2186	1077.0000
395	0.5875	0.7806	0.4839	0.7657	0.1375	0.7618	36.6250	0.1422	1068.0000	242.0000	0.2266	1070.0000
396	0.5909	0.8004	0.4950	0.7782	0.1442	0.7788	36.3750	0.1461	1107.0000	242.0000	0.2186	1110.0000
397	0.5945	0.7993	0.4931	0.7721	0.1526	0.7735	36.3750	0.1295	1083.0000	244.0000	0.2253	1085.0000
398	0.5657	0.7861	0.4859	0.7660	0.1385	0.7684	36.1250	0.1470	1061.0000	249.0000	0.2347	1063.0000
399	0.5664	0.7845	0.4925	0.7574	0.1414	0.7667	36.6250	0.1441	1070.0000	245.0000	0.2290	1072.0000
400	0.5967	0.7763	0.4832	0.7643	0.1320	0.7713	36.6250	0.1258	1059.0000	242.0000	0.2285	1062.0000
401	0.6017	0.7867	0.4832	0.7647	0.1347	0.7600	36.2500	0.1194	1061.0000	250.0000	0.2356	1063.0000
402	0.5793	0.7977	0.4946	0.7560	0.1458	0.7723	36.1250	0.1478	1077.0000	250.0000	0.2321	1079.0000
403	0.6103	0.7938	0.4960	0.7747	0.1431	0.7727	36.2500	0.0990	1083.0000	245.0000	0.2262	1085.0000
404	0.6049	0.7850	0.4912	0.7652	0.1427	0.7719	36.8750	0.1302	1126.0000	248.0000	0.2202	1128.0000
405	0.5745	0.7960	0.4882	0.7725	0.1471	0.7732	36.6250	0.1422	1068.0000	250.0000	0.2341	1070.0000
406	0.5932	0.7938	0.4867	0.7686	0.1432	0.7783	36.0000	0.1355	1036.0000	232.0000	0.2239	1039.0000
407	0.6007	0.7872	0.4965	0.7704	0.1422	0.7884	36.8750	0.1236	1075.0000	229.0000	0.2130	1077.0000
408	0.5580	0.7752	0.4800	0.7755	0.1315	0.7699	36.6250	0.1524	1039.0000	240.0000	0.2310	1041.0000
409	0.6098	0.7960	0.4869	0.7587	0.1392	0.7716	36.5000	0.1364	1065.0000	251.0000	0.2357	1067.0000
410	0.5949	0.7872	0.4918	0.7613	0.1405	0.7721	36.3750	0.1333	1065.0000	241.0000	0.2263	1067.0000
411	0.6056	0.7839	0.4873	0.7660	0.1399	0.7695	36.5000	0.1303	1032.0000	247.0000	0.2393	1034.0000
412	0.6258	0.7949	0.4911	0.7728	0.1451	0.7866	36.6250	0.1118	1070.0000	240.0000	0.2243	1072.0000
413	0.6169	0.8026	0.5016	0.7694	0.1366	0.7706	36.5000	0.1199	1039.0000	254.0000	0.2445	1041.0000
414	0.5910	0.7883	0.4849	0.7686	0.1312	0.7689	36.2500	0.1155	1073.0000	243.0000	0.2265	1075.0000
415	0.5699	0.7933	0.4913	0.7633	0.1269	0.7647	36.2500	0.1548	1059.0000	256.0000	0.2417	1061.0000
416	0.5863	0.7889	0.4928	0.7597	0.1432	0.7668	36.1250	0.1255	1066.0000	247.0000	0.2317	1068.0000
417	0.5856	0.7960	0.4940	0.7884	0.1413	0.7799	36.2500	0.1257	1027.0000	238.0000	0.2317	1029.0000
418	0.6025	0.7867	0.4860	0.7724	0.1400	0.7821	36.1250	0.1240	1033.0000	234.0000	0.2265	1035.0000
419	0.6283	0.7927	0.4903	0.7794	0.1378	0.7783	36.1250	0.1438	1040.0000	245.0000	0.2356	1042.0000
420	0.6209	0.7988	0.4962	0.7618	0.1438	0.7703	36.5000	0.1251	1081.0000	251.0000	0.2322	1083.0000
421	0.6344	0.7933	0.4913	0.7670	0.1460	0.7743	36.2500	0.1222	1039.0000	253.0000	0.2435	1041.0000
422	0.5948	0.7955	0.4951	0.7547	0.1422	0.7612	36.2500	0.1441	1108.0000	253.0000	0.2283	1110.0000
423	0.6190	0.7949	0.4919	0.7607	0.1480	0.7784	36.6250	0.1206	1072.0000	243.0000	0.2267	1074.0000
424	0.6162	0.7817	0.4835	0.7692	0.1365	0.7697	36.2500	0.1281	1067.0000	242.0000	0.2268	1069.0000
425	0.5606	0.8004	0.5029	0.7588	0.1405	0.7610	36.6250	0.1260	1067.0000	260.0000	0.2437	1069.0000
426	0.6111	0.7933	0.4952	0.7661	0.1417	0.7790	36.8750	0.1233	1094.0000	242.0000	0.2212	1096.0000
427	0.6137	0.7993	0.4991	0.7779	0.1384	0.7819	36.5000	0.1128	1086.0000	235.0000	0.2164	1088.0000
428	0.5958	0.8015	0.5006	0.7666	0.1336	0.7759	36.1250	0.1301	1070.0000	240.0000	0.2243	1072.0000
429	0.6186	0.7894	0.4927	0.7677	0.1357	0.7667	36.6250	0.1476	1067.0000	245.0000	0.2296	1069.0000
430	0.5868	0.7938	0.4902	0.7758	0.1444	0.7706	35.8750	0.1544	1046.0000	247.0000	0.2361	1049.0000
431	0.5982	0.7839	0.4804	0.7761	0.1371	0.7738	36.1250	0.1276	1039.0000	238.0000	0.2291	1042.0000
432	0.5791	0.7988	0.4885	0.7710	0.1407	0.7838	36.5000	0.1378	1056.0000	238.0000	0.2254	1060.0000
433	0.6088	0.7960	0.4940	0.7591	0.1432	0.7747	36.3750	0.1318	1068.0000	246.0000	0.2303	1071.0000
434	0.5633	0.7922	0.4934	0.7701	0.1344	0.7769	36.2500	0.1312	1048.0000	246.0000	0.2347	1051.0000
435	0.6190	0.7850	0.4840	0.7762	0.1385	0.7921	36.2500	0.1079	1077.0000	235.0000	0.2182	1079.0000
436	0.6105	0.7850	0.4886	0.7926	0.1472	0.7884	36.3750	0.1346	1047.0000	228.0000	0.2178	1050.0000
437	0.6230	0.7828	0.4881	0.7790	0.1405	0.7828	36.5000	0.1315	1035.0000	232.0000	0.2242	1038.0000
438	0.5951	0.7845	0.4815	0.7641	0.1382	0.7605	36.3750	0.1602	1031.0000	250.0000	0.2425	1033.0000
439	0.6091	0.7878	0.4905	0.7642	0.1400	0.7602	36.6250	0.1381	1049.0000	251.0000	0.2393	1051.0000
440	0.5917	0.7911	0.4925	0.7671	0.1384	0.7755	36.5000	0.1458	1080.0000	246.0000	0.2278	1082.0000
441	0.6070	0.7905	0.4894	0.7614	0.1371	0.7791	36.1250	0.1299	1057.0000	239.0000	0.2261	1059.0000
442	0.5966	0.7922	0.4917	0.7685	0.1509	0.7662	36.3750	0.1562	1036.0000	246.0000	0.2375	1038.0000
443	0.6056	0.7933	0.4971	0.7678	0.1396	0.7610	36.0000	0.1516	1081.0000	257.0000	0.2377	1083.0000
444	0.5946	0.7834	0.4920	0.7770	0.1469	0.7779	36.1250	0.1301	1068.0000	235.0000	0.2200	1070.0000
445	0.5983	0.7894	0.4900	0.7590	0.1387	0.7608	36.2500	0.1337	1042.0000	251.0000	0.2409	1044.0000
446	0.6063	0.7916	0.4891	0.7667	0.1423	0.7846	36.0000	0.1309	1046.0000	239.0000	0.2285	1048.0000
447	0.5778	0.7883	0.4877	0.7796	0.1397	0.7805	36.0000	0.1259	1041.0000	244.0000	0.2344	1043.0000
448	0.6299	0.7752	0.4838	0.7675	0.1397	0.7782	36.1250	0.1148	1099.0000	240.0000	0.2184	1101.0000
449	0.5905	0.7922	0.4905	0.7621	0.1419	0.7655	36.7500	0.1364	1044.0000	253.0000	0.2423	1046.0000
450	0.5947	0.7905	0.4880	0.7634	0.1450	0.7668	37.0000	0.1555	1080.0000	256.0000	0.2370	1083.0000
451	0.5896	0.7872	0.4922	0.7775	0.1406	0.7680	36.3750	0.1665	1070.0000	236.0000	0.2206	1073.0000
452	0.6214	0.7856	0.4871	0.7769	0.1381	0.7809	36.5000	0.1282	1039.0000	242.0000	0.2329	1041.0000
453	0.6227	0.7779	0.4852	0.7706	0.1445	0.7723	35.8750	0.1148	1024.0000	238.0000	0.2324	1026.0000
454	0.5842	0.7938	0.4925	0.7615	0.1443	0.7592	36.0000	0.1419	1075.0000	255.0000	0.2372	1077.0000
455	0.6101	0.7856	0.4884	0.7555	0.1396	0.7721	36.3750	0.1279	1063.0000	246.0000	0.2314	1065.0000
456	0.5980	0.7911	0.4861	0.7651	0.1401	0.7619	36.3750	0.1446	1035.0000	250.0000	0.2415	1037.0000
457	0.5907	0.7834	0.4816	0.7728	0.1440	0.7809	36.8750	0.1398	1028.0000	235.0000	0.2286	1030.0000
458	0.6266	0.7752	0.4743	0.7665	0.1334	0.7657	36.0000	0.1301	1033.0000	249.0000	0.2410	1037.0000
459	0.5819	0.7784	0.4870	0.7662	0.1381	0.7565	36.2500	0.1496	1056.0000	250.0000	0.2367	1058.0000
460	0.6126	0.7949	0.4996	0.7736	0.1502	0.7771	36.3750	0.1303	1046.0000	242.0000	0.2314	1050.0000
461	0.6294	0.7905	0.4845	0.7647	0.1344	0.7778	36.5000	0.1237	1041.0000	236.0000	0.2267	1043.0000
462	0.6008	0.7861	0.4806	0.7727	0.1346	0.7713	35.8750	0.1362	1024.0000	240.0000	0.2344	1026.0000
463	0.6145	0.7839	0.4863	0.7650	0.1402	0.7749	36.3750	0.1340	1041.0000	241.0000	0.2315	1043.0000
464	0.6059	0.7867	0.4860	0.7846	0.1448	0.7884	36.3750	0.1299	1053.0000	234.0000	0.2222	1055.0000
465	0.5951	0.7850	0.4848	0.7603	0.1479	0.7745	36.0000	0.1381	1065.0000	244.0000	0.2291	1067.0000
466	0.5875	0.7878	0.4933	0.7610	0.1495	0.7602	36.3750	0.1399	1069.0000	249.0000	0.2329	1071.0000
467	0.5688	0.7944	0.4914	0.7472	0.1466	0.7672	36.7500	0.1512	1061.0000	249.0000	0.2347	1063.0000
468	0.5867	0.7971	0.4996	0.7548	0.1419	0.7662	36.5000	0.1305	1086.0000	257.0000	0.2366	1088.0000
469	0.5864	0.7795	0.4740	0.7816	0.1398	0.7690	36.6250	0.1489	1051.0000	241.0000	0.2293	1054.0000
470	0.6224	0.7889	0.4840	0.7723	0.1318	0.7673	36.5000	0.1368	1046.0000	238.0000	0.2275	1050.0000
471	0.6109	0.7982	0.5005	0.7704	0.1404	0.7671	36.3750	0.1431	1076.0000	250.0000	0.2323	1078.0000
472	0.5714	0.7889	0.4943	0.7760	0.1436	0.7704	36.3750	0.1499	1047.0000	247.0000	0.2359	1050.0000
473	0.5817	0.7894	0.4893	0.7625	0.1445	0.7813	36.5000	0.1318	1070.0000	242.0000	0.2262	1073.0000
474	0.5736	0.7905	0.4922	0.7765	0.1441	0.7708	36.6250	0.1376	1057.0000	249.0000	0.2356	1060.0000
475	0.6128	0.7911	0.4975	0.7629	0.1385	0.7645	36.2500	0.1337	1081.0000	253.0000	0.2340	1083.0000
476	0.6041	0.7922	0.4948	0.7674	0.1500	0.7691	36.2500	0.1425	1071.0000	250.0000	0.2334	1073.0000
477	0.6071	0.7872	0.4807	0.7780	0.1419	0.7752	35.7500	0.1393	1069.0000	249.0000	0.2329	1071.0000
478	0.6002	0.7966	0.4917	0.7619	0.1469	0.7611	36.7500	0.1614	1101.0000	255.0000	0.2316	1103.0000
479	0.5896	0.7905	0.4974	0.7831	0.1398	0.7868	36.2500	0.1335	1041.0000	243.0000	0.2334	1044.0000
480	0.5857	0.7828	0.4994	0.7715	0.1435	0.7828	36.6250	0.1328	1085.0000	234.0000	0.2157	1088.0000
481	0.5741	0.7779	0.4804	0.7679	0.1320	0.7615	36.7500	0.1410	1015.0000	245.0000	0.2414	1017.0000
482	0.5918	0.8021	0.5033	0.7675	0.1465	0.7685	36.5000	0.1352	1079.0000	245.0000	0.2271	1081.0000
483	0.6064	0.7916	0.4885	0.7662	0.1379	0.7667	36.5000	0.1555	1072.0000	248.0000	0.2313	1074.0000
484	0.5975	0.7900	0.4889	0.7758	0.1450	0.7848	36.5000	0.1134	1057.0000	238.0000	0.2252	1059.0000
485	0.6225	0.7845	0.4914	0.7602	0.1435	0.7809	36.5000	0.1397	1092.0000	236.0000	0.2161	1094.0000
486	0.5984	0.7872	0.4884	0.7775	0.1420	0.7703	36.1250	0.1265	1067.0000	246.0000	0.2306	1070.0000
487	0.6288	0.7834	0.4900	0.7799	0.1456	0.7800	36.7500	0.1240	1046.0000	233.0000	0.2228	1048.0000
488	0.5866	0.7845	0.4832	0.7641	0.1424	0.7688	36.7500	0.1381	1053.0000	246.0000	0.2336	1055.0000
489	0.5938	0.7960	0.4949	0.7737	0.1368	0.7694	36.1250	0.1375	1037.0000	248.0000	0.2392	1039.0000
490	0.6234	0.7867	0.4893	0.7780	0.1415	0.7751	36.2500	0.1261	1047.0000	240.0000	0.2292	1049.0000
491	0.6055	0.7927	0.4962	0.7758	0.1476	0.7651	36.2500	0.1488	1054.0000	243.0000	0.2306	1056.0000
492	0.5814	0.7878	0.4904	0.7737	0.1413	0.7693	36.1250	0.1521	1010.0000	245.0000	0.2426	1012.0000
493	0.5752	0.7927	0.4922	0.7589	0.1301	0.7755	36.6250	0.1484	1086.0000	246.0000	0.2265	1088.0000
494	0.5923	0.7911	0.4920	0.7583	0.1485	0.7821	36.3750	0.1516	1052.0000	240.0000	0.2281	1054.0000
495	0.5936	0.7839	0.4872	0.7668	0.1397	0.7711	36.2500	0.1341	1074.0000	240.0000	0.2235	1077.0000
496	0.6144	0.7955	0.4900	0.7662	0.1379	0.7727	36.5000	0.1282	1073.0000	245.0000	0.2283	1075.0000
497	0.6032	0.7883	0.4898	0.7714	0.1358	0.7709	36.3750	0.1397	1052.0000	251.0000	0.2386	1054.0000
498	0.6009	0.7850	0.4842	0.7737	0.1424	0.7965	36.6250	0.1151	1035.0000	228.0000	0.2203	1037.0000
499	0.5865	0.7768	0.4788	0.7716	0.1358	0.7825	36.3750	0.1209	1068.0000	238.0000	0.2228	1070.0000
500	0.5873	0.7784	0.4859	0.7673	0.1423	0.7671	36.0000	0.1317	1063.0000	245.0000	0.2305	1066.0000
501	0.5727	0.7944	0.4935	0.7587	0.1353	0.7770	36.2500	0.1449	1078.0000	240.0000	0.2226	1080.0000
502	0.6143	0.7916	0.4893	0.7741	0.1473	0.7752	36.5000	0.1431	1088.0000	241.0000	0.2215	1090.0000
503	0.6117	0.7955	0.4954	0.7605	0.1324	0.7773	36.1250	0.1180	1093.0000	245.0000	0.2242	1095.0000
504	0.6170	0.7900	0.4828	0.7785	0.1452	0.7711	36.5000	0.1358	1041.0000	240.0000	0.2305	1043.0000
505	0.5945	0.7856	0.4903	0.7677	0.1342	0.7517	36.5000	0.1657	1076.0000	254.0000	0.2361	1078.0000
506	0.5981	0.7982	0.4925	0.7641	0.1345	0.7554	36.8750	0.1257	1071.0000	258.0000	0.2409	1073.0000
507	0.6259	0.7834	0.4905	0.7677	0.1406	0.7845	36.2500	0.1043	1048.0000	239.0000	0.2281	1050.0000
508	0.6160	0.7889	0.4879	0.7715	0.1416	0.7614	36.2500	0.1226	1043.0000	256.0000	0.2454	1045.0000
509	0.5871	0.7850	0.4861	0.7656	0.1359	0.7666	36.6250	0.1602	1072.0000	249.0000	0.2323	1074.0000
510	0.5896	0.7757	0.4838	0.7727	0.1336	0.7704	35.8750	0.1272	1079.0000	234.0000	0.2169	1081.0000
511	0.6037	0.7894	0.4983	0.7639	0.1369	0.7651	36.6250	0.1404	1101.0000	250.0000	0.2271	1103.0000
512	0.6025	0.7839	0.4914	0.7644	0.1414	0.7684	36.2500	0.1369	1089.0000	249.0000	0.2287	1091.0000
513	0.5801	0.7861	0.4910	0.7686	0.1348	0.7680	36.2500	0.1368	1070.0000	249.0000	0.2327	1073.0000
514	0.5989	0.7889	0.4867	0.7834	0.1379	0.7815	36.6250	0.1201	1035.0000	224.0000	0.2164	1038.0000
515	0.5999	0.7922	0.4928	0.7822	0.1399	0.7932	36.7500	0.1165	1052.0000	235.0000	0.2234	1054.0000
516	0.5926	0.7938	0.4917	0.7693	0.1356	0.7658	36.3750	0.1379	1050.0000	247.0000	0.2352	1052.0000
517	0.6116	0.7889	0.4835	0.7614	0.1441	0.7731	36.0000	0.1422	1022.0000	244.0000	0.2387	1024.0000
518	0.5879	0.7850	0.4847	0.7773	0.1405	0.7737	36.7500	0.1340	1074.0000	242.0000	0.2253	1076.0000
519	0.5739	0.8004	0.4973	0.7637	0.1357	0.7659	36.6250	0.1481	1082.0000	251.0000	0.2320	1085.0000
520	0.6230	0.7839	0.4896	0.7750	0.1399	0.7678	36.1250	0.1618	996.0000	245.0000	0.2460	998.0000
521	0.5826	0.7845	0.4885	0.7691	0.1401	0.7652	36.0000	0.1247	1024.0000	233.0000	0.2275	1027.0000
522	0.5754	0.7922	0.4971	0.7720	0.1388	0.7809	36.2500	0.1301	1060.0000	236.0000	0.2226	1063.0000
523	0.6325	0.7878	0.4922	0.7594	0.1438	0.7669	36.6250	0.1348	1053.0000	242.0000	0.2298	1056.0000
524	0.5499	0.7828	0.4902	0.7525	0.1354	0.7547	36.3750	0.1809	1065.0000	251.0000	0.2357	1068.0000
525	0.5828	0.7795	0.4922	0.7672	0.1396	0.7760	35.8750	0.1530	1034.0000	237.0000	0.2292	1036.0000
526	0.6239	0.7977	0.4909	0.7772	0.1492	0.7804	36.7500	0.1366	1029.0000	239.0000	0.2323	1031.0000
527	0.6214	0.7795	0.4882	0.7672	0.1411	0.7815	36.3750	0.1124	1079.0000	235.0000	0.2178	1081.0000
528	0.5909	0.7889	0.4860	0.7707	0.1453	0.7772	36.7500	0.1378	1058.0000	242.0000	0.2287	1060.0000
529	0.5973	0.7971	0.4929	0.7675	0.1440	0.7641	36.7500	0.1399	1058.0000	247.0000	0.2335	1060.0000
530	0.6088	0.7916	0.4957	0.7878	0.1408	0.7663	36.3750	0.1314	1056.0000	236.0000	0.2235	1059.0000
531	0.5887	0.7856	0.4878	0.7791	0.1442	0.7878	36.5000	0.1236	1080.0000	226.0000	0.2093	1083.0000
532	0.6005	0.7883	0.4925	0.7664	0.1411	0.7770	36.0000	0.1511	1071.0000	246.0000	0.2297	1074.0000
533	0.6308	0.7828	0.4944	0.7640	0.1447	0.7652	36.2500	0.1322	1079.0000	252.0000	0.2335	1081.0000
534	0.5845	0.7812	0.4789	0.7640	0.1377	0.7661	36.7500	0.1385	1067.0000	243.0000	0.2277	1069.0000
535	0.5976	0.7889	0.4856	0.7651	0.1362	0.7693	36.6250	0.1323	1058.0000	253.0000	0.2391	1060.0000
536	0.5901	0.7752	0.4859	0.7690	0.1348	0.7812	36.3750	0.1358	985.0000	241.0000	0.2447	987.0000
537	0.5801	0.7872	0.4892	0.7639	0.1379	0.7772	36.6250	0.1206	1053.0000	236.0000	0.2241	1055.0000
538	0.6101	0.7933	0.4943	0.7743	0.1428	0.7699	36.3750	0.1322	1047.0000	247.0000	0.2359	1049.0000
539	0.6059	0.7817	0.4907	0.7611	0.1374	0.7745	36.6250	0.1318	1050.0000	237.0000	0.2257	1052.0000
540	0.6024	0.7966	0.4957	0.7706	0.1455	0.7860	36.6250	0.1101	1079.0000	239.0000	0.2215	1081.0000
541	0.5655	0.7779	0.4832	0.7680	0.1299	0.7579	36.3750	0.1642	998.0000	251.0000	0.2515	1000.0000
542	0.5842	0.7872	0.4908	0.7792	0.1427	0.7757	36.0000	0.1515	1019.0000	237.0000	0.2326	1021.0000
543	0.6336	0.7900	0.4927	0.7803	0.1456	0.7830	35.7500	0.1270	1072.0000	236.0000	0.2201	1074.0000
544	0.6160	0.7784	0.4802	0.7542	0.1360	0.7777	36.1250	0.1337	1075.0000	234.0000	0.2177	1078.0000
545	0.6103	0.8015	0.4995	0.7723	0.1474	0.7771	36.8750	0.1383	1063.0000	241.0000	0.2267	1066.0000
546	0.5804	0.7856	0.4926	0.7643	0.1434	0.7836	36.5000	0.1177	1063.0000	238.0000	0.2239	1066.0000
547	0.5727	0.7966	0.4979	0.7655	0.1405	0.7642	36.0000	0.1508	1062.0000	248.0000	0.2335	1065.0000
548	0.6007	0.7999	0.4936	0.7663	0.1468	0.7792	36.3750	0.1352	1082.0000	242.0000	0.2237	1084.0000
549	0.6139	0.7845	0.4936	0.7750	0.1485	0.7711	36.5000	0.1259	1061.0000	245.0000	0.2309	1063.0000
550	0.6030	0.7971	0.4982	0.7839	0.1432	0.7849	36.3750	0.1127	1048.0000	235.0000	0.2242	1050.0000
551	0.5817	0.7850	0.4909	0.7670	0.1439	0.7640	36.6250	0.1352	1070.0000	244.0000	0.2280	1072.0000
552	0.6219	0.7883	0.4935	0.7618	0.1432	0.7645	36.3750	0.1314	1066.0000	245.0000	0.2298	1068.0000
553	0.5704	0.7900	0.4855	0.7758	0.1435	0.7675	36.5000	0.1410	1069.0000	247.0000	0.2311	1071.0000
554	0.6090	0.7977	0.4981	0.7587	0.1363	0.7800	36.6250	0.1388	1034.0000	241.0000	0.2331	1036.0000
555	0.5998	0.7861	0.4849	0.7635	0.1394	0.7669	36.5000	0.1245	1064.0000	251.0000	0.2359	1066.0000
556	0.5817	0.7894	0.4917	0.7741	0.1388	0.7712	36.2500	0.1333	1054.0000	244.0000	0.2315	1056.0000
557	0.5756	0.7894	0.4890	0.7686	0.1447	0.7700	36.1250	0.1557	1055.0000	245.0000	0.2322	1057.0000
558	0.6076	0.7993	0.4936	0.7775	0.1447	0.7747	36.3750	0.1365	1048.0000	243.0000	0.2319	1050.0000
559	0.5864	0.7817	0.4836	0.7637	0.1375	0.7597	36.3750	0.1366	1054.0000	251.0000	0.2381	1057.0000
560	0.6102	0.7911	0.4894	0.7624	0.1480	0.7728	36.3750	0.1357	1059.0000	236.0000	0.2229	1062.0000
561	0.5910	0.7894	0.4870	0.7669	0.1414	0.7808	36.5000	0.1410	1072.0000	245.0000	0.2285	1075.0000
562	0.6004	0.7867	0.4821	0.7654	0.1425	0.7775	36.0000	0.1340	1052.0000	246.0000	0.2338	1054.0000
563	0.5541	0.7867	0.4932	0.7821	0.1334	0.7584	36.3750	0.1591	1074.0000	242.0000	0.2253	1076.0000
564	0.6079	0.7856	0.4888	0.7731	0.1375	0.7665	35.8750	0.1376	1056.0000	240.0000	0.2273	1058.0000
565	0.5771	0.7823	0.4890	0.7635	0.1362	0.7624	36.3750	0.1411	1080.0000	253.0000	0.2343	1082.0000
566	0.6010	0.7856	0.4938	0.7683	0.1353	0.7691	36.5000	0.1297	1073.0000	254.0000	0.2367	1075.0000
567	0.6039	0.7856	0.4889	0.7560	0.1396	0.7646	35.7500	0.1419	1067.0000	255.0000	0.2390	1070.0000
568	0.5864	0.7933	0.4917	0.7722	0.1387	0.7774	36.2500	0.1194	1075.0000	235.0000	0.2186	1077.0000
569	0.5723	0.7867	0.4917	0.7598	0.1364	0.7607	36.2500	0.1344	1110.0000	249.0000	0.2243	1112.0000
570	0.5626	0.7988	0.4960	0.7709	0.1485	0.7752	36.6250	0.1258	1057.0000	243.0000	0.2299	1059.0000
571	0.6074	0.7817	0.4913	0.7740	0.1363	0.7769	37.0000	0.1384	1064.0000	243.0000	0.2284	1066.0000
572	0.5739	0.7927	0.4890	0.7678	0.1394	0.7760	36.5000	0.1451	1068.0000	244.0000	0.2285	1071.0000
573	0.6064	0.7916	0.4935	0.7815	0.1365	0.7760	36.1250	0.1252	1040.0000	244.0000	0.2346	1044.0000
574	0.5982	0.7938	0.4859	0.7626	0.1354	0.7746	36.7500	0.1190	1046.0000	249.0000	0.2380	1048.0000
575	0.6037	0.7927	0.4876	0.7564	0.1425	0.7735	36.2500	0.1566	1043.0000	247.0000	0.2368	1046.0000
576	0.5756	0.7812	0.4904	0.7860	0.1380	0.7711	36.7500	0.1349	1041.0000	239.0000	0.2296	1043.0000
577	0.6244	0.7850	0.4889	0.7747	0.1337	0.7719	36.2500	0.1217	1042.0000	241.0000	0.2313	1045.0000
578	0.6012	0.7845	0.4897	0.7665	0.1418	0.7825	36.0000	0.1319	1062.0000	240.0000	0.2260	1064.0000
579	0.5888	0.7883	0.4846	0.7720	0.1489	0.7763	36.5000	0.1473	1069.0000	244.0000	0.2283	1072.0000
580	0.5807	0.7883	0.4898	0.7632	0.1351	0.7707	36.6250	0.1473	1061.0000	254.0000	0.2394	1063.0000
581	0.5853	0.7905	0.4867	0.7697	0.1415	0.7799	36.2500	0.1216	1101.0000	246.0000	0.2234	1103.0000
582	0.5996	0.7944	0.4893	0.7697	0.1411	0.7695	36.5000	0.1438	1034.0000	243.0000	0.2350	1036.0000
583	0.5961	0.7834	0.4837	0.7546	0.1349	0.7668	36.5000	0.1477	1043.0000	250.0000	0.2397	1046.0000
584	0.5917	0.7938	0.4962	0.7686	0.1392	0.7699	36.2500	0.1377	1088.0000	250.0000	0.2298	1090.0000
585	0.5804	0.7861	0.4883	0.7591	0.1280	0.7670	36.7500	0.1534	1031.0000	244.0000	0.2367	1034.0000
586	0.5611	0.7966	0.5031	0.7746	0.1479	0.7684	35.8750	0.1514	1073.0000	250.0000	0.2330	1075.0000
587	0.6061	0.7938	0.4846	0.7585	0.1467	0.7760	36.8750	0.1421	1046.0000	247.0000	0.2361	1048.0000
588	0.5795	0.7768	0.4821	0.7637	0.1381	0.7690	36.5000	0.1437	1038.0000	239.0000	0.2303	1041.0000
589	0.5969	0.7801	0.4882	0.7801	0.1347	0.7782	36.6250	0.1349	1068.0000	244.0000	0.2285	1070.0000
590	0.6121	0.7828	0.4889	0.7654	0.1396	0.7751	36.6250	0.1338	1056.0000	243.0000	0.2301	1058.0000
591	0.5727	0.7806	0.4809	0.7740	0.1350	0.7720	36.3750	0.1449	1009.0000	239.0000	0.2369	1011.0000
592	0.5819	0.7900	0.4917	0.7675	0.1426	0.7643	36.6250	0.1628	1069.0000	247.0000	0.2311	1072.0000
593	0.6117	0.7845	0.4897	0.7649	0.1435	0.7577	36.5000	0.1403	1060.0000	250.0000	0.2358	1063.0000
594	0.5950	0.7784	0.4893	0.7683	0.1441	0.7582	37.0000	0.1598	1009.0000	247.0000	0.2448	1011.0000
595	0.6099	0.7977	0.4886	0.7584	0.1373	0.7751	36.3750	0.1402	1051.0000	248.0000	0.2360	1053.0000
596	0.5995	0.7933	0.4880	0.7716	0.1443	0.7746	36.6250	0.1366	1025.0000	244.0000	0.2380	1027.0000
597	0.5823	0.7828	0.4882	0.7824	0.1415	0.7716	36.5000	0.1246	1058.0000	239.0000	0.2259	1061.0000
598	0.6018	0.7878	0.4901	0.7645	0.1319	0.7536	36.5000	0.1596	1026.0000	259.0000	0.2524	1028.0000
599	0.5787	0.7900	0.4915	0.7808	0.1416	0.7659	36.5000	0.1380	1036.0000	247.0000	0.2384	1039.0000
600	0.5677	0.7922	0.4959	0.7542	0.1286	0.7629	36.2500	0.1419	1111.0000	252.0000	0.2268	1114.0000
601	0.5749	0.7905	0.4847	0.7658	0.1524	0.7623	36.6250	0.1628	1078.0000	238.0000	0.2208	1080.0000
602	0.6126	0.7839	0.4865	0.7945	0.1482	0.7872	36.0000	0.1532	1002.0000	234.0000	0.2335	1004.0000
603	0.5890	0.7916	0.4915	0.7657	0.1371	0.7751	36.0000	0.1462	1082.0000	238.0000	0.2200	1084.0000
604	0.6196	0.7911	0.4932	0.7565	0.1467	0.7665	36.5000	0.1308	1083.0000	252.0000	0.2327	1086.0000
605	0.6143	0.7916	0.4888	0.7736	0.1335	0.7669	36.7500	0.1407	1028.0000	235.0000	0.2286	1031.0000
606	0.5946	0.7889	0.4886	0.7749	0.1398	0.7768	36.0000	0.1410	1054.0000	239.0000	0.2268	1056.0000
607	0.5874	0.7867	0.4819	0.7647	0.1407	0.7793	36.2500	0.1316	1049.0000	237.0000	0.2259	1051.0000
608	0.5890	0.7834	0.4832	0.7741	0.1392	0.7786	36.2500	0.1401	1039.0000	229.0000	0.2204	1041.0000
609	0.6052	0.7806	0.4926	0.7743	0.1324	0.7786	36.5000	0.1112	1036.0000	242.0000	0.2336	1039.0000
610	0.5943	0.7933	0.4915	0.7700	0.1442	0.7670	36.0000	0.1516	1070.0000	245.0000	0.2290	1072.0000
611	0.5938	0.7883	0.4883	0.7651	0.1314	0.7557	36.6250	0.1487	1043.0000	253.0000	0.2426	1045.0000
612	0.5937	0.7977	0.4955	0.7604	0.1455	0.7572	36.6250	0.1499	1061.0000	253.0000	0.2385	1064.0000
613	0.5938	0.7894	0.4933	0.7755	0.1442	0.7759	36.5000	0.1325	1076.0000	233.0000	0.2165	1078.0000
614	0.5936	0.7927	0.4903	0.7619	0.1405	0.7751	36.5000	0.1401	1056.0000	242.0000	0.2292	1058.0000
615	0.5593	0.7823	0.4961	0.7691	0.1484	0.7659	35.6250	0.1380	1046.0000	245.0000	0.2342	1049.0000
616	0.5948	0.7812	0.4892	0.7777	0.1429	0.7819	36.2500	0.1421	1033.0000	238.0000	0.2304	1035.0000
617	0.5900	0.7867	0.4910	0.7636	0.1437	0.7756	36.6250	0.1361	1062.0000	246.0000	0.2316	1065.0000
618	0.6024	0.7922	0.4845	0.7811	0.1342	0.7757	36.5000	0.1192	1019.0000	244.0000	0.2395	1021.0000
619	0.5832	0.7911	0.4905	0.7663	0.1511	0.7593	36.7500	0.1554	1058.0000	252.0000	0.2382	1060.0000
620	0.6055	0.7960	0.4918	0.7641	0.1485	0.7814	36.6250	0.1356	1072.0000	244.0000	0.2276	1074.0000
621	0.5992	0.7806	0.4878	0.7679	0.1390	0.7684	36.3750	0.1460	1035.0000	243.0000	0.2348	1037.0000
622	0.5873	0.7883	0.4896	0.7607	0.1362	0.7662	36.2500	0.1180	1068.0000	241.0000	0.2257	1070.0000
623	0.5681	0.7812	0.4874	0.7669	0.1311	0.7632	36.7500	0.1529	1073.0000	244.0000	0.2274	1075.0000
624	0.5821	0.7900	0.4937	0.7749	0.1442	0.7610	36.2500	0.1332	1028.0000	248.0000	0.2412	1030.0000
625	0.5822	0.7724	0.4694	0.7686	0.1296	0.7778	36.5000	0.1343	1025.0000	240.0000	0.2341	1027.0000
626	0.5814	0.7828	0.4849	0.7722	0.1393	0.7694	36.8750	0.1297	1077.0000	239.0000	0.2219	1080.0000
627	0.5966	0.7828	0.4883	0.7687	0.1367	0.7766	36.2500	0.1248	1054.0000	234.0000	0.2220	1056.0000
628	0.6270	0.7817	0.4848	0.7615	0.1326	0.7684	36.5000	0.1279	1057.0000	247.0000	0.2337	1059.0000
629	0.5899	0.7927	0.4897	0.7598	0.1452	0.7747	36.6250	0.1467	1049.0000	245.0000	0.2336	1052.0000
630	0.5837	0.7922	0.4928	0.7619	0.1337	0.7591	36.6250	0.1495	1062.0000	251.0000	0.2363	1064.0000
631	0.5814	0.7850	0.4936	0.7701	0.1429	0.7579	36.3750	0.1650	1072.0000	247.0000	0.2304	1074.0000
632	0.6162	0.7823	0.4939	0.7495	0.1418	0.7775	36.3750	0.1346	1068.0000	248.0000	0.2322	1070.0000
633	0.5801	0.7817	0.4872	0.7678	0.1375	0.7729	36.1250	0.1324	1048.0000	243.0000	0.2319	1050.0000
634	0.5879	0.7949	0.4908	0.7752	0.1514	0.7737	36.8750	0.1280	1097.0000	239.0000	0.2179	1099.0000
635	0.5822	0.7872	0.4866	0.7552	0.1446	0.7675	36.7500	0.1597	1095.0000	251.0000	0.2292	1097.0000
636	0.5759	0.7817	0.4871	0.7748	0.1427	0.7874	36.6250	0.1220	1072.0000	229.0000	0.2136	1074.0000
637	0.5560	0.7845	0.4812	0.7835	0.1458	0.7853	36.3750	0.1391	1031.0000	228.0000	0.2211	1034.0000
638	0.5846	0.7900	0.4948	0.7666	0.1460	0.7709	36.5000	0.1479	1100.0000	253.0000	0.2300	1103.0000
639	0.5965	0.7861	0.4868	0.7736	0.1430	0.7711	36.3750	0.1356	1068.0000	241.0000	0.2257	1070.0000
640	0.6067	0.7905	0.4843	0.7614	0.1432	0.7670	36.3750	0.1300	1073.0000	245.0000	0.2283	1075.0000
641	0.5815	0.7806	0.4887	0.7687	0.1308	0.7647	36.7500	0.1236	1028.0000	237.0000	0.2305	1030.0000
642	0.5858	0.7949	0.4952	0.7747	0.1485	0.7819	36.3750	0.1401	1047.0000	239.0000	0.2283	1049.0000
643	0.5800	0.7944	0.4940	0.7528	0.1426	0.7581	36.3750	0.1577	1080.0000	252.0000	0.2333	1082.0000
644	0.5908	0.7993	0.4914	0.7523	0.1422	0.7678	36.6250	0.1386	1088.0000	246.0000	0.2261	1090.0000
645	0.6266	0.7817	0.4841	0.7728	0.1321	0.7635	36.2500	0.1221	1027.0000	247.0000	0.2405	1029.0000
646	0.6163	0.7889	0.4910	0.7676	0.1357	0.7714	36.5000	0.1441	1057.0000	249.0000	0.2356	1059.0000
647	0.5918	0.7922	0.4815	0.7577	0.1482	0.7627	36.7500	0.1322	1071.0000	254.0000	0.2372	1073.0000
648	0.6050	0.7867	0.4880	0.7691	0.1420	0.7719	36.0000	0.1234	1034.0000	239.0000	0.2311	1036.0000
649	0.5939	0.7949	0.4962	0.7805	0.1450	0.7805	36.3750	0.1177	1090.0000	235.0000	0.2156	1092.0000
650	0.6081	0.7938	0.4879	0.7760	0.1403	0.7789	36.0000	0.1186	1085.0000	240.0000	0.2212	1087.0000
651	0.5956	0.7900	0.4911	0.7752	0.1407	0.7757	36.2500	0.1285	1091.0000	246.0000	0.2255	1093.0000
652	0.5580	0.7801	0.4809	0.7706	0.1325	0.7782	36.3750	0.1322	1039.0000	239.0000	0.2300	1041.0000
653	0.6061	0.8010	0.4973	0.7703	0.1361	0.7617	36.7500	0.1384	1072.0000	245.0000	0.2285	1074.0000
654	0.6022	0.7839	0.4914	0.7628	0.1338	0.7813	36.2500	0.1245	1080.0000	243.0000	0.2250	1083.0000
655	0.5857	0.7900	0.4931	0.7609	0.1403	0.7509	36.2500	0.1511	1060.0000	260.0000	0.2453	1062.0000
656	0.6129	0.7894	0.4989	0.7720	0.1449	0.7641	36.3750	0.1446	1074.0000	241.0000	0.2244	1076.0000
657	0.5915	0.7872	0.4922	0.7643	0.1346	0.7700	36.6250	0.1417	1088.0000	240.0000	0.2206	1092.0000
658	0.5813	0.7861	0.4856	0.7719	0.1366	0.7742	36.5000	0.1292	1019.0000	241.0000	0.2365	1021.0000
659	0.6112	0.7977	0.4954	0.7702	0.1393	0.7667	36.2500	0.1202	1051.0000	249.0000	0.2369	1054.0000
660	0.6193	0.7768	0.4843	0.7629	0.1294	0.7664	36.5000	0.1275	1032.0000	243.0000	0.2355	1034.0000
661	0.6085	0.7839	0.4908	0.7696	0.1350	0.7641	36.7500	0.1250	1050.0000	243.0000	0.2314	1053.0000
662	0.6067	0.7905	0.4924	0.7664	0.1414	0.7644	36.7500	0.1472	1055.0000	249.0000	0.2360	1057.0000
663	0.5797	0.7856	0.4824	0.7803	0.1397	0.7756	36.1250	0.1456	1021.0000	241.0000	0.2360	1023.0000
664	0.5992	0.7922	0.4890	0.7648	0.1473	0.7580	36.1250	0.1630	1017.0000	255.0000	0.2507	1019.0000
665	0.5891	0.7922	0.4909	0.7710	0.1363	0.7778	35.8750	0.1314	1080.0000	242.0000	0.2241	1082.0000
666	0.6347	0.7916	0.4863	0.7555	0.1389	0.7726	36.7500	0.1254	1062.0000	250.0000	0.2354	1064.0000
667	0.6176	0.7949	0.4931	0.7650	0.1387	0.7625	36.0000	0.1290	1068.0000	249.0000	0.2331	1071.0000
668	0.5971	0.7817	0.4784	0.7680	0.1418	0.7770	36.5000	0.1488	1045.0000	241.0000	0.2306	1047.0000
669	0.6046	0.7922	0.4865	0.7763	0.1332	0.7746	36.2500	0.1330	1065.0000	229.0000	0.2150	1068.0000
670	0.6065	0.7949	0.4921	0.7698	0.1411	0.7654	36.7500	0.1312	1071.0000	252.0000	0.2353	1073.0000
671	0.5744	0.7823	0.4857	0.7604	0.1418	0.7684	36.6250	0.1466	1028.0000	240.0000	0.2335	1030.0000
672	0.5670	0.7955	0.4902	0.7699	0.1406	0.7734	36.2500	0.1638	1046.0000	246.0000	0.2352	1048.0000
673	0.6060	0.7966	0.4922	0.7614	0.1356	0.7796	36.1250	0.1243	1051.0000	243.0000	0.2312	1053.0000
674	0.6256	0.7883	0.4937	0.7664	0.1382	0.7624	36.3750	0.1511	1046.0000	247.0000	0.2361	1048.0000
675	0.5814	0.7889	0.4824	0.7641	0.1368	0.7696	36.1250	0.1535	1034.0000	244.0000	0.2360	1036.0000
676	0.6139	0.7922	0.4928	0.7662	0.1375	0.7680	36.1250	0.1499	1078.0000	250.0000	0.2319	1081.0000
677	0.5699	0.7856	0.4809	0.7741	0.1315	0.7745	36.7500	0.1551	1015.0000	244.0000	0.2404	1017.0000
678	0.5455	0.7850	0.4895	0.7668	0.1328	0.7513	36.0000	0.1724	1039.0000	250.0000	0.2406	1041.0000
679	0.5972	0.7861	0.4886	0.7769	0.1433	0.7678	36.2500	0.1675	1048.0000	238.0000	0.2271	1050.0000
680	0.6013	0.7867	0.4899	0.7721	0.1441	0.7770	36.5000	0.1570	1025.0000	239.0000	0.2332	1027.0000
681	0.6334	0.7927	0.4848	0.7682	0.1416	0.7695	36.6250	0.1315	1070.0000	247.0000	0.2308	1072.0000
682	0.5738	0.7916	0.4928	0.7771	0.1452	0.7793	36.7500	0.1519	1053.0000	244.0000	0.2317	1056.0000
683	0.6136	0.7812	0.4881	0.7575	0.1435	0.7778	36.3750	0.1191	1061.0000	241.0000	0.2271	1063.0000
684	0.5536	0.7834	0.4889	0.7618	0.1455	0.7680	36.2500	0.1547	1044.0000	241.0000	0.2308	1046.0000
685	0.5769	0.7900	0.4943	0.7835	0.1322	0.7778	36.6250	0.1418	1054.0000	243.0000	0.2306	1057.0000
686	0.5688	0.7812	0.4829	0.7629	0.1449	0.7701	36.1250	0.1371	1062.0000	243.0000	0.2288	1065.0000
687	0.5707	0.7916	0.4935	0.7547	0.1389	0.7706	36.2500	0.1586	1085.0000	248.0000	0.2286	1087.0000
688	0.6095	0.7856	0.4873	0.7601	0.1370	0.7652	36.6250	0.1411	1080.0000	246.0000	0.2278	1083.0000
689	0.5985	0.7779	0.4867	0.7521	0.1493	0.7659	36.0000	0.1392	1060.0000	244.0000	0.2302	1062.0000
690	0.6084	0.7938	0.5015	0.7743	0.1465	0.7603	36.2500	0.1402	1053.0000	248.0000	0.2355	1055.0000
691	0.5971	0.7894	0.4925	0.7762	0.1331	0.7806	36.6250	0.1218	1053.0000	239.0000	0.2270	1055.0000
692	0.6013	0.7768	0.4919	0.7629	0.1328	0.7718	36.5000	0.1307	1051.0000	243.0000	0.2312	1053.0000
693	0.5883	0.7817	0.4827	0.7720	0.1374	0.7616	36.7500	0.1385	1029.0000	246.0000	0.2391	1031.0000
694	0.5817	0.7784	0.4919	0.7644	0.1329	0.7667	36.3750	0.1578	1049.0000	242.0000	0.2307	1051.0000
695	0.5856	0.7823	0.4875	0.7703	0.1334	0.7723	36.1250	0.1325	1020.0000	244.0000	0.2392	1022.0000
696	0.6184	0.7949	0.4932	0.7690	0.1456	0.7676	36.5000	0.1404	1074.0000	258.0000	0.2402	1076.0000
697	0.5985	0.7977	0.4937	0.7688	0.1423	0.7753	36.3750	0.1422	1030.0000	246.0000	0.2388	1032.0000
698	0.5619	0.7933	0.4948	0.7791	0.1370	0.7711	36.8750	0.1430	1058.0000	246.0000	0.2325	1061.0000
699	0.5755	0.7878	0.4829	0.7721	0.1316	0.7607	36.3750	0.1497	1060.0000	255.0000	0.2406	1062.0000
700	0.5899	0.7828	0.4899	0.7589	0.1426	0.7646	36.3750	0.1639	1029.0000	252.0000	0.2449	1031.0000
701	0.5856	0.7878	0.4870	0.7605	0.1358	0.7667	36.1250	0.1540	1052.0000	246.0000	0.2338	1055.0000
702	0.6011	0.7883	0.4821	0.7837	0.1481	0.7831	36.5000	0.1284	1066.0000	237.0000	0.2223	1069.0000
703	0.5915	0.7966	0.4896	0.7682	0.1426	0.7726	36.5000	0.1410	1085.0000	249.0000	0.2295	1087.0000
704	0.6251	0.7916	0.4936	0.7667	0.1429	0.7805	36.3750	0.1179	1068.0000	244.0000	0.2285	1070.0000
705	0.5926	0.7982	0.4926	0.7681	0.1381	0.7765	36.8750	0.1079	1045.0000	244.0000	0.2335	1047.0000
706	0.5917	0.7828	0.4863	0.7619	0.1396	0.7705	36.3750	0.1514	1067.0000	247.0000	0.2315	1069.0000
707	0.5769	0.7850	0.4915	0.7625	0.1353	0.7697	36.5000	0.1631	1037.0000	245.0000	0.2363	1040.0000
708	0.5819	0.7922	0.4918	0.7646	0.1407	0.7629	37.0000	0.1382	1074.0000	245.0000	0.2281	1076.0000
709	0.5885	0.7922	0.4941	0.7817	0.1509	0.7810	36.0000	0.1453	1056.0000	241.0000	0.2282	1059.0000
710	0.5854	0.7845	0.4910	0.7776	0.1423	0.7768	36.6250	0.1260	1085.0000	235.0000	0.2166	1087.0000
711	0.5977	0.7872	0.4834	0.7666	0.1455	0.7753	36.5000	0.1355	1091.0000	240.0000	0.2200	1094.0000
712	0.5854	0.7944	0.4957	0.7607	0.1392	0.7667	36.3750	0.1222	1064.0000	252.0000	0.2368	1067.0000
713	0.6067	0.7922	0.4926	0.7671	0.1378	0.7675	36.5000	0.1406	1027.0000	252.0000	0.2454	1029.0000
714	0.6005	0.7933	0.4971	0.7644	0.1318	0.7771	36.3750	0.1110	1111.0000	243.0000	0.2187	1113.0000
715	0.5711	0.7916	0.4892	0.7678	0.1488	0.7641	36.5000	0.1468	1094.0000	243.0000	0.2221	1096.0000
716	0.6013	0.7916	0.4915	0.7562	0.1408	0.7560	36.7500	0.1595	1063.0000	252.0000	0.2371	1065.0000
717	0.5967	0.7795	0.4881	0.7662	0.1461	0.7624	36.2500	0.1389	1079.0000	248.0000	0.2298	1081.0000
718	0.5704	0.7828	0.4891	0.7652	0.1422	0.7680	36.6250	0.1561	1092.0000	250.0000	0.2289	1094.0000
719	0.6123	0.7872	0.4935	0.7708	0.1513	0.7635	36.5000	0.1358	1062.0000	241.0000	0.2269	1065.0000
720	0.5818	0.7861	0.4908	0.7669	0.1414	0.7633	36.5000	0.1422	1055.0000	246.0000	0.2332	1057.0000
721	0.5820	0.7812	0.4795	0.7727	0.1378	0.7630	36.2500	0.1372	1048.0000	238.0000	0.2271	1050.0000
722	0.5968	0.7894	0.4885	0.7773	0.1418	0.7762	35.6250	0.1216	1052.0000	236.0000	0.2243	1054.0000
723	0.6195	0.7878	0.4916	0.7623	0.1437	0.7599	36.7500	0.1320	1050.0000	246.0000	0.2343	1052.0000
724	0.6055	0.7889	0.4916	0.7895	0.1494	0.7779	36.7500	0.1360	1053.0000	239.0000	0.2270	1055.0000
725	0.5809	0.7900	0.4952	0.7560	0.1492	0.7779	36.5000	0.1405	1088.0000	247.0000	0.2270	1091.0000
726	0.5974	0.7801	0.4911	0.7508	0.1378	0.7651	36.0000	0.1359	1094.0000	253.0000	0.2313	1097.0000
727	0.5774	0.7960	0.4914	0.7657	0.1381	0.7708	36.3750	0.1407	1039.0000	244.0000	0.2348	1041.0000
728	0.5992	0.7988	0.4957	0.7700	0.1439	0.7762	36.6250	0.1235	1058.0000	240.0000	0.2268	1060.0000
729	0.5798	0.7795	0.4923	0.7688	0.1441	0.7763	36.5000	0.1350	1049.0000	241.0000	0.2297	1052.0000
730	0.5851	0.7867	0.4829	0.7650	0.1409	0.7522	36.6250	0.1302	1056.0000	250.0000	0.2367	1058.0000
731	0.6072	0.7828	0.4838	0.7758	0.1399	0.7748	35.7500	0.1362	1013.0000	242.0000	0.2389	1015.0000
732	0.5688	0.7933	0.4951	0.7686	0.1471	0.7743	35.7500	0.1337	1076.0000	238.0000	0.2212	1078.0000
733	0.6076	0.7949	0.4986	0.7625	0.1406	0.7674	36.5000	0.1081	1081.0000	250.0000	0.2313	1083.0000
734	0.5725	0.7927	0.4820	0.7810	0.1385	0.7743	36.2500	0.1682	1008.0000	242.0000	0.2401	1010.0000
735	0.5959	0.7955	0.4975	0.7652	0.1519	0.7657	36.5000	0.1425	1089.0000	246.0000	0.2259	1091.0000
736	0.5952	0.7933	0.4992	0.7696	0.1555	0.7699	36.6250	0.1463	1071.0000	248.0000	0.2316	1073.0000
737	0.5796	0.7878	0.4925	0.7561	0.1367	0.7714	36.1250	0.1283	1061.0000	240.0000	0.2262	1063.0000
738	0.6232	0.7878	0.4931	0.7649	0.1315	0.7798	36.7500	0.1286	1082.0000	246.0000	0.2274	1084.0000
739	0.5802	0.7845	0.4812	0.7617	0.1451	0.7650	36.7500	0.1394	1016.0000	239.0000	0.2352	1018.0000
740	0.5762	0.7845	0.4925	0.7735	0.1400	0.7809	36.5000	0.1468	1050.0000	238.0000	0.2267	1052.0000
741	0.5797	0.7872	0.4897	0.7630	0.1397	0.7721	36.3750	0.1368	1026.0000	244.0000	0.2378	1028.0000
742	0.5893	0.7905	0.4919	0.7718	0.1399	0.7956	36.1250	0.1271	1101.0000	228.0000	0.2071	1103.0000
743	0.5940	0.7938	0.4993	0.7706	0.1482	0.7661	36.8750	0.1465	1067.0000	251.0000	0.2352	1070.0000
744	0.6198	0.7922	0.4917	0.7713	0.1298	0.7721	36.5000	0.1265	1076.0000	252.0000	0.2342	1079.0000
745	0.5943	0.7955	0.4830	0.7712	0.1426	0.7753	36.5000	0.1475	1030.0000	250.0000	0.2427	1032.0000
746	0.6125	0.7861	0.4942	0.7549	0.1458	0.7632	36.2500	0.1192	1076.0000	255.0000	0.2370	1079.0000
747	0.6132	0.7872	0.4874	0.7697	0.1453	0.7814	36.6250	0.1134	1039.0000	239.0000	0.2300	1041.0000
748	0.6108	0.7922	0.4949	0.7506	0.1420	0.7593	36.3750	0.1532	1074.0000	256.0000	0.2384	1076.0000
749	0.6270	0.7889	0.4804	0.7681	0.1427	0.7747	36.5000	0.1314	1041.0000	240.0000	0.2305	1043.0000
750	0.5967	0.7861	0.4867	0.7599	0.1472	0.7658	36.1250	0.1471	1059.0000	244.0000	0.2304	1061.0000
751	0.5710	0.7801	0.4916	0.7737	0.1422	0.7787	36.0000	0.1224	1055.0000	240.0000	0.2275	1057.0000
752	0.5808	0.7878	0.4813	0.7682	0.1334	0.7637	36.8750	0.1266	1029.0000	248.0000	0.2410	1031.0000
753	0.6053	0.7949	0.4937	0.7609	0.1403	0.7719	36.2500	0.1250	1066.0000	249.0000	0.2336	1068.0000
754	0.5999	0.7916	0.4837	0.7677	0.1321	0.7587	36.3750	0.1296	1067.0000	251.0000	0.2352	1069.0000
755	0.5694	0.7867	0.4952	0.7841	0.1415	0.7635	36.0000	0.1538	1034.0000	244.0000	0.2360	1037.0000
756	0.5994	0.7933	0.4939	0.7784	0.1396	0.7606	36.3750	0.1588	1040.0000	256.0000	0.2462	1042.0000
757	0.6039	0.7960	0.4895	0.7699	0.1411	0.7657	36.6250	0.1381	1060.0000	250.0000	0.2358	1062.0000
758	0.6034	0.7922	0.4893	0.7610	0.1431	0.7677	36.5000	0.1192	1087.0000	243.0000	0.2236	1089.0000
759	0.5981	0.7916	0.4938	0.7807	0.1440	0.7673	36.6250	0.1453	1065.0000	243.0000	0.2282	1067.0000
760	0.5860	0.7905	0.4863	0.7794	0.1340	0.7632	36.2500	0.1503	998.0000	242.0000	0.2425	1000.0000
761	0.5918	0.7889	0.4948	0.7722	0.1343	0.7696	36.2500	0.1326	1044.0000	244.0000	0.2337	1047.0000
762	0.5800	0.7900	0.4941	0.7752	0.1326	0.7689	36.2500	0.1538	1011.0000	237.0000	0.2344	1013.0000
763	0.6113	0.7878	0.4919	0.7771	0.1434	0.7804	36.3750	0.1140	1088.0000	237.0000	0.2178	1090.0000
764	0.5940	0.7828	0.4908	0.7878	0.1281	0.7612	36.8750	0.1378	1021.0000	243.0000	0.2380	1023.0000
765	0.5926	0.7861	0.4818	0.7754	0.1439	0.7663	36.8750	0.1448	1038.0000	252.0000	0.2428	1040.0000
766	0.5924	0.7834	0.4870	0.7770	0.1486	0.7772	36.3750	0.1341	1058.0000	230.0000	0.2174	1061.0000
767	0.6323	0.7856	0.4882	0.7794	0.1473	0.7850	36.1250	0.1321	1025.0000	237.0000	0.2312	1027.0000
768	0.6039	0.7861	0.4929	0.7610	0.1417	0.7634	36.3750	0.1394	1075.0000	254.0000	0.2363	1077.0000
769	0.5703	0.7911	0.4848	0.7738	0.1417	0.7663	36.1250	0.1537	1027.0000	243.0000	0.2366	1029.0000
770	0.6076	0.7856	0.4931	0.7651	0.1420	0.7753	36.2500	0.1337	1064.0000	240.0000	0.2256	1066.0000
771	0.6013	0.7889	0.4872	0.7655	0.1427	0.7584	36.3750	0.1604	1055.0000	252.0000	0.2389	1057.0000
772	0.6109	0.7856	0.4802	0.7766	0.1462	0.7837	36.6250	0.1012	1049.0000	235.0000	0.2240	1051.0000
773	0.5915	0.7977	0.4984	0.7719	0.1467	0.7723	36.6250	0.1432	1107.0000	248.0000	0.2240	1109.0000
774	0.5969	0.7850	0.4910	0.7745	0.1427	0.7736	36.0000	0.1261	1074.0000	241.0000	0.2244	1076.0000
775	0.5753	0.7839	0.4911	0.7610	0.1364	0.7638	36.7500	0.1414	1080.0000	243.0000	0.2250	1082.0000
776	0.5880	0.7883	0.4817	0.7603	0.1267	0.7534	36.2500	0.1343	1016.0000	247.0000	0.2431	1019.0000
777	0.6065	0.7894	0.4953	0.7541	0.1444	0.7566	36.7500	0.1429	1091.0000	258.0000	0.2365	1093.0000
778	0.5815	0.7911	0.4873	0.7755	0.1414	0.7666	36.3750	0.1407	1030.0000	248.0000	0.2408	1032.0000
779	0.6033	0.7839	0.4801	0.7711	0.1341	0.7703	36.7500	0.1289	1009.0000	242.0000	0.2398	1011.0000
780	0.6014	0.7927	0.4960	0.7662	0.1518	0.7736	36.3750	0.1455	1094.0000	240.0000	0.2194	1096.0000
781	0.5998	0.7955	0.4983	0.7571	0.1452	0.7652	36.3750	0.1502	1079.0000	248.0000	0.2298	1081.0000
782	0.5992	0.7839	0.4894	0.7813	0.1365	0.7753	36.3750	0.1445	1045.0000	244.0000	0.2335	1047.0000
783	0.5979	0.7894	0.4860	0.7628	0.1418	0.7776	36.2500	0.1293	1062.0000	242.0000	0.2279	1064.0000
784	0.6058	0.7806	0.4852	0.7473	0.1376	0.7625	35.8750	0.1299	1068.0000	252.0000	0.2360	1071.0000
785	0.6017	0.7960	0.4908	0.7673	0.1440	0.7583	36.6250	0.1583	1057.0000	255.0000	0.2412	1059.0000
786	0.5549	0.7850	0.4898	0.7579	0.1392	0.7629	36.0000	0.1587	1086.0000	243.0000	0.2238	1090.0000
787	0.6065	0.7911	0.4994	0.7842	0.1459	0.7821	36.3750	0.1460	1060.0000	243.0000	0.2292	1062.0000
788	0.5948	0.7889	0.4914	0.7496	0.1394	0.7737	36.1250	0.1583	1066.0000	253.0000	0.2373	1068.0000
789	0.5840	0.7982	0.4892	0.7798	0.1275	0.7645	36.5000	0.1275	1046.0000	253.0000	0.2419	1048.0000
790	0.5874	0.7933	0.4901	0.7778	0.1376	0.7701	36.7500	0.1478	1047.0000	240.0000	0.2292	1049.0000
791	0.6054	0.7872	0.4929	0.7688	0.1402	0.7762	36.1250	0.1322	1041.0000	238.0000	0.2286	1044.0000
792	0.6020	0.7955	0.4953	0.7735	0.1396	0.7649	36.6250	0.1278	1032.0000	249.0000	0.2413	1035.0000
793	0.5927	0.7905	0.4868	0.7758	0.1345	0.7815	36.3750	0.1241	1058.0000	240.0000	0.2268	1061.0000
794	0.5924	0.7911	0.4893	0.7664	0.1435	0.7844	36.3750	0.1298	1070.0000	241.0000	0.2252	1072.0000
795	0.6020	0.7911	0.4939	0.7744	0.1399	0.7664	36.3750	0.1415	1064.0000	248.0000	0.2331	1067.0000
796	0.5808	0.7817	0.4806	0.7688	0.1385	0.7630	36.7500	0.1415	1059.0000	241.0000	0.2276	1061.0000
797	0.6072	0.7900	0.4898	0.7756	0.1434	0.7815	36.7500	0.1214	1048.0000	245.0000	0.2338	1051.0000
798	0.6012	0.7894	0.4983	0.7557	0.1412	0.7603	36.6250	0.1326	1042.0000	251.0000	0.2409	1045.0000
799	0.5781	0.7812	0.4844	0.7609	0.1440	0.7692	36.3750	0.1504	1079.0000	255.0000	0.2363	1081.0000
800	0.6002	0.7878	0.4953	0.7645	0.1404	0.7737	36.1250	0.1419	1083.0000	242.0000	0.2235	1085.0000
801	0.5976	0.7872	0.4933	0.7849	0.1434	0.7802	35.8750	0.1340	1051.0000	235.0000	0.2236	1053.0000
802	0.5866	0.7839	0.4884	0.7650	0.1474	0.7682	36.7500	0.1350	1074.0000	251.0000	0.2337	1076.0000
803	0.6052	0.7878	0.4877	0.7609	0.1436	0.7646	36.5000	0.1333	1079.0000	243.0000	0.2252	1081.0000
804	0.5930	0.7927	0.4881	0.7858	0.1428	0.7905	36.0000	0.1337	1067.0000	237.0000	0.2221	1069.0000
805	0.5868	0.7861	0.4882	0.7647	0.1383	0.7601	36.6250	0.1391	1063.0000	243.0000	0.2286	1066.0000
806	0.5930	0.7856	0.4840	0.7555	0.1361	0.7762	36.6250	0.1285	1062.0000	237.0000	0.2232	1064.0000
807	0.5582	0.7922	0.4915	0.7658	0.1390	0.7548	36.3750	0.1560	1057.0000	249.0000	0.2356	1059.0000
808	0.5798	0.7944	0.4950	0.7715	0.1472	0.7805	36.7500	0.1442	1096.0000	241.0000	0.2199	1098.0000
809	0.6031	0.7905	0.5004	0.7808	0.1374	0.7765	36.7500	0.1511	1063.0000	239.0000	0.2248	1066.0000
810	0.5495	0.7878	0.4904	0.7744	0.1408	0.7738	36.1250	0.1402	1017.0000	248.0000	0.2439	1019.0000
811	0.5777	0.7927	0.4882	0.7567	0.1417	0.7725	36.7500	0.1377	1059.0000	240.0000	0.2266	1061.0000
812	0.5943	0.7933	0.4951	0.7492	0.1337	0.7660	37.1250	0.1419	1082.0000	247.0000	0.2283	1084.0000
813	0.5995	0.7916	0.4973	0.7741	0.1447	0.7800	36.0000	0.1330	1075.0000	238.0000	0.2214	1077.0000
814	0.5796	0.7944	0.4962	0.7489	0.1452	0.7635	36.3750	0.1440	1070.0000	246.0000	0.2299	1072.0000
815	0.5738	0.7988	0.4924	0.7499	0.1353	0.7558	36.2500	0.1472	1078.0000	261.0000	0.2421	1080.0000
816	0.5817	0.7966	0.4913	0.7654	0.1432	0.7775	36.5000	0.1478	1049.0000	248.0000	0.2364	1051.0000
817	0.5791	0.7938	0.4936	0.7737	0.1379	0.7856	36.6250	0.1295	1051.0000	240.0000	0.2284	1053.0000
818	0.5900	0.7872	0.4806	0.7601	0.1414	0.7752	36.2500	0.1514	1051.0000	241.0000	0.2293	1053.0000
819	0.5727	0.7889	0.4894	0.7730	0.1385	0.7669	36.2500	0.1408	1027.0000	250.0000	0.2434	1029.0000
820	0.6090	0.7944	0.4988	0.7656	0.1391	0.7723	36.3750	0.1363	1067.0000	244.0000	0.2287	1069.0000
821	0.6185	0.7883	0.5019	0.7644	0.1385	0.7686	36.0000	0.1317	1059.0000	250.0000	0.2361	1061.0000
822	0.5853	0.7933	0.4843	0.7669	0.1358	0.7618	36.3750	0.1446	1049.0000	252.0000	0.2402	1051.0000
823	0.5976	0.7883	0.4865	0.7698	0.1435	0.7751	36.1250	0.1342	1040.0000	244.0000	0.2346	1043.0000
824	0.5821	0.7861	0.4916	0.7825	0.1340	0.7682	36.5000	0.1471	1059.0000	246.0000	0.2323	1061.0000
825	0.5674	0.7850	0.4894	0.7684	0.1385	0.7601	36.5000	0.1576	1061.0000	246.0000	0.2319	1064.0000
826	0.5591	0.7839	0.4803	0.7690	0.1389	0.7651	36.3750	0.1563	1073.0000	242.0000	0.2255	1075.0000
827	0.6129	0.7883	0.4867	0.7559	0.1433	0.7645	36.3750	0.1244	1020.0000	250.0000	0.2451	1022.0000
828	0.6183	0.7889	0.4918	0.7618	0.1360	0.7775	36.1250	0.1225	1067.0000	244.0000	0.2287	1070.0000
829	0.5853	0.7823	0.4866	0.7646	0.1491	0.7707	36.6250	0.1386	1061.0000	236.0000	0.2224	1063.0000
830	0.5918	0.7900	0.4953	0.7810	0.1406	0.7742	36.3750	0.1405	1030.0000	249.0000	0.2417	1032.0000
831	0.5938	0.7883	0.4823	0.7706	0.1440	0.7693	36.5000	0.1289	1062.0000	248.0000	0.2335	1064.0000
832	0.5808	0.7933	0.4876	0.7616	0.1374	0.7635	36.6250	0.1515	1061.0000	248.0000	0.2337	1064.0000
833	0.6082	0.7916	0.4866	0.7784	0.1326	0.7665	35.8750	0.1325	1037.0000	247.0000	0.2382	1039.0000
834	0.5708	0.7999	0.4939	0.7652	0.1481	0.7675	36.0000	0.1460	1078.0000	245.0000	0.2273	1080.0000
835	0.5713	0.7889	0.4876	0.7647	0.1405	0.7724	36.7500	0.1606	1067.0000	241.0000	0.2259	1070.0000
836	0.5908	0.7834	0.4894	0.7723	0.1477	0.7699	36.0000	0.1368	1034.0000	243.0000	0.2350	1036.0000
837	0.6109	0.7795	0.4769	0.7594	0.1389	0.7635	36.5000	0.1307	1043.0000	254.0000	0.2435	1045.0000
838	0.6288	0.7938	0.4922	0.7678	0.1336	0.7728	36.8750	0.1214	1079.0000	242.0000	0.2243	1081.0000
839	0.5903	0.7861	0.4927	0.7658	0.1439	0.7614	36.6250	0.1404	1083.0000	250.0000	0.2308	1085.0000
840	0.5759	0.7911	0.4851	0.7746	0.1327	0.7705	36.1250	0.1439	1045.0000	244.0000	0.2335	1047.0000
841	0.5911	0.7839	0.4936	0.7704	0.1408	0.7688	36.6250	0.1352	1058.0000	240.0000	0.2268	1060.0000
842	0.6135	0.7999	0.4955	0.7646	0.1443	0.7754	36.0000	0.1237	1079.0000	253.0000	0.2345	1081.0000
843	0.5859	0.7933	0.4901	0.7708	0.1416	0.7674	36.3750	0.1453	1057.0000	248.0000	0.2346	1059.0000
844	0.6053	0.7850	0.4842	0.7671	0.1384	0.7684	36.3750	0.1434	1037.0000	247.0000	0.2382	1040.0000
845	0.6149	0.7966	0.4840	0.7828	0.1457	0.7817	36.6250	0.1340	1027.0000	243.0000	0.2366	1029.0000
846	0.5885	0.7916	0.4893	0.7707	0.1469	0.7790	36.5000	0.1350	1067.0000	236.0000	0.2212	1069.0000
847	0.6076	0.7922	0.4876	0.7622	0.1413	0.7664	36.5000	0.1287	1080.0000	246.0000	0.2278	1083.0000
848	0.6102	0.7927	0.4882	0.7634	0.1406	0.7598	36.2500	0.1415	1064.0000	251.0000	0.2359	1066.0000
849	0.5555	0.7839	0.4808	0.7586	0.1449	0.7526	35.6250	0.1728	1046.0000	254.0000	0.2428	1048.0000
850	0.6076	0.7883	0.4881	0.7725	0.1400	0.7705	35.6250	0.1357	1038.0000	237.0000	0.2283	1040.0000
851	0.5967	0.7889	0.4871	0.7588	0.1369	0.7628	36.5000	0.1451	1050.0000	249.0000	0.2371	1053.0000
852	0.5712	0.7839	0.4858	0.7604	0.1438	0.7704	36.7500	0.1255	1094.0000	248.0000	0.2267	1096.0000
853	0.6113	0.7911	0.4892	0.7699	0.1465	0.7745	36.5000	0.1243	1057.0000	247.0000	0.2337	1059.0000
854	0.6011	0.7828	0.4924	0.7667	0.1388	0.7661	36.2500	0.1223	1060.0000	250.0000	0.2358	1063.0000
855	0.6031	0.7900	0.4790	0.7591	0.1391	0.7641	36.8750	0.1435	1053.0000	246.0000	0.2336	1056.0000
856	0.5578	0.7845	0.4887	0.7662	0.1421	0.7686	36.0000	0.1390	1033.0000	240.0000	0.2323	1035.0000
857	0.5874	0.7905	0.4947	0.7683	0.1470	0.7643	36.6250	0.1625	1091.0000	261.0000	0.2392	1093.0000
858	0.5914	0.7774	0.4891	0.7636	0.1343	0.7808	35.7500	0.1259	1061.0000	237.0000	0.2234	1063.0000
859	0.6105	0.7823	0.4829	0.7779	0.1360	0.7731	36.3750	0.1292	1010.0000	238.0000	0.2356	1012.0000
860	0.5962	0.7911	0.4933	0.7692	0.1560	0.7877	36.5000	0.1185	1106.0000	236.0000	0.2134	1108.0000
861	0.5900	0.7894	0.4896	0.7672	0.1417	0.7598	36.5000	0.1764	1054.0000	249.0000	0.2362	1056.0000
862	0.5884	0.8026	0.4916	0.7714	0.1444	0.7672	36.3750	0.1481	1065.0000	243.0000	0.2282	1067.0000
863	0.5800	0.7823	0.4818	0.7699	0.1386	0.7686	36.7500	0.1489	1074.0000	245.0000	0.2281	1076.0000
864	0.6147	0.7812	0.4813	0.7657	0.1293	0.7759	36.2500	0.1210	1061.0000	255.0000	0.2403	1063.0000
865	0.6257	0.7999	0.4990	0.7660	0.1425	0.7745	36.2500	0.1262	1080.0000	243.0000	0.2250	1082.0000
866	0.6204	0.7966	0.4942	0.7632	0.1443	0.7603	36.6250	0.1535	1041.0000	254.0000	0.2440	1043.0000
867	0.5909	0.7905	0.4942	0.7602	0.1320	0.7689	36.3750	0.1596	1063.0000	248.0000	0.2333	1066.0000
868	0.5856	0.7872	0.4834	0.7666	0.1390	0.7677	36.5000	0.1502	1029.0000	245.0000	0.2381	1031.0000
869	0.6084	0.7916	0.4922	0.7715	0.1451	0.7807	36.3750	0.1238	1082.0000	233.0000	0.2153	1084.0000
870	0.6041	0.7894	0.4864	0.7563	0.1463	0.7591	35.8750	0.1568	1063.0000	249.0000	0.2342	1066.0000
871	0.6139	0.7922	0.4902	0.7689	0.1350	0.7770	36.1250	0.1167	1046.0000	248.0000	0.2371	1048.0000
872	0.6348	0.7944	0.4963	0.7660	0.1550	0.7689	36.8750	0.1392	1059.0000	246.0000	0.2323	1061.0000
873	0.6245	0.7922	0.4869	0.7710	0.1461	0.7707	36.7500	0.1033	1080.0000	256.0000	0.2370	1082.0000
874	0.6106	0.7933	0.4992	0.7635	0.1562	0.7672	36.1250	0.1264	1070.0000	247.0000	0.2308	1072.0000
875	0.5937	0.7911	0.4933	0.7670	0.1473	0.7774	35.8750	0.1420	1061.0000	235.0000	0.2215	1063.0000
876	0.5825	0.7999	0.4965	0.7628	0.1459	0.7780	36.2500	0.1304	1072.0000	241.0000	0.2248	1074.0000
877	0.5908	0.7856	0.4865	0.7541	0.1409	0.7631	36.6250	0.1405	1089.0000	253.0000	0.2323	1091.0000
878	0.5750	0.7763	0.4837	0.7724	0.1465	0.7820	36.6250	0.1523	1028.0000	229.0000	0.2228	1031.0000
879	0.5870	0.7867	0.4810	0.7653	0.1265	0.7674	36.1250	0.1503	1039.0000	252.0000	0.2425	1042.0000
880	0.6060	0.7834	0.4880	0.7617	0.1427	0.7608	37.0000	0.1301	1070.0000	249.0000	0.2327	1074.0000
881	0.6180	0.7949	0.4911	0.7653	0.1480	0.7711	36.0000	0.1170	1060.0000	251.0000	0.2368	1062.0000
882	0.6116	0.7894	0.4852	0.7641	0.1422	0.7646	36.6250	0.1421	1056.0000	239.0000	0.2263	1058.0000
883	0.5604	0.7883	0.4909	0.7634	0.1341	0.7680	36.2500	0.1482	1058.0000	243.0000	0.2297	1060.0000
884	0.5810	0.7856	0.4913	0.7574	0.1306	0.7690	36.5000	0.1533	1054.0000	244.0000	0.2315	1056.0000
885	0.5844	0.7845	0.4878	0.7738	0.1414	0.7647	36.5000	0.1480	1025.0000	238.0000	0.2322	1027.0000
886	0.6005	0.7900	0.4907	0.7723	0.1391	0.7624	35.8750	0.1470	1082.0000	252.0000	0.2329	1084.0000
887	0.5867	0.7806	0.4970	0.7684	0.1497	0.7773	36.0000	0.1180	1058.0000	237.0000	0.2240	1060.0000
888	0.5980	0.7883	0.4906	0.7682	0.1348	0.7688	36.6250	0.1172	1061.0000	239.0000	0.2253	1065.0000
889	0.5905	0.7905	0.4917	0.7624	0.1387	0.7711	36.2500	0.1568	1036.0000	248.0000	0.2394	1038.0000
890	0.6190	0.7955	0.4836	0.7729	0.1378	0.7731	36.7500	0.1396	1055.0000	255.0000	0.2417	1058.0000
891	0.6155	0.7900	0.4833	0.7636	0.1228	0.7730	36.3750	0.1197	1054.0000	238.0000	0.2258	1056.0000
892	0.6389	0.7845	0.4873	0.7834	0.1415	0.7736	36.6250	0.1328	1028.0000	236.0000	0.2296	1030.0000
893	0.6080	0.7905	0.4794	0.7757	0.1274	0.7772	36.6250	0.1277	1055.0000	234.0000	0.2218	1057.0000
894	0.6199	0.7834	0.4850	0.7496	0.1397	0.7741	36.3750	0.1414	1003.0000	242.0000	0.2413	1006.0000
895	0.5637	0.7774	0.4825	0.7679	0.1391	0.7620	36.2500	0.1568	1066.0000	243.0000	0.2280	1068.0000
896	0.5978	0.8076	0.4971	0.7702	0.1502	0.7797	36.1250	0.1152	1083.0000	245.0000	0.2262	1085.0000
897	0.6058	0.7806	0.4878	0.7793	0.1457	0.7858	36.2500	0.1180	1062.0000	232.0000	0.2185	1065.0000
898	0.5916	0.7883	0.4885	0.7657	0.1321	0.7640	36.7500	0.1526	1054.0000	253.0000	0.2400	1056.0000
899	0.5884	0.7911	0.4911	0.7684	0.1296	0.7632	35.8750	0.1347	1055.0000	254.0000	0.2408	1057.0000
900	0.6120	0.7889	0.4924	0.7706	0.1414	0.7850	36.3750	0.1287	1071.0000	237.0000	0.2213	1074.0000
901	0.6284	0.7828	0.4782	0.7823	0.1407	0.7910	36.5000	0.1229	1043.0000	233.0000	0.2234	1045.0000
902	0.5932	0.7922	0.4892	0.7586	0.1423	0.7719	36.2500	0.1451	1070.0000	245.0000	0.2290	1072.0000
903	0.5894	0.7927	0.4884	0.7564	0.1337	0.7669	36.2500	0.1313	1089.0000	241.0000	0.2213	1091.0000
904	0.6278	0.8026	0.4941	0.7896	0.1502	0.7904	36.2500	0.1276	1048.0000	243.0000	0.2319	1050.0000
905	0.6285	0.7933	0.4823	0.7782	0.1511	0.7859	36.5000	0.1131	1044.0000	244.0000	0.2337	1046.0000
906	0.6191	0.7938	0.4942	0.7741	0.1403	0.7722	37.0000	0.1216	1091.0000	252.0000	0.2310	1093.0000
907	0.5616	0.7872	0.4988	0.7806	0.1495	0.7779	36.5000	0.1373	1067.0000	238.0000	0.2231	1069.0000
908	0.6008	0.7834	0.4813	0.7758	0.1262	0.7609	36.7500	0.1480	1041.0000	258.0000	0.2478	1043.0000
909	0.5919	0.7905	0.4959	0.7689	0.1467	0.7738	36.5000	0.1405	1082.0000	240.0000	0.2218	1085.0000
910	0.6064	0.7839	0.4851	0.7720	0.1346	0.7735	35.8750	0.1299	1032.0000	244.0000	0.2364	1034.0000
911	0.6027	0.7894	0.4826	0.7688	0.1339	0.7715	36.6250	0.1203	1045.0000	247.0000	0.2364	1047.0000
912	0.6055	0.7850	0.4814	0.7683	0.1417	0.7583	36.3750	0.1423	1078.0000	248.0000	0.2301	1080.0000
913	0.5811	0.7911	0.4888	0.7777	0.1402	0.7815	36.1250	0.1446	1032.0000	243.0000	0.2355	1034.0000
914	0.5973	0.7944	0.4968	0.7595	0.1418	0.7658	36.3750	0.1519	1086.0000	245.0000	0.2256	1088.0000
915	0.5927	0.7790	0.4900	0.7642	0.1473	0.7872	36.6250	0.1400	1080.0000	240.0000	0.2222	1083.0000
916	0.5729	0.7933	0.4922	0.7478	0.1363	0.7633	36.6250	0.1268	1069.0000	248.0000	0.2320	1072.0000
917	0.5925	0.7905	0.4922	0.7802	0.1387	0.7676	36.6250	0.1441	1029.0000	250.0000	0.2430	1031.0000
918	0.6012	0.7834	0.4856	0.7588	0.1425	0.7898	36.5000	0.1179	1088.0000	230.0000	0.2114	1090.0000
919	0.5748	0.7834	0.4927	0.7694	0.1457	0.7707	36.3750	0.1571	1092.0000	248.0000	0.2271	1094.0000
920	0.5795	0.7823	0.4856	0.7663	0.1436	0.7846	36.6250	0.1280	1037.0000	237.0000	0.2285	1039.0000
921	0.5477	0.7834	0.4854	0.7635	0.1437	0.7614	36.3750	0.1556	1059.0000	247.0000	0.2332	1061.0000
922	0.5939	0.7900	0.4893	0.7667	0.1445	0.7799	35.8750	0.1485	1045.0000	240.0000	0.2297	1048.0000
923	0.6152	0.7839	0.4899	0.7712	0.1352	0.7745	36.3750	0.1263	1074.0000	245.0000	0.2281	1076.0000
924	0.5889	0.7916	0.4884	0.7625	0.1405	0.7559	36.3750	0.1524	1054.0000	254.0000	0.2410	1056.0000
925	0.5949	0.7861	0.4907	0.7701	0.1426	0.7782	36.1250	0.1184	1037.0000	234.0000	0.2257	1040.0000
926	0.6091	0.7933	0.4882	0.7665	0.1448	0.7695	36.3750	0.1395	1065.0000	250.0000	0.2347	1067.0000
927	0.6086	0.7823	0.4918	0.7718	0.1370	0.7847	36.6250	0.1040	1083.0000	234.0000	0.2161	1085.0000
928	0.5989	0.7872	0.4939	0.7656	0.1475	0.7705	36.1250	0.1326	1085.0000	245.0000	0.2258	1087.0000
929	0.5595	0.7845	0.4961	0.7697	0.1421	0.7637	36.7500	0.1622	1069.0000	245.0000	0.2292	1071.0000
930	0.5917	0.7927	0.4908	0.7751	0.1420	0.7724	36.6250	0.1446	1030.0000	253.0000	0.2456	1032.0000
931	0.5756	0.7872	0.4961	0.7715	0.1413	0.7711	36.0000	0.1407	1073.0000	242.0000	0.2255	1075.0000
932	0.5909	0.7883	0.4817	0.7613	0.1367	0.7698	36.2500	0.1127	1071.0000	244.0000	0.2278	1073.0000
933	0.5819	0.7872	0.4878	0.7619	0.1412	0.7636	36.5000	0.1518	1056.0000	247.0000	0.2339	1059.0000
934	0.5821	0.7839	0.4913	0.7728	0.1420	0.7907	36.2500	0.1220	1087.0000	237.0000	0.2180	1089.0000
935	0.5788	0.7905	0.4892	0.7606	0.1404	0.7714	36.3750	0.1390	1070.0000	247.0000	0.2308	1073.0000
936	0.5950	0.7850	0.4962	0.7724	0.1380	0.7747	36.8750	0.1326	1039.0000	237.0000	0.2281	1041.0000
937	0.5982	0.7757	0.4816	0.7836	0.1318	0.7832	37.0000	0.1085	1038.0000	233.0000	0.2245	1040.0000
938	0.6046	0.7861	0.4916	0.7712	0.1409	0.7656	36.2500	0.1292	1030.0000	245.0000	0.2379	1033.0000
939	0.5813	0.7949	0.4950	0.7785	0.1348	0.7839	36.2500	0.1460	1020.0000	242.0000	0.2373	1022.0000
940	0.6118	0.7894	0.4944	0.7684	0.1389	0.7695	36.7500	0.1395	1059.0000	248.0000	0.2342	1062.0000
941	0.6084	0.7889	0.4924	0.7749	0.1411	0.7741	36.3750	0.1459	1057.0000	238.0000	0.2252	1059.0000
942	0.5960	0.7872	0.4912	0.7722	0.1491	0.7756	36.3750	0.1416	1046.0000	247.0000	0.2361	1048.0000
943	0.5934	0.7916	0.4838	0.7731	0.1417	0.7684	36.3750	0.1379	1033.0000	245.0000	0.2372	1035.0000
944	0.5792	0.7790	0.4788	0.7772	0.1355	0.7548	36.3750	0.1473	1023.0000	244.0000	0.2385	1026.0000
945	0.5994	0.7850	0.4952	0.7770	0.1378	0.7702	36.7500	0.1398	1082.0000	249.0000	0.2301	1084.0000
946	0.5890	0.7922	0.4921	0.7686	0.1400	0.7640	36.2500	0.1338	1068.0000	239.0000	0.2238	1072.0000
947	0.5839	0.7828	0.4759	0.7794	0.1409	0.7664	36.6250	0.1397	997.0000	240.0000	0.2407	999.0000
948	0.5683	0.7790	0.4863	0.7545	0.1414	0.7632	36.5000	0.1715	1077.0000	255.0000	0.2368	1079.0000
949	0.5882	0.7861	0.4850	0.7755	0.1461	0.7876	36.3750	0.1149	1056.0000	233.0000	0.2206	1058.0000
950	0.5952	0.7894	0.4943	0.7578	0.1453	0.7701	36.7500	0.1354	1075.0000	252.0000	0.2344	1078.0000
951	0.5907	0.7867	0.4890	0.7856	0.1413	0.7802	35.7500	0.1228	1050.0000	238.0000	0.2267	1052.0000
952	0.5745	0.7850	0.4882	0.7716	0.1413	0.7711	36.6250	0.1252	1079.0000	245.0000	0.2271	1081.0000
953	0.6068	0.7955	0.4919	0.7749	0.1354	0.7754	36.6250	0.1331	1029.0000	239.0000	0.2323	1032.0000
954	0.6037	0.7922	0.4916	0.7558	0.1385	0.7636	36.7500	0.1511	1077.0000	245.0000	0.2275	1079.0000
955	0.5660	0.7944	0.4881	0.7686	0.1395	0.7722	36.1250	0.1402	1068.0000	246.0000	0.2303	1070.0000
956	0.5765	0.7861	0.4902	0.7695	0.1422	0.7650	36.5000	0.1446	1028.0000	242.0000	0.2354	1030.0000
957	0.6075	0.7817	0.4876	0.7746	0.1407	0.7615	36.7500	0.1266	1025.0000	244.0000	0.2380	1027.0000
958	0.5928	0.7861	0.4857	0.7558	0.1372	0.7756	36.2500	0.1379	1048.0000	246.0000	0.2347	1051.0000
959	0.5838	0.7856	0.4806	0.7516	0.1314	0.7749	36.1250	0.1441	1055.0000	242.0000	0.2294	1057.0000
960	0.5906	0.7894	0.4936	0.7628	0.1327	0.7492	36.0000	0.1672	1063.0000	257.0000	0.2418	1065.0000
961	0.6090	0.7861	0.4811	0.7643	0.1412	0.7627	36.8750	0.1400	1075.0000	246.0000	0.2288	1077.0000
962	0.5932	0.7834	0.4853	0.7561	0.1412	0.7675	36.3750	0.1264	1090.0000	254.0000	0.2330	1092.0000
963	0.5963	0.7889	0.4864	0.7820	0.1384	0.7720	36.7500	0.1369	1032.0000	242.0000	0.2345	1034.0000
964	0.5835	0.7867	0.4882	0.7577	0.1406	0.7597	36.1250	0.1473	1091.0000	246.0000	0.2255	1093.0000
965	0.5901	0.7872	0.4880	0.7778	0.1470	0.7791	36.2500	0.1455	1067.0000	235.0000	0.2202	1069.0000
966	0.6109	0.7889	0.4926	0.7672	0.1407	0.7626	36.5000	0.1467	1035.0000	254.0000	0.2454	1038.0000
967	0.5921	0.7856	0.4913	0.7646	0.1380	0.7582	36.1250	0.1450	1054.0000	245.0000	0.2324	1056.0000
968	0.5895	0.7933	0.4976	0.7578	0.1349	0.7723	36.5000	0.1403	1067.0000	249.0000	0.2334	1069.0000
969	0.6049	0.7823	0.4874	0.7774	0.1485	0.8004	36.6250	0.1413	1050.0000	231.0000	0.2200	1052.0000
970	0.6149	0.7878	0.4870	0.7608	0.1331	0.7734	36.2500	0.1260	1084.0000	247.0000	0.2279	1086.0000
971	0.5914	0.7905	0.4893	0.7687	0.1389	0.7646	36.3750	0.1300	1030.0000	252.0000	0.2447	1032.0000
972	0.5782	0.7911	0.4909	0.7656	0.1369	0.7779	36.8750	0.1465	1051.0000	238.0000	0.2265	1053.0000
973	0.6013	0.7889	0.4857	0.7770	0.1408	0.7677	36.7500	0.1373	1042.0000	246.0000	0.2361	1044.0000
974	0.5834	0.7850	0.4944	0.7622	0.1393	0.7598	36.0000	0.1406	1078.0000	246.0000	0.2282	1080.0000
975	0.5826	0.7922	0.4949	0.7798	0.1453	0.7715	36.7500	0.1549	1033.0000	237.0000	0.2294	1036.0000
976	0.6163	0.7774	0.4716	0.7686	0.1343	0.7735	36.7500	0.1412	1018.0000	233.0000	0.2289	1020.0000
977	0.6018	0.7894	0.4926	0.7685	0.1518	0.7757	36.2500	0.1259	1064.0000	244.0000	0.2293	1067.0000
978	0.5891	0.7784	0.4821	0.7533	0.1358	0.7659	36.7500	0.1482	1068.0000	246.0000	0.2303	1070.0000
979	0.5750	0.7867	0.4962	0.7732	0.1382	0.7669	36.2500	0.1417	1091.0000	242.0000	0.2218	1093.0000
980	0.5837	0.7911	0.4888	0.7579	0.1435	0.7529	35.6250	0.1477	1046.0000	254.0000	0.2428	1048.0000
981	0.6087	0.7784	0.4818	0.7745	0.1307	0.7716	36.5000	0.1242	1036.0000	239.0000	0.2307	1038.0000
982	0.6031	0.7867	0.4904	0.7725	0.1450	0.7661	36.3750	0.1362	1084.0000	243.0000	0.2242	1087.0000
983	0.6267	0.7916	0.4970	0.7679	0.1442	0.7864	35.8750	0.1296	1050.0000	240.0000	0.2286	1053.0000
984	0.6158	0.7861	0.4927	0.7713	0.1438	0.7691	36.6250	0.1425	1011.0000	247.0000	0.2443	1013.0000
985	0.5989	0.7790	0.4825	0.7648	0.1337	0.7717	36.5000	0.1315	1080.0000	244.0000	0.2259	1082.0000
986	0.6063	0.7905	0.4856	0.7623	0.1360	0.7640	36.5000	0.1540	1041.0000	249.0000	0.2392	1043.0000
987	0.5954	0.7889	0.4813	0.7696	0.1383	0.7711	36.7500	0.1609	1011.0000	242.0000	0.2394	1014.0000
988	0.6147	0.7845	0.4835	0.7656	0.1369	0.7623	36.0000	0.1508	997.0000	250.0000	0.2508	999.0000
989	0.5992	0.7988	0.5011	0.7583	0.1397	0.7714	36.1250	0.1295	1083.0000	248.0000	0.2290	1085.0000
990	0.6013	0.7916	0.4970	0.7668	0.1385	0.7543	36.2500	0.1360	1037.0000	253.0000	0.2440	1039.0000
991	0.6049	0.7955	0.4921	0.7670	0.1415	0.7689	36.3750	0.1359	1091.0000	253.0000	0.2319	1093.0000
992	0.6182	0.7927	0.4853	0.7801	0.1417	0.7698	36.5000	0.1334	1038.0000	242.0000	0.2331	1040.0000
993	0.6318	0.8032	0.4984	0.7544	0.1474	0.7808	36.7500	0.1222	1112.0000	247.0000	0.2221	1114.0000
994	0.5852	0.7889	0.4892	0.7595	0.1499	0.7644	36.6250	0.1502	1024.0000	234.0000	0.2285	1026.0000
995	0.5948	0.7905	0.4901	0.7755	0.1332	0.7649	36.1250	0.1282	1004.0000	249.0000	0.2480	1006.0000
996	0.5688	0.7856	0.4857	0.7779	0.1425	0.7804	36.2500	0.1380	1063.0000	237.0000	0.2230	1065.0000
997	0.5581	0.7878	0.4917	0.7712	0.1407	0.7749	36.5000	0.1444	1073.0000	245.0000	0.2283	1075.0000
998	0.6281	0.7774	0.4863	0.7864	0.1406	0.7748	35.8750	0.1333	1046.0000	237.0000	0.2266	1048.0000
999	0.5995	0.7795	0.4762	0.7639	0.1349	0.7719	36.6250	0.1267	1040.0000	249.0000	0.2394	1043.0000
1000	0.5770	0.7872	0.4834	0.7825	0.1331	0.7749	36.5000	0.1302	1031.0000	241.0000	0.2338	1033.0000
