accuracy	proportion	density	fuzziness	coverage	purity sounds	missing	csetsize	clusters	props	patterns predicted	predictable	removed	regular	purityx
1	0.6353	0.8340	0.4722	3.1372	0.2035	0.7797	36.7500	0.1350	4.9972	307.0000	0.2130	1443.0000	0.7418	362.0000	488.0000	0.9328	0.7958
2	0.5905	0.8153	0.4621	2.8835	0.1682	0.7917	37.0000	0.1374	4.6486	282.0000	0.2164	1305.0000	0.7172	350.0000	488.0000	0.9326	0.8116
3	0.5890	0.7960	0.4589	2.8276	0.1715	0.7916	37.0000	0.1122	4.2971	268.0000	0.2144	1253.0000	0.6967	340.0000	488.0000	0.9393	0.8035
4	0.6242	0.7922	0.4595	2.7451	0.1573	0.7860	35.8750	0.1076	4.2117	255.0000	0.2163	1181.0000	0.6680	326.0000	488.0000	0.9382	0.8057
5	0.6161	0.8015	0.4737	2.6748	0.1493	0.7833	36.1250	0.1156	4.1742	246.0000	0.2071	1190.0000	0.6824	333.0000	488.0000	0.9471	0.8056
6	0.5816	0.7872	0.4695	2.7870	0.1586	0.7860	36.1250	0.1248	3.9820	239.0000	0.2024	1183.0000	0.6824	333.0000	488.0000	0.9484	0.8013
7	0.6114	0.8026	0.4832	2.7143	0.1527	0.7765	37.0000	0.1397	4.1229	250.0000	0.2222	1127.0000	0.6168	301.0000	488.0000	0.9335	0.8124
8	0.6095	0.7878	0.4777	2.6473	0.1467	0.7848	36.6250	0.1374	4.1966	232.0000	0.2174	1069.0000	0.6045	295.0000	488.0000	0.9420	0.8096
9	0.6001	0.7812	0.4789	2.6255	0.1495	0.7711	36.6250	0.1412	4.0868	241.0000	0.2211	1092.0000	0.6373	311.0000	488.0000	0.9286	0.8131
10	0.5805	0.7911	0.4850	2.6374	0.1452	0.7778	36.3750	0.1274	4.0977	237.0000	0.2174	1092.0000	0.6291	307.0000	488.0000	0.9423	0.8141
11	0.6244	0.7845	0.4796	2.3930	0.1421	0.8011	36.8750	0.1182	4.1189	224.0000	0.2070	1084.0000	0.6721	328.0000	488.0000	0.9548	0.8274
12	0.5707	0.7867	0.4837	2.6727	0.1400	0.7672	36.8750	0.1382	4.0341	240.0000	0.2186	1100.0000	0.6619	323.0000	488.0000	0.9409	0.8094
13	0.6006	0.7883	0.4816	2.6276	0.1519	0.7815	36.5000	0.1370	4.0756	233.0000	0.2223	1050.0000	0.5963	291.0000	488.0000	0.9371	0.8154
14	0.5941	0.7938	0.4911	2.6026	0.1504	0.7810	36.7500	0.1528	4.0323	237.0000	0.2196	1082.0000	0.6352	310.0000	488.0000	0.9307	0.8143
15	0.5922	0.7861	0.4904	2.5010	0.1466	0.7751	36.2500	0.1489	4.3862	240.0000	0.2321	1036.0000	0.5943	290.0000	488.0000	0.9266	0.8248
16	0.6026	0.7982	0.4905	2.5201	0.1453	0.7803	36.5000	0.1172	4.2297	243.0000	0.2282	1067.0000	0.6066	296.0000	488.0000	0.9297	0.8169
17	0.6064	0.7856	0.4916	2.5991	0.1439	0.7726	36.1250	0.1476	4.2614	235.0000	0.2182	1080.0000	0.6270	306.0000	488.0000	0.9361	0.8152
18	0.5968	0.7922	0.4965	2.6152	0.1497	0.7749	36.6250	0.1486	4.0617	240.0000	0.2156	1115.0000	0.6311	308.0000	488.0000	0.9372	0.8097
19	0.5805	0.7916	0.4881	2.6186	0.1361	0.7757	36.3750	0.1485	4.2780	233.0000	0.2260	1033.0000	0.6045	295.0000	488.0000	0.9380	0.8237
20	0.6045	0.7894	0.4866	2.6008	0.1465	0.7896	36.1250	0.1280	4.2323	231.0000	0.2211	1047.0000	0.6086	297.0000	488.0000	0.9293	0.8193
21	0.5783	0.7944	0.4864	2.5994	0.1507	0.7759	36.0000	0.1347	4.0772	235.0000	0.2168	1086.0000	0.6373	311.0000	488.0000	0.9337	0.8066
22	0.5916	0.7900	0.4878	2.8040	0.1552	0.7612	36.1250	0.1431	3.7702	252.0000	0.2291	1102.0000	0.6332	309.0000	488.0000	0.9265	0.8125
23	0.6103	0.7905	0.4889	2.5055	0.1548	0.7906	36.8750	0.1314	4.2061	240.0000	0.2212	1088.0000	0.6066	296.0000	488.0000	0.9301	0.8200
24	0.6002	0.7971	0.4915	2.4956	0.1530	0.7786	36.8750	0.1325	4.1566	238.0000	0.2331	1023.0000	0.5758	281.0000	488.0000	0.9306	0.8294
25	0.6120	0.7768	0.4798	2.5987	0.1499	0.7781	36.1250	0.1197	4.1409	241.0000	0.2302	1049.0000	0.5963	291.0000	488.0000	0.9237	0.8185
26	0.5718	0.7779	0.4810	2.7051	0.1514	0.7724	36.6250	0.1401	4.0131	240.0000	0.2251	1068.0000	0.6250	305.0000	488.0000	0.9288	0.8133
27	0.5996	0.7955	0.4926	2.5303	0.1471	0.7805	36.0000	0.1335	4.2640	238.0000	0.2258	1056.0000	0.6209	303.0000	488.0000	0.9337	0.8184
28	0.6372	0.7933	0.4862	2.6410	0.1504	0.7907	36.6250	0.1187	4.1828	234.0000	0.2235	1050.0000	0.5943	290.0000	488.0000	0.9362	0.8176
29	0.6195	0.7861	0.4833	2.6437	0.1539	0.7824	36.8750	0.1357	4.0928	230.0000	0.2144	1075.0000	0.5963	291.0000	488.0000	0.9330	0.8123
30	0.6085	0.7922	0.4912	2.7679	0.1429	0.7799	36.5000	0.1463	4.0881	243.0000	0.2297	1060.0000	0.6045	295.0000	488.0000	0.9236	0.8223
31	0.5826	0.7878	0.4792	2.5717	0.1494	0.7876	36.3750	0.1356	4.1333	230.0000	0.2205	1046.0000	0.6148	300.0000	488.0000	0.9426	0.8219
32	0.5686	0.7878	0.4853	2.3898	0.1520	0.8024	36.3750	0.1137	4.1178	218.0000	0.2141	1021.0000	0.6086	297.0000	488.0000	0.9403	0.8274
33	0.5919	0.7927	0.4833	2.5531	0.1420	0.7835	35.8750	0.1231	4.0812	228.0000	0.2113	1083.0000	0.6311	308.0000	488.0000	0.9400	0.8139
34	0.6067	0.7949	0.4900	2.5796	0.1497	0.7916	36.2500	0.1461	4.1873	234.0000	0.2210	1061.0000	0.6127	299.0000	488.0000	0.9359	0.8270
35	0.5955	0.7944	0.4864	2.6981	0.1474	0.7688	36.3750	0.1426	4.1824	247.0000	0.2357	1050.0000	0.6066	296.0000	488.0000	0.9219	0.8157
36	0.5875	0.7916	0.4873	2.6242	0.1459	0.7754	36.1250	0.1338	4.1759	244.0000	0.2208	1107.0000	0.6639	324.0000	488.0000	0.9250	0.8085
37	0.5834	0.7834	0.4826	2.5925	0.1417	0.7793	36.3750	0.1387	4.0868	235.0000	0.2211	1065.0000	0.6373	311.0000	488.0000	0.9324	0.8128
38	0.5771	0.7850	0.4903	2.4465	0.1420	0.7754	36.3750	0.1329	4.1533	238.0000	0.2300	1037.0000	0.6148	300.0000	488.0000	0.9335	0.8260
39	0.6134	0.7993	0.4915	2.6442	0.1511	0.7800	36.3750	0.1402	4.1095	239.0000	0.2305	1040.0000	0.5799	283.0000	488.0000	0.9327	0.8166
40	0.5889	0.7883	0.4822	2.7111	0.1462	0.7790	36.5000	0.1332	4.0000	236.0000	0.2222	1066.0000	0.6660	325.0000	488.0000	0.9287	0.8206
41	0.5704	0.7889	0.4832	2.5675	0.1445	0.7805	35.8750	0.1521	4.1952	228.0000	0.2186	1045.0000	0.5984	292.0000	488.0000	0.9349	0.8139
42	0.5798	0.7834	0.4845	2.4771	0.1490	0.7866	36.5000	0.1193	4.1503	226.0000	0.2120	1069.0000	0.6270	306.0000	488.0000	0.9448	0.8192
43	0.6092	0.7889	0.4854	2.6626	0.1484	0.7852	35.8750	0.1234	4.1214	231.0000	0.2159	1073.0000	0.6414	313.0000	488.0000	0.9413	0.8156
44	0.5953	0.7823	0.4834	2.5498	0.1476	0.7912	36.3750	0.1207	3.9935	233.0000	0.2171	1075.0000	0.6270	306.0000	488.0000	0.9405	0.8169
45	0.5942	0.7817	0.4818	2.6717	0.1438	0.7730	36.5000	0.1363	4.0753	240.0000	0.2262	1063.0000	0.5984	292.0000	488.0000	0.9332	0.8192
46	0.5992	0.7867	0.4862	2.5635	0.1541	0.7939	36.5000	0.1309	4.0097	228.0000	0.2119	1079.0000	0.6311	308.0000	488.0000	0.9444	0.8182
47	0.5825	0.7872	0.4816	2.4752	0.1493	0.7607	36.7500	0.1533	4.2218	240.0000	0.2294	1048.0000	0.5820	284.0000	488.0000	0.9361	0.8226
48	0.5751	0.7823	0.4841	2.6393	0.1460	0.7932	36.2500	0.1522	4.0322	234.0000	0.2185	1073.0000	0.6373	311.0000	488.0000	0.9413	0.8210
49	0.5931	0.7850	0.4774	2.5838	0.1461	0.7937	36.1250	0.1393	4.0678	224.0000	0.2188	1026.0000	0.6045	295.0000	488.0000	0.9386	0.8315
50	0.5992	0.7889	0.4886	2.7045	0.1473	0.7725	36.2500	0.1542	3.9904	233.0000	0.2169	1076.0000	0.6373	311.0000	488.0000	0.9331	0.8089
51	0.5985	0.7867	0.4787	2.5829	0.1367	0.7802	36.3750	0.1677	4.0476	242.0000	0.2285	1062.0000	0.6025	294.0000	488.0000	0.9331	0.8141
52	0.5871	0.7867	0.4847	2.6118	0.1491	0.7786	36.6250	0.1496	4.1311	235.0000	0.2320	1015.0000	0.5471	267.0000	488.0000	0.9330	0.8221
53	0.5842	0.7812	0.4757	2.6282	0.1458	0.7772	36.5000	0.1243	4.0367	242.0000	0.2296	1057.0000	0.6148	300.0000	488.0000	0.9272	0.8235
54	0.6142	0.7916	0.4850	2.6489	0.1480	0.7820	36.7500	0.1192	4.0286	236.0000	0.2214	1068.0000	0.6455	315.0000	488.0000	0.9391	0.8144
55	0.6246	0.7955	0.4860	2.6052	0.1415	0.7830	36.8750	0.1418	4.1897	242.0000	0.2247	1079.0000	0.5943	290.0000	488.0000	0.9398	0.8146
56	0.5826	0.7971	0.4905	2.5624	0.1573	0.7858	36.8750	0.1325	4.2215	235.0000	0.2227	1058.0000	0.5922	289.0000	488.0000	0.9338	0.8203
57	0.5758	0.7801	0.4787	2.6101	0.1411	0.7840	35.8750	0.1442	4.2730	232.0000	0.2216	1049.0000	0.6230	304.0000	488.0000	0.9380	0.8191
58	0.5772	0.7812	0.4722	2.7054	0.1419	0.7830	36.3750	0.1417	4.0839	239.0000	0.2263	1059.0000	0.6107	298.0000	488.0000	0.9339	0.8163
59	0.6130	0.7922	0.4898	2.5621	0.1438	0.7815	36.5000	0.1358	4.0135	245.0000	0.2314	1062.0000	0.6066	296.0000	488.0000	0.9266	0.8167
60	0.5747	0.7878	0.4875	2.6877	0.1465	0.7744	36.6250	0.1287	4.1827	238.0000	0.2245	1063.0000	0.6168	301.0000	488.0000	0.9360	0.8176
61	0.5859	0.7883	0.4888	2.6517	0.1477	0.7792	36.7500	0.1311	4.0453	236.0000	0.2173	1088.0000	0.6332	309.0000	488.0000	0.9384	0.8164
62	0.6265	0.7861	0.4833	2.5826	0.1507	0.7948	36.7500	0.1136	4.0818	230.0000	0.2116	1090.0000	0.6516	318.0000	488.0000	0.9413	0.8204
63	0.5936	0.7845	0.4845	2.8022	0.1408	0.7754	36.5000	0.1316	4.0435	238.0000	0.2183	1092.0000	0.6598	322.0000	488.0000	0.9368	0.8085
64	0.5924	0.7955	0.4903	2.4530	0.1501	0.7869	36.6250	0.1244	3.9900	233.0000	0.2194	1064.0000	0.6148	300.0000	488.0000	0.9370	0.8188
65	0.5666	0.7861	0.4807	2.5340	0.1588	0.7872	36.6250	0.1326	3.9842	229.0000	0.2138	1073.0000	0.6475	316.0000	488.0000	0.9385	0.8132
66	0.5909	0.7966	0.4959	2.6713	0.1555	0.7833	36.5000	0.1360	4.3311	240.0000	0.2228	1080.0000	0.6004	293.0000	488.0000	0.9333	0.8107
67	0.5928	0.7872	0.4778	2.6097	0.1425	0.7774	36.5000	0.1374	4.0949	228.0000	0.2123	1076.0000	0.6475	316.0000	488.0000	0.9387	0.8074
68	0.5758	0.7933	0.4874	2.6158	0.1456	0.7704	36.8750	0.1483	4.1400	239.0000	0.2201	1088.0000	0.6148	300.0000	488.0000	0.9347	0.8211
69	0.5681	0.7795	0.4830	2.6793	0.1398	0.7796	36.5000	0.1277	3.7397	243.0000	0.2250	1082.0000	0.6455	315.0000	488.0000	0.9325	0.8079
70	0.5790	0.7966	0.4990	2.6664	0.1426	0.7772	36.6250	0.1316	4.1013	244.0000	0.2236	1094.0000	0.6270	306.0000	488.0000	0.9351	0.8136
71	0.5685	0.7927	0.4885	2.7037	0.1437	0.7848	36.3750	0.1622	4.1322	234.0000	0.2191	1070.0000	0.6045	295.0000	488.0000	0.9280	0.8276
72	0.6035	0.7872	0.4819	2.6043	0.1509	0.7878	35.8750	0.1195	4.1632	227.0000	0.2228	1021.0000	0.5902	288.0000	488.0000	0.9363	0.8213
73	0.6047	0.7922	0.4893	2.4456	0.1540	0.8030	36.3750	0.1164	4.2432	227.0000	0.2116	1075.0000	0.5984	292.0000	488.0000	0.9358	0.8209
74	0.5910	0.7850	0.4799	2.5994	0.1350	0.7837	36.3750	0.1466	4.0390	238.0000	0.2315	1031.0000	0.6311	308.0000	488.0000	0.9389	0.8265
75	0.5845	0.7905	0.4952	2.4863	0.1532	0.7833	36.5000	0.1433	4.1489	233.0000	0.2200	1061.0000	0.6332	309.0000	488.0000	0.9397	0.8291
76	0.5990	0.7922	0.4839	2.6393	0.1455	0.7822	36.5000	0.1392	4.0514	236.0000	0.2204	1073.0000	0.5984	292.0000	488.0000	0.9310	0.8216
77	0.5677	0.7795	0.4797	2.7948	0.1460	0.7717	36.1250	0.1416	3.9055	229.0000	0.2050	1121.0000	0.6721	328.0000	488.0000	0.9429	0.7995
78	0.6004	0.7856	0.4801	2.6100	0.1380	0.7873	36.5000	0.1363	4.0559	232.0000	0.2246	1036.0000	0.6230	304.0000	488.0000	0.9286	0.8124
79	0.5893	0.7850	0.4874	2.5062	0.1456	0.7794	36.5000	0.1404	4.1300	236.0000	0.2245	1053.0000	0.6148	300.0000	488.0000	0.9402	0.8234
80	0.5972	0.7850	0.4895	2.5649	0.1396	0.7822	36.8750	0.1115	4.2517	235.0000	0.2247	1048.0000	0.5943	290.0000	488.0000	0.9351	0.8188
81	0.5716	0.7971	0.4890	2.6073	0.1466	0.7686	36.6250	0.1583	4.1282	242.0000	0.2272	1067.0000	0.6393	312.0000	488.0000	0.9363	0.8213
82	0.6018	0.7839	0.4827	2.7255	0.1354	0.7791	36.2500	0.1239	4.0063	243.0000	0.2207	1104.0000	0.6537	319.0000	488.0000	0.9321	0.8077
83	0.5913	0.7828	0.4890	2.7341	0.1452	0.7696	36.2500	0.1447	4.2248	249.0000	0.2336	1068.0000	0.6107	298.0000	488.0000	0.9213	0.8198
84	0.6059	0.7922	0.4889	2.5019	0.1400	0.7823	36.0000	0.1305	4.0993	234.0000	0.2265	1036.0000	0.5779	282.0000	488.0000	0.9498	0.8238
85	0.5796	0.7856	0.4864	2.5096	0.1420	0.7825	36.1250	0.1374	4.2190	231.0000	0.2125	1089.0000	0.6455	315.0000	488.0000	0.9440	0.8175
86	0.6157	0.7856	0.4839	2.5313	0.1411	0.8004	36.3750	0.1195	4.0423	229.0000	0.2142	1071.0000	0.6291	307.0000	488.0000	0.9412	0.8155
87	0.5804	0.7856	0.4859	2.6457	0.1450	0.7723	36.5000	0.1446	4.1824	235.0000	0.2207	1067.0000	0.6291	307.0000	488.0000	0.9344	0.8160
88	0.5820	0.7911	0.4811	2.5088	0.1500	0.7782	36.0000	0.1389	4.0428	237.0000	0.2201	1079.0000	0.6230	304.0000	488.0000	0.9370	0.8069
89	0.6130	0.7801	0.4820	2.5054	0.1474	0.7891	36.3750	0.1025	4.0201	231.0000	0.2262	1023.0000	0.6127	299.0000	488.0000	0.9335	0.8154
90	0.5564	0.7724	0.4766	2.6397	0.1385	0.7813	36.5000	0.1364	4.0098	238.0000	0.2273	1049.0000	0.6270	306.0000	488.0000	0.9266	0.8154
91	0.5777	0.7867	0.4864	2.7932	0.1399	0.7711	37.1250	0.1362	4.1721	242.0000	0.2281	1064.0000	0.6311	308.0000	488.0000	0.9333	0.8074
92	0.5808	0.8004	0.4895	2.6871	0.1414	0.7793	37.0000	0.1380	4.0641	246.0000	0.2257	1093.0000	0.6393	312.0000	488.0000	0.9259	0.8147
93	0.6190	0.7845	0.4837	2.6143	0.1417	0.7717	36.3750	0.1360	4.1246	239.0000	0.2281	1050.0000	0.5758	281.0000	488.0000	0.9267	0.8235
94	0.5972	0.7845	0.4846	2.6198	0.1323	0.7922	36.5000	0.1249	3.9968	236.0000	0.2187	1081.0000	0.6352	310.0000	488.0000	0.9380	0.8159
95	0.5690	0.7812	0.4770	2.5339	0.1458	0.7649	36.2500	0.1516	3.9927	242.0000	0.2452	989.0000	0.5594	273.0000	488.0000	0.9302	0.8262
96	0.5919	0.7845	0.4851	2.5842	0.1536	0.7836	36.5000	0.1478	4.0283	231.0000	0.2083	1111.0000	0.6516	318.0000	488.0000	0.9388	0.8056
97	0.5528	0.7927	0.4938	2.6214	0.1442	0.7708	36.5000	0.1378	4.1730	237.0000	0.2170	1096.0000	0.6516	318.0000	488.0000	0.9370	0.8091
98	0.5738	0.7900	0.4865	2.7139	0.1417	0.7695	36.0000	0.1544	4.0450	239.0000	0.2205	1087.0000	0.6373	311.0000	488.0000	0.9384	0.8191
99	0.6011	0.7988	0.4918	2.7805	0.1398	0.7823	36.6250	0.1204	4.3074	243.0000	0.2236	1089.0000	0.5799	283.0000	488.0000	0.9302	0.8116
100	0.5885	0.7922	0.4922	2.6364	0.1556	0.7728	36.8750	0.1553	3.9818	237.0000	0.2137	1111.0000	0.6742	329.0000	488.0000	0.9343	0.8099
