accuracy	proportion	density	fuzziness	coverage	purity	sounds	missing	ubound	clusters	props	patterns
1	0.5408	0.6438	0.3448	0.7491	0.0991	0.7609	36.1250	0.1350	1033.0000	233.0000	0.2256	1036.0000
2	0.5237	0.6086	0.3451	0.7840	0.0890	0.7715	35.5000	0.1455	913.0000	189.0000	0.2070	918.0000
3	0.5497	0.5987	0.3534	0.8041	0.0872	0.7820	35.8750	0.1422	806.0000	179.0000	0.2221	808.0000
4	0.5131	0.5827	0.3554	0.8016	0.0816	0.7520	35.8750	0.1536	808.0000	181.0000	0.2240	811.0000
5	0.5219	0.5866	0.3564	0.7830	0.0819	0.7341	35.2500	0.1643	768.0000	185.0000	0.2409	771.0000
6	0.5240	0.5921	0.3712	0.7974	0.0857	0.7403	35.7500	0.1735	803.0000	179.0000	0.2229	806.0000
7	0.5629	0.5778	0.3653	0.7935	0.0860	0.7560	35.1250	0.1586	766.0000	170.0000	0.2219	770.0000
8	0.5078	0.5789	0.3559	0.7844	0.0858	0.7239	35.3750	0.1693	729.0000	182.0000	0.2497	735.0000
9	0.5325	0.5657	0.3494	0.8163	0.0778	0.7580	35.7500	0.1380	732.0000	170.0000	0.2322	734.0000
10	0.5250	0.5877	0.3539	0.8077	0.0822	0.7502	36.0000	0.1673	724.0000	172.0000	0.2376	727.0000
11	0.5106	0.5668	0.3551	0.8056	0.0846	0.7583	35.6250	0.1626	735.0000	169.0000	0.2299	740.0000
12	0.5165	0.5767	0.3578	0.7943	0.0793	0.7576	35.6250	0.1602	742.0000	170.0000	0.2291	748.0000
13	0.5168	0.5805	0.3587	0.8120	0.0834	0.7782	35.3750	0.1412	729.0000	158.0000	0.2167	731.0000
14	0.5012	0.5800	0.3513	0.7909	0.0904	0.7429	36.2500	0.1707	758.0000	174.0000	0.2296	760.0000
15	0.5185	0.5701	0.3441	0.8136	0.0809	0.7500	35.7500	0.1710	763.0000	169.0000	0.2215	769.0000
16	0.5346	0.5673	0.3496	0.8088	0.0798	0.7492	35.3750	0.1628	715.0000	173.0000	0.2420	720.0000
17	0.5254	0.5794	0.3545	0.8035	0.0815	0.7609	35.5000	0.1551	769.0000	165.0000	0.2146	773.0000
18	0.4924	0.5679	0.3543	0.7978	0.0818	0.7344	34.8750	0.1531	729.0000	177.0000	0.2428	734.0000
19	0.5229	0.5827	0.3550	0.8049	0.0839	0.7442	35.1250	0.1479	765.0000	172.0000	0.2248	768.0000
20	0.4849	0.5651	0.3597	0.8098	0.0814	0.7586	35.2500	0.1418	770.0000	168.0000	0.2182	773.0000
21	0.5420	0.5855	0.3492	0.8061	0.0806	0.7694	35.0000	0.1462	740.0000	157.0000	0.2122	744.0000
22	0.5373	0.5816	0.3672	0.8063	0.0800	0.7602	35.5000	0.1326	795.0000	169.0000	0.2126	797.0000
23	0.5274	0.5767	0.3626	0.8095	0.0909	0.7495	35.6250	0.1536	737.0000	175.0000	0.2374	739.0000
24	0.5414	0.5668	0.3500	0.8021	0.0792	0.7499	35.0000	0.1514	762.0000	174.0000	0.2283	766.0000
25	0.5508	0.5783	0.3534	0.8283	0.0883	0.7830	36.0000	0.1163	760.0000	162.0000	0.2132	762.0000
26	0.5162	0.5811	0.3467	0.7830	0.0761	0.7380	35.6250	0.1668	728.0000	172.0000	0.2363	733.0000
27	0.5249	0.5800	0.3571	0.7982	0.0821	0.7515	35.3750	0.1658	766.0000	177.0000	0.2311	769.0000
28	0.4767	0.5712	0.3674	0.8047	0.0787	0.7547	35.7500	0.1605	778.0000	179.0000	0.2301	781.0000
29	0.4939	0.5640	0.3450	0.7864	0.0784	0.7296	35.1250	0.1652	707.0000	179.0000	0.2532	713.0000
30	0.5266	0.5866	0.3625	0.7862	0.0777	0.7590	35.0000	0.1489	778.0000	174.0000	0.2237	784.0000
31	0.5265	0.5750	0.3504	0.8036	0.0780	0.7681	35.2500	0.1418	759.0000	165.0000	0.2174	764.0000
32	0.5107	0.5690	0.3475	0.8047	0.0771	0.7424	35.2500	0.1564	746.0000	167.0000	0.2239	748.0000
33	0.5689	0.5866	0.3577	0.8101	0.0839	0.7682	35.0000	0.1302	747.0000	174.0000	0.2329	750.0000
34	0.5326	0.5838	0.3594	0.8004	0.0811	0.7638	35.6250	0.1375	755.0000	164.0000	0.2172	760.0000
35	0.5233	0.5717	0.3577	0.8041	0.0889	0.7747	35.6250	0.1369	765.0000	178.0000	0.2327	768.0000
36	0.5497	0.5800	0.3485	0.8044	0.0807	0.7604	35.3750	0.1342	735.0000	177.0000	0.2408	737.0000
37	0.5394	0.5712	0.3386	0.7951	0.0873	0.7488	35.0000	0.1510	711.0000	163.0000	0.2293	713.0000
38	0.5427	0.5849	0.3548	0.8131	0.0833	0.7584	35.6250	0.1576	727.0000	175.0000	0.2407	731.0000
39	0.5455	0.5789	0.3634	0.7837	0.0860	0.7412	35.5000	0.1485	731.0000	175.0000	0.2394	738.0000
40	0.4950	0.5767	0.3594	0.8068	0.0876	0.7506	35.8750	0.1643	764.0000	178.0000	0.2330	766.0000
41	0.5423	0.5745	0.3676	0.8098	0.0896	0.7480	35.5000	0.1642	750.0000	183.0000	0.2440	755.0000
42	0.5539	0.5783	0.3627	0.8034	0.0882	0.7651	35.5000	0.1365	742.0000	172.0000	0.2318	746.0000
43	0.4910	0.5706	0.3595	0.8131	0.0804	0.7471	35.5000	0.1704	740.0000	169.0000	0.2284	744.0000
44	0.4970	0.5800	0.3627	0.7955	0.0817	0.7538	35.2500	0.1532	758.0000	169.0000	0.2230	762.0000
45	0.5156	0.5756	0.3625	0.7987	0.0806	0.7658	34.8750	0.1576	759.0000	175.0000	0.2306	762.0000
46	0.5159	0.5800	0.3548	0.8189	0.0862	0.7513	35.5000	0.1549	754.0000	177.0000	0.2347	756.0000
47	0.5314	0.5849	0.3672	0.7966	0.0900	0.7594	34.8750	0.1490	778.0000	172.0000	0.2211	780.0000
48	0.5028	0.5871	0.3658	0.7932	0.0896	0.7478	35.3750	0.1676	737.0000	178.0000	0.2415	740.0000
49	0.5210	0.5805	0.3589	0.7922	0.0839	0.7367	35.6250	0.1736	779.0000	180.0000	0.2311	781.0000
50	0.5301	0.5712	0.3446	0.7973	0.0841	0.7503	35.0000	0.1510	713.0000	168.0000	0.2356	717.0000
51	0.5358	0.5844	0.3447	0.7912	0.0799	0.7603	35.5000	0.1493	765.0000	172.0000	0.2248	768.0000
52	0.5331	0.5800	0.3547	0.8194	0.0829	0.7866	35.3750	0.1462	736.0000	155.0000	0.2106	740.0000
53	0.5133	0.5745	0.3515	0.7868	0.0794	0.7434	35.8750	0.1805	753.0000	175.0000	0.2324	755.0000
54	0.5116	0.5844	0.3520	0.8052	0.0810	0.7458	35.3750	0.1559	766.0000	168.0000	0.2193	771.0000
55	0.5245	0.5882	0.3559	0.8023	0.0839	0.7596	35.6250	0.1623	756.0000	177.0000	0.2341	759.0000
56	0.5506	0.5706	0.3637	0.8056	0.0872	0.7582	35.3750	0.1359	749.0000	174.0000	0.2323	753.0000
57	0.5211	0.5833	0.3586	0.8037	0.0811	0.7486	35.1250	0.1532	763.0000	173.0000	0.2267	768.0000
58	0.5447	0.5734	0.3579	0.8112	0.0870	0.7670	35.2500	0.1542	735.0000	165.0000	0.2245	740.0000
59	0.5404	0.5816	0.3509	0.8094	0.0891	0.7551	35.5000	0.1546	739.0000	172.0000	0.2327	741.0000
60	0.4991	0.5844	0.3746	0.7942	0.0856	0.7588	35.1250	0.1539	773.0000	174.0000	0.2251	777.0000
61	0.5456	0.5899	0.3612	0.8012	0.0853	0.7448	35.6250	0.1568	763.0000	179.0000	0.2346	766.0000
62	0.5145	0.5767	0.3451	0.7874	0.0818	0.7415	36.2500	0.1791	761.0000	177.0000	0.2326	763.0000
63	0.5120	0.5712	0.3375	0.7919	0.0805	0.7381	35.8750	0.1727	728.0000	177.0000	0.2431	733.0000
64	0.5378	0.5761	0.3471	0.7914	0.0813	0.7469	35.6250	0.1694	744.0000	178.0000	0.2392	752.0000
65	0.5620	0.5904	0.3736	0.7882	0.0921	0.7488	35.0000	0.1488	736.0000	178.0000	0.2418	739.0000
66	0.5113	0.5607	0.3372	0.8132	0.0761	0.7473	35.5000	0.1751	673.0000	165.0000	0.2452	679.0000
67	0.5164	0.5800	0.3417	0.8091	0.0791	0.7537	35.8750	0.1531	741.0000	174.0000	0.2348	744.0000
68	0.5065	0.5734	0.3512	0.7888	0.0779	0.7625	34.8750	0.1683	761.0000	164.0000	0.2155	766.0000
69	0.5148	0.5756	0.3663	0.8040	0.0844	0.7443	36.1250	0.1660	738.0000	176.0000	0.2385	743.0000
70	0.5030	0.5684	0.3490	0.7918	0.0780	0.7400	35.5000	0.1514	721.0000	165.0000	0.2288	726.0000
71	0.4833	0.5860	0.3729	0.7891	0.0856	0.7400	35.1250	0.1816	783.0000	188.0000	0.2401	785.0000
72	0.5006	0.5816	0.3583	0.8086	0.0849	0.7429	35.6250	0.1412	726.0000	180.0000	0.2479	732.0000
73	0.4977	0.5734	0.3376	0.8069	0.0813	0.7467	35.2500	0.1656	695.0000	167.0000	0.2403	698.0000
74	0.5236	0.5789	0.3475	0.7996	0.0852	0.7543	34.7500	0.1582	730.0000	176.0000	0.2411	732.0000
75	0.5362	0.5882	0.3571	0.8172	0.0856	0.7807	35.5000	0.1371	774.0000	163.0000	0.2106	777.0000
76	0.5128	0.5822	0.3621	0.7906	0.0779	0.7272	35.0000	0.1842	741.0000	191.0000	0.2578	746.0000
77	0.5345	0.5783	0.3484	0.7899	0.0803	0.7308	35.6250	0.1736	738.0000	176.0000	0.2385	742.0000
78	0.5102	0.5871	0.3688	0.8018	0.0848	0.7589	34.7500	0.1641	753.0000	168.0000	0.2231	755.0000
79	0.5193	0.5767	0.3558	0.7755	0.0814	0.7359	35.3750	0.1570	772.0000	177.0000	0.2293	777.0000
80	0.5289	0.5767	0.3568	0.8167	0.0841	0.7668	35.5000	0.1513	757.0000	167.0000	0.2206	759.0000
81	0.5121	0.5772	0.3598	0.8032	0.0827	0.7437	35.5000	0.1507	752.0000	175.0000	0.2327	758.0000
82	0.4979	0.5800	0.3509	0.7999	0.0791	0.7512	34.8750	0.1625	736.0000	168.0000	0.2283	741.0000
83	0.5686	0.5844	0.3543	0.8096	0.0857	0.7663	35.1250	0.1396	747.0000	167.0000	0.2236	750.0000
84	0.5566	0.5805	0.3494	0.8040	0.0879	0.7465	35.8750	0.1596	725.0000	169.0000	0.2331	728.0000
85	0.5480	0.5778	0.3548	0.8031	0.0827	0.7801	35.3750	0.1328	742.0000	159.0000	0.2143	746.0000
86	0.5367	0.5811	0.3505	0.8093	0.0904	0.7620	35.8750	0.1602	700.0000	178.0000	0.2543	702.0000
87	0.5242	0.5800	0.3523	0.8024	0.0761	0.7446	35.3750	0.1647	786.0000	171.0000	0.2176	793.0000
88	0.5389	0.5750	0.3481	0.7918	0.0780	0.7477	35.0000	0.1539	726.0000	173.0000	0.2383	728.0000
89	0.5132	0.5800	0.3599	0.8154	0.0839	0.7646	35.3750	0.1597	794.0000	172.0000	0.2166	799.0000
90	0.5404	0.5761	0.3624	0.7869	0.0823	0.7516	35.6250	0.1392	765.0000	178.0000	0.2327	768.0000
91	0.4923	0.5739	0.3518	0.7918	0.0781	0.7606	35.8750	0.1544	763.0000	174.0000	0.2280	770.0000
92	0.5075	0.5805	0.3517	0.7925	0.0829	0.7296	35.6250	0.1922	715.0000	184.0000	0.2573	718.0000
93	0.4923	0.5783	0.3522	0.8061	0.0816	0.7489	35.3750	0.1736	757.0000	170.0000	0.2246	760.0000
94	0.5236	0.5684	0.3557	0.7925	0.0824	0.7498	35.3750	0.1522	759.0000	171.0000	0.2253	761.0000
95	0.5373	0.5811	0.3484	0.8165	0.0806	0.7685	34.8750	0.1352	748.0000	166.0000	0.2219	752.0000
96	0.4904	0.5833	0.3640	0.7988	0.0822	0.7498	35.0000	0.1508	755.0000	170.0000	0.2252	757.0000
97	0.5116	0.5783	0.3572	0.8069	0.0809	0.7638	35.3750	0.1614	764.0000	164.0000	0.2147	769.0000
98	0.5189	0.5739	0.3584	0.8077	0.0818	0.7451	35.7500	0.1578	753.0000	175.0000	0.2324	758.0000
99	0.5107	0.5745	0.3495	0.8012	0.0751	0.7534	35.3750	0.1710	744.0000	169.0000	0.2272	752.0000
100	0.5330	0.5932	0.3560	0.8016	0.0869	0.7504	35.3750	0.1828	720.0000	175.0000	0.2431	725.0000
101	0.5235	0.5877	0.3717	0.8193	0.0848	0.7603	35.2500	0.1519	749.0000	173.0000	0.2310	755.0000
102	0.5467	0.5723	0.3458	0.8050	0.0831	0.7670	35.7500	0.1458	730.0000	168.0000	0.2301	732.0000
103	0.5391	0.5827	0.3593	0.7999	0.0832	0.7210	36.0000	0.1822	757.0000	190.0000	0.2510	759.0000
104	0.5361	0.5734	0.3576	0.8161	0.0772	0.7550	36.1250	0.1515	773.0000	165.0000	0.2135	779.0000
105	0.5343	0.5904	0.3627	0.8004	0.0855	0.7577	35.5000	0.1449	749.0000	174.0000	0.2323	752.0000
106	0.5206	0.5833	0.3587	0.7793	0.0820	0.7325	35.5000	0.1663	775.0000	179.0000	0.2310	780.0000
107	0.5553	0.5811	0.3591	0.8139	0.0796	0.7692	35.6250	0.1359	754.0000	167.0000	0.2215	760.0000
108	0.5269	0.5805	0.3524	0.8089	0.0915	0.7451	35.3750	0.1639	710.0000	178.0000	0.2507	713.0000
109	0.4935	0.5778	0.3534	0.8012	0.0824	0.7531	35.1250	0.1458	737.0000	173.0000	0.2347	739.0000
110	0.4871	0.5783	0.3605	0.7925	0.0814	0.7477	35.1250	0.1637	766.0000	179.0000	0.2337	773.0000
111	0.5204	0.5701	0.3503	0.7853	0.0845	0.7376	35.1250	0.1589	747.0000	174.0000	0.2329	751.0000
112	0.5218	0.5860	0.3619	0.7972	0.0830	0.7628	35.0000	0.1546	787.0000	175.0000	0.2224	790.0000
113	0.5163	0.5695	0.3439	0.7974	0.0795	0.7369	35.5000	0.1632	706.0000	175.0000	0.2479	710.0000
114	0.5201	0.5772	0.3590	0.7990	0.0820	0.7557	35.0000	0.1494	778.0000	165.0000	0.2121	782.0000
115	0.5512	0.5734	0.3557	0.8032	0.0835	0.7546	35.7500	0.1538	744.0000	175.0000	0.2352	747.0000
116	0.5051	0.5712	0.3542	0.7932	0.0836	0.7550	35.7500	0.1589	738.0000	172.0000	0.2331	741.0000
117	0.5479	0.5827	0.3576	0.8249	0.0880	0.7605	35.2500	0.1633	736.0000	169.0000	0.2296	741.0000
118	0.5003	0.5739	0.3553	0.7902	0.0810	0.7492	35.5000	0.1562	775.0000	178.0000	0.2297	781.0000
119	0.5052	0.5728	0.3529	0.7839	0.0767	0.7298	35.7500	0.1620	765.0000	186.0000	0.2431	773.0000
120	0.5122	0.5657	0.3431	0.7952	0.0768	0.7493	35.7500	0.1588	773.0000	178.0000	0.2303	777.0000
121	0.5217	0.5728	0.3452	0.8205	0.0886	0.7685	35.6250	0.1469	678.0000	166.0000	0.2448	681.0000
122	0.5209	0.5811	0.3383	0.7833	0.0812	0.7395	36.5000	0.1648	744.0000	175.0000	0.2352	749.0000
123	0.5416	0.5767	0.3494	0.8221	0.0872	0.7686	35.1250	0.1433	700.0000	160.0000	0.2286	703.0000
124	0.5442	0.5789	0.3585	0.8174	0.0869	0.7727	35.5000	0.1423	725.0000	165.0000	0.2276	727.0000
125	0.5120	0.5827	0.3585	0.8241	0.0822	0.7521	35.6250	0.1472	756.0000	176.0000	0.2328	758.0000
126	0.5452	0.5844	0.3670	0.8063	0.0837	0.7789	35.5000	0.1439	752.0000	170.0000	0.2261	756.0000
127	0.4975	0.5838	0.3571	0.7963	0.0840	0.7519	35.0000	0.1486	750.0000	179.0000	0.2387	754.0000
128	0.5247	0.5750	0.3637	0.8097	0.0823	0.7309	35.5000	0.1661	769.0000	173.0000	0.2250	771.0000
129	0.5153	0.5772	0.3489	0.7936	0.0801	0.7380	35.5000	0.1771	773.0000	184.0000	0.2380	775.0000
130	0.5437	0.5816	0.3548	0.7957	0.0830	0.7448	36.5000	0.1636	766.0000	181.0000	0.2363	770.0000
131	0.5306	0.5783	0.3674	0.8053	0.0881	0.7343	35.7500	0.1745	746.0000	180.0000	0.2413	750.0000
132	0.5293	0.5756	0.3625	0.8160	0.0817	0.7555	35.3750	0.1512	758.0000	166.0000	0.2190	763.0000
133	0.5389	0.5849	0.3631	0.8048	0.0860	0.7345	35.6250	0.1650	726.0000	178.0000	0.2452	729.0000
134	0.5236	0.5822	0.3609	0.7947	0.0825	0.7527	36.2500	0.1611	782.0000	176.0000	0.2251	787.0000
135	0.4987	0.5679	0.3545	0.8015	0.0814	0.7410	35.5000	0.1506	737.0000	175.0000	0.2374	740.0000
136	0.5052	0.5855	0.3554	0.7981	0.0817	0.7592	35.7500	0.1491	782.0000	174.0000	0.2225	786.0000
137	0.4983	0.5778	0.3556	0.7853	0.0838	0.7560	35.1250	0.1469	735.0000	174.0000	0.2367	738.0000
138	0.5032	0.5833	0.3539	0.8045	0.0837	0.7710	35.8750	0.1635	751.0000	169.0000	0.2250	753.0000
139	0.5402	0.5783	0.3453	0.8085	0.0836	0.7329	35.7500	0.1666	731.0000	175.0000	0.2394	733.0000
140	0.5362	0.5701	0.3597	0.8147	0.0804	0.7535	36.2500	0.1623	764.0000	170.0000	0.2225	766.0000
141	0.5226	0.5805	0.3590	0.8055	0.0843	0.7553	35.8750	0.1632	745.0000	171.0000	0.2295	749.0000
142	0.5423	0.5706	0.3431	0.7802	0.0765	0.7441	35.2500	0.1614	771.0000	174.0000	0.2257	776.0000
143	0.5328	0.5800	0.3589	0.7960	0.0873	0.7421	35.5000	0.1479	750.0000	174.0000	0.2320	752.0000
144	0.5309	0.5794	0.3629	0.7980	0.0867	0.7497	36.2500	0.1677	738.0000	176.0000	0.2385	743.0000
145	0.5363	0.5761	0.3371	0.8159	0.0801	0.7559	35.6250	0.1704	718.0000	164.0000	0.2284	721.0000
146	0.5107	0.5739	0.3580	0.7992	0.0850	0.7582	35.5000	0.1448	745.0000	170.0000	0.2282	750.0000
147	0.5367	0.5772	0.3512	0.8012	0.0826	0.7681	35.3750	0.1504	738.0000	166.0000	0.2249	743.0000
148	0.5261	0.5888	0.3689	0.8049	0.0902	0.7577	36.0000	0.1612	790.0000	176.0000	0.2228	795.0000
149	0.5101	0.5750	0.3495	0.8083	0.0788	0.7510	36.0000	0.1343	751.0000	165.0000	0.2197	759.0000
150	0.5266	0.5871	0.3680	0.8012	0.0837	0.7487	35.3750	0.1568	781.0000	173.0000	0.2215	788.0000
151	0.5096	0.5734	0.3445	0.8119	0.0783	0.7618	35.6250	0.1594	729.0000	165.0000	0.2263	732.0000
152	0.5341	0.5860	0.3680	0.7741	0.0887	0.7498	35.6250	0.1530	756.0000	169.0000	0.2235	759.0000
153	0.5192	0.5772	0.3589	0.8163	0.0816	0.7769	35.7500	0.1523	755.0000	166.0000	0.2199	761.0000
154	0.5481	0.5778	0.3531	0.7958	0.0843	0.7578	35.8750	0.1529	720.0000	166.0000	0.2306	723.0000
155	0.5191	0.5734	0.3497	0.7948	0.0867	0.7579	35.8750	0.1518	703.0000	174.0000	0.2475	705.0000
156	0.5048	0.5542	0.3314	0.7985	0.0777	0.7466	35.8750	0.1690	727.0000	170.0000	0.2338	733.0000
157	0.5179	0.5833	0.3591	0.7945	0.0822	0.7462	35.6250	0.1547	764.0000	170.0000	0.2225	767.0000
158	0.5090	0.5701	0.3542	0.8023	0.0808	0.7486	35.6250	0.1661	739.0000	175.0000	0.2368	743.0000
159	0.5432	0.5800	0.3682	0.8005	0.0843	0.7699	36.5000	0.1513	749.0000	174.0000	0.2323	752.0000
160	0.5353	0.5849	0.3692	0.7982	0.0842	0.7504	35.7500	0.1608	768.0000	165.0000	0.2148	772.0000
161	0.5261	0.5844	0.3746	0.7992	0.0882	0.7696	35.2500	0.1293	756.0000	171.0000	0.2262	760.0000
162	0.5100	0.5695	0.3363	0.7917	0.0755	0.7587	35.5000	0.1523	749.0000	169.0000	0.2256	754.0000
163	0.5177	0.5701	0.3538	0.8002	0.0773	0.7587	35.5000	0.1505	791.0000	172.0000	0.2174	794.0000
164	0.5335	0.5833	0.3611	0.7894	0.0787	0.7580	35.5000	0.1600	758.0000	172.0000	0.2269	763.0000
165	0.5118	0.5761	0.3560	0.7944	0.0839	0.7517	35.2500	0.1538	738.0000	170.0000	0.2304	742.0000
166	0.5028	0.5800	0.3579	0.7979	0.0812	0.7491	35.6250	0.1696	768.0000	176.0000	0.2292	774.0000
167	0.5082	0.5745	0.3549	0.8035	0.0803	0.7440	35.8750	0.1487	733.0000	170.0000	0.2319	735.0000
168	0.5366	0.5789	0.3638	0.8010	0.0863	0.7630	35.5000	0.1409	771.0000	171.0000	0.2218	773.0000
169	0.5199	0.5805	0.3484	0.7874	0.0810	0.7387	36.0000	0.1678	786.0000	182.0000	0.2316	789.0000
170	0.5257	0.5827	0.3525	0.7949	0.0805	0.7391	36.0000	0.1755	760.0000	183.0000	0.2408	764.0000
171	0.5314	0.5800	0.3528	0.8093	0.0817	0.7802	35.0000	0.1522	743.0000	160.0000	0.2153	747.0000
172	0.5388	0.5871	0.3738	0.7994	0.0927	0.7579	35.2500	0.1521	742.0000	175.0000	0.2358	744.0000
173	0.5064	0.5750	0.3553	0.7893	0.0864	0.7611	35.1250	0.1464	724.0000	169.0000	0.2334	728.0000
174	0.5682	0.5893	0.3617	0.7961	0.0861	0.7594	35.2500	0.1379	768.0000	177.0000	0.2305	773.0000
175	0.5023	0.5602	0.3632	0.7852	0.0787	0.7500	34.6250	0.1636	754.0000	175.0000	0.2321	761.0000
176	0.5094	0.5756	0.3533	0.8137	0.0860	0.7490	35.3750	0.1538	757.0000	171.0000	0.2259	761.0000
177	0.5448	0.5816	0.3635	0.8016	0.0821	0.7812	35.3750	0.1313	791.0000	159.0000	0.2010	794.0000
178	0.5398	0.5910	0.3664	0.7992	0.0859	0.7528	35.0000	0.1285	782.0000	181.0000	0.2315	786.0000
179	0.5433	0.5877	0.3676	0.8110	0.0915	0.7620	35.6250	0.1465	729.0000	170.0000	0.2332	731.0000
180	0.5566	0.5800	0.3619	0.8008	0.0876	0.7646	35.5000	0.1543	736.0000	165.0000	0.2242	738.0000
181	0.5199	0.5734	0.3564	0.8037	0.0859	0.7626	35.0000	0.1351	757.0000	171.0000	0.2259	761.0000
182	0.5302	0.5690	0.3492	0.8141	0.0870	0.7501	35.6250	0.1448	759.0000	173.0000	0.2279	763.0000
183	0.5407	0.5723	0.3495	0.8235	0.0851	0.7663	35.2500	0.1431	690.0000	163.0000	0.2362	693.0000
184	0.5622	0.5921	0.3593	0.8062	0.0868	0.7654	35.0000	0.1548	755.0000	171.0000	0.2265	758.0000
185	0.5270	0.5849	0.3540	0.8062	0.0844	0.7631	36.2500	0.1419	784.0000	177.0000	0.2258	787.0000
186	0.5252	0.5866	0.3627	0.8181	0.0881	0.7664	35.7500	0.1493	745.0000	164.0000	0.2201	748.0000
187	0.4947	0.5723	0.3432	0.7998	0.0853	0.7502	35.5000	0.1793	702.0000	165.0000	0.2350	708.0000
188	0.5586	0.5761	0.3403	0.8040	0.0865	0.7650	35.8750	0.1503	697.0000	170.0000	0.2439	700.0000
189	0.5270	0.5728	0.3467	0.7958	0.0791	0.7474	35.6250	0.1629	762.0000	175.0000	0.2297	767.0000
190	0.5109	0.5767	0.3555	0.7980	0.0825	0.7484	35.7500	0.1609	735.0000	174.0000	0.2367	737.0000
191	0.5322	0.5767	0.3401	0.7993	0.0769	0.7553	35.6250	0.1373	766.0000	175.0000	0.2285	769.0000
192	0.4922	0.5794	0.3607	0.8001	0.0792	0.7500	35.8750	0.1560	753.0000	171.0000	0.2271	760.0000
193	0.5020	0.5761	0.3422	0.7923	0.0846	0.7332	35.6250	0.1819	678.0000	181.0000	0.2670	682.0000
194	0.5472	0.5712	0.3589	0.7951	0.0825	0.7434	35.8750	0.1564	753.0000	179.0000	0.2377	756.0000
195	0.5083	0.5800	0.3564	0.7944	0.0815	0.7512	35.8750	0.1501	750.0000	183.0000	0.2440	753.0000
196	0.4980	0.5734	0.3494	0.7911	0.0870	0.7521	35.3750	0.1636	710.0000	172.0000	0.2423	712.0000
197	0.5362	0.5783	0.3586	0.7698	0.0835	0.7430	35.3750	0.1413	733.0000	180.0000	0.2456	736.0000
198	0.4963	0.5800	0.3484	0.8060	0.0809	0.7447	35.3750	0.1659	753.0000	169.0000	0.2244	757.0000
199	0.5292	0.5926	0.3686	0.8059	0.0867	0.7519	35.8750	0.1639	746.0000	177.0000	0.2373	749.0000
200	0.5436	0.5778	0.3569	0.8032	0.0771	0.7734	35.6250	0.1476	799.0000	163.0000	0.2040	805.0000
201	0.5286	0.5734	0.3554	0.7888	0.0786	0.7567	35.2500	0.1421	758.0000	163.0000	0.2150	765.0000
202	0.4920	0.5767	0.3512	0.7990	0.0781	0.7424	35.5000	0.1699	755.0000	172.0000	0.2278	761.0000
203	0.5331	0.5712	0.3545	0.7975	0.0826	0.7531	35.3750	0.1540	738.0000	161.0000	0.2182	740.0000
204	0.5082	0.5844	0.3543	0.7870	0.0758	0.7414	35.8750	0.1837	749.0000	177.0000	0.2363	751.0000
205	0.5458	0.5871	0.3513	0.7980	0.0876	0.7492	35.2500	0.1611	741.0000	173.0000	0.2335	743.0000
206	0.5303	0.5761	0.3558	0.7943	0.0897	0.7640	35.3750	0.1624	757.0000	171.0000	0.2259	759.0000
207	0.5210	0.5800	0.3582	0.7983	0.0838	0.7573	35.6250	0.1580	757.0000	169.0000	0.2232	762.0000
208	0.5164	0.5772	0.3568	0.7951	0.0831	0.7450	35.6250	0.1564	745.0000	175.0000	0.2349	749.0000
209	0.5406	0.5789	0.3587	0.8014	0.0856	0.7346	35.5000	0.1665	732.0000	177.0000	0.2418	734.0000
210	0.5216	0.5877	0.3544	0.7837	0.0885	0.7656	35.5000	0.1600	737.0000	169.0000	0.2293	739.0000
211	0.5424	0.5767	0.3591	0.7976	0.0822	0.7445	36.0000	0.1604	747.0000	178.0000	0.2383	753.0000
212	0.5574	0.5816	0.3611	0.8056	0.0818	0.7686	35.7500	0.1457	768.0000	171.0000	0.2227	770.0000
213	0.4808	0.5679	0.3473	0.8046	0.0812	0.7418	35.8750	0.1823	701.0000	172.0000	0.2454	706.0000
214	0.5115	0.5794	0.3544	0.8117	0.0800	0.7641	35.8750	0.1578	743.0000	167.0000	0.2248	747.0000
215	0.5403	0.5816	0.3562	0.8094	0.0813	0.7830	35.6250	0.1312	767.0000	171.0000	0.2229	772.0000
216	0.5140	0.5767	0.3584	0.7886	0.0800	0.7511	35.2500	0.1439	744.0000	177.0000	0.2379	747.0000
217	0.4993	0.5701	0.3557	0.8035	0.0844	0.7259	35.6250	0.1852	710.0000	175.0000	0.2465	713.0000
218	0.5015	0.5778	0.3416	0.8151	0.0780	0.7411	35.3750	0.1731	728.0000	167.0000	0.2294	733.0000
219	0.5586	0.5877	0.3631	0.7961	0.0825	0.7512	35.0000	0.1685	761.0000	174.0000	0.2286	766.0000
220	0.5215	0.5679	0.3471	0.7988	0.0756	0.7581	35.3750	0.1438	755.0000	164.0000	0.2172	760.0000
221	0.5415	0.5866	0.3735	0.7903	0.0901	0.7774	35.7500	0.1315	778.0000	171.0000	0.2198	784.0000
222	0.5458	0.5739	0.3545	0.7909	0.0846	0.7571	34.6250	0.1610	734.0000	166.0000	0.2262	739.0000
223	0.5295	0.5772	0.3651	0.8109	0.0791	0.7597	35.3750	0.1481	754.0000	173.0000	0.2294	759.0000
224	0.5456	0.5805	0.3561	0.7979	0.0821	0.7609	35.3750	0.1587	756.0000	172.0000	0.2275	760.0000
225	0.5426	0.5849	0.3621	0.7863	0.0857	0.7497	35.3750	0.1393	765.0000	176.0000	0.2301	767.0000
226	0.5126	0.5695	0.3390	0.8014	0.0784	0.7491	35.7500	0.1655	751.0000	167.0000	0.2224	753.0000
227	0.5149	0.5915	0.3489	0.8109	0.0814	0.7665	35.2500	0.1478	736.0000	170.0000	0.2310	740.0000
228	0.5310	0.5734	0.3388	0.8186	0.0803	0.7726	35.3750	0.1257	760.0000	161.0000	0.2118	762.0000
229	0.5335	0.5684	0.3340	0.7922	0.0779	0.7531	35.6250	0.1641	764.0000	166.0000	0.2173	767.0000
230	0.4945	0.5756	0.3579	0.7940	0.0848	0.7591	35.1250	0.1501	756.0000	173.0000	0.2288	760.0000
231	0.4924	0.5695	0.3470	0.7796	0.0807	0.7516	35.2500	0.1758	769.0000	174.0000	0.2263	772.0000
232	0.5443	0.5789	0.3448	0.8065	0.0867	0.7561	35.7500	0.1576	685.0000	175.0000	0.2555	687.0000
233	0.4912	0.5767	0.3509	0.8026	0.0795	0.7435	35.7500	0.1706	734.0000	174.0000	0.2371	738.0000
234	0.5328	0.5684	0.3519	0.7937	0.0819	0.7669	35.6250	0.1496	744.0000	162.0000	0.2177	746.0000
235	0.5367	0.5739	0.3460	0.8137	0.0767	0.7514	35.6250	0.1406	741.0000	168.0000	0.2267	744.0000
236	0.5232	0.5668	0.3592	0.8016	0.0833	0.7400	35.3750	0.1688	758.0000	171.0000	0.2256	761.0000
237	0.4870	0.5723	0.3410	0.7976	0.0770	0.7311	35.6250	0.1742	765.0000	169.0000	0.2209	767.0000
238	0.5365	0.5761	0.3534	0.8034	0.0827	0.7553	35.2500	0.1325	760.0000	167.0000	0.2197	762.0000
239	0.5534	0.5866	0.3670	0.8030	0.0841	0.7719	35.2500	0.1197	822.0000	175.0000	0.2129	825.0000
240	0.5502	0.5937	0.3644	0.8033	0.0881	0.7649	35.1250	0.1241	774.0000	168.0000	0.2171	777.0000
241	0.4982	0.5673	0.3566	0.7933	0.0734	0.7636	35.6250	0.1678	786.0000	167.0000	0.2125	792.0000
242	0.5390	0.5827	0.3668	0.7788	0.0894	0.7459	35.0000	0.1618	758.0000	182.0000	0.2401	765.0000
243	0.5231	0.5756	0.3457	0.7978	0.0882	0.7448	35.7500	0.1537	689.0000	169.0000	0.2453	692.0000
244	0.5454	0.5816	0.3545	0.8035	0.0812	0.7558	35.3750	0.1528	736.0000	173.0000	0.2351	741.0000
245	0.5545	0.5789	0.3722	0.7847	0.0892	0.7376	35.0000	0.1740	757.0000	179.0000	0.2365	759.0000
246	0.5313	0.5783	0.3595	0.8026	0.0842	0.7581	35.3750	0.1451	743.0000	170.0000	0.2288	746.0000
247	0.5127	0.5767	0.3581	0.8063	0.0817	0.7533	35.5000	0.1671	739.0000	177.0000	0.2395	741.0000
248	0.5524	0.5805	0.3578	0.7768	0.0777	0.7562	35.8750	0.1526	791.0000	176.0000	0.2225	793.0000
249	0.5600	0.5783	0.3632	0.7872	0.0866	0.7598	35.7500	0.1422	768.0000	178.0000	0.2318	772.0000
250	0.5515	0.5827	0.3565	0.8050	0.0882	0.7631	35.6250	0.1565	735.0000	168.0000	0.2286	737.0000
251	0.5211	0.5783	0.3435	0.7936	0.0824	0.7409	35.8750	0.1609	682.0000	169.0000	0.2478	685.0000
252	0.5234	0.5860	0.3656	0.8060	0.0811	0.7579	35.5000	0.1658	805.0000	168.0000	0.2087	809.0000
253	0.5341	0.5833	0.3654	0.7864	0.0844	0.7447	35.0000	0.1397	749.0000	182.0000	0.2430	751.0000
254	0.4878	0.5783	0.3521	0.7880	0.0789	0.7355	35.1250	0.1764	757.0000	170.0000	0.2246	760.0000
255	0.4896	0.5789	0.3565	0.8164	0.0806	0.7622	35.5000	0.1740	725.0000	163.0000	0.2248	728.0000
256	0.5179	0.5838	0.3577	0.7995	0.0788	0.7577	35.2500	0.1495	764.0000	168.0000	0.2199	770.0000
257	0.5291	0.5822	0.3521	0.7932	0.0842	0.7299	35.2500	0.1767	750.0000	178.0000	0.2373	756.0000
258	0.5500	0.5750	0.3534	0.7917	0.0846	0.7639	35.1250	0.1459	732.0000	165.0000	0.2254	736.0000
259	0.5220	0.5767	0.3683	0.8057	0.0807	0.7422	36.0000	0.1724	755.0000	180.0000	0.2384	759.0000
260	0.5043	0.5772	0.3543	0.8165	0.0818	0.7653	35.1250	0.1640	761.0000	174.0000	0.2286	766.0000
261	0.5249	0.5679	0.3596	0.7849	0.0833	0.7513	35.6250	0.1533	765.0000	178.0000	0.2327	769.0000
262	0.5315	0.5789	0.3543	0.7789	0.0780	0.7569	35.3750	0.1507	749.0000	164.0000	0.2190	753.0000
263	0.5176	0.5877	0.3651	0.8181	0.0840	0.7634	36.0000	0.1505	779.0000	171.0000	0.2195	784.0000
264	0.5315	0.5761	0.3482	0.8049	0.0794	0.7421	35.7500	0.1611	720.0000	168.0000	0.2333	725.0000
265	0.5261	0.5761	0.3565	0.8141	0.0801	0.7491	35.2500	0.1534	761.0000	172.0000	0.2260	767.0000
266	0.4969	0.5822	0.3529	0.7817	0.0752	0.7436	35.5000	0.1640	766.0000	177.0000	0.2311	773.0000
267	0.5243	0.5646	0.3508	0.7863	0.0815	0.7657	35.1250	0.1544	730.0000	167.0000	0.2288	735.0000
268	0.5169	0.5783	0.3645	0.7962	0.0841	0.7523	35.6250	0.1509	764.0000	177.0000	0.2317	768.0000
269	0.4965	0.5585	0.3322	0.8021	0.0767	0.7240	36.1250	0.1592	714.0000	175.0000	0.2451	717.0000
270	0.5281	0.5750	0.3459	0.8077	0.0847	0.7662	34.7500	0.1412	706.0000	163.0000	0.2309	710.0000
271	0.5381	0.5761	0.3497	0.7918	0.0790	0.7403	35.0000	0.1416	788.0000	169.0000	0.2145	793.0000
272	0.5155	0.5822	0.3572	0.8016	0.0850	0.7640	36.0000	0.1576	704.0000	167.0000	0.2372	709.0000
273	0.5292	0.5745	0.3508	0.7972	0.0798	0.7722	35.7500	0.1426	734.0000	164.0000	0.2234	737.0000
274	0.5287	0.5728	0.3617	0.8033	0.0869	0.7639	35.2500	0.1570	771.0000	169.0000	0.2192	776.0000
275	0.5197	0.5679	0.3600	0.7995	0.0862	0.7502	35.7500	0.1582	768.0000	178.0000	0.2318	775.0000
276	0.5641	0.5789	0.3629	0.8056	0.0806	0.7733	36.1250	0.1321	742.0000	163.0000	0.2197	746.0000
277	0.5159	0.5750	0.3603	0.8063	0.0871	0.7548	35.7500	0.1610	756.0000	178.0000	0.2354	760.0000
278	0.4967	0.5679	0.3457	0.7999	0.0815	0.7310	35.6250	0.1689	749.0000	185.0000	0.2470	752.0000
279	0.5253	0.5712	0.3493	0.8030	0.0844	0.7428	35.0000	0.1681	677.0000	169.0000	0.2496	682.0000
280	0.5027	0.5717	0.3438	0.7860	0.0828	0.7441	35.1250	0.1735	725.0000	174.0000	0.2400	730.0000
281	0.5042	0.5838	0.3547	0.7879	0.0872	0.7469	35.2500	0.1674	737.0000	176.0000	0.2388	741.0000
282	0.5001	0.5745	0.3480	0.7942	0.0815	0.7429	35.6250	0.1541	727.0000	170.0000	0.2338	731.0000
283	0.5320	0.5778	0.3484	0.7979	0.0805	0.7602	35.8750	0.1343	759.0000	184.0000	0.2424	763.0000
284	0.5016	0.5822	0.3701	0.7978	0.0820	0.7476	34.5000	0.1411	832.0000	174.0000	0.2091	836.0000
285	0.5239	0.5723	0.3527	0.7935	0.0811	0.7315	35.6250	0.1804	692.0000	171.0000	0.2471	697.0000
286	0.5392	0.5739	0.3582	0.7770	0.0847	0.7445	35.2500	0.1611	744.0000	180.0000	0.2419	749.0000
287	0.5167	0.5690	0.3410	0.8194	0.0813	0.7612	35.6250	0.1554	738.0000	163.0000	0.2209	740.0000
288	0.5400	0.5827	0.3614	0.8015	0.0853	0.7414	36.1250	0.1540	754.0000	177.0000	0.2347	758.0000
289	0.5277	0.5761	0.3584	0.8105	0.0810	0.7579	35.2500	0.1648	765.0000	167.0000	0.2183	771.0000
290	0.5278	0.5772	0.3604	0.7923	0.0801	0.7587	35.3750	0.1642	760.0000	169.0000	0.2224	763.0000
291	0.5174	0.5734	0.3526	0.8109	0.0843	0.7555	35.1250	0.1844	739.0000	168.0000	0.2273	743.0000
292	0.5448	0.5712	0.3593	0.7989	0.0863	0.7593	35.3750	0.1490	745.0000	167.0000	0.2242	749.0000
293	0.5142	0.5761	0.3498	0.7976	0.0806	0.7593	34.5000	0.1437	748.0000	169.0000	0.2259	750.0000
294	0.5046	0.5816	0.3606	0.7987	0.0821	0.7471	35.5000	0.1709	763.0000	175.0000	0.2294	765.0000
295	0.5171	0.5745	0.3424	0.7913	0.0788	0.7496	35.3750	0.1682	766.0000	171.0000	0.2232	772.0000
296	0.5450	0.5811	0.3559	0.7945	0.0815	0.7686	35.5000	0.1352	757.0000	175.0000	0.2312	760.0000
297	0.5371	0.5723	0.3553	0.7829	0.0829	0.7398	35.3750	0.1748	738.0000	172.0000	0.2331	744.0000
298	0.5155	0.5822	0.3517	0.8060	0.0825	0.7659	35.1250	0.1543	752.0000	170.0000	0.2261	755.0000
299	0.4780	0.5778	0.3513	0.7847	0.0800	0.7335	36.2500	0.1607	787.0000	180.0000	0.2287	789.0000
300	0.5386	0.5855	0.3532	0.8112	0.0819	0.7503	35.0000	0.1557	755.0000	176.0000	0.2331	758.0000
301	0.5246	0.5866	0.3604	0.7936	0.0855	0.7570	35.7500	0.1443	759.0000	184.0000	0.2424	762.0000
302	0.4949	0.5750	0.3621	0.8110	0.0787	0.7617	35.8750	0.1517	791.0000	167.0000	0.2111	796.0000
303	0.5240	0.5646	0.3514	0.7944	0.0797	0.7715	35.6250	0.1468	772.0000	169.0000	0.2189	775.0000
304	0.5172	0.5855	0.3659	0.7985	0.0853	0.7552	35.1250	0.1594	767.0000	177.0000	0.2308	770.0000
305	0.5083	0.5772	0.3453	0.8125	0.0827	0.7538	35.5000	0.1582	722.0000	167.0000	0.2313	726.0000
306	0.5292	0.5668	0.3392	0.7902	0.0813	0.7275	35.3750	0.1749	719.0000	185.0000	0.2573	723.0000
307	0.5067	0.5651	0.3388	0.8166	0.0797	0.7404	36.3750	0.1680	727.0000	172.0000	0.2366	729.0000
308	0.5321	0.5750	0.3489	0.8020	0.0824	0.7282	35.7500	0.1780	725.0000	179.0000	0.2469	728.0000
309	0.5115	0.5684	0.3452	0.7969	0.0790	0.7682	35.3750	0.1423	755.0000	172.0000	0.2278	758.0000
310	0.5258	0.5789	0.3605	0.7966	0.0816	0.7718	35.0000	0.1303	782.0000	164.0000	0.2097	789.0000
311	0.5300	0.5827	0.3586	0.7976	0.0879	0.7563	35.1250	0.1846	739.0000	170.0000	0.2300	742.0000
312	0.5402	0.5827	0.3540	0.8090	0.0799	0.7694	35.7500	0.1293	760.0000	168.0000	0.2211	764.0000
313	0.5441	0.5783	0.3586	0.7980	0.0846	0.7569	35.6250	0.1495	761.0000	171.0000	0.2247	766.0000
314	0.5218	0.5822	0.3649	0.8001	0.0873	0.7518	35.7500	0.1471	784.0000	177.0000	0.2258	789.0000
315	0.5099	0.5668	0.3396	0.8098	0.0791	0.7614	35.8750	0.1518	726.0000	167.0000	0.2300	732.0000
316	0.5262	0.5657	0.3443	0.8077	0.0817	0.7665	35.6250	0.1409	741.0000	176.0000	0.2375	746.0000
317	0.5610	0.5794	0.3545	0.7991	0.0859	0.7636	35.5000	0.1332	720.0000	165.0000	0.2292	723.0000
318	0.5361	0.5690	0.3602	0.8289	0.0782	0.7737	34.8750	0.1324	782.0000	161.0000	0.2059	784.0000
319	0.5460	0.5860	0.3672	0.7937	0.0865	0.7783	35.2500	0.1433	773.0000	168.0000	0.2173	777.0000
320	0.5367	0.5800	0.3562	0.8071	0.0838	0.7774	35.5000	0.1503	730.0000	163.0000	0.2233	734.0000
321	0.5272	0.5767	0.3590	0.7954	0.0843	0.7453	35.2500	0.1665	744.0000	177.0000	0.2379	748.0000
322	0.5403	0.5767	0.3558	0.8028	0.0886	0.7684	34.8750	0.1321	714.0000	167.0000	0.2339	716.0000
323	0.5328	0.5701	0.3549	0.7910	0.0829	0.7365	35.3750	0.1620	748.0000	177.0000	0.2366	751.0000
324	0.5384	0.5783	0.3535	0.8027	0.0898	0.7379	35.8750	0.1576	712.0000	176.0000	0.2472	715.0000
325	0.5576	0.5778	0.3679	0.8052	0.0840	0.7677	36.1250	0.1454	734.0000	166.0000	0.2262	739.0000
326	0.5034	0.5745	0.3518	0.7973	0.0797	0.7367	35.5000	0.1603	758.0000	171.0000	0.2256	763.0000
327	0.5300	0.5767	0.3493	0.8075	0.0852	0.7641	35.8750	0.1337	721.0000	169.0000	0.2344	723.0000
328	0.5155	0.5822	0.3508	0.8076	0.0842	0.7649	36.0000	0.1458	742.0000	164.0000	0.2210	747.0000
329	0.5391	0.5844	0.3657	0.8123	0.0888	0.7482	35.1250	0.1669	732.0000	176.0000	0.2404	735.0000
330	0.5322	0.5827	0.3551	0.7884	0.0838	0.7332	35.7500	0.1629	775.0000	188.0000	0.2426	778.0000
331	0.5362	0.5734	0.3639	0.8123	0.0849	0.7355	35.7500	0.1595	738.0000	182.0000	0.2466	744.0000
332	0.5230	0.5761	0.3459	0.8134	0.0824	0.7599	35.8750	0.1685	686.0000	164.0000	0.2391	689.0000
333	0.5092	0.5816	0.3588	0.8008	0.0868	0.7474	35.6250	0.1653	755.0000	164.0000	0.2172	757.0000
334	0.5423	0.5728	0.3498	0.8137	0.0823	0.7375	35.5000	0.1583	744.0000	183.0000	0.2460	748.0000
335	0.5112	0.5761	0.3613	0.7987	0.0813	0.7517	36.0000	0.1614	746.0000	170.0000	0.2279	750.0000
336	0.5235	0.5684	0.3382	0.7948	0.0804	0.7443	35.8750	0.1706	703.0000	168.0000	0.2390	705.0000
337	0.5236	0.5723	0.3694	0.8005	0.0927	0.7524	35.6250	0.1603	739.0000	181.0000	0.2449	743.0000
338	0.5053	0.5717	0.3502	0.7931	0.0794	0.7413	35.7500	0.1557	732.0000	174.0000	0.2377	734.0000
339	0.5313	0.5723	0.3516	0.8069	0.0848	0.7303	35.8750	0.1523	718.0000	178.0000	0.2479	720.0000
340	0.5205	0.5684	0.3536	0.8131	0.0795	0.7667	35.5000	0.1589	711.0000	159.0000	0.2236	713.0000
341	0.5524	0.5849	0.3750	0.8125	0.0867	0.7721	35.2500	0.1465	729.0000	172.0000	0.2359	733.0000
342	0.5168	0.5767	0.3631	0.8031	0.0866	0.7586	35.7500	0.1574	731.0000	175.0000	0.2394	735.0000
343	0.5203	0.5827	0.3506	0.7878	0.0801	0.7389	35.3750	0.1596	757.0000	176.0000	0.2325	761.0000
344	0.5123	0.5838	0.3553	0.7895	0.0816	0.7341	35.5000	0.1759	767.0000	185.0000	0.2412	773.0000
345	0.5758	0.5789	0.3537	0.8071	0.0851	0.7575	35.1250	0.1425	727.0000	170.0000	0.2338	732.0000
346	0.5188	0.5811	0.3598	0.8024	0.0852	0.7706	35.2500	0.1488	755.0000	166.0000	0.2199	759.0000
347	0.5172	0.5717	0.3600	0.7840	0.0843	0.7562	35.8750	0.1553	784.0000	175.0000	0.2232	790.0000
348	0.5274	0.5767	0.3621	0.7938	0.0844	0.7552	35.5000	0.1313	753.0000	168.0000	0.2231	755.0000
349	0.5207	0.5811	0.3634	0.8166	0.0838	0.7456	35.7500	0.1683	735.0000	173.0000	0.2354	738.0000
350	0.5241	0.5728	0.3412	0.8082	0.0813	0.7521	35.5000	0.1674	744.0000	173.0000	0.2325	747.0000
351	0.5320	0.5706	0.3486	0.8015	0.0828	0.7443	36.0000	0.1525	732.0000	178.0000	0.2432	734.0000
352	0.5519	0.5767	0.3456	0.8147	0.0752	0.7653	34.7500	0.1537	734.0000	155.0000	0.2112	738.0000
353	0.5455	0.5750	0.3469	0.7961	0.0886	0.7425	35.2500	0.1631	708.0000	171.0000	0.2415	710.0000
354	0.4939	0.5800	0.3590	0.7937	0.0813	0.7585	35.8750	0.1488	789.0000	177.0000	0.2243	795.0000
355	0.4985	0.5800	0.3535	0.8033	0.0812	0.7369	36.1250	0.1733	742.0000	175.0000	0.2358	746.0000
356	0.5139	0.5690	0.3489	0.8082	0.0830	0.7598	35.1250	0.1451	725.0000	162.0000	0.2234	731.0000
357	0.5244	0.5756	0.3528	0.8086	0.0802	0.7646	35.7500	0.1587	751.0000	171.0000	0.2277	754.0000
358	0.5429	0.5728	0.3604	0.7970	0.0778	0.7633	35.6250	0.1447	763.0000	165.0000	0.2163	772.0000
359	0.5125	0.5761	0.3595	0.7939	0.0789	0.7338	35.5000	0.1734	762.0000	185.0000	0.2428	765.0000
360	0.5026	0.5673	0.3481	0.7986	0.0837	0.7411	35.2500	0.1698	700.0000	167.0000	0.2386	706.0000
361	0.5439	0.5723	0.3404	0.7926	0.0836	0.7465	35.5000	0.1455	708.0000	168.0000	0.2373	711.0000
362	0.5161	0.5844	0.3574	0.7920	0.0862	0.7402	35.5000	0.1705	753.0000	178.0000	0.2364	757.0000
363	0.5328	0.5756	0.3479	0.7899	0.0813	0.7460	35.1250	0.1727	708.0000	177.0000	0.2500	711.0000
364	0.5100	0.5800	0.3598	0.7933	0.0781	0.7429	34.7500	0.1637	746.0000	171.0000	0.2292	750.0000
365	0.5184	0.5794	0.3527	0.8138	0.0844	0.7527	35.3750	0.1711	749.0000	164.0000	0.2190	753.0000
366	0.5635	0.5728	0.3670	0.8017	0.0846	0.7678	35.6250	0.1472	760.0000	169.0000	0.2224	762.0000
367	0.5149	0.5717	0.3606	0.8167	0.0832	0.7422	35.1250	0.1600	760.0000	175.0000	0.2303	766.0000
368	0.5256	0.5805	0.3482	0.8060	0.0891	0.7384	35.1250	0.1814	678.0000	169.0000	0.2493	680.0000
369	0.5610	0.5789	0.3559	0.8197	0.0827	0.7646	35.1250	0.1445	752.0000	167.0000	0.2221	760.0000
370	0.5368	0.5745	0.3477	0.8006	0.0850	0.7607	36.0000	0.1381	717.0000	173.0000	0.2413	719.0000
371	0.5455	0.5844	0.3729	0.7967	0.0857	0.7580	36.5000	0.1366	740.0000	169.0000	0.2284	742.0000
372	0.5279	0.5761	0.3418	0.7952	0.0789	0.7565	35.7500	0.1499	751.0000	165.0000	0.2197	756.0000
373	0.5084	0.5811	0.3515	0.7963	0.0812	0.7492	35.5000	0.1687	725.0000	172.0000	0.2372	727.0000
374	0.5158	0.5712	0.3567	0.8134	0.0861	0.7529	35.8750	0.1501	755.0000	172.0000	0.2278	757.0000
375	0.5594	0.5690	0.3489	0.7840	0.0780	0.7634	35.3750	0.1462	753.0000	164.0000	0.2178	755.0000
376	0.5418	0.5833	0.3623	0.8010	0.0829	0.7807	35.5000	0.1471	793.0000	169.0000	0.2131	800.0000
377	0.5076	0.5756	0.3460	0.7940	0.0801	0.7169	35.1250	0.1753	724.0000	182.0000	0.2514	726.0000
378	0.5030	0.5866	0.3607	0.7920	0.0745	0.7441	35.7500	0.1539	801.0000	173.0000	0.2160	806.0000
379	0.4931	0.5734	0.3449	0.7934	0.0792	0.7278	35.0000	0.1724	731.0000	181.0000	0.2476	735.0000
380	0.5270	0.5822	0.3646	0.8034	0.0815	0.7700	35.1250	0.1609	797.0000	169.0000	0.2120	799.0000
381	0.5338	0.5739	0.3506	0.7965	0.0826	0.7591	35.3750	0.1628	719.0000	166.0000	0.2309	723.0000
382	0.5049	0.5684	0.3401	0.7884	0.0760	0.7294	36.0000	0.1752	741.0000	179.0000	0.2416	744.0000
383	0.5482	0.5772	0.3474	0.7969	0.0882	0.7544	35.3750	0.1585	712.0000	173.0000	0.2430	715.0000
384	0.5496	0.5717	0.3538	0.8025	0.0817	0.7698	35.7500	0.1280	749.0000	167.0000	0.2230	751.0000
385	0.5251	0.5783	0.3598	0.7982	0.0867	0.7744	36.2500	0.1462	741.0000	169.0000	0.2281	745.0000
386	0.5429	0.5734	0.3627	0.7827	0.0829	0.7592	35.6250	0.1653	760.0000	173.0000	0.2276	763.0000
387	0.5164	0.5855	0.3617	0.7845	0.0806	0.7586	35.3750	0.1684	762.0000	176.0000	0.2310	766.0000
388	0.5035	0.5706	0.3447	0.7940	0.0779	0.7576	35.8750	0.1462	735.0000	173.0000	0.2354	738.0000
389	0.5394	0.5783	0.3649	0.8040	0.0852	0.7539	35.7500	0.1606	773.0000	172.0000	0.2225	776.0000
390	0.5395	0.5783	0.3637	0.7939	0.0881	0.7558	36.1250	0.1435	745.0000	176.0000	0.2362	747.0000
391	0.5127	0.5761	0.3548	0.7839	0.0839	0.7432	35.6250	0.1685	744.0000	181.0000	0.2433	748.0000
392	0.5258	0.5712	0.3441	0.7993	0.0823	0.7287	35.7500	0.1649	722.0000	182.0000	0.2521	725.0000
393	0.5313	0.5871	0.3714	0.7893	0.0812	0.7400	35.7500	0.1653	775.0000	179.0000	0.2310	781.0000
394	0.5306	0.5783	0.3466	0.7908	0.0814	0.7619	35.6250	0.1548	729.0000	163.0000	0.2236	731.0000
395	0.4917	0.5811	0.3494	0.8103	0.0788	0.7399	35.3750	0.1644	764.0000	166.0000	0.2173	768.0000
396	0.5293	0.5684	0.3427	0.7952	0.0824	0.7631	35.2500	0.1336	734.0000	162.0000	0.2207	738.0000
397	0.5523	0.5646	0.3626	0.8079	0.0864	0.7677	36.0000	0.1395	722.0000	164.0000	0.2271	727.0000
398	0.5364	0.5805	0.3547	0.7918	0.0860	0.7525	36.2500	0.1454	738.0000	173.0000	0.2344	742.0000
399	0.5163	0.5772	0.3545	0.7875	0.0857	0.7470	35.5000	0.1488	742.0000	178.0000	0.2399	744.0000
400	0.5214	0.5778	0.3505	0.7980	0.0873	0.7448	35.8750	0.1627	755.0000	178.0000	0.2358	759.0000
401	0.5206	0.5811	0.3567	0.8102	0.0815	0.7744	35.5000	0.1505	758.0000	162.0000	0.2137	761.0000
402	0.4982	0.5756	0.3443	0.8047	0.0768	0.7571	36.0000	0.1439	751.0000	164.0000	0.2184	753.0000
403	0.5149	0.5844	0.3596	0.8145	0.0884	0.7500	35.2500	0.1544	743.0000	173.0000	0.2328	746.0000
404	0.5645	0.5767	0.3516	0.8091	0.0833	0.7491	35.8750	0.1499	731.0000	167.0000	0.2285	734.0000
405	0.5029	0.5789	0.3622	0.7886	0.0871	0.7444	36.0000	0.1477	740.0000	176.0000	0.2378	742.0000
406	0.5077	0.5767	0.3505	0.7935	0.0849	0.7487	35.2500	0.1840	705.0000	170.0000	0.2411	710.0000
407	0.5446	0.5800	0.3675	0.8021	0.0799	0.7565	34.7500	0.1326	738.0000	174.0000	0.2358	745.0000
408	0.5023	0.5833	0.3579	0.8069	0.0831	0.7474	35.7500	0.1679	749.0000	172.0000	0.2296	754.0000
409	0.5273	0.5739	0.3568	0.8002	0.0820	0.7697	36.0000	0.1649	758.0000	170.0000	0.2243	763.0000
410	0.5326	0.5684	0.3445	0.7947	0.0852	0.7574	35.2500	0.1407	718.0000	175.0000	0.2437	721.0000
411	0.5474	0.5849	0.3533	0.7837	0.0909	0.7636	35.7500	0.1557	726.0000	174.0000	0.2397	728.0000
412	0.5325	0.5728	0.3525	0.7972	0.0773	0.7663	36.2500	0.1621	740.0000	162.0000	0.2189	744.0000
413	0.5305	0.5871	0.3655	0.7921	0.0889	0.7483	35.3750	0.1499	743.0000	172.0000	0.2315	747.0000
414	0.5352	0.5871	0.3671	0.7980	0.0851	0.7473	35.2500	0.1634	767.0000	181.0000	0.2360	773.0000
415	0.5156	0.5750	0.3498	0.8119	0.0798	0.7616	35.1250	0.1476	715.0000	163.0000	0.2280	719.0000
416	0.5361	0.5871	0.3662	0.7906	0.0851	0.7518	35.6250	0.1521	788.0000	178.0000	0.2259	792.0000
417	0.5424	0.5871	0.3632	0.8183	0.0921	0.7511	35.6250	0.1599	687.0000	172.0000	0.2504	689.0000
418	0.5127	0.5701	0.3362	0.8056	0.0770	0.7413	35.2500	0.1810	714.0000	163.0000	0.2283	720.0000
419	0.5083	0.5778	0.3497	0.7957	0.0808	0.7480	35.8750	0.1533	760.0000	172.0000	0.2263	764.0000
420	0.5343	0.5789	0.3566	0.7987	0.0808	0.7668	35.2500	0.1516	747.0000	168.0000	0.2249	749.0000
421	0.4906	0.5822	0.3500	0.8145	0.0863	0.7432	36.0000	0.1736	699.0000	171.0000	0.2446	701.0000
422	0.5194	0.5756	0.3645	0.7929	0.0840	0.7467	35.6250	0.1591	762.0000	174.0000	0.2283	766.0000
423	0.5423	0.5767	0.3599	0.8014	0.0865	0.7840	35.7500	0.1287	730.0000	159.0000	0.2178	732.0000
424	0.5336	0.5811	0.3471	0.7933	0.0811	0.7719	35.0000	0.1525	748.0000	161.0000	0.2152	752.0000
425	0.4980	0.5849	0.3602	0.8047	0.0933	0.7424	35.6250	0.1653	734.0000	182.0000	0.2480	736.0000
426	0.4955	0.5607	0.3469	0.7891	0.0699	0.7255	36.1250	0.1828	769.0000	177.0000	0.2302	779.0000
427	0.5169	0.5899	0.3650	0.8211	0.0861	0.7524	35.6250	0.1512	769.0000	175.0000	0.2276	773.0000
428	0.5379	0.5761	0.3636	0.8014	0.0879	0.7523	35.6250	0.1578	738.0000	181.0000	0.2453	741.0000
429	0.5223	0.5662	0.3468	0.8082	0.0809	0.7637	35.6250	0.1372	731.0000	165.0000	0.2257	738.0000
430	0.5052	0.5899	0.3668	0.7942	0.0860	0.7498	35.2500	0.1687	737.0000	176.0000	0.2388	744.0000
431	0.5515	0.5827	0.3668	0.7859	0.0831	0.7463	36.3750	0.1419	782.0000	180.0000	0.2302	787.0000
432	0.5283	0.5910	0.3740	0.7892	0.0871	0.7555	35.8750	0.1349	769.0000	174.0000	0.2263	775.0000
433	0.5364	0.5805	0.3550	0.7997	0.0841	0.7660	35.5000	0.1417	747.0000	169.0000	0.2262	751.0000
434	0.5183	0.5915	0.3546	0.8090	0.0855	0.7519	36.0000	0.1674	727.0000	177.0000	0.2435	729.0000
435	0.5363	0.5855	0.3537	0.7944	0.0833	0.7625	35.3750	0.1344	759.0000	171.0000	0.2253	765.0000
436	0.4869	0.5728	0.3546	0.7825	0.0786	0.7498	35.0000	0.1639	759.0000	171.0000	0.2253	762.0000
437	0.5515	0.5888	0.3667	0.8036	0.0855	0.7676	35.3750	0.1401	761.0000	173.0000	0.2273	766.0000
438	0.4755	0.5723	0.3449	0.8056	0.0847	0.7387	35.5000	0.1752	721.0000	174.0000	0.2413	723.0000
439	0.5098	0.5778	0.3575	0.7912	0.0789	0.7269	35.6250	0.1674	728.0000	186.0000	0.2555	734.0000
440	0.5278	0.5778	0.3589	0.8118	0.0803	0.7493	34.8750	0.1670	725.0000	168.0000	0.2317	730.0000
441	0.5210	0.5750	0.3571	0.8093	0.0874	0.7529	35.0000	0.1506	718.0000	166.0000	0.2312	722.0000
442	0.5279	0.5827	0.3565	0.7989	0.0791	0.7686	35.8750	0.1521	769.0000	172.0000	0.2237	774.0000
443	0.5383	0.5816	0.3479	0.8040	0.0788	0.7635	35.5000	0.1368	776.0000	164.0000	0.2113	780.0000
444	0.5426	0.5717	0.3551	0.7962	0.0845	0.7719	35.1250	0.1419	757.0000	169.0000	0.2232	759.0000
445	0.5119	0.5723	0.3542	0.8085	0.0838	0.7442	35.5000	0.1722	733.0000	169.0000	0.2306	736.0000
446	0.5144	0.5822	0.3586	0.7980	0.0810	0.7455	35.6250	0.1639	790.0000	178.0000	0.2253	792.0000
447	0.5192	0.5805	0.3730	0.8025	0.0812	0.7669	35.3750	0.1515	773.0000	175.0000	0.2264	776.0000
448	0.5159	0.5811	0.3566	0.7983	0.0815	0.7674	35.6250	0.1266	770.0000	162.0000	0.2104	774.0000
449	0.5069	0.5833	0.3646	0.7881	0.0833	0.7251	35.8750	0.1775	737.0000	184.0000	0.2497	739.0000
450	0.5046	0.5816	0.3599	0.7973	0.0821	0.7548	35.3750	0.1454	777.0000	174.0000	0.2239	781.0000
451	0.5142	0.5833	0.3662	0.8072	0.0834	0.7675	35.8750	0.1466	808.0000	171.0000	0.2116	812.0000
452	0.5310	0.5613	0.3337	0.8085	0.0776	0.7558	35.5000	0.1519	702.0000	164.0000	0.2336	706.0000
453	0.5344	0.5662	0.3377	0.7958	0.0864	0.7413	35.5000	0.1440	694.0000	171.0000	0.2464	696.0000
454	0.5033	0.5860	0.3514	0.8039	0.0812	0.7258	35.2500	0.1781	731.0000	178.0000	0.2435	735.0000
455	0.5568	0.5767	0.3546	0.8070	0.0885	0.7730	36.1250	0.1378	719.0000	165.0000	0.2295	722.0000
456	0.5246	0.5701	0.3557	0.8034	0.0853	0.7519	35.8750	0.1601	742.0000	175.0000	0.2358	747.0000
457	0.4980	0.5778	0.3429	0.8200	0.0777	0.7450	35.7500	0.1630	738.0000	172.0000	0.2331	740.0000
458	0.5137	0.5844	0.3689	0.7774	0.0800	0.7437	35.5000	0.1626	778.0000	179.0000	0.2301	782.0000
459	0.5093	0.5761	0.3531	0.8096	0.0789	0.7587	35.5000	0.1438	754.0000	172.0000	0.2281	758.0000
460	0.5211	0.5673	0.3613	0.7893	0.0883	0.7446	35.5000	0.1694	720.0000	176.0000	0.2444	723.0000
461	0.4816	0.5635	0.3431	0.8178	0.0812	0.7371	35.6250	0.1774	702.0000	174.0000	0.2479	707.0000
462	0.5190	0.5706	0.3598	0.7972	0.0821	0.7667	35.5000	0.1429	762.0000	173.0000	0.2270	765.0000
463	0.5508	0.5838	0.3652	0.8042	0.0946	0.7679	35.5000	0.1481	726.0000	170.0000	0.2342	730.0000
464	0.4892	0.5822	0.3463	0.7844	0.0823	0.7325	34.5000	0.1582	730.0000	174.0000	0.2384	732.0000
465	0.5423	0.5937	0.3627	0.7983	0.0836	0.7613	35.2500	0.1450	789.0000	169.0000	0.2142	795.0000
466	0.5394	0.5860	0.3572	0.7922	0.0810	0.7614	36.0000	0.1699	782.0000	171.0000	0.2187	784.0000
467	0.5313	0.5745	0.3478	0.7830	0.0775	0.7479	35.5000	0.1348	789.0000	177.0000	0.2243	793.0000
468	0.5470	0.5855	0.3766	0.8048	0.0868	0.7804	35.6250	0.1343	785.0000	170.0000	0.2166	788.0000
469	0.5661	0.5717	0.3667	0.8011	0.0851	0.7710	36.2500	0.1499	772.0000	165.0000	0.2137	774.0000
470	0.4815	0.5844	0.3635	0.7989	0.0868	0.7257	36.1250	0.1878	717.0000	180.0000	0.2510	720.0000
471	0.5434	0.5734	0.3540	0.8100	0.0798	0.7576	35.3750	0.1594	796.0000	166.0000	0.2085	800.0000
472	0.5584	0.5910	0.3706	0.7853	0.0860	0.7538	36.1250	0.1625	772.0000	181.0000	0.2345	777.0000
473	0.4810	0.5871	0.3598	0.7860	0.0836	0.7462	35.7500	0.1726	760.0000	179.0000	0.2355	764.0000
474	0.5375	0.5855	0.3580	0.7779	0.0796	0.7739	35.5000	0.1490	795.0000	171.0000	0.2151	800.0000
475	0.5569	0.5701	0.3508	0.8120	0.0824	0.7581	36.1250	0.1444	762.0000	173.0000	0.2270	764.0000
476	0.5109	0.5646	0.3515	0.8009	0.0822	0.7580	35.2500	0.1667	726.0000	169.0000	0.2328	729.0000
477	0.5127	0.5899	0.3613	0.7989	0.0842	0.7541	35.0000	0.1489	778.0000	168.0000	0.2159	781.0000
478	0.5502	0.5838	0.3556	0.7951	0.0788	0.7597	35.7500	0.1544	744.0000	176.0000	0.2366	747.0000
479	0.5473	0.5833	0.3543	0.8076	0.0885	0.7789	35.7500	0.1251	748.0000	163.0000	0.2179	752.0000
480	0.5136	0.5684	0.3502	0.8219	0.0881	0.7552	36.2500	0.1599	699.0000	176.0000	0.2518	704.0000
481	0.5325	0.5811	0.3623	0.7970	0.0822	0.7471	35.3750	0.1754	752.0000	175.0000	0.2327	756.0000
482	0.5274	0.5728	0.3611	0.8141	0.0833	0.7672	35.2500	0.1502	754.0000	169.0000	0.2241	759.0000
483	0.5125	0.5822	0.3535	0.8013	0.0846	0.7570	35.2500	0.1720	739.0000	177.0000	0.2395	744.0000
484	0.5253	0.5635	0.3438	0.8156	0.0810	0.7432	35.7500	0.1669	733.0000	166.0000	0.2265	738.0000
485	0.5310	0.5761	0.3627	0.7891	0.0853	0.7427	35.5000	0.1578	752.0000	168.0000	0.2234	755.0000
486	0.5259	0.5734	0.3484	0.8077	0.0887	0.7735	35.0000	0.1374	708.0000	164.0000	0.2316	711.0000
487	0.5314	0.5838	0.3522	0.7916	0.0850	0.7627	35.7500	0.1678	750.0000	175.0000	0.2333	752.0000
488	0.5252	0.5701	0.3512	0.7945	0.0834	0.7471	35.0000	0.1543	738.0000	173.0000	0.2344	740.0000
489	0.5322	0.5706	0.3500	0.8024	0.0795	0.7528	35.5000	0.1510	733.0000	174.0000	0.2374	739.0000
490	0.4871	0.5728	0.3611	0.7986	0.0798	0.7623	35.2500	0.1523	766.0000	168.0000	0.2193	774.0000
491	0.5270	0.5679	0.3575	0.7924	0.0804	0.7339	36.0000	0.1591	747.0000	168.0000	0.2249	751.0000
492	0.4920	0.5723	0.3569	0.7948	0.0837	0.7455	35.6250	0.1564	764.0000	180.0000	0.2356	766.0000
493	0.5411	0.5800	0.3514	0.7886	0.0820	0.7487	35.1250	0.1610	738.0000	180.0000	0.2439	744.0000
494	0.5430	0.5833	0.3670	0.7778	0.0816	0.7418	35.5000	0.1622	770.0000	186.0000	0.2416	774.0000
495	0.5369	0.5789	0.3553	0.8160	0.0799	0.7606	35.3750	0.1552	747.0000	161.0000	0.2155	749.0000
496	0.5428	0.5778	0.3665	0.8134	0.0840	0.7578	35.2500	0.1436	789.0000	169.0000	0.2142	792.0000
497	0.5316	0.5728	0.3596	0.7876	0.0829	0.7296	35.1250	0.1693	747.0000	176.0000	0.2356	752.0000
498	0.4997	0.5750	0.3529	0.7854	0.0849	0.7326	35.3750	0.1787	744.0000	179.0000	0.2406	747.0000
499	0.5156	0.5701	0.3582	0.7798	0.0835	0.7611	35.3750	0.1581	755.0000	169.0000	0.2238	761.0000
500	0.5224	0.5739	0.3604	0.8149	0.0833	0.7571	35.3750	0.1499	746.0000	170.0000	0.2279	750.0000
501	0.5435	0.5690	0.3504	0.7896	0.0839	0.7622	35.0000	0.1473	736.0000	167.0000	0.2269	740.0000
502	0.5325	0.5849	0.3705	0.7945	0.0854	0.7476	35.7500	0.1520	790.0000	183.0000	0.2316	795.0000
503	0.5204	0.5723	0.3514	0.8012	0.0824	0.7400	35.1250	0.1570	741.0000	178.0000	0.2402	744.0000
504	0.5291	0.5904	0.3692	0.8104	0.0904	0.7690	35.6250	0.1463	777.0000	169.0000	0.2175	780.0000
505	0.5197	0.5783	0.3620	0.8032	0.0879	0.7351	35.2500	0.1579	747.0000	180.0000	0.2410	750.0000
506	0.5037	0.5822	0.3656	0.7782	0.0898	0.7532	35.1250	0.1533	792.0000	175.0000	0.2210	795.0000
507	0.5297	0.5745	0.3527	0.8096	0.0859	0.7561	34.8750	0.1526	728.0000	163.0000	0.2239	731.0000
508	0.5099	0.5745	0.3546	0.7812	0.0793	0.7324	35.6250	0.1764	754.0000	172.0000	0.2281	756.0000
509	0.5308	0.5827	0.3720	0.8002	0.0857	0.7726	35.1250	0.1235	772.0000	169.0000	0.2189	775.0000
510	0.5317	0.5822	0.3602	0.7896	0.0845	0.7437	35.2500	0.1519	746.0000	183.0000	0.2453	749.0000
511	0.5404	0.5684	0.3384	0.7969	0.0842	0.7552	34.8750	0.1654	710.0000	171.0000	0.2408	714.0000
512	0.5147	0.5816	0.3569	0.7893	0.0842	0.7425	35.5000	0.1618	776.0000	179.0000	0.2307	781.0000
513	0.5218	0.5761	0.3530	0.8017	0.0818	0.7633	36.0000	0.1424	746.0000	167.0000	0.2239	748.0000
514	0.5290	0.5783	0.3629	0.8056	0.0820	0.7587	35.3750	0.1564	750.0000	172.0000	0.2293	752.0000
515	0.5149	0.5728	0.3608	0.7892	0.0832	0.7622	35.2500	0.1492	796.0000	171.0000	0.2148	800.0000
516	0.5276	0.5783	0.3517	0.8011	0.0793	0.7419	36.1250	0.1675	748.0000	177.0000	0.2366	753.0000
517	0.5231	0.5783	0.3561	0.8039	0.0794	0.7648	35.5000	0.1269	799.0000	167.0000	0.2090	806.0000
518	0.5246	0.5706	0.3453	0.7925	0.0829	0.7461	35.2500	0.1645	739.0000	176.0000	0.2382	744.0000
519	0.5074	0.5849	0.3575	0.8051	0.0837	0.7651	35.1250	0.1469	735.0000	173.0000	0.2354	742.0000
520	0.5181	0.5827	0.3578	0.7915	0.0814	0.7625	35.8750	0.1404	757.0000	177.0000	0.2338	763.0000
521	0.4934	0.5805	0.3581	0.7964	0.0833	0.7290	35.0000	0.1607	752.0000	181.0000	0.2407	757.0000
522	0.5228	0.5833	0.3662	0.8087	0.0815	0.7609	35.7500	0.1414	783.0000	177.0000	0.2261	786.0000
523	0.5137	0.5822	0.3650	0.8168	0.0845	0.7502	35.7500	0.1697	755.0000	168.0000	0.2225	761.0000
524	0.5205	0.5822	0.3736	0.7737	0.0804	0.7494	35.6250	0.1524	789.0000	176.0000	0.2231	795.0000
525	0.4896	0.5789	0.3475	0.7960	0.0859	0.7411	35.7500	0.1863	739.0000	168.0000	0.2273	742.0000
526	0.5048	0.5690	0.3528	0.7901	0.0767	0.7566	35.7500	0.1580	788.0000	175.0000	0.2221	791.0000
527	0.5274	0.5717	0.3428	0.8014	0.0856	0.7589	35.6250	0.1536	721.0000	161.0000	0.2233	724.0000
528	0.5302	0.5690	0.3662	0.8019	0.0818	0.7549	35.7500	0.1507	768.0000	172.0000	0.2240	771.0000
529	0.5571	0.5783	0.3465	0.8106	0.0819	0.7650	35.5000	0.1279	758.0000	168.0000	0.2216	760.0000
530	0.5358	0.5783	0.3559	0.8106	0.0846	0.7520	35.3750	0.1426	719.0000	176.0000	0.2448	723.0000
531	0.5251	0.5882	0.3633	0.8011	0.0901	0.7500	34.8750	0.1672	720.0000	172.0000	0.2389	723.0000
532	0.5316	0.5739	0.3518	0.8033	0.0793	0.7695	35.6250	0.1444	765.0000	167.0000	0.2183	767.0000
533	0.5400	0.5734	0.3570	0.7884	0.0828	0.7587	35.6250	0.1559	749.0000	176.0000	0.2350	755.0000
534	0.4926	0.5844	0.3561	0.7896	0.0815	0.7174	34.7500	0.1631	753.0000	186.0000	0.2470	756.0000
535	0.5143	0.5783	0.3613	0.7996	0.0828	0.7410	35.8750	0.1623	730.0000	184.0000	0.2521	732.0000
536	0.5206	0.5701	0.3536	0.7886	0.0798	0.7507	35.5000	0.1542	775.0000	169.0000	0.2181	779.0000
537	0.5021	0.5728	0.3428	0.8056	0.0814	0.7522	35.6250	0.1424	710.0000	171.0000	0.2408	712.0000
538	0.5424	0.5778	0.3561	0.7995	0.0848	0.7642	35.1250	0.1333	733.0000	169.0000	0.2306	740.0000
539	0.5237	0.5761	0.3606	0.8033	0.0857	0.7627	36.2500	0.1375	765.0000	171.0000	0.2235	768.0000
540	0.5281	0.5717	0.3415	0.8000	0.0870	0.7591	35.6250	0.1541	720.0000	166.0000	0.2306	723.0000
541	0.5197	0.5717	0.3619	0.7945	0.0819	0.7685	35.0000	0.1429	728.0000	165.0000	0.2266	731.0000
542	0.5158	0.5712	0.3415	0.8320	0.0860	0.7727	34.8750	0.1461	697.0000	164.0000	0.2353	700.0000
543	0.5235	0.5739	0.3421	0.8041	0.0815	0.7458	34.8750	0.1704	710.0000	172.0000	0.2423	714.0000
544	0.5059	0.5772	0.3523	0.8022	0.0824	0.7485	35.7500	0.1456	725.0000	171.0000	0.2359	731.0000
545	0.5108	0.5827	0.3554	0.7926	0.0815	0.7429	36.0000	0.1707	746.0000	180.0000	0.2413	748.0000
546	0.4930	0.5833	0.3718	0.8013	0.0836	0.7506	35.5000	0.1678	799.0000	175.0000	0.2190	806.0000
547	0.5141	0.5679	0.3544	0.8083	0.0838	0.7779	35.6250	0.1489	754.0000	163.0000	0.2162	757.0000
548	0.5222	0.5789	0.3490	0.8094	0.0825	0.7487	35.5000	0.1674	752.0000	174.0000	0.2314	757.0000
549	0.5344	0.5800	0.3475	0.8156	0.0869	0.7607	34.8750	0.1590	735.0000	168.0000	0.2286	737.0000
550	0.5125	0.5805	0.3406	0.8019	0.0834	0.7482	35.6250	0.1652	743.0000	175.0000	0.2355	745.0000
551	0.5263	0.5668	0.3325	0.7994	0.0815	0.7716	35.6250	0.1312	716.0000	164.0000	0.2291	720.0000
552	0.5198	0.5822	0.3623	0.8009	0.0811	0.7633	35.6250	0.1429	763.0000	158.0000	0.2071	768.0000
553	0.5021	0.5772	0.3608	0.8007	0.0882	0.7535	35.5000	0.1634	729.0000	176.0000	0.2414	732.0000
554	0.4928	0.5695	0.3551	0.7921	0.0781	0.7451	34.8750	0.1558	766.0000	179.0000	0.2337	769.0000
555	0.5229	0.5805	0.3618	0.8000	0.0815	0.7516	35.7500	0.1711	738.0000	182.0000	0.2466	743.0000
556	0.5119	0.5756	0.3567	0.7815	0.0855	0.7523	35.5000	0.1745	737.0000	181.0000	0.2456	740.0000
557	0.5395	0.5739	0.3515	0.8072	0.0881	0.7536	35.3750	0.1441	716.0000	174.0000	0.2430	720.0000
558	0.5536	0.5750	0.3535	0.8010	0.0805	0.7584	35.5000	0.1716	743.0000	168.0000	0.2261	749.0000
559	0.4913	0.5800	0.3570	0.8056	0.0819	0.7614	35.7500	0.1536	759.0000	172.0000	0.2266	761.0000
560	0.5761	0.5679	0.3379	0.8029	0.0838	0.7568	35.1250	0.1368	710.0000	166.0000	0.2338	713.0000
561	0.5372	0.5745	0.3546	0.8128	0.0821	0.7588	35.5000	0.1482	757.0000	170.0000	0.2246	762.0000
562	0.5372	0.5789	0.3425	0.8139	0.0802	0.7739	35.3750	0.1414	739.0000	160.0000	0.2165	744.0000
563	0.5241	0.5816	0.3626	0.7974	0.0893	0.7468	36.1250	0.1649	745.0000	174.0000	0.2336	748.0000
564	0.5487	0.5706	0.3467	0.7888	0.0793	0.7524	35.2500	0.1550	748.0000	166.0000	0.2219	750.0000
565	0.5314	0.5877	0.3663	0.7969	0.0880	0.7587	35.8750	0.1565	735.0000	178.0000	0.2422	737.0000
566	0.5038	0.5783	0.3640	0.8017	0.0794	0.7594	36.2500	0.1489	787.0000	174.0000	0.2211	793.0000
567	0.5254	0.5805	0.3568	0.7800	0.0855	0.7551	35.3750	0.1431	766.0000	184.0000	0.2402	771.0000
568	0.5286	0.5783	0.3617	0.7900	0.0826	0.7554	34.8750	0.1491	768.0000	181.0000	0.2357	774.0000
569	0.5396	0.5827	0.3684	0.8086	0.0903	0.7687	35.6250	0.1563	763.0000	174.0000	0.2280	766.0000
570	0.5042	0.5750	0.3576	0.8212	0.0832	0.7445	36.1250	0.1663	732.0000	168.0000	0.2295	734.0000
571	0.5039	0.5728	0.3636	0.8088	0.0800	0.7625	35.2500	0.1591	745.0000	166.0000	0.2228	750.0000
572	0.5011	0.5684	0.3486	0.7821	0.0770	0.7430	35.1250	0.1744	736.0000	169.0000	0.2296	742.0000
573	0.5000	0.5640	0.3491	0.8095	0.0802	0.7604	35.0000	0.1556	714.0000	158.0000	0.2213	720.0000
574	0.5372	0.5756	0.3526	0.8102	0.0837	0.7324	35.8750	0.1805	730.0000	172.0000	0.2356	733.0000
575	0.4757	0.5734	0.3566	0.7911	0.0827	0.7282	36.0000	0.1775	744.0000	182.0000	0.2446	749.0000
576	0.5434	0.5855	0.3522	0.8171	0.0815	0.7631	35.5000	0.1559	744.0000	162.0000	0.2177	747.0000
577	0.5337	0.5844	0.3610	0.7839	0.0846	0.7435	35.7500	0.1550	778.0000	178.0000	0.2288	782.0000
578	0.5334	0.5805	0.3485	0.8117	0.0865	0.7653	36.0000	0.1607	712.0000	166.0000	0.2331	714.0000
579	0.5191	0.5772	0.3559	0.8062	0.0852	0.7563	35.6250	0.1402	764.0000	165.0000	0.2160	766.0000
580	0.5017	0.5849	0.3575	0.8014	0.0764	0.7332	36.1250	0.1925	780.0000	182.0000	0.2333	785.0000
581	0.5221	0.5723	0.3544	0.8058	0.0814	0.7442	35.3750	0.1626	721.0000	178.0000	0.2469	723.0000
582	0.5374	0.5789	0.3624	0.8009	0.0800	0.7649	35.7500	0.1483	812.0000	171.0000	0.2106	816.0000
583	0.4931	0.5772	0.3603	0.8049	0.0815	0.7522	35.7500	0.1719	748.0000	177.0000	0.2366	751.0000
584	0.5395	0.5811	0.3443	0.7977	0.0824	0.7539	36.2500	0.1634	724.0000	176.0000	0.2431	729.0000
585	0.5459	0.5789	0.3516	0.8014	0.0827	0.7690	35.0000	0.1380	757.0000	166.0000	0.2193	760.0000
586	0.5104	0.5646	0.3585	0.8035	0.0812	0.7642	35.1250	0.1395	761.0000	167.0000	0.2194	767.0000
587	0.5067	0.5783	0.3544	0.8050	0.0808	0.7496	35.3750	0.1698	735.0000	172.0000	0.2340	738.0000
588	0.5390	0.5871	0.3583	0.7989	0.0872	0.7472	35.5000	0.1567	746.0000	171.0000	0.2292	748.0000
589	0.5254	0.5789	0.3816	0.8169	0.0877	0.7354	35.5000	0.1686	745.0000	178.0000	0.2389	747.0000
590	0.5182	0.5750	0.3447	0.8122	0.0806	0.7576	35.7500	0.1608	719.0000	170.0000	0.2364	722.0000
591	0.5302	0.5789	0.3649	0.7979	0.0795	0.7589	35.2500	0.1441	807.0000	176.0000	0.2181	812.0000
592	0.5345	0.5756	0.3488	0.8079	0.0817	0.7488	35.3750	0.1589	741.0000	168.0000	0.2267	743.0000
593	0.5113	0.5937	0.3674	0.7901	0.0913	0.7523	35.6250	0.1576	764.0000	180.0000	0.2356	769.0000
594	0.4984	0.5794	0.3536	0.7939	0.0813	0.7460	36.1250	0.1757	731.0000	173.0000	0.2367	733.0000
595	0.5370	0.5723	0.3581	0.7983	0.0869	0.7349	34.8750	0.1609	726.0000	187.0000	0.2576	728.0000
596	0.5443	0.5756	0.3597	0.7997	0.0851	0.7653	35.1250	0.1585	735.0000	166.0000	0.2259	737.0000
597	0.5097	0.5816	0.3481	0.7992	0.0818	0.7430	35.6250	0.1803	778.0000	173.0000	0.2224	780.0000
598	0.5342	0.5849	0.3588	0.8006	0.0824	0.7455	35.6250	0.1615	770.0000	178.0000	0.2312	773.0000
599	0.5091	0.5805	0.3474	0.8038	0.0818	0.7557	35.5000	0.1630	755.0000	171.0000	0.2265	760.0000
600	0.5524	0.5882	0.3695	0.8203	0.0846	0.7790	36.1250	0.1280	763.0000	170.0000	0.2228	766.0000
601	0.4930	0.5838	0.3594	0.8043	0.0838	0.7387	34.8750	0.1693	762.0000	173.0000	0.2270	765.0000
602	0.5377	0.5800	0.3566	0.7956	0.0823	0.7415	35.6250	0.1627	766.0000	176.0000	0.2298	770.0000
603	0.5124	0.5734	0.3611	0.7931	0.0824	0.7443	35.5000	0.1754	754.0000	180.0000	0.2387	759.0000
604	0.5360	0.5778	0.3561	0.7966	0.0849	0.7652	35.7500	0.1406	753.0000	171.0000	0.2271	756.0000
605	0.5558	0.5882	0.3572	0.8027	0.0902	0.7775	34.6250	0.1394	731.0000	166.0000	0.2271	735.0000
606	0.5258	0.5833	0.3470	0.7964	0.0817	0.7513	36.1250	0.1474	748.0000	176.0000	0.2353	751.0000
607	0.5038	0.5838	0.3587	0.8198	0.0827	0.7515	35.1250	0.1441	759.0000	168.0000	0.2213	762.0000
608	0.5108	0.5728	0.3464	0.8170	0.0861	0.7628	36.0000	0.1543	709.0000	164.0000	0.2313	711.0000
609	0.5272	0.5778	0.3533	0.7940	0.0854	0.7592	35.8750	0.1396	752.0000	173.0000	0.2301	755.0000
610	0.5189	0.5827	0.3579	0.8037	0.0851	0.7340	35.7500	0.1640	763.0000	181.0000	0.2372	767.0000
611	0.5226	0.5761	0.3410	0.7985	0.0793	0.7509	35.3750	0.1550	719.0000	164.0000	0.2281	721.0000
612	0.4954	0.5646	0.3507	0.7872	0.0848	0.7442	35.6250	0.1622	738.0000	177.0000	0.2398	742.0000
613	0.5157	0.5772	0.3438	0.8202	0.0784	0.7401	35.1250	0.1778	748.0000	158.0000	0.2112	751.0000
614	0.5336	0.5756	0.3566	0.8012	0.0832	0.7652	35.6250	0.1482	779.0000	166.0000	0.2131	783.0000
615	0.5415	0.5772	0.3578	0.8045	0.0924	0.7470	35.5000	0.1554	712.0000	184.0000	0.2584	715.0000
616	0.5331	0.5728	0.3582	0.8121	0.0796	0.7696	35.8750	0.1491	771.0000	169.0000	0.2192	774.0000
617	0.5250	0.5827	0.3588	0.7816	0.0823	0.7402	35.3750	0.1788	743.0000	181.0000	0.2436	745.0000
618	0.5239	0.5723	0.3486	0.8018	0.0839	0.7440	35.2500	0.1518	719.0000	174.0000	0.2420	721.0000
619	0.5491	0.5805	0.3570	0.7927	0.0821	0.7739	35.2500	0.1620	748.0000	167.0000	0.2233	753.0000
620	0.5508	0.5728	0.3736	0.8011	0.0843	0.7650	35.2500	0.1422	763.0000	171.0000	0.2241	766.0000
621	0.5210	0.5783	0.3589	0.7921	0.0766	0.7511	35.2500	0.1687	768.0000	175.0000	0.2279	772.0000
622	0.5071	0.5651	0.3353	0.8061	0.0843	0.7266	35.6250	0.1740	705.0000	175.0000	0.2482	707.0000
623	0.5087	0.5745	0.3616	0.8197	0.0864	0.7429	35.3750	0.1754	741.0000	176.0000	0.2375	745.0000
624	0.5399	0.5723	0.3534	0.8124	0.0862	0.7618	35.2500	0.1687	743.0000	169.0000	0.2275	748.0000
625	0.5037	0.5761	0.3501	0.7973	0.0890	0.7463	35.7500	0.1799	709.0000	175.0000	0.2468	712.0000
626	0.5254	0.5679	0.3416	0.7865	0.0811	0.7386	35.2500	0.1534	702.0000	169.0000	0.2407	708.0000
627	0.5359	0.5723	0.3508	0.7928	0.0867	0.7459	35.7500	0.1709	726.0000	171.0000	0.2355	729.0000
628	0.5466	0.5783	0.3624	0.8202	0.0857	0.7452	36.0000	0.1486	757.0000	176.0000	0.2325	763.0000
629	0.5154	0.5739	0.3650	0.8001	0.0857	0.7629	35.1250	0.1592	762.0000	170.0000	0.2231	764.0000
630	0.5250	0.5750	0.3526	0.7923	0.0868	0.7550	36.2500	0.1523	744.0000	174.0000	0.2339	748.0000
631	0.5373	0.5937	0.3533	0.7910	0.0853	0.7532	35.1250	0.1561	743.0000	174.0000	0.2342	745.0000
632	0.4996	0.5800	0.3638	0.7953	0.0785	0.7297	35.5000	0.1706	745.0000	176.0000	0.2362	751.0000
633	0.5127	0.5805	0.3625	0.7959	0.0829	0.7711	35.3750	0.1628	765.0000	166.0000	0.2170	769.0000
634	0.5382	0.5877	0.3500	0.8067	0.0871	0.7490	35.8750	0.1586	725.0000	177.0000	0.2441	729.0000
635	0.5052	0.5756	0.3612	0.7815	0.0799	0.7370	35.7500	0.1684	749.0000	180.0000	0.2403	753.0000
636	0.5119	0.5778	0.3575	0.7934	0.0840	0.7577	35.1250	0.1537	759.0000	169.0000	0.2227	762.0000
637	0.5065	0.5794	0.3657	0.7761	0.0821	0.7428	35.1250	0.1724	755.0000	180.0000	0.2384	763.0000
638	0.5008	0.5833	0.3558	0.7965	0.0866	0.7522	35.0000	0.1531	726.0000	174.0000	0.2397	731.0000
639	0.5204	0.5827	0.3572	0.8067	0.0863	0.7590	35.2500	0.1510	750.0000	170.0000	0.2267	753.0000
640	0.5619	0.5734	0.3449	0.8015	0.0812	0.7612	35.3750	0.1589	731.0000	166.0000	0.2271	735.0000
641	0.5353	0.5822	0.3489	0.8121	0.0835	0.7484	35.7500	0.1705	720.0000	172.0000	0.2389	722.0000
642	0.5408	0.5816	0.3624	0.8092	0.0846	0.7685	36.0000	0.1562	717.0000	161.0000	0.2245	720.0000
643	0.5188	0.5838	0.3598	0.7983	0.0830	0.7524	35.5000	0.1358	797.0000	178.0000	0.2233	802.0000
644	0.5315	0.5756	0.3547	0.8117	0.0841	0.7326	36.2500	0.1645	756.0000	169.0000	0.2235	759.0000
645	0.4946	0.5646	0.3583	0.8072	0.0799	0.7395	35.1250	0.1610	711.0000	169.0000	0.2377	717.0000
646	0.5149	0.5772	0.3488	0.7927	0.0812	0.7534	36.0000	0.1481	730.0000	172.0000	0.2356	735.0000
647	0.5462	0.5833	0.3585	0.7784	0.0839	0.7583	35.6250	0.1432	757.0000	180.0000	0.2378	763.0000
648	0.5574	0.5849	0.3590	0.7957	0.0847	0.7570	35.2500	0.1374	761.0000	180.0000	0.2365	763.0000
649	0.5437	0.5822	0.3570	0.7848	0.0749	0.7685	35.8750	0.1449	787.0000	173.0000	0.2198	791.0000
650	0.5149	0.5816	0.3405	0.7768	0.0809	0.7336	34.8750	0.1764	737.0000	180.0000	0.2442	741.0000
651	0.5060	0.5723	0.3427	0.7993	0.0818	0.7440	35.6250	0.1556	739.0000	178.0000	0.2409	743.0000
652	0.5300	0.5789	0.3571	0.7883	0.0807	0.7482	35.0000	0.1605	750.0000	176.0000	0.2347	753.0000
653	0.5322	0.5981	0.3621	0.8128	0.0922	0.7673	36.3750	0.1465	748.0000	169.0000	0.2259	752.0000
654	0.5534	0.5728	0.3573	0.8153	0.0799	0.7679	35.3750	0.1286	753.0000	170.0000	0.2258	756.0000
655	0.5299	0.5734	0.3490	0.8040	0.0805	0.7512	35.0000	0.1595	751.0000	167.0000	0.2224	755.0000
656	0.5418	0.5866	0.3508	0.8222	0.0797	0.7456	35.6250	0.1657	732.0000	172.0000	0.2350	735.0000
657	0.5362	0.5794	0.3506	0.7902	0.0826	0.7553	35.7500	0.1558	736.0000	172.0000	0.2337	739.0000
658	0.5376	0.5800	0.3656	0.8050	0.0781	0.7715	35.5000	0.1467	784.0000	169.0000	0.2156	790.0000
659	0.5204	0.5761	0.3498	0.7985	0.0879	0.7484	35.0000	0.1610	730.0000	171.0000	0.2342	734.0000
660	0.5095	0.5805	0.3376	0.7938	0.0791	0.7328	36.0000	0.1822	731.0000	177.0000	0.2421	734.0000
661	0.5050	0.5855	0.3663	0.7855	0.0902	0.7376	35.5000	0.1610	760.0000	190.0000	0.2500	762.0000
662	0.5169	0.5860	0.3611	0.8066	0.0867	0.7626	35.0000	0.1601	766.0000	173.0000	0.2258	770.0000
663	0.5128	0.5816	0.3738	0.7988	0.0823	0.7699	35.1250	0.1456	763.0000	169.0000	0.2215	767.0000
664	0.5315	0.5783	0.3633	0.7958	0.0889	0.7486	35.7500	0.1537	725.0000	172.0000	0.2372	727.0000
665	0.5115	0.5745	0.3554	0.7841	0.0825	0.7577	35.3750	0.1551	749.0000	169.0000	0.2256	753.0000
666	0.5451	0.5772	0.3521	0.8016	0.0859	0.7733	35.2500	0.1332	719.0000	163.0000	0.2267	723.0000
667	0.5121	0.5772	0.3582	0.7965	0.0808	0.7643	35.7500	0.1610	735.0000	168.0000	0.2286	739.0000
668	0.5359	0.5789	0.3623	0.7929	0.0830	0.7378	36.3750	0.1717	763.0000	185.0000	0.2425	765.0000
669	0.4902	0.5613	0.3336	0.8093	0.0826	0.7567	35.2500	0.1533	716.0000	168.0000	0.2346	719.0000
670	0.5276	0.5706	0.3540	0.8020	0.0844	0.7666	35.5000	0.1403	749.0000	168.0000	0.2243	753.0000
671	0.5188	0.5800	0.3602	0.7979	0.0820	0.7598	36.2500	0.1570	744.0000	175.0000	0.2352	747.0000
672	0.5293	0.5783	0.3486	0.8032	0.0782	0.7574	35.8750	0.1601	749.0000	173.0000	0.2310	753.0000
673	0.5032	0.5668	0.3503	0.7842	0.0771	0.7313	35.8750	0.1601	731.0000	177.0000	0.2421	733.0000
674	0.5177	0.5761	0.3660	0.8049	0.0865	0.7563	35.6250	0.1669	737.0000	174.0000	0.2361	739.0000
675	0.5210	0.5877	0.3479	0.8097	0.0832	0.7665	35.8750	0.1541	738.0000	169.0000	0.2290	741.0000
676	0.5257	0.5849	0.3536	0.7861	0.0822	0.7630	35.5000	0.1430	787.0000	176.0000	0.2236	790.0000
677	0.5298	0.5783	0.3692	0.8198	0.0863	0.7553	35.6250	0.1575	728.0000	169.0000	0.2321	730.0000
678	0.5260	0.5783	0.3509	0.7971	0.0824	0.7465	35.8750	0.1631	722.0000	183.0000	0.2535	724.0000
679	0.5212	0.5789	0.3651	0.7965	0.0855	0.7628	35.2500	0.1678	739.0000	172.0000	0.2327	741.0000
680	0.5130	0.5695	0.3605	0.7928	0.0772	0.7568	36.2500	0.1599	767.0000	168.0000	0.2190	774.0000
681	0.5007	0.5860	0.3696	0.7980	0.0829	0.7533	35.3750	0.1551	773.0000	173.0000	0.2238	777.0000
682	0.5409	0.5750	0.3619	0.7877	0.0872	0.7560	35.0000	0.1602	755.0000	185.0000	0.2450	759.0000
683	0.4863	0.5750	0.3478	0.7970	0.0804	0.7435	35.7500	0.1741	761.0000	169.0000	0.2221	765.0000
684	0.5036	0.5822	0.3421	0.8316	0.0815	0.7496	35.3750	0.1628	719.0000	170.0000	0.2364	721.0000
685	0.5360	0.5701	0.3531	0.7918	0.0799	0.7784	35.6250	0.1345	772.0000	164.0000	0.2124	774.0000
686	0.5158	0.5783	0.3552	0.7728	0.0745	0.7468	35.8750	0.1472	782.0000	177.0000	0.2263	786.0000
687	0.5297	0.5767	0.3479	0.8064	0.0803	0.7629	35.1250	0.1457	731.0000	166.0000	0.2271	734.0000
688	0.5573	0.5860	0.3582	0.7926	0.0890	0.7403	35.5000	0.1737	730.0000	181.0000	0.2479	734.0000
689	0.5521	0.5882	0.3666	0.8049	0.0850	0.7614	35.1250	0.1442	779.0000	178.0000	0.2285	782.0000
690	0.5219	0.5739	0.3418	0.7959	0.0822	0.7310	35.7500	0.1603	716.0000	162.0000	0.2263	718.0000
691	0.5175	0.5789	0.3531	0.7978	0.0814	0.7492	35.0000	0.1631	732.0000	172.0000	0.2350	738.0000
692	0.5110	0.5789	0.3448	0.8124	0.0844	0.7546	35.6250	0.1724	745.0000	171.0000	0.2295	747.0000
693	0.5076	0.5739	0.3558	0.7814	0.0837	0.7452	35.5000	0.1601	743.0000	176.0000	0.2369	746.0000
694	0.5428	0.5734	0.3591	0.7865	0.0869	0.7446	35.3750	0.1698	735.0000	173.0000	0.2354	738.0000
695	0.5004	0.5761	0.3562	0.7949	0.0865	0.7616	35.3750	0.1492	767.0000	165.0000	0.2151	772.0000
696	0.5202	0.5783	0.3609	0.7806	0.0832	0.7570	35.3750	0.1520	764.0000	177.0000	0.2317	767.0000
697	0.4978	0.5684	0.3596	0.7931	0.0859	0.7578	35.2500	0.1360	762.0000	171.0000	0.2244	767.0000
698	0.5467	0.5767	0.3534	0.8045	0.0859	0.7607	35.3750	0.1459	732.0000	166.0000	0.2268	735.0000
699	0.5210	0.5910	0.3621	0.8032	0.0888	0.7376	35.5000	0.1640	753.0000	179.0000	0.2377	755.0000
700	0.5128	0.5794	0.3496	0.7789	0.0817	0.7351	35.8750	0.1528	758.0000	185.0000	0.2441	762.0000
701	0.5056	0.5679	0.3473	0.7955	0.0783	0.7313	35.6250	0.1765	735.0000	167.0000	0.2272	740.0000
702	0.4888	0.5778	0.3544	0.8041	0.0823	0.7611	35.7500	0.1558	739.0000	164.0000	0.2219	743.0000
703	0.5351	0.5789	0.3508	0.7967	0.0836	0.7516	35.8750	0.1565	714.0000	169.0000	0.2367	717.0000
704	0.5314	0.5888	0.3520	0.8030	0.0829	0.7572	35.2500	0.1523	778.0000	171.0000	0.2198	782.0000
705	0.5195	0.5849	0.3551	0.8007	0.0828	0.7552	35.6250	0.1490	724.0000	171.0000	0.2362	726.0000
706	0.5320	0.5811	0.3541	0.7864	0.0791	0.7528	35.6250	0.1644	744.0000	168.0000	0.2258	746.0000
707	0.5416	0.5844	0.3622	0.7942	0.0859	0.7446	35.3750	0.1744	752.0000	178.0000	0.2367	757.0000
708	0.5387	0.5844	0.3739	0.8058	0.0884	0.7608	35.8750	0.1603	779.0000	173.0000	0.2221	781.0000
709	0.5314	0.5695	0.3614	0.7872	0.0835	0.7572	35.7500	0.1566	774.0000	177.0000	0.2287	776.0000
710	0.5191	0.5855	0.3488	0.8015	0.0838	0.7655	35.1250	0.1552	730.0000	169.0000	0.2315	732.0000
711	0.5380	0.5767	0.3455	0.8036	0.0826	0.7775	35.7500	0.1468	739.0000	159.0000	0.2152	743.0000
712	0.5146	0.5739	0.3468	0.8013	0.0879	0.7382	35.1250	0.1588	705.0000	173.0000	0.2454	708.0000
713	0.5450	0.5745	0.3554	0.7864	0.0826	0.7526	35.7500	0.1572	771.0000	170.0000	0.2205	774.0000
714	0.5304	0.5954	0.3691	0.7785	0.0886	0.7361	35.6250	0.1743	759.0000	183.0000	0.2411	764.0000
715	0.5401	0.5794	0.3728	0.7807	0.0804	0.7429	36.0000	0.1535	782.0000	186.0000	0.2379	787.0000
716	0.5456	0.5833	0.3533	0.8009	0.0866	0.7661	35.5000	0.1463	755.0000	166.0000	0.2199	759.0000
717	0.5423	0.5717	0.3411	0.8079	0.0829	0.7683	35.2500	0.1616	695.0000	156.0000	0.2245	698.0000
718	0.5140	0.5706	0.3461	0.7867	0.0785	0.7090	36.1250	0.1841	701.0000	181.0000	0.2582	703.0000
719	0.5161	0.5635	0.3458	0.8087	0.0827	0.7544	35.1250	0.1570	727.0000	161.0000	0.2215	730.0000
720	0.5206	0.5805	0.3626	0.7941	0.0794	0.7507	35.5000	0.1623	774.0000	176.0000	0.2274	777.0000
721	0.5424	0.5943	0.3643	0.8256	0.0902	0.7787	36.2500	0.1479	742.0000	167.0000	0.2251	745.0000
722	0.4973	0.5613	0.3403	0.7894	0.0784	0.7279	35.0000	0.1798	730.0000	175.0000	0.2397	734.0000
723	0.5038	0.5690	0.3496	0.8055	0.0829	0.7337	36.5000	0.1793	747.0000	176.0000	0.2356	749.0000
724	0.5156	0.5772	0.3526	0.7981	0.0818	0.7605	36.1250	0.1566	752.0000	177.0000	0.2354	755.0000
725	0.5321	0.5871	0.3675	0.7712	0.0822	0.7384	35.2500	0.1509	811.0000	185.0000	0.2281	814.0000
726	0.5486	0.5778	0.3552	0.8136	0.0878	0.7518	35.8750	0.1558	740.0000	170.0000	0.2297	743.0000
727	0.4892	0.5849	0.3673	0.8053	0.0848	0.7502	35.2500	0.1426	815.0000	177.0000	0.2172	819.0000
728	0.5160	0.5794	0.3461	0.7953	0.0796	0.7527	35.2500	0.1600	795.0000	183.0000	0.2302	799.0000
729	0.5309	0.5827	0.3609	0.7948	0.0827	0.7571	35.0000	0.1575	757.0000	167.0000	0.2206	759.0000
730	0.5111	0.5756	0.3425	0.8035	0.0831	0.7334	35.2500	0.2007	700.0000	177.0000	0.2529	703.0000
731	0.5376	0.5888	0.3547	0.7891	0.0832	0.7415	35.5000	0.1653	746.0000	182.0000	0.2440	751.0000
732	0.4942	0.5871	0.3536	0.7958	0.0815	0.7533	35.2500	0.1563	786.0000	174.0000	0.2214	790.0000
733	0.5266	0.5794	0.3503	0.7878	0.0843	0.7305	36.0000	0.1696	740.0000	178.0000	0.2405	745.0000
734	0.5246	0.5816	0.3532	0.8066	0.0839	0.7572	35.3750	0.1694	770.0000	176.0000	0.2286	773.0000
735	0.5256	0.5778	0.3606	0.8005	0.0877	0.7636	35.5000	0.1500	760.0000	168.0000	0.2211	763.0000
736	0.5139	0.5767	0.3562	0.8043	0.0803	0.7534	36.3750	0.1630	745.0000	172.0000	0.2309	749.0000
737	0.5006	0.5844	0.3527	0.7814	0.0856	0.7401	36.1250	0.1658	742.0000	177.0000	0.2385	746.0000
738	0.5373	0.5827	0.3589	0.7941	0.0756	0.7529	35.8750	0.1378	800.0000	171.0000	0.2137	806.0000
739	0.5446	0.5706	0.3617	0.7969	0.0828	0.7425	35.8750	0.1571	766.0000	175.0000	0.2285	770.0000
740	0.5197	0.5767	0.3502	0.7923	0.0883	0.7481	36.0000	0.1695	707.0000	176.0000	0.2489	710.0000
741	0.5190	0.5794	0.3596	0.8021	0.0804	0.7373	36.1250	0.1590	793.0000	192.0000	0.2421	796.0000
742	0.5247	0.5816	0.3526	0.8210	0.0866	0.7836	36.0000	0.1376	718.0000	161.0000	0.2242	720.0000
743	0.5562	0.5816	0.3586	0.7922	0.0785	0.7442	34.8750	0.1465	807.0000	170.0000	0.2107	812.0000
744	0.5224	0.5783	0.3598	0.7990	0.0833	0.7280	35.5000	0.1685	740.0000	180.0000	0.2432	746.0000
745	0.5379	0.5761	0.3478	0.7909	0.0797	0.7383	36.3750	0.1664	732.0000	180.0000	0.2459	737.0000
746	0.5462	0.5827	0.3552	0.7880	0.0780	0.7577	34.1250	0.1621	788.0000	171.0000	0.2170	793.0000
747	0.5350	0.5789	0.3656	0.8049	0.0864	0.7427	36.0000	0.1569	735.0000	181.0000	0.2463	738.0000
748	0.5224	0.5706	0.3636	0.8022	0.0836	0.7559	35.5000	0.1549	722.0000	164.0000	0.2271	725.0000
749	0.5468	0.5745	0.3509	0.7968	0.0862	0.7630	35.2500	0.1558	756.0000	172.0000	0.2275	760.0000
750	0.4805	0.5745	0.3576	0.8187	0.0762	0.7493	35.3750	0.1457	801.0000	165.0000	0.2060	804.0000
751	0.5235	0.5717	0.3476	0.8099	0.0823	0.7494	35.7500	0.1805	710.0000	165.0000	0.2324	713.0000
752	0.5356	0.5734	0.3461	0.8014	0.0857	0.7598	35.6250	0.1513	710.0000	161.0000	0.2268	713.0000
753	0.5356	0.5871	0.3639	0.8011	0.0879	0.7564	35.5000	0.1531	741.0000	171.0000	0.2308	745.0000
754	0.5392	0.5789	0.3523	0.8204	0.0858	0.7759	35.3750	0.1395	728.0000	161.0000	0.2212	730.0000
755	0.5410	0.5750	0.3378	0.8050	0.0814	0.7508	35.3750	0.1494	705.0000	175.0000	0.2482	707.0000
756	0.5512	0.5860	0.3664	0.7906	0.0853	0.7602	35.5000	0.1380	762.0000	178.0000	0.2336	767.0000
757	0.5553	0.5772	0.3594	0.8037	0.0880	0.7666	35.7500	0.1399	772.0000	167.0000	0.2163	775.0000
758	0.4992	0.5723	0.3556	0.8077	0.0862	0.7701	36.0000	0.1616	713.0000	162.0000	0.2272	715.0000
759	0.4932	0.5657	0.3470	0.7987	0.0815	0.7269	35.6250	0.1845	725.0000	168.0000	0.2317	728.0000
760	0.5276	0.5794	0.3595	0.7934	0.0832	0.7597	35.0000	0.1594	758.0000	172.0000	0.2269	761.0000
761	0.5039	0.5772	0.3571	0.8129	0.0795	0.7456	35.5000	0.1655	750.0000	170.0000	0.2267	752.0000
762	0.5205	0.5860	0.3599	0.7907	0.0825	0.7543	35.6250	0.1254	755.0000	175.0000	0.2318	761.0000
763	0.4953	0.5794	0.3532	0.8029	0.0861	0.7538	35.6250	0.1691	713.0000	170.0000	0.2384	717.0000
764	0.5099	0.5723	0.3602	0.8034	0.0811	0.7610	34.8750	0.1586	763.0000	172.0000	0.2254	765.0000
765	0.5476	0.5679	0.3420	0.8053	0.0810	0.7808	35.7500	0.1406	736.0000	161.0000	0.2188	738.0000
766	0.5059	0.5860	0.3535	0.7924	0.0801	0.7437	35.3750	0.1740	771.0000	171.0000	0.2218	776.0000
767	0.4987	0.5838	0.3686	0.7972	0.0930	0.7517	35.2500	0.1604	745.0000	179.0000	0.2403	748.0000
768	0.5340	0.5778	0.3500	0.7955	0.0864	0.7554	36.2500	0.1735	729.0000	174.0000	0.2387	734.0000
769	0.4940	0.5706	0.3533	0.7767	0.0769	0.7109	35.3750	0.1796	746.0000	190.0000	0.2547	750.0000
770	0.5361	0.5761	0.3543	0.7878	0.0808	0.7462	35.2500	0.1622	765.0000	176.0000	0.2301	771.0000
771	0.5264	0.5745	0.3459	0.8085	0.0758	0.7758	35.3750	0.1282	772.0000	161.0000	0.2085	775.0000
772	0.5299	0.5800	0.3622	0.7828	0.0856	0.7522	35.1250	0.1692	766.0000	179.0000	0.2337	772.0000
773	0.5571	0.5756	0.3435	0.7965	0.0783	0.7515	36.1250	0.1535	752.0000	174.0000	0.2314	754.0000
774	0.5413	0.5800	0.3509	0.7882	0.0829	0.7694	35.3750	0.1376	760.0000	170.0000	0.2237	763.0000
775	0.5664	0.5844	0.3488	0.7967	0.0834	0.7481	35.1250	0.1587	736.0000	168.0000	0.2283	740.0000
776	0.5041	0.5811	0.3593	0.7905	0.0811	0.7490	36.0000	0.1609	755.0000	175.0000	0.2318	757.0000
777	0.4751	0.5827	0.3559	0.7849	0.0806	0.7192	35.2500	0.1788	735.0000	177.0000	0.2408	740.0000
778	0.5114	0.5822	0.3667	0.7973	0.0839	0.7494	35.0000	0.1574	764.0000	176.0000	0.2304	769.0000
779	0.5081	0.5838	0.3642	0.8032	0.0846	0.7666	35.8750	0.1299	754.0000	169.0000	0.2241	756.0000
780	0.5139	0.5712	0.3702	0.8016	0.0874	0.7460	35.5000	0.1448	759.0000	177.0000	0.2332	761.0000
781	0.5130	0.5734	0.3601	0.8002	0.0819	0.7344	35.7500	0.1698	767.0000	180.0000	0.2347	769.0000
782	0.5360	0.5690	0.3572	0.8130	0.0800	0.7731	35.7500	0.1394	763.0000	167.0000	0.2189	766.0000
783	0.5231	0.5734	0.3569	0.7961	0.0798	0.7623	35.7500	0.1475	768.0000	175.0000	0.2279	771.0000
784	0.5212	0.5783	0.3456	0.8034	0.0793	0.7460	36.0000	0.1562	731.0000	174.0000	0.2380	738.0000
785	0.5403	0.5838	0.3626	0.8265	0.0875	0.7653	35.5000	0.1551	720.0000	167.0000	0.2319	722.0000
786	0.5208	0.5827	0.3692	0.7911	0.0846	0.7673	35.8750	0.1540	825.0000	173.0000	0.2097	829.0000
787	0.5028	0.5756	0.3463	0.8067	0.0792	0.7319	35.6250	0.1558	738.0000	179.0000	0.2425	740.0000
788	0.5449	0.5827	0.3695	0.7946	0.0836	0.7724	35.8750	0.1470	803.0000	177.0000	0.2204	810.0000
789	0.5031	0.5723	0.3402	0.7852	0.0774	0.7332	36.0000	0.1758	725.0000	172.0000	0.2372	729.0000
790	0.5232	0.5734	0.3566	0.7960	0.0826	0.7488	35.3750	0.1489	755.0000	172.0000	0.2278	758.0000
791	0.5432	0.5728	0.3606	0.8001	0.0806	0.7641	35.7500	0.1239	770.0000	169.0000	0.2195	774.0000
792	0.4747	0.5778	0.3438	0.7996	0.0798	0.7384	35.5000	0.1825	737.0000	181.0000	0.2456	740.0000
793	0.5198	0.5822	0.3515	0.8118	0.0818	0.7682	35.0000	0.1402	747.0000	172.0000	0.2303	749.0000
794	0.5216	0.5750	0.3572	0.8082	0.0790	0.7525	35.6250	0.1449	751.0000	176.0000	0.2344	755.0000
795	0.5563	0.5690	0.3513	0.7992	0.0846	0.7559	35.3750	0.1562	748.0000	169.0000	0.2259	753.0000
796	0.5218	0.5915	0.3647	0.8169	0.0879	0.7566	35.6250	0.1476	779.0000	170.0000	0.2182	781.0000
797	0.5055	0.5734	0.3486	0.8266	0.0815	0.7608	35.7500	0.1642	690.0000	165.0000	0.2391	693.0000
798	0.5157	0.5844	0.3588	0.8111	0.0872	0.7415	35.7500	0.1604	764.0000	175.0000	0.2291	767.0000
799	0.5180	0.5789	0.3511	0.8180	0.0811	0.7531	36.0000	0.1582	737.0000	168.0000	0.2280	739.0000
800	0.5307	0.5800	0.3621	0.8088	0.0813	0.7514	35.3750	0.1650	771.0000	179.0000	0.2322	777.0000
801	0.4955	0.5728	0.3420	0.7909	0.0831	0.7373	35.2500	0.1618	719.0000	176.0000	0.2448	721.0000
802	0.5253	0.5679	0.3672	0.7889	0.0870	0.7525	35.1250	0.1636	747.0000	174.0000	0.2329	750.0000
803	0.5226	0.5723	0.3570	0.8015	0.0775	0.7605	35.6250	0.1470	738.0000	164.0000	0.2222	742.0000
804	0.5145	0.5767	0.3626	0.7950	0.0881	0.7567	35.0000	0.1492	723.0000	175.0000	0.2420	728.0000
805	0.4885	0.5734	0.3557	0.8205	0.0845	0.7772	35.6250	0.1448	723.0000	162.0000	0.2241	726.0000
806	0.5202	0.5844	0.3591	0.7896	0.0855	0.7718	35.5000	0.1533	750.0000	167.0000	0.2227	753.0000
807	0.5137	0.5805	0.3565	0.7882	0.0864	0.7466	35.3750	0.1591	752.0000	179.0000	0.2380	757.0000
808	0.5233	0.5860	0.3617	0.7888	0.0843	0.7440	36.0000	0.1781	772.0000	177.0000	0.2293	779.0000
809	0.5293	0.5745	0.3523	0.8056	0.0789	0.7515	35.7500	0.1588	727.0000	168.0000	0.2311	730.0000
810	0.5561	0.5750	0.3624	0.8025	0.0885	0.7466	35.3750	0.1435	741.0000	172.0000	0.2321	746.0000
811	0.4750	0.5827	0.3487	0.7880	0.0848	0.7370	35.2500	0.1717	768.0000	178.0000	0.2318	771.0000
812	0.5205	0.5866	0.3668	0.7793	0.0842	0.7380	36.3750	0.1858	776.0000	180.0000	0.2320	782.0000
813	0.5299	0.5794	0.3580	0.7783	0.0836	0.7502	35.6250	0.1532	783.0000	175.0000	0.2235	787.0000
814	0.5263	0.5833	0.3663	0.7918	0.0819	0.7540	35.0000	0.1874	743.0000	174.0000	0.2342	750.0000
815	0.4844	0.5838	0.3455	0.8093	0.0807	0.7488	36.8750	0.1730	766.0000	173.0000	0.2258	769.0000
816	0.5203	0.5761	0.3667	0.7863	0.0889	0.7418	35.3750	0.1612	750.0000	177.0000	0.2360	754.0000
817	0.5289	0.5888	0.3607	0.8238	0.0857	0.7716	35.6250	0.1470	735.0000	169.0000	0.2299	739.0000
818	0.5434	0.5712	0.3634	0.7861	0.0794	0.7560	34.8750	0.1517	724.0000	173.0000	0.2390	728.0000
819	0.5228	0.5701	0.3547	0.8073	0.0809	0.7429	35.7500	0.1494	775.0000	171.0000	0.2206	777.0000
820	0.4805	0.5827	0.3508	0.8131	0.0806	0.7334	34.8750	0.1607	737.0000	176.0000	0.2388	740.0000
821	0.5024	0.5833	0.3572	0.7868	0.0858	0.7537	35.0000	0.1563	735.0000	166.0000	0.2259	739.0000
822	0.5289	0.5783	0.3581	0.8097	0.0834	0.7602	35.1250	0.1485	726.0000	167.0000	0.2300	731.0000
823	0.5355	0.5822	0.3583	0.8046	0.0835	0.7605	34.5000	0.1433	779.0000	170.0000	0.2182	784.0000
824	0.5192	0.5904	0.3523	0.7821	0.0834	0.7458	34.7500	0.1584	775.0000	174.0000	0.2245	779.0000
825	0.5049	0.5838	0.3667	0.7971	0.0864	0.7322	35.7500	0.1872	749.0000	172.0000	0.2296	753.0000
826	0.5061	0.5822	0.3617	0.8046	0.0860	0.7549	35.8750	0.1739	727.0000	164.0000	0.2256	730.0000
827	0.4916	0.5778	0.3619	0.8006	0.0767	0.7376	35.5000	0.1745	774.0000	179.0000	0.2313	777.0000
828	0.5282	0.5811	0.3489	0.8038	0.0773	0.7526	35.8750	0.1455	776.0000	170.0000	0.2191	780.0000
829	0.5155	0.5789	0.3504	0.7892	0.0853	0.7433	35.3750	0.1649	738.0000	169.0000	0.2290	740.0000
830	0.5043	0.5767	0.3539	0.8138	0.0833	0.7486	35.2500	0.1681	710.0000	167.0000	0.2352	713.0000
831	0.5182	0.5893	0.3604	0.7825	0.0850	0.7529	35.2500	0.1658	760.0000	169.0000	0.2224	762.0000
832	0.5211	0.5816	0.3552	0.8037	0.0800	0.7537	35.2500	0.1641	774.0000	177.0000	0.2287	777.0000
833	0.5288	0.5739	0.3565	0.7982	0.0811	0.7735	35.3750	0.1473	778.0000	167.0000	0.2147	780.0000
834	0.5530	0.5844	0.3523	0.8148	0.0828	0.7895	35.7500	0.1100	749.0000	155.0000	0.2069	751.0000
835	0.5317	0.5827	0.3547	0.8020	0.0859	0.7525	35.5000	0.1623	741.0000	172.0000	0.2321	745.0000
836	0.5151	0.5761	0.3465	0.8044	0.0863	0.7576	35.8750	0.1547	757.0000	178.0000	0.2351	759.0000
837	0.5277	0.5717	0.3477	0.7987	0.0831	0.7349	35.2500	0.1657	694.0000	167.0000	0.2406	696.0000
838	0.5270	0.5739	0.3526	0.8068	0.0811	0.7258	35.8750	0.1832	715.0000	181.0000	0.2531	721.0000
839	0.5555	0.5833	0.3565	0.7912	0.0815	0.7701	35.7500	0.1128	765.0000	168.0000	0.2196	773.0000
840	0.5077	0.5728	0.3561	0.8122	0.0777	0.7484	36.3750	0.1621	759.0000	173.0000	0.2279	764.0000
841	0.5252	0.5833	0.3685	0.8066	0.0888	0.7742	35.1250	0.1456	750.0000	171.0000	0.2280	752.0000
842	0.4944	0.5805	0.3574	0.7887	0.0847	0.7389	35.7500	0.1842	749.0000	175.0000	0.2336	751.0000
843	0.5459	0.5849	0.3628	0.7978	0.0844	0.7689	35.2500	0.1329	741.0000	165.0000	0.2227	743.0000
844	0.5321	0.5712	0.3588	0.8109	0.0766	0.7552	35.2500	0.1413	765.0000	177.0000	0.2314	769.0000
845	0.5379	0.5712	0.3596	0.7976	0.0790	0.7592	35.7500	0.1577	761.0000	171.0000	0.2247	767.0000
846	0.5077	0.5712	0.3428	0.7978	0.0782	0.7517	35.8750	0.1666	717.0000	167.0000	0.2329	719.0000
847	0.5153	0.5761	0.3603	0.8078	0.0823	0.7469	35.0000	0.1888	738.0000	173.0000	0.2344	740.0000
848	0.4975	0.5734	0.3400	0.8090	0.0799	0.7391	35.3750	0.1520	700.0000	167.0000	0.2386	705.0000
849	0.5267	0.5767	0.3647	0.7844	0.0833	0.7538	35.5000	0.1482	800.0000	170.0000	0.2125	806.0000
850	0.5349	0.5706	0.3543	0.8010	0.0824	0.7591	35.1250	0.1776	738.0000	167.0000	0.2263	741.0000
851	0.5497	0.5728	0.3648	0.7929	0.0767	0.7606	35.7500	0.1451	785.0000	171.0000	0.2178	791.0000
852	0.5119	0.5877	0.3588	0.7791	0.0847	0.7372	35.5000	0.1686	744.0000	189.0000	0.2540	746.0000
853	0.5171	0.5761	0.3525	0.8048	0.0756	0.7598	35.6250	0.1358	774.0000	169.0000	0.2183	781.0000
854	0.5191	0.5745	0.3638	0.8126	0.0850	0.7359	35.5000	0.1704	739.0000	178.0000	0.2409	743.0000
855	0.5526	0.5800	0.3741	0.8040	0.0853	0.7705	35.8750	0.1413	767.0000	167.0000	0.2177	771.0000
856	0.5043	0.5761	0.3599	0.7928	0.0812	0.7763	35.1250	0.1243	762.0000	165.0000	0.2165	768.0000
857	0.5093	0.5690	0.3454	0.8154	0.0825	0.7551	35.8750	0.1518	736.0000	162.0000	0.2201	742.0000
858	0.5259	0.5706	0.3582	0.7890	0.0853	0.7407	35.5000	0.1625	724.0000	177.0000	0.2445	727.0000
859	0.5175	0.5745	0.3565	0.7923	0.0790	0.7747	35.3750	0.1429	767.0000	163.0000	0.2125	774.0000
860	0.5492	0.5816	0.3640	0.7990	0.0822	0.7666	35.0000	0.1485	786.0000	171.0000	0.2176	791.0000
861	0.5442	0.5717	0.3337	0.8167	0.0829	0.7644	35.5000	0.1505	703.0000	168.0000	0.2390	705.0000
862	0.4816	0.5662	0.3501	0.7981	0.0778	0.7348	36.1250	0.1681	749.0000	182.0000	0.2430	753.0000
863	0.5034	0.5893	0.3662	0.8039	0.0844	0.7585	36.0000	0.1519	772.0000	175.0000	0.2267	776.0000
864	0.5353	0.5745	0.3492	0.8064	0.0866	0.7563	35.6250	0.1642	744.0000	171.0000	0.2298	747.0000
865	0.4861	0.5706	0.3468	0.7950	0.0782	0.7313	35.0000	0.1619	744.0000	177.0000	0.2379	750.0000
866	0.5334	0.5910	0.3735	0.7925	0.0830	0.7445	35.2500	0.1571	763.0000	173.0000	0.2267	771.0000
867	0.5242	0.5772	0.3510	0.8015	0.0799	0.7474	35.3750	0.1596	754.0000	171.0000	0.2268	757.0000
868	0.5202	0.5877	0.3609	0.8107	0.0798	0.7642	35.6250	0.1302	808.0000	177.0000	0.2191	812.0000
869	0.5139	0.5789	0.3495	0.7959	0.0831	0.7713	34.5000	0.1419	766.0000	165.0000	0.2154	768.0000
870	0.5454	0.5761	0.3565	0.7944	0.0798	0.7666	35.5000	0.1456	814.0000	171.0000	0.2101	818.0000
871	0.5451	0.5772	0.3585	0.8129	0.0832	0.7740	35.7500	0.1380	739.0000	162.0000	0.2192	745.0000
872	0.5412	0.5767	0.3635	0.8111	0.0843	0.7727	34.8750	0.1518	755.0000	160.0000	0.2119	759.0000
873	0.5617	0.5761	0.3571	0.7988	0.0856	0.7621	35.0000	0.1459	729.0000	168.0000	0.2305	735.0000
874	0.4974	0.5701	0.3551	0.7940	0.0841	0.7341	35.5000	0.1811	727.0000	181.0000	0.2490	731.0000
875	0.5162	0.5712	0.3478	0.8024	0.0808	0.7515	35.7500	0.1352	762.0000	173.0000	0.2270	766.0000
876	0.5197	0.5750	0.3463	0.7970	0.0802	0.7456	35.3750	0.1568	755.0000	183.0000	0.2424	760.0000
877	0.5065	0.5668	0.3478	0.8039	0.0803	0.7553	35.8750	0.1420	742.0000	174.0000	0.2345	748.0000
878	0.5257	0.5750	0.3453	0.8128	0.0849	0.7687	35.8750	0.1570	722.0000	165.0000	0.2285	724.0000
879	0.5137	0.5734	0.3471	0.7858	0.0807	0.7490	35.5000	0.1502	731.0000	171.0000	0.2339	734.0000
880	0.5153	0.5739	0.3540	0.8113	0.0782	0.7433	35.5000	0.1603	766.0000	177.0000	0.2311	768.0000
881	0.5196	0.5794	0.3671	0.7951	0.0817	0.7605	35.5000	0.1510	783.0000	175.0000	0.2235	789.0000
882	0.5531	0.5750	0.3698	0.8149	0.0923	0.7713	35.8750	0.1409	747.0000	167.0000	0.2236	750.0000
883	0.5483	0.5739	0.3528	0.7856	0.0847	0.7455	35.1250	0.1701	752.0000	169.0000	0.2247	755.0000
884	0.5158	0.5640	0.3362	0.7851	0.0821	0.7342	35.7500	0.1628	721.0000	181.0000	0.2510	724.0000
885	0.5201	0.5778	0.3569	0.8024	0.0859	0.7608	35.0000	0.1587	739.0000	172.0000	0.2327	742.0000
886	0.5373	0.5866	0.3636	0.8043	0.0868	0.7627	35.6250	0.1603	759.0000	174.0000	0.2292	763.0000
887	0.5326	0.5772	0.3555	0.7981	0.0829	0.7593	35.1250	0.1445	720.0000	167.0000	0.2319	723.0000
888	0.5094	0.5750	0.3648	0.7929	0.0785	0.7386	35.3750	0.1364	771.0000	178.0000	0.2309	778.0000
889	0.5102	0.5794	0.3625	0.7978	0.0822	0.7576	35.1250	0.1655	783.0000	172.0000	0.2197	787.0000
890	0.5457	0.5591	0.3393	0.8248	0.0869	0.7574	35.6250	0.1574	663.0000	166.0000	0.2504	666.0000
891	0.4937	0.5866	0.3632	0.8218	0.0861	0.7592	34.8750	0.1568	731.0000	171.0000	0.2339	735.0000
892	0.5393	0.5783	0.3483	0.8224	0.0847	0.7686	35.7500	0.1536	725.0000	160.0000	0.2207	729.0000
893	0.4885	0.5717	0.3603	0.7963	0.0862	0.7375	35.6250	0.1660	757.0000	172.0000	0.2272	764.0000
894	0.5151	0.5778	0.3607	0.8057	0.0843	0.7381	35.0000	0.1538	751.0000	182.0000	0.2423	753.0000
895	0.5093	0.5723	0.3494	0.7915	0.0811	0.7290	35.7500	0.1710	714.0000	176.0000	0.2465	718.0000
896	0.4978	0.5673	0.3503	0.8095	0.0800	0.7529	35.0000	0.1544	756.0000	167.0000	0.2209	758.0000
897	0.5421	0.5690	0.3393	0.8094	0.0814	0.7538	35.1250	0.1529	727.0000	169.0000	0.2325	730.0000
898	0.5176	0.5794	0.3474	0.8055	0.0814	0.7491	34.7500	0.1615	703.0000	171.0000	0.2432	707.0000
899	0.5394	0.5723	0.3388	0.8051	0.0769	0.7304	35.8750	0.1699	706.0000	176.0000	0.2493	711.0000
900	0.5257	0.5701	0.3636	0.7986	0.0825	0.7537	34.8750	0.1559	774.0000	170.0000	0.2196	778.0000
901	0.5069	0.5888	0.3680	0.7968	0.0882	0.7543	36.2500	0.1495	782.0000	182.0000	0.2327	784.0000
902	0.5278	0.5800	0.3494	0.7877	0.0835	0.7443	35.5000	0.1537	735.0000	179.0000	0.2435	738.0000
903	0.5168	0.5789	0.3599	0.7861	0.0829	0.7418	35.1250	0.1495	728.0000	177.0000	0.2431	733.0000
904	0.5220	0.5800	0.3493	0.7963	0.0899	0.7479	35.8750	0.1673	721.0000	177.0000	0.2455	725.0000
905	0.5184	0.5701	0.3469	0.7977	0.0814	0.7372	35.2500	0.1643	734.0000	179.0000	0.2439	739.0000
906	0.5019	0.5712	0.3447	0.8021	0.0804	0.7209	35.8750	0.1714	725.0000	174.0000	0.2400	728.0000
907	0.5519	0.5789	0.3574	0.8120	0.0929	0.7716	35.5000	0.1582	752.0000	176.0000	0.2340	754.0000
908	0.5200	0.5915	0.3668	0.8057	0.0885	0.7485	35.6250	0.1458	753.0000	173.0000	0.2297	757.0000
909	0.5376	0.5816	0.3508	0.7939	0.0803	0.7593	35.1250	0.1470	774.0000	172.0000	0.2222	776.0000
910	0.5150	0.5778	0.3626	0.7957	0.0808	0.7501	35.2500	0.1702	769.0000	177.0000	0.2302	772.0000
911	0.5095	0.5811	0.3666	0.7949	0.0815	0.7561	35.8750	0.1567	766.0000	179.0000	0.2337	768.0000
912	0.5285	0.5833	0.3525	0.8080	0.0844	0.7604	35.7500	0.1399	747.0000	163.0000	0.2182	750.0000
913	0.5070	0.5695	0.3394	0.8123	0.0859	0.7339	35.1250	0.1791	687.0000	171.0000	0.2489	690.0000
914	0.5043	0.5877	0.3593	0.7979	0.0813	0.7580	35.2500	0.1740	750.0000	171.0000	0.2280	754.0000
915	0.5168	0.5712	0.3385	0.7958	0.0848	0.7463	35.2500	0.1622	709.0000	170.0000	0.2398	712.0000
916	0.5376	0.5860	0.3555	0.7810	0.0864	0.7451	35.2500	0.1684	723.0000	178.0000	0.2462	725.0000
917	0.5089	0.5690	0.3511	0.8005	0.0827	0.7376	36.1250	0.1720	737.0000	175.0000	0.2374	742.0000
918	0.5311	0.5811	0.3628	0.7905	0.0814	0.7559	34.6250	0.1472	794.0000	177.0000	0.2229	797.0000
919	0.5266	0.5811	0.3540	0.7869	0.0807	0.7578	35.5000	0.1433	739.0000	171.0000	0.2314	742.0000
920	0.5074	0.5767	0.3644	0.8038	0.0841	0.7589	36.0000	0.1592	744.0000	168.0000	0.2258	746.0000
921	0.5319	0.5657	0.3349	0.8007	0.0753	0.7730	35.3750	0.1480	725.0000	160.0000	0.2207	728.0000
922	0.5129	0.5866	0.3788	0.8136	0.0808	0.7646	35.1250	0.1379	793.0000	172.0000	0.2169	796.0000
923	0.5229	0.5750	0.3538	0.8075	0.0890	0.7579	35.3750	0.1517	711.0000	172.0000	0.2419	714.0000
924	0.5069	0.5717	0.3617	0.7849	0.0789	0.7413	35.5000	0.1762	763.0000	173.0000	0.2267	771.0000
925	0.5146	0.5893	0.3687	0.7914	0.0855	0.7611	35.0000	0.1526	758.0000	173.0000	0.2282	763.0000
926	0.5224	0.5728	0.3584	0.8047	0.0846	0.7361	35.5000	0.1731	728.0000	177.0000	0.2431	732.0000
927	0.5211	0.5717	0.3477	0.7962	0.0858	0.7651	35.3750	0.1557	743.0000	167.0000	0.2248	747.0000
928	0.5205	0.5706	0.3448	0.7894	0.0849	0.7426	35.5000	0.1406	750.0000	177.0000	0.2360	753.0000
929	0.5205	0.5888	0.3694	0.8156	0.0873	0.7700	35.8750	0.1403	752.0000	168.0000	0.2234	754.0000
930	0.5510	0.5822	0.3668	0.7891	0.0905	0.7620	35.6250	0.1371	770.0000	172.0000	0.2234	773.0000
931	0.5177	0.5805	0.3579	0.8010	0.0873	0.7410	35.8750	0.1563	733.0000	179.0000	0.2442	737.0000
932	0.4867	0.5750	0.3560	0.7966	0.0785	0.7495	35.5000	0.1572	753.0000	174.0000	0.2311	758.0000
933	0.5239	0.5888	0.3582	0.7984	0.0905	0.7542	35.0000	0.1657	750.0000	177.0000	0.2360	752.0000
934	0.5425	0.5844	0.3616	0.8023	0.0891	0.7555	35.5000	0.1650	727.0000	169.0000	0.2325	729.0000
935	0.5030	0.5767	0.3612	0.8021	0.0801	0.7735	35.3750	0.1519	766.0000	165.0000	0.2154	769.0000
936	0.5018	0.5767	0.3476	0.7955	0.0813	0.7279	35.2500	0.1711	727.0000	177.0000	0.2435	731.0000
937	0.4898	0.5739	0.3468	0.7983	0.0805	0.7444	35.6250	0.1483	766.0000	169.0000	0.2206	770.0000
938	0.4969	0.5849	0.3496	0.8066	0.0811	0.7521	35.7500	0.1504	766.0000	170.0000	0.2219	770.0000
939	0.4955	0.5778	0.3565	0.7907	0.0819	0.7552	35.5000	0.1634	740.0000	175.0000	0.2365	743.0000
940	0.5100	0.5690	0.3414	0.8165	0.0775	0.7673	35.3750	0.1472	725.0000	158.0000	0.2179	728.0000
941	0.5043	0.5728	0.3613	0.8033	0.0800	0.7453	35.3750	0.1561	801.0000	173.0000	0.2160	805.0000
942	0.5155	0.5695	0.3434	0.8017	0.0766	0.7520	35.1250	0.1562	759.0000	171.0000	0.2253	761.0000
943	0.5314	0.5657	0.3415	0.7989	0.0812	0.7533	35.8750	0.1579	737.0000	166.0000	0.2252	739.0000
944	0.4933	0.5800	0.3515	0.7939	0.0805	0.7433	35.8750	0.1639	777.0000	185.0000	0.2381	783.0000
945	0.5426	0.5794	0.3647	0.7992	0.0862	0.7752	35.8750	0.1445	748.0000	165.0000	0.2206	751.0000
946	0.5381	0.5800	0.3684	0.7937	0.0808	0.7444	35.2500	0.1510	786.0000	181.0000	0.2303	789.0000
947	0.5269	0.5838	0.3698	0.7942	0.0879	0.7793	35.6250	0.1427	783.0000	168.0000	0.2146	786.0000
948	0.5330	0.5662	0.3472	0.7998	0.0813	0.7390	34.8750	0.1534	731.0000	161.0000	0.2202	735.0000
949	0.5153	0.5789	0.3534	0.7967	0.0802	0.7479	35.5000	0.1469	735.0000	177.0000	0.2408	737.0000
950	0.5252	0.5794	0.3536	0.8246	0.0807	0.7477	34.6250	0.1459	744.0000	165.0000	0.2218	747.0000
951	0.5222	0.5794	0.3516	0.8039	0.0803	0.7358	35.8750	0.1824	727.0000	173.0000	0.2380	732.0000
952	0.5436	0.5778	0.3525	0.8106	0.0792	0.7624	35.1250	0.1473	755.0000	170.0000	0.2252	759.0000
953	0.5320	0.5706	0.3525	0.8166	0.0890	0.7717	35.6250	0.1395	702.0000	165.0000	0.2350	706.0000
954	0.5102	0.5734	0.3544	0.8064	0.0837	0.7548	34.6250	0.1560	723.0000	169.0000	0.2337	727.0000
955	0.5242	0.5679	0.3538	0.8021	0.0830	0.7382	35.6250	0.1608	754.0000	175.0000	0.2321	759.0000
956	0.5137	0.5706	0.3483	0.8007	0.0766	0.7512	35.8750	0.1601	733.0000	168.0000	0.2292	741.0000
957	0.5332	0.5827	0.3572	0.7922	0.0811	0.7601	35.8750	0.1492	765.0000	170.0000	0.2222	767.0000
958	0.5130	0.5800	0.3587	0.8044	0.0822	0.7742	34.7500	0.1417	735.0000	159.0000	0.2163	740.0000
959	0.5346	0.5684	0.3502	0.7980	0.0775	0.7798	35.3750	0.1436	771.0000	163.0000	0.2114	781.0000
960	0.5062	0.5542	0.3349	0.8021	0.0752	0.7244	35.6250	0.1887	722.0000	177.0000	0.2452	725.0000
961	0.5355	0.5805	0.3507	0.7938	0.0830	0.7477	36.0000	0.1520	747.0000	180.0000	0.2410	751.0000
962	0.5276	0.5745	0.3443	0.7993	0.0821	0.7360	35.8750	0.1781	705.0000	179.0000	0.2539	707.0000
963	0.5088	0.5800	0.3573	0.8098	0.0823	0.7592	35.6250	0.1508	755.0000	172.0000	0.2278	758.0000
964	0.5184	0.5816	0.3561	0.7922	0.0823	0.7486	35.7500	0.1475	732.0000	178.0000	0.2432	735.0000
965	0.4971	0.5822	0.3663	0.7935	0.0800	0.7469	34.6250	0.1591	802.0000	180.0000	0.2244	810.0000
966	0.5323	0.5723	0.3494	0.8165	0.0801	0.7635	35.6250	0.1498	763.0000	176.0000	0.2307	768.0000
967	0.5385	0.5750	0.3545	0.8056	0.0799	0.7571	35.3750	0.1523	730.0000	170.0000	0.2329	734.0000
968	0.5123	0.5745	0.3501	0.7905	0.0802	0.7576	35.6250	0.1462	753.0000	174.0000	0.2311	759.0000
969	0.5477	0.5657	0.3462	0.7860	0.0807	0.7585	35.7500	0.1565	758.0000	171.0000	0.2256	764.0000
970	0.5045	0.5800	0.3474	0.8031	0.0854	0.7591	35.1250	0.1459	707.0000	158.0000	0.2235	711.0000
971	0.5158	0.5778	0.3577	0.8072	0.0911	0.7488	35.6250	0.1386	749.0000	169.0000	0.2256	751.0000
972	0.5083	0.5838	0.3562	0.7978	0.0871	0.7289	35.5000	0.1691	727.0000	184.0000	0.2531	731.0000
973	0.5232	0.5965	0.3600	0.7953	0.0823	0.7414	35.5000	0.1531	772.0000	180.0000	0.2332	777.0000
974	0.5159	0.5745	0.3525	0.8017	0.0818	0.7580	35.1250	0.1570	734.0000	165.0000	0.2248	739.0000
975	0.5324	0.5767	0.3531	0.7898	0.0792	0.7554	35.8750	0.1572	729.0000	169.0000	0.2318	731.0000
976	0.5357	0.5640	0.3490	0.8046	0.0865	0.7582	35.7500	0.1758	709.0000	173.0000	0.2440	712.0000
977	0.5292	0.5833	0.3577	0.8137	0.0896	0.7610	35.7500	0.1547	733.0000	170.0000	0.2319	735.0000
978	0.5182	0.5844	0.3513	0.7922	0.0817	0.7598	36.0000	0.1554	769.0000	174.0000	0.2263	772.0000
979	0.5342	0.5882	0.3544	0.8076	0.0815	0.7551	35.7500	0.1581	764.0000	164.0000	0.2147	768.0000
980	0.5293	0.5860	0.3719	0.8046	0.0810	0.7623	36.2500	0.1559	819.0000	175.0000	0.2137	824.0000
981	0.5562	0.5838	0.3477	0.7927	0.0902	0.7487	36.0000	0.1393	725.0000	172.0000	0.2372	727.0000
982	0.4990	0.5844	0.3624	0.7845	0.0847	0.7440	36.0000	0.1732	779.0000	176.0000	0.2259	782.0000
983	0.5606	0.5800	0.3476	0.8134	0.0817	0.7560	35.8750	0.1574	743.0000	176.0000	0.2369	748.0000
984	0.5011	0.5772	0.3593	0.7961	0.0849	0.7436	35.0000	0.1646	731.0000	178.0000	0.2435	735.0000
985	0.5100	0.5827	0.3510	0.7994	0.0839	0.7477	34.7500	0.1553	759.0000	175.0000	0.2306	761.0000
986	0.5293	0.5778	0.3468	0.8052	0.0829	0.7581	35.3750	0.1559	712.0000	164.0000	0.2303	715.0000
987	0.5215	0.5827	0.3630	0.7969	0.0895	0.7498	35.0000	0.1593	734.0000	174.0000	0.2371	738.0000
988	0.5056	0.5789	0.3537	0.7974	0.0850	0.7308	36.1250	0.1592	748.0000	179.0000	0.2393	751.0000
989	0.4989	0.5651	0.3489	0.8101	0.0761	0.7563	35.7500	0.1648	737.0000	161.0000	0.2185	745.0000
990	0.5354	0.5712	0.3560	0.7933	0.0816	0.7462	35.5000	0.1513	737.0000	175.0000	0.2374	740.0000
991	0.5631	0.5756	0.3534	0.8046	0.0818	0.7556	35.2500	0.1449	735.0000	172.0000	0.2340	740.0000
992	0.5511	0.5811	0.3531	0.8158	0.0877	0.7623	35.5000	0.1419	738.0000	165.0000	0.2236	741.0000
993	0.5490	0.5745	0.3613	0.8068	0.0897	0.7661	35.1250	0.1290	753.0000	167.0000	0.2218	755.0000
994	0.4622	0.5717	0.3558	0.7982	0.0825	0.7416	35.3750	0.1667	744.0000	163.0000	0.2191	748.0000
995	0.5185	0.5783	0.3550	0.8226	0.0858	0.7792	35.3750	0.1262	730.0000	156.0000	0.2137	735.0000
996	0.5208	0.5778	0.3576	0.8067	0.0759	0.7731	35.2500	0.1439	760.0000	164.0000	0.2158	766.0000
997	0.5516	0.5756	0.3577	0.8041	0.0758	0.7741	35.5000	0.1365	795.0000	163.0000	0.2050	802.0000
998	0.5092	0.5855	0.3710	0.8070	0.0816	0.7566	35.1250	0.1538	774.0000	169.0000	0.2183	778.0000
999	0.5276	0.5701	0.3497	0.7931	0.0825	0.7724	35.0000	0.1596	735.0000	165.0000	0.2245	738.0000
1000	0.5338	0.5723	0.3555	0.7957	0.0833	0.7547	35.1250	0.1647	772.0000	174.0000	0.2254	775.0000
