accuracy	proportion	density	fuzziness	coverage	purity	sounds	missing	ubound	clusters	props	patterns
1	0.5041	0.6416	0.3543	0.7187	0.2725	0.7683	36.0000	0.1397	1053.0000	237.0000	0.2251	1055.0000
2	0.4883	0.6124	0.3615	0.7319	0.2579	0.7551	35.3750	0.1339	898.0000	212.0000	0.2361	901.0000
3	0.5156	0.5910	0.3634	0.7544	0.2401	0.7686	35.3750	0.1431	857.0000	193.0000	0.2252	859.0000
4	0.4997	0.5893	0.3621	0.7603	0.2469	0.7647	35.0000	0.1560	815.0000	195.0000	0.2393	817.0000
5	0.4948	0.5871	0.3555	0.7534	0.2351	0.7639	35.2500	0.1559	788.0000	193.0000	0.2449	792.0000
6	0.5087	0.5860	0.3708	0.7402	0.2490	0.7428	36.0000	0.1660	828.0000	202.0000	0.2440	832.0000
7	0.5062	0.5767	0.3565	0.7690	0.2389	0.7683	35.2500	0.1691	746.0000	178.0000	0.2386	751.0000
8	0.5015	0.5816	0.3643	0.7556	0.2371	0.7679	35.6250	0.1338	784.0000	191.0000	0.2436	788.0000
9	0.4745	0.5844	0.3821	0.7515	0.2433	0.7731	35.1250	0.1416	816.0000	188.0000	0.2304	818.0000
10	0.4729	0.5794	0.3623	0.7478	0.2332	0.7718	35.7500	0.1476	773.0000	184.0000	0.2380	776.0000
11	0.4939	0.5866	0.3672	0.7348	0.2473	0.7401	35.8750	0.1406	778.0000	198.0000	0.2545	782.0000
12	0.5265	0.5816	0.3598	0.7691	0.2328	0.7531	35.8750	0.1636	748.0000	192.0000	0.2567	751.0000
13	0.5380	0.5712	0.3565	0.7977	0.2408	0.7712	34.7500	0.1446	721.0000	180.0000	0.2497	725.0000
14	0.4868	0.5717	0.3586	0.7428	0.2359	0.7522	34.5000	0.1454	771.0000	189.0000	0.2451	777.0000
15	0.5251	0.5833	0.3544	0.7630	0.2359	0.7634	36.0000	0.1435	701.0000	183.0000	0.2611	705.0000
16	0.4593	0.5679	0.3561	0.7724	0.2293	0.7569	35.5000	0.1537	730.0000	183.0000	0.2507	735.0000
17	0.4945	0.5844	0.3611	0.7416	0.2375	0.7599	35.2500	0.1441	775.0000	188.0000	0.2426	778.0000
18	0.4919	0.5904	0.3542	0.7641	0.2422	0.7557	35.7500	0.1455	777.0000	187.0000	0.2407	781.0000
19	0.4888	0.5838	0.3718	0.7273	0.2285	0.7450	35.7500	0.1743	777.0000	200.0000	0.2574	780.0000
20	0.5031	0.5767	0.3615	0.7643	0.2368	0.7591	35.3750	0.1566	787.0000	187.0000	0.2376	791.0000
21	0.5161	0.5783	0.3521	0.7663	0.2398	0.7581	35.8750	0.1423	782.0000	186.0000	0.2379	787.0000
22	0.4928	0.5750	0.3616	0.7637	0.2446	0.7623	35.7500	0.1525	736.0000	176.0000	0.2391	740.0000
23	0.5054	0.5717	0.3528	0.7593	0.2316	0.7595	35.2500	0.1443	751.0000	181.0000	0.2410	756.0000
24	0.5157	0.5904	0.3589	0.7622	0.2300	0.7818	36.0000	0.1547	740.0000	185.0000	0.2500	743.0000
25	0.5031	0.5745	0.3585	0.7698	0.2426	0.7543	35.2500	0.1718	755.0000	178.0000	0.2358	760.0000
26	0.4639	0.5761	0.3586	0.7541	0.2359	0.7600	35.7500	0.1575	773.0000	187.0000	0.2419	778.0000
27	0.4879	0.5706	0.3485	0.7625	0.2304	0.7497	35.6250	0.1419	750.0000	191.0000	0.2547	752.0000
28	0.5127	0.5712	0.3430	0.7618	0.2313	0.7425	35.3750	0.1790	727.0000	190.0000	0.2613	730.0000
29	0.5243	0.5811	0.3636	0.7553	0.2443	0.7587	35.3750	0.1401	772.0000	192.0000	0.2487	774.0000
30	0.5140	0.5690	0.3521	0.7518	0.2284	0.7609	35.6250	0.1460	716.0000	186.0000	0.2598	720.0000
31	0.5216	0.5767	0.3579	0.7760	0.2387	0.7581	35.6250	0.1579	724.0000	186.0000	0.2569	729.0000
32	0.5222	0.5838	0.3571	0.7627	0.2311	0.7820	35.0000	0.1509	796.0000	182.0000	0.2286	800.0000
33	0.4956	0.5701	0.3527	0.7611	0.2322	0.7498	35.7500	0.1643	787.0000	189.0000	0.2402	791.0000
34	0.4855	0.5816	0.3655	0.7573	0.2378	0.7629	36.0000	0.1618	754.0000	189.0000	0.2507	757.0000
35	0.4867	0.5833	0.3651	0.7449	0.2419	0.7407	35.0000	0.1655	787.0000	200.0000	0.2541	790.0000
36	0.4603	0.5805	0.3707	0.7597	0.2437	0.7406	35.2500	0.1688	772.0000	197.0000	0.2552	776.0000
37	0.4991	0.5772	0.3608	0.7561	0.2400	0.7459	35.6250	0.1640	769.0000	194.0000	0.2523	772.0000
38	0.5001	0.5712	0.3474	0.7609	0.2378	0.7575	35.5000	0.1492	750.0000	186.0000	0.2480	752.0000
39	0.5264	0.5959	0.3605	0.7637	0.2415	0.7568	34.8750	0.1526	747.0000	193.0000	0.2584	752.0000
40	0.5057	0.5745	0.3564	0.7699	0.2409	0.7587	35.5000	0.1448	744.0000	183.0000	0.2460	747.0000
41	0.4889	0.5772	0.3709	0.7730	0.2451	0.7617	35.5000	0.1595	786.0000	188.0000	0.2392	791.0000
42	0.5052	0.5800	0.3677	0.7697	0.2414	0.7591	36.1250	0.1437	774.0000	184.0000	0.2377	779.0000
43	0.5060	0.5772	0.3618	0.7372	0.2406	0.7499	35.3750	0.1550	780.0000	195.0000	0.2500	783.0000
44	0.5157	0.5855	0.3694	0.7466	0.2429	0.7583	35.7500	0.1604	767.0000	190.0000	0.2477	772.0000
45	0.5187	0.5723	0.3638	0.7523	0.2413	0.7641	35.1250	0.1306	769.0000	182.0000	0.2367	772.0000
46	0.5279	0.5756	0.3569	0.7573	0.2431	0.7657	34.8750	0.1650	781.0000	185.0000	0.2369	787.0000
47	0.4898	0.5888	0.3645	0.7347	0.2374	0.7641	35.1250	0.1320	800.0000	200.0000	0.2500	803.0000
48	0.5049	0.5833	0.3662	0.7614	0.2395	0.7659	36.5000	0.1694	761.0000	190.0000	0.2497	765.0000
49	0.5118	0.5767	0.3591	0.7564	0.2424	0.7517	35.7500	0.1451	792.0000	192.0000	0.2424	796.0000
50	0.5053	0.5794	0.3664	0.7614	0.2402	0.7455	35.2500	0.1634	751.0000	196.0000	0.2610	754.0000
51	0.4852	0.5772	0.3574	0.7469	0.2322	0.7629	35.5000	0.1465	748.0000	189.0000	0.2527	751.0000
52	0.4806	0.5816	0.3527	0.7739	0.2414	0.7697	35.5000	0.1675	748.0000	182.0000	0.2433	753.0000
53	0.5035	0.5761	0.3610	0.7572	0.2377	0.7501	35.3750	0.1758	780.0000	193.0000	0.2474	783.0000
54	0.5262	0.5745	0.3671	0.7564	0.2430	0.7703	36.0000	0.1536	778.0000	190.0000	0.2442	782.0000
55	0.5107	0.5805	0.3550	0.7587	0.2318	0.7767	36.1250	0.1535	713.0000	182.0000	0.2553	717.0000
56	0.4960	0.5816	0.3562	0.7642	0.2318	0.7574	35.3750	0.1532	758.0000	187.0000	0.2467	760.0000
57	0.5058	0.5717	0.3509	0.7515	0.2424	0.7678	35.3750	0.1463	768.0000	179.0000	0.2331	772.0000
58	0.5169	0.5794	0.3619	0.7436	0.2304	0.7476	35.8750	0.1468	737.0000	191.0000	0.2592	740.0000
59	0.5221	0.5640	0.3385	0.7689	0.2212	0.7697	35.5000	0.1375	727.0000	174.0000	0.2393	731.0000
60	0.5139	0.5783	0.3531	0.7406	0.2329	0.7503	35.3750	0.1746	756.0000	200.0000	0.2646	758.0000
61	0.5037	0.5679	0.3578	0.7509	0.2305	0.7520	35.3750	0.1683	730.0000	192.0000	0.2630	732.0000
62	0.4997	0.5750	0.3516	0.7618	0.2450	0.7358	35.6250	0.1892	728.0000	190.0000	0.2610	731.0000
63	0.5259	0.5701	0.3593	0.7588	0.2397	0.7744	34.7500	0.1339	740.0000	178.0000	0.2405	747.0000
64	0.4828	0.5624	0.3470	0.7582	0.2319	0.7576	35.1250	0.1666	736.0000	179.0000	0.2432	738.0000
65	0.4927	0.5712	0.3661	0.7497	0.2410	0.7587	35.3750	0.1476	779.0000	185.0000	0.2375	781.0000
66	0.5354	0.5805	0.3611	0.7467	0.2317	0.7574	35.0000	0.1455	747.0000	191.0000	0.2557	750.0000
67	0.5125	0.5838	0.3641	0.7510	0.2430	0.7443	35.3750	0.1580	761.0000	200.0000	0.2628	763.0000
68	0.4941	0.5800	0.3620	0.7655	0.2446	0.7473	36.2500	0.1628	734.0000	195.0000	0.2657	737.0000
69	0.4994	0.5822	0.3626	0.7597	0.2419	0.7684	35.0000	0.1436	821.0000	183.0000	0.2229	830.0000
70	0.5177	0.5706	0.3625	0.7455	0.2405	0.7764	35.3750	0.1436	796.0000	180.0000	0.2261	801.0000
71	0.5131	0.5789	0.3603	0.7510	0.2369	0.7579	35.6250	0.1655	791.0000	189.0000	0.2389	796.0000
72	0.4925	0.5805	0.3582	0.7428	0.2384	0.7594	35.3750	0.1409	738.0000	185.0000	0.2507	740.0000
73	0.5058	0.5827	0.3419	0.7706	0.2331	0.7542	35.7500	0.1735	712.0000	181.0000	0.2542	714.0000
74	0.4846	0.5767	0.3586	0.7500	0.2387	0.7686	35.3750	0.1461	801.0000	187.0000	0.2335	806.0000
75	0.4688	0.5816	0.3694	0.7664	0.2440	0.7633	35.7500	0.1325	798.0000	189.0000	0.2368	801.0000
76	0.5436	0.5745	0.3564	0.7628	0.2355	0.7767	35.0000	0.1313	757.0000	175.0000	0.2312	759.0000
77	0.5192	0.5822	0.3619	0.7595	0.2395	0.7678	34.8750	0.1341	778.0000	186.0000	0.2391	783.0000
78	0.5086	0.5805	0.3651	0.7421	0.2386	0.7740	35.2500	0.1357	783.0000	175.0000	0.2235	787.0000
79	0.4617	0.5607	0.3432	0.7595	0.2345	0.7604	35.8750	0.1670	735.0000	182.0000	0.2476	738.0000
80	0.5059	0.5761	0.3600	0.7825	0.2340	0.7600	36.0000	0.1524	717.0000	180.0000	0.2510	721.0000
81	0.4700	0.5734	0.3604	0.7490	0.2354	0.7624	35.6250	0.1510	783.0000	193.0000	0.2465	788.0000
82	0.5097	0.5657	0.3565	0.7602	0.2347	0.7569	35.3750	0.1550	764.0000	184.0000	0.2408	768.0000
83	0.5343	0.5783	0.3661	0.7717	0.2461	0.7837	35.3750	0.1373	799.0000	173.0000	0.2165	803.0000
84	0.4837	0.5750	0.3542	0.7558	0.2362	0.7473	34.7500	0.1582	774.0000	189.0000	0.2442	780.0000
85	0.4982	0.5767	0.3484	0.7640	0.2300	0.7572	35.3750	0.1467	717.0000	187.0000	0.2608	719.0000
86	0.5210	0.5822	0.3720	0.7540	0.2492	0.7726	36.1250	0.1322	783.0000	191.0000	0.2439	786.0000
87	0.4739	0.5739	0.3559	0.7431	0.2365	0.7380	36.2500	0.1758	764.0000	191.0000	0.2500	772.0000
88	0.5128	0.5767	0.3509	0.7701	0.2317	0.7700	35.8750	0.1385	735.0000	184.0000	0.2503	738.0000
89	0.5181	0.5789	0.3605	0.7459	0.2365	0.7643	35.3750	0.1458	740.0000	183.0000	0.2473	746.0000
90	0.4938	0.5750	0.3620	0.7770	0.2441	0.7498	36.1250	0.1524	784.0000	190.0000	0.2423	787.0000
91	0.5208	0.5778	0.3622	0.7725	0.2333	0.7615	35.6250	0.1464	781.0000	191.0000	0.2446	785.0000
92	0.5088	0.5778	0.3570	0.7638	0.2459	0.7412	35.0000	0.1430	755.0000	192.0000	0.2543	760.0000
93	0.4863	0.5811	0.3637	0.7584	0.2370	0.7566	35.3750	0.1582	765.0000	188.0000	0.2458	767.0000
94	0.5124	0.5745	0.3437	0.7739	0.2232	0.7692	35.3750	0.1325	713.0000	181.0000	0.2539	715.0000
95	0.5392	0.5778	0.3538	0.7526	0.2324	0.7668	35.3750	0.1334	737.0000	189.0000	0.2564	739.0000
96	0.5120	0.5860	0.3672	0.7723	0.2456	0.7651	35.5000	0.1416	782.0000	188.0000	0.2404	784.0000
97	0.5070	0.5772	0.3501	0.7481	0.2351	0.7738	35.6250	0.1491	773.0000	186.0000	0.2406	776.0000
98	0.4938	0.5662	0.3486	0.7728	0.2330	0.7598	35.2500	0.1501	744.0000	180.0000	0.2419	749.0000
99	0.4638	0.5888	0.3772	0.7607	0.2390	0.7352	35.3750	0.1718	777.0000	201.0000	0.2587	780.0000
100	0.5077	0.5701	0.3607	0.7753	0.2327	0.7581	35.2500	0.1468	700.0000	187.0000	0.2671	704.0000
101	0.4967	0.5822	0.3790	0.7551	0.2432	0.7579	36.1250	0.1556	790.0000	188.0000	0.2380	796.0000
102	0.4887	0.5800	0.3628	0.7414	0.2346	0.7584	36.1250	0.1467	751.0000	185.0000	0.2463	755.0000
103	0.5175	0.5838	0.3635	0.7488	0.2329	0.7682	35.1250	0.1568	761.0000	193.0000	0.2536	765.0000
104	0.5053	0.5712	0.3594	0.7560	0.2357	0.7751	35.1250	0.1404	747.0000	175.0000	0.2343	751.0000
105	0.4823	0.5717	0.3578	0.7477	0.2354	0.7604	35.0000	0.1467	787.0000	189.0000	0.2402	793.0000
106	0.5374	0.5734	0.3526	0.7608	0.2359	0.7763	34.7500	0.1434	763.0000	183.0000	0.2398	768.0000
107	0.4899	0.5739	0.3673	0.7825	0.2437	0.7452	35.3750	0.1761	762.0000	190.0000	0.2493	764.0000
108	0.4999	0.5893	0.3701	0.7561	0.2408	0.7392	36.2500	0.1658	783.0000	194.0000	0.2478	789.0000
109	0.4977	0.5789	0.3667	0.7745	0.2458	0.7678	35.6250	0.1330	744.0000	187.0000	0.2513	748.0000
110	0.5174	0.5761	0.3531	0.7686	0.2338	0.7653	35.6250	0.1528	739.0000	182.0000	0.2463	742.0000
111	0.4878	0.5695	0.3519	0.7622	0.2337	0.7553	34.8750	0.1684	721.0000	184.0000	0.2552	725.0000
112	0.4845	0.5921	0.3659	0.7513	0.2395	0.7418	36.0000	0.1716	768.0000	193.0000	0.2513	773.0000
113	0.5096	0.5624	0.3582	0.7394	0.2388	0.7578	35.2500	0.1392	764.0000	187.0000	0.2448	769.0000
114	0.4993	0.5706	0.3513	0.7540	0.2363	0.7526	35.6250	0.1538	717.0000	186.0000	0.2594	721.0000
115	0.5164	0.5789	0.3628	0.7558	0.2413	0.7645	35.6250	0.1432	735.0000	186.0000	0.2531	739.0000
116	0.5220	0.5794	0.3667	0.7565	0.2426	0.7713	35.7500	0.1341	797.0000	180.0000	0.2258	801.0000
117	0.5253	0.5838	0.3650	0.7424	0.2383	0.7688	35.5000	0.1553	783.0000	197.0000	0.2516	789.0000
118	0.5019	0.5789	0.3569	0.7767	0.2371	0.7634	35.8750	0.1410	758.0000	182.0000	0.2401	764.0000
119	0.5092	0.5970	0.3687	0.7372	0.2374	0.7562	36.0000	0.1502	772.0000	197.0000	0.2552	774.0000
120	0.4785	0.5866	0.3654	0.7469	0.2387	0.7290	35.0000	0.1793	761.0000	204.0000	0.2681	766.0000
121	0.4812	0.5805	0.3537	0.7626	0.2342	0.7603	35.7500	0.1682	763.0000	184.0000	0.2412	767.0000
122	0.4835	0.5888	0.3690	0.7664	0.2363	0.7757	35.2500	0.1486	757.0000	178.0000	0.2351	763.0000
123	0.4668	0.5860	0.3653	0.7381	0.2401	0.7546	35.5000	0.1486	792.0000	198.0000	0.2500	797.0000
124	0.4958	0.5800	0.3613	0.7547	0.2400	0.7704	34.8750	0.1586	756.0000	184.0000	0.2434	759.0000
125	0.4945	0.5915	0.3628	0.7633	0.2385	0.7564	35.8750	0.1486	752.0000	192.0000	0.2553	755.0000
126	0.4937	0.5800	0.3687	0.7589	0.2431	0.7624	35.3750	0.1552	759.0000	193.0000	0.2543	761.0000
127	0.5041	0.5849	0.3685	0.7581	0.2406	0.7518	35.3750	0.1474	780.0000	191.0000	0.2449	786.0000
128	0.4673	0.5761	0.3557	0.7558	0.2374	0.7502	35.5000	0.1684	774.0000	191.0000	0.2468	776.0000
129	0.4823	0.5778	0.3566	0.7519	0.2313	0.7501	35.6250	0.1499	737.0000	191.0000	0.2592	740.0000
130	0.4711	0.5723	0.3423	0.7641	0.2285	0.7468	35.5000	0.1581	735.0000	190.0000	0.2585	738.0000
131	0.4824	0.5673	0.3512	0.7576	0.2380	0.7468	35.6250	0.1728	741.0000	187.0000	0.2524	747.0000
132	0.5123	0.5816	0.3584	0.7664	0.2387	0.7575	35.7500	0.1535	734.0000	178.0000	0.2425	737.0000
133	0.4956	0.5772	0.3567	0.7709	0.2422	0.7483	35.5000	0.1654	765.0000	192.0000	0.2510	767.0000
134	0.5009	0.5783	0.3598	0.7485	0.2343	0.7584	36.0000	0.1623	765.0000	195.0000	0.2549	769.0000
135	0.4977	0.5767	0.3622	0.7407	0.2306	0.7429	35.5000	0.1585	766.0000	198.0000	0.2585	768.0000
136	0.5105	0.5789	0.3723	0.7697	0.2471	0.7751	35.5000	0.1268	754.0000	178.0000	0.2361	758.0000
137	0.5289	0.5734	0.3484	0.7468	0.2281	0.7563	35.2500	0.1508	735.0000	196.0000	0.2667	737.0000
138	0.4843	0.5772	0.3642	0.7682	0.2390	0.7366	35.5000	0.1626	757.0000	203.0000	0.2682	761.0000
139	0.5442	0.5838	0.3543	0.7664	0.2409	0.7705	36.1250	0.1468	768.0000	186.0000	0.2422	771.0000
140	0.5319	0.5668	0.3453	0.7662	0.2307	0.7677	35.2500	0.1355	705.0000	186.0000	0.2638	708.0000
141	0.4893	0.5646	0.3593	0.7439	0.2358	0.7570	35.1250	0.1529	752.0000	188.0000	0.2500	756.0000
142	0.4784	0.5690	0.3627	0.7637	0.2411	0.7711	35.5000	0.1447	765.0000	181.0000	0.2366	771.0000
143	0.4902	0.5855	0.3727	0.7371	0.2379	0.7568	35.8750	0.1468	820.0000	196.0000	0.2390	824.0000
144	0.5382	0.5717	0.3432	0.7635	0.2319	0.7522	35.7500	0.1550	691.0000	184.0000	0.2663	694.0000
145	0.4748	0.5717	0.3556	0.7629	0.2410	0.7634	35.2500	0.1285	786.0000	182.0000	0.2316	788.0000
146	0.5285	0.5794	0.3610	0.7636	0.2390	0.7788	35.7500	0.1425	757.0000	177.0000	0.2338	763.0000
147	0.4968	0.5789	0.3665	0.7648	0.2367	0.7607	35.7500	0.1507	750.0000	193.0000	0.2573	752.0000
148	0.5245	0.5838	0.3604	0.7671	0.2336	0.7670	35.1250	0.1529	752.0000	185.0000	0.2460	754.0000
149	0.5003	0.5822	0.3698	0.7508	0.2368	0.7685	36.0000	0.1336	787.0000	186.0000	0.2363	792.0000
150	0.4946	0.5712	0.3543	0.7566	0.2383	0.7405	35.0000	0.1859	778.0000	193.0000	0.2481	784.0000
151	0.5003	0.5734	0.3602	0.7439	0.2363	0.7576	36.0000	0.1567	766.0000	197.0000	0.2572	770.0000
152	0.5173	0.5789	0.3670	0.7644	0.2310	0.7535	35.7500	0.1609	752.0000	180.0000	0.2394	758.0000
153	0.4916	0.5767	0.3488	0.7621	0.2287	0.7638	35.8750	0.1591	725.0000	183.0000	0.2524	728.0000
154	0.4854	0.5662	0.3510	0.7528	0.2308	0.7466	35.6250	0.1620	742.0000	192.0000	0.2588	745.0000
155	0.4875	0.5888	0.3648	0.7636	0.2451	0.7575	35.8750	0.1600	809.0000	196.0000	0.2423	816.0000
156	0.4976	0.5717	0.3475	0.7542	0.2383	0.7528	35.6250	0.1446	758.0000	189.0000	0.2493	762.0000
157	0.4796	0.5723	0.3518	0.7546	0.2280	0.7438	35.3750	0.1807	743.0000	195.0000	0.2624	746.0000
158	0.4902	0.5761	0.3688	0.7651	0.2423	0.7648	35.6250	0.1476	775.0000	192.0000	0.2477	777.0000
159	0.4826	0.5717	0.3549	0.7701	0.2323	0.7657	35.2500	0.1520	774.0000	183.0000	0.2364	776.0000
160	0.4981	0.5943	0.3611	0.7644	0.2351	0.7541	36.1250	0.1682	747.0000	189.0000	0.2530	749.0000
161	0.4898	0.5849	0.3585	0.7698	0.2365	0.7839	36.1250	0.1375	737.0000	179.0000	0.2429	742.0000
162	0.5157	0.5684	0.3544	0.7576	0.2457	0.7580	35.7500	0.1528	800.0000	190.0000	0.2375	803.0000
163	0.5042	0.5783	0.3674	0.7488	0.2433	0.7539	35.6250	0.1607	795.0000	193.0000	0.2428	800.0000
164	0.4960	0.5701	0.3507	0.7433	0.2283	0.7595	35.2500	0.1730	739.0000	183.0000	0.2476	742.0000
165	0.5064	0.5734	0.3506	0.7432	0.2295	0.7379	35.3750	0.1771	746.0000	193.0000	0.2587	749.0000
166	0.4802	0.5921	0.3652	0.7458	0.2352	0.7710	35.5000	0.1534	788.0000	181.0000	0.2297	795.0000
167	0.5216	0.5811	0.3828	0.7654	0.2534	0.7852	35.3750	0.1294	795.0000	182.0000	0.2289	798.0000
168	0.4717	0.5844	0.3542	0.7696	0.2368	0.7545	35.5000	0.1647	769.0000	187.0000	0.2432	772.0000
169	0.5338	0.5690	0.3523	0.7536	0.2339	0.7528	35.3750	0.1453	760.0000	187.0000	0.2461	762.0000
170	0.5095	0.5789	0.3576	0.7610	0.2395	0.7499	35.8750	0.1665	742.0000	188.0000	0.2534	747.0000
171	0.5373	0.5833	0.3620	0.7682	0.2362	0.7776	35.8750	0.1446	743.0000	180.0000	0.2423	747.0000
172	0.5077	0.5723	0.3623	0.7696	0.2347	0.7486	35.7500	0.1591	764.0000	190.0000	0.2487	767.0000
173	0.4469	0.5756	0.3486	0.7564	0.2268	0.7769	34.8750	0.1520	771.0000	179.0000	0.2322	775.0000
174	0.4993	0.5827	0.3585	0.7613	0.2430	0.7394	35.6250	0.1646	779.0000	199.0000	0.2555	781.0000
175	0.5243	0.5734	0.3624	0.7626	0.2421	0.7769	35.7500	0.1115	789.0000	183.0000	0.2319	796.0000
176	0.5331	0.5701	0.3557	0.7511	0.2370	0.7861	35.3750	0.1213	794.0000	175.0000	0.2204	797.0000
177	0.4830	0.5629	0.3487	0.7767	0.2314	0.7614	35.0000	0.1497	724.0000	179.0000	0.2472	727.0000
178	0.4916	0.5772	0.3639	0.7473	0.2379	0.7470	35.6250	0.1705	778.0000	195.0000	0.2506	783.0000
179	0.4944	0.5794	0.3511	0.7520	0.2340	0.7607	35.3750	0.1392	760.0000	195.0000	0.2566	764.0000
180	0.4553	0.5651	0.3599	0.7497	0.2363	0.7486	35.2500	0.1517	762.0000	189.0000	0.2480	765.0000
181	0.4680	0.5657	0.3462	0.7482	0.2270	0.7493	35.1250	0.1509	751.0000	186.0000	0.2477	753.0000
182	0.4813	0.5789	0.3655	0.7547	0.2459	0.7526	34.8750	0.1553	776.0000	182.0000	0.2345	783.0000
183	0.4751	0.5739	0.3608	0.7699	0.2363	0.7454	35.6250	0.1499	746.0000	201.0000	0.2694	749.0000
184	0.5207	0.5800	0.3640	0.7477	0.2369	0.7550	35.3750	0.1633	764.0000	194.0000	0.2539	767.0000
185	0.5261	0.5712	0.3590	0.7719	0.2384	0.7734	35.5000	0.1479	748.0000	171.0000	0.2286	754.0000
186	0.4814	0.5827	0.3617	0.7536	0.2357	0.7550	35.3750	0.1701	770.0000	186.0000	0.2416	772.0000
187	0.5214	0.5772	0.3628	0.7750	0.2423	0.7659	35.6250	0.1537	772.0000	188.0000	0.2435	776.0000
188	0.5138	0.5734	0.3626	0.7458	0.2449	0.7607	35.2500	0.1584	808.0000	196.0000	0.2426	814.0000
189	0.5178	0.5783	0.3699	0.7458	0.2319	0.7537	35.0000	0.1479	801.0000	191.0000	0.2385	803.0000
190	0.4874	0.5756	0.3609	0.7565	0.2371	0.7588	35.1250	0.1521	805.0000	190.0000	0.2360	812.0000
191	0.4658	0.5756	0.3516	0.7585	0.2323	0.7453	35.7500	0.1572	747.0000	193.0000	0.2584	751.0000
192	0.4976	0.5783	0.3591	0.7529	0.2367	0.7626	35.2500	0.1497	800.0000	192.0000	0.2400	802.0000
193	0.5141	0.5739	0.3541	0.7626	0.2381	0.7484	35.5000	0.1558	739.0000	186.0000	0.2517	743.0000
194	0.4857	0.5756	0.3658	0.7663	0.2427	0.7564	35.2500	0.1422	756.0000	184.0000	0.2434	760.0000
195	0.4877	0.5778	0.3530	0.7583	0.2420	0.7579	35.1250	0.1599	752.0000	191.0000	0.2540	754.0000
196	0.4959	0.5767	0.3700	0.7545	0.2362	0.7685	35.5000	0.1587	799.0000	188.0000	0.2353	805.0000
197	0.5303	0.5772	0.3563	0.7525	0.2372	0.7544	35.5000	0.1538	727.0000	188.0000	0.2586	729.0000
198	0.5039	0.5635	0.3465	0.7682	0.2274	0.7594	35.2500	0.1531	675.0000	176.0000	0.2607	677.0000
199	0.5061	0.5871	0.3698	0.7522	0.2366	0.7632	35.7500	0.1468	787.0000	189.0000	0.2402	789.0000
200	0.5273	0.5805	0.3536	0.7596	0.2411	0.7590	35.2500	0.1248	773.0000	190.0000	0.2458	778.0000
201	0.5361	0.5750	0.3636	0.7504	0.2293	0.7636	35.3750	0.1611	744.0000	190.0000	0.2554	747.0000
202	0.4798	0.5800	0.3528	0.7587	0.2338	0.7482	36.0000	0.1532	753.0000	195.0000	0.2590	755.0000
203	0.4741	0.5794	0.3480	0.7488	0.2284	0.7497	35.3750	0.1623	739.0000	188.0000	0.2544	743.0000
204	0.5152	0.5800	0.3522	0.7555	0.2346	0.7472	36.0000	0.1554	754.0000	190.0000	0.2520	759.0000
205	0.4937	0.5910	0.3808	0.7454	0.2456	0.7642	35.6250	0.1434	791.0000	188.0000	0.2377	794.0000
206	0.5228	0.5662	0.3412	0.7723	0.2308	0.7641	35.3750	0.1612	737.0000	176.0000	0.2388	740.0000
207	0.4796	0.5750	0.3498	0.7587	0.2345	0.7499	35.7500	0.1701	726.0000	183.0000	0.2521	730.0000
208	0.4864	0.5739	0.3555	0.7609	0.2463	0.7498	35.3750	0.1578	789.0000	181.0000	0.2294	795.0000
209	0.4970	0.5794	0.3652	0.7664	0.2428	0.7603	35.5000	0.1434	751.0000	188.0000	0.2503	755.0000
210	0.4560	0.5734	0.3605	0.7766	0.2430	0.7581	35.5000	0.1658	757.0000	190.0000	0.2510	760.0000
211	0.5128	0.5750	0.3587	0.7509	0.2308	0.7501	35.5000	0.1591	750.0000	189.0000	0.2520	757.0000
212	0.5186	0.5723	0.3359	0.7732	0.2242	0.7508	35.5000	0.1505	704.0000	183.0000	0.2599	707.0000
213	0.5007	0.5816	0.3629	0.7538	0.2369	0.7566	35.3750	0.1510	763.0000	184.0000	0.2412	766.0000
214	0.5263	0.5855	0.3774	0.7763	0.2461	0.7836	35.0000	0.1264	754.0000	176.0000	0.2334	759.0000
215	0.5429	0.5778	0.3692	0.7717	0.2401	0.7663	35.1250	0.1569	735.0000	181.0000	0.2463	738.0000
216	0.5093	0.5673	0.3547	0.7715	0.2411	0.7702	34.8750	0.1593	747.0000	180.0000	0.2410	750.0000
217	0.4691	0.5778	0.3650	0.7767	0.2383	0.7615	35.3750	0.1610	789.0000	184.0000	0.2332	795.0000
218	0.5019	0.5745	0.3548	0.7594	0.2362	0.7657	35.7500	0.1636	786.0000	192.0000	0.2443	792.0000
219	0.4821	0.5783	0.3655	0.7583	0.2407	0.7422	36.2500	0.1593	795.0000	199.0000	0.2503	799.0000
220	0.5277	0.5679	0.3468	0.7475	0.2277	0.7529	35.2500	0.1618	741.0000	183.0000	0.2470	746.0000
221	0.5108	0.5888	0.3641	0.7469	0.2352	0.7654	35.5000	0.1432	772.0000	197.0000	0.2552	775.0000
222	0.5236	0.5673	0.3548	0.7675	0.2325	0.7605	35.2500	0.1550	743.0000	185.0000	0.2490	747.0000
223	0.4928	0.5761	0.3606	0.7764	0.2453	0.7704	35.0000	0.1416	789.0000	182.0000	0.2307	791.0000
224	0.5162	0.5849	0.3720	0.7539	0.2409	0.7482	35.3750	0.1776	782.0000	194.0000	0.2481	785.0000
225	0.5320	0.5706	0.3583	0.7639	0.2377	0.7619	35.2500	0.1348	769.0000	184.0000	0.2393	771.0000
226	0.4746	0.5756	0.3504	0.7553	0.2387	0.7678	35.3750	0.1402	779.0000	188.0000	0.2413	783.0000
227	0.5264	0.5695	0.3529	0.7773	0.2343	0.7669	36.0000	0.1451	737.0000	180.0000	0.2442	740.0000
228	0.5104	0.5871	0.3626	0.7690	0.2388	0.7556	35.8750	0.1608	746.0000	192.0000	0.2574	752.0000
229	0.4919	0.5772	0.3550	0.7658	0.2429	0.7531	35.6250	0.1651	723.0000	181.0000	0.2503	725.0000
230	0.5144	0.5690	0.3479	0.7656	0.2345	0.7646	35.2500	0.1516	729.0000	173.0000	0.2373	731.0000
231	0.5117	0.5822	0.3670	0.7660	0.2436	0.7679	35.1250	0.1408	765.0000	179.0000	0.2340	770.0000
232	0.4936	0.5761	0.3426	0.7601	0.2287	0.7591	34.5000	0.1591	754.0000	179.0000	0.2374	758.0000
233	0.4906	0.5695	0.3557	0.7469	0.2372	0.7574	35.3750	0.1446	783.0000	187.0000	0.2388	787.0000
234	0.5102	0.5855	0.3500	0.7440	0.2275	0.7651	35.6250	0.1503	759.0000	191.0000	0.2516	761.0000
235	0.4746	0.5723	0.3606	0.7770	0.2404	0.7423	35.3750	0.1813	755.0000	190.0000	0.2517	761.0000
236	0.4939	0.5673	0.3576	0.7567	0.2374	0.7657	35.6250	0.1346	765.0000	188.0000	0.2458	768.0000
237	0.5052	0.5789	0.3644	0.7573	0.2315	0.7679	35.6250	0.1485	765.0000	187.0000	0.2444	773.0000
238	0.5038	0.5701	0.3569	0.7809	0.2355	0.7725	35.8750	0.1576	759.0000	180.0000	0.2372	763.0000
239	0.5114	0.5739	0.3636	0.7761	0.2387	0.7545	35.3750	0.1681	759.0000	181.0000	0.2385	762.0000
240	0.5103	0.5772	0.3543	0.7745	0.2355	0.7619	35.3750	0.1443	764.0000	182.0000	0.2382	768.0000
241	0.4946	0.5794	0.3547	0.7607	0.2427	0.7472	35.7500	0.1631	793.0000	194.0000	0.2446	797.0000
242	0.4667	0.5695	0.3587	0.7525	0.2382	0.7651	35.7500	0.1633	737.0000	187.0000	0.2537	740.0000
243	0.5038	0.5778	0.3536	0.7605	0.2344	0.7631	35.7500	0.1553	780.0000	187.0000	0.2397	785.0000
244	0.4861	0.5734	0.3514	0.7586	0.2329	0.7528	35.3750	0.1571	738.0000	188.0000	0.2547	741.0000
245	0.4691	0.5739	0.3578	0.7525	0.2411	0.7548	35.2500	0.1553	792.0000	189.0000	0.2386	795.0000
246	0.5223	0.5783	0.3688	0.7688	0.2388	0.7747	35.7500	0.1346	740.0000	186.0000	0.2514	743.0000
247	0.4887	0.5673	0.3420	0.7627	0.2300	0.7537	35.8750	0.1652	732.0000	187.0000	0.2555	739.0000
248	0.5087	0.5756	0.3531	0.7561	0.2316	0.7380	35.1250	0.1846	715.0000	184.0000	0.2573	717.0000
249	0.4814	0.5800	0.3576	0.7786	0.2378	0.7623	36.0000	0.1554	774.0000	184.0000	0.2377	778.0000
250	0.5142	0.5838	0.3562	0.7775	0.2443	0.7571	36.1250	0.1419	795.0000	180.0000	0.2264	798.0000
251	0.5058	0.5805	0.3653	0.7662	0.2372	0.7738	35.1250	0.1365	745.0000	184.0000	0.2470	749.0000
252	0.5011	0.5783	0.3638	0.7627	0.2376	0.7514	35.2500	0.1598	752.0000	183.0000	0.2434	754.0000
253	0.5032	0.5871	0.3583	0.7668	0.2400	0.7680	35.7500	0.1413	780.0000	192.0000	0.2462	785.0000
254	0.4939	0.5789	0.3597	0.7502	0.2272	0.7567	35.7500	0.1619	742.0000	182.0000	0.2453	747.0000
255	0.5219	0.5789	0.3475	0.7618	0.2274	0.7530	35.6250	0.1425	728.0000	189.0000	0.2596	732.0000
256	0.4813	0.5756	0.3626	0.7781	0.2344	0.7539	35.8750	0.1842	776.0000	185.0000	0.2384	779.0000
257	0.5046	0.5712	0.3474	0.7525	0.2365	0.7425	35.3750	0.1554	745.0000	192.0000	0.2577	747.0000
258	0.5218	0.5789	0.3575	0.7604	0.2359	0.7614	34.8750	0.1370	795.0000	183.0000	0.2302	800.0000
259	0.5198	0.5844	0.3537	0.7646	0.2354	0.7728	35.1250	0.1258	768.0000	183.0000	0.2383	772.0000
260	0.5163	0.5877	0.3679	0.7518	0.2269	0.7607	35.1250	0.1572	761.0000	187.0000	0.2457	764.0000
261	0.5361	0.5778	0.3588	0.7609	0.2326	0.7664	35.6250	0.1490	748.0000	177.0000	0.2366	753.0000
262	0.4940	0.5756	0.3693	0.7391	0.2388	0.7411	36.1250	0.1594	786.0000	197.0000	0.2506	793.0000
263	0.5115	0.5712	0.3511	0.7659	0.2294	0.7655	35.0000	0.1520	732.0000	177.0000	0.2418	734.0000
264	0.5091	0.5734	0.3460	0.7660	0.2268	0.7448	35.5000	0.1640	738.0000	191.0000	0.2588	740.0000
265	0.4828	0.5833	0.3834	0.7462	0.2474	0.7498	35.7500	0.1571	806.0000	203.0000	0.2519	812.0000
266	0.4931	0.5783	0.3509	0.7492	0.2305	0.7622	35.5000	0.1487	778.0000	198.0000	0.2545	782.0000
267	0.4858	0.5959	0.3714	0.7507	0.2421	0.7630	35.8750	0.1589	793.0000	192.0000	0.2421	796.0000
268	0.4843	0.5723	0.3492	0.7418	0.2276	0.7576	35.7500	0.1471	746.0000	194.0000	0.2601	752.0000
269	0.4995	0.5915	0.3768	0.7538	0.2425	0.7614	36.0000	0.1557	821.0000	205.0000	0.2497	826.0000
270	0.4854	0.5761	0.3540	0.7707	0.2359	0.7757	35.2500	0.1451	766.0000	181.0000	0.2363	768.0000
271	0.5075	0.5712	0.3523	0.7519	0.2351	0.7682	34.7500	0.1435	758.0000	180.0000	0.2375	764.0000
272	0.5211	0.5783	0.3537	0.7522	0.2276	0.7804	34.5000	0.1387	757.0000	180.0000	0.2378	759.0000
273	0.5381	0.5745	0.3534	0.7455	0.2288	0.7831	34.8750	0.1276	777.0000	174.0000	0.2239	782.0000
274	0.5288	0.5904	0.3733	0.7603	0.2455	0.7725	35.5000	0.1456	808.0000	184.0000	0.2277	811.0000
275	0.5031	0.5849	0.3640	0.7528	0.2298	0.7683	36.0000	0.1432	803.0000	194.0000	0.2416	808.0000
276	0.5011	0.5778	0.3590	0.7443	0.2345	0.7574	35.2500	0.1426	731.0000	190.0000	0.2599	734.0000
277	0.5278	0.5855	0.3573	0.7647	0.2294	0.7781	35.1250	0.1515	732.0000	180.0000	0.2459	734.0000
278	0.4806	0.5772	0.3607	0.7467	0.2449	0.7727	35.2500	0.1378	769.0000	185.0000	0.2406	774.0000
279	0.4725	0.5783	0.3549	0.7596	0.2329	0.7547	35.3750	0.1546	763.0000	180.0000	0.2359	766.0000
280	0.4666	0.5728	0.3480	0.7607	0.2294	0.7385	35.7500	0.1779	700.0000	188.0000	0.2686	703.0000
281	0.4794	0.5767	0.3607	0.7529	0.2382	0.7274	35.8750	0.1818	782.0000	205.0000	0.2621	785.0000
282	0.4657	0.5800	0.3628	0.7614	0.2407	0.7652	35.0000	0.1414	771.0000	186.0000	0.2412	777.0000
283	0.5380	0.5833	0.3646	0.7819	0.2388	0.7693	35.6250	0.1511	718.0000	181.0000	0.2521	722.0000
284	0.4975	0.5794	0.3643	0.7647	0.2376	0.7721	35.7500	0.1377	794.0000	184.0000	0.2317	798.0000
285	0.5082	0.5888	0.3681	0.7787	0.2369	0.7600	35.6250	0.1583	780.0000	192.0000	0.2462	782.0000
286	0.5063	0.5745	0.3555	0.7678	0.2341	0.7432	35.6250	0.1725	727.0000	194.0000	0.2669	730.0000
287	0.4850	0.5849	0.3630	0.7545	0.2451	0.7538	35.5000	0.1684	773.0000	201.0000	0.2600	778.0000
288	0.5179	0.5783	0.3712	0.7411	0.2488	0.7727	34.8750	0.1356	825.0000	186.0000	0.2255	830.0000
289	0.5147	0.5800	0.3790	0.7602	0.2516	0.7588	36.3750	0.1565	795.0000	182.0000	0.2289	800.0000
290	0.4743	0.5811	0.3545	0.7646	0.2399	0.7543	35.7500	0.1707	765.0000	192.0000	0.2510	769.0000
291	0.4823	0.5805	0.3691	0.7488	0.2359	0.7612	34.6250	0.1486	773.0000	184.0000	0.2380	779.0000
292	0.4832	0.5745	0.3673	0.7507	0.2403	0.7500	35.2500	0.1669	768.0000	191.0000	0.2487	773.0000
293	0.5093	0.5783	0.3709	0.7587	0.2365	0.7556	35.2500	0.1692	761.0000	195.0000	0.2562	765.0000
294	0.5241	0.5767	0.3587	0.7489	0.2305	0.7713	35.7500	0.1398	746.0000	190.0000	0.2547	749.0000
295	0.4926	0.5816	0.3596	0.7740	0.2309	0.7618	35.6250	0.1566	735.0000	187.0000	0.2544	737.0000
296	0.5211	0.5750	0.3506	0.7447	0.2262	0.7525	35.1250	0.1485	769.0000	181.0000	0.2354	771.0000
297	0.5203	0.5789	0.3684	0.7536	0.2372	0.7645	35.3750	0.1625	800.0000	194.0000	0.2425	805.0000
298	0.5033	0.5761	0.3628	0.7413	0.2460	0.7398	35.7500	0.1544	781.0000	198.0000	0.2535	785.0000
299	0.5078	0.5849	0.3628	0.7712	0.2394	0.7589	35.3750	0.1559	781.0000	189.0000	0.2420	784.0000
300	0.4998	0.5844	0.3648	0.7498	0.2437	0.7588	35.8750	0.1625	814.0000	198.0000	0.2432	819.0000
301	0.4720	0.5679	0.3423	0.7560	0.2266	0.7692	35.6250	0.1540	729.0000	176.0000	0.2414	733.0000
302	0.5047	0.5816	0.3576	0.7422	0.2375	0.7560	35.3750	0.1480	816.0000	194.0000	0.2377	820.0000
303	0.4746	0.5805	0.3583	0.7690	0.2387	0.7537	35.8750	0.1526	764.0000	183.0000	0.2395	771.0000
304	0.4854	0.5618	0.3424	0.7688	0.2272	0.7468	35.6250	0.1699	709.0000	182.0000	0.2567	712.0000
305	0.5107	0.5651	0.3588	0.7482	0.2309	0.7491	35.2500	0.1579	742.0000	191.0000	0.2574	747.0000
306	0.5041	0.5833	0.3667	0.7756	0.2346	0.7757	35.6250	0.1353	769.0000	182.0000	0.2367	773.0000
307	0.4930	0.5833	0.3659	0.7460	0.2384	0.7592	35.1250	0.1502	788.0000	197.0000	0.2500	791.0000
308	0.4946	0.5811	0.3692	0.7587	0.2362	0.7664	35.5000	0.1511	783.0000	188.0000	0.2401	787.0000
309	0.4639	0.5750	0.3537	0.7482	0.2230	0.7471	36.3750	0.1698	734.0000	194.0000	0.2643	737.0000
310	0.5067	0.5822	0.3544	0.7689	0.2314	0.7713	35.6250	0.1292	786.0000	185.0000	0.2354	789.0000
311	0.4956	0.5805	0.3624	0.7371	0.2324	0.7520	35.1250	0.1619	761.0000	200.0000	0.2628	765.0000
312	0.5005	0.5811	0.3514	0.7709	0.2308	0.7606	36.0000	0.1581	747.0000	190.0000	0.2544	750.0000
313	0.5173	0.5767	0.3603	0.7489	0.2431	0.7573	35.1250	0.1579	778.0000	196.0000	0.2519	782.0000
314	0.5002	0.5877	0.3595	0.7545	0.2376	0.7530	35.7500	0.1438	761.0000	186.0000	0.2444	767.0000
315	0.5046	0.5734	0.3591	0.7580	0.2345	0.7657	35.7500	0.1600	771.0000	187.0000	0.2425	776.0000
316	0.4939	0.5783	0.3490	0.7665	0.2341	0.7616	34.6250	0.1477	777.0000	181.0000	0.2329	781.0000
317	0.4819	0.5871	0.3737	0.7434	0.2440	0.7659	35.8750	0.1396	802.0000	196.0000	0.2444	806.0000
318	0.4834	0.5833	0.3774	0.7450	0.2409	0.7355	35.0000	0.1641	773.0000	203.0000	0.2626	778.0000
319	0.5250	0.5877	0.3648	0.7636	0.2516	0.7729	35.5000	0.1227	778.0000	186.0000	0.2391	782.0000
320	0.4694	0.5739	0.3534	0.7566	0.2361	0.7538	35.2500	0.1674	772.0000	190.0000	0.2461	778.0000
321	0.5033	0.5844	0.3582	0.7611	0.2332	0.7595	35.0000	0.1484	766.0000	190.0000	0.2480	770.0000
322	0.5217	0.5822	0.3647	0.7513	0.2353	0.7528	35.7500	0.1613	771.0000	190.0000	0.2464	774.0000
323	0.5048	0.5789	0.3498	0.7591	0.2334	0.7680	35.5000	0.1359	791.0000	186.0000	0.2351	793.0000
324	0.5011	0.5662	0.3618	0.7610	0.2374	0.7610	35.1250	0.1407	745.0000	177.0000	0.2376	749.0000
325	0.4949	0.5701	0.3479	0.7639	0.2343	0.7651	35.8750	0.1616	756.0000	182.0000	0.2407	761.0000
326	0.5156	0.5701	0.3555	0.7676	0.2363	0.7742	34.7500	0.1470	775.0000	179.0000	0.2310	781.0000
327	0.5145	0.5794	0.3594	0.7710	0.2325	0.7596	35.7500	0.1596	744.0000	187.0000	0.2513	746.0000
328	0.4873	0.5882	0.3715	0.7641	0.2485	0.7615	35.6250	0.1639	814.0000	190.0000	0.2334	822.0000
329	0.5205	0.5734	0.3550	0.7847	0.2372	0.7782	35.6250	0.1424	739.0000	176.0000	0.2382	743.0000
330	0.5348	0.5805	0.3631	0.7578	0.2442	0.7757	35.3750	0.1382	776.0000	177.0000	0.2281	780.0000
331	0.4867	0.5745	0.3571	0.7513	0.2283	0.7539	34.6250	0.1545	730.0000	192.0000	0.2630	734.0000
332	0.5054	0.5772	0.3557	0.7786	0.2352	0.7573	36.5000	0.1661	737.0000	189.0000	0.2564	739.0000
333	0.5247	0.5728	0.3584	0.7462	0.2358	0.7529	35.6250	0.1509	751.0000	186.0000	0.2477	753.0000
334	0.5033	0.5767	0.3474	0.7651	0.2280	0.7537	35.5000	0.1574	729.0000	182.0000	0.2497	735.0000
335	0.4934	0.5767	0.3559	0.7789	0.2383	0.7593	35.7500	0.1637	757.0000	182.0000	0.2404	759.0000
336	0.4846	0.5756	0.3629	0.7548	0.2447	0.7550	35.5000	0.1569	765.0000	195.0000	0.2549	768.0000
337	0.5016	0.5778	0.3529	0.7742	0.2424	0.7682	35.6250	0.1356	774.0000	185.0000	0.2390	777.0000
338	0.4694	0.5602	0.3546	0.7589	0.2317	0.7538	35.5000	0.1654	746.0000	185.0000	0.2480	749.0000
339	0.4958	0.5701	0.3510	0.7759	0.2340	0.7699	35.8750	0.1440	752.0000	179.0000	0.2380	755.0000
340	0.5539	0.5778	0.3561	0.7427	0.2270	0.7543	35.5000	0.1591	757.0000	193.0000	0.2550	763.0000
341	0.5243	0.5772	0.3654	0.7711	0.2395	0.7466	36.1250	0.1764	751.0000	189.0000	0.2517	753.0000
342	0.5041	0.5712	0.3479	0.7316	0.2289	0.7507	35.3750	0.1534	759.0000	193.0000	0.2543	761.0000
343	0.4996	0.5712	0.3403	0.7699	0.2236	0.7566	35.3750	0.1565	716.0000	177.0000	0.2472	721.0000
344	0.4913	0.5844	0.3652	0.7650	0.2433	0.7662	35.2500	0.1497	761.0000	183.0000	0.2405	765.0000
345	0.5222	0.5822	0.3625	0.7601	0.2294	0.7593	36.0000	0.1614	731.0000	195.0000	0.2668	733.0000
346	0.4970	0.5734	0.3608	0.7609	0.2350	0.7685	35.8750	0.1420	754.0000	176.0000	0.2334	757.0000
347	0.4781	0.5695	0.3504	0.7574	0.2312	0.7545	35.3750	0.1670	722.0000	178.0000	0.2465	724.0000
348	0.5081	0.5767	0.3594	0.7520	0.2374	0.7626	35.2500	0.1352	770.0000	192.0000	0.2494	774.0000
349	0.5035	0.5778	0.3577	0.7393	0.2384	0.7682	35.6250	0.1546	753.0000	183.0000	0.2430	755.0000
350	0.5424	0.5855	0.3631	0.7592	0.2437	0.7648	36.0000	0.1416	787.0000	192.0000	0.2440	789.0000
351	0.5012	0.5761	0.3499	0.7543	0.2330	0.7540	35.2500	0.1564	761.0000	187.0000	0.2457	768.0000
352	0.5183	0.5717	0.3551	0.7622	0.2358	0.7623	35.6250	0.1374	784.0000	182.0000	0.2321	787.0000
353	0.4814	0.5657	0.3473	0.7597	0.2352	0.7526	35.3750	0.1630	734.0000	190.0000	0.2589	737.0000
354	0.5163	0.5723	0.3479	0.7566	0.2273	0.7638	35.5000	0.1533	743.0000	181.0000	0.2436	747.0000
355	0.5328	0.5673	0.3423	0.7493	0.2303	0.7638	34.8750	0.1571	730.0000	184.0000	0.2521	735.0000
356	0.4841	0.5833	0.3618	0.7701	0.2353	0.7696	35.5000	0.1444	738.0000	194.0000	0.2629	740.0000
357	0.4888	0.5871	0.3566	0.7641	0.2310	0.7610	35.5000	0.1557	733.0000	186.0000	0.2538	736.0000
358	0.4734	0.5728	0.3608	0.7586	0.2361	0.7575	35.5000	0.1613	728.0000	185.0000	0.2541	730.0000
359	0.4941	0.5893	0.3688	0.7500	0.2399	0.7524	34.8750	0.1568	760.0000	201.0000	0.2645	762.0000
360	0.5071	0.5761	0.3510	0.7637	0.2374	0.7570	35.5000	0.1454	771.0000	190.0000	0.2464	774.0000
361	0.4897	0.5877	0.3650	0.7613	0.2518	0.7614	35.6250	0.1451	836.0000	185.0000	0.2213	841.0000
362	0.5467	0.5915	0.3579	0.7685	0.2443	0.7700	35.5000	0.1266	766.0000	182.0000	0.2376	770.0000
363	0.5341	0.5794	0.3549	0.7722	0.2363	0.7713	35.3750	0.1380	745.0000	183.0000	0.2456	749.0000
364	0.5153	0.5734	0.3516	0.7606	0.2415	0.7620	35.2500	0.1499	786.0000	176.0000	0.2239	788.0000
365	0.4991	0.5629	0.3438	0.7723	0.2224	0.7621	35.6250	0.1573	743.0000	181.0000	0.2436	746.0000
366	0.4945	0.5607	0.3490	0.7732	0.2338	0.7465	35.3750	0.1434	731.0000	185.0000	0.2531	734.0000
367	0.5166	0.5717	0.3625	0.7668	0.2401	0.7589	36.0000	0.1434	765.0000	186.0000	0.2431	769.0000
368	0.5019	0.5739	0.3444	0.7416	0.2324	0.7594	35.3750	0.1460	754.0000	193.0000	0.2560	758.0000
369	0.5315	0.5855	0.3675	0.7724	0.2399	0.7441	36.1250	0.1718	758.0000	187.0000	0.2467	761.0000
370	0.4877	0.5739	0.3643	0.7408	0.2400	0.7689	35.6250	0.1617	767.0000	186.0000	0.2425	772.0000
371	0.4857	0.5745	0.3489	0.7722	0.2313	0.7665	35.8750	0.1521	735.0000	182.0000	0.2476	738.0000
372	0.4802	0.5745	0.3516	0.7546	0.2362	0.7562	36.0000	0.1466	738.0000	195.0000	0.2642	740.0000
373	0.4792	0.5651	0.3559	0.7739	0.2346	0.7719	35.5000	0.1503	727.0000	186.0000	0.2558	731.0000
374	0.5096	0.5822	0.3628	0.7460	0.2443	0.7721	35.8750	0.1489	765.0000	190.0000	0.2484	768.0000
375	0.5185	0.5904	0.3673	0.7643	0.2416	0.7661	35.2500	0.1472	769.0000	193.0000	0.2510	774.0000
376	0.5092	0.5756	0.3569	0.7588	0.2365	0.7509	34.6250	0.1487	737.0000	188.0000	0.2551	739.0000
377	0.4684	0.5816	0.3603	0.7435	0.2349	0.7286	36.1250	0.1795	781.0000	203.0000	0.2599	784.0000
378	0.4936	0.5767	0.3525	0.7461	0.2282	0.7438	35.3750	0.1424	748.0000	191.0000	0.2553	751.0000
379	0.4936	0.5789	0.3465	0.7547	0.2315	0.7445	35.6250	0.1806	761.0000	190.0000	0.2497	766.0000
380	0.4956	0.5712	0.3533	0.7579	0.2290	0.7756	35.2500	0.1549	733.0000	172.0000	0.2347	741.0000
381	0.4823	0.5717	0.3638	0.7518	0.2388	0.7451	35.1250	0.1577	771.0000	190.0000	0.2464	776.0000
382	0.5233	0.5833	0.3639	0.7615	0.2304	0.7570	36.6250	0.1653	750.0000	199.0000	0.2653	752.0000
383	0.4814	0.5789	0.3642	0.7596	0.2423	0.7636	35.7500	0.1334	792.0000	184.0000	0.2323	794.0000
384	0.5114	0.5618	0.3376	0.7643	0.2254	0.7520	35.3750	0.1572	728.0000	184.0000	0.2527	730.0000
385	0.5084	0.5915	0.3685	0.7547	0.2456	0.7660	35.3750	0.1446	800.0000	190.0000	0.2375	802.0000
386	0.5218	0.5756	0.3595	0.7643	0.2427	0.7461	35.6250	0.1720	751.0000	191.0000	0.2543	753.0000
387	0.5289	0.5767	0.3688	0.7670	0.2428	0.7689	35.3750	0.1398	763.0000	189.0000	0.2477	768.0000
388	0.5279	0.5646	0.3608	0.7520	0.2300	0.7561	35.2500	0.1609	734.0000	201.0000	0.2738	739.0000
389	0.5177	0.5811	0.3499	0.7712	0.2377	0.7690	34.7500	0.1357	753.0000	179.0000	0.2377	757.0000
390	0.4998	0.5739	0.3644	0.7537	0.2389	0.7606	35.5000	0.1544	791.0000	184.0000	0.2326	794.0000
391	0.5098	0.5783	0.3534	0.7729	0.2407	0.7755	35.1250	0.1380	761.0000	178.0000	0.2339	765.0000
392	0.4973	0.5893	0.3612	0.7464	0.2433	0.7571	35.6250	0.1590	789.0000	192.0000	0.2433	793.0000
393	0.5000	0.5822	0.3681	0.7383	0.2421	0.7590	35.3750	0.1557	769.0000	186.0000	0.2419	775.0000
394	0.4987	0.5690	0.3459	0.7369	0.2291	0.7487	35.1250	0.1631	737.0000	193.0000	0.2619	742.0000
395	0.4698	0.5756	0.3582	0.7364	0.2365	0.7470	35.2500	0.1640	796.0000	190.0000	0.2387	801.0000
396	0.5071	0.5827	0.3719	0.7680	0.2466	0.7622	35.7500	0.1438	768.0000	186.0000	0.2422	773.0000
397	0.5128	0.5750	0.3591	0.7586	0.2453	0.7565	35.1250	0.1429	793.0000	184.0000	0.2320	797.0000
398	0.4982	0.5684	0.3426	0.7570	0.2240	0.7567	35.0000	0.1374	721.0000	174.0000	0.2413	724.0000
399	0.5198	0.5772	0.3581	0.7659	0.2345	0.7548	35.2500	0.1587	761.0000	199.0000	0.2615	766.0000
400	0.4726	0.5739	0.3531	0.7816	0.2348	0.7617	35.6250	0.1451	708.0000	178.0000	0.2514	711.0000
401	0.4893	0.5888	0.3705	0.7495	0.2324	0.7477	35.1250	0.1660	743.0000	191.0000	0.2571	746.0000
402	0.5158	0.5767	0.3757	0.7657	0.2430	0.7821	35.0000	0.1404	804.0000	182.0000	0.2264	806.0000
403	0.5175	0.5783	0.3500	0.7590	0.2365	0.7477	36.0000	0.1706	727.0000	186.0000	0.2558	731.0000
404	0.4814	0.5816	0.3515	0.7581	0.2255	0.7644	35.8750	0.1706	736.0000	178.0000	0.2418	739.0000
405	0.4724	0.5844	0.3601	0.7484	0.2278	0.7313	35.6250	0.1723	765.0000	204.0000	0.2667	768.0000
406	0.5066	0.5855	0.3691	0.7627	0.2404	0.7661	35.5000	0.1484	805.0000	184.0000	0.2286	809.0000
407	0.5004	0.5772	0.3601	0.7621	0.2407	0.7531	35.5000	0.1629	748.0000	181.0000	0.2420	752.0000
408	0.5326	0.5690	0.3548	0.7630	0.2353	0.7615	35.7500	0.1570	747.0000	186.0000	0.2490	752.0000
409	0.4978	0.5789	0.3752	0.7619	0.2469	0.7714	35.3750	0.1515	735.0000	191.0000	0.2599	737.0000
410	0.5261	0.5756	0.3679	0.7625	0.2443	0.7532	35.6250	0.1476	773.0000	188.0000	0.2432	780.0000
411	0.4970	0.5646	0.3518	0.7647	0.2388	0.7500	35.6250	0.1497	746.0000	183.0000	0.2453	749.0000
412	0.4808	0.5915	0.3741	0.7566	0.2459	0.7686	35.6250	0.1494	802.0000	195.0000	0.2431	806.0000
413	0.5194	0.5789	0.3582	0.7656	0.2405	0.7617	35.1250	0.1417	766.0000	184.0000	0.2402	769.0000
414	0.4618	0.5723	0.3497	0.7821	0.2354	0.7419	35.5000	0.1772	731.0000	189.0000	0.2585	734.0000
415	0.5133	0.5860	0.3687	0.7715	0.2388	0.7677	36.0000	0.1519	772.0000	190.0000	0.2461	774.0000
416	0.5006	0.5662	0.3638	0.7617	0.2330	0.7565	35.7500	0.1442	764.0000	189.0000	0.2474	771.0000
417	0.5338	0.5695	0.3569	0.7653	0.2391	0.7772	35.7500	0.1389	772.0000	186.0000	0.2409	778.0000
418	0.4521	0.5728	0.3451	0.7329	0.2275	0.7351	35.3750	0.1755	753.0000	199.0000	0.2643	757.0000
419	0.5032	0.5745	0.3557	0.7427	0.2263	0.7531	35.6250	0.1580	722.0000	185.0000	0.2562	726.0000
420	0.5236	0.5816	0.3570	0.7422	0.2390	0.7556	35.5000	0.1254	797.0000	188.0000	0.2359	800.0000
421	0.5155	0.5679	0.3595	0.7675	0.2377	0.7623	35.1250	0.1529	760.0000	179.0000	0.2355	764.0000
422	0.4933	0.5789	0.3658	0.7577	0.2399	0.7635	35.0000	0.1558	793.0000	196.0000	0.2472	796.0000
423	0.4780	0.5778	0.3662	0.7570	0.2382	0.7600	36.0000	0.1576	770.0000	191.0000	0.2481	774.0000
424	0.5001	0.5761	0.3581	0.7702	0.2371	0.7560	36.5000	0.1641	727.0000	188.0000	0.2586	730.0000
425	0.4743	0.5871	0.3590	0.7413	0.2318	0.7472	35.6250	0.1485	779.0000	191.0000	0.2452	783.0000
426	0.4833	0.5904	0.3676	0.7545	0.2423	0.7560	35.8750	0.1698	770.0000	194.0000	0.2519	772.0000
427	0.5047	0.5794	0.3562	0.7615	0.2368	0.7553	35.3750	0.1504	761.0000	195.0000	0.2562	763.0000
428	0.4604	0.5728	0.3610	0.7473	0.2336	0.7571	35.6250	0.1359	750.0000	190.0000	0.2533	754.0000
429	0.5249	0.5855	0.3746	0.7484	0.2332	0.7652	36.1250	0.1433	770.0000	198.0000	0.2571	772.0000
430	0.5346	0.5706	0.3575	0.8001	0.2375	0.7681	35.1250	0.1545	727.0000	179.0000	0.2462	731.0000
431	0.5042	0.5624	0.3324	0.7458	0.2213	0.7490	35.6250	0.1652	732.0000	186.0000	0.2541	737.0000
432	0.5006	0.5838	0.3524	0.7731	0.2329	0.7799	34.7500	0.1416	738.0000	175.0000	0.2371	740.0000
433	0.4914	0.5855	0.3661	0.7407	0.2396	0.7521	35.8750	0.1671	786.0000	196.0000	0.2494	791.0000
434	0.5072	0.5794	0.3573	0.7478	0.2366	0.7493	36.1250	0.1573	781.0000	197.0000	0.2522	786.0000
435	0.5226	0.5690	0.3546	0.7609	0.2283	0.7661	35.5000	0.1540	713.0000	178.0000	0.2496	717.0000
436	0.4916	0.5761	0.3628	0.7484	0.2375	0.7531	35.0000	0.1523	777.0000	196.0000	0.2523	780.0000
437	0.4865	0.5849	0.3675	0.7513	0.2432	0.7594	34.8750	0.1515	779.0000	193.0000	0.2478	782.0000
438	0.4968	0.5739	0.3518	0.7662	0.2363	0.7588	35.6250	0.1501	734.0000	179.0000	0.2439	740.0000
439	0.4947	0.5789	0.3568	0.7598	0.2328	0.7450	35.6250	0.1818	754.0000	190.0000	0.2520	757.0000
440	0.4787	0.5624	0.3500	0.7649	0.2334	0.7466	35.7500	0.1632	744.0000	190.0000	0.2554	747.0000
441	0.5252	0.5877	0.3659	0.7530	0.2388	0.7686	35.5000	0.1376	724.0000	186.0000	0.2569	726.0000
442	0.5072	0.5745	0.3638	0.7528	0.2430	0.7554	35.2500	0.1570	731.0000	185.0000	0.2531	735.0000
443	0.5216	0.5684	0.3561	0.7788	0.2451	0.7563	35.6250	0.1561	753.0000	178.0000	0.2364	757.0000
444	0.4949	0.5816	0.3669	0.7476	0.2344	0.7484	36.1250	0.1582	781.0000	197.0000	0.2522	785.0000
445	0.4967	0.5981	0.3814	0.7532	0.2477	0.7694	35.5000	0.1548	749.0000	193.0000	0.2577	751.0000
446	0.5093	0.5712	0.3554	0.7552	0.2394	0.7768	35.6250	0.1471	778.0000	181.0000	0.2326	782.0000
447	0.5262	0.5745	0.3448	0.7794	0.2369	0.7792	35.5000	0.1357	727.0000	172.0000	0.2366	731.0000
448	0.4819	0.5723	0.3557	0.7623	0.2354	0.7534	35.6250	0.1559	767.0000	188.0000	0.2451	769.0000
449	0.5118	0.5789	0.3712	0.7435	0.2366	0.7560	35.1250	0.1539	806.0000	193.0000	0.2395	813.0000
450	0.4826	0.5712	0.3436	0.7596	0.2276	0.7533	35.7500	0.1536	782.0000	191.0000	0.2442	785.0000
451	0.5060	0.5822	0.3702	0.7375	0.2416	0.7461	35.3750	0.1565	808.0000	197.0000	0.2438	813.0000
452	0.4885	0.5613	0.3441	0.7733	0.2332	0.7543	36.0000	0.1576	740.0000	181.0000	0.2446	742.0000
453	0.5104	0.5800	0.3656	0.7565	0.2411	0.7645	35.5000	0.1477	751.0000	192.0000	0.2557	755.0000
454	0.5290	0.5723	0.3599	0.7807	0.2338	0.7771	35.2500	0.1686	764.0000	175.0000	0.2291	767.0000
455	0.4804	0.5805	0.3578	0.7488	0.2438	0.7536	35.0000	0.1478	789.0000	197.0000	0.2497	793.0000
456	0.4560	0.5849	0.3690	0.7415	0.2444	0.7430	35.5000	0.1633	783.0000	197.0000	0.2516	786.0000
457	0.5321	0.5833	0.3584	0.7671	0.2363	0.7582	35.5000	0.1552	742.0000	185.0000	0.2493	744.0000
458	0.5214	0.5943	0.3573	0.7718	0.2389	0.7771	35.2500	0.1472	772.0000	172.0000	0.2228	776.0000
459	0.5155	0.5833	0.3485	0.7610	0.2312	0.7680	35.6250	0.1328	723.0000	184.0000	0.2545	726.0000
460	0.4680	0.5690	0.3497	0.7593	0.2288	0.7526	35.7500	0.1511	724.0000	187.0000	0.2583	727.0000
461	0.5176	0.5756	0.3544	0.7533	0.2353	0.7631	35.3750	0.1602	772.0000	187.0000	0.2422	774.0000
462	0.4946	0.5701	0.3625	0.7566	0.2443	0.7684	35.3750	0.1473	796.0000	189.0000	0.2374	800.0000
463	0.4808	0.5734	0.3704	0.7427	0.2427	0.7546	35.6250	0.1569	797.0000	191.0000	0.2396	800.0000
464	0.5233	0.5673	0.3603	0.7439	0.2310	0.7729	35.3750	0.1441	731.0000	180.0000	0.2462	736.0000
465	0.5403	0.5728	0.3706	0.7563	0.2447	0.7777	35.6250	0.1413	756.0000	181.0000	0.2394	760.0000
466	0.4927	0.5739	0.3611	0.7445	0.2426	0.7559	35.1250	0.1353	793.0000	190.0000	0.2396	795.0000
467	0.5025	0.5635	0.3418	0.7586	0.2361	0.7500	35.2500	0.1510	742.0000	191.0000	0.2574	746.0000
468	0.4844	0.5651	0.3492	0.7690	0.2401	0.7662	35.3750	0.1468	727.0000	183.0000	0.2517	732.0000
469	0.4700	0.5783	0.3657	0.7658	0.2410	0.7622	36.1250	0.1543	786.0000	185.0000	0.2354	788.0000
470	0.4737	0.5684	0.3498	0.7712	0.2295	0.7644	36.0000	0.1555	718.0000	178.0000	0.2479	721.0000
471	0.4894	0.5783	0.3573	0.7503	0.2338	0.7526	34.8750	0.1567	782.0000	191.0000	0.2442	787.0000
472	0.4538	0.5800	0.3546	0.7275	0.2330	0.7409	35.5000	0.1526	814.0000	197.0000	0.2420	816.0000
473	0.5385	0.5750	0.3605	0.7507	0.2358	0.7571	35.0000	0.1370	793.0000	194.0000	0.2446	799.0000
474	0.5196	0.5789	0.3672	0.7652	0.2416	0.7689	35.7500	0.1336	772.0000	184.0000	0.2383	778.0000
475	0.5081	0.5761	0.3675	0.7683	0.2393	0.7640	35.3750	0.1307	728.0000	189.0000	0.2596	731.0000
476	0.5130	0.5701	0.3569	0.7554	0.2295	0.7572	35.8750	0.1517	717.0000	181.0000	0.2524	719.0000
477	0.5081	0.5816	0.3641	0.7522	0.2392	0.7495	35.2500	0.1613	745.0000	195.0000	0.2617	748.0000
478	0.5248	0.5761	0.3606	0.7491	0.2374	0.7639	36.1250	0.1445	773.0000	178.0000	0.2303	778.0000
479	0.4960	0.5860	0.3627	0.7515	0.2389	0.7497	35.3750	0.1571	776.0000	199.0000	0.2564	778.0000
480	0.5177	0.5805	0.3656	0.7513	0.2401	0.7688	35.8750	0.1267	775.0000	189.0000	0.2439	780.0000
481	0.5028	0.5640	0.3555	0.7530	0.2373	0.7634	35.7500	0.1430	766.0000	180.0000	0.2350	773.0000
482	0.5198	0.5778	0.3622	0.7676	0.2370	0.7709	35.7500	0.1495	771.0000	188.0000	0.2438	773.0000
483	0.5239	0.5690	0.3532	0.7791	0.2406	0.7710	35.2500	0.1453	717.0000	175.0000	0.2441	720.0000
484	0.4963	0.5844	0.3660	0.7564	0.2422	0.7629	35.7500	0.1512	782.0000	198.0000	0.2532	786.0000
485	0.4910	0.5756	0.3380	0.7721	0.2270	0.7522	35.2500	0.1549	708.0000	174.0000	0.2458	710.0000
486	0.5225	0.5646	0.3564	0.7498	0.2296	0.7561	35.3750	0.1567	727.0000	184.0000	0.2531	732.0000
487	0.4978	0.5745	0.3510	0.7579	0.2393	0.7619	35.2500	0.1688	771.0000	187.0000	0.2425	776.0000
488	0.5345	0.5695	0.3642	0.7495	0.2381	0.7696	35.3750	0.1418	746.0000	177.0000	0.2373	750.0000
489	0.4735	0.5734	0.3606	0.7490	0.2335	0.7430	35.6250	0.1718	768.0000	197.0000	0.2565	770.0000
490	0.4945	0.5745	0.3603	0.7659	0.2390	0.7551	35.5000	0.1666	748.0000	177.0000	0.2366	752.0000
491	0.4920	0.5871	0.3676	0.7541	0.2341	0.7749	35.6250	0.1405	777.0000	187.0000	0.2407	781.0000
492	0.5177	0.5789	0.3695	0.7574	0.2344	0.7663	35.6250	0.1509	771.0000	177.0000	0.2296	773.0000
493	0.4916	0.5745	0.3656	0.7651	0.2411	0.7624	35.5000	0.1735	739.0000	183.0000	0.2476	745.0000
494	0.4835	0.5767	0.3812	0.7553	0.2428	0.7391	35.6250	0.1595	789.0000	213.0000	0.2700	793.0000
495	0.5279	0.5816	0.3670	0.7794	0.2474	0.7680	35.6250	0.1527	766.0000	179.0000	0.2337	771.0000
496	0.5062	0.5728	0.3598	0.7616	0.2373	0.7564	35.6250	0.1529	753.0000	183.0000	0.2430	757.0000
497	0.5015	0.5822	0.3640	0.7733	0.2441	0.7781	35.7500	0.1423	729.0000	180.0000	0.2469	731.0000
498	0.5084	0.5706	0.3476	0.7683	0.2284	0.7581	35.8750	0.1576	728.0000	190.0000	0.2610	730.0000
499	0.5066	0.5800	0.3706	0.7574	0.2429	0.7675	35.3750	0.1399	827.0000	193.0000	0.2334	831.0000
500	0.4934	0.5860	0.3600	0.7476	0.2356	0.7460	35.7500	0.1736	791.0000	198.0000	0.2503	793.0000
501	0.5086	0.5761	0.3533	0.7468	0.2434	0.7576	35.2500	0.1506	754.0000	195.0000	0.2586	757.0000
502	0.5077	0.5783	0.3572	0.7634	0.2342	0.7608	35.2500	0.1470	738.0000	180.0000	0.2439	741.0000
503	0.4891	0.5805	0.3691	0.7495	0.2352	0.7332	35.3750	0.1886	718.0000	203.0000	0.2827	720.0000
504	0.5185	0.5789	0.3684	0.7703	0.2427	0.7610	35.6250	0.1550	772.0000	184.0000	0.2383	775.0000
505	0.5158	0.5750	0.3560	0.7570	0.2402	0.7639	35.7500	0.1537	778.0000	182.0000	0.2339	783.0000
506	0.4847	0.5580	0.3374	0.7668	0.2258	0.7597	35.1250	0.1470	714.0000	176.0000	0.2465	716.0000
507	0.4947	0.5800	0.3720	0.7443	0.2494	0.7619	35.1250	0.1447	799.0000	190.0000	0.2378	804.0000
508	0.4810	0.5789	0.3623	0.7492	0.2419	0.7572	35.8750	0.1601	763.0000	184.0000	0.2412	767.0000
509	0.4941	0.5717	0.3647	0.7642	0.2420	0.7654	35.8750	0.1616	759.0000	181.0000	0.2385	763.0000
510	0.5031	0.5805	0.3686	0.7526	0.2384	0.7641	35.2500	0.1390	788.0000	187.0000	0.2373	793.0000
511	0.5026	0.5800	0.3686	0.7397	0.2413	0.7487	35.1250	0.1739	757.0000	196.0000	0.2589	760.0000
512	0.5079	0.5734	0.3488	0.7562	0.2366	0.7582	36.0000	0.1506	752.0000	198.0000	0.2633	754.0000
513	0.4930	0.5783	0.3596	0.7606	0.2359	0.7576	35.5000	0.1631	772.0000	191.0000	0.2474	775.0000
514	0.5116	0.5772	0.3589	0.7663	0.2408	0.7601	35.7500	0.1512	783.0000	183.0000	0.2337	788.0000
515	0.5193	0.5778	0.3543	0.7774	0.2329	0.7728	36.0000	0.1464	725.0000	182.0000	0.2510	729.0000
516	0.4985	0.5882	0.3703	0.7637	0.2455	0.7542	36.1250	0.1440	750.0000	189.0000	0.2520	752.0000
517	0.5224	0.5723	0.3524	0.7527	0.2298	0.7597	35.0000	0.1570	738.0000	191.0000	0.2588	740.0000
518	0.5020	0.5712	0.3526	0.7471	0.2304	0.7510	35.2500	0.1621	741.0000	194.0000	0.2618	743.0000
519	0.4595	0.5640	0.3557	0.7498	0.2408	0.7439	35.8750	0.1724	767.0000	186.0000	0.2425	769.0000
520	0.5179	0.5800	0.3644	0.7347	0.2412	0.7597	35.3750	0.1531	769.0000	191.0000	0.2484	771.0000
521	0.5052	0.5827	0.3653	0.7536	0.2382	0.7423	35.5000	0.1573	784.0000	191.0000	0.2436	791.0000
522	0.5178	0.5855	0.3687	0.7546	0.2362	0.7598	35.7500	0.1666	751.0000	189.0000	0.2517	754.0000
523	0.4960	0.5690	0.3478	0.7478	0.2296	0.7298	35.5000	0.1832	712.0000	195.0000	0.2739	714.0000
524	0.5161	0.5827	0.3677	0.7676	0.2384	0.7652	35.6250	0.1399	790.0000	183.0000	0.2316	792.0000
525	0.4965	0.5789	0.3588	0.7571	0.2370	0.7541	36.2500	0.1574	751.0000	186.0000	0.2477	755.0000
526	0.4958	0.5882	0.3707	0.7638	0.2376	0.7453	35.3750	0.1628	760.0000	193.0000	0.2539	762.0000
527	0.5192	0.5838	0.3652	0.7432	0.2354	0.7721	35.1250	0.1476	788.0000	184.0000	0.2335	794.0000
528	0.4822	0.5767	0.3510	0.7510	0.2346	0.7553	35.5000	0.1502	777.0000	184.0000	0.2368	779.0000
529	0.4924	0.5745	0.3575	0.7767	0.2398	0.7661	35.2500	0.1378	781.0000	181.0000	0.2318	786.0000
530	0.5193	0.5921	0.3681	0.7603	0.2433	0.7676	35.8750	0.1471	784.0000	184.0000	0.2347	790.0000
531	0.5011	0.5750	0.3602	0.7441	0.2386	0.7613	35.5000	0.1432	790.0000	182.0000	0.2304	795.0000
532	0.4836	0.5690	0.3509	0.7636	0.2336	0.7516	35.6250	0.1591	723.0000	186.0000	0.2573	726.0000
533	0.5012	0.5690	0.3646	0.7397	0.2326	0.7328	35.6250	0.1738	753.0000	198.0000	0.2629	755.0000
534	0.4904	0.5805	0.3622	0.7546	0.2286	0.7509	35.5000	0.1598	745.0000	194.0000	0.2604	748.0000
535	0.5148	0.5695	0.3404	0.7438	0.2171	0.7573	35.2500	0.1557	731.0000	184.0000	0.2517	734.0000
536	0.4941	0.5723	0.3458	0.7581	0.2301	0.7596	35.3750	0.1568	739.0000	188.0000	0.2544	741.0000
537	0.4991	0.5750	0.3615	0.7529	0.2324	0.7656	35.7500	0.1314	755.0000	191.0000	0.2530	757.0000
538	0.5209	0.5767	0.3615	0.7567	0.2395	0.7557	36.1250	0.1643	758.0000	187.0000	0.2467	763.0000
539	0.5147	0.5849	0.3584	0.7576	0.2355	0.7703	35.2500	0.1438	759.0000	183.0000	0.2411	763.0000
540	0.5045	0.5822	0.3688	0.7673	0.2357	0.7682	35.2500	0.1624	779.0000	182.0000	0.2336	784.0000
541	0.5022	0.5849	0.3563	0.7702	0.2436	0.7545	36.1250	0.1516	776.0000	187.0000	0.2410	780.0000
542	0.5264	0.5822	0.3685	0.7576	0.2429	0.7571	35.8750	0.1439	783.0000	191.0000	0.2439	789.0000
543	0.4909	0.5712	0.3515	0.7614	0.2332	0.7674	35.8750	0.1326	762.0000	176.0000	0.2310	767.0000
544	0.4993	0.5756	0.3465	0.7660	0.2357	0.7489	35.2500	0.1572	757.0000	188.0000	0.2483	760.0000
545	0.5198	0.5833	0.3710	0.7423	0.2487	0.7662	35.6250	0.1452	801.0000	194.0000	0.2422	808.0000
546	0.4930	0.5745	0.3547	0.7617	0.2302	0.7697	35.2500	0.1547	761.0000	178.0000	0.2339	764.0000
547	0.4886	0.5778	0.3649	0.7426	0.2411	0.7576	35.6250	0.1417	771.0000	190.0000	0.2464	777.0000
548	0.4908	0.5750	0.3532	0.7863	0.2206	0.7625	35.8750	0.1513	727.0000	180.0000	0.2476	729.0000
549	0.4821	0.5706	0.3551	0.7421	0.2349	0.7436	35.0000	0.1631	757.0000	191.0000	0.2523	762.0000
550	0.5136	0.5684	0.3505	0.7662	0.2292	0.7576	35.5000	0.1661	705.0000	179.0000	0.2539	712.0000
551	0.5076	0.5723	0.3560	0.7610	0.2300	0.7510	35.1250	0.1617	745.0000	182.0000	0.2443	748.0000
552	0.4979	0.5816	0.3571	0.7630	0.2428	0.7429	35.2500	0.1573	768.0000	186.0000	0.2422	773.0000
553	0.4905	0.5750	0.3466	0.7593	0.2299	0.7690	35.6250	0.1498	737.0000	185.0000	0.2510	739.0000
554	0.4802	0.5651	0.3634	0.7581	0.2380	0.7370	35.2500	0.1605	740.0000	190.0000	0.2568	743.0000
555	0.4979	0.5778	0.3660	0.7658	0.2380	0.7650	35.1250	0.1473	764.0000	180.0000	0.2356	767.0000
556	0.5089	0.5778	0.3507	0.7455	0.2305	0.7612	35.6250	0.1495	761.0000	190.0000	0.2497	764.0000
557	0.4849	0.5728	0.3507	0.7481	0.2291	0.7475	35.6250	0.1513	772.0000	188.0000	0.2435	774.0000
558	0.4739	0.5882	0.3710	0.7522	0.2358	0.7551	35.5000	0.1792	755.0000	195.0000	0.2583	760.0000
559	0.4835	0.5838	0.3695	0.7634	0.2319	0.7534	36.3750	0.1555	762.0000	197.0000	0.2585	765.0000
560	0.5054	0.5767	0.3576	0.7509	0.2345	0.7847	35.7500	0.1235	765.0000	179.0000	0.2340	767.0000
561	0.4803	0.5728	0.3619	0.7563	0.2328	0.7472	35.6250	0.1618	771.0000	191.0000	0.2477	774.0000
562	0.5169	0.5745	0.3586	0.7446	0.2351	0.7614	36.0000	0.1606	776.0000	189.0000	0.2436	779.0000
563	0.5033	0.5684	0.3439	0.7436	0.2267	0.7493	35.0000	0.1576	723.0000	185.0000	0.2559	726.0000
564	0.5092	0.5772	0.3606	0.7519	0.2356	0.7339	35.1250	0.1627	733.0000	197.0000	0.2688	736.0000
565	0.4919	0.5701	0.3528	0.7608	0.2358	0.7518	35.2500	0.1787	764.0000	187.0000	0.2448	771.0000
566	0.5210	0.5816	0.3678	0.7685	0.2412	0.7522	35.7500	0.1662	757.0000	193.0000	0.2550	761.0000
567	0.5087	0.5893	0.3748	0.7697	0.2514	0.7811	35.0000	0.1380	757.0000	179.0000	0.2365	762.0000
568	0.5314	0.5712	0.3628	0.7556	0.2418	0.7615	35.8750	0.1609	746.0000	189.0000	0.2534	750.0000
569	0.5292	0.5866	0.3626	0.7476	0.2430	0.7308	35.3750	0.1680	772.0000	202.0000	0.2617	776.0000
570	0.5031	0.5772	0.3577	0.7621	0.2372	0.7737	35.3750	0.1424	752.0000	182.0000	0.2420	755.0000
571	0.5103	0.5684	0.3563	0.7628	0.2341	0.7685	35.1250	0.1567	735.0000	177.0000	0.2408	740.0000
572	0.4980	0.5739	0.3489	0.7636	0.2316	0.7751	35.6250	0.1404	740.0000	172.0000	0.2324	747.0000
573	0.5210	0.5783	0.3547	0.7718	0.2407	0.7574	35.2500	0.1528	754.0000	189.0000	0.2507	756.0000
574	0.4914	0.5783	0.3525	0.7604	0.2295	0.7511	35.1250	0.1609	722.0000	185.0000	0.2562	724.0000
575	0.4875	0.5761	0.3435	0.7675	0.2279	0.7570	35.7500	0.1547	722.0000	190.0000	0.2632	724.0000
576	0.4808	0.5745	0.3522	0.7646	0.2294	0.7527	35.6250	0.1608	756.0000	191.0000	0.2526	759.0000
577	0.5468	0.5816	0.3603	0.7683	0.2358	0.7627	35.0000	0.1458	721.0000	182.0000	0.2524	724.0000
578	0.4962	0.5844	0.3553	0.7471	0.2316	0.7524	35.1250	0.1642	739.0000	191.0000	0.2585	743.0000
579	0.5060	0.5728	0.3530	0.7759	0.2346	0.7539	35.6250	0.1470	734.0000	190.0000	0.2589	738.0000
580	0.4750	0.5789	0.3647	0.7665	0.2424	0.7723	35.2500	0.1450	779.0000	184.0000	0.2362	782.0000
581	0.5513	0.5816	0.3777	0.7612	0.2487	0.7604	35.2500	0.1582	801.0000	187.0000	0.2335	803.0000
582	0.5172	0.5706	0.3448	0.7533	0.2341	0.7718	34.6250	0.1360	735.0000	187.0000	0.2544	740.0000
583	0.4966	0.5668	0.3513	0.7754	0.2332	0.7577	35.1250	0.1555	766.0000	182.0000	0.2376	771.0000
584	0.4607	0.5833	0.3647	0.7430	0.2479	0.7539	34.8750	0.1600	815.0000	188.0000	0.2307	819.0000
585	0.5022	0.5712	0.3529	0.7552	0.2365	0.7655	35.5000	0.1481	752.0000	182.0000	0.2420	756.0000
586	0.4967	0.5805	0.3684	0.7607	0.2372	0.7629	35.0000	0.1408	761.0000	189.0000	0.2484	763.0000
587	0.5134	0.5783	0.3717	0.7696	0.2460	0.7629	35.7500	0.1446	735.0000	181.0000	0.2463	739.0000
588	0.5049	0.5800	0.3726	0.7567	0.2469	0.7531	35.3750	0.1675	783.0000	192.0000	0.2452	788.0000
589	0.4819	0.5734	0.3515	0.7621	0.2349	0.7348	35.7500	0.1837	732.0000	186.0000	0.2541	736.0000
590	0.5085	0.5646	0.3438	0.7622	0.2279	0.7664	35.5000	0.1400	775.0000	175.0000	0.2258	778.0000
591	0.4843	0.5739	0.3616	0.7741	0.2425	0.7625	34.8750	0.1416	739.0000	181.0000	0.2449	744.0000
592	0.5093	0.5932	0.3839	0.7601	0.2521	0.7715	34.8750	0.1368	789.0000	187.0000	0.2370	792.0000
593	0.5061	0.5794	0.3655	0.7540	0.2451	0.7510	35.1250	0.1604	767.0000	197.0000	0.2568	771.0000
594	0.4987	0.5822	0.3738	0.7540	0.2467	0.7593	35.3750	0.1459	803.0000	194.0000	0.2416	809.0000
595	0.5256	0.5789	0.3638	0.7622	0.2422	0.7785	35.5000	0.1374	800.0000	185.0000	0.2313	804.0000
596	0.5090	0.5712	0.3403	0.7816	0.2311	0.7565	35.0000	0.1633	748.0000	182.0000	0.2433	751.0000
597	0.4964	0.5866	0.3564	0.7662	0.2367	0.7568	35.6250	0.1492	766.0000	197.0000	0.2572	771.0000
598	0.5273	0.5789	0.3614	0.7696	0.2375	0.7711	35.2500	0.1542	753.0000	191.0000	0.2537	755.0000
599	0.5186	0.5844	0.3582	0.7579	0.2340	0.7684	35.2500	0.1456	771.0000	185.0000	0.2399	778.0000
600	0.4883	0.5783	0.3646	0.7738	0.2329	0.7628	36.5000	0.1542	757.0000	186.0000	0.2457	759.0000
601	0.5060	0.5800	0.3570	0.7482	0.2307	0.7609	35.5000	0.1570	749.0000	186.0000	0.2483	751.0000
602	0.5469	0.5882	0.3656	0.7605	0.2479	0.7595	35.7500	0.1485	764.0000	184.0000	0.2408	767.0000
603	0.4953	0.5822	0.3622	0.7654	0.2367	0.7577	34.7500	0.1541	749.0000	185.0000	0.2470	752.0000
604	0.5010	0.5800	0.3633	0.7721	0.2450	0.7553	36.3750	0.1546	786.0000	195.0000	0.2481	790.0000
605	0.4774	0.5723	0.3506	0.7655	0.2324	0.7518	35.2500	0.1738	743.0000	183.0000	0.2463	751.0000
606	0.4667	0.5822	0.3609	0.7528	0.2375	0.7531	35.7500	0.1683	781.0000	195.0000	0.2497	784.0000
607	0.5291	0.5662	0.3477	0.7613	0.2289	0.7672	35.3750	0.1446	736.0000	182.0000	0.2473	739.0000
608	0.5178	0.5844	0.3765	0.7482	0.2388	0.7710	35.6250	0.1362	792.0000	189.0000	0.2386	797.0000
609	0.4812	0.5805	0.3621	0.7742	0.2458	0.7606	35.6250	0.1531	763.0000	184.0000	0.2412	766.0000
610	0.5037	0.5844	0.3546	0.7641	0.2354	0.7584	35.3750	0.1533	738.0000	177.0000	0.2398	741.0000
611	0.5201	0.5783	0.3599	0.7753	0.2393	0.7702	35.6250	0.1450	736.0000	182.0000	0.2473	740.0000
612	0.4930	0.5679	0.3580	0.7628	0.2331	0.7636	34.8750	0.1516	750.0000	185.0000	0.2467	756.0000
613	0.4931	0.5679	0.3604	0.7410	0.2362	0.7679	36.1250	0.1317	757.0000	183.0000	0.2417	762.0000
614	0.4855	0.5838	0.3534	0.7534	0.2317	0.7672	35.5000	0.1596	730.0000	181.0000	0.2479	735.0000
615	0.4972	0.5860	0.3647	0.7509	0.2407	0.7546	35.8750	0.1454	777.0000	187.0000	0.2407	781.0000
616	0.4873	0.5739	0.3516	0.7466	0.2243	0.7627	35.6250	0.1584	766.0000	190.0000	0.2480	773.0000
617	0.5115	0.5800	0.3684	0.7619	0.2406	0.7588	35.3750	0.1572	752.0000	188.0000	0.2500	757.0000
618	0.4810	0.5717	0.3460	0.7544	0.2344	0.7523	35.0000	0.1652	747.0000	185.0000	0.2477	751.0000
619	0.4912	0.5756	0.3587	0.7456	0.2336	0.7530	35.6250	0.1745	772.0000	193.0000	0.2500	774.0000
620	0.5039	0.5761	0.3630	0.7835	0.2457	0.7718	36.0000	0.1541	769.0000	180.0000	0.2341	772.0000
621	0.4862	0.5761	0.3563	0.7514	0.2354	0.7585	34.8750	0.1726	759.0000	191.0000	0.2516	762.0000
622	0.5097	0.5750	0.3702	0.7590	0.2444	0.7655	34.7500	0.1668	746.0000	187.0000	0.2507	749.0000
623	0.5274	0.5822	0.3757	0.7593	0.2412	0.7822	35.8750	0.1568	784.0000	178.0000	0.2270	788.0000
624	0.5124	0.5783	0.3542	0.7746	0.2351	0.7642	35.8750	0.1600	739.0000	181.0000	0.2449	744.0000
625	0.5062	0.5811	0.3560	0.7611	0.2289	0.7525	35.2500	0.1453	743.0000	189.0000	0.2544	748.0000
626	0.5132	0.5800	0.3592	0.7853	0.2433	0.7846	35.8750	0.1244	753.0000	166.0000	0.2205	757.0000
627	0.4954	0.5800	0.3577	0.7607	0.2401	0.7778	35.3750	0.1469	794.0000	180.0000	0.2267	799.0000
628	0.4976	0.5706	0.3544	0.7624	0.2334	0.7484	35.8750	0.1638	745.0000	183.0000	0.2456	749.0000
629	0.4741	0.5772	0.3644	0.7587	0.2458	0.7689	34.8750	0.1431	796.0000	178.0000	0.2236	807.0000
630	0.4873	0.5739	0.3496	0.7682	0.2326	0.7609	35.2500	0.1357	715.0000	175.0000	0.2448	720.0000
631	0.4981	0.5789	0.3614	0.7429	0.2396	0.7705	35.3750	0.1374	771.0000	187.0000	0.2425	773.0000
632	0.4881	0.5800	0.3481	0.7566	0.2379	0.7568	36.1250	0.1534	758.0000	193.0000	0.2546	763.0000
633	0.5252	0.5772	0.3627	0.7533	0.2396	0.7710	35.0000	0.1612	740.0000	179.0000	0.2419	746.0000
634	0.4916	0.5717	0.3521	0.7710	0.2363	0.7771	35.5000	0.1347	750.0000	172.0000	0.2293	754.0000
635	0.4938	0.5899	0.3680	0.7602	0.2440	0.7631	35.8750	0.1502	773.0000	192.0000	0.2484	776.0000
636	0.4971	0.5838	0.3678	0.7524	0.2417	0.7506	35.2500	0.1595	780.0000	187.0000	0.2397	785.0000
637	0.5218	0.5783	0.3527	0.7421	0.2352	0.7384	35.2500	0.1426	754.0000	197.0000	0.2613	763.0000
638	0.4778	0.5745	0.3535	0.7527	0.2313	0.7569	36.2500	0.1463	743.0000	188.0000	0.2530	747.0000
639	0.4934	0.5695	0.3569	0.7653	0.2328	0.7660	35.5000	0.1522	752.0000	175.0000	0.2327	756.0000
640	0.4932	0.5662	0.3521	0.7552	0.2303	0.7494	35.1250	0.1518	776.0000	191.0000	0.2461	780.0000
641	0.5238	0.5932	0.3604	0.7555	0.2411	0.7621	36.3750	0.1417	765.0000	190.0000	0.2484	770.0000
642	0.4930	0.5778	0.3549	0.7528	0.2279	0.7385	35.6250	0.1639	706.0000	191.0000	0.2705	710.0000
643	0.5138	0.5805	0.3671	0.7633	0.2405	0.7589	35.0000	0.1593	790.0000	184.0000	0.2329	794.0000
644	0.4884	0.5789	0.3469	0.7443	0.2181	0.7535	35.5000	0.1683	717.0000	188.0000	0.2622	720.0000
645	0.5400	0.5827	0.3564	0.7375	0.2373	0.7741	35.3750	0.1487	778.0000	189.0000	0.2429	782.0000
646	0.4968	0.5706	0.3500	0.7669	0.2289	0.7489	34.8750	0.1718	721.0000	185.0000	0.2566	724.0000
647	0.4880	0.5789	0.3412	0.7647	0.2349	0.7460	35.7500	0.1687	750.0000	193.0000	0.2573	753.0000
648	0.5053	0.5866	0.3565	0.7616	0.2320	0.7625	35.5000	0.1526	786.0000	183.0000	0.2328	788.0000
649	0.4890	0.5679	0.3622	0.7597	0.2397	0.7670	35.3750	0.1465	734.0000	180.0000	0.2452	736.0000
650	0.4812	0.5739	0.3444	0.7739	0.2318	0.7482	36.0000	0.1668	698.0000	187.0000	0.2679	703.0000
651	0.5286	0.5833	0.3671	0.7590	0.2310	0.7611	35.3750	0.1464	781.0000	192.0000	0.2458	785.0000
652	0.5244	0.5761	0.3523	0.7336	0.2316	0.7539	35.2500	0.1390	754.0000	193.0000	0.2560	759.0000
653	0.5135	0.5816	0.3647	0.7697	0.2421	0.7830	35.8750	0.1406	778.0000	176.0000	0.2262	781.0000
654	0.5068	0.5822	0.3578	0.7571	0.2425	0.7702	35.6250	0.1514	791.0000	187.0000	0.2364	793.0000
655	0.4740	0.5717	0.3558	0.7549	0.2370	0.7385	35.1250	0.1706	749.0000	195.0000	0.2603	752.0000
656	0.4701	0.5745	0.3584	0.7626	0.2417	0.7597	35.6250	0.1488	775.0000	190.0000	0.2452	778.0000
657	0.4943	0.5800	0.3655	0.7623	0.2426	0.7366	35.2500	0.1653	772.0000	196.0000	0.2539	774.0000
658	0.4812	0.5712	0.3472	0.7614	0.2275	0.7650	35.3750	0.1712	713.0000	182.0000	0.2553	716.0000
659	0.5106	0.5706	0.3550	0.7447	0.2282	0.7585	35.2500	0.1629	742.0000	188.0000	0.2534	746.0000
660	0.5073	0.5948	0.3516	0.7808	0.2427	0.7491	35.7500	0.1607	731.0000	193.0000	0.2640	733.0000
661	0.5102	0.5816	0.3625	0.7554	0.2344	0.7814	35.5000	0.1444	772.0000	181.0000	0.2345	775.0000
662	0.4838	0.5756	0.3739	0.7588	0.2372	0.7545	35.7500	0.1665	783.0000	195.0000	0.2490	788.0000
663	0.4738	0.5800	0.3490	0.7495	0.2254	0.7434	35.8750	0.1888	734.0000	192.0000	0.2616	738.0000
664	0.5295	0.5701	0.3530	0.7599	0.2270	0.7605	35.8750	0.1502	696.0000	183.0000	0.2629	701.0000
665	0.4824	0.5772	0.3662	0.7543	0.2394	0.7578	36.0000	0.1543	778.0000	187.0000	0.2404	781.0000
666	0.4898	0.5772	0.3504	0.7444	0.2376	0.7635	35.1250	0.1425	769.0000	187.0000	0.2432	772.0000
667	0.5272	0.5706	0.3502	0.7667	0.2351	0.7652	35.1250	0.1542	751.0000	180.0000	0.2397	754.0000
668	0.5026	0.5800	0.3531	0.7646	0.2319	0.7898	35.7500	0.1416	761.0000	175.0000	0.2300	764.0000
669	0.4875	0.5877	0.3605	0.7568	0.2325	0.7553	35.6250	0.1504	808.0000	188.0000	0.2327	811.0000
670	0.5208	0.5679	0.3531	0.7648	0.2393	0.7711	35.3750	0.1377	741.0000	176.0000	0.2375	745.0000
671	0.5056	0.5882	0.3661	0.7414	0.2430	0.7554	35.5000	0.1545	798.0000	193.0000	0.2419	801.0000
672	0.4634	0.5899	0.3717	0.7572	0.2452	0.7493	35.2500	0.1572	791.0000	194.0000	0.2453	794.0000
673	0.4853	0.5783	0.3570	0.7509	0.2353	0.7473	35.5000	0.1537	767.0000	197.0000	0.2568	770.0000
674	0.4974	0.5739	0.3589	0.7637	0.2367	0.7630	35.8750	0.1452	736.0000	185.0000	0.2514	739.0000
675	0.4957	0.5871	0.3704	0.7661	0.2431	0.7777	35.3750	0.1598	804.0000	187.0000	0.2326	810.0000
676	0.4973	0.5750	0.3559	0.7645	0.2401	0.7650	35.7500	0.1427	765.0000	176.0000	0.2301	769.0000
677	0.4959	0.5750	0.3626	0.7494	0.2312	0.7529	36.0000	0.1508	794.0000	194.0000	0.2443	800.0000
678	0.4791	0.5783	0.3501	0.7349	0.2360	0.7595	35.0000	0.1521	787.0000	189.0000	0.2402	790.0000
679	0.4935	0.5717	0.3617	0.7579	0.2355	0.7588	35.8750	0.1521	797.0000	181.0000	0.2271	799.0000
680	0.4940	0.5849	0.3540	0.7703	0.2479	0.7819	35.1250	0.1467	748.0000	182.0000	0.2433	751.0000
681	0.4803	0.5767	0.3691	0.7647	0.2397	0.7585	35.7500	0.1502	782.0000	186.0000	0.2379	788.0000
682	0.5240	0.5871	0.3642	0.7588	0.2406	0.7638	35.2500	0.1479	760.0000	182.0000	0.2395	765.0000
683	0.5338	0.5877	0.3643	0.7611	0.2435	0.7790	35.0000	0.1387	757.0000	178.0000	0.2351	762.0000
684	0.5344	0.5772	0.3591	0.7751	0.2349	0.7759	35.3750	0.1303	760.0000	176.0000	0.2316	762.0000
685	0.4756	0.5899	0.3737	0.7412	0.2356	0.7586	35.7500	0.1517	767.0000	199.0000	0.2595	769.0000
686	0.4957	0.5717	0.3565	0.7482	0.2321	0.7502	35.3750	0.1548	742.0000	184.0000	0.2480	746.0000
687	0.5041	0.5761	0.3651	0.7690	0.2497	0.7610	35.5000	0.1352	759.0000	191.0000	0.2516	763.0000
688	0.4794	0.5822	0.3740	0.7531	0.2422	0.7633	35.5000	0.1581	749.0000	192.0000	0.2563	754.0000
689	0.5120	0.5805	0.3688	0.7563	0.2391	0.7693	35.2500	0.1404	784.0000	191.0000	0.2436	786.0000
690	0.5226	0.5800	0.3646	0.7535	0.2377	0.7658	35.6250	0.1556	772.0000	192.0000	0.2487	774.0000
691	0.5106	0.5701	0.3457	0.7632	0.2364	0.7588	35.7500	0.1612	772.0000	186.0000	0.2409	774.0000
692	0.5115	0.5734	0.3566	0.7773	0.2438	0.7595	36.1250	0.1507	742.0000	181.0000	0.2439	746.0000
693	0.5070	0.5860	0.3777	0.7377	0.2390	0.7572	35.5000	0.1541	762.0000	184.0000	0.2415	767.0000
694	0.5092	0.5800	0.3476	0.7575	0.2347	0.7649	35.3750	0.1611	776.0000	195.0000	0.2513	779.0000
695	0.5036	0.5860	0.3706	0.7472	0.2419	0.7705	36.0000	0.1543	798.0000	190.0000	0.2381	801.0000
696	0.5330	0.5805	0.3525	0.7689	0.2303	0.7584	35.0000	0.1558	746.0000	182.0000	0.2440	750.0000
697	0.4987	0.5772	0.3560	0.7622	0.2378	0.7482	35.3750	0.1594	762.0000	191.0000	0.2507	767.0000
698	0.5088	0.5860	0.3600	0.7783	0.2429	0.7599	35.8750	0.1445	748.0000	195.0000	0.2607	752.0000
699	0.4859	0.5673	0.3542	0.7552	0.2371	0.7500	35.5000	0.1452	753.0000	180.0000	0.2390	756.0000
700	0.4885	0.5833	0.3694	0.7535	0.2421	0.7574	35.8750	0.1578	801.0000	193.0000	0.2409	807.0000
701	0.5191	0.5932	0.3794	0.7555	0.2440	0.7554	35.2500	0.1502	811.0000	194.0000	0.2392	816.0000
702	0.4808	0.5745	0.3651	0.7388	0.2406	0.7582	35.2500	0.1429	792.0000	178.0000	0.2247	796.0000
703	0.4944	0.5789	0.3627	0.7667	0.2305	0.7856	35.5000	0.1329	776.0000	177.0000	0.2281	779.0000
704	0.4861	0.5701	0.3634	0.7593	0.2388	0.7562	35.5000	0.1519	775.0000	186.0000	0.2400	781.0000
705	0.4941	0.5646	0.3479	0.7621	0.2324	0.7529	35.5000	0.1489	736.0000	184.0000	0.2500	742.0000
706	0.5014	0.5805	0.3639	0.7471	0.2410	0.7571	35.2500	0.1433	778.0000	188.0000	0.2416	781.0000
707	0.5011	0.5739	0.3597	0.7481	0.2359	0.7667	35.0000	0.1363	771.0000	194.0000	0.2516	774.0000
708	0.4769	0.5761	0.3613	0.7398	0.2378	0.7548	34.8750	0.1302	758.0000	186.0000	0.2454	762.0000
709	0.4614	0.5679	0.3579	0.7363	0.2382	0.7432	35.6250	0.1656	785.0000	199.0000	0.2535	790.0000
710	0.5069	0.5739	0.3561	0.7653	0.2325	0.7559	36.3750	0.1682	732.0000	192.0000	0.2623	735.0000
711	0.4860	0.5822	0.3563	0.7578	0.2354	0.7494	35.5000	0.1784	760.0000	193.0000	0.2539	765.0000
712	0.5003	0.5767	0.3567	0.7597	0.2382	0.7513	35.5000	0.1635	730.0000	196.0000	0.2685	736.0000
713	0.5180	0.5750	0.3354	0.7725	0.2313	0.7575	35.3750	0.1558	729.0000	192.0000	0.2634	733.0000
714	0.4985	0.5772	0.3561	0.7498	0.2373	0.7579	35.2500	0.1545	762.0000	190.0000	0.2493	764.0000
715	0.4848	0.5805	0.3453	0.7691	0.2283	0.7565	35.2500	0.1551	721.0000	183.0000	0.2538	724.0000
716	0.4750	0.5690	0.3516	0.7542	0.2366	0.7738	35.1250	0.1330	776.0000	185.0000	0.2384	778.0000
717	0.4899	0.5701	0.3477	0.7485	0.2347	0.7580	35.6250	0.1473	779.0000	180.0000	0.2311	786.0000
718	0.5101	0.5739	0.3453	0.7775	0.2315	0.7827	35.0000	0.1441	722.0000	174.0000	0.2410	726.0000
719	0.4939	0.5772	0.3581	0.7653	0.2395	0.7520	35.5000	0.1669	756.0000	185.0000	0.2447	759.0000
720	0.4962	0.5668	0.3633	0.7530	0.2351	0.7537	35.8750	0.1586	766.0000	183.0000	0.2389	772.0000
721	0.4966	0.5761	0.3599	0.7514	0.2390	0.7513	35.6250	0.1706	774.0000	190.0000	0.2455	778.0000
722	0.4705	0.5679	0.3377	0.7644	0.2259	0.7444	36.1250	0.1826	726.0000	189.0000	0.2603	728.0000
723	0.5048	0.5899	0.3573	0.7646	0.2384	0.7746	35.6250	0.1452	787.0000	179.0000	0.2274	790.0000
724	0.4615	0.5734	0.3590	0.7601	0.2376	0.7747	35.1250	0.1393	781.0000	183.0000	0.2343	784.0000
725	0.5570	0.5745	0.3576	0.7598	0.2356	0.7521	35.3750	0.1745	734.0000	184.0000	0.2507	737.0000
726	0.4861	0.5695	0.3584	0.7482	0.2318	0.7570	35.6250	0.1521	769.0000	190.0000	0.2471	775.0000
727	0.4973	0.5877	0.3649	0.7516	0.2438	0.7652	34.8750	0.1496	785.0000	184.0000	0.2344	789.0000
728	0.4794	0.5695	0.3526	0.7493	0.2394	0.7533	35.1250	0.1494	766.0000	185.0000	0.2415	769.0000
729	0.4967	0.5728	0.3458	0.7549	0.2312	0.7736	35.7500	0.1424	762.0000	177.0000	0.2323	766.0000
730	0.5284	0.5778	0.3818	0.7600	0.2444	0.7907	35.3750	0.1368	774.0000	178.0000	0.2300	777.0000
731	0.4935	0.5690	0.3705	0.7718	0.2397	0.7831	35.6250	0.1392	757.0000	181.0000	0.2391	762.0000
732	0.5107	0.5838	0.3581	0.7604	0.2386	0.7553	35.7500	0.1524	724.0000	180.0000	0.2486	726.0000
733	0.5017	0.5882	0.3716	0.7537	0.2428	0.7619	35.5000	0.1594	795.0000	187.0000	0.2352	801.0000
734	0.4919	0.5750	0.3551	0.7613	0.2391	0.7694	35.3750	0.1553	769.0000	183.0000	0.2380	772.0000
735	0.5003	0.5789	0.3526	0.7483	0.2334	0.7452	34.7500	0.1751	765.0000	190.0000	0.2484	769.0000
736	0.5202	0.5723	0.3635	0.7606	0.2364	0.7593	35.7500	0.1785	745.0000	187.0000	0.2510	748.0000
737	0.4921	0.5745	0.3617	0.7385	0.2346	0.7615	35.5000	0.1449	759.0000	191.0000	0.2516	763.0000
738	0.4994	0.5778	0.3488	0.7485	0.2354	0.7543	35.5000	0.1525	754.0000	188.0000	0.2493	758.0000
739	0.5067	0.5772	0.3562	0.7537	0.2448	0.7504	35.1250	0.1663	772.0000	193.0000	0.2500	775.0000
740	0.4951	0.5761	0.3461	0.7655	0.2333	0.7576	34.7500	0.1611	753.0000	187.0000	0.2483	756.0000
741	0.4946	0.5822	0.3617	0.7512	0.2372	0.7704	35.3750	0.1540	772.0000	178.0000	0.2306	776.0000
742	0.5139	0.5761	0.3689	0.7718	0.2424	0.7612	35.5000	0.1503	777.0000	184.0000	0.2368	781.0000
743	0.4759	0.5833	0.3675	0.7596	0.2407	0.7717	35.6250	0.1456	770.0000	185.0000	0.2403	773.0000
744	0.5077	0.5805	0.3668	0.7548	0.2396	0.7631	35.7500	0.1478	779.0000	187.0000	0.2401	784.0000
745	0.4710	0.5822	0.3655	0.7416	0.2380	0.7387	35.6250	0.1775	772.0000	194.0000	0.2513	778.0000
746	0.5020	0.5866	0.3745	0.7720	0.2455	0.7611	35.7500	0.1576	786.0000	192.0000	0.2443	792.0000
747	0.4667	0.5745	0.3537	0.7607	0.2280	0.7608	35.7500	0.1440	760.0000	181.0000	0.2382	763.0000
748	0.5158	0.5723	0.3626	0.7717	0.2425	0.7624	35.5000	0.1474	765.0000	182.0000	0.2379	768.0000
749	0.4845	0.5932	0.3591	0.7404	0.2410	0.7446	35.1250	0.1546	779.0000	199.0000	0.2555	785.0000
750	0.4703	0.5701	0.3373	0.7682	0.2357	0.7818	35.1250	0.1487	749.0000	171.0000	0.2283	753.0000
751	0.5222	0.5822	0.3736	0.7693	0.2458	0.7819	35.5000	0.1388	791.0000	184.0000	0.2326	795.0000
752	0.4961	0.5767	0.3700	0.7347	0.2377	0.7512	35.5000	0.1630	803.0000	199.0000	0.2478	805.0000
753	0.5026	0.5772	0.3592	0.7591	0.2385	0.7525	34.7500	0.1502	762.0000	191.0000	0.2507	765.0000
754	0.4926	0.5739	0.3421	0.7575	0.2251	0.7543	35.6250	0.1513	759.0000	189.0000	0.2490	764.0000
755	0.5021	0.5855	0.3610	0.7515	0.2402	0.7615	35.3750	0.1431	776.0000	191.0000	0.2461	779.0000
756	0.4868	0.5783	0.3597	0.7691	0.2382	0.7566	36.0000	0.1702	733.0000	187.0000	0.2551	735.0000
757	0.4931	0.5822	0.3538	0.7528	0.2377	0.7513	35.7500	0.1605	819.0000	189.0000	0.2308	825.0000
758	0.4772	0.5860	0.3582	0.7792	0.2370	0.7585	36.2500	0.1648	754.0000	195.0000	0.2586	756.0000
759	0.5059	0.5904	0.3811	0.7478	0.2471	0.7587	35.1250	0.1574	817.0000	201.0000	0.2460	822.0000
760	0.5284	0.5723	0.3570	0.7622	0.2392	0.7714	35.6250	0.1546	749.0000	183.0000	0.2443	751.0000
761	0.4845	0.5701	0.3525	0.7554	0.2360	0.7525	35.6250	0.1669	733.0000	192.0000	0.2619	737.0000
762	0.4971	0.5816	0.3638	0.7685	0.2316	0.7670	35.8750	0.1458	751.0000	183.0000	0.2437	753.0000
763	0.5036	0.5871	0.3571	0.7681	0.2400	0.7643	35.5000	0.1434	773.0000	185.0000	0.2393	776.0000
764	0.5104	0.5811	0.3541	0.7534	0.2409	0.7693	35.2500	0.1355	785.0000	185.0000	0.2357	789.0000
765	0.4756	0.5816	0.3588	0.7550	0.2355	0.7527	35.5000	0.1572	751.0000	193.0000	0.2570	754.0000
766	0.5019	0.5822	0.3602	0.7596	0.2394	0.7610	35.6250	0.1437	766.0000	184.0000	0.2402	769.0000
767	0.5246	0.5811	0.3541	0.7548	0.2349	0.7738	35.7500	0.1453	749.0000	179.0000	0.2390	751.0000
768	0.4988	0.5899	0.3728	0.7611	0.2409	0.7731	35.8750	0.1421	759.0000	184.0000	0.2424	765.0000
769	0.5144	0.5789	0.3565	0.7684	0.2387	0.7624	35.8750	0.1484	765.0000	181.0000	0.2366	770.0000
770	0.5121	0.5860	0.3653	0.7546	0.2356	0.7716	35.7500	0.1476	778.0000	189.0000	0.2429	785.0000
771	0.4951	0.5778	0.3704	0.7616	0.2418	0.7766	35.2500	0.1333	787.0000	187.0000	0.2376	789.0000
772	0.5135	0.5739	0.3545	0.7707	0.2356	0.7771	35.0000	0.1302	788.0000	167.0000	0.2119	793.0000
773	0.5290	0.5838	0.3572	0.7761	0.2408	0.7694	35.5000	0.1341	756.0000	184.0000	0.2434	760.0000
774	0.5187	0.5712	0.3679	0.7743	0.2384	0.7783	35.7500	0.1477	820.0000	181.0000	0.2207	824.0000
775	0.5527	0.5646	0.3569	0.7554	0.2319	0.7804	35.7500	0.1352	735.0000	177.0000	0.2408	738.0000
776	0.4930	0.5756	0.3466	0.7753	0.2280	0.7583	36.0000	0.1543	711.0000	185.0000	0.2602	715.0000
777	0.5209	0.5855	0.3528	0.7624	0.2356	0.7773	34.8750	0.1377	786.0000	180.0000	0.2290	788.0000
778	0.4917	0.5750	0.3431	0.7574	0.2327	0.7498	35.5000	0.1576	750.0000	188.0000	0.2507	753.0000
779	0.5221	0.5767	0.3551	0.7686	0.2378	0.7790	36.0000	0.1367	764.0000	182.0000	0.2382	767.0000
780	0.5136	0.5734	0.3631	0.7795	0.2333	0.7595	35.2500	0.1527	761.0000	182.0000	0.2392	765.0000
781	0.4881	0.5882	0.3619	0.7543	0.2386	0.7566	35.6250	0.1446	765.0000	190.0000	0.2484	773.0000
782	0.5129	0.5904	0.3605	0.7544	0.2450	0.7561	36.1250	0.1486	801.0000	193.0000	0.2409	804.0000
783	0.5075	0.5882	0.3576	0.7755	0.2430	0.7785	34.6250	0.1510	753.0000	182.0000	0.2417	758.0000
784	0.5163	0.5954	0.3724	0.7570	0.2408	0.7562	35.5000	0.1694	759.0000	203.0000	0.2675	762.0000
785	0.4686	0.5822	0.3645	0.7463	0.2348	0.7429	36.0000	0.1717	784.0000	202.0000	0.2577	788.0000
786	0.4872	0.5734	0.3542	0.7571	0.2294	0.7564	35.0000	0.1592	737.0000	189.0000	0.2564	740.0000
787	0.4772	0.5926	0.3638	0.7529	0.2485	0.7473	35.8750	0.1629	778.0000	186.0000	0.2391	780.0000
788	0.5197	0.5706	0.3579	0.7585	0.2438	0.7744	35.3750	0.1344	763.0000	178.0000	0.2333	768.0000
789	0.4879	0.5827	0.3560	0.7584	0.2424	0.7511	35.7500	0.1456	783.0000	199.0000	0.2542	788.0000
790	0.4968	0.5767	0.3687	0.7484	0.2402	0.7772	35.5000	0.1286	818.0000	183.0000	0.2237	820.0000
791	0.5147	0.5800	0.3673	0.7713	0.2430	0.7653	35.3750	0.1434	719.0000	184.0000	0.2559	721.0000
792	0.5230	0.5860	0.3679	0.7633	0.2413	0.7788	35.1250	0.1254	768.0000	184.0000	0.2396	773.0000
793	0.4727	0.5822	0.3540	0.7337	0.2287	0.7395	35.1250	0.1706	756.0000	198.0000	0.2619	761.0000
794	0.5133	0.5739	0.3589	0.7855	0.2413	0.7611	35.6250	0.1531	755.0000	177.0000	0.2344	761.0000
795	0.5094	0.5767	0.3612	0.7626	0.2343	0.7792	35.2500	0.1344	750.0000	173.0000	0.2307	752.0000
796	0.5144	0.5673	0.3497	0.7617	0.2368	0.7806	35.1250	0.1395	741.0000	174.0000	0.2348	746.0000
797	0.5014	0.5811	0.3407	0.7573	0.2277	0.7596	35.3750	0.1574	710.0000	181.0000	0.2549	712.0000
798	0.5114	0.5712	0.3549	0.7565	0.2317	0.7730	35.5000	0.1339	773.0000	182.0000	0.2354	776.0000
799	0.5157	0.5767	0.3586	0.7577	0.2304	0.7542	35.8750	0.1442	754.0000	194.0000	0.2573	759.0000
800	0.5031	0.5778	0.3616	0.7575	0.2410	0.7600	35.6250	0.1450	793.0000	192.0000	0.2421	795.0000
801	0.5054	0.5860	0.3617	0.7634	0.2375	0.7725	35.7500	0.1429	772.0000	183.0000	0.2370	776.0000
802	0.4970	0.5811	0.3709	0.7640	0.2447	0.7680	35.5000	0.1626	780.0000	191.0000	0.2449	786.0000
803	0.4992	0.5717	0.3554	0.7874	0.2402	0.7748	35.7500	0.1525	769.0000	186.0000	0.2419	771.0000
804	0.4728	0.5761	0.3681	0.7466	0.2395	0.7624	35.8750	0.1469	816.0000	186.0000	0.2279	819.0000
805	0.5063	0.5756	0.3522	0.7577	0.2331	0.7590	35.5000	0.1501	749.0000	180.0000	0.2403	752.0000
806	0.4857	0.5750	0.3585	0.7593	0.2391	0.7606	35.6250	0.1620	746.0000	184.0000	0.2466	751.0000
807	0.5038	0.5800	0.3453	0.7633	0.2320	0.7525	35.7500	0.1582	756.0000	186.0000	0.2460	759.0000
808	0.5080	0.5558	0.3437	0.7604	0.2373	0.7606	35.1250	0.1345	775.0000	184.0000	0.2374	778.0000
809	0.4760	0.5860	0.3620	0.7497	0.2317	0.7523	35.6250	0.1625	766.0000	195.0000	0.2546	769.0000
810	0.4971	0.5695	0.3523	0.7681	0.2298	0.7532	36.3750	0.1609	728.0000	190.0000	0.2610	730.0000
811	0.4995	0.5684	0.3659	0.7456	0.2447	0.7506	35.5000	0.1761	773.0000	183.0000	0.2367	778.0000
812	0.5382	0.5866	0.3795	0.7766	0.2491	0.7842	35.5000	0.1458	797.0000	180.0000	0.2258	802.0000
813	0.5058	0.5783	0.3674	0.7680	0.2364	0.7608	35.7500	0.1416	758.0000	182.0000	0.2401	763.0000
814	0.5180	0.5734	0.3643	0.7590	0.2344	0.7775	36.0000	0.1526	764.0000	176.0000	0.2304	768.0000
815	0.5363	0.5789	0.3595	0.7650	0.2336	0.7757	35.5000	0.1423	776.0000	179.0000	0.2307	783.0000
816	0.4755	0.5838	0.3673	0.7580	0.2296	0.7520	35.0000	0.1552	742.0000	190.0000	0.2561	744.0000
817	0.5066	0.5734	0.3571	0.7730	0.2399	0.7542	35.5000	0.1662	762.0000	185.0000	0.2428	769.0000
818	0.5162	0.5833	0.3541	0.7624	0.2362	0.7613	35.3750	0.1584	746.0000	183.0000	0.2453	748.0000
819	0.4902	0.5827	0.3630	0.7500	0.2414	0.7661	35.3750	0.1511	735.0000	188.0000	0.2558	739.0000
820	0.5076	0.5910	0.3667	0.7621	0.2378	0.7840	35.5000	0.1259	777.0000	187.0000	0.2407	780.0000
821	0.4708	0.5651	0.3539	0.7871	0.2376	0.7599	35.8750	0.1447	723.0000	186.0000	0.2573	727.0000
822	0.4818	0.5701	0.3571	0.7519	0.2325	0.7555	36.1250	0.1692	736.0000	185.0000	0.2514	741.0000
823	0.5252	0.5855	0.3703	0.7690	0.2440	0.7801	35.1250	0.1346	787.0000	175.0000	0.2224	790.0000
824	0.4840	0.5662	0.3558	0.7361	0.2370	0.7528	35.8750	0.1539	764.0000	187.0000	0.2448	767.0000
825	0.5047	0.5833	0.3630	0.7623	0.2464	0.7731	35.5000	0.1356	797.0000	191.0000	0.2396	803.0000
826	0.4903	0.5882	0.3767	0.7537	0.2501	0.7593	36.3750	0.1482	816.0000	193.0000	0.2365	823.0000
827	0.5332	0.5761	0.3676	0.7595	0.2370	0.7616	35.3750	0.1466	745.0000	187.0000	0.2510	747.0000
828	0.4967	0.5745	0.3448	0.7612	0.2352	0.7736	35.7500	0.1435	752.0000	178.0000	0.2367	754.0000
829	0.4949	0.5811	0.3604	0.7730	0.2373	0.7692	35.2500	0.1381	752.0000	184.0000	0.2447	755.0000
830	0.4955	0.5761	0.3576	0.7599	0.2337	0.7698	35.6250	0.1508	753.0000	176.0000	0.2337	759.0000
831	0.4927	0.5855	0.3753	0.7525	0.2445	0.7614	35.3750	0.1481	752.0000	194.0000	0.2580	756.0000
832	0.5344	0.5844	0.3774	0.7521	0.2373	0.7662	36.0000	0.1468	796.0000	196.0000	0.2462	798.0000
833	0.5095	0.5772	0.3721	0.7627	0.2403	0.7775	35.8750	0.1442	747.0000	186.0000	0.2490	752.0000
834	0.5261	0.5778	0.3630	0.7463	0.2343	0.7712	35.6250	0.1491	763.0000	183.0000	0.2398	768.0000
835	0.4970	0.5816	0.3618	0.7617	0.2383	0.7516	35.3750	0.1523	731.0000	189.0000	0.2585	734.0000
836	0.4736	0.5816	0.3584	0.7551	0.2407	0.7581	35.5000	0.1613	766.0000	186.0000	0.2428	769.0000
837	0.5344	0.5745	0.3614	0.7623	0.2280	0.7710	35.7500	0.1487	727.0000	183.0000	0.2517	729.0000
838	0.4926	0.5827	0.3593	0.7626	0.2371	0.7686	35.1250	0.1497	745.0000	189.0000	0.2537	748.0000
839	0.5129	0.5789	0.3640	0.7559	0.2383	0.7510	35.5000	0.1696	754.0000	192.0000	0.2546	756.0000
840	0.4978	0.5750	0.3562	0.7495	0.2324	0.7658	35.7500	0.1402	754.0000	179.0000	0.2374	757.0000
841	0.4948	0.5756	0.3657	0.7650	0.2333	0.7584	35.2500	0.1642	779.0000	192.0000	0.2465	784.0000
842	0.4901	0.5871	0.3611	0.7550	0.2364	0.7539	35.3750	0.1556	777.0000	190.0000	0.2445	779.0000
843	0.5224	0.5789	0.3580	0.7419	0.2400	0.7597	35.8750	0.1566	798.0000	192.0000	0.2406	800.0000
844	0.5021	0.5767	0.3578	0.7594	0.2407	0.7619	35.2500	0.1401	772.0000	191.0000	0.2474	776.0000
845	0.5152	0.5816	0.3640	0.7721	0.2446	0.7519	35.2500	0.1596	731.0000	189.0000	0.2585	733.0000
846	0.4656	0.5855	0.3644	0.7614	0.2434	0.7549	35.2500	0.1628	776.0000	196.0000	0.2526	781.0000
847	0.4593	0.5723	0.3433	0.7647	0.2355	0.7643	35.5000	0.1403	762.0000	179.0000	0.2349	766.0000
848	0.5051	0.5827	0.3656	0.7525	0.2435	0.7640	35.2500	0.1492	765.0000	184.0000	0.2405	773.0000
849	0.5247	0.5728	0.3543	0.7833	0.2376	0.7653	35.2500	0.1474	724.0000	171.0000	0.2362	727.0000
850	0.4649	0.5805	0.3567	0.7626	0.2384	0.7563	36.1250	0.1492	747.0000	191.0000	0.2557	751.0000
851	0.5220	0.5882	0.3649	0.7558	0.2421	0.7714	35.0000	0.1428	775.0000	181.0000	0.2335	777.0000
852	0.5254	0.5849	0.3637	0.7549	0.2328	0.7473	35.6250	0.1650	762.0000	195.0000	0.2559	765.0000
853	0.5079	0.5783	0.3504	0.7567	0.2446	0.7764	35.0000	0.1467	763.0000	175.0000	0.2294	765.0000
854	0.4823	0.5805	0.3551	0.7796	0.2378	0.7583	35.1250	0.1486	744.0000	180.0000	0.2419	746.0000
855	0.4922	0.5772	0.3529	0.7694	0.2343	0.7526	35.5000	0.1489	724.0000	178.0000	0.2459	727.0000
856	0.5258	0.5805	0.3508	0.7606	0.2331	0.7677	35.5000	0.1413	707.0000	179.0000	0.2532	711.0000
857	0.4908	0.5822	0.3572	0.7455	0.2359	0.7483	35.6250	0.1723	748.0000	191.0000	0.2553	753.0000
858	0.4841	0.5761	0.3713	0.7804	0.2482	0.7658	35.1250	0.1510	745.0000	183.0000	0.2456	748.0000
859	0.5023	0.5745	0.3665	0.7756	0.2414	0.7516	35.3750	0.1630	758.0000	186.0000	0.2454	765.0000
860	0.5041	0.5635	0.3401	0.7479	0.2230	0.7540	36.1250	0.1854	732.0000	186.0000	0.2541	735.0000
861	0.5193	0.5695	0.3608	0.7711	0.2368	0.7890	35.1250	0.1311	759.0000	171.0000	0.2253	766.0000
862	0.5351	0.5750	0.3475	0.7731	0.2321	0.7689	35.2500	0.1442	746.0000	178.0000	0.2386	750.0000
863	0.4635	0.5756	0.3582	0.7406	0.2406	0.7410	35.8750	0.1534	768.0000	193.0000	0.2513	772.0000
864	0.4972	0.5789	0.3575	0.7564	0.2411	0.7615	35.3750	0.1465	755.0000	186.0000	0.2464	759.0000
865	0.5098	0.5712	0.3525	0.7490	0.2272	0.7358	35.6250	0.1725	752.0000	189.0000	0.2513	754.0000
866	0.5238	0.5728	0.3502	0.7584	0.2355	0.7697	35.7500	0.1316	754.0000	185.0000	0.2454	757.0000
867	0.4834	0.5871	0.3635	0.7437	0.2372	0.7763	35.7500	0.1528	790.0000	189.0000	0.2392	792.0000
868	0.5026	0.5761	0.3566	0.7737	0.2381	0.7670	34.7500	0.1421	721.0000	176.0000	0.2441	724.0000
869	0.5322	0.5750	0.3555	0.7487	0.2280	0.7531	35.0000	0.1409	755.0000	193.0000	0.2556	757.0000
870	0.4785	0.5855	0.3695	0.7486	0.2382	0.7486	35.0000	0.1377	780.0000	196.0000	0.2513	784.0000
871	0.4807	0.5761	0.3537	0.7627	0.2340	0.7638	34.1250	0.1380	779.0000	182.0000	0.2336	784.0000
872	0.5024	0.5767	0.3629	0.7604	0.2419	0.7675	36.0000	0.1504	779.0000	177.0000	0.2272	787.0000
873	0.5136	0.5717	0.3525	0.7531	0.2343	0.7677	35.2500	0.1538	764.0000	185.0000	0.2421	770.0000
874	0.4956	0.5739	0.3343	0.7600	0.2296	0.7721	36.0000	0.1375	753.0000	181.0000	0.2404	755.0000
875	0.5009	0.5772	0.3679	0.7402	0.2433	0.7657	35.3750	0.1502	774.0000	181.0000	0.2339	778.0000
876	0.5011	0.5822	0.3736	0.7648	0.2448	0.7573	35.0000	0.1569	766.0000	194.0000	0.2533	771.0000
877	0.5275	0.5855	0.3626	0.7631	0.2418	0.7677	35.7500	0.1311	764.0000	189.0000	0.2474	768.0000
878	0.5178	0.5778	0.3568	0.7503	0.2369	0.7413	34.8750	0.1633	753.0000	195.0000	0.2590	755.0000
879	0.5185	0.5690	0.3576	0.7614	0.2383	0.7744	35.1250	0.1227	779.0000	177.0000	0.2272	784.0000
880	0.4821	0.5756	0.3608	0.7432	0.2392	0.7552	36.3750	0.1604	769.0000	189.0000	0.2458	774.0000
881	0.5090	0.5701	0.3408	0.7583	0.2184	0.7544	35.2500	0.1559	706.0000	180.0000	0.2550	711.0000
882	0.4605	0.5816	0.3496	0.7455	0.2290	0.7562	35.6250	0.1587	743.0000	185.0000	0.2490	749.0000
883	0.5130	0.5723	0.3518	0.7679	0.2289	0.7580	35.1250	0.1583	735.0000	186.0000	0.2531	739.0000
884	0.5090	0.5657	0.3499	0.7868	0.2349	0.7733	36.0000	0.1386	715.0000	176.0000	0.2462	720.0000
885	0.5009	0.5811	0.3676	0.7506	0.2404	0.7550	35.5000	0.1562	813.0000	193.0000	0.2374	819.0000
886	0.4722	0.5816	0.3709	0.7395	0.2320	0.7498	35.6250	0.1669	795.0000	193.0000	0.2428	798.0000
887	0.5501	0.5789	0.3720	0.7519	0.2493	0.7817	35.5000	0.1115	842.0000	182.0000	0.2162	846.0000
888	0.5196	0.5745	0.3497	0.7522	0.2361	0.7526	35.6250	0.1579	770.0000	188.0000	0.2442	772.0000
889	0.4959	0.5838	0.3566	0.7233	0.2394	0.7561	35.1250	0.1429	799.0000	190.0000	0.2378	801.0000
890	0.5253	0.5706	0.3587	0.7425	0.2362	0.7599	36.2500	0.1559	752.0000	192.0000	0.2553	755.0000
891	0.4943	0.5745	0.3480	0.7734	0.2317	0.7553	35.7500	0.1666	737.0000	185.0000	0.2510	740.0000
892	0.5151	0.5701	0.3351	0.7681	0.2214	0.7712	35.6250	0.1542	710.0000	174.0000	0.2451	713.0000
893	0.4795	0.5816	0.3587	0.7621	0.2346	0.7498	35.2500	0.1679	764.0000	195.0000	0.2552	768.0000
894	0.4643	0.5750	0.3466	0.7462	0.2326	0.7478	35.5000	0.1801	758.0000	190.0000	0.2507	760.0000
895	0.4833	0.5789	0.3524	0.7546	0.2347	0.7579	36.0000	0.1429	770.0000	192.0000	0.2494	773.0000
896	0.5106	0.5695	0.3548	0.7296	0.2341	0.7475	36.1250	0.1497	796.0000	192.0000	0.2412	801.0000
897	0.4928	0.5800	0.3660	0.7563	0.2357	0.7633	36.0000	0.1446	780.0000	186.0000	0.2385	782.0000
898	0.4546	0.5822	0.3655	0.7578	0.2322	0.7513	36.0000	0.1624	758.0000	189.0000	0.2493	761.0000
899	0.4865	0.5756	0.3575	0.7556	0.2416	0.7577	36.3750	0.1495	787.0000	192.0000	0.2440	791.0000
900	0.4817	0.5745	0.3679	0.7519	0.2350	0.7655	35.3750	0.1453	752.0000	186.0000	0.2473	756.0000
901	0.5178	0.5794	0.3708	0.7595	0.2338	0.7784	35.6250	0.1571	756.0000	174.0000	0.2302	760.0000
902	0.5064	0.5866	0.3658	0.7650	0.2361	0.7635	35.8750	0.1410	793.0000	184.0000	0.2320	799.0000
903	0.4825	0.5838	0.3585	0.7632	0.2363	0.7550	34.8750	0.1499	749.0000	189.0000	0.2523	752.0000
904	0.4905	0.5816	0.3591	0.7645	0.2389	0.7650	35.2500	0.1581	771.0000	178.0000	0.2309	776.0000
905	0.5207	0.5761	0.3507	0.7507	0.2356	0.7648	35.3750	0.1522	765.0000	185.0000	0.2418	767.0000
906	0.5097	0.5712	0.3690	0.7559	0.2344	0.7608	35.8750	0.1489	741.0000	188.0000	0.2537	746.0000
907	0.5216	0.5811	0.3687	0.7674	0.2432	0.7635	35.6250	0.1372	760.0000	182.0000	0.2395	766.0000
908	0.5038	0.5750	0.3608	0.7557	0.2374	0.7433	36.1250	0.1666	745.0000	194.0000	0.2604	749.0000
909	0.5255	0.5789	0.3617	0.7632	0.2392	0.7487	36.0000	0.1580	790.0000	193.0000	0.2443	796.0000
910	0.4811	0.5739	0.3689	0.7557	0.2443	0.7534	35.6250	0.1527	761.0000	187.0000	0.2457	767.0000
911	0.4776	0.5739	0.3634	0.7611	0.2407	0.7604	34.8750	0.1679	775.0000	186.0000	0.2400	779.0000
912	0.4774	0.5767	0.3630	0.7689	0.2430	0.7699	36.0000	0.1425	781.0000	183.0000	0.2343	787.0000
913	0.5045	0.5734	0.3527	0.7737	0.2346	0.7615	35.6250	0.1536	733.0000	175.0000	0.2387	736.0000
914	0.5024	0.5624	0.3562	0.7596	0.2292	0.7749	35.0000	0.1253	737.0000	180.0000	0.2442	742.0000
915	0.4916	0.5767	0.3588	0.7519	0.2426	0.7618	35.8750	0.1513	758.0000	194.0000	0.2559	761.0000
916	0.4931	0.5767	0.3593	0.7890	0.2351	0.7621	35.8750	0.1604	760.0000	181.0000	0.2382	767.0000
917	0.4917	0.5800	0.3725	0.7486	0.2384	0.7653	35.6250	0.1476	793.0000	196.0000	0.2472	796.0000
918	0.4537	0.5860	0.3560	0.7724	0.2356	0.7463	35.5000	0.1710	727.0000	194.0000	0.2669	730.0000
919	0.5197	0.5871	0.3607	0.7454	0.2289	0.7550	35.3750	0.1601	756.0000	198.0000	0.2619	759.0000
920	0.4803	0.5717	0.3505	0.7578	0.2378	0.7655	35.0000	0.1501	762.0000	179.0000	0.2349	767.0000
921	0.4984	0.5728	0.3560	0.7417	0.2359	0.7512	35.8750	0.1617	760.0000	189.0000	0.2487	762.0000
922	0.4983	0.5833	0.3628	0.7649	0.2434	0.7699	35.5000	0.1366	765.0000	188.0000	0.2458	767.0000
923	0.4878	0.5662	0.3571	0.7461	0.2385	0.7511	34.7500	0.1524	773.0000	187.0000	0.2419	775.0000
924	0.4962	0.5822	0.3660	0.7546	0.2371	0.7577	35.6250	0.1604	767.0000	191.0000	0.2490	769.0000
925	0.4866	0.5805	0.3608	0.7601	0.2343	0.7457	35.1250	0.1744	746.0000	183.0000	0.2453	748.0000
926	0.5220	0.5783	0.3587	0.7622	0.2357	0.7591	34.6250	0.1436	779.0000	189.0000	0.2426	784.0000
927	0.5133	0.5794	0.3794	0.7507	0.2439	0.7708	35.3750	0.1541	824.0000	192.0000	0.2330	828.0000
928	0.5282	0.5662	0.3417	0.7578	0.2316	0.7459	35.8750	0.1606	723.0000	188.0000	0.2600	726.0000
929	0.5133	0.5778	0.3616	0.7844	0.2489	0.7626	35.5000	0.1568	767.0000	184.0000	0.2399	773.0000
930	0.5220	0.5629	0.3529	0.7674	0.2259	0.7463	35.3750	0.1693	702.0000	183.0000	0.2607	706.0000
931	0.4992	0.5855	0.3715	0.7574	0.2363	0.7661	35.2500	0.1481	818.0000	185.0000	0.2262	824.0000
932	0.5025	0.5833	0.3701	0.7545	0.2415	0.7448	35.7500	0.1705	751.0000	190.0000	0.2530	755.0000
933	0.5137	0.5877	0.3531	0.7620	0.2464	0.7600	36.2500	0.1512	793.0000	191.0000	0.2409	795.0000
934	0.4790	0.5734	0.3625	0.7596	0.2429	0.7448	35.8750	0.1749	786.0000	197.0000	0.2506	790.0000
935	0.4943	0.5838	0.3634	0.7606	0.2362	0.7623	36.0000	0.1404	739.0000	180.0000	0.2436	742.0000
936	0.4859	0.5899	0.3736	0.7579	0.2362	0.7752	35.5000	0.1359	777.0000	180.0000	0.2317	781.0000
937	0.5211	0.5745	0.3493	0.7669	0.2345	0.7861	35.1250	0.1427	724.0000	174.0000	0.2403	726.0000
938	0.5043	0.5893	0.3710	0.7768	0.2443	0.7496	35.6250	0.1535	736.0000	195.0000	0.2649	739.0000
939	0.5030	0.5805	0.3544	0.7588	0.2351	0.7616	35.3750	0.1618	716.0000	181.0000	0.2528	720.0000
940	0.5237	0.5739	0.3632	0.7432	0.2310	0.7786	35.5000	0.1364	785.0000	185.0000	0.2357	787.0000
941	0.4895	0.5712	0.3656	0.7612	0.2401	0.7768	35.5000	0.1458	750.0000	180.0000	0.2400	752.0000
942	0.5127	0.5662	0.3521	0.7704	0.2342	0.7631	35.8750	0.1686	745.0000	186.0000	0.2497	749.0000
943	0.5049	0.5761	0.3595	0.7695	0.2368	0.7610	35.5000	0.1494	763.0000	193.0000	0.2529	765.0000
944	0.5159	0.5756	0.3565	0.7603	0.2358	0.7573	35.8750	0.1580	766.0000	189.0000	0.2467	769.0000
945	0.4921	0.5811	0.3495	0.7761	0.2363	0.7517	35.5000	0.1616	739.0000	182.0000	0.2463	741.0000
946	0.5235	0.5739	0.3505	0.7655	0.2347	0.7602	35.1250	0.1582	769.0000	191.0000	0.2484	774.0000
947	0.5123	0.5717	0.3491	0.7598	0.2314	0.7674	35.8750	0.1379	755.0000	181.0000	0.2397	758.0000
948	0.5012	0.5701	0.3464	0.7631	0.2339	0.7749	35.1250	0.1209	744.0000	175.0000	0.2352	747.0000
949	0.5033	0.5701	0.3576	0.7670	0.2337	0.7713	36.1250	0.1585	722.0000	178.0000	0.2465	729.0000
950	0.5267	0.5668	0.3499	0.7576	0.2308	0.7699	35.0000	0.1483	753.0000	172.0000	0.2284	757.0000
951	0.4922	0.5739	0.3613	0.7829	0.2303	0.7645	35.8750	0.1538	727.0000	179.0000	0.2462	732.0000
952	0.4894	0.5767	0.3528	0.7780	0.2312	0.7590	35.1250	0.1615	732.0000	185.0000	0.2527	735.0000
953	0.4727	0.5723	0.3522	0.7634	0.2364	0.7507	35.8750	0.1579	779.0000	193.0000	0.2478	781.0000
954	0.4819	0.5679	0.3426	0.7657	0.2297	0.7475	35.3750	0.1668	774.0000	184.0000	0.2377	778.0000
955	0.5012	0.5789	0.3595	0.7637	0.2336	0.7637	35.2500	0.1564	711.0000	191.0000	0.2686	714.0000
956	0.5134	0.5772	0.3577	0.7656	0.2320	0.7689	35.0000	0.1381	771.0000	185.0000	0.2399	775.0000
957	0.4693	0.5767	0.3568	0.7680	0.2321	0.7377	35.2500	0.1693	701.0000	189.0000	0.2696	703.0000
958	0.4968	0.5690	0.3395	0.7504	0.2308	0.7586	35.3750	0.1554	745.0000	189.0000	0.2537	748.0000
959	0.5385	0.5712	0.3498	0.7611	0.2336	0.7640	36.1250	0.1298	764.0000	177.0000	0.2317	768.0000
960	0.5317	0.5767	0.3571	0.7621	0.2371	0.7702	35.2500	0.1376	792.0000	179.0000	0.2260	796.0000
961	0.5028	0.5794	0.3643	0.7490	0.2359	0.7429	35.8750	0.1662	739.0000	198.0000	0.2679	741.0000
962	0.5081	0.5673	0.3470	0.7543	0.2292	0.7601	35.1250	0.1457	769.0000	182.0000	0.2367	771.0000
963	0.4959	0.5723	0.3585	0.7495	0.2385	0.7609	35.2500	0.1665	762.0000	186.0000	0.2441	768.0000
964	0.5172	0.5926	0.3643	0.7347	0.2364	0.7761	36.0000	0.1441	802.0000	191.0000	0.2382	804.0000
965	0.5033	0.5833	0.3605	0.7674	0.2366	0.7764	36.0000	0.1276	774.0000	186.0000	0.2403	779.0000
966	0.5240	0.5822	0.3647	0.7594	0.2419	0.7497	35.6250	0.1507	767.0000	184.0000	0.2399	772.0000
967	0.5218	0.5833	0.3665	0.7673	0.2450	0.7575	35.6250	0.1493	741.0000	183.0000	0.2470	743.0000
968	0.4963	0.5767	0.3628	0.7639	0.2393	0.7586	35.0000	0.1690	770.0000	184.0000	0.2390	774.0000
969	0.5071	0.5833	0.3642	0.7594	0.2421	0.7443	36.1250	0.1797	785.0000	193.0000	0.2459	787.0000
970	0.4961	0.5761	0.3535	0.7652	0.2339	0.7678	34.8750	0.1582	746.0000	177.0000	0.2373	749.0000
971	0.4963	0.5778	0.3590	0.7346	0.2394	0.7406	35.8750	0.1629	761.0000	200.0000	0.2628	765.0000
972	0.4683	0.5673	0.3443	0.7487	0.2276	0.7428	36.0000	0.1676	742.0000	191.0000	0.2574	746.0000
973	0.5107	0.5794	0.3608	0.7719	0.2469	0.7790	35.1250	0.1232	754.0000	182.0000	0.2414	760.0000
974	0.4748	0.5712	0.3553	0.7502	0.2322	0.7519	35.2500	0.1528	763.0000	190.0000	0.2490	766.0000
975	0.5088	0.5706	0.3601	0.7511	0.2355	0.7596	35.3750	0.1475	788.0000	190.0000	0.2411	791.0000
976	0.4978	0.5844	0.3602	0.7581	0.2391	0.7792	35.6250	0.1435	777.0000	182.0000	0.2342	782.0000
977	0.5011	0.5800	0.3513	0.7538	0.2344	0.7613	35.3750	0.1484	753.0000	187.0000	0.2483	757.0000
978	0.5163	0.5811	0.3653	0.7565	0.2352	0.7668	35.5000	0.1541	754.0000	188.0000	0.2493	758.0000
979	0.5056	0.5833	0.3640	0.7650	0.2424	0.7570	35.7500	0.1329	776.0000	189.0000	0.2436	780.0000
980	0.4969	0.5723	0.3509	0.7637	0.2341	0.7363	35.5000	0.1646	737.0000	182.0000	0.2469	741.0000
981	0.5352	0.5695	0.3531	0.7535	0.2269	0.7433	36.2500	0.1599	765.0000	191.0000	0.2497	770.0000
982	0.4770	0.5827	0.3626	0.7492	0.2379	0.7503	36.3750	0.1474	783.0000	191.0000	0.2439	786.0000
983	0.4945	0.5684	0.3581	0.7538	0.2394	0.7648	35.5000	0.1559	756.0000	180.0000	0.2381	760.0000
984	0.5060	0.5805	0.3442	0.7620	0.2318	0.7464	35.7500	0.1667	734.0000	187.0000	0.2548	736.0000
985	0.4867	0.5816	0.3464	0.7621	0.2285	0.7684	35.5000	0.1589	740.0000	184.0000	0.2486	744.0000
986	0.5262	0.5772	0.3599	0.7342	0.2395	0.7655	35.1250	0.1426	819.0000	187.0000	0.2283	822.0000
987	0.4702	0.5767	0.3603	0.7483	0.2367	0.7640	35.8750	0.1513	774.0000	180.0000	0.2326	777.0000
988	0.5067	0.5712	0.3546	0.7665	0.2342	0.7635	35.5000	0.1423	775.0000	183.0000	0.2361	782.0000
989	0.5213	0.5816	0.3579	0.7552	0.2278	0.7724	35.5000	0.1594	768.0000	183.0000	0.2383	773.0000
990	0.4804	0.5783	0.3693	0.7750	0.2405	0.7590	35.1250	0.1640	759.0000	188.0000	0.2477	762.0000
991	0.5293	0.5723	0.3538	0.7810	0.2349	0.7681	35.7500	0.1561	717.0000	178.0000	0.2483	719.0000
992	0.4757	0.5772	0.3433	0.7444	0.2316	0.7503	35.3750	0.1591	761.0000	186.0000	0.2444	766.0000
993	0.4916	0.5833	0.3587	0.7536	0.2298	0.7618	35.5000	0.1534	752.0000	187.0000	0.2487	755.0000
994	0.4833	0.5800	0.3595	0.7364	0.2307	0.7536	35.1250	0.1614	783.0000	194.0000	0.2478	785.0000
995	0.5102	0.5635	0.3406	0.7665	0.2330	0.7805	35.5000	0.1452	737.0000	173.0000	0.2347	740.0000
996	0.5187	0.5816	0.3493	0.7602	0.2271	0.7608	35.7500	0.1570	722.0000	182.0000	0.2521	724.0000
997	0.4762	0.5756	0.3691	0.7701	0.2411	0.7713	35.1250	0.1458	759.0000	181.0000	0.2385	764.0000
998	0.4893	0.5734	0.3532	0.7504	0.2362	0.7474	35.5000	0.1743	748.0000	188.0000	0.2513	754.0000
999	0.4838	0.5800	0.3624	0.7553	0.2385	0.7566	35.7500	0.1607	763.0000	186.0000	0.2438	767.0000
1000	0.5147	0.5822	0.3631	0.7572	0.2307	0.7455	35.7500	0.1775	744.0000	193.0000	0.2594	747.0000
