accuracy	proportion	density	fuzziness	coverage	purity	sounds	missing	ubound	clusters	props	patterns
1	0.5457	0.6399	0.3590	0.7677	0.1036	0.7673	36.1250	0.1310	1021.0000	219.0000	0.2145	1023.0000
2	0.5266	0.6108	0.3544	0.7863	0.0859	0.7745	36.2500	0.1279	916.0000	188.0000	0.2052	919.0000
3	0.5812	0.5959	0.3630	0.7852	0.0920	0.7844	36.0000	0.1156	820.0000	180.0000	0.2195	824.0000
4	0.5020	0.5800	0.3463	0.7719	0.0739	0.7521	35.7500	0.1581	807.0000	174.0000	0.2156	809.0000
5	0.5476	0.5849	0.3409	0.7914	0.0818	0.7727	35.1250	0.1461	763.0000	165.0000	0.2163	766.0000
6	0.4993	0.5860	0.3714	0.7810	0.0710	0.7720	35.1250	0.1388	795.0000	170.0000	0.2138	799.0000
7	0.5643	0.5855	0.3587	0.7879	0.0781	0.7761	35.5000	0.1297	770.0000	174.0000	0.2260	773.0000
8	0.5075	0.5734	0.3404	0.7784	0.0692	0.7406	36.0000	0.1820	745.0000	171.0000	0.2295	751.0000
9	0.5231	0.5811	0.3516	0.7947	0.0779	0.7314	35.2500	0.1693	763.0000	181.0000	0.2372	765.0000
10	0.4833	0.5811	0.3580	0.7942	0.0726	0.7493	35.2500	0.1616	754.0000	179.0000	0.2374	758.0000
11	0.5458	0.5767	0.3474	0.7939	0.0717	0.7606	36.0000	0.1561	759.0000	174.0000	0.2292	762.0000
12	0.5293	0.5811	0.3561	0.7972	0.0764	0.7476	36.0000	0.1606	794.0000	178.0000	0.2242	797.0000
13	0.5204	0.5822	0.3538	0.7901	0.0731	0.7450	35.6250	0.1480	765.0000	187.0000	0.2444	771.0000
14	0.5503	0.5838	0.3614	0.7917	0.0746	0.7637	35.0000	0.1471	798.0000	183.0000	0.2293	801.0000
15	0.5144	0.5794	0.3615	0.7723	0.0762	0.7360	35.5000	0.1612	806.0000	186.0000	0.2308	812.0000
16	0.5271	0.5750	0.3615	0.7766	0.0783	0.7505	35.1250	0.1452	790.0000	183.0000	0.2316	796.0000
17	0.5006	0.5756	0.3649	0.7967	0.0761	0.7497	35.2500	0.1672	756.0000	173.0000	0.2288	761.0000
18	0.5270	0.5646	0.3445	0.7911	0.0711	0.7505	35.2500	0.1619	762.0000	181.0000	0.2375	768.0000
19	0.5001	0.5838	0.3609	0.8226	0.0802	0.7883	35.6250	0.1461	761.0000	154.0000	0.2024	764.0000
20	0.5056	0.5805	0.3642	0.7929	0.0794	0.7587	35.5000	0.1557	764.0000	180.0000	0.2356	766.0000
21	0.5038	0.5772	0.3694	0.7921	0.0751	0.7392	35.1250	0.1622	792.0000	187.0000	0.2361	795.0000
22	0.5638	0.5717	0.3622	0.7948	0.0731	0.7745	35.6250	0.1386	758.0000	166.0000	0.2190	763.0000
23	0.5081	0.5783	0.3559	0.7864	0.0769	0.7483	36.5000	0.1610	759.0000	178.0000	0.2345	762.0000
24	0.5420	0.5871	0.3630	0.8033	0.0803	0.7751	35.5000	0.1360	775.0000	174.0000	0.2245	778.0000
25	0.5052	0.5728	0.3657	0.7979	0.0771	0.7433	35.0000	0.1740	721.0000	176.0000	0.2441	725.0000
26	0.5082	0.5833	0.3486	0.8025	0.0729	0.7656	35.2500	0.1471	733.0000	173.0000	0.2360	736.0000
27	0.5122	0.5690	0.3581	0.8069	0.0691	0.7599	35.0000	0.1565	758.0000	176.0000	0.2322	763.0000
28	0.5665	0.5838	0.3764	0.7909	0.0766	0.7682	35.6250	0.1234	813.0000	176.0000	0.2165	817.0000
29	0.5464	0.5794	0.3480	0.7922	0.0834	0.7784	35.5000	0.1400	780.0000	167.0000	0.2141	785.0000
30	0.5326	0.5767	0.3524	0.7850	0.0740	0.7565	35.7500	0.1412	795.0000	185.0000	0.2327	799.0000
31	0.5414	0.5899	0.3669	0.7912	0.0768	0.7428	36.1250	0.1721	735.0000	183.0000	0.2490	738.0000
32	0.5239	0.5701	0.3560	0.7777	0.0793	0.7591	35.3750	0.1324	799.0000	175.0000	0.2190	803.0000
33	0.5463	0.5849	0.3546	0.7750	0.0735	0.7327	35.6250	0.1827	734.0000	190.0000	0.2589	739.0000
34	0.4926	0.5690	0.3563	0.8037	0.0766	0.7434	35.7500	0.1779	752.0000	175.0000	0.2327	760.0000
35	0.4951	0.5734	0.3603	0.8109	0.0868	0.7513	35.3750	0.1820	784.0000	178.0000	0.2270	786.0000
36	0.4977	0.5772	0.3610	0.7772	0.0752	0.7387	35.6250	0.1776	805.0000	182.0000	0.2261	809.0000
37	0.5142	0.5745	0.3459	0.8030	0.0796	0.7476	35.3750	0.1651	767.0000	176.0000	0.2295	770.0000
38	0.5431	0.5750	0.3530	0.8055	0.0795	0.7686	35.3750	0.1690	751.0000	156.0000	0.2077	755.0000
39	0.5105	0.5904	0.3665	0.7927	0.0753	0.7621	35.8750	0.1602	773.0000	179.0000	0.2316	778.0000
40	0.5119	0.5811	0.3501	0.7860	0.0743	0.7493	35.8750	0.1577	754.0000	181.0000	0.2401	759.0000
41	0.5521	0.5838	0.3644	0.8002	0.0794	0.7625	35.3750	0.1423	770.0000	170.0000	0.2208	777.0000
42	0.5223	0.5668	0.3449	0.8006	0.0795	0.7454	35.3750	0.1611	745.0000	165.0000	0.2215	749.0000
43	0.5302	0.5789	0.3526	0.7805	0.0782	0.7585	35.3750	0.1580	787.0000	173.0000	0.2198	795.0000
44	0.5415	0.5904	0.3575	0.8140	0.0785	0.7748	35.7500	0.1367	750.0000	171.0000	0.2280	752.0000
45	0.5160	0.5679	0.3500	0.7932	0.0705	0.7542	35.7500	0.1538	782.0000	173.0000	0.2212	785.0000
46	0.5361	0.5844	0.3671	0.7789	0.0796	0.7446	35.2500	0.1764	809.0000	180.0000	0.2225	815.0000
47	0.5463	0.5833	0.3581	0.7982	0.0760	0.7712	35.3750	0.1371	797.0000	171.0000	0.2146	799.0000
48	0.5660	0.5750	0.3679	0.7802	0.0781	0.7503	35.0000	0.1535	774.0000	179.0000	0.2313	776.0000
49	0.5381	0.5756	0.3701	0.7984	0.0786	0.7737	35.5000	0.1461	801.0000	173.0000	0.2160	806.0000
50	0.5005	0.5827	0.3664	0.7932	0.0771	0.7514	36.0000	0.1688	776.0000	181.0000	0.2332	778.0000
51	0.5368	0.5750	0.3599	0.7690	0.0743	0.7416	35.7500	0.1535	748.0000	187.0000	0.2500	753.0000
52	0.5089	0.5778	0.3553	0.8054	0.0757	0.7539	36.0000	0.1510	745.0000	181.0000	0.2430	747.0000
53	0.5452	0.5822	0.3647	0.7612	0.0808	0.7411	35.7500	0.1429	800.0000	194.0000	0.2425	805.0000
54	0.5217	0.5805	0.3575	0.7899	0.0838	0.7452	35.3750	0.1808	752.0000	179.0000	0.2380	756.0000
55	0.5345	0.5679	0.3443	0.8035	0.0717	0.7618	34.8750	0.1455	733.0000	173.0000	0.2360	738.0000
56	0.5399	0.5800	0.3489	0.7851	0.0711	0.7361	35.1250	0.1556	751.0000	184.0000	0.2450	754.0000
57	0.5024	0.5756	0.3533	0.7764	0.0712	0.7580	35.5000	0.1392	788.0000	175.0000	0.2221	792.0000
58	0.5333	0.5800	0.3520	0.8015	0.0812	0.7688	35.5000	0.1635	745.0000	175.0000	0.2349	747.0000
59	0.5312	0.5805	0.3541	0.7858	0.0763	0.7474	35.3750	0.1746	755.0000	175.0000	0.2318	757.0000
60	0.5172	0.5849	0.3690	0.7904	0.0739	0.7442	35.3750	0.1613	779.0000	174.0000	0.2234	784.0000
61	0.5412	0.5717	0.3543	0.7797	0.0743	0.7612	35.1250	0.1622	729.0000	174.0000	0.2387	733.0000
62	0.5218	0.5838	0.3708	0.8024	0.0822	0.7580	35.7500	0.1544	749.0000	172.0000	0.2296	752.0000
63	0.5237	0.5684	0.3495	0.8070	0.0708	0.7656	35.2500	0.1430	757.0000	166.0000	0.2193	761.0000
64	0.5311	0.5805	0.3622	0.7875	0.0724	0.7506	35.7500	0.1399	767.0000	183.0000	0.2386	773.0000
65	0.5148	0.5739	0.3529	0.7809	0.0747	0.7607	35.7500	0.1673	741.0000	174.0000	0.2348	743.0000
66	0.5410	0.5706	0.3457	0.8073	0.0804	0.7788	35.5000	0.1521	751.0000	165.0000	0.2197	755.0000
67	0.5317	0.5855	0.3582	0.7853	0.0717	0.7467	35.7500	0.1346	763.0000	187.0000	0.2451	767.0000
68	0.5218	0.5745	0.3637	0.7893	0.0737	0.7569	36.1250	0.1683	770.0000	184.0000	0.2390	774.0000
69	0.5249	0.5778	0.3592	0.8050	0.0800	0.7668	34.8750	0.1535	767.0000	172.0000	0.2243	773.0000
70	0.5491	0.5756	0.3569	0.7974	0.0804	0.7677	35.2500	0.1493	770.0000	168.0000	0.2182	774.0000
71	0.5308	0.5893	0.3529	0.7909	0.0797	0.7293	35.3750	0.1741	756.0000	195.0000	0.2579	759.0000
72	0.5347	0.5783	0.3542	0.8081	0.0777	0.7478	35.6250	0.1512	774.0000	172.0000	0.2222	776.0000
73	0.5562	0.5855	0.3751	0.8018	0.0835	0.7649	35.5000	0.1408	790.0000	174.0000	0.2203	793.0000
74	0.5392	0.5849	0.3692	0.7930	0.0788	0.7638	34.7500	0.1554	758.0000	174.0000	0.2296	760.0000
75	0.5031	0.5882	0.3618	0.7859	0.0804	0.7718	35.2500	0.1416	792.0000	174.0000	0.2197	797.0000
76	0.5488	0.5855	0.3678	0.7981	0.0813	0.7653	34.8750	0.1455	748.0000	164.0000	0.2193	752.0000
77	0.5200	0.5899	0.3606	0.7939	0.0812	0.7461	35.8750	0.1815	740.0000	173.0000	0.2338	744.0000
78	0.5474	0.5783	0.3531	0.7959	0.0813	0.7536	35.7500	0.1514	758.0000	174.0000	0.2296	762.0000
79	0.5496	0.5607	0.3437	0.7910	0.0767	0.7628	35.3750	0.1664	751.0000	173.0000	0.2304	755.0000
80	0.5284	0.5860	0.3494	0.8018	0.0783	0.7538	35.3750	0.1695	782.0000	176.0000	0.2251	786.0000
81	0.5024	0.5706	0.3485	0.7843	0.0705	0.7418	35.8750	0.1544	777.0000	184.0000	0.2368	780.0000
82	0.5213	0.5805	0.3560	0.7791	0.0722	0.7523	35.3750	0.1565	793.0000	178.0000	0.2245	795.0000
83	0.5367	0.5860	0.3631	0.8071	0.0748	0.7441	36.0000	0.1758	762.0000	178.0000	0.2336	766.0000
84	0.5116	0.5607	0.3450	0.7945	0.0712	0.7493	35.3750	0.1647	745.0000	173.0000	0.2322	747.0000
85	0.5027	0.5723	0.3393	0.7980	0.0725	0.7363	35.6250	0.1832	735.0000	181.0000	0.2463	739.0000
86	0.5136	0.5816	0.3589	0.7962	0.0760	0.7673	36.2500	0.1472	762.0000	173.0000	0.2270	766.0000
87	0.5355	0.5745	0.3717	0.7918	0.0779	0.7658	35.5000	0.1447	748.0000	172.0000	0.2299	751.0000
88	0.5288	0.5794	0.3585	0.8021	0.0752	0.7470	35.0000	0.1492	740.0000	172.0000	0.2324	742.0000
89	0.5172	0.5745	0.3538	0.7976	0.0762	0.7726	34.8750	0.1499	745.0000	164.0000	0.2201	751.0000
90	0.5172	0.5750	0.3587	0.7872	0.0798	0.7578	35.2500	0.1508	775.0000	179.0000	0.2310	780.0000
91	0.5526	0.5855	0.3615	0.7844	0.0805	0.7538	35.6250	0.1476	769.0000	182.0000	0.2367	772.0000
92	0.5716	0.5767	0.3501	0.8100	0.0757	0.7598	35.5000	0.1349	701.0000	172.0000	0.2454	704.0000
93	0.5415	0.5822	0.3595	0.7816	0.0779	0.7523	35.2500	0.1640	716.0000	180.0000	0.2514	719.0000
94	0.5500	0.5789	0.3637	0.7822	0.0789	0.7639	35.5000	0.1559	766.0000	178.0000	0.2324	768.0000
95	0.5118	0.5734	0.3590	0.8078	0.0805	0.7406	35.3750	0.1748	766.0000	174.0000	0.2272	771.0000
96	0.5380	0.5811	0.3618	0.7762	0.0719	0.7457	35.7500	0.1531	755.0000	180.0000	0.2384	759.0000
97	0.5030	0.5767	0.3567	0.7786	0.0793	0.7402	35.0000	0.1609	834.0000	183.0000	0.2194	839.0000
98	0.5422	0.5849	0.3559	0.7994	0.0826	0.7740	35.0000	0.1357	753.0000	170.0000	0.2258	760.0000
99	0.5453	0.5723	0.3598	0.8056	0.0791	0.7521	34.6250	0.1623	731.0000	176.0000	0.2408	733.0000
100	0.5505	0.5712	0.3458	0.7973	0.0814	0.7766	35.1250	0.1524	716.0000	165.0000	0.2304	720.0000
101	0.5211	0.5871	0.3541	0.7849	0.0797	0.7566	35.2500	0.1590	759.0000	171.0000	0.2253	761.0000
102	0.5212	0.5789	0.3561	0.8061	0.0786	0.7589	35.8750	0.1531	778.0000	175.0000	0.2249	781.0000
103	0.5083	0.5805	0.3561	0.7917	0.0711	0.7498	35.8750	0.1614	758.0000	176.0000	0.2322	762.0000
104	0.5097	0.5728	0.3413	0.8002	0.0735	0.7651	34.7500	0.1722	754.0000	168.0000	0.2228	756.0000
105	0.5248	0.5794	0.3604	0.7794	0.0818	0.7516	35.5000	0.1465	762.0000	175.0000	0.2297	766.0000
106	0.5459	0.5690	0.3604	0.7953	0.0882	0.7734	35.0000	0.1574	725.0000	165.0000	0.2276	729.0000
107	0.5569	0.5783	0.3491	0.8071	0.0767	0.7530	36.0000	0.1519	755.0000	178.0000	0.2358	759.0000
108	0.5290	0.5822	0.3612	0.7883	0.0741	0.7427	35.2500	0.1606	757.0000	184.0000	0.2431	760.0000
109	0.5143	0.5750	0.3507	0.7936	0.0707	0.7416	35.8750	0.1666	736.0000	179.0000	0.2432	741.0000
110	0.5322	0.5871	0.3534	0.7776	0.0775	0.7428	35.1250	0.1687	754.0000	181.0000	0.2401	759.0000
111	0.5345	0.5651	0.3537	0.7989	0.0797	0.7575	35.8750	0.1576	752.0000	169.0000	0.2247	757.0000
112	0.5632	0.5805	0.3688	0.8004	0.0879	0.7667	35.1250	0.1493	766.0000	169.0000	0.2206	770.0000
113	0.5517	0.5756	0.3553	0.8048	0.0783	0.7716	35.1250	0.1400	727.0000	170.0000	0.2338	730.0000
114	0.5352	0.5794	0.3486	0.7873	0.0759	0.7540	35.6250	0.1520	779.0000	176.0000	0.2259	781.0000
115	0.5429	0.5745	0.3572	0.7905	0.0801	0.7660	35.8750	0.1426	764.0000	167.0000	0.2186	768.0000
116	0.5137	0.5739	0.3620	0.7961	0.0757	0.7529	35.2500	0.1736	735.0000	170.0000	0.2313	740.0000
117	0.5370	0.5838	0.3764	0.8040	0.0862	0.7597	35.0000	0.1670	744.0000	168.0000	0.2258	747.0000
118	0.5357	0.5706	0.3432	0.7809	0.0721	0.7540	35.8750	0.1475	715.0000	171.0000	0.2392	718.0000
119	0.5302	0.5838	0.3413	0.7911	0.0710	0.7446	35.2500	0.1728	718.0000	173.0000	0.2409	722.0000
120	0.5550	0.5838	0.3662	0.7948	0.0787	0.7575	35.1250	0.1414	764.0000	175.0000	0.2291	767.0000
121	0.5170	0.5827	0.3497	0.8131	0.0737	0.7445	35.6250	0.1645	755.0000	178.0000	0.2358	758.0000
122	0.5387	0.5811	0.3650	0.7878	0.0817	0.7636	35.5000	0.1554	768.0000	167.0000	0.2174	776.0000
123	0.5308	0.5723	0.3554	0.7893	0.0729	0.7495	35.6250	0.1472	744.0000	173.0000	0.2325	748.0000
124	0.5279	0.5794	0.3642	0.7816	0.0813	0.7478	35.1250	0.1602	780.0000	182.0000	0.2333	785.0000
125	0.5129	0.5734	0.3544	0.7880	0.0814	0.7439	35.6250	0.1633	770.0000	178.0000	0.2312	772.0000
126	0.5319	0.5855	0.3460	0.8260	0.0825	0.7725	35.5000	0.1538	771.0000	167.0000	0.2166	773.0000
127	0.5038	0.5761	0.3602	0.7874	0.0802	0.7590	35.5000	0.1680	777.0000	176.0000	0.2265	781.0000
128	0.5167	0.5668	0.3518	0.7794	0.0717	0.7398	35.2500	0.1689	737.0000	175.0000	0.2374	742.0000
129	0.5165	0.5723	0.3412	0.7950	0.0713	0.7587	36.0000	0.1566	756.0000	167.0000	0.2209	760.0000
130	0.5367	0.5849	0.3616	0.7818	0.0811	0.7662	35.3750	0.1481	769.0000	176.0000	0.2289	772.0000
131	0.5204	0.5866	0.3686	0.7936	0.0825	0.7653	35.2500	0.1463	775.0000	185.0000	0.2387	777.0000
132	0.5292	0.5717	0.3629	0.7931	0.0764	0.7272	35.7500	0.1665	768.0000	187.0000	0.2435	771.0000
133	0.5355	0.5932	0.3530	0.7958	0.0761	0.7529	35.6250	0.1516	759.0000	176.0000	0.2319	763.0000
134	0.5115	0.5778	0.3527	0.7846	0.0716	0.7399	35.2500	0.1547	744.0000	177.0000	0.2379	749.0000
135	0.5316	0.5756	0.3639	0.7987	0.0872	0.7700	35.1250	0.1529	773.0000	163.0000	0.2109	779.0000
136	0.5350	0.5690	0.3433	0.7867	0.0715	0.7598	35.1250	0.1638	766.0000	170.0000	0.2219	769.0000
137	0.5289	0.5723	0.3422	0.7771	0.0653	0.7311	35.8750	0.1834	731.0000	190.0000	0.2599	738.0000
138	0.5477	0.5712	0.3484	0.8099	0.0805	0.7609	35.3750	0.1533	741.0000	171.0000	0.2308	746.0000
139	0.5137	0.5800	0.3583	0.8017	0.0733	0.7455	35.0000	0.1492	746.0000	174.0000	0.2332	749.0000
140	0.5159	0.5833	0.3717	0.7851	0.0809	0.7519	35.7500	0.1475	816.0000	181.0000	0.2218	826.0000
141	0.5507	0.5816	0.3687	0.7856	0.0798	0.7780	35.2500	0.1442	792.0000	164.0000	0.2071	795.0000
142	0.5259	0.5684	0.3409	0.8031	0.0771	0.7657	35.5000	0.1551	744.0000	164.0000	0.2204	746.0000
143	0.5155	0.5789	0.3666	0.7949	0.0813	0.7387	35.5000	0.1778	780.0000	189.0000	0.2423	783.0000
144	0.5148	0.5849	0.3522	0.7798	0.0725	0.7584	35.7500	0.1387	769.0000	175.0000	0.2276	775.0000
145	0.5315	0.5734	0.3498	0.7851	0.0727	0.7513	35.3750	0.1384	797.0000	178.0000	0.2233	804.0000
146	0.5424	0.5800	0.3641	0.7902	0.0783	0.7572	35.1250	0.1461	772.0000	179.0000	0.2319	774.0000
147	0.5055	0.5937	0.3612	0.7671	0.0715	0.7373	36.1250	0.1700	775.0000	195.0000	0.2516	780.0000
148	0.5273	0.5767	0.3419	0.8163	0.0762	0.7655	34.7500	0.1406	742.0000	159.0000	0.2143	746.0000
149	0.5530	0.5827	0.3623	0.7943	0.0798	0.7592	35.6250	0.1411	775.0000	179.0000	0.2310	780.0000
150	0.5330	0.5833	0.3676	0.8043	0.0772	0.7532	35.3750	0.1600	734.0000	175.0000	0.2384	737.0000
151	0.5262	0.5783	0.3484	0.7982	0.0750	0.7652	35.5000	0.1574	764.0000	171.0000	0.2238	770.0000
152	0.5215	0.5712	0.3549	0.8028	0.0726	0.7538	35.5000	0.1390	769.0000	177.0000	0.2302	773.0000
153	0.5255	0.5723	0.3464	0.7850	0.0722	0.7511	35.3750	0.1717	742.0000	172.0000	0.2318	748.0000
154	0.5439	0.5789	0.3435	0.8063	0.0734	0.7638	35.1250	0.1385	708.0000	166.0000	0.2345	712.0000
155	0.5251	0.5789	0.3592	0.7910	0.0813	0.7552	35.1250	0.1643	761.0000	173.0000	0.2273	764.0000
156	0.5144	0.5745	0.3649	0.8080	0.0748	0.7595	36.0000	0.1577	744.0000	171.0000	0.2298	747.0000
157	0.5106	0.5756	0.3526	0.7696	0.0677	0.7311	35.2500	0.1641	771.0000	185.0000	0.2399	778.0000
158	0.5241	0.5844	0.3616	0.7829	0.0872	0.7620	36.0000	0.1649	785.0000	173.0000	0.2204	788.0000
159	0.5578	0.5772	0.3672	0.7944	0.0860	0.7714	34.7500	0.1382	809.0000	176.0000	0.2176	812.0000
160	0.5103	0.5701	0.3513	0.7981	0.0701	0.7548	35.0000	0.1476	743.0000	170.0000	0.2288	746.0000
161	0.5173	0.5805	0.3646	0.7761	0.0746	0.7410	35.1250	0.1473	789.0000	188.0000	0.2383	796.0000
162	0.5400	0.5772	0.3703	0.7940	0.0808	0.7634	35.2500	0.1482	772.0000	179.0000	0.2319	777.0000
163	0.5552	0.5816	0.3596	0.7952	0.0767	0.7608	35.3750	0.1388	783.0000	176.0000	0.2248	785.0000
164	0.5449	0.5767	0.3635	0.8125	0.0805	0.7624	35.2500	0.1633	770.0000	175.0000	0.2273	773.0000
165	0.5430	0.5761	0.3503	0.7988	0.0805	0.7537	35.0000	0.1524	743.0000	172.0000	0.2315	746.0000
166	0.5324	0.5855	0.3600	0.7866	0.0839	0.7634	35.5000	0.1635	759.0000	173.0000	0.2279	764.0000
167	0.5078	0.5585	0.3432	0.7942	0.0705	0.7457	35.8750	0.1744	771.0000	171.0000	0.2218	773.0000
168	0.5111	0.5701	0.3418	0.7902	0.0734	0.7544	35.1250	0.1541	722.0000	170.0000	0.2355	727.0000
169	0.5405	0.5822	0.3477	0.7886	0.0805	0.7464	35.3750	0.1630	760.0000	180.0000	0.2368	763.0000
170	0.5746	0.5750	0.3614	0.7849	0.0837	0.7719	35.0000	0.1330	838.0000	171.0000	0.2041	842.0000
171	0.5765	0.5635	0.3408	0.7924	0.0692	0.7591	35.6250	0.1433	737.0000	163.0000	0.2212	744.0000
172	0.5310	0.5871	0.3581	0.7973	0.0808	0.7567	35.8750	0.1655	768.0000	187.0000	0.2435	771.0000
173	0.5106	0.5855	0.3646	0.7988	0.0721	0.7587	35.7500	0.1303	781.0000	172.0000	0.2202	783.0000
174	0.5390	0.5948	0.3715	0.7984	0.0749	0.7720	35.5000	0.1340	759.0000	170.0000	0.2240	761.0000
175	0.5136	0.5783	0.3444	0.7997	0.0706	0.7561	35.8750	0.1539	736.0000	179.0000	0.2432	741.0000
176	0.5553	0.5838	0.3561	0.8013	0.0787	0.7622	35.6250	0.1422	767.0000	171.0000	0.2229	771.0000
177	0.5333	0.5717	0.3506	0.7914	0.0739	0.7451	35.2500	0.1563	742.0000	176.0000	0.2372	745.0000
178	0.5014	0.5838	0.3509	0.7839	0.0712	0.7417	35.5000	0.1780	761.0000	182.0000	0.2392	763.0000
179	0.5406	0.5739	0.3528	0.7980	0.0749	0.7502	35.3750	0.1596	745.0000	169.0000	0.2268	750.0000
180	0.5104	0.5838	0.3751	0.7884	0.0806	0.7448	35.7500	0.1743	797.0000	187.0000	0.2346	800.0000
181	0.4938	0.5893	0.3593	0.7976	0.0767	0.7387	35.3750	0.1636	762.0000	184.0000	0.2415	767.0000
182	0.5195	0.5794	0.3622	0.7888	0.0834	0.7523	35.6250	0.1547	757.0000	182.0000	0.2404	760.0000
183	0.4970	0.5805	0.3348	0.8102	0.0742	0.7462	35.5000	0.1744	716.0000	170.0000	0.2374	719.0000
184	0.5399	0.5717	0.3511	0.7871	0.0682	0.7520	35.2500	0.1481	747.0000	174.0000	0.2329	752.0000
185	0.5396	0.5811	0.3496	0.7995	0.0764	0.7577	35.7500	0.1662	783.0000	177.0000	0.2261	785.0000
186	0.5432	0.5899	0.3591	0.7987	0.0822	0.7476	35.5000	0.1579	789.0000	179.0000	0.2269	793.0000
187	0.5309	0.5739	0.3419	0.7865	0.0708	0.7306	35.8750	0.1683	737.0000	185.0000	0.2510	740.0000
188	0.4940	0.5822	0.3578	0.7988	0.0756	0.7463	35.2500	0.1689	743.0000	183.0000	0.2463	746.0000
189	0.5595	0.5701	0.3464	0.8080	0.0714	0.7671	35.8750	0.1371	706.0000	169.0000	0.2394	711.0000
190	0.5298	0.5701	0.3500	0.8007	0.0788	0.7545	35.2500	0.1551	754.0000	179.0000	0.2374	756.0000
191	0.5419	0.5789	0.3676	0.7973	0.0766	0.7713	34.6250	0.1429	748.0000	179.0000	0.2393	754.0000
192	0.5128	0.5772	0.3593	0.8005	0.0745	0.7447	35.2500	0.1675	755.0000	187.0000	0.2477	760.0000
193	0.5266	0.5860	0.3610	0.7952	0.0833	0.7720	35.6250	0.1362	744.0000	172.0000	0.2312	746.0000
194	0.5433	0.5904	0.3529	0.7959	0.0769	0.7668	35.7500	0.1334	796.0000	181.0000	0.2274	799.0000
195	0.5274	0.5789	0.3622	0.8001	0.0714	0.7478	35.6250	0.1599	759.0000	182.0000	0.2398	763.0000
196	0.5325	0.5789	0.3586	0.7988	0.0751	0.7555	35.8750	0.1466	792.0000	181.0000	0.2285	794.0000
197	0.5248	0.5833	0.3683	0.7821	0.0799	0.7640	35.8750	0.1523	787.0000	176.0000	0.2236	792.0000
198	0.5445	0.5728	0.3615	0.7991	0.0832	0.7621	35.6250	0.1680	729.0000	170.0000	0.2332	732.0000
199	0.5344	0.5734	0.3569	0.7880	0.0770	0.7621	35.0000	0.1455	798.0000	175.0000	0.2193	802.0000
200	0.5338	0.5756	0.3578	0.7838	0.0758	0.7369	35.6250	0.1619	775.0000	185.0000	0.2387	778.0000
201	0.5361	0.5844	0.3547	0.7772	0.0755	0.7553	35.7500	0.1501	777.0000	179.0000	0.2304	780.0000
202	0.5376	0.5827	0.3649	0.7974	0.0815	0.7595	34.7500	0.1602	768.0000	172.0000	0.2240	773.0000
203	0.4912	0.5827	0.3653	0.7918	0.0804	0.7520	35.5000	0.1697	752.0000	177.0000	0.2354	756.0000
204	0.5228	0.5794	0.3569	0.7982	0.0721	0.7642	36.1250	0.1263	763.0000	166.0000	0.2176	766.0000
205	0.4908	0.5684	0.3555	0.7918	0.0736	0.7366	35.8750	0.1819	763.0000	176.0000	0.2307	767.0000
206	0.5300	0.5761	0.3536	0.7839	0.0736	0.7731	35.7500	0.1325	792.0000	168.0000	0.2121	795.0000
207	0.5509	0.5816	0.3442	0.7982	0.0708	0.7612	34.6250	0.1434	742.0000	162.0000	0.2183	751.0000
208	0.5200	0.5915	0.3716	0.7926	0.0794	0.7612	35.5000	0.1432	786.0000	173.0000	0.2201	791.0000
209	0.4996	0.5640	0.3506	0.8105	0.0745	0.7645	35.5000	0.1536	748.0000	167.0000	0.2233	751.0000
210	0.5314	0.5800	0.3556	0.7806	0.0775	0.7520	35.7500	0.1638	767.0000	180.0000	0.2347	769.0000
211	0.5415	0.5805	0.3486	0.8024	0.0728	0.7478	35.6250	0.1423	763.0000	177.0000	0.2320	767.0000
212	0.5272	0.5723	0.3531	0.8014	0.0747	0.7809	36.0000	0.1440	789.0000	168.0000	0.2129	791.0000
213	0.5338	0.5613	0.3443	0.8022	0.0785	0.7732	35.5000	0.1553	745.0000	164.0000	0.2201	748.0000
214	0.5336	0.5822	0.3476	0.7994	0.0734	0.7745	35.2500	0.1450	752.0000	174.0000	0.2314	756.0000
215	0.5228	0.5629	0.3532	0.7881	0.0729	0.7389	35.5000	0.1654	743.0000	177.0000	0.2382	747.0000
216	0.5377	0.5734	0.3341	0.8142	0.0701	0.7584	35.6250	0.1555	736.0000	168.0000	0.2283	741.0000
217	0.5398	0.5822	0.3656	0.7916	0.0850	0.7677	34.8750	0.1392	792.0000	169.0000	0.2134	794.0000
218	0.5101	0.5745	0.3621	0.7871	0.0752	0.7638	35.2500	0.1314	817.0000	177.0000	0.2166	819.0000
219	0.5056	0.5745	0.3613	0.8172	0.0802	0.7535	35.6250	0.1618	767.0000	173.0000	0.2256	772.0000
220	0.4833	0.5668	0.3469	0.7957	0.0721	0.7363	35.1250	0.1917	721.0000	181.0000	0.2510	726.0000
221	0.5327	0.5717	0.3547	0.7980	0.0752	0.7620	35.2500	0.1579	741.0000	174.0000	0.2348	743.0000
222	0.5190	0.5745	0.3472	0.7950	0.0761	0.7519	35.7500	0.1567	739.0000	177.0000	0.2395	741.0000
223	0.5216	0.5717	0.3565	0.7999	0.0800	0.7596	35.3750	0.1569	747.0000	172.0000	0.2303	751.0000
224	0.5310	0.5706	0.3392	0.7869	0.0740	0.7571	35.6250	0.1626	736.0000	170.0000	0.2310	738.0000
225	0.4952	0.5706	0.3537	0.7909	0.0790	0.7567	35.6250	0.1829	768.0000	185.0000	0.2409	771.0000
226	0.5489	0.5745	0.3517	0.7885	0.0793	0.7398	35.6250	0.1720	763.0000	181.0000	0.2372	770.0000
227	0.5126	0.5695	0.3525	0.7967	0.0803	0.7524	35.8750	0.1675	777.0000	181.0000	0.2329	779.0000
228	0.5486	0.5767	0.3602	0.8344	0.0773	0.7826	34.7500	0.1300	714.0000	157.0000	0.2199	716.0000
229	0.4910	0.5728	0.3498	0.7869	0.0689	0.7375	36.0000	0.1750	761.0000	180.0000	0.2365	768.0000
230	0.5422	0.5888	0.3616	0.7948	0.0845	0.7657	35.1250	0.1521	774.0000	173.0000	0.2235	776.0000
231	0.5228	0.5778	0.3369	0.7884	0.0701	0.7576	35.8750	0.1532	779.0000	174.0000	0.2234	781.0000
232	0.5291	0.5844	0.3554	0.7917	0.0714	0.7353	35.5000	0.1563	759.0000	188.0000	0.2477	762.0000
233	0.4997	0.5838	0.3653	0.7881	0.0807	0.7573	35.7500	0.1548	835.0000	174.0000	0.2084	839.0000
234	0.5524	0.5789	0.3515	0.7977	0.0741	0.7459	35.5000	0.1500	739.0000	172.0000	0.2327	744.0000
235	0.5575	0.5822	0.3652	0.7988	0.0800	0.7744	34.5000	0.1440	741.0000	174.0000	0.2348	746.0000
236	0.5062	0.5794	0.3573	0.7932	0.0745	0.7511	35.5000	0.1591	760.0000	181.0000	0.2382	764.0000
237	0.5431	0.5915	0.3602	0.7911	0.0819	0.7530	36.0000	0.1590	772.0000	181.0000	0.2345	774.0000
238	0.5188	0.5811	0.3558	0.7945	0.0801	0.7583	36.0000	0.1432	749.0000	173.0000	0.2310	753.0000
239	0.5537	0.5800	0.3663	0.8126	0.0837	0.7755	35.3750	0.1449	744.0000	171.0000	0.2298	746.0000
240	0.5381	0.5640	0.3446	0.8085	0.0734	0.7524	35.0000	0.1727	722.0000	162.0000	0.2244	726.0000
241	0.5209	0.5800	0.3627	0.7834	0.0770	0.7437	35.6250	0.1629	757.0000	176.0000	0.2325	760.0000
242	0.4663	0.5811	0.3584	0.8127	0.0730	0.7524	36.2500	0.1758	731.0000	174.0000	0.2380	735.0000
243	0.5302	0.5904	0.3541	0.7924	0.0833	0.7626	35.6250	0.1502	791.0000	174.0000	0.2200	797.0000
244	0.5121	0.5750	0.3426	0.8017	0.0754	0.7667	35.2500	0.1428	743.0000	178.0000	0.2396	745.0000
245	0.5298	0.5756	0.3655	0.7980	0.0784	0.7545	35.5000	0.1493	800.0000	178.0000	0.2225	804.0000
246	0.5572	0.5816	0.3672	0.7969	0.0776	0.7538	36.1250	0.1496	751.0000	183.0000	0.2437	754.0000
247	0.5164	0.5728	0.3498	0.7904	0.0768	0.7495	34.8750	0.1509	739.0000	174.0000	0.2355	742.0000
248	0.5318	0.5712	0.3475	0.7968	0.0777	0.7562	34.8750	0.1593	758.0000	182.0000	0.2401	762.0000
249	0.5345	0.5833	0.3428	0.7948	0.0793	0.7688	35.2500	0.1566	777.0000	171.0000	0.2201	780.0000
250	0.5432	0.5712	0.3595	0.7963	0.0776	0.7798	35.3750	0.1198	777.0000	173.0000	0.2227	782.0000
251	0.5569	0.5778	0.3591	0.8024	0.0852	0.7364	35.7500	0.1636	767.0000	186.0000	0.2425	769.0000
252	0.5047	0.5860	0.3650	0.7783	0.0780	0.7332	35.3750	0.1585	794.0000	183.0000	0.2305	799.0000
253	0.5375	0.5728	0.3745	0.7813	0.0808	0.7636	35.1250	0.1388	805.0000	178.0000	0.2211	808.0000
254	0.5282	0.5734	0.3528	0.8157	0.0699	0.7699	35.2500	0.1378	735.0000	168.0000	0.2286	739.0000
255	0.5157	0.5717	0.3565	0.8154	0.0765	0.7704	35.8750	0.1320	761.0000	171.0000	0.2247	763.0000
256	0.5717	0.5789	0.3683	0.7898	0.0813	0.7672	35.3750	0.1391	772.0000	178.0000	0.2306	775.0000
257	0.5270	0.5783	0.3644	0.7962	0.0811	0.7768	35.7500	0.1379	792.0000	168.0000	0.2121	795.0000
258	0.4964	0.5822	0.3570	0.8107	0.0799	0.7441	36.2500	0.1841	754.0000	181.0000	0.2401	759.0000
259	0.5500	0.5668	0.3477	0.7894	0.0770	0.7479	35.3750	0.1689	745.0000	181.0000	0.2430	751.0000
260	0.5115	0.5860	0.3656	0.7875	0.0710	0.7382	35.5000	0.1712	757.0000	187.0000	0.2470	760.0000
261	0.5453	0.5772	0.3525	0.7972	0.0828	0.7701	35.3750	0.1501	757.0000	168.0000	0.2219	759.0000
262	0.5416	0.5750	0.3525	0.7914	0.0770	0.7611	36.0000	0.1595	742.0000	177.0000	0.2385	745.0000
263	0.5125	0.5811	0.3571	0.8016	0.0778	0.7443	35.7500	0.1714	756.0000	179.0000	0.2368	760.0000
264	0.5200	0.5728	0.3539	0.7996	0.0749	0.7509	35.7500	0.1724	736.0000	165.0000	0.2242	738.0000
265	0.5343	0.5756	0.3487	0.8113	0.0722	0.7627	34.8750	0.1322	760.0000	171.0000	0.2250	766.0000
266	0.5317	0.5866	0.3618	0.7905	0.0779	0.7520	35.5000	0.1471	774.0000	175.0000	0.2261	776.0000
267	0.5196	0.5838	0.3774	0.8048	0.0792	0.7682	35.5000	0.1435	788.0000	176.0000	0.2234	790.0000
268	0.5123	0.5640	0.3429	0.7938	0.0736	0.7381	35.8750	0.1888	723.0000	176.0000	0.2434	725.0000
269	0.5278	0.5844	0.3606	0.7924	0.0738	0.7604	35.3750	0.1350	762.0000	176.0000	0.2310	766.0000
270	0.5456	0.5811	0.3560	0.7720	0.0756	0.7405	35.2500	0.1606	759.0000	183.0000	0.2411	761.0000
271	0.5008	0.5794	0.3572	0.7999	0.0730	0.7435	35.5000	0.1742	722.0000	173.0000	0.2396	725.0000
272	0.5235	0.5816	0.3671	0.7864	0.0781	0.7331	35.5000	0.1598	753.0000	183.0000	0.2430	758.0000
273	0.5399	0.5800	0.3463	0.7925	0.0796	0.7649	35.8750	0.1539	784.0000	176.0000	0.2245	787.0000
274	0.5221	0.5772	0.3480	0.7893	0.0794	0.7338	35.2500	0.1584	747.0000	184.0000	0.2463	750.0000
275	0.4969	0.5816	0.3485	0.7919	0.0728	0.7500	35.8750	0.1660	745.0000	178.0000	0.2389	751.0000
276	0.5317	0.5756	0.3542	0.7803	0.0777	0.7556	35.2500	0.1529	745.0000	173.0000	0.2322	748.0000
277	0.5375	0.5695	0.3471	0.7874	0.0751	0.7584	35.7500	0.1577	730.0000	172.0000	0.2356	735.0000
278	0.5342	0.5871	0.3615	0.8107	0.0813	0.7679	35.5000	0.1593	813.0000	171.0000	0.2103	818.0000
279	0.5502	0.5789	0.3452	0.8009	0.0734	0.7724	35.2500	0.1343	708.0000	177.0000	0.2500	710.0000
280	0.5318	0.5695	0.3542	0.8094	0.0745	0.7661	35.2500	0.1307	751.0000	174.0000	0.2317	753.0000
281	0.5292	0.5783	0.3621	0.8052	0.0749	0.7479	35.1250	0.1628	757.0000	175.0000	0.2312	761.0000
282	0.5146	0.5827	0.3669	0.8004	0.0808	0.7610	35.6250	0.1632	785.0000	170.0000	0.2166	787.0000
283	0.5329	0.5756	0.3462	0.7876	0.0726	0.7439	36.1250	0.1337	754.0000	181.0000	0.2401	760.0000
284	0.5012	0.5926	0.3692	0.7871	0.0753	0.7562	35.8750	0.1522	755.0000	182.0000	0.2411	761.0000
285	0.4743	0.5673	0.3382	0.8099	0.0647	0.7321	35.7500	0.1649	740.0000	175.0000	0.2365	743.0000
286	0.5450	0.5827	0.3549	0.7955	0.0770	0.7482	35.1250	0.1428	765.0000	171.0000	0.2235	767.0000
287	0.5227	0.5772	0.3536	0.8146	0.0754	0.7713	35.1250	0.1484	751.0000	169.0000	0.2250	753.0000
288	0.5487	0.5695	0.3568	0.8053	0.0837	0.7661	35.8750	0.1455	799.0000	179.0000	0.2240	802.0000
289	0.5262	0.5888	0.3585	0.7925	0.0760	0.7875	35.0000	0.1231	775.0000	167.0000	0.2155	779.0000
290	0.5199	0.5783	0.3687	0.7968	0.0814	0.7623	35.1250	0.1491	788.0000	180.0000	0.2284	794.0000
291	0.5187	0.5761	0.3560	0.7977	0.0763	0.7611	35.1250	0.1362	755.0000	171.0000	0.2265	757.0000
292	0.4882	0.5822	0.3589	0.8051	0.0724	0.7463	36.0000	0.1597	789.0000	177.0000	0.2243	793.0000
293	0.5362	0.5794	0.3666	0.7920	0.0812	0.7501	35.1250	0.1457	796.0000	179.0000	0.2249	800.0000
294	0.5436	0.5794	0.3625	0.7971	0.0757	0.7737	35.5000	0.1595	750.0000	174.0000	0.2320	753.0000
295	0.5276	0.5679	0.3583	0.7823	0.0835	0.7417	35.6250	0.1867	759.0000	186.0000	0.2451	762.0000
296	0.5320	0.5695	0.3535	0.8325	0.0765	0.7810	35.2500	0.1507	736.0000	162.0000	0.2201	739.0000
297	0.5073	0.5838	0.3584	0.7873	0.0777	0.7435	35.2500	0.1538	803.0000	179.0000	0.2229	806.0000
298	0.5325	0.5690	0.3474	0.7864	0.0693	0.7418	35.3750	0.1651	754.0000	177.0000	0.2347	757.0000
299	0.5391	0.5767	0.3580	0.7910	0.0744	0.7571	35.5000	0.1501	781.0000	171.0000	0.2190	783.0000
300	0.5214	0.5778	0.3557	0.8109	0.0801	0.7375	35.6250	0.1818	745.0000	183.0000	0.2456	748.0000
301	0.5171	0.5805	0.3477	0.7936	0.0791	0.7546	35.3750	0.1714	755.0000	179.0000	0.2371	759.0000
302	0.5237	0.5701	0.3511	0.7884	0.0711	0.7352	35.8750	0.1659	733.0000	190.0000	0.2592	735.0000
303	0.5572	0.5690	0.3550	0.8033	0.0750	0.7514	35.2500	0.1400	756.0000	175.0000	0.2315	758.0000
304	0.5558	0.5827	0.3543	0.7755	0.0774	0.7633	35.5000	0.1429	776.0000	174.0000	0.2242	779.0000
305	0.5657	0.5849	0.3653	0.8153	0.0803	0.7796	35.5000	0.1325	773.0000	163.0000	0.2109	777.0000
306	0.5264	0.5717	0.3525	0.7975	0.0761	0.7666	35.2500	0.1580	760.0000	169.0000	0.2224	764.0000
307	0.5236	0.5871	0.3626	0.7861	0.0760	0.7546	35.5000	0.1474	764.0000	179.0000	0.2343	768.0000
308	0.5100	0.5970	0.3638	0.7939	0.0717	0.7535	36.0000	0.1604	774.0000	183.0000	0.2364	781.0000
309	0.5087	0.5728	0.3522	0.8046	0.0785	0.7473	36.0000	0.1620	730.0000	173.0000	0.2370	733.0000
310	0.5360	0.5772	0.3592	0.8005	0.0803	0.7539	35.8750	0.1464	753.0000	181.0000	0.2404	755.0000
311	0.5621	0.5756	0.3580	0.8059	0.0841	0.7650	35.0000	0.1466	742.0000	176.0000	0.2372	744.0000
312	0.5287	0.5789	0.3449	0.8048	0.0780	0.7608	35.5000	0.1563	722.0000	170.0000	0.2355	724.0000
313	0.5116	0.5684	0.3513	0.8038	0.0724	0.7411	35.2500	0.1674	719.0000	172.0000	0.2392	721.0000
314	0.5023	0.5706	0.3469	0.7903	0.0748	0.7490	35.3750	0.1676	734.0000	175.0000	0.2384	739.0000
315	0.5201	0.5767	0.3543	0.7933	0.0779	0.7512	34.8750	0.1564	739.0000	171.0000	0.2314	743.0000
316	0.5039	0.5756	0.3612	0.7949	0.0801	0.7479	35.7500	0.1668	784.0000	178.0000	0.2270	786.0000
317	0.5076	0.5783	0.3471	0.7878	0.0762	0.7362	35.7500	0.1628	782.0000	176.0000	0.2251	787.0000
318	0.5201	0.5893	0.3679	0.7946	0.0810	0.7408	36.1250	0.1692	769.0000	184.0000	0.2393	775.0000
319	0.5156	0.5767	0.3618	0.7940	0.0745	0.7333	35.5000	0.1654	740.0000	173.0000	0.2338	745.0000
320	0.5041	0.5723	0.3566	0.7837	0.0763	0.7557	34.8750	0.1621	772.0000	168.0000	0.2176	775.0000
321	0.5359	0.5882	0.3532	0.8001	0.0797	0.7599	36.0000	0.1455	726.0000	175.0000	0.2410	729.0000
322	0.5633	0.5789	0.3639	0.8083	0.0826	0.7726	35.2500	0.1317	754.0000	171.0000	0.2268	756.0000
323	0.5781	0.5860	0.3573	0.7888	0.0790	0.7509	35.5000	0.1402	773.0000	180.0000	0.2329	776.0000
324	0.5027	0.5706	0.3561	0.7999	0.0732	0.7659	35.3750	0.1510	737.0000	174.0000	0.2361	740.0000
325	0.5127	0.5805	0.3673	0.7933	0.0758	0.7576	35.5000	0.1491	787.0000	180.0000	0.2287	789.0000
326	0.5437	0.5800	0.3591	0.7874	0.0780	0.7621	35.7500	0.1509	780.0000	171.0000	0.2192	783.0000
327	0.5193	0.5805	0.3520	0.7930	0.0730	0.7484	35.7500	0.1679	720.0000	167.0000	0.2319	725.0000
328	0.5333	0.5794	0.3593	0.7828	0.0825	0.7603	35.7500	0.1577	782.0000	180.0000	0.2302	786.0000
329	0.5288	0.5822	0.3524	0.7804	0.0736	0.7481	35.6250	0.1716	746.0000	174.0000	0.2332	748.0000
330	0.5158	0.5805	0.3622	0.7967	0.0737	0.7520	36.2500	0.1550	793.0000	183.0000	0.2308	798.0000
331	0.5361	0.5816	0.3553	0.7962	0.0760	0.7602	36.2500	0.1598	792.0000	181.0000	0.2285	796.0000
332	0.5126	0.5684	0.3508	0.8106	0.0708	0.7565	36.3750	0.1522	717.0000	175.0000	0.2441	719.0000
333	0.5425	0.5767	0.3455	0.8101	0.0793	0.7784	35.3750	0.1398	698.0000	150.0000	0.2149	702.0000
334	0.5337	0.5860	0.3483	0.7813	0.0748	0.7493	35.2500	0.1657	782.0000	173.0000	0.2212	786.0000
335	0.5243	0.5750	0.3599	0.7824	0.0800	0.7348	35.3750	0.1785	769.0000	181.0000	0.2354	772.0000
336	0.5276	0.5783	0.3523	0.8011	0.0795	0.7873	35.3750	0.1417	759.0000	158.0000	0.2082	761.0000
337	0.5494	0.5844	0.3579	0.7958	0.0790	0.7701	35.3750	0.1440	753.0000	177.0000	0.2351	756.0000
338	0.5244	0.5767	0.3520	0.8033	0.0805	0.7640	35.1250	0.1666	769.0000	174.0000	0.2263	773.0000
339	0.5367	0.5783	0.3486	0.7901	0.0791	0.7513	35.2500	0.1311	766.0000	174.0000	0.2272	770.0000
340	0.4924	0.5646	0.3493	0.7777	0.0713	0.7371	35.8750	0.1553	765.0000	177.0000	0.2314	772.0000
341	0.4972	0.5767	0.3520	0.7957	0.0774	0.7413	35.7500	0.1851	754.0000	178.0000	0.2361	758.0000
342	0.4951	0.5701	0.3423	0.8044	0.0744	0.7449	35.3750	0.1821	725.0000	177.0000	0.2441	728.0000
343	0.5264	0.5904	0.3592	0.7817	0.0924	0.7718	36.1250	0.1670	786.0000	170.0000	0.2163	788.0000
344	0.5326	0.5805	0.3490	0.7927	0.0773	0.7525	35.7500	0.1464	760.0000	172.0000	0.2263	763.0000
345	0.5244	0.5833	0.3640	0.7826	0.0740	0.7507	35.2500	0.1542	812.0000	178.0000	0.2192	816.0000
346	0.5625	0.5794	0.3619	0.7971	0.0857	0.7682	35.6250	0.1406	777.0000	174.0000	0.2239	780.0000
347	0.5432	0.5827	0.3729	0.7954	0.0801	0.7548	35.6250	0.1634	767.0000	171.0000	0.2229	772.0000
348	0.5603	0.5783	0.3577	0.8173	0.0827	0.7638	35.0000	0.1504	743.0000	174.0000	0.2342	751.0000
349	0.5270	0.5827	0.3516	0.7894	0.0696	0.7278	36.1250	0.1600	739.0000	180.0000	0.2436	744.0000
350	0.5108	0.5827	0.3480	0.7969	0.0758	0.7561	35.5000	0.1705	742.0000	172.0000	0.2318	747.0000
351	0.5226	0.5756	0.3534	0.8235	0.0787	0.7726	35.1250	0.1521	736.0000	164.0000	0.2228	739.0000
352	0.5255	0.5805	0.3571	0.7943	0.0780	0.7470	35.3750	0.1658	774.0000	171.0000	0.2209	777.0000
353	0.5328	0.5805	0.3564	0.8031	0.0789	0.7684	36.1250	0.1443	784.0000	172.0000	0.2194	787.0000
354	0.4907	0.5767	0.3552	0.7795	0.0714	0.7522	35.2500	0.1515	827.0000	174.0000	0.2104	829.0000
355	0.5288	0.5739	0.3455	0.7874	0.0697	0.7423	35.6250	0.1631	744.0000	185.0000	0.2487	746.0000
356	0.5276	0.5794	0.3444	0.7968	0.0741	0.7530	35.8750	0.1642	701.0000	175.0000	0.2496	703.0000
357	0.5332	0.5877	0.3654	0.7924	0.0852	0.7526	35.1250	0.1494	798.0000	173.0000	0.2168	804.0000
358	0.5340	0.5921	0.3694	0.7809	0.0789	0.7564	35.7500	0.1397	799.0000	180.0000	0.2253	803.0000
359	0.5223	0.5811	0.3705	0.7892	0.0843	0.7534	35.6250	0.1555	775.0000	171.0000	0.2206	779.0000
360	0.5659	0.5811	0.3616	0.8002	0.0764	0.7698	35.5000	0.1445	777.0000	174.0000	0.2239	782.0000
361	0.5251	0.5783	0.3490	0.7939	0.0723	0.7448	36.0000	0.1764	778.0000	177.0000	0.2275	784.0000
362	0.5242	0.5728	0.3454	0.8033	0.0757	0.7612	35.8750	0.1406	749.0000	176.0000	0.2350	752.0000
363	0.5466	0.5816	0.3626	0.7961	0.0818	0.7738	35.2500	0.1145	783.0000	178.0000	0.2273	785.0000
364	0.5464	0.5717	0.3477	0.7903	0.0748	0.7445	35.0000	0.1310	739.0000	169.0000	0.2287	741.0000
365	0.5360	0.5684	0.3358	0.7888	0.0776	0.7279	35.1250	0.1848	725.0000	174.0000	0.2400	728.0000
366	0.4976	0.5750	0.3520	0.8035	0.0700	0.7530	35.6250	0.1548	754.0000	169.0000	0.2241	760.0000
367	0.5489	0.5800	0.3613	0.7965	0.0736	0.7680	35.8750	0.1668	758.0000	178.0000	0.2348	760.0000
368	0.5248	0.5734	0.3606	0.8077	0.0800	0.7671	35.7500	0.1450	769.0000	172.0000	0.2237	775.0000
369	0.5353	0.5871	0.3744	0.7932	0.0898	0.7564	35.2500	0.1619	779.0000	175.0000	0.2246	783.0000
370	0.5339	0.5772	0.3502	0.7785	0.0792	0.7611	35.0000	0.1571	780.0000	178.0000	0.2282	783.0000
371	0.5151	0.5794	0.3623	0.7937	0.0716	0.7540	35.5000	0.1464	721.0000	174.0000	0.2413	723.0000
372	0.5390	0.5767	0.3553	0.7733	0.0741	0.7530	35.6250	0.1454	777.0000	176.0000	0.2265	780.0000
373	0.5284	0.5756	0.3631	0.8101	0.0791	0.7634	35.8750	0.1418	762.0000	173.0000	0.2270	764.0000
374	0.5330	0.5635	0.3537	0.7923	0.0739	0.7662	35.8750	0.1367	746.0000	171.0000	0.2292	749.0000
375	0.5391	0.5673	0.3413	0.7927	0.0773	0.7571	36.2500	0.1432	735.0000	171.0000	0.2327	738.0000
376	0.4915	0.5926	0.3746	0.7802	0.0779	0.7576	35.5000	0.1512	864.0000	188.0000	0.2176	866.0000
377	0.4846	0.5761	0.3457	0.8004	0.0754	0.7434	35.1250	0.1830	753.0000	176.0000	0.2337	756.0000
378	0.5389	0.5838	0.3538	0.7952	0.0782	0.7685	35.1250	0.1448	798.0000	170.0000	0.2130	801.0000
379	0.5584	0.5783	0.3553	0.8136	0.0825	0.7622	35.6250	0.1584	764.0000	172.0000	0.2251	767.0000
380	0.5632	0.5893	0.3741	0.8071	0.0875	0.7629	35.7500	0.1519	794.0000	177.0000	0.2229	797.0000
381	0.5266	0.5651	0.3438	0.8136	0.0801	0.7795	34.6250	0.1469	734.0000	161.0000	0.2193	739.0000
382	0.5270	0.5805	0.3643	0.7870	0.0786	0.7634	35.5000	0.1592	766.0000	176.0000	0.2298	770.0000
383	0.5169	0.5745	0.3536	0.7889	0.0706	0.7226	35.0000	0.1784	774.0000	188.0000	0.2429	779.0000
384	0.5365	0.5734	0.3590	0.8067	0.0826	0.7641	35.7500	0.1481	752.0000	175.0000	0.2327	754.0000
385	0.5142	0.5772	0.3477	0.8025	0.0741	0.7509	35.7500	0.1593	748.0000	181.0000	0.2420	751.0000
386	0.5265	0.5882	0.3690	0.7968	0.0800	0.7591	35.3750	0.1429	772.0000	174.0000	0.2254	775.0000
387	0.5301	0.5734	0.3464	0.7950	0.0753	0.7570	35.0000	0.1535	769.0000	170.0000	0.2211	771.0000
388	0.5398	0.5827	0.3686	0.7925	0.0800	0.7609	35.2500	0.1644	798.0000	178.0000	0.2231	800.0000
389	0.5073	0.5866	0.3561	0.7854	0.0788	0.7557	35.5000	0.1623	806.0000	181.0000	0.2246	808.0000
390	0.5338	0.5844	0.3668	0.7932	0.0774	0.7585	35.6250	0.1684	781.0000	178.0000	0.2279	786.0000
391	0.5302	0.5756	0.3621	0.7972	0.0883	0.7570	36.0000	0.1554	793.0000	184.0000	0.2320	795.0000
392	0.5575	0.5811	0.3655	0.7904	0.0792	0.7543	35.3750	0.1437	761.0000	176.0000	0.2313	764.0000
393	0.5306	0.5646	0.3474	0.7851	0.0751	0.7494	35.7500	0.1693	733.0000	175.0000	0.2387	735.0000
394	0.5431	0.5844	0.3703	0.8022	0.0885	0.7978	34.6250	0.1144	754.0000	161.0000	0.2135	758.0000
395	0.5131	0.5723	0.3565	0.8018	0.0725	0.7463	35.7500	0.1675	790.0000	184.0000	0.2329	794.0000
396	0.5315	0.5745	0.3557	0.7795	0.0744	0.7368	35.2500	0.1720	740.0000	183.0000	0.2473	746.0000
397	0.5325	0.5745	0.3519	0.7827	0.0784	0.7586	35.0000	0.1503	748.0000	173.0000	0.2313	753.0000
398	0.5104	0.5690	0.3418	0.7949	0.0713	0.7295	36.1250	0.1848	759.0000	177.0000	0.2332	761.0000
399	0.5175	0.5816	0.3579	0.8004	0.0774	0.7564	35.1250	0.1644	758.0000	176.0000	0.2322	762.0000
400	0.5149	0.5602	0.3404	0.7866	0.0746	0.7458	34.8750	0.1794	733.0000	173.0000	0.2360	739.0000
401	0.5460	0.5888	0.3580	0.8009	0.0831	0.7401	35.7500	0.1730	726.0000	179.0000	0.2466	728.0000
402	0.5246	0.5811	0.3551	0.7858	0.0781	0.7499	35.0000	0.1619	776.0000	173.0000	0.2229	783.0000
403	0.4668	0.5695	0.3445	0.8066	0.0700	0.7206	35.3750	0.1742	719.0000	180.0000	0.2503	722.0000
404	0.5146	0.5657	0.3450	0.7891	0.0755	0.7484	35.7500	0.1601	727.0000	176.0000	0.2421	730.0000
405	0.5203	0.5827	0.3664	0.7898	0.0788	0.7455	36.0000	0.1513	756.0000	177.0000	0.2341	759.0000
406	0.5364	0.5772	0.3482	0.8106	0.0753	0.7617	35.3750	0.1542	754.0000	172.0000	0.2281	756.0000
407	0.5415	0.5772	0.3564	0.7890	0.0795	0.7525	35.1250	0.1501	755.0000	183.0000	0.2424	757.0000
408	0.5448	0.5882	0.3577	0.7939	0.0745	0.7643	35.5000	0.1356	769.0000	178.0000	0.2315	777.0000
409	0.5349	0.5734	0.3580	0.7977	0.0767	0.7537	34.7500	0.1509	744.0000	175.0000	0.2352	749.0000
410	0.5396	0.5750	0.3491	0.7997	0.0771	0.7685	35.6250	0.1460	757.0000	172.0000	0.2272	764.0000
411	0.5742	0.5767	0.3437	0.7972	0.0707	0.7612	35.7500	0.1476	766.0000	165.0000	0.2154	768.0000
412	0.5335	0.5827	0.3632	0.8027	0.0728	0.7649	35.0000	0.1494	750.0000	175.0000	0.2333	754.0000
413	0.5002	0.5849	0.3562	0.7803	0.0792	0.7456	35.3750	0.1685	789.0000	178.0000	0.2256	792.0000
414	0.5149	0.5734	0.3468	0.7942	0.0775	0.7558	34.5000	0.1492	754.0000	166.0000	0.2202	756.0000
415	0.5245	0.5767	0.3478	0.7786	0.0777	0.7605	35.8750	0.1375	773.0000	175.0000	0.2264	777.0000
416	0.5103	0.5750	0.3590	0.7876	0.0827	0.7508	35.1250	0.1496	776.0000	173.0000	0.2229	779.0000
417	0.5253	0.5778	0.3574	0.7819	0.0746	0.7640	35.3750	0.1543	759.0000	178.0000	0.2345	762.0000
418	0.5312	0.5811	0.3486	0.7823	0.0696	0.7445	35.5000	0.1711	754.0000	177.0000	0.2347	756.0000
419	0.5127	0.5772	0.3480	0.7858	0.0764	0.7440	35.3750	0.1713	765.0000	174.0000	0.2275	769.0000
420	0.5001	0.5739	0.3474	0.7963	0.0718	0.7348	35.6250	0.1664	753.0000	177.0000	0.2351	755.0000
421	0.5334	0.5783	0.3611	0.8048	0.0836	0.7819	35.6250	0.1322	762.0000	166.0000	0.2178	765.0000
422	0.5260	0.5734	0.3471	0.7837	0.0802	0.7471	35.6250	0.1553	752.0000	176.0000	0.2340	756.0000
423	0.5281	0.5849	0.3566	0.8057	0.0787	0.7540	35.2500	0.1526	768.0000	167.0000	0.2174	773.0000
424	0.5223	0.5778	0.3648	0.7836	0.0836	0.7511	35.3750	0.1569	781.0000	175.0000	0.2241	783.0000
425	0.5457	0.5767	0.3471	0.7969	0.0757	0.7549	35.8750	0.1465	757.0000	171.0000	0.2259	760.0000
426	0.5203	0.5701	0.3514	0.8157	0.0794	0.7676	35.0000	0.1405	743.0000	165.0000	0.2221	745.0000
427	0.5478	0.5761	0.3607	0.7957	0.0874	0.7529	35.1250	0.1620	761.0000	172.0000	0.2260	764.0000
428	0.5129	0.5706	0.3429	0.7851	0.0733	0.7594	35.5000	0.1440	799.0000	172.0000	0.2153	803.0000
429	0.5442	0.5728	0.3474	0.7978	0.0736	0.7675	35.2500	0.1412	737.0000	171.0000	0.2320	742.0000
430	0.4980	0.5767	0.3553	0.7822	0.0786	0.7431	35.1250	0.1711	743.0000	183.0000	0.2463	746.0000
431	0.5481	0.5778	0.3466	0.8115	0.0799	0.7586	35.2500	0.1443	714.0000	179.0000	0.2507	716.0000
432	0.5488	0.5805	0.3549	0.8159	0.0745	0.7719	35.5000	0.1296	764.0000	176.0000	0.2304	769.0000
433	0.5356	0.5789	0.3621	0.7923	0.0749	0.7637	34.8750	0.1691	763.0000	177.0000	0.2320	769.0000
434	0.5035	0.5844	0.3556	0.8064	0.0773	0.7511	35.3750	0.1546	741.0000	170.0000	0.2294	744.0000
435	0.4970	0.5761	0.3432	0.7900	0.0751	0.7553	35.7500	0.1606	741.0000	175.0000	0.2362	744.0000
436	0.5239	0.5761	0.3508	0.8137	0.0787	0.7675	35.3750	0.1699	731.0000	163.0000	0.2230	735.0000
437	0.5311	0.5789	0.3677	0.7915	0.0821	0.7629	35.2500	0.1476	822.0000	169.0000	0.2056	827.0000
438	0.5143	0.5679	0.3421	0.7870	0.0770	0.7492	35.2500	0.1516	736.0000	176.0000	0.2391	739.0000
439	0.5029	0.5690	0.3488	0.7975	0.0790	0.7710	35.5000	0.1547	757.0000	170.0000	0.2246	761.0000
440	0.5544	0.5871	0.3640	0.7995	0.0812	0.7654	35.5000	0.1279	764.0000	169.0000	0.2212	766.0000
441	0.5219	0.5624	0.3531	0.7861	0.0688	0.7556	35.0000	0.1544	744.0000	176.0000	0.2366	748.0000
442	0.5007	0.5657	0.3557	0.7911	0.0747	0.7309	35.2500	0.1786	757.0000	172.0000	0.2272	760.0000
443	0.5243	0.5706	0.3454	0.8004	0.0743	0.7662	35.7500	0.1513	727.0000	173.0000	0.2380	730.0000
444	0.5366	0.5877	0.3644	0.7778	0.0752	0.7570	36.0000	0.1536	776.0000	181.0000	0.2332	780.0000
445	0.5041	0.5772	0.3599	0.7889	0.0771	0.7579	35.0000	0.1724	776.0000	175.0000	0.2255	778.0000
446	0.5098	0.5690	0.3445	0.7897	0.0733	0.7655	35.5000	0.1563	788.0000	173.0000	0.2195	792.0000
447	0.5228	0.5800	0.3559	0.7870	0.0771	0.7400	35.7500	0.1787	791.0000	192.0000	0.2427	796.0000
448	0.5504	0.5728	0.3613	0.7905	0.0780	0.7626	35.5000	0.1465	757.0000	180.0000	0.2378	762.0000
449	0.5209	0.5822	0.3590	0.7862	0.0788	0.7533	35.2500	0.1538	795.0000	174.0000	0.2189	798.0000
450	0.5569	0.5888	0.3728	0.7891	0.0798	0.7739	35.7500	0.1306	794.0000	174.0000	0.2191	798.0000
451	0.5201	0.5734	0.3477	0.8161	0.0760	0.7621	35.2500	0.1671	744.0000	176.0000	0.2366	749.0000
452	0.5663	0.5657	0.3399	0.8038	0.0802	0.7547	35.6250	0.1496	734.0000	169.0000	0.2302	737.0000
453	0.5440	0.5816	0.3609	0.7937	0.0803	0.7703	35.2500	0.1537	751.0000	167.0000	0.2224	755.0000
454	0.4970	0.5789	0.3571	0.7828	0.0807	0.7555	35.3750	0.1718	758.0000	181.0000	0.2388	760.0000
455	0.5436	0.5783	0.3515	0.7909	0.0741	0.7644	35.5000	0.1488	758.0000	175.0000	0.2309	763.0000
456	0.5188	0.5679	0.3345	0.8012	0.0749	0.7707	35.7500	0.1553	736.0000	168.0000	0.2283	743.0000
457	0.5281	0.5800	0.3632	0.7848	0.0842	0.7668	35.6250	0.1467	769.0000	174.0000	0.2263	772.0000
458	0.5266	0.5844	0.3482	0.8199	0.0704	0.7639	35.6250	0.1497	726.0000	171.0000	0.2355	729.0000
459	0.5244	0.5849	0.3635	0.7871	0.0800	0.7518	35.3750	0.1624	773.0000	179.0000	0.2316	777.0000
460	0.5352	0.5866	0.3721	0.7704	0.0847	0.7438	35.6250	0.1528	794.0000	189.0000	0.2380	799.0000
461	0.5387	0.5695	0.3546	0.7991	0.0806	0.7625	35.0000	0.1597	741.0000	170.0000	0.2294	746.0000
462	0.5271	0.5668	0.3530	0.7806	0.0795	0.7489	35.7500	0.1368	775.0000	177.0000	0.2284	777.0000
463	0.5444	0.5750	0.3706	0.8081	0.0725	0.7692	35.6250	0.1401	768.0000	167.0000	0.2174	773.0000
464	0.5365	0.5805	0.3594	0.7894	0.0728	0.7447	35.8750	0.1544	731.0000	184.0000	0.2517	733.0000
465	0.5553	0.5844	0.3650	0.8101	0.0807	0.7780	35.7500	0.1462	786.0000	171.0000	0.2176	791.0000
466	0.5633	0.5844	0.3541	0.8018	0.0794	0.7519	35.5000	0.1525	736.0000	176.0000	0.2391	740.0000
467	0.5284	0.5811	0.3633	0.8077	0.0815	0.7591	35.7500	0.1589	748.0000	179.0000	0.2393	753.0000
468	0.5118	0.5827	0.3512	0.8054	0.0842	0.7475	35.8750	0.1752	764.0000	169.0000	0.2212	771.0000
469	0.5244	0.5893	0.3675	0.7886	0.0817	0.7552	35.8750	0.1549	757.0000	184.0000	0.2431	759.0000
470	0.5467	0.5844	0.3677	0.7996	0.0877	0.7548	35.2500	0.1853	764.0000	182.0000	0.2382	767.0000
471	0.5214	0.5800	0.3533	0.7829	0.0726	0.7488	35.2500	0.1624	767.0000	176.0000	0.2295	772.0000
472	0.5440	0.5816	0.3534	0.7958	0.0764	0.7551	35.5000	0.1593	757.0000	168.0000	0.2219	762.0000
473	0.4944	0.5893	0.3668	0.7949	0.0755	0.7435	35.8750	0.1797	746.0000	186.0000	0.2493	750.0000
474	0.5322	0.5822	0.3618	0.8020	0.0760	0.7564	35.0000	0.1481	733.0000	175.0000	0.2387	736.0000
475	0.5285	0.5866	0.3545	0.7931	0.0736	0.7489	36.1250	0.1429	777.0000	186.0000	0.2394	780.0000
476	0.4958	0.5728	0.3405	0.7959	0.0696	0.7520	35.5000	0.1458	723.0000	178.0000	0.2462	726.0000
477	0.5328	0.5673	0.3459	0.7796	0.0718	0.7629	35.5000	0.1348	734.0000	160.0000	0.2180	738.0000
478	0.5403	0.5811	0.3541	0.8056	0.0781	0.7725	35.3750	0.1292	772.0000	169.0000	0.2189	777.0000
479	0.4874	0.5739	0.3512	0.7845	0.0838	0.7367	35.2500	0.1792	746.0000	174.0000	0.2332	748.0000
480	0.5794	0.5739	0.3571	0.7865	0.0713	0.7650	35.5000	0.1255	775.0000	164.0000	0.2116	780.0000
481	0.5119	0.5662	0.3492	0.7872	0.0715	0.7532	35.3750	0.1688	751.0000	169.0000	0.2250	755.0000
482	0.4880	0.5822	0.3574	0.7653	0.0755	0.7528	36.0000	0.1540	767.0000	180.0000	0.2347	771.0000
483	0.5192	0.5849	0.3589	0.7832	0.0798	0.7550	35.0000	0.1654	762.0000	181.0000	0.2375	764.0000
484	0.4937	0.5717	0.3440	0.7897	0.0762	0.7352	35.5000	0.1820	734.0000	177.0000	0.2411	739.0000
485	0.5099	0.5772	0.3510	0.7908	0.0774	0.7637	35.7500	0.1570	790.0000	177.0000	0.2241	797.0000
486	0.5471	0.5734	0.3438	0.8046	0.0754	0.7678	35.5000	0.1510	776.0000	171.0000	0.2204	778.0000
487	0.5492	0.5756	0.3578	0.8083	0.0835	0.7605	35.0000	0.1620	781.0000	172.0000	0.2202	783.0000
488	0.5565	0.5756	0.3648	0.8084	0.0815	0.7760	34.8750	0.1274	766.0000	162.0000	0.2115	770.0000
489	0.5438	0.5690	0.3496	0.7941	0.0771	0.7664	35.2500	0.1379	791.0000	173.0000	0.2187	793.0000
490	0.5305	0.5734	0.3688	0.7723	0.0793	0.7537	35.7500	0.1556	788.0000	181.0000	0.2297	792.0000
491	0.5362	0.5800	0.3544	0.7984	0.0767	0.7603	35.6250	0.1352	766.0000	175.0000	0.2285	769.0000
492	0.5144	0.5739	0.3566	0.8028	0.0767	0.7545	35.3750	0.1502	761.0000	171.0000	0.2247	764.0000
493	0.5383	0.5756	0.3540	0.8116	0.0831	0.7759	35.8750	0.1360	781.0000	165.0000	0.2113	785.0000
494	0.5444	0.5778	0.3552	0.7993	0.0758	0.7448	35.1250	0.1578	744.0000	173.0000	0.2325	752.0000
495	0.5031	0.5871	0.3598	0.7902	0.0795	0.7562	36.1250	0.1679	760.0000	183.0000	0.2408	762.0000
496	0.5282	0.5723	0.3505	0.7871	0.0756	0.7475	35.8750	0.1545	755.0000	181.0000	0.2397	759.0000
497	0.4953	0.5816	0.3478	0.7914	0.0776	0.7548	35.6250	0.1661	761.0000	167.0000	0.2194	766.0000
498	0.5255	0.5772	0.3596	0.7855	0.0785	0.7544	35.5000	0.1492	788.0000	178.0000	0.2259	792.0000
499	0.5407	0.5767	0.3551	0.7904	0.0736	0.7576	34.3750	0.1586	762.0000	176.0000	0.2310	766.0000
500	0.5392	0.5789	0.3654	0.8048	0.0832	0.7592	36.0000	0.1596	753.0000	175.0000	0.2324	757.0000
501	0.5209	0.5772	0.3605	0.7924	0.0810	0.7542	35.0000	0.1650	769.0000	180.0000	0.2341	773.0000
502	0.5120	0.5822	0.3625	0.7867	0.0796	0.7580	35.3750	0.1534	801.0000	182.0000	0.2272	806.0000
503	0.5086	0.5849	0.3575	0.7984	0.0772	0.7501	35.2500	0.1470	766.0000	176.0000	0.2298	768.0000
504	0.5239	0.5679	0.3469	0.7931	0.0693	0.7368	35.0000	0.1512	760.0000	181.0000	0.2382	767.0000
505	0.5423	0.5728	0.3591	0.8034	0.0755	0.7585	35.3750	0.1329	738.0000	173.0000	0.2344	740.0000
506	0.5572	0.5778	0.3576	0.7859	0.0793	0.7688	35.7500	0.1518	735.0000	171.0000	0.2327	739.0000
507	0.5600	0.5800	0.3662	0.8023	0.0779	0.7614	35.0000	0.1667	752.0000	177.0000	0.2354	754.0000
508	0.4954	0.5657	0.3523	0.7909	0.0730	0.7222	35.6250	0.1728	759.0000	186.0000	0.2451	762.0000
509	0.5433	0.5783	0.3487	0.8079	0.0854	0.7485	35.2500	0.1648	744.0000	170.0000	0.2285	747.0000
510	0.5193	0.5838	0.3600	0.7904	0.0764	0.7572	36.0000	0.1447	808.0000	176.0000	0.2178	811.0000
511	0.5373	0.5855	0.3633	0.8012	0.0846	0.7609	35.3750	0.1541	782.0000	176.0000	0.2251	784.0000
512	0.5333	0.5833	0.3753	0.7921	0.0836	0.7659	35.6250	0.1448	809.0000	172.0000	0.2126	814.0000
513	0.5127	0.5706	0.3520	0.7879	0.0735	0.7515	35.6250	0.1556	769.0000	172.0000	0.2237	774.0000
514	0.5632	0.5761	0.3650	0.7940	0.0796	0.7757	36.2500	0.1286	764.0000	171.0000	0.2238	767.0000
515	0.5333	0.5772	0.3606	0.8000	0.0779	0.7643	35.8750	0.1561	773.0000	170.0000	0.2199	777.0000
516	0.5171	0.5756	0.3574	0.7747	0.0779	0.7385	35.2500	0.1742	789.0000	181.0000	0.2294	793.0000
517	0.5081	0.5844	0.3680	0.7897	0.0822	0.7504	35.8750	0.1688	739.0000	169.0000	0.2287	742.0000
518	0.5101	0.5855	0.3647	0.7962	0.0746	0.7482	35.8750	0.1491	790.0000	180.0000	0.2278	793.0000
519	0.5274	0.5866	0.3615	0.7889	0.0824	0.7499	35.7500	0.1805	758.0000	178.0000	0.2348	762.0000
520	0.5422	0.5822	0.3599	0.7947	0.0826	0.7763	35.3750	0.1644	753.0000	170.0000	0.2258	757.0000
521	0.5151	0.5618	0.3429	0.7800	0.0717	0.7420	35.3750	0.1777	759.0000	172.0000	0.2266	761.0000
522	0.5078	0.5756	0.3579	0.7844	0.0792	0.7558	36.0000	0.1628	800.0000	179.0000	0.2238	804.0000
523	0.5305	0.5723	0.3527	0.8024	0.0705	0.7454	35.5000	0.1629	746.0000	181.0000	0.2426	752.0000
524	0.5536	0.5756	0.3662	0.7987	0.0763	0.7483	35.3750	0.1365	766.0000	180.0000	0.2350	769.0000
525	0.5384	0.5893	0.3520	0.7921	0.0713	0.7578	35.1250	0.1567	761.0000	181.0000	0.2378	767.0000
526	0.5051	0.5745	0.3375	0.8125	0.0751	0.7467	35.7500	0.1640	710.0000	174.0000	0.2451	714.0000
527	0.5237	0.5767	0.3512	0.7933	0.0745	0.7481	36.0000	0.1681	747.0000	181.0000	0.2423	750.0000
528	0.5347	0.5690	0.3515	0.7944	0.0795	0.7567	35.2500	0.1588	762.0000	173.0000	0.2270	764.0000
529	0.5293	0.5822	0.3593	0.7988	0.0765	0.7505	36.0000	0.1610	758.0000	180.0000	0.2375	762.0000
530	0.5144	0.5794	0.3638	0.7778	0.0774	0.7596	35.3750	0.1680	778.0000	180.0000	0.2314	783.0000
531	0.4918	0.5739	0.3461	0.8119	0.0771	0.7400	36.0000	0.1593	700.0000	170.0000	0.2429	702.0000
532	0.5572	0.5750	0.3542	0.7979	0.0754	0.7592	36.7500	0.1568	741.0000	175.0000	0.2362	744.0000
533	0.5425	0.5904	0.3662	0.8035	0.0832	0.7701	35.5000	0.1422	769.0000	174.0000	0.2263	772.0000
534	0.5378	0.5734	0.3454	0.8005	0.0757	0.7652	35.0000	0.1524	722.0000	164.0000	0.2271	726.0000
535	0.5283	0.5904	0.3699	0.7930	0.0802	0.7535	34.7500	0.1536	794.0000	185.0000	0.2330	801.0000
536	0.5354	0.5772	0.3620	0.8089	0.0766	0.7638	35.5000	0.1528	758.0000	173.0000	0.2282	761.0000
537	0.5411	0.5882	0.3692	0.8005	0.0756	0.7378	35.0000	0.1614	774.0000	190.0000	0.2455	778.0000
538	0.5282	0.5822	0.3714	0.7871	0.0793	0.7622	35.8750	0.1625	765.0000	176.0000	0.2301	767.0000
539	0.5087	0.5717	0.3425	0.7882	0.0796	0.7558	35.5000	0.1572	745.0000	169.0000	0.2268	748.0000
540	0.5279	0.5860	0.3628	0.8001	0.0807	0.7682	35.5000	0.1525	769.0000	168.0000	0.2185	772.0000
541	0.4991	0.5657	0.3388	0.7823	0.0693	0.7315	35.2500	0.1760	750.0000	182.0000	0.2427	752.0000
542	0.5311	0.5805	0.3775	0.8024	0.0749	0.7630	35.3750	0.1480	758.0000	173.0000	0.2282	760.0000
543	0.5311	0.5794	0.3548	0.7966	0.0776	0.7445	36.2500	0.1670	753.0000	177.0000	0.2351	757.0000
544	0.5350	0.5805	0.3666	0.7906	0.0806	0.7588	35.2500	0.1342	795.0000	173.0000	0.2176	800.0000
545	0.5021	0.5756	0.3543	0.7934	0.0781	0.7581	35.3750	0.1586	766.0000	174.0000	0.2272	770.0000
546	0.5225	0.5690	0.3463	0.8098	0.0748	0.7687	35.8750	0.1483	747.0000	165.0000	0.2209	750.0000
547	0.5040	0.5723	0.3580	0.7781	0.0762	0.7475	35.3750	0.1550	777.0000	184.0000	0.2368	783.0000
548	0.5443	0.5805	0.3651	0.8045	0.0773	0.7412	35.6250	0.1557	786.0000	191.0000	0.2430	788.0000
549	0.5620	0.5789	0.3358	0.7963	0.0739	0.7598	35.3750	0.1570	712.0000	170.0000	0.2388	716.0000
550	0.5218	0.5827	0.3528	0.7886	0.0763	0.7563	35.1250	0.1531	769.0000	176.0000	0.2289	772.0000
551	0.5346	0.5789	0.3641	0.8078	0.0833	0.7677	35.0000	0.1479	755.0000	169.0000	0.2238	757.0000
552	0.4993	0.5723	0.3657	0.7946	0.0813	0.7408	35.7500	0.1748	752.0000	174.0000	0.2314	755.0000
553	0.5201	0.5635	0.3467	0.7958	0.0770	0.7654	35.0000	0.1416	749.0000	170.0000	0.2270	753.0000
554	0.5485	0.5811	0.3700	0.7838	0.0836	0.7586	35.5000	0.1587	788.0000	182.0000	0.2310	792.0000
555	0.5151	0.5915	0.3797	0.7902	0.0893	0.7575	35.7500	0.1550	818.0000	179.0000	0.2188	820.0000
556	0.5644	0.5811	0.3452	0.8101	0.0805	0.7364	35.6250	0.1719	716.0000	181.0000	0.2528	721.0000
557	0.5135	0.5805	0.3648	0.7907	0.0741	0.7404	35.2500	0.1673	743.0000	177.0000	0.2382	749.0000
558	0.5429	0.5794	0.3630	0.8073	0.0854	0.7706	35.7500	0.1513	743.0000	172.0000	0.2315	748.0000
559	0.5205	0.5695	0.3522	0.7994	0.0719	0.7673	35.6250	0.1679	743.0000	164.0000	0.2207	748.0000
560	0.5330	0.5739	0.3608	0.7822	0.0784	0.7426	35.8750	0.1655	761.0000	178.0000	0.2339	766.0000
561	0.5417	0.5844	0.3462	0.7766	0.0751	0.7486	35.5000	0.1499	757.0000	186.0000	0.2457	760.0000
562	0.5543	0.5756	0.3760	0.7819	0.0850	0.7543	36.1250	0.1515	794.0000	183.0000	0.2305	798.0000
563	0.5129	0.5833	0.3666	0.7901	0.0805	0.7322	35.8750	0.1701	791.0000	190.0000	0.2402	797.0000
564	0.5111	0.5888	0.3687	0.7905	0.0768	0.7499	36.0000	0.1668	765.0000	177.0000	0.2314	769.0000
565	0.4888	0.5816	0.3489	0.7943	0.0722	0.7457	35.3750	0.1606	783.0000	175.0000	0.2235	786.0000
566	0.5239	0.5811	0.3433	0.7988	0.0727	0.7486	35.7500	0.1716	761.0000	173.0000	0.2273	768.0000
567	0.5415	0.5728	0.3412	0.7949	0.0717	0.7638	35.6250	0.1407	726.0000	167.0000	0.2300	730.0000
568	0.5159	0.5717	0.3544	0.7848	0.0697	0.7538	35.3750	0.1331	761.0000	177.0000	0.2326	764.0000
569	0.4974	0.5690	0.3561	0.7938	0.0734	0.7585	35.8750	0.1501	765.0000	175.0000	0.2288	768.0000
570	0.5266	0.5745	0.3553	0.7930	0.0795	0.7598	35.6250	0.1621	728.0000	176.0000	0.2418	731.0000
571	0.5364	0.5695	0.3404	0.7908	0.0717	0.7636	35.5000	0.1528	733.0000	165.0000	0.2251	737.0000
572	0.5075	0.5717	0.3552	0.7965	0.0745	0.7590	36.0000	0.1564	765.0000	171.0000	0.2235	770.0000
573	0.5132	0.5629	0.3394	0.8049	0.0762	0.7511	35.1250	0.1601	745.0000	175.0000	0.2349	747.0000
574	0.5232	0.5728	0.3608	0.7816	0.0727	0.7420	36.2500	0.1649	765.0000	187.0000	0.2444	768.0000
575	0.5655	0.5866	0.3628	0.8005	0.0860	0.7738	36.2500	0.1569	756.0000	174.0000	0.2302	761.0000
576	0.5376	0.5811	0.3600	0.8024	0.0877	0.7762	35.5000	0.1395	775.0000	159.0000	0.2052	779.0000
577	0.5327	0.5767	0.3506	0.7923	0.0747	0.7537	35.1250	0.1642	759.0000	182.0000	0.2398	764.0000
578	0.5302	0.5827	0.3622	0.7748	0.0801	0.7459	35.7500	0.1567	794.0000	177.0000	0.2229	797.0000
579	0.5337	0.5734	0.3527	0.7850	0.0725	0.7613	35.6250	0.1523	769.0000	181.0000	0.2354	772.0000
580	0.5633	0.5904	0.3602	0.7865	0.0800	0.7635	35.3750	0.1502	792.0000	177.0000	0.2235	798.0000
581	0.5621	0.5811	0.3558	0.7810	0.0805	0.7656	35.7500	0.1371	765.0000	170.0000	0.2222	771.0000
582	0.5222	0.5772	0.3572	0.7776	0.0760	0.7643	35.7500	0.1380	767.0000	178.0000	0.2321	771.0000
583	0.5284	0.5800	0.3678	0.7989	0.0721	0.7416	35.6250	0.1779	778.0000	191.0000	0.2455	781.0000
584	0.5320	0.5871	0.3550	0.7938	0.0751	0.7640	35.6250	0.1383	774.0000	172.0000	0.2222	776.0000
585	0.4987	0.5805	0.3546	0.7773	0.0721	0.7322	35.5000	0.1749	785.0000	188.0000	0.2395	790.0000
586	0.5572	0.5833	0.3631	0.7916	0.0833	0.7703	35.1250	0.1436	785.0000	168.0000	0.2140	788.0000
587	0.5518	0.5728	0.3597	0.7898	0.0768	0.7422	35.5000	0.1661	764.0000	184.0000	0.2408	767.0000
588	0.5388	0.5899	0.3664	0.8055	0.0804	0.7656	36.0000	0.1405	790.0000	169.0000	0.2139	798.0000
589	0.4884	0.5838	0.3540	0.7986	0.0721	0.7715	35.3750	0.1502	762.0000	177.0000	0.2323	766.0000
590	0.5161	0.5871	0.3616	0.7897	0.0768	0.7536	35.8750	0.1521	781.0000	176.0000	0.2254	783.0000
591	0.5546	0.5750	0.3546	0.7898	0.0798	0.7613	35.8750	0.1454	819.0000	177.0000	0.2161	823.0000
592	0.5224	0.5816	0.3610	0.8044	0.0756	0.7635	35.3750	0.1572	795.0000	172.0000	0.2164	800.0000
593	0.5125	0.5783	0.3597	0.7947	0.0786	0.7780	35.1250	0.1335	772.0000	167.0000	0.2163	777.0000
594	0.5372	0.5695	0.3564	0.8024	0.0772	0.7516	35.8750	0.1625	745.0000	169.0000	0.2268	751.0000
595	0.5471	0.5877	0.3679	0.8011	0.0795	0.7460	35.7500	0.1529	745.0000	179.0000	0.2403	750.0000
596	0.5324	0.5778	0.3519	0.7991	0.0855	0.7509	36.0000	0.1625	760.0000	178.0000	0.2342	762.0000
597	0.5501	0.5794	0.3641	0.8085	0.0799	0.7747	35.7500	0.1386	752.0000	165.0000	0.2194	757.0000
598	0.5446	0.5772	0.3563	0.8039	0.0749	0.7511	35.6250	0.1689	764.0000	175.0000	0.2291	766.0000
599	0.5247	0.5943	0.3654	0.7921	0.0824	0.7610	35.0000	0.1556	778.0000	179.0000	0.2301	782.0000
600	0.5296	0.5822	0.3664	0.7921	0.0764	0.7534	35.3750	0.1511	784.0000	182.0000	0.2321	790.0000
601	0.5121	0.5717	0.3473	0.7759	0.0716	0.7370	35.3750	0.1610	771.0000	178.0000	0.2309	773.0000
602	0.5100	0.5657	0.3500	0.7944	0.0781	0.7592	35.7500	0.1709	742.0000	166.0000	0.2237	747.0000
603	0.5767	0.5805	0.3649	0.7937	0.0806	0.7768	35.5000	0.1251	751.0000	180.0000	0.2397	755.0000
604	0.5356	0.5800	0.3561	0.7853	0.0801	0.7601	34.6250	0.1454	750.0000	168.0000	0.2240	753.0000
605	0.5340	0.5778	0.3641	0.7933	0.0736	0.7584	35.8750	0.1561	770.0000	180.0000	0.2338	773.0000
606	0.5231	0.5756	0.3582	0.8011	0.0780	0.7646	35.5000	0.1611	726.0000	178.0000	0.2452	729.0000
607	0.5245	0.5789	0.3665	0.7927	0.0809	0.7586	35.2500	0.1519	766.0000	175.0000	0.2285	771.0000
608	0.5398	0.5805	0.3652	0.7939	0.0837	0.7545	35.0000	0.1481	760.0000	179.0000	0.2355	763.0000
609	0.5316	0.5728	0.3624	0.7871	0.0826	0.7587	36.0000	0.1475	770.0000	176.0000	0.2286	777.0000
610	0.5341	0.5706	0.3411	0.8013	0.0811	0.7422	35.0000	0.1543	762.0000	167.0000	0.2192	767.0000
611	0.5486	0.5794	0.3608	0.7966	0.0802	0.7737	35.5000	0.1526	747.0000	176.0000	0.2356	750.0000
612	0.5261	0.5761	0.3555	0.8038	0.0749	0.7515	35.0000	0.1557	746.0000	164.0000	0.2198	750.0000
613	0.5544	0.5877	0.3614	0.7997	0.0757	0.7563	35.6250	0.1658	734.0000	167.0000	0.2275	737.0000
614	0.5079	0.5800	0.3543	0.7889	0.0735	0.7502	35.5000	0.1569	739.0000	177.0000	0.2395	743.0000
615	0.5265	0.5783	0.3544	0.8078	0.0771	0.7801	35.7500	0.1382	762.0000	168.0000	0.2205	765.0000
616	0.5206	0.5772	0.3535	0.7930	0.0724	0.7452	36.3750	0.1852	712.0000	173.0000	0.2430	714.0000
617	0.5304	0.5805	0.3621	0.7963	0.0754	0.7468	35.2500	0.1546	786.0000	181.0000	0.2303	792.0000
618	0.5125	0.5794	0.3609	0.7797	0.0781	0.7496	35.1250	0.1619	818.0000	186.0000	0.2274	824.0000
619	0.5643	0.5789	0.3543	0.8023	0.0725	0.7672	35.8750	0.1511	754.0000	174.0000	0.2308	757.0000
620	0.5132	0.5591	0.3333	0.7959	0.0685	0.7486	35.8750	0.1658	747.0000	168.0000	0.2249	753.0000
621	0.5432	0.5591	0.3529	0.7917	0.0750	0.7640	35.5000	0.1526	732.0000	168.0000	0.2295	738.0000
622	0.5215	0.5783	0.3608	0.8019	0.0823	0.7561	35.6250	0.1553	782.0000	182.0000	0.2327	785.0000
623	0.5177	0.5805	0.3578	0.8028	0.0739	0.7498	35.6250	0.1442	768.0000	173.0000	0.2253	770.0000
624	0.5243	0.5822	0.3541	0.7999	0.0738	0.7641	35.1250	0.1464	752.0000	162.0000	0.2154	754.0000
625	0.5121	0.5739	0.3377	0.7726	0.0714	0.7315	35.0000	0.1705	762.0000	185.0000	0.2428	767.0000
626	0.5262	0.5833	0.3555	0.7949	0.0807	0.7323	35.0000	0.1795	729.0000	189.0000	0.2593	733.0000
627	0.5749	0.5794	0.3503	0.7924	0.0837	0.7690	35.3750	0.1369	770.0000	178.0000	0.2312	773.0000
628	0.5291	0.5624	0.3334	0.7958	0.0730	0.7649	35.7500	0.1434	731.0000	169.0000	0.2312	735.0000
629	0.5167	0.5723	0.3395	0.7942	0.0714	0.7587	35.8750	0.1556	736.0000	176.0000	0.2391	740.0000
630	0.5051	0.5712	0.3537	0.7960	0.0724	0.7394	35.6250	0.1786	740.0000	177.0000	0.2392	744.0000
631	0.5280	0.5778	0.3672	0.8075	0.0857	0.7717	34.8750	0.1561	792.0000	174.0000	0.2197	795.0000
632	0.5387	0.5789	0.3486	0.7964	0.0798	0.7611	34.7500	0.1442	755.0000	167.0000	0.2212	759.0000
633	0.5253	0.5800	0.3564	0.7931	0.0759	0.7705	35.3750	0.1507	779.0000	176.0000	0.2259	783.0000
634	0.5429	0.5756	0.3535	0.8021	0.0837	0.7646	35.0000	0.1507	778.0000	173.0000	0.2224	780.0000
635	0.5219	0.5811	0.3644	0.7949	0.0745	0.7465	35.5000	0.1680	768.0000	178.0000	0.2318	772.0000
636	0.5414	0.5783	0.3678	0.7904	0.0849	0.7465	35.6250	0.1581	752.0000	181.0000	0.2407	756.0000
637	0.5546	0.5756	0.3553	0.8013	0.0764	0.7613	35.5000	0.1422	818.0000	172.0000	0.2103	823.0000
638	0.5037	0.5800	0.3580	0.7932	0.0825	0.7458	35.2500	0.1836	780.0000	178.0000	0.2282	783.0000
639	0.5268	0.5761	0.3573	0.7995	0.0735	0.7561	35.5000	0.1457	752.0000	179.0000	0.2380	756.0000
640	0.5291	0.5723	0.3456	0.7877	0.0784	0.7498	35.8750	0.1689	760.0000	175.0000	0.2303	764.0000
641	0.5541	0.5893	0.3589	0.7928	0.0778	0.7611	35.3750	0.1388	803.0000	176.0000	0.2192	809.0000
642	0.5282	0.5739	0.3404	0.7862	0.0722	0.7411	35.2500	0.1615	742.0000	175.0000	0.2358	747.0000
643	0.5087	0.5789	0.3557	0.7961	0.0728	0.7450	35.7500	0.1602	731.0000	177.0000	0.2421	735.0000
644	0.5455	0.5882	0.3633	0.7902	0.0806	0.7594	36.0000	0.1318	758.0000	183.0000	0.2414	760.0000
645	0.5545	0.5635	0.3484	0.7933	0.0723	0.7487	35.7500	0.1509	744.0000	179.0000	0.2406	748.0000
646	0.5547	0.5684	0.3515	0.7877	0.0810	0.7589	35.7500	0.1421	781.0000	167.0000	0.2138	784.0000
647	0.5288	0.5816	0.3650	0.7821	0.0824	0.7402	35.1250	0.1553	795.0000	184.0000	0.2314	797.0000
648	0.5368	0.5723	0.3528	0.7919	0.0762	0.7626	35.0000	0.1427	761.0000	174.0000	0.2286	763.0000
649	0.5558	0.5756	0.3574	0.7931	0.0835	0.7605	35.6250	0.1622	776.0000	177.0000	0.2281	779.0000
650	0.5486	0.5646	0.3543	0.8064	0.0727	0.7649	35.1250	0.1447	769.0000	172.0000	0.2237	772.0000
651	0.5193	0.5800	0.3643	0.7840	0.0752	0.7448	35.2500	0.1510	797.0000	183.0000	0.2296	802.0000
652	0.5122	0.5712	0.3522	0.7761	0.0735	0.7281	35.2500	0.1675	796.0000	189.0000	0.2374	798.0000
653	0.5170	0.5728	0.3517	0.8034	0.0819	0.7693	35.6250	0.1488	756.0000	169.0000	0.2235	758.0000
654	0.5545	0.5783	0.3639	0.7984	0.0793	0.7498	35.5000	0.1623	732.0000	181.0000	0.2473	734.0000
655	0.5103	0.5728	0.3525	0.7909	0.0714	0.7537	35.0000	0.1559	749.0000	170.0000	0.2270	754.0000
656	0.5527	0.5844	0.3657	0.8023	0.0868	0.7853	35.6250	0.1468	748.0000	171.0000	0.2286	750.0000
657	0.5273	0.5822	0.3611	0.8022	0.0821	0.7417	35.1250	0.1794	790.0000	182.0000	0.2304	792.0000
658	0.4943	0.5624	0.3411	0.7972	0.0701	0.7386	36.0000	0.1593	721.0000	171.0000	0.2372	726.0000
659	0.5435	0.5723	0.3446	0.8048	0.0799	0.7642	35.1250	0.1632	759.0000	171.0000	0.2253	764.0000
660	0.5281	0.5723	0.3519	0.8028	0.0827	0.7542	35.5000	0.1801	740.0000	179.0000	0.2419	742.0000
661	0.5365	0.5849	0.3629	0.7913	0.0805	0.7722	35.6250	0.1563	784.0000	166.0000	0.2117	788.0000
662	0.5160	0.5866	0.3650	0.8017	0.0831	0.7671	35.6250	0.1526	810.0000	176.0000	0.2173	816.0000
663	0.5161	0.5772	0.3622	0.7826	0.0774	0.7644	36.2500	0.1425	773.0000	179.0000	0.2316	777.0000
664	0.5437	0.5761	0.3560	0.7967	0.0791	0.7591	35.6250	0.1340	791.0000	176.0000	0.2225	796.0000
665	0.5251	0.5805	0.3588	0.7951	0.0782	0.7629	35.7500	0.1470	780.0000	174.0000	0.2231	787.0000
666	0.4919	0.5679	0.3556	0.7954	0.0774	0.7783	35.7500	0.1453	767.0000	168.0000	0.2190	770.0000
667	0.5564	0.5717	0.3591	0.7934	0.0765	0.7656	35.1250	0.1349	754.0000	167.0000	0.2215	760.0000
668	0.5129	0.5668	0.3375	0.8087	0.0725	0.7584	35.3750	0.1377	710.0000	164.0000	0.2310	714.0000
669	0.5133	0.5717	0.3570	0.8023	0.0744	0.7541	35.5000	0.1637	749.0000	176.0000	0.2350	751.0000
670	0.4915	0.5844	0.3665	0.7943	0.0767	0.7557	35.6250	0.1612	792.0000	174.0000	0.2197	797.0000
671	0.5413	0.5745	0.3554	0.8063	0.0854	0.7656	35.3750	0.1459	732.0000	174.0000	0.2377	735.0000
672	0.5522	0.5943	0.3684	0.7808	0.0815	0.7488	35.0000	0.1538	801.0000	182.0000	0.2272	807.0000
673	0.5129	0.5734	0.3617	0.8066	0.0759	0.7505	35.5000	0.1688	747.0000	173.0000	0.2316	751.0000
674	0.5137	0.5761	0.3613	0.7962	0.0751	0.7510	35.1250	0.1409	757.0000	181.0000	0.2391	760.0000
675	0.5191	0.5706	0.3561	0.7987	0.0773	0.7579	35.6250	0.1503	742.0000	169.0000	0.2278	744.0000
676	0.5489	0.5706	0.3450	0.8082	0.0779	0.7892	35.1250	0.1445	749.0000	161.0000	0.2150	754.0000
677	0.5318	0.5772	0.3592	0.8008	0.0752	0.7560	35.5000	0.1544	767.0000	174.0000	0.2269	770.0000
678	0.5202	0.5811	0.3488	0.7845	0.0787	0.7448	35.3750	0.1758	732.0000	187.0000	0.2555	736.0000
679	0.5316	0.5838	0.3594	0.7783	0.0785	0.7472	35.3750	0.1702	760.0000	173.0000	0.2276	764.0000
680	0.5398	0.5827	0.3515	0.8122	0.0766	0.7726	35.3750	0.1567	739.0000	167.0000	0.2260	742.0000
681	0.5334	0.5855	0.3769	0.7946	0.0868	0.7527	35.5000	0.1543	759.0000	178.0000	0.2345	762.0000
682	0.5298	0.5761	0.3494	0.7864	0.0746	0.7615	35.7500	0.1632	758.0000	175.0000	0.2309	764.0000
683	0.5324	0.5723	0.3476	0.7968	0.0732	0.7514	35.1250	0.1499	773.0000	166.0000	0.2147	777.0000
684	0.5426	0.5739	0.3601	0.8037	0.0791	0.7699	35.2500	0.1549	711.0000	170.0000	0.2391	715.0000
685	0.5050	0.5827	0.3680	0.7990	0.0737	0.7627	35.3750	0.1692	785.0000	184.0000	0.2344	788.0000
686	0.5137	0.5723	0.3539	0.8005	0.0744	0.7591	34.7500	0.1610	750.0000	173.0000	0.2307	752.0000
687	0.5245	0.5811	0.3657	0.7992	0.0805	0.7725	35.2500	0.1530	788.0000	175.0000	0.2221	791.0000
688	0.5570	0.5838	0.3632	0.7976	0.0747	0.7761	35.1250	0.1333	759.0000	168.0000	0.2213	763.0000
689	0.5133	0.5855	0.3498	0.7826	0.0695	0.7666	35.7500	0.1298	783.0000	165.0000	0.2107	788.0000
690	0.4993	0.5750	0.3536	0.7930	0.0725	0.7544	35.6250	0.1463	762.0000	169.0000	0.2218	766.0000
691	0.5267	0.5767	0.3524	0.8101	0.0862	0.7618	36.3750	0.1632	743.0000	177.0000	0.2382	746.0000
692	0.5292	0.5816	0.3595	0.8132	0.0814	0.7632	35.2500	0.1724	730.0000	169.0000	0.2315	732.0000
693	0.5166	0.5761	0.3459	0.7923	0.0707	0.7416	35.6250	0.1708	728.0000	185.0000	0.2541	730.0000
694	0.4848	0.5827	0.3543	0.7955	0.0765	0.7658	35.1250	0.1651	770.0000	170.0000	0.2208	774.0000
695	0.5181	0.5662	0.3463	0.7763	0.0803	0.7560	35.5000	0.1807	761.0000	173.0000	0.2273	765.0000
696	0.5151	0.5701	0.3472	0.8141	0.0793	0.7606	35.5000	0.1599	719.0000	162.0000	0.2253	722.0000
697	0.5797	0.5805	0.3613	0.7859	0.0764	0.7792	35.5000	0.1422	763.0000	165.0000	0.2163	765.0000
698	0.5430	0.5695	0.3510	0.8062	0.0798	0.7593	35.5000	0.1567	756.0000	177.0000	0.2341	762.0000
699	0.5207	0.5772	0.3566	0.7899	0.0743	0.7667	35.3750	0.1541	752.0000	168.0000	0.2234	755.0000
700	0.5351	0.5805	0.3410	0.8037	0.0748	0.7391	35.2500	0.1720	722.0000	172.0000	0.2382	727.0000
701	0.5080	0.5756	0.3457	0.7779	0.0818	0.7371	35.5000	0.1683	781.0000	181.0000	0.2318	784.0000
702	0.5617	0.5838	0.3534	0.7992	0.0851	0.7763	36.1250	0.1357	777.0000	167.0000	0.2149	781.0000
703	0.5276	0.5657	0.3537	0.7978	0.0722	0.7541	36.0000	0.1520	765.0000	171.0000	0.2235	769.0000
704	0.5388	0.5805	0.3703	0.7949	0.0876	0.7553	35.1250	0.1682	772.0000	182.0000	0.2358	778.0000
705	0.5268	0.5811	0.3665	0.7988	0.0777	0.7470	35.3750	0.1692	770.0000	175.0000	0.2273	774.0000
706	0.5159	0.5805	0.3591	0.7939	0.0813	0.7502	35.3750	0.1676	810.0000	183.0000	0.2259	814.0000
707	0.5317	0.5926	0.3612	0.7731	0.0775	0.7313	35.2500	0.1500	778.0000	188.0000	0.2416	780.0000
708	0.5027	0.5739	0.3514	0.7966	0.0732	0.7709	35.2500	0.1508	758.0000	170.0000	0.2243	761.0000
709	0.5346	0.5778	0.3542	0.7947	0.0741	0.7630	35.5000	0.1626	734.0000	175.0000	0.2384	737.0000
710	0.5184	0.5717	0.3533	0.7803	0.0729	0.7348	35.6250	0.1763	734.0000	185.0000	0.2520	736.0000
711	0.5335	0.5794	0.3595	0.7976	0.0789	0.7541	36.1250	0.1699	790.0000	179.0000	0.2266	794.0000
712	0.5343	0.5778	0.3609	0.7895	0.0799	0.7530	35.8750	0.1675	807.0000	173.0000	0.2144	812.0000
713	0.5839	0.5827	0.3627	0.8094	0.0830	0.7877	36.0000	0.1519	721.0000	169.0000	0.2344	724.0000
714	0.5239	0.5701	0.3621	0.7826	0.0730	0.7453	36.1250	0.1710	710.0000	175.0000	0.2465	713.0000
715	0.5334	0.5657	0.3507	0.7860	0.0721	0.7574	34.8750	0.1560	745.0000	177.0000	0.2376	747.0000
716	0.5525	0.5805	0.3596	0.7928	0.0729	0.7652	35.3750	0.1458	766.0000	172.0000	0.2245	772.0000
717	0.5176	0.5783	0.3553	0.8012	0.0749	0.7596	35.7500	0.1552	768.0000	168.0000	0.2188	773.0000
718	0.5236	0.5816	0.3762	0.7746	0.0831	0.7628	35.7500	0.1550	796.0000	185.0000	0.2324	798.0000
719	0.5116	0.5673	0.3486	0.8044	0.0663	0.7792	35.0000	0.1288	781.0000	169.0000	0.2164	789.0000
720	0.5312	0.5706	0.3527	0.7969	0.0756	0.7547	35.1250	0.1520	742.0000	172.0000	0.2318	744.0000
721	0.5468	0.5805	0.3658	0.8021	0.0790	0.7576	36.1250	0.1729	803.0000	179.0000	0.2229	808.0000
722	0.5257	0.5816	0.3626	0.7799	0.0810	0.7410	35.7500	0.1582	813.0000	185.0000	0.2276	818.0000
723	0.4739	0.5756	0.3623	0.7883	0.0739	0.7390	35.5000	0.1699	774.0000	181.0000	0.2339	777.0000
724	0.5046	0.5789	0.3473	0.7934	0.0709	0.7519	35.6250	0.1530	744.0000	183.0000	0.2460	746.0000
725	0.5181	0.5668	0.3493	0.8001	0.0696	0.7412	35.6250	0.1575	733.0000	169.0000	0.2306	737.0000
726	0.5184	0.5822	0.3656	0.7872	0.0827	0.7530	35.3750	0.1587	778.0000	179.0000	0.2301	782.0000
727	0.5362	0.5701	0.3592	0.7981	0.0830	0.7465	35.8750	0.1473	742.0000	187.0000	0.2520	748.0000
728	0.4933	0.5882	0.3650	0.7824	0.0791	0.7521	35.8750	0.1605	765.0000	177.0000	0.2314	767.0000
729	0.5485	0.5838	0.3591	0.7897	0.0800	0.7552	35.7500	0.1642	796.0000	173.0000	0.2173	798.0000
730	0.5549	0.5877	0.3588	0.8003	0.0817	0.7585	35.6250	0.1473	760.0000	178.0000	0.2342	762.0000
731	0.5435	0.5866	0.3744	0.7940	0.0855	0.7561	35.8750	0.1665	783.0000	181.0000	0.2312	787.0000
732	0.5260	0.5745	0.3544	0.7855	0.0814	0.7546	34.7500	0.1865	778.0000	177.0000	0.2275	781.0000
733	0.5521	0.5767	0.3640	0.8142	0.0814	0.7650	35.3750	0.1406	783.0000	175.0000	0.2235	789.0000
734	0.5317	0.5778	0.3515	0.8088	0.0796	0.7596	35.6250	0.1633	744.0000	169.0000	0.2272	746.0000
735	0.5051	0.5723	0.3583	0.8030	0.0727	0.7310	35.5000	0.1719	742.0000	182.0000	0.2453	744.0000
736	0.5557	0.5712	0.3491	0.8054	0.0794	0.7580	35.6250	0.1535	752.0000	166.0000	0.2207	754.0000
737	0.5271	0.5717	0.3554	0.8040	0.0763	0.7405	36.1250	0.1728	725.0000	184.0000	0.2538	730.0000
738	0.5426	0.5822	0.3532	0.7848	0.0710	0.7542	35.6250	0.1479	736.0000	176.0000	0.2391	741.0000
739	0.5656	0.5827	0.3545	0.7948	0.0766	0.7595	35.0000	0.1513	770.0000	171.0000	0.2221	774.0000
740	0.5036	0.5651	0.3551	0.8010	0.0702	0.7429	36.1250	0.1693	726.0000	182.0000	0.2507	729.0000
741	0.5241	0.5789	0.3475	0.7831	0.0816	0.7482	35.8750	0.1734	743.0000	170.0000	0.2288	747.0000
742	0.5267	0.5662	0.3401	0.8047	0.0673	0.7609	35.6250	0.1606	738.0000	166.0000	0.2249	741.0000
743	0.5307	0.5739	0.3410	0.7967	0.0704	0.7558	35.1250	0.1580	707.0000	161.0000	0.2277	709.0000
744	0.5593	0.5877	0.3676	0.7915	0.0868	0.7580	35.2500	0.1568	779.0000	174.0000	0.2234	784.0000
745	0.5371	0.5811	0.3650	0.8064	0.0777	0.7614	35.3750	0.1678	717.0000	180.0000	0.2510	723.0000
746	0.5316	0.5761	0.3512	0.7818	0.0773	0.7506	35.2500	0.1588	810.0000	180.0000	0.2222	812.0000
747	0.4921	0.5728	0.3590	0.7894	0.0790	0.7544	35.5000	0.1620	785.0000	175.0000	0.2229	788.0000
748	0.5395	0.5871	0.3569	0.7795	0.0807	0.7471	35.8750	0.1703	749.0000	187.0000	0.2497	751.0000
749	0.5265	0.5833	0.3615	0.7926	0.0873	0.7696	35.5000	0.1583	761.0000	165.0000	0.2168	766.0000
750	0.5485	0.5871	0.3673	0.8095	0.0866	0.7810	36.0000	0.1345	760.0000	166.0000	0.2184	767.0000
751	0.5454	0.5761	0.3520	0.7944	0.0794	0.7532	36.0000	0.1145	799.0000	179.0000	0.2240	804.0000
752	0.5172	0.5855	0.3562	0.7832	0.0754	0.7393	36.0000	0.1601	783.0000	185.0000	0.2363	786.0000
753	0.5626	0.5734	0.3599	0.7928	0.0791	0.7542	35.8750	0.1425	762.0000	173.0000	0.2270	767.0000
754	0.5449	0.5882	0.3693	0.7954	0.0826	0.7766	35.2500	0.1454	740.0000	170.0000	0.2297	743.0000
755	0.5274	0.5849	0.3628	0.7884	0.0765	0.7469	34.8750	0.1472	733.0000	177.0000	0.2415	737.0000
756	0.5613	0.5811	0.3550	0.7912	0.0773	0.7727	35.8750	0.1429	746.0000	164.0000	0.2198	749.0000
757	0.4990	0.5717	0.3500	0.8047	0.0733	0.7572	36.0000	0.1404	767.0000	172.0000	0.2243	771.0000
758	0.5326	0.5794	0.3654	0.7791	0.0770	0.7679	35.2500	0.1265	783.0000	174.0000	0.2222	787.0000
759	0.5257	0.5789	0.3567	0.7826	0.0801	0.7485	35.3750	0.1769	757.0000	174.0000	0.2299	759.0000
760	0.5186	0.5789	0.3619	0.7953	0.0728	0.7461	35.6250	0.1690	760.0000	176.0000	0.2316	763.0000
761	0.5519	0.5640	0.3425	0.8017	0.0829	0.7800	34.7500	0.1423	777.0000	158.0000	0.2033	786.0000
762	0.5309	0.5750	0.3585	0.8128	0.0762	0.7676	35.5000	0.1512	755.0000	176.0000	0.2331	758.0000
763	0.5280	0.5684	0.3435	0.7995	0.0687	0.7453	35.7500	0.1571	741.0000	177.0000	0.2389	743.0000
764	0.5467	0.5789	0.3670	0.7931	0.0798	0.7633	35.7500	0.1528	783.0000	178.0000	0.2273	787.0000
765	0.5622	0.5657	0.3423	0.8105	0.0760	0.7718	35.5000	0.1401	721.0000	168.0000	0.2330	724.0000
766	0.5174	0.5866	0.3648	0.7960	0.0756	0.7496	36.5000	0.1604	757.0000	178.0000	0.2351	763.0000
767	0.5135	0.5728	0.3583	0.7893	0.0839	0.7462	35.7500	0.1747	714.0000	171.0000	0.2395	717.0000
768	0.5357	0.5805	0.3533	0.8003	0.0773	0.7484	36.2500	0.1498	781.0000	182.0000	0.2330	784.0000
769	0.5048	0.5800	0.3559	0.7950	0.0710	0.7510	35.6250	0.1622	764.0000	176.0000	0.2304	770.0000
770	0.5503	0.5734	0.3553	0.7986	0.0850	0.7720	34.7500	0.1383	745.0000	167.0000	0.2242	749.0000
771	0.5459	0.5811	0.3604	0.8107	0.0743	0.7614	35.1250	0.1387	749.0000	178.0000	0.2377	753.0000
772	0.5331	0.5783	0.3572	0.7807	0.0777	0.7357	35.0000	0.1700	753.0000	182.0000	0.2417	759.0000
773	0.5097	0.5618	0.3434	0.7890	0.0763	0.7611	35.1250	0.1607	715.0000	168.0000	0.2350	720.0000
774	0.5309	0.5701	0.3506	0.7888	0.0762	0.7706	35.3750	0.1501	731.0000	164.0000	0.2244	734.0000
775	0.5328	0.5805	0.3692	0.7727	0.0840	0.7412	35.5000	0.1692	781.0000	189.0000	0.2420	785.0000
776	0.5007	0.5701	0.3457	0.7882	0.0766	0.7407	35.6250	0.1673	728.0000	178.0000	0.2445	734.0000
777	0.5077	0.5800	0.3511	0.7829	0.0778	0.7371	35.5000	0.1779	748.0000	188.0000	0.2513	753.0000
778	0.5443	0.5761	0.3506	0.7961	0.0758	0.7743	35.1250	0.1401	734.0000	170.0000	0.2316	739.0000
779	0.5131	0.5750	0.3587	0.7762	0.0726	0.7380	35.0000	0.1711	748.0000	185.0000	0.2473	752.0000
780	0.5532	0.5800	0.3535	0.7822	0.0821	0.7649	36.0000	0.1437	749.0000	172.0000	0.2296	753.0000
781	0.5431	0.5761	0.3589	0.8004	0.0764	0.7516	35.6250	0.1475	727.0000	169.0000	0.2325	732.0000
782	0.5567	0.5717	0.3531	0.8156	0.0753	0.7683	35.0000	0.1543	769.0000	165.0000	0.2146	772.0000
783	0.5072	0.5855	0.3460	0.7924	0.0700	0.7430	35.3750	0.1688	675.0000	177.0000	0.2622	678.0000
784	0.4796	0.5833	0.3663	0.7791	0.0720	0.7436	35.5000	0.1516	764.0000	182.0000	0.2382	770.0000
785	0.5349	0.5761	0.3593	0.8036	0.0833	0.7641	35.2500	0.1673	749.0000	171.0000	0.2283	753.0000
786	0.5375	0.5684	0.3394	0.7798	0.0659	0.7276	36.3750	0.1501	740.0000	180.0000	0.2432	743.0000
787	0.5051	0.5695	0.3410	0.7921	0.0727	0.7596	35.7500	0.1651	737.0000	167.0000	0.2266	743.0000
788	0.4981	0.5695	0.3567	0.8032	0.0757	0.7605	35.7500	0.1537	748.0000	174.0000	0.2326	750.0000
789	0.5073	0.5739	0.3671	0.8060	0.0765	0.7343	35.2500	0.1688	754.0000	185.0000	0.2454	756.0000
790	0.5575	0.5893	0.3632	0.7846	0.0831	0.7639	35.7500	0.1510	759.0000	164.0000	0.2161	761.0000
791	0.5078	0.5783	0.3481	0.7731	0.0727	0.7386	35.6250	0.1807	749.0000	184.0000	0.2457	756.0000
792	0.5293	0.5750	0.3611	0.7917	0.0852	0.7405	36.0000	0.1640	752.0000	176.0000	0.2340	754.0000
793	0.5544	0.5838	0.3489	0.7992	0.0765	0.7601	35.6250	0.1486	741.0000	173.0000	0.2335	744.0000
794	0.5290	0.5684	0.3530	0.8116	0.0820	0.7385	35.3750	0.1682	702.0000	179.0000	0.2550	705.0000
795	0.5429	0.5761	0.3509	0.8050	0.0770	0.7729	35.0000	0.1442	730.0000	171.0000	0.2342	732.0000
796	0.5135	0.5783	0.3562	0.8089	0.0791	0.7549	35.1250	0.1819	727.0000	179.0000	0.2462	730.0000
797	0.5300	0.5706	0.3409	0.7792	0.0672	0.7319	35.5000	0.1603	724.0000	178.0000	0.2459	730.0000
798	0.5161	0.5767	0.3430	0.7899	0.0763	0.7582	35.7500	0.1480	757.0000	177.0000	0.2338	760.0000
799	0.5290	0.5734	0.3546	0.7844	0.0798	0.7440	35.7500	0.1679	742.0000	182.0000	0.2453	746.0000
800	0.5387	0.5662	0.3585	0.7935	0.0770	0.7767	35.3750	0.1333	777.0000	165.0000	0.2124	782.0000
801	0.5506	0.5849	0.3579	0.8017	0.0849	0.7614	35.5000	0.1623	774.0000	176.0000	0.2274	780.0000
802	0.5305	0.5761	0.3514	0.7940	0.0810	0.7486	36.1250	0.1582	803.0000	179.0000	0.2229	806.0000
803	0.5448	0.5739	0.3577	0.8105	0.0808	0.7691	35.1250	0.1601	741.0000	167.0000	0.2254	746.0000
804	0.5036	0.5717	0.3630	0.7889	0.0752	0.7411	35.1250	0.1777	782.0000	177.0000	0.2263	786.0000
805	0.4892	0.5717	0.3666	0.7791	0.0770	0.7406	35.7500	0.1731	774.0000	189.0000	0.2442	777.0000
806	0.5447	0.5750	0.3595	0.7845	0.0719	0.7512	35.8750	0.1598	768.0000	177.0000	0.2305	771.0000
807	0.5648	0.5684	0.3450	0.8122	0.0767	0.7647	35.2500	0.1353	743.0000	165.0000	0.2221	745.0000
808	0.5293	0.5717	0.3393	0.8150	0.0758	0.7675	35.6250	0.1589	686.0000	165.0000	0.2405	692.0000
809	0.5178	0.5811	0.3600	0.7907	0.0741	0.7638	35.5000	0.1481	778.0000	177.0000	0.2275	781.0000
810	0.5295	0.5822	0.3612	0.7919	0.0842	0.7578	35.3750	0.1350	787.0000	175.0000	0.2224	792.0000
811	0.5009	0.5761	0.3527	0.7906	0.0730	0.7584	36.0000	0.1583	770.0000	183.0000	0.2377	774.0000
812	0.5549	0.5783	0.3549	0.8097	0.0850	0.7635	35.6250	0.1589	710.0000	166.0000	0.2338	713.0000
813	0.5308	0.5827	0.3553	0.8034	0.0763	0.7742	35.1250	0.1634	773.0000	164.0000	0.2122	775.0000
814	0.5222	0.5739	0.3560	0.7896	0.0758	0.7477	35.5000	0.1626	776.0000	179.0000	0.2307	779.0000
815	0.5220	0.5750	0.3540	0.8028	0.0757	0.7564	34.5000	0.1521	764.0000	170.0000	0.2225	772.0000
816	0.5062	0.5800	0.3529	0.7977	0.0767	0.7533	35.6250	0.1709	733.0000	172.0000	0.2347	736.0000
817	0.5342	0.5816	0.3484	0.8014	0.0723	0.7541	35.2500	0.1412	762.0000	163.0000	0.2139	767.0000
818	0.5212	0.5695	0.3569	0.8001	0.0713	0.7655	35.0000	0.1534	765.0000	167.0000	0.2183	771.0000
819	0.5230	0.5789	0.3565	0.8021	0.0836	0.7546	35.8750	0.1724	762.0000	171.0000	0.2244	764.0000
820	0.4913	0.5805	0.3511	0.7812	0.0704	0.7501	35.3750	0.1672	726.0000	170.0000	0.2342	730.0000
821	0.5187	0.5860	0.3575	0.7984	0.0791	0.7373	35.3750	0.1740	723.0000	185.0000	0.2559	725.0000
822	0.5134	0.5706	0.3553	0.7900	0.0783	0.7395	35.6250	0.1615	738.0000	177.0000	0.2398	741.0000
823	0.5162	0.5723	0.3601	0.8064	0.0789	0.7724	35.3750	0.1320	777.0000	162.0000	0.2085	783.0000
824	0.4407	0.5800	0.3613	0.7738	0.0688	0.7309	35.3750	0.1781	786.0000	189.0000	0.2405	791.0000
825	0.5218	0.5701	0.3438	0.8184	0.0715	0.7807	35.3750	0.1476	729.0000	159.0000	0.2181	734.0000
826	0.5436	0.5855	0.3599	0.7957	0.0738	0.7635	35.6250	0.1395	762.0000	180.0000	0.2362	767.0000
827	0.5515	0.5679	0.3466	0.7942	0.0719	0.7536	35.7500	0.1378	733.0000	169.0000	0.2306	738.0000
828	0.5380	0.5800	0.3558	0.7998	0.0785	0.7604	35.8750	0.1604	742.0000	175.0000	0.2358	748.0000
829	0.5307	0.5871	0.3574	0.7978	0.0825	0.7581	35.0000	0.1606	780.0000	179.0000	0.2295	783.0000
830	0.5607	0.5794	0.3526	0.7986	0.0780	0.7771	35.7500	0.1375	756.0000	168.0000	0.2222	758.0000
831	0.4999	0.5745	0.3525	0.7983	0.0715	0.7702	35.3750	0.1318	739.0000	171.0000	0.2314	743.0000
832	0.5297	0.5723	0.3598	0.8029	0.0796	0.7540	36.2500	0.1662	720.0000	173.0000	0.2403	724.0000
833	0.5188	0.5783	0.3431	0.7906	0.0716	0.7665	35.7500	0.1520	751.0000	170.0000	0.2264	759.0000
834	0.5247	0.5904	0.3657	0.7873	0.0817	0.7740	36.0000	0.1345	790.0000	176.0000	0.2228	793.0000
835	0.5389	0.5783	0.3552	0.8139	0.0769	0.7497	35.2500	0.1617	723.0000	177.0000	0.2448	726.0000
836	0.5195	0.5690	0.3525	0.7987	0.0738	0.7512	35.7500	0.1712	763.0000	176.0000	0.2307	768.0000
837	0.5176	0.5739	0.3641	0.7875	0.0736	0.7548	35.6250	0.1548	760.0000	173.0000	0.2276	767.0000
838	0.5381	0.5756	0.3547	0.7981	0.0765	0.7470	35.1250	0.1879	708.0000	168.0000	0.2373	712.0000
839	0.5178	0.5794	0.3580	0.8123	0.0828	0.7816	36.0000	0.1558	755.0000	162.0000	0.2146	757.0000
840	0.5182	0.5871	0.3603	0.7960	0.0820	0.7623	35.8750	0.1631	762.0000	174.0000	0.2283	765.0000
841	0.4871	0.5761	0.3425	0.7890	0.0740	0.7481	35.6250	0.1819	725.0000	177.0000	0.2441	729.0000
842	0.5501	0.5805	0.3450	0.7959	0.0714	0.7627	35.1250	0.1576	739.0000	174.0000	0.2355	744.0000
843	0.5506	0.5805	0.3608	0.8063	0.0806	0.7753	36.2500	0.1345	794.0000	171.0000	0.2154	796.0000
844	0.5361	0.5668	0.3412	0.7958	0.0692	0.7421	35.8750	0.1622	702.0000	173.0000	0.2464	707.0000
845	0.5448	0.5745	0.3691	0.7962	0.0795	0.7442	35.8750	0.1641	752.0000	180.0000	0.2394	754.0000
846	0.5688	0.5827	0.3465	0.8121	0.0763	0.7426	35.8750	0.1608	741.0000	182.0000	0.2456	746.0000
847	0.5310	0.5761	0.3577	0.8089	0.0749	0.7568	35.3750	0.1442	755.0000	168.0000	0.2225	761.0000
848	0.5448	0.5772	0.3540	0.8107	0.0754	0.7533	35.3750	0.1672	729.0000	174.0000	0.2387	733.0000
849	0.5436	0.5723	0.3569	0.8133	0.0685	0.7693	35.8750	0.1276	738.0000	166.0000	0.2249	742.0000
850	0.5206	0.5739	0.3494	0.7946	0.0766	0.7592	34.6250	0.1577	756.0000	173.0000	0.2288	761.0000
851	0.4996	0.5745	0.3464	0.7849	0.0732	0.7608	35.6250	0.1468	750.0000	174.0000	0.2320	754.0000
852	0.5355	0.5783	0.3493	0.8021	0.0776	0.7635	35.5000	0.1463	729.0000	166.0000	0.2277	733.0000
853	0.5617	0.5816	0.3625	0.8003	0.0827	0.7722	35.0000	0.1426	758.0000	166.0000	0.2190	760.0000
854	0.4971	0.5640	0.3494	0.7927	0.0700	0.7287	35.5000	0.1860	751.0000	177.0000	0.2357	756.0000
855	0.5292	0.5849	0.3622	0.8111	0.0728	0.7648	34.7500	0.1476	758.0000	170.0000	0.2243	763.0000
856	0.5256	0.5673	0.3450	0.7946	0.0801	0.7557	36.0000	0.1609	746.0000	173.0000	0.2319	750.0000
857	0.5373	0.5860	0.3666	0.7920	0.0812	0.7535	35.2500	0.1633	761.0000	177.0000	0.2326	765.0000
858	0.4897	0.5673	0.3401	0.7962	0.0723	0.7527	35.3750	0.1721	747.0000	168.0000	0.2249	754.0000
859	0.5522	0.5866	0.3591	0.8200	0.0799	0.7699	35.3750	0.1662	734.0000	175.0000	0.2384	737.0000
860	0.5467	0.5844	0.3641	0.7971	0.0834	0.7769	35.5000	0.1416	779.0000	176.0000	0.2259	782.0000
861	0.5367	0.5761	0.3653	0.8071	0.0773	0.7731	35.7500	0.1580	756.0000	171.0000	0.2262	764.0000
862	0.5254	0.5717	0.3586	0.7879	0.0714	0.7339	36.0000	0.1648	732.0000	183.0000	0.2500	734.0000
863	0.5165	0.5745	0.3435	0.8145	0.0714	0.7421	35.8750	0.1789	726.0000	173.0000	0.2383	728.0000
864	0.5033	0.5761	0.3477	0.7956	0.0805	0.7515	35.2500	0.1672	777.0000	177.0000	0.2278	779.0000
865	0.5653	0.5860	0.3567	0.7817	0.0762	0.7455	35.6250	0.1486	729.0000	184.0000	0.2524	734.0000
866	0.5329	0.5695	0.3448	0.8026	0.0737	0.7554	35.6250	0.1513	739.0000	174.0000	0.2355	744.0000
867	0.5444	0.5800	0.3570	0.7897	0.0774	0.7551	35.6250	0.1635	780.0000	180.0000	0.2308	783.0000
868	0.5500	0.5794	0.3576	0.7945	0.0791	0.7731	35.8750	0.1318	770.0000	172.0000	0.2234	774.0000
869	0.5012	0.5844	0.3602	0.7951	0.0748	0.7507	35.7500	0.1507	771.0000	171.0000	0.2218	773.0000
870	0.5242	0.5739	0.3477	0.8035	0.0733	0.7750	35.5000	0.1337	751.0000	158.0000	0.2104	754.0000
871	0.5138	0.5888	0.3675	0.8018	0.0807	0.7591	35.6250	0.1784	758.0000	183.0000	0.2414	761.0000
872	0.5664	0.5805	0.3572	0.8039	0.0824	0.7654	35.3750	0.1464	742.0000	172.0000	0.2318	745.0000
873	0.5164	0.5794	0.3626	0.7863	0.0750	0.7535	35.5000	0.1802	757.0000	175.0000	0.2312	761.0000
874	0.5406	0.5882	0.3631	0.7962	0.0808	0.7516	35.8750	0.1637	796.0000	183.0000	0.2299	798.0000
875	0.5265	0.5838	0.3542	0.7724	0.0749	0.7551	35.6250	0.1676	758.0000	178.0000	0.2348	760.0000
876	0.5560	0.5844	0.3679	0.7961	0.0772	0.7549	35.7500	0.1466	779.0000	177.0000	0.2272	781.0000
877	0.5021	0.5811	0.3584	0.7799	0.0781	0.7524	35.6250	0.1645	770.0000	171.0000	0.2221	775.0000
878	0.5107	0.5761	0.3436	0.7795	0.0759	0.7437	35.6250	0.1733	744.0000	177.0000	0.2379	748.0000
879	0.5278	0.5805	0.3581	0.7957	0.0699	0.7473	36.1250	0.1611	747.0000	185.0000	0.2477	751.0000
880	0.5363	0.5778	0.3547	0.7875	0.0795	0.7629	35.7500	0.1381	763.0000	174.0000	0.2280	765.0000
881	0.5298	0.5899	0.3648	0.7924	0.0785	0.7592	35.7500	0.1498	786.0000	183.0000	0.2328	788.0000
882	0.5039	0.5657	0.3481	0.7954	0.0719	0.7581	35.1250	0.1551	778.0000	173.0000	0.2224	780.0000
883	0.5234	0.5767	0.3623	0.7903	0.0748	0.7530	35.7500	0.1626	725.0000	177.0000	0.2441	730.0000
884	0.5138	0.5739	0.3529	0.7785	0.0760	0.7527	35.3750	0.1763	757.0000	185.0000	0.2444	761.0000
885	0.5251	0.5706	0.3608	0.7986	0.0732	0.7570	35.6250	0.1554	771.0000	176.0000	0.2283	776.0000
886	0.5341	0.5822	0.3470	0.7875	0.0735	0.7653	35.1250	0.1333	804.0000	182.0000	0.2264	807.0000
887	0.5336	0.5706	0.3526	0.8193	0.0757	0.7492	35.8750	0.1558	728.0000	175.0000	0.2404	733.0000
888	0.5119	0.5646	0.3565	0.7996	0.0796	0.7602	35.3750	0.1767	729.0000	167.0000	0.2291	733.0000
889	0.5169	0.5734	0.3630	0.8044	0.0710	0.7607	35.2500	0.1435	778.0000	172.0000	0.2211	781.0000
890	0.5356	0.5816	0.3640	0.7944	0.0785	0.7628	35.0000	0.1498	739.0000	179.0000	0.2422	741.0000
891	0.5527	0.5778	0.3561	0.7901	0.0745	0.7713	35.8750	0.1423	817.0000	169.0000	0.2069	826.0000
892	0.5324	0.5745	0.3558	0.7872	0.0805	0.7820	35.5000	0.1464	780.0000	167.0000	0.2141	786.0000
893	0.5416	0.5695	0.3478	0.7928	0.0711	0.7474	35.6250	0.1578	739.0000	169.0000	0.2287	743.0000
894	0.5416	0.5761	0.3519	0.8006	0.0774	0.7460	35.5000	0.1612	734.0000	184.0000	0.2507	737.0000
895	0.5580	0.5778	0.3437	0.7883	0.0771	0.7517	35.3750	0.1575	748.0000	174.0000	0.2326	752.0000
896	0.5362	0.5701	0.3424	0.7851	0.0695	0.7522	36.0000	0.1387	763.0000	175.0000	0.2294	768.0000
897	0.5224	0.5789	0.3513	0.8012	0.0699	0.7384	35.5000	0.1628	733.0000	183.0000	0.2497	735.0000
898	0.5526	0.5888	0.3683	0.7819	0.0756	0.7510	35.2500	0.1465	790.0000	186.0000	0.2354	792.0000
899	0.5129	0.5673	0.3616	0.7968	0.0776	0.7344	35.6250	0.1685	743.0000	179.0000	0.2409	747.0000
900	0.5245	0.5805	0.3526	0.7836	0.0725	0.7757	35.1250	0.1443	745.0000	166.0000	0.2228	748.0000
901	0.5442	0.5728	0.3530	0.7888	0.0744	0.7733	35.7500	0.1513	742.0000	165.0000	0.2224	747.0000
902	0.5187	0.5805	0.3557	0.8042	0.0747	0.7441	36.1250	0.1511	750.0000	179.0000	0.2387	756.0000
903	0.5305	0.5833	0.3584	0.7907	0.0763	0.7776	35.3750	0.1365	775.0000	167.0000	0.2155	778.0000
904	0.5135	0.5734	0.3546	0.8017	0.0784	0.7560	35.7500	0.1652	766.0000	172.0000	0.2245	769.0000
905	0.5270	0.5893	0.3712	0.7863	0.0779	0.7454	35.7500	0.1448	787.0000	184.0000	0.2338	792.0000
906	0.5169	0.5712	0.3592	0.8042	0.0803	0.7703	35.2500	0.1357	790.0000	172.0000	0.2177	793.0000
907	0.5219	0.5723	0.3602	0.7859	0.0836	0.7470	36.3750	0.1743	759.0000	183.0000	0.2411	762.0000
908	0.5233	0.5750	0.3552	0.7956	0.0768	0.7498	35.7500	0.1644	762.0000	178.0000	0.2336	767.0000
909	0.5154	0.5838	0.3572	0.7963	0.0767	0.7471	35.1250	0.1614	737.0000	177.0000	0.2402	742.0000
910	0.5417	0.5866	0.3663	0.7844	0.0843	0.7641	35.8750	0.1502	809.0000	173.0000	0.2138	815.0000
911	0.5559	0.5734	0.3532	0.8031	0.0811	0.7604	35.1250	0.1566	722.0000	171.0000	0.2368	725.0000
912	0.5108	0.5717	0.3408	0.7921	0.0728	0.7584	35.3750	0.1542	720.0000	170.0000	0.2361	724.0000
913	0.5241	0.5805	0.3647	0.7992	0.0781	0.7783	35.5000	0.1374	768.0000	171.0000	0.2227	770.0000
914	0.5263	0.5734	0.3512	0.7976	0.0823	0.7510	34.5000	0.1589	754.0000	170.0000	0.2255	758.0000
915	0.5610	0.5684	0.3513	0.8036	0.0764	0.7696	35.3750	0.1367	722.0000	167.0000	0.2313	726.0000
916	0.5620	0.5855	0.3608	0.7918	0.0786	0.7742	35.3750	0.1380	812.0000	175.0000	0.2155	814.0000
917	0.5433	0.5772	0.3553	0.8039	0.0778	0.7639	35.3750	0.1461	770.0000	178.0000	0.2312	773.0000
918	0.5173	0.5640	0.3463	0.7966	0.0719	0.7625	35.1250	0.1554	731.0000	166.0000	0.2271	734.0000
919	0.5340	0.5833	0.3432	0.7854	0.0795	0.7476	35.3750	0.1649	734.0000	167.0000	0.2275	738.0000
920	0.5386	0.5651	0.3349	0.7944	0.0741	0.7381	35.3750	0.1697	728.0000	174.0000	0.2390	730.0000
921	0.5435	0.5712	0.3547	0.8016	0.0824	0.7566	35.5000	0.1785	799.0000	173.0000	0.2165	802.0000
922	0.5133	0.5794	0.3603	0.7937	0.0768	0.7392	36.2500	0.1713	764.0000	183.0000	0.2395	769.0000
923	0.5522	0.5855	0.3636	0.7785	0.0706	0.7435	35.3750	0.1670	767.0000	181.0000	0.2360	772.0000
924	0.5663	0.5767	0.3640	0.8010	0.0772	0.7689	35.3750	0.1445	787.0000	178.0000	0.2262	791.0000
925	0.5119	0.5761	0.3499	0.7988	0.0778	0.7555	35.6250	0.1629	776.0000	170.0000	0.2191	779.0000
926	0.5221	0.5745	0.3586	0.7963	0.0796	0.7487	35.3750	0.1737	751.0000	178.0000	0.2370	758.0000
927	0.5071	0.5701	0.3619	0.7988	0.0734	0.7487	35.3750	0.1590	795.0000	177.0000	0.2226	798.0000
928	0.5369	0.5772	0.3511	0.7851	0.0691	0.7566	35.6250	0.1475	780.0000	169.0000	0.2167	783.0000
929	0.5015	0.5596	0.3524	0.8012	0.0759	0.7576	35.6250	0.1627	774.0000	170.0000	0.2196	778.0000
930	0.5431	0.5767	0.3506	0.7919	0.0802	0.7569	35.1250	0.1763	772.0000	179.0000	0.2319	777.0000
931	0.5227	0.5805	0.3660	0.7787	0.0786	0.7705	35.1250	0.1476	781.0000	174.0000	0.2228	785.0000
932	0.4974	0.5822	0.3594	0.7698	0.0801	0.7413	35.6250	0.1774	750.0000	193.0000	0.2573	753.0000
933	0.4899	0.5723	0.3558	0.7680	0.0766	0.7362	35.3750	0.1698	751.0000	176.0000	0.2344	754.0000
934	0.5314	0.5833	0.3539	0.7741	0.0833	0.7532	35.7500	0.1550	783.0000	181.0000	0.2312	785.0000
935	0.5293	0.5734	0.3468	0.7826	0.0756	0.7750	36.0000	0.1391	770.0000	169.0000	0.2195	774.0000
936	0.5403	0.5855	0.3666	0.7970	0.0803	0.7577	35.8750	0.1545	784.0000	186.0000	0.2372	787.0000
937	0.5515	0.5756	0.3428	0.7910	0.0787	0.7559	35.2500	0.1629	755.0000	179.0000	0.2371	758.0000
938	0.5052	0.5789	0.3536	0.7885	0.0710	0.7326	35.8750	0.1813	774.0000	184.0000	0.2377	777.0000
939	0.5218	0.5871	0.3560	0.7908	0.0801	0.7478	35.2500	0.1579	780.0000	188.0000	0.2410	785.0000
940	0.5157	0.5844	0.3782	0.7863	0.0757	0.7569	35.7500	0.1470	808.0000	180.0000	0.2228	814.0000
941	0.5411	0.5937	0.3639	0.7918	0.0788	0.7597	35.3750	0.1432	788.0000	186.0000	0.2360	793.0000
942	0.5117	0.5706	0.3615	0.7793	0.0734	0.7692	35.3750	0.1476	769.0000	175.0000	0.2276	775.0000
943	0.5120	0.5767	0.3646	0.7761	0.0757	0.7463	35.5000	0.1548	750.0000	177.0000	0.2360	755.0000
944	0.5212	0.5728	0.3621	0.7919	0.0772	0.7331	35.3750	0.1795	774.0000	183.0000	0.2364	779.0000
945	0.5155	0.5822	0.3594	0.7901	0.0738	0.7635	36.2500	0.1659	774.0000	182.0000	0.2351	778.0000
946	0.5160	0.5772	0.3509	0.8050	0.0743	0.7455	35.7500	0.1580	718.0000	177.0000	0.2465	720.0000
947	0.5046	0.5789	0.3551	0.7832	0.0766	0.7639	36.0000	0.1514	784.0000	174.0000	0.2219	789.0000
948	0.4983	0.5734	0.3430	0.7931	0.0700	0.7406	35.1250	0.1605	739.0000	176.0000	0.2382	743.0000
949	0.5478	0.5750	0.3692	0.8043	0.0797	0.7640	36.1250	0.1457	774.0000	172.0000	0.2222	776.0000
950	0.5245	0.5783	0.3533	0.7879	0.0741	0.7579	35.8750	0.1496	788.0000	177.0000	0.2246	791.0000
951	0.5223	0.5783	0.3521	0.7864	0.0714	0.7501	35.2500	0.1602	776.0000	174.0000	0.2242	780.0000
952	0.5285	0.5800	0.3680	0.8024	0.0815	0.7540	35.7500	0.1432	762.0000	178.0000	0.2336	764.0000
953	0.4875	0.5772	0.3563	0.7855	0.0725	0.7351	35.6250	0.1657	753.0000	185.0000	0.2457	758.0000
954	0.5052	0.5833	0.3554	0.7895	0.0816	0.7288	36.0000	0.1896	739.0000	185.0000	0.2503	744.0000
955	0.5149	0.5756	0.3466	0.7939	0.0802	0.7549	35.1250	0.1650	732.0000	165.0000	0.2254	737.0000
956	0.5331	0.5783	0.3585	0.7983	0.0768	0.7445	35.7500	0.1598	763.0000	185.0000	0.2425	769.0000
957	0.5350	0.5723	0.3517	0.7928	0.0698	0.7407	35.8750	0.1429	765.0000	177.0000	0.2314	768.0000
958	0.5441	0.5926	0.3591	0.8016	0.0765	0.7511	35.8750	0.1651	782.0000	177.0000	0.2263	786.0000
959	0.5228	0.5877	0.3607	0.7834	0.0820	0.7530	35.3750	0.1590	808.0000	183.0000	0.2265	812.0000
960	0.5507	0.5899	0.3670	0.8100	0.0830	0.7838	35.3750	0.1184	771.0000	161.0000	0.2088	775.0000
961	0.5427	0.5717	0.3677	0.8227	0.0866	0.7809	35.3750	0.1295	788.0000	172.0000	0.2183	791.0000
962	0.5338	0.5882	0.3645	0.8131	0.0886	0.7805	35.8750	0.1374	790.0000	166.0000	0.2101	793.0000
963	0.5216	0.5761	0.3590	0.7893	0.0765	0.7553	35.6250	0.1714	741.0000	175.0000	0.2362	747.0000
964	0.5285	0.5745	0.3582	0.7947	0.0808	0.7569	35.3750	0.1638	744.0000	174.0000	0.2339	747.0000
965	0.5329	0.5827	0.3540	0.7892	0.0788	0.7601	35.6250	0.1534	769.0000	176.0000	0.2289	772.0000
966	0.5446	0.5778	0.3427	0.8028	0.0723	0.7554	35.6250	0.1455	721.0000	171.0000	0.2372	725.0000
967	0.5494	0.5811	0.3634	0.7696	0.0810	0.7512	35.6250	0.1608	759.0000	180.0000	0.2372	762.0000
968	0.4950	0.5833	0.3716	0.7757	0.0707	0.7437	36.0000	0.1560	820.0000	192.0000	0.2341	822.0000
969	0.4952	0.5794	0.3510	0.7901	0.0731	0.7467	34.7500	0.1681	744.0000	173.0000	0.2325	746.0000
970	0.5131	0.5750	0.3550	0.7846	0.0753	0.7556	34.6250	0.1601	751.0000	174.0000	0.2317	755.0000
971	0.5499	0.5783	0.3448	0.8066	0.0770	0.7709	35.2500	0.1509	761.0000	171.0000	0.2247	765.0000
972	0.4999	0.5756	0.3585	0.7913	0.0763	0.7375	35.6250	0.1713	758.0000	185.0000	0.2441	761.0000
973	0.4985	0.5651	0.3374	0.7798	0.0735	0.7256	36.1250	0.1836	725.0000	190.0000	0.2621	728.0000
974	0.5013	0.5706	0.3489	0.7946	0.0720	0.7529	35.5000	0.1584	719.0000	175.0000	0.2434	722.0000
975	0.5290	0.5805	0.3466	0.7982	0.0755	0.7454	35.5000	0.1747	734.0000	176.0000	0.2398	737.0000
976	0.5046	0.5750	0.3511	0.7878	0.0695	0.7530	35.2500	0.1713	764.0000	176.0000	0.2304	770.0000
977	0.5251	0.5723	0.3608	0.8084	0.0784	0.7316	35.7500	0.1790	745.0000	175.0000	0.2349	750.0000
978	0.5178	0.5816	0.3605	0.7757	0.0770	0.7457	34.8750	0.1515	781.0000	178.0000	0.2279	783.0000
979	0.4967	0.5635	0.3457	0.7993	0.0744	0.7441	35.3750	0.1565	755.0000	164.0000	0.2172	762.0000
980	0.4853	0.5844	0.3592	0.7868	0.0783	0.7433	35.5000	0.1757	787.0000	175.0000	0.2224	796.0000
981	0.5330	0.5778	0.3560	0.7822	0.0828	0.7598	35.3750	0.1463	794.0000	169.0000	0.2128	798.0000
982	0.5302	0.5745	0.3599	0.7747	0.0723	0.7418	35.8750	0.1396	772.0000	188.0000	0.2435	778.0000
983	0.5231	0.5761	0.3505	0.8037	0.0757	0.7563	35.2500	0.1467	719.0000	170.0000	0.2364	725.0000
984	0.5165	0.5728	0.3626	0.7962	0.0831	0.7493	35.3750	0.1664	756.0000	175.0000	0.2315	761.0000
985	0.5051	0.5695	0.3605	0.7911	0.0707	0.7388	35.5000	0.1627	772.0000	182.0000	0.2358	777.0000
986	0.5763	0.5618	0.3405	0.8096	0.0762	0.7783	35.1250	0.1434	680.0000	168.0000	0.2471	683.0000
987	0.5629	0.5888	0.3541	0.7795	0.0790	0.7674	34.5000	0.1457	780.0000	177.0000	0.2269	783.0000
988	0.5383	0.5860	0.3589	0.7925	0.0774	0.7540	35.7500	0.1490	762.0000	179.0000	0.2349	764.0000
989	0.5039	0.5800	0.3408	0.7730	0.0669	0.7315	35.7500	0.1784	756.0000	179.0000	0.2368	759.0000
990	0.4983	0.5728	0.3448	0.7979	0.0757	0.7481	35.6250	0.1636	728.0000	170.0000	0.2335	731.0000
991	0.5150	0.5811	0.3537	0.7977	0.0718	0.7421	36.0000	0.1500	803.0000	180.0000	0.2242	810.0000
992	0.4825	0.5701	0.3448	0.8062	0.0723	0.7626	35.3750	0.1512	738.0000	168.0000	0.2276	743.0000
993	0.5255	0.5745	0.3627	0.7859	0.0777	0.7579	35.2500	0.1710	763.0000	176.0000	0.2307	768.0000
994	0.5705	0.5701	0.3475	0.7950	0.0792	0.7486	36.0000	0.1589	758.0000	180.0000	0.2375	760.0000
995	0.5381	0.5871	0.3496	0.8021	0.0787	0.7693	35.6250	0.1449	782.0000	170.0000	0.2174	786.0000
996	0.5169	0.5684	0.3569	0.7983	0.0736	0.7228	35.2500	0.1735	714.0000	187.0000	0.2619	717.0000
997	0.5394	0.5767	0.3576	0.7909	0.0821	0.7596	35.1250	0.1312	753.0000	177.0000	0.2351	756.0000
998	0.5707	0.5734	0.3506	0.7942	0.0810	0.7656	35.5000	0.1478	773.0000	169.0000	0.2186	778.0000
999	0.4925	0.5860	0.3652	0.7858	0.0706	0.7711	35.3750	0.1448	761.0000	175.0000	0.2300	766.0000
1000	0.5445	0.5811	0.3504	0.8065	0.0749	0.7588	35.2500	0.1431	739.0000	168.0000	0.2273	743.0000
