accuracy	proportion	density	fuzziness	coverage	purity	sounds	missing	ubound	clusters	props	patterns
1	0.4087	0.4074	0.1867	0.7990	0.1640	0.6822	34.6250	0.2486	510.0000	140.0000	0.2745	519.0000
2	0.4074	0.4024	0.1949	0.8134	0.1512	0.6791	34.0000	0.2517	436.0000	123.0000	0.2821	445.0000
3	0.3421	0.3909	0.1741	0.8228	0.1423	0.6523	35.0000	0.2763	400.0000	117.0000	0.2925	404.0000
4	0.3873	0.3782	0.1901	0.8457	0.1387	0.6496	34.5000	0.2701	368.0000	113.0000	0.3071	375.0000
5	0.3940	0.3755	0.1739	0.8375	0.1259	0.6887	33.6250	0.2540	350.0000	103.0000	0.2943	357.0000
6	0.3606	0.3821	0.1759	0.8285	0.1332	0.6346	34.1250	0.2803	375.0000	108.0000	0.2880	386.0000
7	0.3763	0.3755	0.1748	0.8422	0.1357	0.6721	33.7500	0.2617	377.0000	105.0000	0.2785	383.0000
8	0.3705	0.3749	0.1869	0.8571	0.1447	0.6497	34.6250	0.2659	388.0000	115.0000	0.2964	391.0000
9	0.3475	0.3711	0.1719	0.8736	0.1340	0.6628	34.2500	0.2934	362.0000	105.0000	0.2901	373.0000
10	0.3438	0.3700	0.1807	0.8397	0.1312	0.6396	33.8750	0.2947	366.0000	113.0000	0.3087	377.0000
11	0.3586	0.3716	0.1835	0.8524	0.1331	0.6550	34.7500	0.2651	383.0000	109.0000	0.2846	394.0000
12	0.3845	0.3678	0.1734	0.8511	0.1273	0.6260	34.2500	0.3096	339.0000	112.0000	0.3304	344.0000
13	0.3218	0.3612	0.1545	0.8632	0.1206	0.6357	34.7500	0.3212	319.0000	103.0000	0.3229	327.0000
14	0.2954	0.3639	0.1719	0.8446	0.1369	0.6146	34.0000	0.3242	355.0000	113.0000	0.3183	360.0000
15	0.3643	0.3612	0.1486	0.8624	0.1179	0.6177	34.3750	0.3481	310.0000	104.0000	0.3355	317.0000
16	0.3375	0.3518	0.1677	0.8537	0.1317	0.6561	33.6250	0.2716	350.0000	110.0000	0.3143	354.0000
17	0.3458	0.3650	0.1693	0.8549	0.1279	0.6440	34.1250	0.2909	357.0000	108.0000	0.3025	360.0000
18	0.3383	0.3672	0.1767	0.8422	0.1293	0.6207	34.7500	0.2882	364.0000	115.0000	0.3159	368.0000
19	0.3513	0.3722	0.1666	0.8576	0.1218	0.6602	33.7500	0.2669	310.0000	97.0000	0.3129	315.0000
20	0.3252	0.3700	0.1643	0.8577	0.1189	0.5895	34.8750	0.3388	331.0000	115.0000	0.3474	339.0000
21	0.3635	0.3634	0.1644	0.8515	0.1244	0.6352	34.7500	0.3071	350.0000	108.0000	0.3086	355.0000
22	0.3822	0.3694	0.1718	0.8444	0.1296	0.6499	33.6250	0.2801	351.0000	111.0000	0.3162	359.0000
23	0.3745	0.3656	0.1636	0.8522	0.1237	0.6233	33.7500	0.3096	336.0000	110.0000	0.3274	339.0000
24	0.3518	0.3689	0.1749	0.8580	0.1312	0.6571	33.5000	0.2771	360.0000	101.0000	0.2806	367.0000
25	0.3493	0.3716	0.1628	0.8638	0.1332	0.6416	34.1250	0.2794	351.0000	109.0000	0.3105	357.0000
26	0.3904	0.3733	0.1819	0.8468	0.1454	0.6972	34.1250	0.2458	376.0000	101.0000	0.2686	383.0000
27	0.3569	0.3711	0.1880	0.8253	0.1418	0.6493	33.8750	0.2579	397.0000	111.0000	0.2796	401.0000
28	0.3259	0.3634	0.1655	0.8497	0.1251	0.6396	33.8750	0.2951	342.0000	102.0000	0.2982	348.0000
29	0.3322	0.3711	0.1615	0.8550	0.1241	0.6419	34.6250	0.3075	336.0000	105.0000	0.3125	340.0000
30	0.3588	0.3628	0.1617	0.8557	0.1281	0.6540	34.3750	0.2706	330.0000	101.0000	0.3061	337.0000
31	0.3736	0.3667	0.1766	0.8457	0.1311	0.6540	34.2500	0.2813	364.0000	107.0000	0.2940	370.0000
32	0.3611	0.3672	0.1670	0.8382	0.1322	0.6500	33.8750	0.2817	336.0000	110.0000	0.3274	343.0000
33	0.3295	0.3683	0.1711	0.8477	0.1317	0.6358	34.3750	0.2872	361.0000	105.0000	0.2909	370.0000
34	0.3405	0.3672	0.1766	0.8375	0.1311	0.6430	34.0000	0.3096	346.0000	111.0000	0.3208	349.0000
35	0.3470	0.3595	0.1712	0.8461	0.1251	0.6154	34.5000	0.3021	334.0000	116.0000	0.3473	340.0000
36	0.3535	0.3584	0.1596	0.8703	0.1256	0.6495	34.5000	0.2845	328.0000	98.0000	0.2988	336.0000
37	0.3662	0.3639	0.1706	0.8512	0.1237	0.6222	34.6250	0.3186	340.0000	108.0000	0.3176	350.0000
38	0.3418	0.3656	0.1595	0.8562	0.1284	0.6315	34.2500	0.3007	329.0000	107.0000	0.3252	333.0000
39	0.3249	0.3760	0.1659	0.8562	0.1249	0.6241	34.5000	0.3033	354.0000	104.0000	0.2938	363.0000
40	0.3302	0.3727	0.1803	0.8390	0.1316	0.5996	34.5000	0.3238	378.0000	123.0000	0.3254	380.0000
41	0.4125	0.3678	0.1607	0.8685	0.1329	0.6406	34.3750	0.2667	349.0000	104.0000	0.2980	358.0000
42	0.3779	0.3661	0.1676	0.8512	0.1230	0.6256	34.2500	0.2944	327.0000	107.0000	0.3272	332.0000
43	0.4053	0.3705	0.1795	0.8554	0.1333	0.6875	35.3750	0.2289	373.0000	105.0000	0.2815	381.0000
44	0.3926	0.3694	0.1775	0.8527	0.1251	0.6569	33.7500	0.2867	313.0000	106.0000	0.3387	316.0000
45	0.3546	0.3689	0.1743	0.8352	0.1322	0.6772	34.1250	0.2394	361.0000	103.0000	0.2853	363.0000
46	0.3387	0.3672	0.1868	0.8420	0.1315	0.6340	34.5000	0.2736	343.0000	121.0000	0.3528	348.0000
47	0.3752	0.3656	0.1641	0.8443	0.1231	0.6467	33.8750	0.2975	339.0000	101.0000	0.2979	344.0000
48	0.3670	0.3694	0.1883	0.8446	0.1345	0.6170	34.7500	0.3341	358.0000	114.0000	0.3184	365.0000
49	0.3494	0.3612	0.1686	0.8486	0.1227	0.6371	34.2500	0.3222	330.0000	103.0000	0.3121	335.0000
50	0.3796	0.3595	0.1493	0.8585	0.1190	0.6552	34.7500	0.3052	311.0000	100.0000	0.3215	316.0000
51	0.3954	0.3656	0.1756	0.8443	0.1305	0.6639	34.3750	0.2475	351.0000	107.0000	0.3048	356.0000
52	0.3690	0.3623	0.1681	0.8484	0.1254	0.6512	34.3750	0.2906	324.0000	101.0000	0.3117	328.0000
53	0.3768	0.3700	0.1966	0.8215	0.1367	0.6800	34.2500	0.2588	369.0000	107.0000	0.2900	373.0000
54	0.3774	0.3672	0.1694	0.8582	0.1283	0.6318	34.3750	0.2904	322.0000	105.0000	0.3261	330.0000
55	0.3776	0.3601	0.1680	0.8350	0.1280	0.6414	33.8750	0.2666	354.0000	111.0000	0.3136	364.0000
56	0.3972	0.3760	0.1858	0.8454	0.1330	0.6911	34.5000	0.2462	344.0000	104.0000	0.3023	350.0000
57	0.4179	0.3623	0.1881	0.8692	0.1285	0.6664	33.6250	0.2661	333.0000	109.0000	0.3273	337.0000
58	0.4062	0.3650	0.1920	0.8291	0.1278	0.6594	34.7500	0.2658	352.0000	113.0000	0.3210	359.0000
59	0.3868	0.3689	0.1855	0.8332	0.1419	0.6570	34.5000	0.2657	371.0000	116.0000	0.3127	377.0000
60	0.3745	0.3595	0.1611	0.8761	0.1219	0.6481	34.0000	0.2912	327.0000	96.0000	0.2936	334.0000
61	0.4011	0.3694	0.1741	0.8417	0.1260	0.6417	33.5000	0.2856	363.0000	112.0000	0.3085	372.0000
62	0.3275	0.3612	0.1786	0.8527	0.1315	0.6323	34.5000	0.3171	344.0000	108.0000	0.3140	353.0000
63	0.3597	0.3705	0.1769	0.8295	0.1380	0.6789	34.3750	0.2573	368.0000	103.0000	0.2799	373.0000
64	0.3901	0.3815	0.1862	0.8397	0.1431	0.6634	34.0000	0.2908	372.0000	114.0000	0.3065	377.0000
65	0.3077	0.3601	0.1728	0.8492	0.1203	0.6022	35.3750	0.3276	332.0000	120.0000	0.3614	337.0000
66	0.3615	0.3628	0.1724	0.8609	0.1291	0.6579	34.1250	0.2771	335.0000	101.0000	0.3015	342.0000
67	0.3742	0.3678	0.1862	0.8745	0.1428	0.6970	34.6250	0.2584	353.0000	94.0000	0.2663	356.0000
68	0.3871	0.3667	0.1596	0.8750	0.1234	0.6835	34.6250	0.2657	335.0000	102.0000	0.3045	342.0000
69	0.3557	0.3744	0.1688	0.8187	0.1250	0.6310	35.3750	0.3160	359.0000	118.0000	0.3287	362.0000
70	0.3660	0.3562	0.1549	0.8471	0.1246	0.6368	33.8750	0.3165	331.0000	103.0000	0.3112	340.0000
71	0.3995	0.3612	0.1581	0.8491	0.1214	0.6500	34.5000	0.2737	327.0000	111.0000	0.3394	334.0000
72	0.3965	0.3617	0.1737	0.8534	0.1290	0.6332	34.7500	0.3028	328.0000	109.0000	0.3323	334.0000
73	0.3641	0.3694	0.1764	0.8514	0.1246	0.6651	34.3750	0.2740	359.0000	104.0000	0.2897	366.0000
74	0.3481	0.3661	0.1623	0.8547	0.1323	0.6576	33.6250	0.2806	352.0000	104.0000	0.2955	358.0000
75	0.4156	0.3700	0.1798	0.8387	0.1327	0.6800	33.8750	0.2442	369.0000	110.0000	0.2981	377.0000
76	0.3659	0.3782	0.1731	0.8426	0.1364	0.6533	34.8750	0.2808	370.0000	115.0000	0.3108	375.0000
77	0.3995	0.3727	0.1796	0.8713	0.1277	0.6534	34.1250	0.2738	359.0000	105.0000	0.2925	362.0000
78	0.3367	0.3727	0.1898	0.8494	0.1400	0.6649	34.0000	0.2829	364.0000	108.0000	0.2967	372.0000
79	0.3752	0.3722	0.1799	0.8416	0.1363	0.6630	34.5000	0.2645	356.0000	109.0000	0.3062	362.0000
80	0.4109	0.3705	0.1913	0.8402	0.1402	0.6769	34.5000	0.2560	367.0000	113.0000	0.3079	370.0000
81	0.3999	0.3760	0.1967	0.8202	0.1455	0.6381	33.7500	0.2802	386.0000	116.0000	0.3005	397.0000
82	0.3462	0.3601	0.1682	0.8366	0.1286	0.6180	34.3750	0.3174	320.0000	105.0000	0.3281	329.0000
83	0.3865	0.3573	0.1777	0.8513	0.1403	0.6473	34.5000	0.2842	352.0000	109.0000	0.3097	356.0000
84	0.3721	0.3694	0.1718	0.8421	0.1306	0.6756	34.5000	0.2545	319.0000	100.0000	0.3135	326.0000
85	0.3222	0.3568	0.1540	0.8577	0.1119	0.6070	34.3750	0.3424	322.0000	115.0000	0.3571	324.0000
86	0.4094	0.3672	0.1923	0.8403	0.1475	0.7058	33.6250	0.2208	374.0000	104.0000	0.2781	380.0000
87	0.3459	0.3645	0.1441	0.8621	0.1169	0.6257	34.2500	0.3303	322.0000	103.0000	0.3199	329.0000
88	0.3777	0.3601	0.1524	0.8551	0.1149	0.6345	34.5000	0.2973	303.0000	98.0000	0.3234	310.0000
89	0.3626	0.3716	0.1686	0.8584	0.1326	0.6471	34.0000	0.2673	350.0000	104.0000	0.2971	355.0000
90	0.3625	0.3738	0.1751	0.8239	0.1252	0.6395	35.0000	0.2801	355.0000	117.0000	0.3296	361.0000
91	0.3521	0.3733	0.1776	0.8500	0.1321	0.6506	34.1250	0.2923	337.0000	104.0000	0.3086	347.0000
92	0.3738	0.3749	0.1705	0.8460	0.1274	0.6658	34.2500	0.2801	354.0000	102.0000	0.2881	360.0000
93	0.4066	0.3771	0.1979	0.8236	0.1408	0.6677	33.3750	0.2551	383.0000	114.0000	0.2977	390.0000
94	0.3467	0.3667	0.1763	0.8560	0.1353	0.6620	34.5000	0.2713	374.0000	113.0000	0.3021	382.0000
95	0.3887	0.3617	0.1775	0.8456	0.1324	0.6818	34.5000	0.2395	360.0000	98.0000	0.2722	367.0000
96	0.3418	0.3650	0.1754	0.8522	0.1302	0.6486	34.2500	0.2842	325.0000	109.0000	0.3354	329.0000
97	0.3231	0.3568	0.1669	0.8470	0.1299	0.6162	34.0000	0.3244	356.0000	110.0000	0.3090	365.0000
98	0.3243	0.3694	0.1737	0.8557	0.1247	0.6045	34.5000	0.3427	318.0000	107.0000	0.3365	323.0000
99	0.3832	0.3661	0.1778	0.8230	0.1316	0.6530	33.8750	0.2873	363.0000	108.0000	0.2975	372.0000
100	0.3920	0.3689	0.1817	0.8503	0.1273	0.6518	34.3750	0.2825	313.0000	100.0000	0.3195	317.0000
101	0.3961	0.3634	0.1714	0.8496	0.1355	0.6605	34.2500	0.2774	352.0000	103.0000	0.2926	354.0000
102	0.3280	0.3590	0.1665	0.8682	0.1250	0.6250	34.5000	0.3181	341.0000	113.0000	0.3314	349.0000
103	0.3707	0.3496	0.1628	0.8497	0.1328	0.6529	34.2500	0.3026	316.0000	102.0000	0.3228	319.0000
104	0.3811	0.3738	0.1907	0.8504	0.1407	0.6675	33.7500	0.2858	383.0000	107.0000	0.2794	391.0000
105	0.3804	0.3623	0.1650	0.8534	0.1291	0.6660	33.8750	0.2740	311.0000	94.0000	0.3023	317.0000
106	0.3969	0.3661	0.1945	0.8425	0.1438	0.6892	34.1250	0.2502	378.0000	99.0000	0.2619	386.0000
107	0.3576	0.3705	0.1944	0.8467	0.1365	0.6499	34.3750	0.2792	370.0000	119.0000	0.3216	376.0000
108	0.3581	0.3771	0.1755	0.8453	0.1310	0.6645	34.1250	0.2675	357.0000	110.0000	0.3081	362.0000
109	0.3916	0.3623	0.1756	0.8489	0.1248	0.6623	34.8750	0.2655	321.0000	99.0000	0.3084	327.0000
110	0.3327	0.3661	0.1528	0.8585	0.1165	0.6196	34.1250	0.3098	310.0000	102.0000	0.3290	315.0000
111	0.3416	0.3639	0.1778	0.8552	0.1328	0.6235	34.5000	0.3283	353.0000	108.0000	0.3059	359.0000
112	0.4029	0.3694	0.1809	0.8598	0.1417	0.6471	34.2500	0.2934	375.0000	112.0000	0.2987	382.0000
113	0.3475	0.3573	0.1736	0.8747	0.1287	0.6223	34.0000	0.3283	327.0000	104.0000	0.3180	332.0000
114	0.3611	0.3661	0.1703	0.8406	0.1320	0.6425	33.7500	0.2817	346.0000	106.0000	0.3064	350.0000
115	0.3135	0.3634	0.1698	0.8378	0.1330	0.6101	34.0000	0.3338	359.0000	111.0000	0.3092	368.0000
116	0.3781	0.3623	0.1562	0.8520	0.1232	0.6028	34.1250	0.3177	322.0000	110.0000	0.3416	328.0000
117	0.3218	0.3694	0.1708	0.8499	0.1157	0.6108	34.6250	0.3562	317.0000	116.0000	0.3659	321.0000
118	0.3140	0.3584	0.1728	0.8333	0.1309	0.6222	34.3750	0.2881	371.0000	116.0000	0.3127	380.0000
119	0.3833	0.3661	0.1732	0.8141	0.1297	0.6685	34.5000	0.2656	355.0000	104.0000	0.2930	361.0000
120	0.3290	0.3645	0.1605	0.8381	0.1178	0.6297	33.8750	0.3124	308.0000	107.0000	0.3474	313.0000
121	0.3552	0.3628	0.1673	0.8567	0.1283	0.6076	34.6250	0.3381	338.0000	119.0000	0.3521	346.0000
122	0.3819	0.3804	0.1753	0.8119	0.1235	0.6631	34.1250	0.2724	353.0000	112.0000	0.3173	355.0000
123	0.3646	0.3595	0.1465	0.8604	0.1180	0.6199	33.6250	0.3319	288.0000	97.0000	0.3368	291.0000
124	0.2742	0.3639	0.1748	0.8372	0.1279	0.5879	35.0000	0.3554	365.0000	120.0000	0.3288	376.0000
125	0.3968	0.3678	0.1879	0.8263	0.1352	0.6447	34.5000	0.2730	378.0000	115.0000	0.3042	388.0000
126	0.3630	0.3722	0.1895	0.8577	0.1361	0.6309	34.2500	0.2963	352.0000	110.0000	0.3125	359.0000
127	0.3643	0.3639	0.1786	0.8361	0.1417	0.6522	34.1250	0.2796	351.0000	113.0000	0.3219	357.0000
128	0.3742	0.3678	0.1746	0.8349	0.1319	0.6636	34.0000	0.2640	343.0000	105.0000	0.3061	348.0000
129	0.3743	0.3606	0.1714	0.8429	0.1329	0.6425	34.2500	0.2935	348.0000	110.0000	0.3161	351.0000
130	0.3766	0.3694	0.1659	0.8587	0.1253	0.6431	34.0000	0.3018	328.0000	108.0000	0.3293	335.0000
131	0.3886	0.3656	0.1917	0.8303	0.1385	0.6523	33.7500	0.2736	337.0000	104.0000	0.3086	341.0000
132	0.3187	0.3667	0.1811	0.8276	0.1332	0.6255	34.3750	0.2860	372.0000	121.0000	0.3253	379.0000
133	0.3997	0.3722	0.1844	0.8563	0.1394	0.6415	34.3750	0.3110	374.0000	106.0000	0.2834	381.0000
134	0.3594	0.3678	0.1772	0.8627	0.1376	0.6659	33.7500	0.2665	368.0000	102.0000	0.2772	376.0000
135	0.3476	0.3645	0.1820	0.8245	0.1350	0.6360	34.1250	0.2858	369.0000	113.0000	0.3062	375.0000
136	0.3305	0.3689	0.1625	0.8724	0.1320	0.6088	34.5000	0.3437	349.0000	109.0000	0.3123	356.0000
137	0.3661	0.3672	0.1766	0.8530	0.1326	0.6492	34.0000	0.2931	334.0000	108.0000	0.3234	342.0000
138	0.3202	0.3749	0.1701	0.8456	0.1304	0.6327	34.8750	0.2925	369.0000	112.0000	0.3035	376.0000
139	0.4006	0.3579	0.1674	0.8495	0.1296	0.6773	34.2500	0.2580	337.0000	105.0000	0.3116	342.0000
140	0.3640	0.3705	0.1674	0.8449	0.1252	0.6481	35.0000	0.2906	350.0000	111.0000	0.3171	353.0000
141	0.3522	0.3557	0.1633	0.8498	0.1195	0.6421	34.1250	0.3028	311.0000	95.0000	0.3055	318.0000
142	0.3774	0.3656	0.1783	0.8439	0.1339	0.6504	34.0000	0.2812	350.0000	109.0000	0.3114	356.0000
143	0.3696	0.3623	0.1673	0.8476	0.1273	0.6416	34.5000	0.2905	339.0000	103.0000	0.3038	348.0000
144	0.3849	0.3760	0.1695	0.8578	0.1250	0.6408	34.7500	0.2830	330.0000	107.0000	0.3242	338.0000
145	0.3593	0.3672	0.1752	0.8277	0.1364	0.6475	34.1250	0.2932	368.0000	115.0000	0.3125	372.0000
146	0.3821	0.3518	0.1573	0.8434	0.1224	0.6424	33.7500	0.2881	308.0000	102.0000	0.3312	317.0000
147	0.3933	0.3656	0.1740	0.8453	0.1338	0.6265	33.7500	0.2878	340.0000	105.0000	0.3088	349.0000
148	0.3064	0.3623	0.1771	0.8420	0.1201	0.6168	34.7500	0.3280	298.0000	102.0000	0.3423	303.0000
149	0.3804	0.3656	0.1681	0.8455	0.1301	0.6332	33.3750	0.2916	343.0000	103.0000	0.3003	346.0000
150	0.3478	0.3612	0.1667	0.8662	0.1283	0.6300	34.0000	0.2905	324.0000	105.0000	0.3241	333.0000
151	0.3899	0.3661	0.1727	0.8189	0.1339	0.6493	34.3750	0.2704	349.0000	105.0000	0.3009	356.0000
152	0.3777	0.3678	0.1744	0.8374	0.1317	0.6659	34.5000	0.2531	348.0000	103.0000	0.2960	353.0000
153	0.3609	0.3672	0.1823	0.8447	0.1329	0.6385	34.2500	0.2901	362.0000	113.0000	0.3122	366.0000
154	0.3865	0.3711	0.1648	0.8488	0.1228	0.6188	34.5000	0.3201	341.0000	110.0000	0.3226	344.0000
155	0.3142	0.3716	0.1719	0.8530	0.1287	0.6612	33.7500	0.2964	345.0000	103.0000	0.2986	349.0000
156	0.3725	0.3568	0.1643	0.8705	0.1274	0.6172	34.5000	0.3098	338.0000	109.0000	0.3225	343.0000
157	0.3196	0.3722	0.1640	0.8379	0.1307	0.6406	34.3750	0.2905	342.0000	108.0000	0.3158	346.0000
158	0.3583	0.3694	0.1811	0.8355	0.1302	0.6523	34.1250	0.2852	326.0000	106.0000	0.3252	329.0000
159	0.3631	0.3590	0.1575	0.8719	0.1132	0.6071	34.3750	0.3256	294.0000	100.0000	0.3401	299.0000
160	0.4205	0.3727	0.1921	0.8624	0.1443	0.6871	34.2500	0.2461	364.0000	104.0000	0.2857	371.0000
161	0.3965	0.3683	0.1810	0.8468	0.1394	0.6775	34.2500	0.2606	370.0000	104.0000	0.2811	376.0000
162	0.4029	0.3656	0.1686	0.8391	0.1285	0.6224	34.3750	0.2988	347.0000	117.0000	0.3372	353.0000
163	0.3807	0.3771	0.1811	0.8281	0.1348	0.6720	34.2500	0.2534	375.0000	115.0000	0.3067	379.0000
164	0.3740	0.3524	0.1826	0.8453	0.1325	0.6701	35.0000	0.2909	349.0000	103.0000	0.2951	355.0000
165	0.3835	0.3711	0.1718	0.8560	0.1280	0.6545	34.7500	0.2932	357.0000	106.0000	0.2969	367.0000
166	0.3664	0.3590	0.1698	0.8180	0.1279	0.6269	34.2500	0.3133	344.0000	116.0000	0.3372	352.0000
167	0.3779	0.3694	0.1677	0.8362	0.1287	0.6460	34.6250	0.2750	330.0000	111.0000	0.3364	336.0000
168	0.3811	0.3722	0.1780	0.8442	0.1371	0.6493	34.5000	0.2758	361.0000	112.0000	0.3102	366.0000
169	0.3539	0.3705	0.1679	0.8463	0.1257	0.6312	33.6250	0.3066	327.0000	107.0000	0.3272	332.0000
170	0.3886	0.3617	0.1690	0.8449	0.1282	0.6529	34.7500	0.2847	331.0000	107.0000	0.3233	335.0000
171	0.3548	0.3623	0.1791	0.8249	0.1321	0.6393	34.2500	0.3026	351.0000	113.0000	0.3219	357.0000
172	0.3574	0.3667	0.1779	0.8479	0.1393	0.6222	33.3750	0.3043	340.0000	109.0000	0.3206	344.0000
173	0.3959	0.3711	0.1653	0.8474	0.1278	0.6649	34.0000	0.2762	340.0000	105.0000	0.3088	344.0000
174	0.3528	0.3722	0.1721	0.8410	0.1303	0.6627	33.7500	0.2798	350.0000	103.0000	0.2943	360.0000
175	0.3536	0.3579	0.1638	0.8593	0.1256	0.6349	34.0000	0.3160	321.0000	106.0000	0.3302	330.0000
176	0.3519	0.3683	0.1625	0.8421	0.1250	0.6599	34.1250	0.2782	329.0000	111.0000	0.3374	334.0000
177	0.4064	0.3749	0.1913	0.8368	0.1356	0.6791	34.1250	0.2890	372.0000	109.0000	0.2930	378.0000
178	0.3770	0.3711	0.1768	0.8392	0.1295	0.6063	34.5000	0.3201	343.0000	114.0000	0.3324	349.0000
179	0.3452	0.3628	0.1706	0.8460	0.1261	0.6347	33.5000	0.2846	347.0000	108.0000	0.3112	357.0000
180	0.3659	0.3661	0.1791	0.8550	0.1323	0.6237	33.5000	0.3105	344.0000	108.0000	0.3140	352.0000
181	0.3439	0.3595	0.1708	0.8564	0.1249	0.6550	34.5000	0.3027	343.0000	111.0000	0.3236	345.0000
182	0.3731	0.3755	0.1745	0.8472	0.1361	0.6409	33.7500	0.3032	343.0000	104.0000	0.3032	349.0000
183	0.3410	0.3777	0.1786	0.8418	0.1322	0.6284	34.2500	0.3121	353.0000	112.0000	0.3173	361.0000
184	0.3850	0.3788	0.1796	0.8368	0.1364	0.6659	34.3750	0.2492	350.0000	109.0000	0.3114	355.0000
185	0.3466	0.3700	0.1656	0.8433	0.1286	0.6289	34.5000	0.3067	353.0000	111.0000	0.3144	362.0000
186	0.3704	0.3661	0.1803	0.8438	0.1294	0.6306	34.5000	0.2989	368.0000	112.0000	0.3043	373.0000
187	0.3942	0.3744	0.1814	0.8407	0.1330	0.6744	34.2500	0.2687	347.0000	105.0000	0.3026	351.0000
188	0.3595	0.3634	0.1828	0.8445	0.1332	0.6478	34.5000	0.2898	357.0000	110.0000	0.3081	364.0000
189	0.3121	0.3656	0.1585	0.8368	0.1239	0.6321	34.6250	0.3003	318.0000	99.0000	0.3113	324.0000
190	0.2947	0.3672	0.1636	0.8608	0.1196	0.5908	34.2500	0.3503	337.0000	109.0000	0.3234	339.0000
191	0.4010	0.3766	0.1972	0.8452	0.1432	0.6657	34.1250	0.2622	381.0000	109.0000	0.2861	384.0000
192	0.3979	0.3678	0.1781	0.8463	0.1354	0.6708	33.5000	0.2502	355.0000	103.0000	0.2901	357.0000
193	0.3873	0.3623	0.1805	0.8475	0.1269	0.6728	34.3750	0.2619	357.0000	103.0000	0.2885	359.0000
194	0.3950	0.3705	0.1701	0.8274	0.1330	0.6651	34.0000	0.2567	362.0000	106.0000	0.2928	370.0000
195	0.4072	0.3656	0.1830	0.8469	0.1438	0.6354	34.6250	0.2971	358.0000	112.0000	0.3128	362.0000
196	0.3728	0.3650	0.1858	0.8327	0.1406	0.6321	34.3750	0.3001	391.0000	121.0000	0.3095	398.0000
197	0.3879	0.3617	0.1593	0.8498	0.1163	0.6204	34.2500	0.3268	317.0000	116.0000	0.3659	321.0000
198	0.3898	0.3557	0.1708	0.8382	0.1374	0.6630	33.5000	0.2606	367.0000	108.0000	0.2943	376.0000
199	0.3852	0.3628	0.1697	0.8441	0.1271	0.6432	34.6250	0.2797	325.0000	98.0000	0.3015	335.0000
200	0.3646	0.3711	0.1737	0.8400	0.1264	0.6343	34.1250	0.2806	332.0000	111.0000	0.3343	340.0000
201	0.4017	0.3738	0.1823	0.8434	0.1344	0.6771	34.1250	0.2671	366.0000	105.0000	0.2869	369.0000
202	0.3347	0.3672	0.1771	0.8457	0.1324	0.6242	34.0000	0.2994	349.0000	110.0000	0.3152	353.0000
203	0.3267	0.3617	0.1769	0.8559	0.1331	0.6245	34.2500	0.3092	365.0000	116.0000	0.3178	367.0000
204	0.3663	0.3705	0.1820	0.8273	0.1358	0.6546	34.3750	0.2740	358.0000	107.0000	0.2989	364.0000
205	0.3605	0.3727	0.1795	0.8363	0.1371	0.6647	33.5000	0.2787	366.0000	101.0000	0.2760	372.0000
206	0.3221	0.3689	0.1799	0.8336	0.1352	0.6365	34.6250	0.2992	349.0000	107.0000	0.3066	358.0000
207	0.3359	0.3705	0.1871	0.8257	0.1435	0.6531	33.8750	0.2739	371.0000	106.0000	0.2857	378.0000
208	0.3378	0.3705	0.1761	0.8457	0.1300	0.6512	34.3750	0.2851	367.0000	108.0000	0.2943	370.0000
209	0.3595	0.3689	0.1675	0.8411	0.1281	0.6130	34.5000	0.3216	339.0000	115.0000	0.3392	346.0000
210	0.3684	0.3749	0.1683	0.8313	0.1289	0.6395	34.1250	0.3034	344.0000	110.0000	0.3198	351.0000
211	0.3215	0.3524	0.1747	0.8578	0.1272	0.6352	33.8750	0.3028	316.0000	104.0000	0.3291	326.0000
212	0.3322	0.3645	0.1611	0.8689	0.1215	0.6287	34.2500	0.3123	327.0000	102.0000	0.3119	334.0000
213	0.3867	0.3645	0.1578	0.8387	0.1310	0.6500	34.8750	0.2954	327.0000	103.0000	0.3150	333.0000
214	0.3447	0.3711	0.1654	0.8508	0.1270	0.6527	34.6250	0.2960	323.0000	103.0000	0.3189	326.0000
215	0.3306	0.3810	0.1644	0.8430	0.1281	0.6432	34.0000	0.2833	329.0000	105.0000	0.3191	337.0000
216	0.3626	0.3612	0.1579	0.8395	0.1223	0.6481	33.6250	0.2744	315.0000	104.0000	0.3302	320.0000
217	0.3773	0.3755	0.1779	0.8392	0.1346	0.6429	34.3750	0.2902	358.0000	113.0000	0.3156	364.0000
218	0.4044	0.3590	0.1575	0.8306	0.1283	0.6485	33.7500	0.2872	340.0000	98.0000	0.2882	345.0000
219	0.3428	0.3656	0.1703	0.8473	0.1377	0.6426	34.5000	0.2923	346.0000	110.0000	0.3179	351.0000
220	0.3513	0.3623	0.1730	0.8237	0.1334	0.6000	34.2500	0.3326	368.0000	121.0000	0.3288	375.0000
221	0.3262	0.3650	0.1687	0.8441	0.1296	0.6253	34.3750	0.3176	320.0000	110.0000	0.3438	328.0000
222	0.3490	0.3694	0.1606	0.8391	0.1226	0.6314	34.5000	0.2930	340.0000	105.0000	0.3088	346.0000
223	0.3992	0.3727	0.1861	0.8516	0.1375	0.6596	34.2500	0.2706	340.0000	104.0000	0.3059	344.0000
224	0.3556	0.3623	0.1569	0.8357	0.1153	0.6256	34.1250	0.2983	304.0000	103.0000	0.3388	308.0000
225	0.3916	0.3667	0.1787	0.8631	0.1333	0.6287	34.1250	0.3039	350.0000	106.0000	0.3029	359.0000
226	0.3574	0.3590	0.1732	0.8460	0.1322	0.6487	34.7500	0.2746	343.0000	108.0000	0.3149	347.0000
227	0.3588	0.3667	0.1794	0.8448	0.1287	0.6550	33.7500	0.2867	346.0000	106.0000	0.3064	352.0000
228	0.3812	0.3595	0.1772	0.8388	0.1338	0.6438	34.2500	0.2953	346.0000	107.0000	0.3092	352.0000
229	0.3244	0.3689	0.1671	0.8443	0.1237	0.6230	34.1250	0.3202	337.0000	112.0000	0.3323	339.0000
230	0.3260	0.3573	0.1654	0.8667	0.1250	0.6332	34.0000	0.3033	344.0000	103.0000	0.2994	346.0000
231	0.3614	0.3694	0.1887	0.8465	0.1419	0.6644	34.2500	0.2978	380.0000	107.0000	0.2816	387.0000
232	0.3995	0.3694	0.1715	0.8415	0.1269	0.6615	33.8750	0.2746	339.0000	104.0000	0.3068	345.0000
233	0.3855	0.3678	0.1771	0.8688	0.1326	0.6865	34.2500	0.2398	359.0000	98.0000	0.2730	362.0000
234	0.3784	0.3612	0.1755	0.8495	0.1231	0.6300	34.2500	0.2845	325.0000	104.0000	0.3200	333.0000
235	0.3462	0.3700	0.1730	0.8354	0.1334	0.6617	33.5000	0.2650	354.0000	105.0000	0.2966	360.0000
236	0.3371	0.3623	0.1787	0.8346	0.1407	0.6359	33.8750	0.2976	365.0000	106.0000	0.2904	368.0000
237	0.3265	0.3645	0.1637	0.8483	0.1162	0.6351	34.2500	0.2942	310.0000	102.0000	0.3290	318.0000
238	0.3526	0.3689	0.1849	0.8488	0.1323	0.6384	34.0000	0.2823	363.0000	115.0000	0.3168	373.0000
239	0.3276	0.3672	0.1760	0.8430	0.1306	0.6163	34.0000	0.3084	337.0000	111.0000	0.3294	345.0000
240	0.3586	0.3711	0.1952	0.8223	0.1446	0.6555	34.0000	0.2665	380.0000	107.0000	0.2816	386.0000
241	0.3412	0.3645	0.1750	0.8353	0.1271	0.6375	34.1250	0.2955	334.0000	102.0000	0.3054	341.0000
242	0.3292	0.3606	0.1736	0.8334	0.1240	0.6367	33.7500	0.2970	340.0000	111.0000	0.3265	347.0000
243	0.3996	0.3700	0.1668	0.8665	0.1355	0.6444	34.5000	0.2821	357.0000	109.0000	0.3053	364.0000
244	0.3660	0.3617	0.1678	0.8420	0.1298	0.6243	34.1250	0.2886	356.0000	109.0000	0.3062	358.0000
245	0.3732	0.3711	0.1869	0.8481	0.1351	0.6504	34.5000	0.2825	341.0000	113.0000	0.3314	346.0000
246	0.3901	0.3645	0.1600	0.8465	0.1282	0.6439	34.1250	0.2998	333.0000	102.0000	0.3063	339.0000
247	0.3631	0.3584	0.1525	0.8509	0.1098	0.6248	34.1250	0.3173	305.0000	101.0000	0.3311	309.0000
248	0.3495	0.3678	0.1788	0.8480	0.1339	0.6726	34.0000	0.2518	348.0000	100.0000	0.2874	359.0000
249	0.3577	0.3738	0.1858	0.8327	0.1282	0.6534	34.1250	0.2646	349.0000	106.0000	0.3037	360.0000
250	0.3908	0.3755	0.1799	0.8545	0.1281	0.6493	34.6250	0.2833	348.0000	114.0000	0.3276	357.0000
251	0.3567	0.3705	0.1792	0.8254	0.1361	0.6549	34.3750	0.2792	343.0000	103.0000	0.3003	349.0000
252	0.3865	0.3678	0.1880	0.8249	0.1403	0.6285	34.5000	0.3010	375.0000	119.0000	0.3173	384.0000
253	0.3501	0.3771	0.1729	0.8421	0.1331	0.6350	34.0000	0.2930	364.0000	118.0000	0.3242	366.0000
254	0.3738	0.3678	0.1808	0.8340	0.1293	0.6502	34.5000	0.3043	351.0000	110.0000	0.3134	359.0000
255	0.3353	0.3727	0.1630	0.8585	0.1268	0.6208	34.2500	0.3261	343.0000	106.0000	0.3090	349.0000
256	0.3538	0.3711	0.1870	0.8392	0.1304	0.6727	34.7500	0.2715	382.0000	113.0000	0.2958	388.0000
257	0.3309	0.3738	0.1902	0.8078	0.1317	0.6325	34.2500	0.3390	357.0000	116.0000	0.3249	363.0000
258	0.4034	0.3700	0.1887	0.8534	0.1459	0.6773	34.2500	0.2403	385.0000	102.0000	0.2649	392.0000
259	0.3033	0.3711	0.1794	0.8577	0.1311	0.6260	34.7500	0.3066	331.0000	112.0000	0.3384	337.0000
260	0.3160	0.3700	0.1739	0.8625	0.1326	0.6320	34.6250	0.3044	329.0000	110.0000	0.3343	335.0000
261	0.3415	0.3683	0.1650	0.8570	0.1225	0.6167	34.8750	0.3325	315.0000	104.0000	0.3302	320.0000
262	0.3200	0.3700	0.1548	0.8545	0.1208	0.6409	34.2500	0.3019	330.0000	105.0000	0.3182	336.0000
263	0.3574	0.3606	0.1609	0.8391	0.1312	0.6463	33.8750	0.2809	340.0000	103.0000	0.3029	351.0000
264	0.3834	0.3645	0.1776	0.8411	0.1265	0.6283	33.8750	0.3065	340.0000	103.0000	0.3029	343.0000
265	0.3911	0.3782	0.1639	0.8391	0.1277	0.6555	33.7500	0.2923	320.0000	95.0000	0.2969	322.0000
266	0.3475	0.3788	0.1841	0.8486	0.1394	0.6193	34.2500	0.3027	356.0000	111.0000	0.3118	360.0000
267	0.3679	0.3634	0.1736	0.8366	0.1266	0.6201	33.5000	0.2928	345.0000	115.0000	0.3333	354.0000
268	0.3623	0.3650	0.1727	0.8497	0.1263	0.6430	34.6250	0.2901	336.0000	102.0000	0.3036	340.0000
269	0.3804	0.3722	0.1662	0.8547	0.1292	0.6889	34.2500	0.2468	345.0000	99.0000	0.2870	352.0000
270	0.3324	0.3716	0.1709	0.8444	0.1234	0.6317	34.7500	0.3182	324.0000	110.0000	0.3395	330.0000
271	0.3202	0.3777	0.1698	0.8371	0.1273	0.6391	34.3750	0.2943	335.0000	101.0000	0.3015	338.0000
272	0.3610	0.3667	0.1836	0.8503	0.1336	0.6421	34.5000	0.2869	350.0000	112.0000	0.3200	359.0000
273	0.3505	0.3601	0.1588	0.8491	0.1192	0.6413	34.2500	0.2968	324.0000	100.0000	0.3086	326.0000
274	0.3430	0.3584	0.1669	0.8462	0.1335	0.6399	34.0000	0.3020	360.0000	111.0000	0.3083	371.0000
275	0.3505	0.3727	0.1822	0.8243	0.1404	0.6751	34.1250	0.2599	393.0000	108.0000	0.2748	395.0000
276	0.3490	0.3733	0.1813	0.8408	0.1273	0.6348	34.3750	0.2800	351.0000	112.0000	0.3191	359.0000
277	0.3762	0.3645	0.1712	0.8526	0.1379	0.6788	34.0000	0.2567	344.0000	100.0000	0.2907	351.0000
278	0.3344	0.3623	0.1579	0.8583	0.1135	0.6257	34.3750	0.3273	313.0000	100.0000	0.3195	321.0000
279	0.3145	0.3628	0.1684	0.8259	0.1236	0.5849	34.6250	0.3608	355.0000	122.0000	0.3437	363.0000
280	0.3980	0.3689	0.1729	0.8425	0.1292	0.6916	33.7500	0.2542	328.0000	89.0000	0.2713	337.0000
281	0.3684	0.3694	0.1836	0.8495	0.1332	0.6345	34.1250	0.3078	355.0000	112.0000	0.3155	363.0000
282	0.3246	0.3650	0.1716	0.8310	0.1201	0.6321	34.2500	0.2924	335.0000	113.0000	0.3373	337.0000
283	0.3711	0.3656	0.1763	0.8530	0.1343	0.6677	34.7500	0.2774	331.0000	102.0000	0.3082	337.0000
284	0.4308	0.3716	0.1976	0.8379	0.1412	0.6657	33.6250	0.2630	364.0000	111.0000	0.3049	372.0000
285	0.3607	0.3716	0.1883	0.8308	0.1408	0.6617	34.6250	0.2565	373.0000	114.0000	0.3056	379.0000
286	0.3936	0.3716	0.1819	0.8427	0.1270	0.6519	33.8750	0.2842	353.0000	113.0000	0.3201	358.0000
287	0.3660	0.3705	0.1856	0.8584	0.1354	0.6305	34.2500	0.3079	357.0000	107.0000	0.2997	366.0000
288	0.3781	0.3722	0.1839	0.8294	0.1352	0.6085	33.7500	0.2949	387.0000	125.0000	0.3230	395.0000
289	0.3589	0.3716	0.1757	0.8491	0.1287	0.6469	34.1250	0.2811	345.0000	109.0000	0.3159	355.0000
290	0.3631	0.3639	0.1698	0.8639	0.1283	0.6359	34.5000	0.2929	358.0000	105.0000	0.2933	367.0000
291	0.3385	0.3634	0.1533	0.8581	0.1247	0.6276	34.2500	0.3078	339.0000	102.0000	0.3009	346.0000
292	0.3415	0.3579	0.1592	0.8440	0.1261	0.6097	34.5000	0.3300	323.0000	105.0000	0.3251	328.0000
293	0.3255	0.3612	0.1780	0.8485	0.1345	0.6205	34.5000	0.3126	354.0000	112.0000	0.3164	358.0000
294	0.3807	0.3634	0.1601	0.8734	0.1167	0.6539	33.6250	0.2849	291.0000	94.0000	0.3230	293.0000
295	0.3478	0.3744	0.1802	0.8380	0.1279	0.6418	34.8750	0.2923	338.0000	115.0000	0.3402	340.0000
296	0.3355	0.3661	0.1868	0.8389	0.1405	0.6395	33.1250	0.3006	364.0000	111.0000	0.3049	366.0000
297	0.3652	0.3766	0.1824	0.8500	0.1338	0.6561	33.5000	0.2854	351.0000	109.0000	0.3105	357.0000
298	0.3601	0.3628	0.1894	0.8322	0.1400	0.6819	34.1250	0.2650	358.0000	106.0000	0.2961	363.0000
299	0.4148	0.3716	0.1868	0.8522	0.1393	0.6882	33.7500	0.2399	361.0000	104.0000	0.2881	367.0000
300	0.4125	0.3722	0.1816	0.8169	0.1374	0.6625	34.1250	0.2593	342.0000	109.0000	0.3187	346.0000
301	0.3549	0.3716	0.1793	0.8397	0.1241	0.6441	34.6250	0.2732	342.0000	114.0000	0.3333	347.0000
302	0.3819	0.3672	0.1695	0.8520	0.1274	0.6025	34.7500	0.3177	327.0000	115.0000	0.3517	329.0000
303	0.3464	0.3672	0.1789	0.8450	0.1304	0.6470	33.8750	0.3017	354.0000	109.0000	0.3079	361.0000
304	0.3996	0.3771	0.1849	0.8182	0.1440	0.6769	34.1250	0.2700	396.0000	109.0000	0.2753	399.0000
305	0.3047	0.3623	0.1665	0.8418	0.1285	0.5923	34.3750	0.3362	330.0000	114.0000	0.3455	336.0000
306	0.3398	0.3711	0.1702	0.8676	0.1248	0.6572	34.3750	0.2791	357.0000	107.0000	0.2997	367.0000
307	0.3467	0.3623	0.1588	0.8555	0.1218	0.6390	34.1250	0.3248	313.0000	103.0000	0.3291	320.0000
308	0.3750	0.3755	0.1865	0.8397	0.1407	0.6689	34.0000	0.2821	366.0000	112.0000	0.3060	374.0000
309	0.3667	0.3628	0.1542	0.8642	0.1193	0.6457	34.3750	0.2942	329.0000	102.0000	0.3100	338.0000
310	0.4010	0.3689	0.1922	0.8655	0.1407	0.6829	34.6250	0.2435	372.0000	106.0000	0.2849	377.0000
311	0.3862	0.3667	0.1797	0.8485	0.1294	0.6606	34.3750	0.2761	363.0000	111.0000	0.3058	365.0000
312	0.3619	0.3711	0.1691	0.8525	0.1360	0.6551	34.3750	0.2937	346.0000	104.0000	0.3006	351.0000
313	0.3448	0.3705	0.1786	0.8271	0.1337	0.6374	33.8750	0.2743	362.0000	114.0000	0.3149	369.0000
314	0.3566	0.3716	0.1741	0.8603	0.1298	0.6464	33.5000	0.3014	342.0000	105.0000	0.3070	348.0000
315	0.3608	0.3744	0.1882	0.8257	0.1355	0.6652	34.0000	0.2579	367.0000	113.0000	0.3079	373.0000
316	0.3685	0.3683	0.1750	0.8296	0.1346	0.6514	34.5000	0.2712	371.0000	104.0000	0.2803	380.0000
317	0.3240	0.3656	0.1672	0.8521	0.1252	0.6350	34.2500	0.2876	327.0000	104.0000	0.3180	337.0000
318	0.3971	0.3749	0.1860	0.8333	0.1311	0.6600	34.2500	0.2814	345.0000	119.0000	0.3449	349.0000
319	0.3774	0.3645	0.1831	0.8343	0.1366	0.6614	33.6250	0.2548	347.0000	104.0000	0.2997	355.0000
320	0.3994	0.3733	0.1852	0.8351	0.1389	0.6695	34.0000	0.2649	364.0000	107.0000	0.2940	373.0000
321	0.3546	0.3661	0.1638	0.8547	0.1201	0.6168	34.2500	0.3437	325.0000	108.0000	0.3323	330.0000
322	0.3329	0.3661	0.1744	0.8387	0.1354	0.6514	34.3750	0.2922	370.0000	114.0000	0.3081	373.0000
323	0.3761	0.3678	0.1773	0.8468	0.1368	0.6415	34.7500	0.2825	348.0000	111.0000	0.3190	353.0000
324	0.4070	0.3810	0.1689	0.8482	0.1296	0.6617	34.0000	0.2568	333.0000	101.0000	0.3033	341.0000
325	0.3597	0.3733	0.1796	0.8436	0.1357	0.6499	33.6250	0.2861	358.0000	102.0000	0.2849	365.0000
326	0.3607	0.3568	0.1639	0.8501	0.1260	0.6280	33.6250	0.3010	329.0000	100.0000	0.3040	336.0000
327	0.3572	0.3733	0.1861	0.8466	0.1330	0.5866	34.5000	0.3450	366.0000	131.0000	0.3579	371.0000
328	0.4266	0.3667	0.1867	0.8499	0.1378	0.6779	33.8750	0.2624	364.0000	104.0000	0.2857	366.0000
329	0.3356	0.3683	0.1827	0.8435	0.1239	0.6025	34.3750	0.3476	338.0000	119.0000	0.3521	341.0000
330	0.3315	0.3661	0.1635	0.8317	0.1295	0.6416	33.6250	0.2924	342.0000	105.0000	0.3070	344.0000
331	0.3786	0.3639	0.1681	0.8180	0.1266	0.6258	34.3750	0.2983	359.0000	117.0000	0.3259	361.0000
332	0.3838	0.3678	0.1803	0.8621	0.1366	0.6824	34.0000	0.2532	350.0000	103.0000	0.2943	355.0000
333	0.3394	0.3656	0.1772	0.8530	0.1345	0.6363	34.7500	0.3034	341.0000	116.0000	0.3402	345.0000
334	0.3458	0.3562	0.1732	0.8491	0.1338	0.6257	33.8750	0.3200	348.0000	110.0000	0.3161	354.0000
335	0.3680	0.3612	0.1504	0.8727	0.1200	0.6286	34.6250	0.3165	301.0000	96.0000	0.3189	308.0000
336	0.3642	0.3744	0.1775	0.8311	0.1394	0.6798	34.3750	0.2537	372.0000	105.0000	0.2823	379.0000
337	0.3252	0.3656	0.1865	0.8353	0.1276	0.6032	34.1250	0.3258	351.0000	121.0000	0.3447	354.0000
338	0.3503	0.3733	0.1713	0.8457	0.1347	0.6497	34.3750	0.2667	372.0000	108.0000	0.2903	383.0000
339	0.3145	0.3557	0.1556	0.8525	0.1106	0.6205	34.3750	0.3253	278.0000	95.0000	0.3417	285.0000
340	0.3517	0.3683	0.1775	0.8252	0.1268	0.6658	33.5000	0.2828	368.0000	107.0000	0.2908	374.0000
341	0.3617	0.3705	0.1692	0.8420	0.1191	0.6680	34.3750	0.2654	313.0000	92.0000	0.2939	318.0000
342	0.4094	0.3749	0.1864	0.8407	0.1378	0.6812	34.2500	0.2500	382.0000	106.0000	0.2775	391.0000
343	0.3994	0.3733	0.1796	0.8472	0.1379	0.6692	33.8750	0.2731	346.0000	100.0000	0.2890	354.0000
344	0.3362	0.3639	0.1647	0.8487	0.1262	0.6155	33.8750	0.3342	331.0000	108.0000	0.3263	335.0000
345	0.3911	0.3722	0.1857	0.8427	0.1390	0.6302	34.1250	0.2870	367.0000	114.0000	0.3106	374.0000
346	0.3305	0.3590	0.1568	0.8684	0.1254	0.5888	33.6250	0.3293	315.0000	106.0000	0.3365	317.0000
347	0.4434	0.3733	0.1860	0.8387	0.1427	0.6810	34.2500	0.2543	355.0000	103.0000	0.2901	362.0000
348	0.3578	0.3672	0.1756	0.8694	0.1285	0.6472	34.3750	0.2861	345.0000	111.0000	0.3217	354.0000
349	0.3734	0.3727	0.1806	0.8571	0.1310	0.6674	34.1250	0.2720	346.0000	98.0000	0.2832	354.0000
350	0.3952	0.3645	0.1855	0.8425	0.1334	0.6710	33.8750	0.2430	370.0000	107.0000	0.2892	373.0000
351	0.3584	0.3667	0.1581	0.8459	0.1223	0.6505	34.0000	0.2940	315.0000	98.0000	0.3111	321.0000
352	0.3792	0.3777	0.1856	0.8317	0.1289	0.6662	34.6250	0.2492	347.0000	108.0000	0.3112	351.0000
353	0.3405	0.3584	0.1604	0.8384	0.1193	0.5996	33.6250	0.3492	357.0000	116.0000	0.3249	364.0000
354	0.3566	0.3694	0.1675	0.8328	0.1284	0.6202	34.8750	0.3099	346.0000	112.0000	0.3237	354.0000
355	0.3330	0.3727	0.1747	0.8486	0.1323	0.6868	33.5000	0.2743	344.0000	103.0000	0.2994	353.0000
356	0.3752	0.3689	0.1662	0.8461	0.1240	0.6558	33.8750	0.2882	333.0000	100.0000	0.3003	337.0000
357	0.3552	0.3793	0.1876	0.8276	0.1456	0.6610	34.3750	0.2593	363.0000	112.0000	0.3085	367.0000
358	0.3572	0.3590	0.1545	0.8617	0.1184	0.6037	34.7500	0.3243	329.0000	109.0000	0.3313	336.0000
359	0.3674	0.3639	0.1850	0.8413	0.1338	0.6698	34.6250	0.2743	348.0000	110.0000	0.3161	351.0000
360	0.3400	0.3617	0.1754	0.8560	0.1344	0.6264	34.1250	0.3169	346.0000	106.0000	0.3064	351.0000
361	0.3146	0.3557	0.1731	0.8445	0.1208	0.6125	34.5000	0.3317	333.0000	114.0000	0.3423	335.0000
362	0.3531	0.3683	0.1899	0.8476	0.1394	0.6388	34.1250	0.2916	393.0000	120.0000	0.3053	401.0000
363	0.3668	0.3656	0.1791	0.8506	0.1320	0.6493	34.0000	0.2966	336.0000	103.0000	0.3065	342.0000
364	0.3250	0.3689	0.1520	0.8538	0.1024	0.5912	34.2500	0.3384	294.0000	106.0000	0.3605	300.0000
365	0.3522	0.3727	0.1603	0.8525	0.1221	0.6064	34.3750	0.3368	314.0000	109.0000	0.3471	319.0000
366	0.3882	0.3623	0.1625	0.8597	0.1262	0.6405	34.1250	0.2857	342.0000	99.0000	0.2895	344.0000
367	0.3870	0.3694	0.1828	0.8251	0.1311	0.6337	33.8750	0.2631	357.0000	115.0000	0.3221	368.0000
368	0.3892	0.3628	0.1782	0.8227	0.1274	0.6561	35.2500	0.2898	334.0000	104.0000	0.3114	337.0000
369	0.3478	0.3590	0.1682	0.8474	0.1208	0.6281	33.8750	0.3084	305.0000	99.0000	0.3246	309.0000
370	0.2999	0.3793	0.1904	0.8472	0.1411	0.6290	34.5000	0.3054	390.0000	117.0000	0.3000	398.0000
371	0.3339	0.3683	0.1680	0.8355	0.1197	0.6336	33.8750	0.3032	335.0000	108.0000	0.3224	337.0000
372	0.3387	0.3738	0.1775	0.8429	0.1322	0.6146	34.1250	0.3104	355.0000	113.0000	0.3183	364.0000
373	0.3496	0.3700	0.1589	0.8570	0.1197	0.6102	34.7500	0.2924	309.0000	108.0000	0.3495	312.0000
374	0.3694	0.3760	0.1614	0.8620	0.1196	0.6190	34.7500	0.3226	320.0000	106.0000	0.3312	326.0000
375	0.3758	0.3678	0.1618	0.8625	0.1273	0.6690	34.7500	0.2426	326.0000	104.0000	0.3190	333.0000
376	0.3293	0.3694	0.1867	0.8439	0.1333	0.6100	34.0000	0.3212	366.0000	122.0000	0.3333	371.0000
377	0.3510	0.3623	0.1726	0.8452	0.1329	0.6480	34.1250	0.2958	343.0000	105.0000	0.3061	348.0000
378	0.3326	0.3650	0.1828	0.8684	0.1279	0.6482	34.0000	0.3066	342.0000	111.0000	0.3246	347.0000
379	0.3539	0.3595	0.1760	0.8463	0.1321	0.6555	33.7500	0.2615	367.0000	115.0000	0.3134	378.0000
380	0.3961	0.3650	0.1585	0.8619	0.1242	0.6289	33.2500	0.3057	314.0000	101.0000	0.3217	318.0000
381	0.3722	0.3678	0.1742	0.8538	0.1279	0.6249	34.1250	0.2904	345.0000	118.0000	0.3420	347.0000
382	0.3339	0.3744	0.1786	0.8648	0.1369	0.6288	34.0000	0.3206	358.0000	101.0000	0.2821	366.0000
383	0.3496	0.3678	0.1577	0.8240	0.1180	0.6366	34.3750	0.2990	329.0000	100.0000	0.3040	334.0000
384	0.3721	0.3716	0.1844	0.8501	0.1368	0.6278	33.8750	0.3191	364.0000	108.0000	0.2967	374.0000
385	0.3697	0.3645	0.1666	0.8490	0.1236	0.6554	34.1250	0.2872	346.0000	108.0000	0.3121	348.0000
386	0.3636	0.3727	0.1786	0.8460	0.1416	0.5923	34.2500	0.3410	365.0000	116.0000	0.3178	369.0000
387	0.4143	0.3518	0.1739	0.8471	0.1359	0.6659	33.7500	0.2729	347.0000	99.0000	0.2853	355.0000
388	0.3841	0.3612	0.1744	0.8498	0.1326	0.6655	33.8750	0.2621	350.0000	102.0000	0.2914	355.0000
389	0.3599	0.3678	0.1635	0.8661	0.1276	0.6244	34.8750	0.3096	356.0000	119.0000	0.3343	362.0000
390	0.3493	0.3568	0.1669	0.8651	0.1278	0.6612	34.3750	0.2863	350.0000	101.0000	0.2886	359.0000
391	0.3966	0.3738	0.1802	0.8312	0.1390	0.6835	33.7500	0.2662	379.0000	107.0000	0.2823	383.0000
392	0.3865	0.3788	0.1743	0.8452	0.1278	0.6438	34.3750	0.3074	340.0000	105.0000	0.3088	344.0000
393	0.3506	0.3656	0.1670	0.8340	0.1295	0.6057	34.7500	0.3255	332.0000	107.0000	0.3223	341.0000
394	0.3983	0.3667	0.1844	0.8424	0.1324	0.6412	34.2500	0.2809	368.0000	119.0000	0.3234	373.0000
395	0.3486	0.3595	0.1681	0.8514	0.1309	0.6299	34.1250	0.2928	319.0000	101.0000	0.3166	330.0000
396	0.3549	0.3639	0.1700	0.8382	0.1316	0.6692	33.7500	0.2697	363.0000	107.0000	0.2948	371.0000
397	0.3554	0.3744	0.1792	0.8516	0.1339	0.6531	34.2500	0.2870	361.0000	111.0000	0.3075	373.0000
398	0.3370	0.3617	0.1619	0.8397	0.1208	0.6203	34.5000	0.3269	320.0000	111.0000	0.3469	325.0000
399	0.3204	0.3623	0.1666	0.8521	0.1243	0.6068	34.3750	0.3395	324.0000	108.0000	0.3333	327.0000
400	0.3497	0.3562	0.1676	0.8428	0.1269	0.6374	34.0000	0.2977	350.0000	100.0000	0.2857	358.0000
401	0.3712	0.3722	0.1754	0.8366	0.1333	0.6221	34.0000	0.3146	358.0000	118.0000	0.3296	364.0000
402	0.3585	0.3595	0.1679	0.8640	0.1236	0.6187	35.0000	0.3184	340.0000	109.0000	0.3206	345.0000
403	0.3381	0.3617	0.1813	0.8386	0.1386	0.6389	34.1250	0.2875	386.0000	115.0000	0.2979	393.0000
404	0.4218	0.3656	0.1774	0.8390	0.1381	0.6788	34.1250	0.2591	351.0000	104.0000	0.2963	361.0000
405	0.3390	0.3634	0.1663	0.8472	0.1257	0.6290	34.6250	0.3008	329.0000	108.0000	0.3283	338.0000
406	0.3653	0.3689	0.1709	0.8507	0.1237	0.6203	34.8750	0.3204	337.0000	109.0000	0.3234	341.0000
407	0.4136	0.3634	0.1729	0.8387	0.1281	0.6793	33.6250	0.2616	343.0000	105.0000	0.3061	346.0000
408	0.3319	0.3667	0.1718	0.8453	0.1270	0.6433	33.6250	0.2959	339.0000	105.0000	0.3097	345.0000
409	0.3386	0.3617	0.1683	0.8766	0.1160	0.6159	34.1250	0.3118	318.0000	111.0000	0.3491	325.0000
410	0.4194	0.3777	0.1830	0.8305	0.1390	0.7035	33.6250	0.2368	359.0000	102.0000	0.2841	362.0000
411	0.3341	0.3749	0.1731	0.8490	0.1345	0.6463	34.0000	0.2817	348.0000	102.0000	0.2931	355.0000
412	0.3334	0.3683	0.1714	0.8302	0.1233	0.6321	34.2500	0.3039	319.0000	108.0000	0.3386	325.0000
413	0.3719	0.3689	0.1728	0.8440	0.1397	0.6507	33.8750	0.2915	340.0000	103.0000	0.3029	345.0000
414	0.3670	0.3705	0.1800	0.8235	0.1253	0.6448	34.2500	0.2868	342.0000	108.0000	0.3158	349.0000
415	0.3314	0.3645	0.1915	0.8452	0.1394	0.6493	34.2500	0.2984	355.0000	112.0000	0.3155	364.0000
416	0.3475	0.3777	0.1825	0.8386	0.1342	0.6224	34.5000	0.2940	367.0000	121.0000	0.3297	374.0000
417	0.3649	0.3617	0.1671	0.8451	0.1338	0.6587	34.1250	0.2648	345.0000	104.0000	0.3014	355.0000
418	0.4090	0.3645	0.1711	0.8387	0.1324	0.6755	34.2500	0.2707	346.0000	104.0000	0.3006	351.0000
419	0.3037	0.3667	0.1902	0.8493	0.1341	0.6150	34.6250	0.3155	356.0000	119.0000	0.3343	363.0000
420	0.3294	0.3634	0.1734	0.8479	0.1250	0.6066	34.1250	0.3235	330.0000	110.0000	0.3333	338.0000
421	0.3459	0.3562	0.1770	0.8423	0.1252	0.6224	34.1250	0.3184	344.0000	111.0000	0.3227	349.0000
422	0.3760	0.3656	0.1773	0.8499	0.1351	0.6450	34.7500	0.2745	391.0000	111.0000	0.2839	398.0000
423	0.3739	0.3678	0.1648	0.8517	0.1283	0.6111	34.2500	0.2989	367.0000	113.0000	0.3079	375.0000
424	0.3777	0.3683	0.1834	0.8344	0.1353	0.6428	34.1250	0.2862	355.0000	112.0000	0.3155	360.0000
425	0.4008	0.3694	0.1851	0.8227	0.1372	0.6580	33.8750	0.2645	360.0000	116.0000	0.3222	370.0000
426	0.3573	0.3755	0.1774	0.8709	0.1314	0.6213	33.8750	0.3024	335.0000	104.0000	0.3104	345.0000
427	0.3296	0.3733	0.1839	0.8432	0.1327	0.6409	34.3750	0.2760	363.0000	106.0000	0.2920	369.0000
428	0.3330	0.3650	0.1490	0.8493	0.1244	0.6092	33.1250	0.3137	313.0000	108.0000	0.3450	320.0000
429	0.3403	0.3689	0.1677	0.8361	0.1257	0.6090	34.3750	0.3219	354.0000	117.0000	0.3305	364.0000
430	0.3516	0.3700	0.1686	0.8471	0.1287	0.6515	34.5000	0.2858	356.0000	107.0000	0.3006	358.0000
431	0.3886	0.3568	0.1740	0.8728	0.1348	0.6709	34.5000	0.2766	338.0000	104.0000	0.3077	344.0000
432	0.3447	0.3661	0.1734	0.8583	0.1382	0.6591	34.6250	0.2852	333.0000	103.0000	0.3093	338.0000
433	0.3187	0.3716	0.1732	0.8484	0.1247	0.6354	34.1250	0.3072	346.0000	112.0000	0.3237	351.0000
434	0.3158	0.3645	0.1675	0.8508	0.1310	0.6333	34.2500	0.3027	356.0000	105.0000	0.2949	358.0000
435	0.3553	0.3518	0.1688	0.8593	0.1174	0.6105	34.2500	0.3397	310.0000	103.0000	0.3323	316.0000
436	0.3518	0.3683	0.1770	0.8458	0.1357	0.6495	34.5000	0.2682	364.0000	103.0000	0.2830	373.0000
437	0.3562	0.3694	0.1958	0.8301	0.1449	0.6426	34.2500	0.2970	406.0000	117.0000	0.2882	415.0000
438	0.3616	0.3683	0.1482	0.8579	0.1086	0.5908	34.5000	0.3677	292.0000	107.0000	0.3664	295.0000
439	0.3902	0.3667	0.2018	0.8388	0.1445	0.6678	33.5000	0.2504	389.0000	108.0000	0.2776	396.0000
440	0.3607	0.3584	0.1497	0.8619	0.1204	0.6102	33.2500	0.3396	314.0000	104.0000	0.3312	323.0000
441	0.3521	0.3694	0.1674	0.8406	0.1259	0.6744	34.3750	0.2744	361.0000	108.0000	0.2992	364.0000
442	0.3848	0.3667	0.1838	0.8561	0.1357	0.6477	33.7500	0.2892	335.0000	98.0000	0.2925	342.0000
443	0.3575	0.3711	0.1752	0.8235	0.1243	0.6657	34.5000	0.2711	357.0000	108.0000	0.3025	364.0000
444	0.3310	0.3447	0.1469	0.8406	0.1179	0.5825	34.2500	0.3374	314.0000	111.0000	0.3535	323.0000
445	0.3565	0.3672	0.1819	0.8551	0.1405	0.6378	34.2500	0.3066	346.0000	108.0000	0.3121	356.0000
446	0.3960	0.3694	0.1779	0.8461	0.1339	0.6452	34.1250	0.2887	329.0000	100.0000	0.3040	334.0000
447	0.3495	0.3612	0.1780	0.8443	0.1329	0.6392	33.7500	0.3051	354.0000	112.0000	0.3164	364.0000
448	0.3720	0.3672	0.2048	0.8292	0.1468	0.6765	34.8750	0.2609	393.0000	112.0000	0.2850	398.0000
449	0.3885	0.3667	0.1765	0.8460	0.1327	0.6462	34.1250	0.2924	358.0000	104.0000	0.2905	363.0000
450	0.3951	0.3639	0.1573	0.8442	0.1136	0.6684	33.7500	0.2863	325.0000	96.0000	0.2954	330.0000
451	0.3793	0.3678	0.1788	0.8276	0.1251	0.6354	34.5000	0.2910	352.0000	111.0000	0.3153	362.0000
452	0.3710	0.3700	0.1686	0.8596	0.1353	0.6614	34.1250	0.2934	335.0000	102.0000	0.3045	344.0000
453	0.3272	0.3639	0.1671	0.8629	0.1220	0.6566	34.0000	0.2836	311.0000	97.0000	0.3119	318.0000
454	0.3871	0.3733	0.1843	0.8036	0.1453	0.6915	34.1250	0.2276	394.0000	115.0000	0.2919	404.0000
455	0.3952	0.3782	0.1689	0.8443	0.1316	0.6646	34.5000	0.2641	346.0000	108.0000	0.3121	351.0000
456	0.3402	0.3628	0.1758	0.8615	0.1304	0.6171	34.3750	0.3179	345.0000	111.0000	0.3217	349.0000
457	0.3327	0.3694	0.1798	0.8731	0.1260	0.6329	33.3750	0.3089	331.0000	103.0000	0.3112	336.0000
458	0.3048	0.3540	0.1552	0.8605	0.1201	0.5874	34.3750	0.3465	306.0000	110.0000	0.3595	315.0000
459	0.3517	0.3612	0.1713	0.8428	0.1404	0.6594	34.7500	0.2659	342.0000	104.0000	0.3041	349.0000
460	0.3873	0.3716	0.1838	0.8379	0.1335	0.6814	34.0000	0.2630	360.0000	107.0000	0.2972	369.0000
461	0.3625	0.3639	0.1944	0.8415	0.1377	0.6420	34.3750	0.3039	358.0000	114.0000	0.3184	366.0000
462	0.3415	0.3733	0.1651	0.8373	0.1268	0.6370	34.0000	0.2958	340.0000	107.0000	0.3147	350.0000
463	0.3720	0.3711	0.1725	0.8188	0.1304	0.6446	34.7500	0.2723	355.0000	113.0000	0.3183	359.0000
464	0.3492	0.3689	0.1728	0.8503	0.1215	0.6417	34.2500	0.2905	353.0000	112.0000	0.3173	361.0000
465	0.3316	0.3628	0.1576	0.8550	0.1212	0.6398	34.5000	0.2903	317.0000	97.0000	0.3060	325.0000
466	0.4031	0.3694	0.1791	0.8531	0.1255	0.6523	34.3750	0.2785	358.0000	109.0000	0.3045	366.0000
467	0.3519	0.3590	0.1622	0.8627	0.1228	0.5956	34.0000	0.3280	321.0000	109.0000	0.3396	324.0000
468	0.3475	0.3705	0.1770	0.8424	0.1306	0.6222	33.8750	0.3078	344.0000	105.0000	0.3052	348.0000
469	0.3686	0.3716	0.1773	0.8337	0.1372	0.6648	34.2500	0.2790	342.0000	105.0000	0.3070	349.0000
470	0.3843	0.3705	0.1955	0.8457	0.1348	0.6777	34.5000	0.2639	370.0000	113.0000	0.3054	379.0000
471	0.3972	0.3678	0.1909	0.8187	0.1482	0.6491	33.6250	0.2748	389.0000	114.0000	0.2931	393.0000
472	0.3651	0.3623	0.1648	0.8579	0.1280	0.6628	34.5000	0.2829	321.0000	103.0000	0.3209	328.0000
473	0.4063	0.3727	0.1797	0.8597	0.1360	0.6645	34.8750	0.2795	334.0000	95.0000	0.2844	343.0000
474	0.3092	0.3661	0.1758	0.8323	0.1364	0.6295	34.6250	0.3137	361.0000	107.0000	0.2964	371.0000
475	0.3647	0.3606	0.1551	0.8742	0.1124	0.6397	35.0000	0.3092	307.0000	100.0000	0.3257	317.0000
476	0.3646	0.3694	0.1728	0.8395	0.1320	0.6497	34.1250	0.3073	363.0000	118.0000	0.3251	367.0000
477	0.3665	0.3722	0.1799	0.8520	0.1355	0.6463	34.2500	0.2802	362.0000	110.0000	0.3039	366.0000
478	0.4031	0.3683	0.1858	0.8160	0.1317	0.6356	34.6250	0.2905	399.0000	128.0000	0.3208	401.0000
479	0.3824	0.3694	0.1841	0.8439	0.1341	0.6493	34.3750	0.2647	357.0000	102.0000	0.2857	366.0000
480	0.3456	0.3656	0.1705	0.8591	0.1334	0.6335	34.5000	0.3193	347.0000	107.0000	0.3084	349.0000
481	0.3568	0.3590	0.1684	0.8477	0.1268	0.6332	33.7500	0.2944	364.0000	115.0000	0.3159	370.0000
482	0.3379	0.3672	0.1663	0.8528	0.1357	0.6220	34.3750	0.3196	314.0000	99.0000	0.3153	319.0000
483	0.3384	0.3623	0.1607	0.8411	0.1165	0.6000	34.1250	0.3491	317.0000	109.0000	0.3438	325.0000
484	0.3542	0.3749	0.1787	0.8168	0.1299	0.6355	34.2500	0.2965	364.0000	109.0000	0.2995	366.0000
485	0.3597	0.3601	0.1617	0.8553	0.1291	0.6607	34.0000	0.2458	325.0000	97.0000	0.2985	327.0000
486	0.4113	0.3656	0.1704	0.8475	0.1274	0.6833	33.7500	0.2440	336.0000	100.0000	0.2976	341.0000
487	0.3711	0.3645	0.1884	0.8370	0.1404	0.6781	33.8750	0.2369	357.0000	107.0000	0.2997	362.0000
488	0.3849	0.3705	0.1796	0.8454	0.1366	0.6655	33.6250	0.2693	345.0000	105.0000	0.3043	348.0000
489	0.4125	0.3744	0.1756	0.8270	0.1283	0.6630	34.8750	0.2550	352.0000	109.0000	0.3097	360.0000
490	0.3423	0.3700	0.1768	0.8547	0.1207	0.6388	34.8750	0.2812	351.0000	116.0000	0.3305	358.0000
491	0.3506	0.3694	0.1815	0.8195	0.1365	0.6207	34.1250	0.2989	367.0000	118.0000	0.3215	373.0000
492	0.3908	0.3672	0.1860	0.8347	0.1308	0.6715	34.5000	0.2662	345.0000	108.0000	0.3130	353.0000
493	0.3178	0.3760	0.1764	0.8271	0.1326	0.6035	34.7500	0.3302	371.0000	118.0000	0.3181	374.0000
494	0.3797	0.3727	0.1638	0.8251	0.1239	0.5989	34.2500	0.3080	323.0000	109.0000	0.3375	329.0000
495	0.3469	0.3661	0.1822	0.8357	0.1282	0.6216	34.3750	0.3187	347.0000	114.0000	0.3285	349.0000
496	0.3676	0.3694	0.1916	0.8698	0.1383	0.6562	33.8750	0.2781	371.0000	113.0000	0.3046	374.0000
497	0.3430	0.3634	0.1725	0.8516	0.1332	0.6428	34.3750	0.2970	342.0000	104.0000	0.3041	350.0000
498	0.3318	0.3645	0.1887	0.8443	0.1285	0.6289	34.5000	0.2884	343.0000	110.0000	0.3207	353.0000
499	0.3453	0.3623	0.1503	0.8441	0.1176	0.6492	34.8750	0.2853	326.0000	102.0000	0.3129	328.0000
500	0.3251	0.3656	0.1502	0.8395	0.1179	0.6178	34.5000	0.3215	314.0000	104.0000	0.3312	322.0000
501	0.3657	0.3667	0.1626	0.8443	0.1294	0.6380	33.7500	0.2801	324.0000	111.0000	0.3426	333.0000
502	0.3697	0.3793	0.1723	0.8294	0.1371	0.6484	34.6250	0.2725	369.0000	108.0000	0.2927	378.0000
503	0.3476	0.3683	0.1828	0.8294	0.1346	0.6719	34.1250	0.2698	355.0000	103.0000	0.2901	363.0000
504	0.4218	0.3634	0.1751	0.8435	0.1264	0.6648	34.1250	0.2709	335.0000	103.0000	0.3075	341.0000
505	0.3917	0.3656	0.1739	0.8508	0.1277	0.6448	33.6250	0.2935	323.0000	99.0000	0.3065	329.0000
506	0.3488	0.3540	0.1522	0.8488	0.1144	0.6056	34.2500	0.3187	298.0000	100.0000	0.3356	302.0000
507	0.3081	0.3700	0.1575	0.8596	0.1174	0.6148	34.3750	0.3218	316.0000	103.0000	0.3259	322.0000
508	0.3745	0.3683	0.1592	0.8530	0.1259	0.6303	34.5000	0.2958	342.0000	110.0000	0.3216	351.0000
509	0.3816	0.3689	0.1897	0.8589	0.1420	0.6568	34.0000	0.2777	358.0000	105.0000	0.2933	364.0000
510	0.3450	0.3546	0.1624	0.8352	0.1279	0.6300	33.7500	0.3125	344.0000	107.0000	0.3110	357.0000
511	0.3364	0.3650	0.1672	0.8445	0.1264	0.6374	33.7500	0.2960	330.0000	105.0000	0.3182	336.0000
512	0.3677	0.3722	0.1783	0.8491	0.1289	0.6784	34.1250	0.2539	360.0000	106.0000	0.2944	365.0000
513	0.3939	0.3738	0.1834	0.8181	0.1336	0.6714	34.2500	0.2555	353.0000	112.0000	0.3173	359.0000
514	0.3508	0.3727	0.1955	0.8196	0.1462	0.6735	34.2500	0.2519	410.0000	118.0000	0.2878	416.0000
515	0.3797	0.3590	0.1686	0.8400	0.1295	0.6171	33.8750	0.3285	337.0000	107.0000	0.3175	340.0000
516	0.3386	0.3683	0.1788	0.8330	0.1242	0.6485	34.0000	0.2883	362.0000	110.0000	0.3039	374.0000
517	0.3708	0.3656	0.1588	0.8517	0.1162	0.6363	34.3750	0.2978	303.0000	103.0000	0.3399	309.0000
518	0.3774	0.3672	0.1554	0.8502	0.1253	0.6531	34.3750	0.2904	329.0000	101.0000	0.3070	337.0000
519	0.3737	0.3678	0.1748	0.8436	0.1288	0.6672	34.3750	0.2940	339.0000	103.0000	0.3038	346.0000
520	0.3882	0.3722	0.1691	0.8441	0.1308	0.6287	34.0000	0.3062	345.0000	114.0000	0.3304	347.0000
521	0.3845	0.3777	0.1764	0.8423	0.1306	0.6418	34.5000	0.2691	365.0000	117.0000	0.3205	374.0000
522	0.3732	0.3766	0.1779	0.8254	0.1361	0.6772	34.1250	0.2600	356.0000	108.0000	0.3034	361.0000
523	0.3536	0.3595	0.1801	0.8529	0.1338	0.6254	33.6250	0.3146	347.0000	111.0000	0.3199	352.0000
524	0.3947	0.3639	0.1716	0.8528	0.1291	0.6591	33.8750	0.2833	347.0000	105.0000	0.3026	353.0000
525	0.3344	0.3782	0.1759	0.8373	0.1314	0.6165	33.3750	0.3201	374.0000	114.0000	0.3048	379.0000
526	0.3569	0.3661	0.1680	0.8537	0.1277	0.6286	34.3750	0.3096	326.0000	109.0000	0.3344	332.0000
527	0.3761	0.3689	0.1758	0.8297	0.1288	0.6370	33.7500	0.2837	360.0000	119.0000	0.3306	366.0000
528	0.3565	0.3667	0.1726	0.8426	0.1252	0.6390	33.7500	0.3004	339.0000	110.0000	0.3245	351.0000
529	0.3670	0.3799	0.1805	0.8383	0.1325	0.6651	34.2500	0.2561	342.0000	108.0000	0.3158	348.0000
530	0.4011	0.3771	0.1874	0.8385	0.1392	0.6265	34.1250	0.2766	369.0000	111.0000	0.3008	371.0000
531	0.3082	0.3755	0.1851	0.8581	0.1363	0.5878	34.1250	0.3586	340.0000	122.0000	0.3588	344.0000
532	0.3057	0.3672	0.1731	0.8594	0.1256	0.6239	34.1250	0.3269	340.0000	114.0000	0.3353	343.0000
533	0.3992	0.3766	0.1609	0.8384	0.1225	0.6434	34.5000	0.2974	309.0000	100.0000	0.3236	314.0000
534	0.3103	0.3639	0.1709	0.8402	0.1275	0.6412	34.7500	0.3002	351.0000	113.0000	0.3219	360.0000
535	0.3475	0.3584	0.1533	0.8664	0.1213	0.5956	33.7500	0.3678	317.0000	107.0000	0.3375	323.0000
536	0.3508	0.3612	0.1758	0.8556	0.1321	0.6363	33.6250	0.2994	335.0000	100.0000	0.2985	340.0000
537	0.3715	0.3623	0.1555	0.8764	0.1177	0.6681	34.1250	0.2797	327.0000	93.0000	0.2844	330.0000
538	0.3621	0.3711	0.1784	0.8482	0.1312	0.6232	34.5000	0.2830	359.0000	112.0000	0.3120	367.0000
539	0.3744	0.3749	0.1751	0.8291	0.1339	0.6900	34.1250	0.2253	350.0000	101.0000	0.2886	356.0000
540	0.3867	0.3722	0.1891	0.8612	0.1392	0.6789	34.5000	0.2564	353.0000	106.0000	0.3003	366.0000
541	0.3436	0.3645	0.1763	0.8503	0.1320	0.6252	34.0000	0.2941	334.0000	109.0000	0.3263	337.0000
542	0.3850	0.3694	0.1781	0.8381	0.1430	0.6585	34.2500	0.2679	370.0000	110.0000	0.2973	377.0000
543	0.3315	0.3617	0.1561	0.8377	0.1122	0.5669	34.5000	0.3722	301.0000	108.0000	0.3588	305.0000
544	0.3433	0.3678	0.1716	0.8401	0.1283	0.6285	34.1250	0.2987	361.0000	111.0000	0.3075	370.0000
545	0.3843	0.3716	0.1862	0.8380	0.1377	0.6563	34.1250	0.2854	369.0000	109.0000	0.2954	377.0000
546	0.3867	0.3617	0.1709	0.8282	0.1252	0.6427	34.6250	0.2820	348.0000	111.0000	0.3190	355.0000
547	0.3064	0.3689	0.1784	0.8478	0.1352	0.6305	34.1250	0.2998	350.0000	111.0000	0.3171	354.0000
548	0.3719	0.3656	0.1666	0.8346	0.1272	0.6398	34.6250	0.2822	339.0000	104.0000	0.3068	343.0000
549	0.3917	0.3749	0.1759	0.8445	0.1261	0.6011	34.6250	0.3240	344.0000	114.0000	0.3314	349.0000
550	0.3727	0.3650	0.1626	0.8557	0.1213	0.6074	34.7500	0.3251	336.0000	110.0000	0.3274	342.0000
551	0.3887	0.3700	0.1765	0.8504	0.1329	0.6344	33.7500	0.2905	375.0000	114.0000	0.3040	380.0000
552	0.3353	0.3656	0.1676	0.8620	0.1243	0.6192	34.3750	0.3322	327.0000	103.0000	0.3150	333.0000
553	0.4289	0.3766	0.1838	0.8249	0.1351	0.7080	34.1250	0.2254	375.0000	105.0000	0.2800	380.0000
554	0.3190	0.3650	0.1671	0.8507	0.1247	0.6130	34.1250	0.3460	339.0000	103.0000	0.3038	343.0000
555	0.3699	0.3628	0.1802	0.8422	0.1314	0.6660	33.6250	0.2703	347.0000	105.0000	0.3026	353.0000
556	0.3908	0.3650	0.1522	0.8757	0.1113	0.5912	33.7500	0.3298	299.0000	106.0000	0.3545	301.0000
557	0.3492	0.3700	0.1478	0.8701	0.1115	0.6131	34.8750	0.3340	296.0000	99.0000	0.3345	303.0000
558	0.3383	0.3744	0.1744	0.8306	0.1294	0.6718	34.3750	0.2587	359.0000	100.0000	0.2786	367.0000
559	0.3585	0.3705	0.1774	0.8461	0.1298	0.6204	34.5000	0.2989	353.0000	120.0000	0.3399	358.0000
560	0.3816	0.3656	0.1760	0.8480	0.1312	0.6607	34.6250	0.2719	360.0000	105.0000	0.2917	366.0000
561	0.3362	0.3573	0.1718	0.8395	0.1243	0.6538	34.5000	0.2794	333.0000	101.0000	0.3033	340.0000
562	0.3282	0.3584	0.1767	0.8516	0.1277	0.6408	34.2500	0.3104	350.0000	111.0000	0.3171	359.0000
563	0.3538	0.3623	0.1783	0.8401	0.1323	0.6480	33.7500	0.2957	346.0000	110.0000	0.3179	352.0000
564	0.3217	0.3694	0.1642	0.8353	0.1251	0.6208	33.7500	0.3139	346.0000	113.0000	0.3266	351.0000
565	0.3275	0.3628	0.1589	0.8381	0.1227	0.6078	33.7500	0.3256	333.0000	105.0000	0.3153	341.0000
566	0.4102	0.3628	0.1843	0.8608	0.1403	0.6552	34.3750	0.2754	374.0000	106.0000	0.2834	383.0000
567	0.3945	0.3694	0.1846	0.8429	0.1332	0.6892	34.2500	0.2661	382.0000	106.0000	0.2775	388.0000
568	0.3550	0.3716	0.1867	0.8411	0.1352	0.6401	33.8750	0.2694	370.0000	119.0000	0.3216	379.0000
569	0.3608	0.3650	0.1763	0.8475	0.1336	0.6564	34.2500	0.2946	351.0000	107.0000	0.3048	353.0000
570	0.3630	0.3557	0.1605	0.8487	0.1283	0.6689	33.7500	0.2522	334.0000	96.0000	0.2874	339.0000
571	0.3795	0.3612	0.1664	0.8656	0.1269	0.6620	34.2500	0.2724	327.0000	96.0000	0.2936	329.0000
572	0.3636	0.3573	0.1668	0.8525	0.1273	0.6648	34.1250	0.2625	331.0000	107.0000	0.3233	340.0000
573	0.3759	0.3727	0.1803	0.8324	0.1352	0.6306	34.0000	0.2772	357.0000	116.0000	0.3249	364.0000
574	0.3676	0.3716	0.1713	0.8500	0.1235	0.6273	34.3750	0.3036	339.0000	112.0000	0.3304	347.0000
575	0.3634	0.3760	0.1882	0.8315	0.1383	0.6579	33.7500	0.2517	356.0000	111.0000	0.3118	360.0000
576	0.3540	0.3617	0.1703	0.8610	0.1212	0.6276	34.1250	0.3233	322.0000	106.0000	0.3292	325.0000
577	0.3806	0.3645	0.1790	0.8471	0.1362	0.6649	34.7500	0.2697	361.0000	105.0000	0.2909	367.0000
578	0.3344	0.3617	0.1688	0.8435	0.1254	0.6329	34.5000	0.3062	341.0000	104.0000	0.3050	346.0000
579	0.4507	0.3733	0.1920	0.8495	0.1452	0.7053	34.1250	0.2275	366.0000	100.0000	0.2732	373.0000
580	0.3356	0.3683	0.1659	0.8260	0.1292	0.6498	34.1250	0.2684	363.0000	106.0000	0.2920	374.0000
581	0.3808	0.3667	0.1876	0.8369	0.1319	0.6366	33.6250	0.3031	358.0000	118.0000	0.3296	364.0000
582	0.3731	0.3716	0.1731	0.8364	0.1272	0.6440	34.1250	0.3006	327.0000	106.0000	0.3242	332.0000
583	0.4045	0.3716	0.1722	0.8220	0.1311	0.6453	34.3750	0.2498	358.0000	114.0000	0.3184	365.0000
584	0.3629	0.3612	0.1683	0.8629	0.1271	0.6295	33.6250	0.3220	310.0000	101.0000	0.3258	316.0000
585	0.3496	0.3595	0.1628	0.8274	0.1322	0.6384	33.6250	0.2931	340.0000	108.0000	0.3176	349.0000
586	0.3915	0.3656	0.1933	0.8365	0.1381	0.6257	33.6250	0.3028	357.0000	122.0000	0.3417	366.0000
587	0.3900	0.3628	0.1679	0.8412	0.1221	0.6205	34.7500	0.3131	327.0000	105.0000	0.3211	335.0000
588	0.3583	0.3667	0.1725	0.8530	0.1320	0.6363	33.7500	0.2912	331.0000	104.0000	0.3142	334.0000
589	0.3769	0.3672	0.1902	0.8394	0.1323	0.6352	34.0000	0.2890	379.0000	117.0000	0.3087	387.0000
590	0.3285	0.3672	0.1606	0.8710	0.1190	0.6224	34.1250	0.3095	306.0000	98.0000	0.3203	311.0000
591	0.3911	0.3700	0.1836	0.8590	0.1384	0.6821	34.2500	0.2586	370.0000	101.0000	0.2730	372.0000
592	0.3535	0.3755	0.1760	0.8472	0.1263	0.6557	34.1250	0.2641	338.0000	105.0000	0.3107	344.0000
593	0.3736	0.3579	0.1594	0.8536	0.1227	0.6284	33.8750	0.2950	299.0000	101.0000	0.3378	306.0000
594	0.3704	0.3711	0.1834	0.8333	0.1478	0.6420	34.3750	0.2876	387.0000	114.0000	0.2946	396.0000
595	0.3890	0.3722	0.1653	0.8471	0.1271	0.6488	34.2500	0.2565	336.0000	104.0000	0.3095	340.0000
596	0.3851	0.3738	0.1728	0.8364	0.1391	0.6753	34.0000	0.2404	351.0000	108.0000	0.3077	355.0000
597	0.3865	0.3804	0.1836	0.7995	0.1383	0.6595	34.2500	0.2579	371.0000	116.0000	0.3127	373.0000
598	0.3696	0.3562	0.1598	0.8332	0.1168	0.6449	33.6250	0.2806	312.0000	100.0000	0.3205	320.0000
599	0.4174	0.3716	0.1767	0.8519	0.1300	0.6668	33.8750	0.2490	335.0000	104.0000	0.3104	339.0000
600	0.3951	0.3694	0.1850	0.8394	0.1377	0.6434	34.0000	0.2675	356.0000	113.0000	0.3174	362.0000
601	0.3138	0.3639	0.1584	0.8355	0.1150	0.5827	34.2500	0.3357	323.0000	115.0000	0.3560	332.0000
602	0.3706	0.3656	0.1779	0.8293	0.1378	0.6587	34.5000	0.2733	362.0000	105.0000	0.2901	367.0000
603	0.3952	0.3634	0.1791	0.8507	0.1334	0.6553	34.3750	0.2786	362.0000	108.0000	0.2983	365.0000
604	0.3584	0.3667	0.1753	0.8536	0.1358	0.6213	34.2500	0.3208	364.0000	110.0000	0.3022	370.0000
605	0.3422	0.3683	0.1815	0.8480	0.1323	0.6791	34.3750	0.2476	343.0000	103.0000	0.3003	349.0000
606	0.3405	0.3683	0.1804	0.8461	0.1330	0.6526	34.1250	0.2978	351.0000	102.0000	0.2906	362.0000
607	0.3756	0.3661	0.1763	0.8744	0.1291	0.6534	34.2500	0.2753	328.0000	101.0000	0.3079	330.0000
608	0.3693	0.3667	0.1777	0.8362	0.1260	0.6530	34.5000	0.2681	337.0000	104.0000	0.3086	344.0000
609	0.3116	0.3689	0.1503	0.8584	0.1129	0.5777	33.6250	0.3580	307.0000	105.0000	0.3420	310.0000
610	0.3802	0.3672	0.1691	0.8549	0.1339	0.6216	34.3750	0.3044	354.0000	110.0000	0.3107	360.0000
611	0.3745	0.3623	0.1873	0.8248	0.1449	0.6656	33.7500	0.2562	388.0000	115.0000	0.2964	397.0000
612	0.3452	0.3678	0.1822	0.8448	0.1376	0.6790	34.5000	0.2581	362.0000	106.0000	0.2928	367.0000
613	0.3754	0.3678	0.1683	0.8614	0.1224	0.6216	34.7500	0.3174	346.0000	115.0000	0.3324	353.0000
614	0.3568	0.3766	0.1821	0.8320	0.1381	0.6538	34.5000	0.2961	360.0000	106.0000	0.2944	362.0000
615	0.4093	0.3623	0.1547	0.8559	0.1144	0.6536	33.8750	0.2837	305.0000	98.0000	0.3213	308.0000
616	0.4172	0.3788	0.1775	0.8633	0.1380	0.6804	33.8750	0.2600	348.0000	102.0000	0.2931	350.0000
617	0.3460	0.3683	0.1614	0.8359	0.1267	0.6425	35.3750	0.2944	341.0000	105.0000	0.3079	351.0000
618	0.3649	0.3689	0.1744	0.8449	0.1315	0.6330	34.6250	0.2993	350.0000	115.0000	0.3286	360.0000
619	0.3826	0.3694	0.1798	0.8461	0.1380	0.6771	34.3750	0.2486	347.0000	101.0000	0.2911	352.0000
620	0.3257	0.3650	0.1495	0.8470	0.1139	0.6075	34.0000	0.3111	300.0000	106.0000	0.3533	310.0000
621	0.4324	0.3623	0.1755	0.8517	0.1302	0.6943	34.1250	0.2392	357.0000	90.0000	0.2521	365.0000
622	0.3383	0.3579	0.1663	0.8558	0.1308	0.6319	33.8750	0.2989	336.0000	105.0000	0.3125	342.0000
623	0.3580	0.3727	0.1796	0.8106	0.1341	0.6648	34.7500	0.2817	384.0000	116.0000	0.3021	388.0000
624	0.3300	0.3639	0.1706	0.8506	0.1259	0.6137	34.2500	0.3325	336.0000	105.0000	0.3125	338.0000
625	0.3867	0.3650	0.1860	0.8411	0.1372	0.6699	33.3750	0.2800	362.0000	105.0000	0.2901	370.0000
626	0.3725	0.3678	0.1788	0.8531	0.1392	0.6617	33.7500	0.2878	366.0000	106.0000	0.2896	373.0000
627	0.3168	0.3606	0.1636	0.8599	0.1160	0.6080	34.0000	0.3503	296.0000	109.0000	0.3682	300.0000
628	0.4149	0.3573	0.1606	0.8469	0.1212	0.6579	33.7500	0.2685	322.0000	104.0000	0.3230	328.0000
629	0.3423	0.3650	0.1696	0.8231	0.1240	0.6237	34.7500	0.3020	340.0000	110.0000	0.3235	345.0000
630	0.3487	0.3656	0.1796	0.8379	0.1389	0.6662	34.3750	0.2588	364.0000	108.0000	0.2967	373.0000
631	0.3450	0.3634	0.1745	0.8641	0.1270	0.6439	33.7500	0.2888	318.0000	97.0000	0.3050	324.0000
632	0.3751	0.3650	0.1791	0.8283	0.1290	0.6255	34.3750	0.2974	347.0000	115.0000	0.3314	349.0000
633	0.3717	0.3650	0.1766	0.8421	0.1300	0.6416	34.6250	0.2790	368.0000	114.0000	0.3098	375.0000
634	0.3576	0.3683	0.1776	0.8345	0.1287	0.6294	34.5000	0.3153	336.0000	112.0000	0.3333	343.0000
635	0.3305	0.3579	0.1597	0.8347	0.1260	0.6528	33.7500	0.2914	338.0000	106.0000	0.3136	344.0000
636	0.3778	0.3711	0.1731	0.8249	0.1297	0.6424	34.7500	0.2820	355.0000	115.0000	0.3239	359.0000
637	0.4009	0.3617	0.1556	0.8568	0.1224	0.6799	34.2500	0.2520	326.0000	96.0000	0.2945	330.0000
638	0.3565	0.3639	0.1743	0.8413	0.1319	0.6363	34.7500	0.2813	349.0000	114.0000	0.3266	356.0000
639	0.3936	0.3722	0.1955	0.8387	0.1442	0.6505	34.0000	0.2710	399.0000	116.0000	0.2907	405.0000
640	0.3596	0.3612	0.1761	0.8566	0.1310	0.6552	34.2500	0.2892	359.0000	109.0000	0.3036	361.0000
641	0.3449	0.3645	0.1715	0.8378	0.1325	0.6292	34.3750	0.3097	357.0000	112.0000	0.3137	359.0000
642	0.3598	0.3694	0.1667	0.8534	0.1153	0.6493	34.6250	0.2852	314.0000	105.0000	0.3344	320.0000
643	0.3347	0.3601	0.1640	0.8516	0.1272	0.6142	34.7500	0.3168	338.0000	111.0000	0.3284	340.0000
644	0.4122	0.3645	0.1759	0.8475	0.1317	0.6632	34.2500	0.2804	359.0000	108.0000	0.3008	371.0000
645	0.4175	0.3661	0.1694	0.8243	0.1360	0.6428	35.0000	0.2877	377.0000	117.0000	0.3103	381.0000
646	0.3373	0.3683	0.1820	0.8131	0.1323	0.6316	34.0000	0.2918	378.0000	122.0000	0.3228	388.0000
647	0.3869	0.3716	0.1753	0.8458	0.1290	0.6984	34.1250	0.2408	323.0000	98.0000	0.3034	329.0000
648	0.3777	0.3645	0.1663	0.8458	0.1239	0.6464	34.5000	0.2832	320.0000	107.0000	0.3344	328.0000
649	0.3954	0.3573	0.1544	0.8503	0.1250	0.5999	34.1250	0.3252	309.0000	106.0000	0.3430	313.0000
650	0.3207	0.3650	0.1817	0.8375	0.1357	0.6653	33.6250	0.2738	361.0000	109.0000	0.3019	371.0000
651	0.3611	0.3623	0.1811	0.8586	0.1298	0.6625	33.5000	0.2878	325.0000	102.0000	0.3138	328.0000
652	0.3990	0.3546	0.1672	0.8605	0.1305	0.6390	34.7500	0.2806	338.0000	111.0000	0.3284	344.0000
653	0.3555	0.3656	0.1785	0.8426	0.1379	0.6539	33.3750	0.2646	374.0000	107.0000	0.2861	381.0000
654	0.3314	0.3716	0.1742	0.8624	0.1258	0.6128	34.3750	0.3366	341.0000	110.0000	0.3226	349.0000
655	0.3315	0.3639	0.1680	0.8461	0.1232	0.6083	34.5000	0.3258	335.0000	114.0000	0.3403	340.0000
656	0.3384	0.3656	0.1642	0.8574	0.1216	0.6295	34.1250	0.3181	348.0000	108.0000	0.3103	357.0000
657	0.3699	0.3628	0.1834	0.8393	0.1311	0.6427	34.2500	0.2830	369.0000	115.0000	0.3117	371.0000
658	0.3545	0.3645	0.1594	0.8601	0.1251	0.6152	34.3750	0.3220	315.0000	101.0000	0.3206	321.0000
659	0.3665	0.3711	0.1927	0.8317	0.1399	0.6397	35.1250	0.2923	371.0000	114.0000	0.3073	377.0000
660	0.3897	0.3650	0.1654	0.8770	0.1305	0.6703	34.2500	0.2642	337.0000	102.0000	0.3027	342.0000
661	0.3758	0.3645	0.1869	0.8727	0.1369	0.6736	34.1250	0.2659	368.0000	103.0000	0.2799	374.0000
662	0.3546	0.3705	0.1920	0.8319	0.1314	0.6429	34.1250	0.2928	358.0000	113.0000	0.3156	367.0000
663	0.3585	0.3634	0.1742	0.8591	0.1257	0.6411	34.6250	0.2991	325.0000	106.0000	0.3262	333.0000
664	0.3482	0.3744	0.1746	0.8449	0.1200	0.6537	34.0000	0.2788	349.0000	109.0000	0.3123	358.0000
665	0.3921	0.3694	0.1745	0.8477	0.1330	0.6302	34.0000	0.2822	355.0000	107.0000	0.3014	362.0000
666	0.3917	0.3711	0.1621	0.8447	0.1238	0.6355	34.6250	0.2760	314.0000	110.0000	0.3503	324.0000
667	0.3231	0.3650	0.1828	0.8311	0.1330	0.6148	33.8750	0.3142	353.0000	115.0000	0.3258	359.0000
668	0.3686	0.3733	0.1626	0.8705	0.1264	0.6313	34.3750	0.3285	330.0000	103.0000	0.3121	335.0000
669	0.3586	0.3760	0.1870	0.8327	0.1298	0.6181	34.3750	0.3125	338.0000	113.0000	0.3343	344.0000
670	0.3833	0.3634	0.1830	0.8430	0.1368	0.6425	34.0000	0.2797	352.0000	110.0000	0.3125	361.0000
671	0.3800	0.3518	0.1557	0.8542	0.1171	0.6237	33.8750	0.3190	302.0000	101.0000	0.3344	309.0000
672	0.4317	0.3689	0.1715	0.8500	0.1292	0.6525	34.1250	0.2775	333.0000	103.0000	0.3093	337.0000
673	0.3276	0.3617	0.1504	0.8758	0.1167	0.6124	34.3750	0.3235	314.0000	100.0000	0.3185	319.0000
674	0.3481	0.3546	0.1668	0.8530	0.1215	0.6365	34.2500	0.3166	318.0000	108.0000	0.3396	325.0000
675	0.3196	0.3623	0.1582	0.8671	0.1229	0.6239	34.0000	0.3154	328.0000	105.0000	0.3201	332.0000
676	0.3281	0.3678	0.1681	0.8665	0.1319	0.6599	34.1250	0.2821	359.0000	105.0000	0.2925	362.0000
677	0.3639	0.3683	0.1722	0.8448	0.1305	0.6203	33.6250	0.2914	352.0000	110.0000	0.3125	354.0000
678	0.3485	0.3650	0.1905	0.8316	0.1356	0.6407	33.8750	0.2816	370.0000	118.0000	0.3189	373.0000
679	0.3885	0.3661	0.1700	0.8627	0.1213	0.6591	34.0000	0.2966	322.0000	100.0000	0.3106	325.0000
680	0.3674	0.3639	0.1723	0.8459	0.1223	0.6402	33.8750	0.2804	335.0000	111.0000	0.3313	343.0000
681	0.3815	0.3727	0.1880	0.8420	0.1377	0.6730	34.6250	0.2590	376.0000	112.0000	0.2979	382.0000
682	0.4216	0.3678	0.1764	0.8516	0.1298	0.6662	34.3750	0.2810	358.0000	100.0000	0.2793	365.0000
683	0.3939	0.3568	0.1609	0.8626	0.1276	0.6341	33.6250	0.3043	334.0000	99.0000	0.2964	341.0000
684	0.3563	0.3678	0.1737	0.8330	0.1327	0.6160	34.6250	0.3078	358.0000	118.0000	0.3296	361.0000
685	0.3479	0.3722	0.1643	0.8593	0.1245	0.6249	33.8750	0.3083	318.0000	100.0000	0.3145	323.0000
686	0.3604	0.3694	0.1769	0.8544	0.1388	0.6562	33.8750	0.2817	362.0000	104.0000	0.2873	370.0000
687	0.3500	0.3683	0.1763	0.8400	0.1320	0.6284	33.3750	0.2855	353.0000	106.0000	0.3003	361.0000
688	0.3876	0.3623	0.1913	0.8721	0.1441	0.6786	34.7500	0.2691	366.0000	107.0000	0.2923	370.0000
689	0.3531	0.3634	0.1760	0.8621	0.1293	0.6676	34.1250	0.2773	358.0000	103.0000	0.2877	364.0000
690	0.3776	0.3601	0.1605	0.8516	0.1282	0.6565	34.3750	0.2762	339.0000	102.0000	0.3009	349.0000
691	0.3613	0.3689	0.1580	0.8710	0.1185	0.5793	34.2500	0.3411	311.0000	102.0000	0.3280	313.0000
692	0.3584	0.3535	0.1587	0.8642	0.1233	0.6433	34.0000	0.2953	321.0000	99.0000	0.3084	327.0000
693	0.3276	0.3656	0.1767	0.8465	0.1347	0.6324	33.6250	0.2970	363.0000	109.0000	0.3003	366.0000
694	0.4126	0.3700	0.1891	0.8243	0.1417	0.6852	34.5000	0.2402	372.0000	109.0000	0.2930	381.0000
695	0.3389	0.3590	0.1676	0.8569	0.1269	0.6255	34.2500	0.3297	346.0000	107.0000	0.3092	351.0000
696	0.4468	0.3678	0.1636	0.8652	0.1389	0.6528	34.3750	0.2728	338.0000	101.0000	0.2988	346.0000
697	0.3748	0.3584	0.1552	0.8386	0.1233	0.6482	34.0000	0.2914	346.0000	107.0000	0.3092	348.0000
698	0.3482	0.3645	0.1774	0.8403	0.1354	0.6593	34.6250	0.2731	374.0000	110.0000	0.2941	382.0000
699	0.3460	0.3689	0.1670	0.8511	0.1338	0.6420	34.8750	0.2884	346.0000	105.0000	0.3035	352.0000
700	0.4022	0.3656	0.1757	0.8428	0.1315	0.6570	34.1250	0.2747	369.0000	108.0000	0.2927	374.0000
701	0.3201	0.3584	0.1588	0.8533	0.1308	0.6675	34.0000	0.2928	329.0000	100.0000	0.3040	334.0000
702	0.3757	0.3727	0.1802	0.8170	0.1282	0.6380	34.3750	0.2719	349.0000	110.0000	0.3152	357.0000
703	0.3555	0.3672	0.1646	0.8442	0.1346	0.6113	34.3750	0.3074	371.0000	115.0000	0.3100	379.0000
704	0.3335	0.3694	0.1713	0.8608	0.1272	0.6305	34.5000	0.3091	338.0000	103.0000	0.3047	347.0000
705	0.3730	0.3694	0.1807	0.8474	0.1370	0.6436	34.3750	0.2876	361.0000	113.0000	0.3130	369.0000
706	0.3614	0.3634	0.1680	0.8329	0.1233	0.6216	34.6250	0.3057	328.0000	110.0000	0.3354	332.0000
707	0.3636	0.3595	0.1802	0.8397	0.1321	0.6465	33.8750	0.2732	347.0000	108.0000	0.3112	353.0000
708	0.3170	0.3689	0.1744	0.8488	0.1295	0.6325	33.8750	0.3101	344.0000	106.0000	0.3081	352.0000
709	0.3612	0.3749	0.2058	0.8269	0.1463	0.6758	34.1250	0.2547	386.0000	113.0000	0.2927	394.0000
710	0.3593	0.3573	0.1594	0.8539	0.1135	0.6444	34.6250	0.2878	303.0000	100.0000	0.3300	308.0000
711	0.3987	0.3617	0.1757	0.8335	0.1335	0.6614	34.2500	0.2553	334.0000	107.0000	0.3204	339.0000
712	0.3379	0.3601	0.1622	0.8503	0.1256	0.6403	34.0000	0.3072	323.0000	105.0000	0.3251	331.0000
713	0.3995	0.3722	0.1754	0.8355	0.1265	0.6453	34.2500	0.2895	333.0000	106.0000	0.3183	338.0000
714	0.3916	0.3595	0.1660	0.8706	0.1272	0.6779	34.0000	0.2691	328.0000	96.0000	0.2927	337.0000
715	0.2846	0.3573	0.1578	0.8538	0.1220	0.6041	34.3750	0.3505	319.0000	105.0000	0.3292	327.0000
716	0.3075	0.3650	0.1608	0.8560	0.1184	0.6175	34.0000	0.3032	317.0000	102.0000	0.3218	320.0000
717	0.3721	0.3727	0.1823	0.8078	0.1306	0.6362	34.6250	0.2714	360.0000	120.0000	0.3333	365.0000
718	0.3391	0.3601	0.1736	0.8274	0.1271	0.6646	34.2500	0.2539	344.0000	109.0000	0.3169	348.0000
719	0.3833	0.3689	0.1685	0.8480	0.1290	0.6714	34.3750	0.2712	340.0000	102.0000	0.3000	347.0000
720	0.3496	0.3727	0.1957	0.8474	0.1405	0.6415	34.2500	0.2732	375.0000	114.0000	0.3040	384.0000
721	0.3950	0.3678	0.1817	0.8452	0.1375	0.6600	33.8750	0.2698	367.0000	115.0000	0.3134	372.0000
722	0.3678	0.3788	0.1944	0.8288	0.1409	0.6535	34.1250	0.2588	377.0000	106.0000	0.2812	386.0000
723	0.3701	0.3568	0.1696	0.8613	0.1267	0.6545	33.7500	0.2999	324.0000	97.0000	0.2994	331.0000
724	0.3711	0.3628	0.1521	0.8600	0.1166	0.6242	34.0000	0.3087	324.0000	109.0000	0.3364	328.0000
725	0.3310	0.3711	0.1795	0.8414	0.1307	0.6496	34.2500	0.2749	350.0000	108.0000	0.3086	357.0000
726	0.3582	0.3667	0.1745	0.8512	0.1342	0.6148	34.2500	0.3185	345.0000	112.0000	0.3246	350.0000
727	0.3271	0.3705	0.1714	0.8284	0.1305	0.6274	34.7500	0.3060	358.0000	113.0000	0.3156	362.0000
728	0.3735	0.3639	0.1721	0.8459	0.1281	0.6541	34.3750	0.2820	344.0000	107.0000	0.3110	350.0000
729	0.4029	0.3705	0.1753	0.8547	0.1297	0.6562	34.0000	0.2761	360.0000	110.0000	0.3056	366.0000
730	0.3982	0.3689	0.1674	0.8726	0.1264	0.6641	34.2500	0.2819	340.0000	104.0000	0.3059	346.0000
731	0.3624	0.3694	0.1777	0.8585	0.1260	0.6516	33.7500	0.2744	324.0000	105.0000	0.3241	328.0000
732	0.2946	0.3667	0.1664	0.8412	0.1267	0.6268	34.3750	0.2998	349.0000	105.0000	0.3009	355.0000
733	0.3996	0.3661	0.1732	0.8552	0.1292	0.6612	33.7500	0.2550	342.0000	105.0000	0.3070	347.0000
734	0.3332	0.3623	0.1668	0.8608	0.1282	0.6165	34.3750	0.3309	332.0000	108.0000	0.3253	341.0000
735	0.3867	0.3689	0.1731	0.8269	0.1263	0.6727	34.1250	0.2655	339.0000	102.0000	0.3009	346.0000
736	0.3446	0.3749	0.1736	0.8320	0.1276	0.6139	34.0000	0.3184	359.0000	118.0000	0.3287	367.0000
737	0.3482	0.3683	0.1729	0.8439	0.1307	0.6248	34.0000	0.3021	347.0000	110.0000	0.3170	354.0000
738	0.3664	0.3606	0.1877	0.8432	0.1307	0.6402	34.5000	0.2910	369.0000	116.0000	0.3144	377.0000
739	0.3602	0.3716	0.1709	0.8424	0.1315	0.6393	34.0000	0.2855	369.0000	108.0000	0.2927	375.0000
740	0.3819	0.3661	0.1508	0.8605	0.1274	0.6091	34.7500	0.3083	331.0000	106.0000	0.3202	334.0000
741	0.3499	0.3694	0.1817	0.8365	0.1379	0.6465	34.0000	0.2746	350.0000	110.0000	0.3143	356.0000
742	0.3518	0.3738	0.1781	0.8389	0.1389	0.6411	34.1250	0.3018	352.0000	109.0000	0.3097	356.0000
743	0.3240	0.3601	0.1683	0.8497	0.1294	0.6089	34.0000	0.3145	330.0000	110.0000	0.3333	336.0000
744	0.3747	0.3771	0.1802	0.8346	0.1320	0.6396	33.6250	0.2938	351.0000	110.0000	0.3134	360.0000
745	0.3598	0.3711	0.1809	0.8385	0.1359	0.6348	34.5000	0.3023	362.0000	113.0000	0.3122	367.0000
746	0.3407	0.3584	0.1686	0.8671	0.1263	0.6436	34.1250	0.3098	323.0000	100.0000	0.3096	329.0000
747	0.3850	0.3700	0.1745	0.8510	0.1385	0.6786	34.2500	0.2801	345.0000	98.0000	0.2841	348.0000
748	0.4000	0.3650	0.1675	0.8276	0.1270	0.6619	33.8750	0.2454	326.0000	102.0000	0.3129	332.0000
749	0.2907	0.3689	0.1582	0.8445	0.1258	0.6076	34.2500	0.3348	329.0000	107.0000	0.3252	335.0000
750	0.4174	0.3683	0.1769	0.8440	0.1328	0.6724	34.0000	0.2677	350.0000	103.0000	0.2943	358.0000
751	0.4050	0.3755	0.1797	0.8345	0.1305	0.6720	34.3750	0.2862	351.0000	107.0000	0.3048	353.0000
752	0.3274	0.3562	0.1699	0.8629	0.1283	0.6402	34.0000	0.3034	341.0000	104.0000	0.3050	349.0000
753	0.4016	0.3716	0.1786	0.8326	0.1447	0.6558	34.3750	0.2783	375.0000	106.0000	0.2827	382.0000
754	0.3539	0.3667	0.1657	0.8573	0.1276	0.6261	34.5000	0.3147	335.0000	110.0000	0.3284	343.0000
755	0.4113	0.3689	0.1698	0.8625	0.1292	0.6603	34.6250	0.2741	350.0000	105.0000	0.3000	355.0000
756	0.3165	0.3667	0.1752	0.8538	0.1252	0.6163	34.0000	0.3385	342.0000	111.0000	0.3246	349.0000
757	0.3611	0.3700	0.1843	0.8412	0.1326	0.6528	33.8750	0.3048	361.0000	109.0000	0.3019	365.0000
758	0.3665	0.3650	0.1613	0.8501	0.1232	0.6689	33.3750	0.2901	334.0000	102.0000	0.3054	336.0000
759	0.3757	0.3650	0.1713	0.8438	0.1380	0.6347	34.6250	0.3059	337.0000	106.0000	0.3145	340.0000
760	0.3588	0.3700	0.1746	0.8603	0.1334	0.6715	34.6250	0.2594	367.0000	112.0000	0.3052	371.0000
761	0.3159	0.3557	0.1698	0.8691	0.1264	0.6182	33.6250	0.3116	321.0000	105.0000	0.3271	326.0000
762	0.3382	0.3656	0.1678	0.8542	0.1238	0.6172	34.2500	0.3212	318.0000	103.0000	0.3239	322.0000
763	0.3693	0.3628	0.1680	0.8472	0.1228	0.6281	34.1250	0.3114	341.0000	110.0000	0.3226	346.0000
764	0.3160	0.3645	0.1594	0.8618	0.1185	0.6111	34.1250	0.3190	323.0000	102.0000	0.3158	330.0000
765	0.4024	0.3694	0.1715	0.8409	0.1353	0.6477	33.3750	0.2822	340.0000	110.0000	0.3235	342.0000
766	0.4141	0.3650	0.1743	0.8631	0.1221	0.6765	33.8750	0.2630	338.0000	101.0000	0.2988	342.0000
767	0.2830	0.3628	0.1576	0.8441	0.1291	0.6328	34.5000	0.3307	333.0000	105.0000	0.3153	338.0000
768	0.3494	0.3601	0.1816	0.8356	0.1288	0.6181	34.2500	0.2852	328.0000	118.0000	0.3598	335.0000
769	0.3885	0.3744	0.1800	0.8405	0.1301	0.6760	34.7500	0.2530	350.0000	102.0000	0.2914	356.0000
770	0.3774	0.3700	0.1598	0.8366	0.1271	0.6474	33.2500	0.2673	340.0000	109.0000	0.3206	347.0000
771	0.3569	0.3656	0.1602	0.8444	0.1247	0.6184	34.6250	0.3034	324.0000	111.0000	0.3426	329.0000
772	0.3694	0.3678	0.1753	0.8478	0.1327	0.6504	34.2500	0.2888	343.0000	107.0000	0.3120	349.0000
773	0.3530	0.3645	0.1670	0.8602	0.1338	0.6506	33.3750	0.2904	340.0000	106.0000	0.3118	350.0000
774	0.3531	0.3639	0.1742	0.8449	0.1289	0.6526	35.1250	0.2834	347.0000	109.0000	0.3141	354.0000
775	0.3885	0.3683	0.1648	0.8592	0.1277	0.6708	34.8750	0.2528	333.0000	98.0000	0.2943	338.0000
776	0.3774	0.3667	0.1830	0.8630	0.1335	0.6408	34.2500	0.3052	363.0000	113.0000	0.3113	370.0000
777	0.3759	0.3678	0.1726	0.8302	0.1296	0.6568	33.8750	0.2779	337.0000	109.0000	0.3234	342.0000
778	0.3558	0.3656	0.1849	0.8363	0.1407	0.6441	34.1250	0.2791	390.0000	122.0000	0.3128	395.0000
779	0.3628	0.3771	0.1693	0.8503	0.1359	0.6336	34.5000	0.2927	358.0000	117.0000	0.3268	360.0000
780	0.3455	0.3606	0.1760	0.8328	0.1319	0.6424	34.3750	0.3165	331.0000	112.0000	0.3384	336.0000
781	0.3619	0.3694	0.1748	0.8526	0.1383	0.6696	34.5000	0.2673	353.0000	105.0000	0.2975	361.0000
782	0.3518	0.3656	0.1819	0.8518	0.1333	0.6336	34.5000	0.3015	327.0000	112.0000	0.3425	331.0000
783	0.3482	0.3601	0.1669	0.8536	0.1327	0.6693	34.0000	0.2739	336.0000	101.0000	0.3006	346.0000
784	0.3534	0.3678	0.1605	0.8362	0.1177	0.6339	34.2500	0.2927	326.0000	106.0000	0.3252	334.0000
785	0.3554	0.3672	0.1462	0.8500	0.1118	0.6177	34.0000	0.3067	282.0000	94.0000	0.3333	288.0000
786	0.4131	0.3612	0.1679	0.8419	0.1256	0.6731	33.7500	0.2421	328.0000	100.0000	0.3049	333.0000
787	0.3594	0.3612	0.1738	0.8487	0.1388	0.6465	33.7500	0.2732	357.0000	104.0000	0.2913	369.0000
788	0.3369	0.3612	0.1700	0.8356	0.1280	0.6134	34.0000	0.3181	334.0000	107.0000	0.3204	336.0000
789	0.3618	0.3705	0.1737	0.8294	0.1310	0.6316	33.6250	0.2877	369.0000	114.0000	0.3089	374.0000
790	0.3487	0.3705	0.1731	0.8306	0.1205	0.6185	33.6250	0.3178	351.0000	116.0000	0.3305	357.0000
791	0.3569	0.3722	0.1651	0.8460	0.1281	0.6318	34.5000	0.3062	377.0000	113.0000	0.2997	379.0000
792	0.3639	0.3590	0.1756	0.8349	0.1350	0.6594	34.1250	0.2917	358.0000	111.0000	0.3101	362.0000
793	0.3526	0.3705	0.1683	0.8461	0.1268	0.6717	33.5000	0.2738	340.0000	98.0000	0.2882	342.0000
794	0.3899	0.3645	0.1661	0.8457	0.1267	0.6778	34.3750	0.2597	346.0000	94.0000	0.2717	350.0000
795	0.3755	0.3716	0.1993	0.8367	0.1459	0.6483	34.6250	0.2668	391.0000	119.0000	0.3043	394.0000
796	0.3579	0.3667	0.1766	0.8390	0.1387	0.6690	34.0000	0.2502	361.0000	107.0000	0.2964	363.0000
797	0.3682	0.3628	0.1707	0.8480	0.1263	0.6662	34.7500	0.2577	350.0000	111.0000	0.3171	354.0000
798	0.3409	0.3705	0.1684	0.8457	0.1260	0.6103	34.5000	0.3114	327.0000	112.0000	0.3425	330.0000
799	0.3466	0.3650	0.1737	0.8515	0.1252	0.6340	34.1250	0.3077	331.0000	109.0000	0.3293	339.0000
800	0.3822	0.3738	0.1826	0.8428	0.1363	0.6549	33.8750	0.2631	356.0000	111.0000	0.3118	362.0000
801	0.3885	0.3650	0.1714	0.8429	0.1291	0.6696	34.1250	0.2586	335.0000	102.0000	0.3045	342.0000
802	0.4058	0.3628	0.1816	0.8596	0.1375	0.6798	33.6250	0.2411	345.0000	100.0000	0.2899	351.0000
803	0.3431	0.3656	0.1674	0.8560	0.1127	0.6210	34.2500	0.3126	326.0000	115.0000	0.3528	330.0000
804	0.3616	0.3744	0.1688	0.8477	0.1276	0.6438	33.2500	0.2575	361.0000	110.0000	0.3047	369.0000
805	0.3455	0.3645	0.1713	0.8456	0.1308	0.6634	34.0000	0.2879	352.0000	103.0000	0.2926	359.0000
806	0.3434	0.3672	0.1700	0.8666	0.1237	0.6255	34.2500	0.3012	334.0000	102.0000	0.3054	339.0000
807	0.3384	0.3540	0.1567	0.8597	0.1221	0.6409	34.3750	0.3028	309.0000	93.0000	0.3010	316.0000
808	0.3687	0.3727	0.1596	0.8710	0.1242	0.6567	33.6250	0.2830	323.0000	93.0000	0.2879	330.0000
809	0.3866	0.3683	0.1613	0.8546	0.1202	0.6721	33.8750	0.2586	333.0000	104.0000	0.3123	340.0000
810	0.4308	0.3639	0.1547	0.8612	0.1230	0.7236	33.6250	0.2140	318.0000	89.0000	0.2799	324.0000
811	0.3423	0.3639	0.1664	0.8365	0.1220	0.5930	34.3750	0.3417	333.0000	119.0000	0.3574	339.0000
812	0.3734	0.3650	0.1815	0.8528	0.1288	0.6283	33.8750	0.3181	347.0000	110.0000	0.3170	355.0000
813	0.3412	0.3755	0.1754	0.8425	0.1239	0.6260	34.1250	0.2931	337.0000	108.0000	0.3205	341.0000
814	0.3725	0.3727	0.1700	0.8325	0.1340	0.6412	34.2500	0.3024	361.0000	111.0000	0.3075	370.0000
815	0.3438	0.3661	0.1601	0.8573	0.1210	0.6361	33.2500	0.2935	336.0000	100.0000	0.2976	338.0000
816	0.3225	0.3645	0.1653	0.8270	0.1262	0.6276	33.7500	0.3086	332.0000	114.0000	0.3434	335.0000
817	0.3140	0.3678	0.1707	0.8524	0.1287	0.6459	34.3750	0.2843	340.0000	108.0000	0.3176	350.0000
818	0.3803	0.3672	0.1830	0.8383	0.1356	0.6988	33.8750	0.2554	339.0000	94.0000	0.2773	347.0000
819	0.3974	0.3678	0.1782	0.8291	0.1286	0.6543	34.2500	0.2886	350.0000	115.0000	0.3286	357.0000
820	0.3950	0.3628	0.1675	0.8721	0.1268	0.6587	34.5000	0.2669	344.0000	102.0000	0.2965	356.0000
821	0.3859	0.3678	0.1900	0.8250	0.1373	0.6496	34.1250	0.2714	376.0000	114.0000	0.3032	382.0000
822	0.3429	0.3568	0.1657	0.8472	0.1282	0.6009	34.2500	0.3050	351.0000	108.0000	0.3077	363.0000
823	0.3928	0.3656	0.1496	0.8714	0.1142	0.6421	34.6250	0.3003	288.0000	94.0000	0.3264	293.0000
824	0.3451	0.3711	0.1768	0.8587	0.1319	0.6768	34.0000	0.2612	353.0000	102.0000	0.2890	364.0000
825	0.3399	0.3826	0.1875	0.8521	0.1355	0.6654	34.1250	0.2628	374.0000	112.0000	0.2995	376.0000
826	0.3959	0.3634	0.1661	0.8366	0.1284	0.6522	33.7500	0.2831	332.0000	104.0000	0.3133	337.0000
827	0.3968	0.3634	0.1741	0.8349	0.1329	0.6256	34.1250	0.2963	343.0000	114.0000	0.3324	347.0000
828	0.3159	0.3793	0.1851	0.8585	0.1293	0.6877	34.5000	0.2646	363.0000	104.0000	0.2865	371.0000
829	0.3607	0.3667	0.1662	0.8315	0.1290	0.6443	34.2500	0.2944	346.0000	105.0000	0.3035	352.0000
830	0.3642	0.3766	0.1822	0.8551	0.1302	0.6276	34.5000	0.3041	354.0000	113.0000	0.3192	365.0000
831	0.3194	0.3634	0.1719	0.8554	0.1215	0.5782	33.8750	0.3295	326.0000	110.0000	0.3374	335.0000
832	0.3489	0.3771	0.1713	0.8366	0.1299	0.6364	34.5000	0.2953	339.0000	114.0000	0.3363	345.0000
833	0.4142	0.3722	0.1892	0.8351	0.1371	0.6732	34.6250	0.2701	385.0000	110.0000	0.2857	395.0000
834	0.3379	0.3656	0.1580	0.8482	0.1224	0.6385	34.7500	0.3132	334.0000	106.0000	0.3174	341.0000
835	0.3902	0.3672	0.1798	0.8416	0.1326	0.6356	34.5000	0.2727	372.0000	111.0000	0.2984	374.0000
836	0.3448	0.3617	0.1504	0.8411	0.1175	0.6146	34.3750	0.3378	321.0000	107.0000	0.3333	324.0000
837	0.3432	0.3650	0.1641	0.8552	0.1261	0.6406	34.3750	0.3024	347.0000	105.0000	0.3026	354.0000
838	0.3925	0.3667	0.1698	0.8531	0.1269	0.6938	34.7500	0.2550	353.0000	101.0000	0.2861	361.0000
839	0.3937	0.3766	0.1881	0.8399	0.1334	0.6544	34.3750	0.2616	348.0000	115.0000	0.3305	355.0000
840	0.3417	0.3678	0.1679	0.8579	0.1234	0.6157	34.0000	0.3166	354.0000	115.0000	0.3249	366.0000
841	0.3761	0.3667	0.1788	0.8518	0.1363	0.6593	34.5000	0.2591	358.0000	113.0000	0.3156	363.0000
842	0.4147	0.3623	0.1856	0.8155	0.1402	0.7024	34.2500	0.2393	383.0000	107.0000	0.2794	387.0000
843	0.3568	0.3711	0.1665	0.8411	0.1212	0.6453	34.2500	0.2843	335.0000	105.0000	0.3134	338.0000
844	0.3752	0.3689	0.1713	0.8479	0.1256	0.6866	33.8750	0.2632	335.0000	95.0000	0.2836	342.0000
845	0.3316	0.3573	0.1481	0.8523	0.1256	0.6329	34.1250	0.3214	318.0000	93.0000	0.2925	324.0000
846	0.3671	0.3694	0.1794	0.8590	0.1306	0.6602	34.6250	0.2790	366.0000	109.0000	0.2978	377.0000
847	0.3547	0.3733	0.1747	0.8371	0.1314	0.6877	33.8750	0.2511	350.0000	107.0000	0.3057	358.0000
848	0.3597	0.3722	0.1846	0.8535	0.1370	0.6298	34.3750	0.3094	350.0000	103.0000	0.2943	357.0000
849	0.3640	0.3700	0.1864	0.8317	0.1379	0.6650	34.3750	0.2583	363.0000	108.0000	0.2975	370.0000
850	0.3124	0.3705	0.1724	0.8482	0.1246	0.6365	34.3750	0.3061	318.0000	97.0000	0.3050	323.0000
851	0.3347	0.3683	0.1572	0.8469	0.1183	0.5750	34.0000	0.3642	328.0000	118.0000	0.3598	332.0000
852	0.3947	0.3694	0.1736	0.8364	0.1278	0.6685	34.6250	0.2785	361.0000	109.0000	0.3019	372.0000
853	0.3585	0.3601	0.1734	0.8367	0.1332	0.6380	34.0000	0.2975	354.0000	110.0000	0.3107	361.0000
854	0.3695	0.3749	0.1791	0.8136	0.1305	0.6456	34.1250	0.2949	337.0000	107.0000	0.3175	345.0000
855	0.3602	0.3705	0.1681	0.8274	0.1327	0.6291	34.5000	0.2922	336.0000	110.0000	0.3274	340.0000
856	0.4021	0.3727	0.1756	0.8425	0.1382	0.6731	33.8750	0.2584	362.0000	103.0000	0.2845	366.0000
857	0.3924	0.3683	0.1660	0.8366	0.1298	0.6404	34.1250	0.2916	339.0000	101.0000	0.2979	346.0000
858	0.2914	0.3529	0.1492	0.8525	0.1135	0.5494	33.3750	0.4015	302.0000	114.0000	0.3775	308.0000
859	0.4069	0.3700	0.1956	0.8608	0.1450	0.6769	34.1250	0.2588	378.0000	107.0000	0.2831	380.0000
860	0.3944	0.3650	0.1891	0.8442	0.1395	0.6591	33.5000	0.2760	365.0000	106.0000	0.2904	373.0000
861	0.3614	0.3628	0.1647	0.8564	0.1261	0.6476	34.5000	0.2889	329.0000	99.0000	0.3009	338.0000
862	0.3587	0.3722	0.1814	0.8411	0.1334	0.6782	34.1250	0.2540	369.0000	106.0000	0.2873	374.0000
863	0.3427	0.3650	0.1710	0.8480	0.1231	0.6078	35.1250	0.3306	325.0000	110.0000	0.3385	333.0000
864	0.3782	0.3722	0.1746	0.8568	0.1309	0.6238	34.7500	0.3158	352.0000	112.0000	0.3182	357.0000
865	0.3132	0.3617	0.1653	0.8471	0.1261	0.5705	34.6250	0.3675	335.0000	114.0000	0.3403	341.0000
866	0.3184	0.3628	0.1593	0.8337	0.1173	0.5957	33.8750	0.3252	316.0000	112.0000	0.3544	324.0000
867	0.3584	0.3672	0.1574	0.8614	0.1156	0.6406	33.7500	0.2956	299.0000	92.0000	0.3077	304.0000
868	0.3945	0.3562	0.1566	0.8596	0.1204	0.6396	33.6250	0.2835	315.0000	101.0000	0.3206	323.0000
869	0.3462	0.3678	0.1808	0.8520	0.1301	0.6367	33.3750	0.3046	326.0000	104.0000	0.3190	330.0000
870	0.3579	0.3777	0.1826	0.8512	0.1290	0.6456	34.3750	0.3031	337.0000	101.0000	0.2997	344.0000
871	0.2988	0.3617	0.1447	0.8673	0.1102	0.5909	34.2500	0.3581	291.0000	105.0000	0.3608	297.0000
872	0.3327	0.3716	0.1867	0.8506	0.1339	0.6582	34.8750	0.2938	364.0000	104.0000	0.2857	369.0000
873	0.3609	0.3733	0.1878	0.8403	0.1389	0.6321	34.1250	0.2978	374.0000	110.0000	0.2941	376.0000
874	0.4052	0.3584	0.1864	0.8419	0.1416	0.6944	33.5000	0.2437	359.0000	97.0000	0.2702	363.0000
875	0.3733	0.3579	0.1685	0.8491	0.1185	0.6358	33.8750	0.3106	322.0000	106.0000	0.3292	333.0000
876	0.3343	0.3540	0.1629	0.8428	0.1143	0.6106	33.8750	0.3375	290.0000	100.0000	0.3448	295.0000
877	0.3880	0.3716	0.1827	0.8494	0.1320	0.6504	34.1250	0.2763	348.0000	110.0000	0.3161	353.0000
878	0.3104	0.3678	0.1720	0.8275	0.1270	0.5944	34.3750	0.3409	352.0000	116.0000	0.3295	355.0000
879	0.3185	0.3645	0.1680	0.8354	0.1273	0.6256	33.7500	0.2951	340.0000	114.0000	0.3353	346.0000
880	0.3832	0.3661	0.1746	0.8549	0.1327	0.6463	34.1250	0.2775	339.0000	110.0000	0.3245	346.0000
881	0.3547	0.3678	0.1673	0.8384	0.1235	0.6116	34.3750	0.2935	325.0000	101.0000	0.3108	331.0000
882	0.3809	0.3590	0.1682	0.8443	0.1211	0.6252	34.5000	0.3042	335.0000	109.0000	0.3254	339.0000
883	0.4102	0.3738	0.1768	0.8341	0.1355	0.6534	34.1250	0.2827	375.0000	120.0000	0.3200	383.0000
884	0.3572	0.3804	0.1737	0.8539	0.1323	0.6402	34.3750	0.2983	359.0000	111.0000	0.3092	361.0000
885	0.3885	0.3722	0.1917	0.8277	0.1400	0.6678	34.0000	0.2403	353.0000	105.0000	0.2975	359.0000
886	0.3188	0.3601	0.1669	0.8517	0.1254	0.6206	33.8750	0.3206	348.0000	108.0000	0.3103	355.0000
887	0.3675	0.3601	0.1605	0.8356	0.1130	0.6452	34.1250	0.3041	310.0000	104.0000	0.3355	318.0000
888	0.3334	0.3634	0.1697	0.8522	0.1319	0.6113	34.1250	0.3233	337.0000	108.0000	0.3205	346.0000
889	0.3956	0.3672	0.1848	0.8424	0.1377	0.6696	34.1250	0.2664	362.0000	109.0000	0.3011	366.0000
890	0.4019	0.3672	0.1642	0.8643	0.1236	0.6818	34.0000	0.2336	319.0000	92.0000	0.2884	324.0000
891	0.4415	0.3672	0.1812	0.8385	0.1415	0.7084	33.6250	0.2094	359.0000	99.0000	0.2758	366.0000
892	0.3315	0.3628	0.1656	0.8618	0.1182	0.6045	34.6250	0.3208	311.0000	110.0000	0.3537	319.0000
893	0.3416	0.3777	0.1748	0.8546	0.1341	0.6534	34.0000	0.2712	373.0000	117.0000	0.3137	381.0000
894	0.3308	0.3628	0.1907	0.8450	0.1411	0.6620	34.1250	0.2711	370.0000	111.0000	0.3000	376.0000
895	0.3874	0.3689	0.1724	0.8506	0.1214	0.6137	34.2500	0.3296	306.0000	111.0000	0.3627	312.0000
896	0.3772	0.3628	0.1710	0.8700	0.1326	0.6204	33.8750	0.3217	344.0000	114.0000	0.3314	349.0000
897	0.3754	0.3705	0.1746	0.8253	0.1306	0.6148	34.2500	0.2956	350.0000	115.0000	0.3286	352.0000
898	0.3328	0.3738	0.1805	0.8349	0.1360	0.6246	34.0000	0.3051	349.0000	115.0000	0.3295	358.0000
899	0.3733	0.3656	0.1649	0.8118	0.1225	0.6311	33.7500	0.2979	331.0000	107.0000	0.3233	338.0000
900	0.3580	0.3634	0.1607	0.8489	0.1225	0.6341	34.5000	0.3064	320.0000	108.0000	0.3375	327.0000
901	0.3441	0.3606	0.1714	0.8485	0.1311	0.6363	34.5000	0.3056	339.0000	109.0000	0.3215	343.0000
902	0.3421	0.3661	0.1594	0.8497	0.1178	0.6183	34.1250	0.3286	310.0000	102.0000	0.3290	314.0000
903	0.3922	0.3683	0.1966	0.8287	0.1428	0.6879	34.0000	0.2580	376.0000	104.0000	0.2766	384.0000
904	0.3553	0.3782	0.1909	0.8487	0.1401	0.6563	35.1250	0.2939	363.0000	118.0000	0.3251	365.0000
905	0.3438	0.3579	0.1730	0.8497	0.1339	0.6401	33.8750	0.2940	333.0000	103.0000	0.3093	342.0000
906	0.3095	0.3700	0.1701	0.8702	0.1242	0.5796	33.7500	0.3526	326.0000	110.0000	0.3374	335.0000
907	0.3694	0.3584	0.1640	0.8639	0.1177	0.6518	35.1250	0.2556	332.0000	110.0000	0.3313	340.0000
908	0.3408	0.3727	0.1850	0.8462	0.1319	0.6642	34.0000	0.2685	370.0000	108.0000	0.2919	377.0000
909	0.3789	0.3744	0.1738	0.8410	0.1401	0.6394	34.1250	0.3109	365.0000	113.0000	0.3096	371.0000
910	0.3491	0.3661	0.1655	0.8547	0.1230	0.5963	34.6250	0.3209	339.0000	104.0000	0.3068	346.0000
911	0.3705	0.3738	0.1950	0.8422	0.1421	0.7088	33.5000	0.2359	370.0000	102.0000	0.2757	376.0000
912	0.3316	0.3716	0.1701	0.8463	0.1355	0.6623	34.2500	0.2621	350.0000	107.0000	0.3057	355.0000
913	0.4080	0.3689	0.1817	0.8615	0.1402	0.6938	34.6250	0.2316	343.0000	96.0000	0.2799	349.0000
914	0.3837	0.3634	0.1734	0.8574	0.1372	0.6694	34.0000	0.2576	359.0000	101.0000	0.2813	367.0000
915	0.3241	0.3612	0.1839	0.8558	0.1311	0.6252	33.7500	0.3199	366.0000	110.0000	0.3005	377.0000
916	0.3427	0.3661	0.1694	0.8435	0.1186	0.6095	34.5000	0.3187	326.0000	110.0000	0.3374	335.0000
917	0.3853	0.3650	0.1742	0.8599	0.1329	0.6406	34.2500	0.2919	359.0000	107.0000	0.2981	365.0000
918	0.3624	0.3689	0.1627	0.8494	0.1326	0.6401	34.8750	0.2905	359.0000	112.0000	0.3120	363.0000
919	0.3415	0.3661	0.1740	0.8656	0.1353	0.6340	34.5000	0.2899	334.0000	106.0000	0.3174	339.0000
920	0.3707	0.3716	0.1877	0.8307	0.1337	0.6542	34.2500	0.2842	370.0000	111.0000	0.3000	372.0000
921	0.3131	0.3623	0.1702	0.8539	0.1288	0.6038	34.1250	0.3349	341.0000	113.0000	0.3314	349.0000
922	0.3521	0.3634	0.1679	0.8380	0.1295	0.6407	34.2500	0.2797	346.0000	106.0000	0.3064	352.0000
923	0.4198	0.3744	0.1816	0.8445	0.1399	0.6862	33.8750	0.2459	364.0000	99.0000	0.2720	371.0000
924	0.4265	0.3661	0.1723	0.8280	0.1328	0.6857	34.0000	0.2581	349.0000	104.0000	0.2980	357.0000
925	0.3782	0.3672	0.1762	0.8659	0.1317	0.6510	34.5000	0.3066	338.0000	103.0000	0.3047	348.0000
926	0.2902	0.3623	0.1541	0.8443	0.1161	0.5900	33.8750	0.3430	332.0000	114.0000	0.3434	335.0000
927	0.3824	0.3683	0.1751	0.8305	0.1366	0.6726	34.1250	0.2274	351.0000	106.0000	0.3020	357.0000
928	0.3775	0.3727	0.1807	0.8358	0.1360	0.6536	34.6250	0.2668	366.0000	114.0000	0.3115	371.0000
929	0.3881	0.3595	0.1748	0.8251	0.1178	0.6348	33.7500	0.2887	321.0000	103.0000	0.3209	323.0000
930	0.3807	0.3617	0.1604	0.8671	0.1233	0.6711	34.2500	0.2772	314.0000	94.0000	0.2994	316.0000
931	0.3893	0.3694	0.1583	0.8601	0.1169	0.6661	34.2500	0.2754	313.0000	96.0000	0.3067	317.0000
932	0.3678	0.3672	0.1725	0.8487	0.1323	0.6624	35.0000	0.2772	359.0000	109.0000	0.3036	362.0000
933	0.3730	0.3590	0.1520	0.8525	0.1187	0.6679	34.5000	0.2850	320.0000	97.0000	0.3031	325.0000
934	0.2732	0.3623	0.1679	0.8530	0.1231	0.5684	34.2500	0.3810	351.0000	117.0000	0.3333	362.0000
935	0.3399	0.3601	0.1509	0.8484	0.1239	0.6285	33.7500	0.2912	298.0000	98.0000	0.3289	304.0000
936	0.3779	0.3727	0.1881	0.8364	0.1358	0.6320	34.7500	0.3016	358.0000	118.0000	0.3296	365.0000
937	0.3867	0.3733	0.1804	0.8404	0.1272	0.6422	34.5000	0.2627	340.0000	106.0000	0.3118	343.0000
938	0.3736	0.3612	0.1815	0.8491	0.1352	0.6323	34.2500	0.3071	339.0000	108.0000	0.3186	345.0000
939	0.3758	0.3700	0.1876	0.8309	0.1447	0.6515	33.8750	0.2700	381.0000	110.0000	0.2887	386.0000
940	0.3555	0.3617	0.1754	0.8514	0.1288	0.6661	34.7500	0.2730	332.0000	108.0000	0.3253	338.0000
941	0.3896	0.3711	0.1927	0.8395	0.1443	0.6846	34.3750	0.2548	385.0000	107.0000	0.2779	392.0000
942	0.3552	0.3573	0.1657	0.8578	0.1228	0.6529	34.2500	0.2687	315.0000	95.0000	0.3016	319.0000
943	0.3394	0.3623	0.1608	0.8636	0.1199	0.6515	34.0000	0.2888	328.0000	99.0000	0.3018	340.0000
944	0.3416	0.3661	0.1621	0.8278	0.1249	0.6179	33.8750	0.3251	338.0000	109.0000	0.3225	342.0000
945	0.4014	0.3727	0.1856	0.8499	0.1384	0.6551	34.5000	0.2824	363.0000	108.0000	0.2975	369.0000
946	0.3822	0.3639	0.1600	0.8543	0.1223	0.6416	34.6250	0.2954	311.0000	103.0000	0.3312	315.0000
947	0.3526	0.3590	0.1699	0.8517	0.1352	0.6198	34.7500	0.3016	345.0000	112.0000	0.3246	352.0000
948	0.3534	0.3595	0.1569	0.8416	0.1232	0.6206	34.1250	0.3115	325.0000	105.0000	0.3231	332.0000
949	0.4042	0.3645	0.1592	0.8412	0.1254	0.6672	34.1250	0.2816	327.0000	98.0000	0.2997	336.0000
950	0.3973	0.3584	0.1558	0.8359	0.1147	0.6071	33.8750	0.3271	308.0000	111.0000	0.3604	316.0000
951	0.3526	0.3639	0.1802	0.8346	0.1399	0.6208	34.0000	0.2783	360.0000	114.0000	0.3167	373.0000
952	0.3614	0.3683	0.1680	0.8533	0.1243	0.6576	33.8750	0.2720	346.0000	100.0000	0.2890	355.0000
953	0.3768	0.3628	0.1593	0.8496	0.1163	0.6090	34.0000	0.3398	320.0000	102.0000	0.3187	325.0000
954	0.3391	0.3694	0.1797	0.8394	0.1360	0.6435	33.8750	0.2881	373.0000	108.0000	0.2895	379.0000
955	0.3299	0.3612	0.1633	0.8713	0.1259	0.6149	33.7500	0.3092	336.0000	111.0000	0.3304	342.0000
956	0.3973	0.3716	0.1816	0.8344	0.1336	0.6795	34.5000	0.2508	370.0000	110.0000	0.2973	377.0000
957	0.3727	0.3683	0.1766	0.8399	0.1361	0.6523	35.0000	0.2802	375.0000	114.0000	0.3040	385.0000
958	0.3682	0.3623	0.1718	0.8639	0.1329	0.6545	34.5000	0.2944	335.0000	99.0000	0.2955	338.0000
959	0.3587	0.3623	0.1688	0.8568	0.1256	0.6441	33.8750	0.3040	318.0000	99.0000	0.3113	325.0000
960	0.3621	0.3656	0.1675	0.8429	0.1311	0.6551	34.2500	0.2867	348.0000	106.0000	0.3046	351.0000
961	0.3680	0.3645	0.1730	0.8173	0.1233	0.6457	34.7500	0.2826	342.0000	109.0000	0.3187	347.0000
962	0.4200	0.3777	0.1791	0.8655	0.1339	0.6735	34.8750	0.2697	338.0000	102.0000	0.3018	342.0000
963	0.3608	0.3623	0.1728	0.8445	0.1332	0.6316	33.8750	0.2874	345.0000	113.0000	0.3275	356.0000
964	0.3306	0.3606	0.1592	0.8632	0.1227	0.6007	34.3750	0.3215	329.0000	105.0000	0.3191	335.0000
965	0.4192	0.3755	0.1791	0.8422	0.1425	0.6763	34.2500	0.2404	377.0000	111.0000	0.2944	384.0000
966	0.4008	0.3667	0.1660	0.8460	0.1278	0.6741	34.3750	0.2773	341.0000	102.0000	0.2991	346.0000
967	0.3799	0.3705	0.1767	0.8465	0.1304	0.6483	34.2500	0.2795	350.0000	103.0000	0.2943	353.0000
968	0.3503	0.3661	0.1845	0.8611	0.1350	0.6403	34.0000	0.2980	350.0000	107.0000	0.3057	355.0000
969	0.3322	0.3705	0.1765	0.8604	0.1283	0.6139	34.0000	0.3027	347.0000	108.0000	0.3112	354.0000
970	0.4019	0.3639	0.1700	0.8513	0.1256	0.6475	34.7500	0.3155	335.0000	104.0000	0.3104	342.0000
971	0.2976	0.3601	0.1598	0.8482	0.1239	0.6240	34.0000	0.2958	335.0000	105.0000	0.3134	342.0000
972	0.3559	0.3672	0.1665	0.8628	0.1255	0.6366	33.8750	0.2956	328.0000	99.0000	0.3018	335.0000
973	0.3439	0.3705	0.1681	0.8487	0.1266	0.6570	34.5000	0.2702	363.0000	110.0000	0.3030	365.0000
974	0.3334	0.3733	0.2041	0.8145	0.1407	0.6424	34.2500	0.2753	371.0000	120.0000	0.3235	374.0000
975	0.3339	0.3628	0.1520	0.8519	0.1215	0.6464	34.2500	0.3126	342.0000	105.0000	0.3070	348.0000
976	0.3876	0.3645	0.1664	0.8371	0.1338	0.6299	34.3750	0.2978	346.0000	108.0000	0.3121	354.0000
977	0.3207	0.3711	0.1820	0.8402	0.1254	0.6454	34.2500	0.2917	341.0000	115.0000	0.3372	345.0000
978	0.3795	0.3799	0.1787	0.8373	0.1299	0.6278	35.0000	0.3118	346.0000	116.0000	0.3353	352.0000
979	0.3895	0.3612	0.1538	0.8720	0.1151	0.6155	34.6250	0.3380	287.0000	95.0000	0.3310	294.0000
980	0.4431	0.3694	0.1994	0.8369	0.1427	0.6793	33.8750	0.2648	365.0000	108.0000	0.2959	374.0000
981	0.3617	0.3678	0.1712	0.8385	0.1330	0.6384	33.7500	0.3053	362.0000	106.0000	0.2928	367.0000
982	0.3997	0.3617	0.1713	0.8578	0.1314	0.6473	34.6250	0.2898	328.0000	105.0000	0.3201	330.0000
983	0.3601	0.3623	0.1723	0.8604	0.1340	0.6541	33.6250	0.2769	351.0000	95.0000	0.2707	359.0000
984	0.3775	0.3579	0.1723	0.8472	0.1264	0.6605	34.5000	0.2789	336.0000	107.0000	0.3185	344.0000
985	0.3330	0.3700	0.1717	0.8457	0.1287	0.6313	34.7500	0.3272	344.0000	110.0000	0.3198	349.0000
986	0.3996	0.3700	0.1798	0.8546	0.1324	0.6855	34.5000	0.2605	348.0000	99.0000	0.2845	355.0000
987	0.3458	0.3661	0.1740	0.8506	0.1224	0.6367	33.8750	0.2981	330.0000	108.0000	0.3273	339.0000
988	0.3361	0.3683	0.1868	0.8339	0.1432	0.6411	34.5000	0.2825	383.0000	110.0000	0.2872	390.0000
989	0.4075	0.3689	0.1691	0.8328	0.1265	0.6463	33.7500	0.2783	351.0000	109.0000	0.3105	353.0000
990	0.3096	0.3524	0.1755	0.8547	0.1291	0.6228	33.7500	0.3245	322.0000	104.0000	0.3230	329.0000
991	0.4141	0.3667	0.1726	0.8582	0.1315	0.6647	34.5000	0.2745	349.0000	103.0000	0.2951	357.0000
992	0.4037	0.3606	0.1665	0.8587	0.1298	0.6606	34.5000	0.2645	330.0000	102.0000	0.3091	336.0000
993	0.3655	0.3788	0.1771	0.8244	0.1293	0.6318	33.7500	0.2969	357.0000	117.0000	0.3277	362.0000
994	0.3870	0.3628	0.1659	0.8333	0.1217	0.6273	34.0000	0.2848	322.0000	106.0000	0.3292	328.0000
995	0.3761	0.3689	0.1712	0.8539	0.1316	0.6515	34.1250	0.3066	349.0000	104.0000	0.2980	356.0000
996	0.3881	0.3744	0.1921	0.8436	0.1346	0.6681	34.2500	0.2747	358.0000	109.0000	0.3045	363.0000
997	0.3570	0.3628	0.1697	0.8371	0.1285	0.6751	34.3750	0.2618	363.0000	107.0000	0.2948	369.0000
998	0.3282	0.3716	0.1776	0.8538	0.1356	0.6670	33.7500	0.2735	343.0000	102.0000	0.2974	349.0000
999	0.3147	0.3562	0.1588	0.8568	0.1220	0.5942	34.6250	0.3208	321.0000	110.0000	0.3427	332.0000
1000	0.3790	0.3672	0.1689	0.8630	0.1277	0.6306	34.0000	0.2911	355.0000	112.0000	0.3155	362.0000
