accuracy	proportion	density	fuzziness	coverage	purity	sounds	missing	ubound	clusters	props	patterns
1	0.3940	0.4162	0.1689	0.8340	0.0312	0.6713	34.7500	0.2508	451.0000	131.0000	0.2905	460.0000
2	0.3780	0.3920	0.1938	0.8514	0.0302	0.6688	34.0000	0.2582	414.0000	115.0000	0.2778	416.0000
3	0.3814	0.3931	0.1888	0.8428	0.0294	0.6390	34.2500	0.2758	393.0000	116.0000	0.2952	400.0000
4	0.4122	0.3667	0.1664	0.8531	0.0250	0.6286	34.6250	0.2816	340.0000	110.0000	0.3235	348.0000
5	0.3638	0.3782	0.1723	0.8578	0.0283	0.6342	33.3750	0.2810	363.0000	114.0000	0.3140	368.0000
6	0.3890	0.3744	0.1642	0.8547	0.0268	0.6639	34.3750	0.2616	342.0000	104.0000	0.3041	347.0000
7	0.3456	0.3733	0.1794	0.8541	0.0274	0.6333	34.7500	0.3055	358.0000	108.0000	0.3017	368.0000
8	0.3267	0.3727	0.1697	0.8790	0.0286	0.6225	34.8750	0.3076	360.0000	112.0000	0.3111	363.0000
9	0.3328	0.3579	0.1713	0.8599	0.0264	0.6505	34.3750	0.2844	358.0000	115.0000	0.3212	366.0000
10	0.3478	0.3639	0.1722	0.8641	0.0263	0.5836	34.1250	0.3083	339.0000	119.0000	0.3510	344.0000
11	0.3072	0.3722	0.1659	0.8639	0.0238	0.5998	34.8750	0.3256	347.0000	113.0000	0.3256	358.0000
12	0.3211	0.3722	0.1669	0.8618	0.0280	0.6163	33.8750	0.3198	346.0000	111.0000	0.3208	354.0000
13	0.3408	0.3645	0.1775	0.8654	0.0231	0.5941	34.2500	0.3374	331.0000	109.0000	0.3293	339.0000
14	0.3372	0.3513	0.1492	0.8911	0.0221	0.5944	33.2500	0.3448	287.0000	96.0000	0.3345	296.0000
15	0.3877	0.3738	0.1639	0.8562	0.0273	0.6327	34.1250	0.2862	320.0000	105.0000	0.3281	323.0000
16	0.3986	0.3727	0.1699	0.8651	0.0264	0.6540	33.8750	0.2870	360.0000	99.0000	0.2750	365.0000
17	0.3350	0.3568	0.1563	0.8730	0.0276	0.6233	33.6250	0.3301	306.0000	94.0000	0.3072	312.0000
18	0.3592	0.3672	0.1892	0.8652	0.0294	0.6655	33.7500	0.2651	358.0000	103.0000	0.2877	362.0000
19	0.3967	0.3656	0.1808	0.8621	0.0310	0.6569	33.2500	0.2671	366.0000	102.0000	0.2787	373.0000
20	0.3776	0.3645	0.1761	0.8442	0.0249	0.6508	34.1250	0.2749	357.0000	110.0000	0.3081	372.0000
21	0.3545	0.3678	0.1582	0.8638	0.0253	0.6060	34.1250	0.3139	314.0000	109.0000	0.3471	321.0000
22	0.3433	0.3551	0.1633	0.8540	0.0241	0.6394	33.6250	0.3045	317.0000	99.0000	0.3123	322.0000
23	0.3361	0.3689	0.1692	0.8744	0.0255	0.6293	34.5000	0.3156	322.0000	102.0000	0.3168	328.0000
24	0.3582	0.3700	0.1808	0.8404	0.0256	0.5924	34.2500	0.3188	344.0000	113.0000	0.3285	351.0000
25	0.3383	0.3667	0.1729	0.8549	0.0280	0.5948	34.3750	0.3252	327.0000	106.0000	0.3242	335.0000
26	0.3872	0.3694	0.1970	0.8611	0.0279	0.7064	34.1250	0.2221	384.0000	103.0000	0.2682	390.0000
27	0.3696	0.3628	0.1678	0.8762	0.0259	0.6710	34.5000	0.2651	337.0000	97.0000	0.2878	342.0000
28	0.3633	0.3700	0.1802	0.8600	0.0275	0.6314	34.5000	0.3092	340.0000	111.0000	0.3265	345.0000
29	0.3412	0.3705	0.1801	0.8538	0.0266	0.6297	34.0000	0.3054	387.0000	120.0000	0.3101	398.0000
30	0.3898	0.3606	0.1606	0.8552	0.0254	0.6389	34.2500	0.2964	320.0000	110.0000	0.3438	327.0000
31	0.3511	0.3700	0.1644	0.8681	0.0249	0.6311	33.8750	0.2883	326.0000	107.0000	0.3282	328.0000
32	0.3833	0.3645	0.1744	0.8603	0.0305	0.6518	34.1250	0.2859	355.0000	104.0000	0.2930	361.0000
33	0.3399	0.3584	0.1466	0.8829	0.0256	0.6051	33.7500	0.3555	296.0000	103.0000	0.3480	298.0000
34	0.3693	0.3733	0.1755	0.8698	0.0283	0.6859	33.6250	0.2476	340.0000	96.0000	0.2824	347.0000
35	0.3663	0.3683	0.1804	0.8748	0.0260	0.6054	34.3750	0.3263	342.0000	119.0000	0.3480	351.0000
36	0.3330	0.3738	0.1669	0.8686	0.0266	0.6370	33.8750	0.2967	342.0000	101.0000	0.2953	344.0000
37	0.3442	0.3672	0.1797	0.8650	0.0298	0.6218	34.0000	0.3054	368.0000	110.0000	0.2989	373.0000
38	0.2813	0.3623	0.1719	0.8543	0.0258	0.6081	34.6250	0.3380	348.0000	114.0000	0.3276	353.0000
39	0.3663	0.3678	0.1636	0.8684	0.0240	0.6454	33.3750	0.2939	328.0000	100.0000	0.3049	334.0000
40	0.4156	0.3700	0.1839	0.8794	0.0291	0.6381	34.3750	0.2907	364.0000	108.0000	0.2967	370.0000
41	0.3772	0.3678	0.1806	0.8782	0.0268	0.6475	35.0000	0.2872	353.0000	105.0000	0.2975	358.0000
42	0.3606	0.3711	0.1680	0.8586	0.0258	0.6075	34.1250	0.3274	312.0000	108.0000	0.3462	321.0000
43	0.3954	0.3628	0.1756	0.8574	0.0281	0.6279	34.6250	0.2957	379.0000	113.0000	0.2982	389.0000
44	0.4068	0.3727	0.1732	0.8787	0.0303	0.6377	34.2500	0.3098	340.0000	107.0000	0.3147	348.0000
45	0.3588	0.3716	0.1768	0.8697	0.0252	0.6271	33.8750	0.2906	341.0000	105.0000	0.3079	345.0000
46	0.3848	0.3705	0.1746	0.8702	0.0283	0.6593	34.3750	0.2764	346.0000	99.0000	0.2861	352.0000
47	0.3316	0.3683	0.1546	0.8700	0.0238	0.5848	33.7500	0.3276	350.0000	115.0000	0.3286	359.0000
48	0.3504	0.3711	0.1884	0.8417	0.0284	0.6538	34.1250	0.2943	361.0000	109.0000	0.3019	369.0000
49	0.3358	0.3639	0.1574	0.8687	0.0220	0.5847	33.6250	0.3638	302.0000	105.0000	0.3477	306.0000
50	0.3588	0.3672	0.1633	0.8424	0.0269	0.6019	33.6250	0.3228	343.0000	120.0000	0.3499	349.0000
51	0.3489	0.3579	0.1729	0.8696	0.0269	0.6207	33.7500	0.3025	347.0000	106.0000	0.3055	354.0000
52	0.3730	0.3733	0.1825	0.8645	0.0256	0.6436	34.0000	0.2950	346.0000	114.0000	0.3295	353.0000
53	0.3345	0.3645	0.1724	0.8625	0.0270	0.6502	34.7500	0.2961	361.0000	106.0000	0.2936	369.0000
54	0.3306	0.3678	0.1762	0.8558	0.0274	0.6081	33.8750	0.3025	352.0000	116.0000	0.3295	361.0000
55	0.3482	0.3705	0.1882	0.8716	0.0280	0.6598	35.1250	0.2694	373.0000	106.0000	0.2842	377.0000
56	0.3594	0.3705	0.1713	0.8566	0.0297	0.6472	34.2500	0.3020	347.0000	105.0000	0.3026	351.0000
57	0.3911	0.3771	0.1916	0.8719	0.0280	0.6690	34.5000	0.2574	370.0000	106.0000	0.2865	377.0000
58	0.4058	0.3573	0.1659	0.8578	0.0264	0.6431	34.1250	0.2896	321.0000	105.0000	0.3271	326.0000
59	0.3544	0.3634	0.1706	0.8725	0.0257	0.5950	34.3750	0.3325	335.0000	110.0000	0.3284	341.0000
60	0.3140	0.3579	0.1616	0.8561	0.0267	0.5861	34.5000	0.3540	325.0000	111.0000	0.3415	332.0000
61	0.3483	0.3634	0.1744	0.8742	0.0293	0.6454	33.8750	0.2894	363.0000	106.0000	0.2920	368.0000
62	0.3255	0.3760	0.1646	0.8764	0.0247	0.6188	34.1250	0.3103	328.0000	106.0000	0.3232	334.0000
63	0.3709	0.3601	0.1746	0.8530	0.0287	0.6736	33.6250	0.2653	365.0000	102.0000	0.2795	371.0000
64	0.3492	0.3672	0.1702	0.8433	0.0273	0.6093	34.6250	0.3242	355.0000	112.0000	0.3155	361.0000
65	0.3585	0.3683	0.1857	0.8576	0.0287	0.6584	33.8750	0.2740	386.0000	105.0000	0.2720	390.0000
66	0.3155	0.3661	0.1751	0.8525	0.0259	0.6368	34.3750	0.3047	347.0000	110.0000	0.3170	353.0000
67	0.3375	0.3617	0.1702	0.8810	0.0257	0.6292	34.0000	0.3087	326.0000	102.0000	0.3129	330.0000
68	0.3168	0.3694	0.1724	0.8578	0.0249	0.5920	34.2500	0.3139	340.0000	114.0000	0.3353	347.0000
69	0.4113	0.3661	0.1746	0.8639	0.0314	0.6223	34.1250	0.3023	332.0000	103.0000	0.3102	335.0000
70	0.3672	0.3645	0.1779	0.8725	0.0275	0.6437	33.7500	0.2956	351.0000	107.0000	0.3048	360.0000
71	0.3763	0.3645	0.1734	0.8455	0.0237	0.6308	33.8750	0.2934	333.0000	109.0000	0.3273	340.0000
72	0.3290	0.3551	0.1615	0.8694	0.0251	0.6464	33.8750	0.2991	329.0000	95.0000	0.2888	334.0000
73	0.3370	0.3678	0.1623	0.8782	0.0255	0.6059	34.6250	0.3439	327.0000	105.0000	0.3211	335.0000
74	0.3221	0.3799	0.1811	0.8545	0.0267	0.6447	34.5000	0.3041	338.0000	102.0000	0.3018	345.0000
75	0.3973	0.3705	0.1694	0.8583	0.0275	0.6408	34.3750	0.2983	361.0000	104.0000	0.2881	368.0000
76	0.3888	0.3705	0.1742	0.8473	0.0284	0.6472	34.3750	0.2916	351.0000	105.0000	0.2991	359.0000
77	0.3913	0.3656	0.1712	0.8724	0.0245	0.6145	34.2500	0.3011	329.0000	108.0000	0.3283	338.0000
78	0.3577	0.3700	0.1710	0.8660	0.0295	0.6137	34.7500	0.3231	347.0000	114.0000	0.3285	350.0000
79	0.3706	0.3760	0.1837	0.8723	0.0303	0.6353	34.1250	0.3113	343.0000	112.0000	0.3265	346.0000
80	0.3253	0.3612	0.1490	0.8833	0.0238	0.6034	34.6250	0.3205	304.0000	101.0000	0.3322	312.0000
81	0.3796	0.3606	0.1747	0.8822	0.0279	0.6513	33.8750	0.2918	338.0000	102.0000	0.3018	345.0000
82	0.3545	0.3678	0.1762	0.8564	0.0277	0.6633	34.2500	0.2785	390.0000	113.0000	0.2897	402.0000
83	0.3751	0.3639	0.1728	0.8731	0.0291	0.6312	34.0000	0.3102	332.0000	97.0000	0.2922	335.0000
84	0.4001	0.3705	0.1931	0.8795	0.0314	0.6894	33.7500	0.2494	383.0000	104.0000	0.2715	390.0000
85	0.3916	0.3683	0.1722	0.8586	0.0308	0.6588	34.2500	0.2744	389.0000	109.0000	0.2802	395.0000
86	0.3667	0.3612	0.1919	0.8636	0.0279	0.6622	34.2500	0.2673	373.0000	107.0000	0.2869	383.0000
87	0.4030	0.3722	0.1674	0.8603	0.0260	0.6327	34.5000	0.2965	354.0000	113.0000	0.3192	358.0000
88	0.3216	0.3595	0.1453	0.8737	0.0219	0.6297	34.0000	0.2976	310.0000	96.0000	0.3097	317.0000
89	0.3599	0.3700	0.1820	0.8484	0.0296	0.6556	33.6250	0.2809	373.0000	103.0000	0.2761	380.0000
90	0.3619	0.3733	0.1829	0.8797	0.0294	0.6617	34.1250	0.2802	369.0000	102.0000	0.2764	373.0000
91	0.3707	0.3650	0.1621	0.8685	0.0280	0.6235	34.0000	0.3118	340.0000	106.0000	0.3118	345.0000
92	0.3405	0.3755	0.1846	0.8724	0.0275	0.6573	34.0000	0.2758	357.0000	111.0000	0.3109	362.0000
93	0.3199	0.3557	0.1460	0.8694	0.0231	0.5789	34.2500	0.3571	302.0000	104.0000	0.3444	307.0000
94	0.3354	0.3678	0.1619	0.8590	0.0258	0.6130	34.3750	0.3352	335.0000	107.0000	0.3194	342.0000
95	0.3768	0.3694	0.1707	0.8782	0.0251	0.6633	34.1250	0.2851	330.0000	100.0000	0.3030	335.0000
96	0.3462	0.3628	0.1616	0.8608	0.0213	0.6264	33.6250	0.3109	313.0000	101.0000	0.3227	322.0000
97	0.3696	0.3628	0.1868	0.8580	0.0287	0.6328	34.0000	0.2883	369.0000	110.0000	0.2981	378.0000
98	0.3040	0.3595	0.1580	0.8715	0.0224	0.6035	33.8750	0.3356	335.0000	105.0000	0.3134	342.0000
99	0.3491	0.3617	0.1670	0.8641	0.0257	0.6271	34.0000	0.3236	347.0000	110.0000	0.3170	352.0000
100	0.3753	0.3617	0.1650	0.8720	0.0248	0.6506	34.1250	0.2970	328.0000	102.0000	0.3110	334.0000
101	0.3665	0.3623	0.1648	0.8718	0.0261	0.6316	33.6250	0.3036	335.0000	102.0000	0.3045	341.0000
102	0.3406	0.3700	0.1726	0.8592	0.0260	0.5904	34.2500	0.3490	351.0000	117.0000	0.3333	361.0000
103	0.3965	0.3755	0.1775	0.8818	0.0301	0.6728	34.2500	0.2608	349.0000	93.0000	0.2665	351.0000
104	0.3977	0.3645	0.1782	0.8640	0.0279	0.6771	34.1250	0.2526	361.0000	101.0000	0.2798	365.0000
105	0.4007	0.3656	0.1821	0.8781	0.0298	0.6710	34.0000	0.2833	362.0000	96.0000	0.2652	368.0000
106	0.3880	0.3683	0.1720	0.8594	0.0280	0.6364	34.8750	0.3300	344.0000	107.0000	0.3110	348.0000
107	0.3378	0.3656	0.1693	0.8600	0.0248	0.6121	33.7500	0.3119	333.0000	110.0000	0.3303	343.0000
108	0.3366	0.3546	0.1650	0.8702	0.0257	0.5828	34.6250	0.3481	322.0000	114.0000	0.3540	329.0000
109	0.3523	0.3639	0.1797	0.8681	0.0273	0.6340	35.1250	0.3072	344.0000	109.0000	0.3169	350.0000
110	0.3481	0.3645	0.1776	0.8561	0.0266	0.6011	33.6250	0.3234	351.0000	115.0000	0.3276	355.0000
111	0.3440	0.3705	0.1756	0.8649	0.0291	0.6290	34.1250	0.3064	373.0000	114.0000	0.3056	377.0000
112	0.3675	0.3590	0.1745	0.8527	0.0272	0.6332	34.1250	0.3016	346.0000	108.0000	0.3121	354.0000
113	0.3764	0.3727	0.1692	0.8548	0.0261	0.6018	33.7500	0.2997	349.0000	113.0000	0.3238	359.0000
114	0.3579	0.3749	0.1936	0.8600	0.0289	0.6494	33.6250	0.2761	361.0000	109.0000	0.3019	363.0000
115	0.3407	0.3579	0.1614	0.8513	0.0245	0.6138	34.5000	0.3028	340.0000	116.0000	0.3412	345.0000
116	0.3619	0.3694	0.1684	0.8611	0.0280	0.6375	33.3750	0.3008	376.0000	109.0000	0.2899	383.0000
117	0.3732	0.3672	0.1687	0.8608	0.0267	0.6376	34.2500	0.3151	345.0000	106.0000	0.3072	350.0000
118	0.4069	0.3678	0.1825	0.8615	0.0291	0.6799	34.1250	0.2346	352.0000	104.0000	0.2955	360.0000
119	0.4012	0.3727	0.1852	0.8782	0.0306	0.6531	33.8750	0.2959	371.0000	108.0000	0.2911	376.0000
120	0.3297	0.3645	0.1594	0.8693	0.0231	0.6005	33.7500	0.3290	323.0000	103.0000	0.3189	332.0000
121	0.3682	0.3623	0.1672	0.9020	0.0280	0.6270	34.0000	0.3270	341.0000	108.0000	0.3167	346.0000
122	0.3443	0.3650	0.1769	0.8727	0.0275	0.6309	33.6250	0.2935	364.0000	113.0000	0.3104	371.0000
123	0.3689	0.3700	0.1739	0.8624	0.0293	0.6136	34.3750	0.3166	360.0000	109.0000	0.3028	371.0000
124	0.3969	0.3694	0.1874	0.8659	0.0290	0.6744	34.0000	0.2498	368.0000	102.0000	0.2772	377.0000
125	0.3372	0.3656	0.1764	0.8600	0.0295	0.6283	34.1250	0.3246	345.0000	108.0000	0.3130	352.0000
126	0.3562	0.3645	0.1693	0.8832	0.0284	0.6114	34.0000	0.3171	341.0000	107.0000	0.3138	350.0000
127	0.3762	0.3716	0.1926	0.8717	0.0315	0.6619	34.2500	0.2660	385.0000	114.0000	0.2961	393.0000
128	0.3646	0.3694	0.1766	0.8608	0.0274	0.6250	34.3750	0.3065	369.0000	112.0000	0.3035	378.0000
129	0.3066	0.3590	0.1611	0.8799	0.0229	0.6045	34.3750	0.3456	303.0000	102.0000	0.3366	312.0000
130	0.3575	0.3716	0.1822	0.8508	0.0277	0.6450	34.7500	0.2826	362.0000	105.0000	0.2901	368.0000
131	0.3724	0.3650	0.1555	0.8631	0.0248	0.6113	34.3750	0.3063	321.0000	106.0000	0.3302	328.0000
132	0.3271	0.3650	0.1731	0.8686	0.0246	0.6266	34.5000	0.2998	359.0000	109.0000	0.3036	373.0000
133	0.3829	0.3667	0.1791	0.8643	0.0279	0.6580	34.2500	0.2698	337.0000	108.0000	0.3205	342.0000
134	0.3439	0.3634	0.1735	0.8592	0.0275	0.6009	34.3750	0.3376	356.0000	118.0000	0.3315	364.0000
135	0.3623	0.3623	0.1562	0.8633	0.0233	0.6204	34.0000	0.3124	338.0000	107.0000	0.3166	343.0000
136	0.3494	0.3601	0.1615	0.8702	0.0253	0.6109	34.3750	0.3174	324.0000	109.0000	0.3364	329.0000
137	0.3649	0.3744	0.1640	0.8534	0.0274	0.6275	33.8750	0.3320	359.0000	107.0000	0.2981	365.0000
138	0.3900	0.3595	0.1727	0.8681	0.0263	0.6645	33.7500	0.2669	331.0000	96.0000	0.2900	340.0000
139	0.4162	0.3727	0.1886	0.8590	0.0281	0.6541	34.3750	0.2707	344.0000	111.0000	0.3227	352.0000
140	0.3718	0.3656	0.1707	0.8650	0.0280	0.6363	33.7500	0.2919	342.0000	103.0000	0.3012	348.0000
141	0.3564	0.3634	0.1700	0.8747	0.0275	0.6284	34.5000	0.3071	337.0000	107.0000	0.3175	343.0000
142	0.3827	0.3650	0.1679	0.8591	0.0267	0.6734	34.1250	0.2630	364.0000	102.0000	0.2802	369.0000
143	0.3248	0.3716	0.1740	0.8634	0.0247	0.6046	33.7500	0.3281	331.0000	111.0000	0.3353	337.0000
144	0.3707	0.3606	0.1586	0.8773	0.0252	0.6319	34.2500	0.2909	332.0000	102.0000	0.3072	338.0000
145	0.3456	0.3628	0.1542	0.8706	0.0260	0.6207	34.6250	0.3113	313.0000	99.0000	0.3163	320.0000
146	0.3327	0.3645	0.1705	0.8691	0.0258	0.6225	34.0000	0.3317	318.0000	99.0000	0.3113	325.0000
147	0.3657	0.3579	0.1582	0.8674	0.0227	0.6102	34.6250	0.3129	324.0000	109.0000	0.3364	333.0000
148	0.3340	0.3678	0.1870	0.8470	0.0287	0.6152	34.0000	0.3247	375.0000	119.0000	0.3173	385.0000
149	0.3074	0.3672	0.1613	0.8621	0.0251	0.5728	34.6250	0.3689	303.0000	109.0000	0.3597	309.0000
150	0.3573	0.3639	0.1616	0.8652	0.0253	0.6217	34.1250	0.3089	333.0000	112.0000	0.3363	340.0000
151	0.3848	0.3524	0.1787	0.8759	0.0287	0.6712	34.5000	0.2342	371.0000	103.0000	0.2776	382.0000
152	0.3641	0.3738	0.1801	0.8656	0.0263	0.6349	34.1250	0.2998	352.0000	111.0000	0.3153	360.0000
153	0.3962	0.3716	0.1691	0.8819	0.0303	0.6385	34.2500	0.3088	344.0000	105.0000	0.3052	346.0000
154	0.3635	0.3694	0.1765	0.8357	0.0278	0.6277	34.5000	0.2901	364.0000	114.0000	0.3132	373.0000
155	0.3155	0.3749	0.1763	0.8497	0.0255	0.6376	35.0000	0.3227	381.0000	112.0000	0.2940	392.0000
156	0.3349	0.3645	0.1645	0.8650	0.0255	0.6324	33.6250	0.3047	330.0000	99.0000	0.3000	335.0000
157	0.3531	0.3716	0.1961	0.8632	0.0302	0.6724	34.5000	0.2535	379.0000	109.0000	0.2876	389.0000
158	0.3896	0.3612	0.1788	0.8712	0.0260	0.6673	33.7500	0.2821	341.0000	99.0000	0.2903	350.0000
159	0.3766	0.3650	0.1680	0.8655	0.0311	0.6331	33.5000	0.2905	360.0000	104.0000	0.2889	363.0000
160	0.3833	0.3595	0.1439	0.8829	0.0240	0.6433	34.0000	0.2869	289.0000	90.0000	0.3114	295.0000
161	0.3949	0.3650	0.1807	0.8609	0.0313	0.6275	33.6250	0.3087	361.0000	109.0000	0.3019	367.0000
162	0.3900	0.3683	0.1774	0.8701	0.0286	0.6544	34.2500	0.2675	344.0000	108.0000	0.3140	351.0000
163	0.3097	0.3672	0.1777	0.8412	0.0271	0.6208	33.6250	0.3190	364.0000	116.0000	0.3187	371.0000
164	0.4009	0.3711	0.1691	0.8758	0.0279	0.6689	33.7500	0.2769	334.0000	102.0000	0.3054	338.0000
165	0.3629	0.3705	0.1671	0.8705	0.0270	0.6396	34.1250	0.3036	345.0000	107.0000	0.3101	348.0000
166	0.3304	0.3667	0.1830	0.8483	0.0294	0.6381	33.7500	0.2891	376.0000	108.0000	0.2872	379.0000
167	0.3968	0.3722	0.1829	0.8698	0.0301	0.6566	33.8750	0.2982	355.0000	111.0000	0.3127	362.0000
168	0.3398	0.3667	0.1674	0.8648	0.0240	0.6270	34.6250	0.3330	305.0000	101.0000	0.3311	310.0000
169	0.3529	0.3711	0.1820	0.8785	0.0316	0.6323	34.6250	0.3129	365.0000	109.0000	0.2986	371.0000
170	0.3859	0.3650	0.1665	0.8759	0.0268	0.6115	33.8750	0.3217	319.0000	105.0000	0.3292	322.0000
171	0.3581	0.3661	0.1679	0.8630	0.0274	0.6133	34.7500	0.3165	370.0000	114.0000	0.3081	381.0000
172	0.3854	0.3667	0.1757	0.8623	0.0285	0.6456	33.6250	0.2823	348.0000	103.0000	0.2960	353.0000
173	0.3078	0.3650	0.1733	0.8781	0.0279	0.6396	34.1250	0.2852	324.0000	102.0000	0.3148	328.0000
174	0.3583	0.3634	0.1701	0.8715	0.0283	0.6156	34.0000	0.3165	367.0000	115.0000	0.3134	369.0000
175	0.3634	0.3634	0.1801	0.8602	0.0267	0.6684	33.7500	0.2694	363.0000	104.0000	0.2865	373.0000
176	0.3748	0.3755	0.1834	0.8596	0.0268	0.6324	34.2500	0.2890	369.0000	110.0000	0.2981	376.0000
177	0.3623	0.3705	0.1857	0.8501	0.0267	0.6623	34.2500	0.2906	355.0000	106.0000	0.2986	362.0000
178	0.3447	0.3667	0.1730	0.8736	0.0277	0.6353	34.0000	0.3037	360.0000	109.0000	0.3028	363.0000
179	0.3222	0.3612	0.1719	0.8556	0.0259	0.5976	34.0000	0.3436	340.0000	110.0000	0.3235	343.0000
180	0.3607	0.3738	0.1790	0.8377	0.0279	0.6373	34.2500	0.3272	358.0000	117.0000	0.3268	364.0000
181	0.4066	0.3678	0.1723	0.8563	0.0287	0.6048	34.1250	0.3234	338.0000	114.0000	0.3373	343.0000
182	0.3696	0.3661	0.1616	0.8749	0.0268	0.6728	34.3750	0.2711	335.0000	90.0000	0.2687	340.0000
183	0.3522	0.3656	0.1763	0.8647	0.0248	0.6143	33.2500	0.3279	353.0000	113.0000	0.3201	357.0000
184	0.3713	0.3727	0.1768	0.8627	0.0288	0.6405	33.8750	0.2903	348.0000	108.0000	0.3103	352.0000
185	0.3220	0.3694	0.1833	0.8429	0.0273	0.6362	34.1250	0.2762	354.0000	113.0000	0.3192	360.0000
186	0.3526	0.3700	0.1713	0.8540	0.0292	0.6541	34.3750	0.2848	355.0000	109.0000	0.3070	361.0000
187	0.3709	0.3722	0.1786	0.8374	0.0284	0.6211	33.6250	0.3136	358.0000	117.0000	0.3268	367.0000
188	0.4312	0.3650	0.1724	0.8662	0.0243	0.6879	34.3750	0.2608	341.0000	94.0000	0.2757	349.0000
189	0.3389	0.3656	0.1564	0.8787	0.0252	0.6085	34.1250	0.3196	334.0000	107.0000	0.3204	343.0000
190	0.3874	0.3689	0.1783	0.8792	0.0284	0.6155	34.2500	0.3294	347.0000	106.0000	0.3055	349.0000
191	0.3582	0.3815	0.1761	0.8487	0.0283	0.6160	34.7500	0.3226	365.0000	114.0000	0.3123	373.0000
192	0.3588	0.3650	0.1686	0.8609	0.0259	0.5916	33.8750	0.3449	338.0000	111.0000	0.3284	342.0000
193	0.3763	0.3645	0.1739	0.8550	0.0287	0.6142	34.6250	0.3125	331.0000	108.0000	0.3263	334.0000
194	0.3485	0.3672	0.1637	0.8674	0.0258	0.6169	33.7500	0.3228	320.0000	105.0000	0.3281	325.0000
195	0.3530	0.3645	0.1698	0.8626	0.0277	0.6260	34.2500	0.3099	341.0000	101.0000	0.2962	349.0000
196	0.3282	0.3595	0.1645	0.8493	0.0228	0.6139	34.2500	0.3126	317.0000	99.0000	0.3123	326.0000
197	0.3648	0.3667	0.1760	0.8909	0.0272	0.6244	34.5000	0.3075	340.0000	114.0000	0.3353	346.0000
198	0.3904	0.3694	0.1871	0.8535	0.0286	0.6809	34.1250	0.2440	379.0000	102.0000	0.2691	383.0000
199	0.4102	0.3716	0.1790	0.8527	0.0271	0.6274	34.1250	0.2975	323.0000	110.0000	0.3406	331.0000
200	0.3626	0.3678	0.1777	0.8515	0.0240	0.6183	34.0000	0.2925	349.0000	111.0000	0.3181	353.0000
201	0.3646	0.3617	0.1704	0.8668	0.0293	0.6056	33.6250	0.3202	324.0000	104.0000	0.3210	326.0000
202	0.3315	0.3694	0.1596	0.8628	0.0260	0.6252	34.1250	0.2927	340.0000	108.0000	0.3176	348.0000
203	0.3704	0.3716	0.1724	0.8728	0.0287	0.6148	35.1250	0.3085	340.0000	106.0000	0.3118	345.0000
204	0.3419	0.3617	0.1663	0.8625	0.0266	0.6276	34.1250	0.3060	323.0000	104.0000	0.3220	330.0000
205	0.3712	0.3617	0.1822	0.8644	0.0278	0.6364	34.3750	0.3002	334.0000	106.0000	0.3174	339.0000
206	0.3693	0.3716	0.1722	0.8704	0.0288	0.6190	34.8750	0.2890	357.0000	110.0000	0.3081	360.0000
207	0.3801	0.3672	0.1582	0.8659	0.0257	0.6155	34.2500	0.3291	313.0000	99.0000	0.3163	319.0000
208	0.3316	0.3645	0.1749	0.8511	0.0270	0.6197	34.2500	0.2998	339.0000	111.0000	0.3274	343.0000
209	0.3075	0.3711	0.1733	0.8725	0.0235	0.6187	34.2500	0.3205	356.0000	116.0000	0.3258	366.0000
210	0.3399	0.3672	0.1600	0.8623	0.0277	0.5979	34.3750	0.3491	326.0000	106.0000	0.3252	338.0000
211	0.3073	0.3634	0.1787	0.8530	0.0254	0.6079	33.8750	0.3325	326.0000	110.0000	0.3374	330.0000
212	0.3588	0.3634	0.1638	0.8534	0.0270	0.6048	34.2500	0.3297	334.0000	114.0000	0.3413	342.0000
213	0.3731	0.3661	0.1813	0.8756	0.0261	0.6601	34.0000	0.2896	363.0000	104.0000	0.2865	370.0000
214	0.3130	0.3568	0.1687	0.8777	0.0240	0.6095	34.0000	0.3240	330.0000	104.0000	0.3152	338.0000
215	0.3491	0.3502	0.1792	0.8669	0.0288	0.6473	34.0000	0.2931	339.0000	101.0000	0.2979	344.0000
216	0.3506	0.3656	0.1792	0.8622	0.0265	0.6583	34.1250	0.2862	334.0000	106.0000	0.3174	341.0000
217	0.3573	0.3628	0.1762	0.8501	0.0298	0.6091	33.8750	0.3179	363.0000	116.0000	0.3196	366.0000
218	0.3322	0.3683	0.1661	0.8558	0.0258	0.5963	33.5000	0.3270	323.0000	106.0000	0.3282	328.0000
219	0.4062	0.3711	0.1775	0.8605	0.0258	0.6555	34.3750	0.2716	349.0000	108.0000	0.3095	355.0000
220	0.3255	0.3639	0.1757	0.8524	0.0299	0.5919	34.0000	0.3549	341.0000	110.0000	0.3226	348.0000
221	0.3821	0.3689	0.1636	0.8543	0.0257	0.6324	33.5000	0.3106	325.0000	112.0000	0.3446	329.0000
222	0.3669	0.3601	0.1693	0.8670	0.0277	0.6310	34.1250	0.2985	351.0000	106.0000	0.3020	362.0000
223	0.3779	0.3700	0.1775	0.8750	0.0306	0.6720	34.3750	0.2507	331.0000	94.0000	0.2840	337.0000
224	0.3198	0.3645	0.1691	0.8643	0.0262	0.5763	34.6250	0.3693	344.0000	115.0000	0.3343	350.0000
225	0.3844	0.3716	0.1837	0.8702	0.0290	0.6377	34.1250	0.2781	349.0000	108.0000	0.3095	357.0000
226	0.3355	0.3601	0.1551	0.8576	0.0243	0.5921	34.2500	0.3369	321.0000	107.0000	0.3333	330.0000
227	0.3503	0.3546	0.1519	0.8938	0.0249	0.6242	34.3750	0.3242	310.0000	101.0000	0.3258	314.0000
228	0.3525	0.3656	0.1791	0.8682	0.0294	0.6188	34.3750	0.3195	355.0000	115.0000	0.3239	363.0000
229	0.4057	0.3661	0.1740	0.8812	0.0313	0.6595	34.3750	0.2781	348.0000	103.0000	0.2960	354.0000
230	0.2948	0.3639	0.1626	0.8771	0.0239	0.5997	33.7500	0.3683	342.0000	108.0000	0.3158	351.0000
231	0.3660	0.3645	0.1718	0.8555	0.0289	0.6369	33.5000	0.3111	353.0000	105.0000	0.2975	355.0000
232	0.3469	0.3639	0.1629	0.8616	0.0260	0.6127	34.5000	0.3295	321.0000	112.0000	0.3489	327.0000
233	0.3694	0.3661	0.1837	0.8657	0.0277	0.6066	34.3750	0.3233	353.0000	108.0000	0.3059	359.0000
234	0.3268	0.3705	0.1819	0.8437	0.0289	0.5850	34.1250	0.3277	379.0000	122.0000	0.3219	387.0000
235	0.3447	0.3612	0.1868	0.8691	0.0291	0.6207	33.8750	0.3101	369.0000	111.0000	0.3008	381.0000
236	0.3935	0.3661	0.1692	0.8674	0.0266	0.6576	34.7500	0.2784	347.0000	105.0000	0.3026	353.0000
237	0.3184	0.3595	0.1578	0.8521	0.0259	0.6069	33.7500	0.3321	312.0000	106.0000	0.3397	314.0000
238	0.3941	0.3744	0.1861	0.8504	0.0287	0.6533	33.8750	0.2974	341.0000	110.0000	0.3226	347.0000
239	0.3126	0.3760	0.1723	0.8574	0.0268	0.5833	34.7500	0.3245	363.0000	119.0000	0.3278	370.0000
240	0.3006	0.3590	0.1586	0.8706	0.0238	0.6225	34.2500	0.3062	338.0000	105.0000	0.3107	346.0000
241	0.3572	0.3639	0.1665	0.8295	0.0266	0.6156	33.8750	0.3133	356.0000	112.0000	0.3146	363.0000
242	0.3768	0.3672	0.1830	0.8629	0.0275	0.6492	33.8750	0.2730	350.0000	106.0000	0.3029	357.0000
243	0.3383	0.3722	0.1653	0.8500	0.0263	0.5826	34.1250	0.3231	331.0000	114.0000	0.3444	335.0000
244	0.3993	0.3727	0.1749	0.8535	0.0256	0.6515	33.8750	0.2727	365.0000	111.0000	0.3041	375.0000
245	0.3921	0.3623	0.1690	0.8564	0.0260	0.6184	34.7500	0.2971	331.0000	115.0000	0.3474	339.0000
246	0.3562	0.3661	0.1680	0.8795	0.0274	0.6077	33.8750	0.3258	323.0000	95.0000	0.2941	331.0000
247	0.3715	0.3700	0.1772	0.8755	0.0287	0.6194	34.5000	0.3286	335.0000	109.0000	0.3254	344.0000
248	0.3753	0.3733	0.1718	0.8568	0.0289	0.6570	34.2500	0.2692	369.0000	106.0000	0.2873	381.0000
249	0.3641	0.3628	0.1669	0.8475	0.0239	0.5953	34.6250	0.3236	346.0000	113.0000	0.3266	356.0000
250	0.3486	0.3513	0.1579	0.8943	0.0248	0.6269	34.5000	0.3342	308.0000	96.0000	0.3117	312.0000
251	0.3299	0.3744	0.1903	0.8490	0.0266	0.6130	34.2500	0.3224	345.0000	110.0000	0.3188	350.0000
252	0.3354	0.3645	0.1654	0.8775	0.0227	0.6190	33.6250	0.3296	320.0000	105.0000	0.3281	328.0000
253	0.4378	0.3639	0.1736	0.8682	0.0292	0.6776	34.3750	0.2705	348.0000	98.0000	0.2816	355.0000
254	0.3404	0.3661	0.1731	0.8607	0.0256	0.6079	34.5000	0.3323	338.0000	106.0000	0.3136	344.0000
255	0.3860	0.3667	0.1747	0.8728	0.0296	0.6702	34.0000	0.2814	349.0000	102.0000	0.2923	353.0000
256	0.3502	0.3689	0.1636	0.8597	0.0251	0.6420	34.2500	0.2937	324.0000	105.0000	0.3241	328.0000
257	0.3550	0.3678	0.1817	0.8594	0.0291	0.6227	35.1250	0.3082	363.0000	108.0000	0.2975	371.0000
258	0.3695	0.3755	0.1898	0.8691	0.0274	0.6375	34.5000	0.2914	357.0000	113.0000	0.3165	359.0000
259	0.3070	0.3650	0.1692	0.8733	0.0256	0.5963	34.7500	0.3144	342.0000	115.0000	0.3363	349.0000
260	0.3533	0.3683	0.1814	0.8492	0.0280	0.6413	34.5000	0.3164	359.0000	113.0000	0.3148	367.0000
261	0.3649	0.3716	0.1835	0.8545	0.0296	0.6287	33.3750	0.3085	368.0000	108.0000	0.2935	376.0000
262	0.3495	0.3733	0.1719	0.8726	0.0294	0.6538	33.8750	0.2869	341.0000	100.0000	0.2933	347.0000
263	0.4000	0.3645	0.1753	0.8409	0.0271	0.6311	34.1250	0.2956	343.0000	110.0000	0.3207	347.0000
264	0.3523	0.3667	0.1776	0.8489	0.0289	0.6138	34.2500	0.3215	358.0000	110.0000	0.3073	369.0000
265	0.2898	0.3579	0.1598	0.8729	0.0271	0.5877	34.1250	0.3638	324.0000	110.0000	0.3395	328.0000
266	0.3529	0.3771	0.1741	0.8820	0.0261	0.6245	34.6250	0.3006	364.0000	110.0000	0.3022	369.0000
267	0.4056	0.3700	0.1708	0.8549	0.0271	0.6401	34.5000	0.2826	342.0000	104.0000	0.3041	352.0000
268	0.3717	0.3705	0.1618	0.8765	0.0272	0.6130	34.6250	0.3177	322.0000	103.0000	0.3199	326.0000
269	0.3818	0.3617	0.1687	0.8727	0.0275	0.6264	34.7500	0.3068	336.0000	103.0000	0.3065	342.0000
270	0.3408	0.3678	0.1578	0.8692	0.0243	0.6200	34.6250	0.3082	336.0000	104.0000	0.3095	338.0000
271	0.3489	0.3733	0.1903	0.8665	0.0292	0.6595	33.2500	0.2731	365.0000	104.0000	0.2849	367.0000
272	0.3522	0.3711	0.1629	0.8788	0.0240	0.6311	33.8750	0.3067	314.0000	109.0000	0.3471	318.0000
273	0.3792	0.3590	0.1738	0.8763	0.0262	0.6624	33.8750	0.2836	350.0000	107.0000	0.3057	358.0000
274	0.3270	0.3667	0.1726	0.8752	0.0271	0.6234	34.0000	0.3147	365.0000	110.0000	0.3014	370.0000
275	0.3417	0.3590	0.1640	0.8453	0.0261	0.6257	34.1250	0.3285	338.0000	102.0000	0.3018	340.0000
276	0.3544	0.3799	0.1794	0.8624	0.0307	0.6163	34.0000	0.3131	351.0000	111.0000	0.3162	354.0000
277	0.4065	0.3650	0.1720	0.8835	0.0288	0.6469	34.2500	0.3033	343.0000	98.0000	0.2857	347.0000
278	0.3821	0.3656	0.1708	0.8533	0.0271	0.6607	34.8750	0.2802	343.0000	98.0000	0.2857	346.0000
279	0.3509	0.3722	0.1839	0.8691	0.0271	0.6191	33.7500	0.3045	359.0000	109.0000	0.3036	367.0000
280	0.3851	0.3738	0.1639	0.8831	0.0261	0.6517	34.3750	0.3076	350.0000	102.0000	0.2914	356.0000
281	0.3895	0.3656	0.1872	0.8493	0.0271	0.6430	33.8750	0.2848	370.0000	112.0000	0.3027	377.0000
282	0.3817	0.3601	0.1741	0.8709	0.0303	0.6226	34.6250	0.3074	348.0000	109.0000	0.3132	354.0000
283	0.3632	0.3678	0.1708	0.8521	0.0252	0.6296	34.8750	0.3068	342.0000	105.0000	0.3070	345.0000
284	0.3424	0.3700	0.1714	0.8801	0.0245	0.6333	34.7500	0.3247	338.0000	110.0000	0.3254	347.0000
285	0.3507	0.3612	0.1733	0.8543	0.0277	0.6072	34.0000	0.3105	336.0000	111.0000	0.3304	341.0000
286	0.3535	0.3656	0.1682	0.8749	0.0241	0.6336	34.2500	0.2956	337.0000	102.0000	0.3027	342.0000
287	0.3757	0.3711	0.1815	0.8702	0.0262	0.6371	34.6250	0.2915	341.0000	110.0000	0.3226	350.0000
288	0.3936	0.3700	0.1740	0.8596	0.0297	0.6355	34.7500	0.3172	334.0000	107.0000	0.3204	336.0000
289	0.3647	0.3716	0.1795	0.8690	0.0278	0.6470	34.1250	0.2748	360.0000	118.0000	0.3278	364.0000
290	0.3388	0.3722	0.1755	0.8530	0.0266	0.6038	34.1250	0.3253	332.0000	113.0000	0.3404	339.0000
291	0.3655	0.3634	0.1937	0.8710	0.0296	0.6280	34.5000	0.3204	349.0000	109.0000	0.3123	354.0000
292	0.3818	0.3700	0.1777	0.8739	0.0271	0.6224	34.5000	0.3021	325.0000	104.0000	0.3200	333.0000
293	0.3406	0.3749	0.1855	0.8656	0.0294	0.6533	35.2500	0.2987	371.0000	114.0000	0.3073	374.0000
294	0.3610	0.3793	0.1820	0.8617	0.0290	0.6629	34.0000	0.2701	346.0000	101.0000	0.2919	349.0000
295	0.3490	0.3694	0.1860	0.8519	0.0264	0.6246	34.2500	0.3021	354.0000	111.0000	0.3136	367.0000
296	0.3800	0.3733	0.1826	0.8622	0.0263	0.6543	34.3750	0.2838	367.0000	115.0000	0.3134	371.0000
297	0.3479	0.3628	0.1764	0.8742	0.0271	0.6230	34.3750	0.2997	344.0000	102.0000	0.2965	352.0000
298	0.3386	0.3700	0.1747	0.8534	0.0305	0.6143	34.6250	0.3274	353.0000	107.0000	0.3031	358.0000
299	0.3539	0.3672	0.1787	0.8794	0.0284	0.5826	34.3750	0.3570	364.0000	117.0000	0.3214	368.0000
300	0.3887	0.3744	0.1733	0.8712	0.0283	0.6189	34.8750	0.3117	338.0000	105.0000	0.3107	347.0000
301	0.4837	0.3711	0.1784	0.8708	0.0301	0.6768	34.0000	0.2374	365.0000	103.0000	0.2822	367.0000
302	0.3376	0.3628	0.1682	0.8748	0.0272	0.5900	34.5000	0.3583	322.0000	102.0000	0.3168	330.0000
303	0.4081	0.3617	0.1601	0.8797	0.0260	0.6771	34.1250	0.2436	346.0000	99.0000	0.2861	356.0000
304	0.3609	0.3656	0.1841	0.8661	0.0289	0.6376	34.1250	0.2924	371.0000	111.0000	0.2992	376.0000
305	0.3610	0.3771	0.1948	0.8538	0.0307	0.6419	34.2500	0.2917	374.0000	112.0000	0.2995	384.0000
306	0.3348	0.3623	0.1628	0.8694	0.0243	0.6527	34.0000	0.2930	342.0000	105.0000	0.3070	348.0000
307	0.3386	0.3645	0.1738	0.8661	0.0280	0.6123	34.5000	0.3057	354.0000	113.0000	0.3192	360.0000
308	0.3740	0.3661	0.1732	0.8461	0.0262	0.6480	34.0000	0.2964	376.0000	111.0000	0.2952	386.0000
309	0.3825	0.3678	0.1706	0.8409	0.0275	0.6337	34.6250	0.2898	361.0000	113.0000	0.3130	363.0000
310	0.3367	0.3606	0.1648	0.8582	0.0268	0.6056	33.6250	0.3471	334.0000	112.0000	0.3353	341.0000
311	0.3831	0.3645	0.1606	0.8703	0.0252	0.6430	34.7500	0.3081	307.0000	101.0000	0.3290	314.0000
312	0.2828	0.3656	0.1346	0.8856	0.0193	0.6171	34.1250	0.3230	293.0000	99.0000	0.3379	298.0000
313	0.3350	0.3623	0.1786	0.8687	0.0280	0.6571	34.0000	0.2872	340.0000	103.0000	0.3029	345.0000
314	0.4043	0.3672	0.1793	0.8704	0.0296	0.6835	33.5000	0.2662	353.0000	100.0000	0.2833	358.0000
315	0.3139	0.3716	0.1752	0.8638	0.0260	0.6104	35.0000	0.3222	368.0000	115.0000	0.3125	376.0000
316	0.3500	0.3749	0.1850	0.8534	0.0279	0.6125	34.0000	0.3198	339.0000	108.0000	0.3186	341.0000
317	0.3929	0.3700	0.1767	0.8585	0.0271	0.6207	34.3750	0.2963	348.0000	106.0000	0.3046	353.0000
318	0.3812	0.3612	0.1626	0.8789	0.0245	0.6355	35.0000	0.3090	331.0000	95.0000	0.2870	340.0000
319	0.3646	0.3678	0.1944	0.8632	0.0291	0.6310	34.3750	0.2960	374.0000	110.0000	0.2941	380.0000
320	0.4079	0.3667	0.1847	0.8808	0.0284	0.6470	34.0000	0.3054	361.0000	103.0000	0.2853	366.0000
321	0.3281	0.3601	0.1568	0.8710	0.0227	0.6039	33.7500	0.3376	313.0000	105.0000	0.3355	317.0000
322	0.3233	0.3562	0.1607	0.8665	0.0224	0.5923	33.8750	0.3426	317.0000	103.0000	0.3249	322.0000
323	0.3437	0.3689	0.1679	0.8841	0.0248	0.6385	34.0000	0.3095	313.0000	98.0000	0.3131	318.0000
324	0.3433	0.3606	0.1684	0.8745	0.0278	0.6388	34.2500	0.3106	325.0000	103.0000	0.3169	332.0000
325	0.4038	0.3700	0.1796	0.8752	0.0270	0.6571	34.0000	0.3015	337.0000	103.0000	0.3056	343.0000
326	0.3531	0.3590	0.1857	0.8799	0.0278	0.6386	34.2500	0.3125	355.0000	106.0000	0.2986	362.0000
327	0.3577	0.3639	0.1524	0.8749	0.0230	0.6588	34.1250	0.3019	306.0000	94.0000	0.3072	313.0000
328	0.3161	0.3656	0.1640	0.8707	0.0269	0.5905	33.8750	0.3517	325.0000	104.0000	0.3200	327.0000
329	0.3818	0.3700	0.1785	0.8681	0.0285	0.5963	34.0000	0.3281	325.0000	111.0000	0.3415	330.0000
330	0.3730	0.3782	0.1840	0.8507	0.0284	0.6314	33.7500	0.3173	369.0000	113.0000	0.3062	371.0000
331	0.3716	0.3683	0.1694	0.8559	0.0256	0.6219	34.3750	0.2899	336.0000	111.0000	0.3304	346.0000
332	0.3364	0.3727	0.1770	0.8718	0.0256	0.6250	33.5000	0.3214	356.0000	111.0000	0.3118	358.0000
333	0.3638	0.3705	0.1724	0.8447	0.0248	0.6267	33.7500	0.2998	357.0000	106.0000	0.2969	367.0000
334	0.4007	0.3722	0.1872	0.8469	0.0280	0.6535	33.7500	0.2822	368.0000	105.0000	0.2853	376.0000
335	0.4268	0.3639	0.1672	0.8891	0.0311	0.6613	34.5000	0.2654	362.0000	105.0000	0.2901	371.0000
336	0.3455	0.3628	0.1653	0.8760	0.0257	0.6272	34.1250	0.3214	346.0000	110.0000	0.3179	352.0000
337	0.2962	0.3573	0.1583	0.8495	0.0255	0.5578	33.5000	0.3924	305.0000	108.0000	0.3541	312.0000
338	0.3778	0.3579	0.1636	0.8635	0.0226	0.6179	34.2500	0.3152	322.0000	105.0000	0.3261	329.0000
339	0.3325	0.3678	0.1768	0.8650	0.0261	0.6120	34.2500	0.3218	353.0000	114.0000	0.3229	359.0000
340	0.3775	0.3601	0.1722	0.8677	0.0254	0.6468	33.8750	0.2851	327.0000	98.0000	0.2997	333.0000
341	0.3713	0.3678	0.1763	0.8539	0.0286	0.6335	34.1250	0.3010	362.0000	110.0000	0.3039	365.0000
342	0.3305	0.3689	0.1646	0.8719	0.0271	0.6284	34.2500	0.2947	337.0000	103.0000	0.3056	343.0000
343	0.3738	0.3661	0.1622	0.8798	0.0233	0.6276	34.7500	0.3027	334.0000	108.0000	0.3234	342.0000
344	0.3418	0.3623	0.1642	0.8760	0.0239	0.6636	34.2500	0.2871	321.0000	94.0000	0.2928	325.0000
345	0.3642	0.3590	0.1641	0.8517	0.0269	0.6145	34.3750	0.3112	330.0000	109.0000	0.3303	334.0000
346	0.3956	0.3705	0.1867	0.8513	0.0270	0.6280	34.7500	0.2957	368.0000	115.0000	0.3125	377.0000
347	0.3460	0.3606	0.1622	0.8809	0.0254	0.6121	34.0000	0.3177	324.0000	98.0000	0.3025	329.0000
348	0.3898	0.3650	0.1769	0.8596	0.0285	0.6518	34.3750	0.2763	384.0000	109.0000	0.2839	393.0000
349	0.3153	0.3579	0.1683	0.8547	0.0265	0.5478	33.8750	0.3673	337.0000	114.0000	0.3383	343.0000
350	0.3453	0.3722	0.1682	0.8630	0.0258	0.6329	34.0000	0.2973	340.0000	107.0000	0.3147	347.0000
351	0.4286	0.3689	0.1729	0.8708	0.0309	0.6621	34.2500	0.2758	376.0000	103.0000	0.2739	387.0000
352	0.3991	0.3623	0.1640	0.8731	0.0297	0.6316	34.2500	0.3095	322.0000	98.0000	0.3043	330.0000
353	0.3331	0.3760	0.1946	0.8545	0.0306	0.6267	34.7500	0.3093	378.0000	119.0000	0.3148	385.0000
354	0.3897	0.3634	0.1697	0.8843	0.0255	0.6372	34.0000	0.2932	342.0000	107.0000	0.3129	350.0000
355	0.3718	0.3738	0.1722	0.8705	0.0265	0.6217	35.2500	0.3072	325.0000	106.0000	0.3262	327.0000
356	0.3369	0.3744	0.1825	0.8575	0.0301	0.6218	34.3750	0.3191	372.0000	117.0000	0.3145	377.0000
357	0.3382	0.3700	0.1634	0.8763	0.0253	0.5978	33.6250	0.3481	332.0000	113.0000	0.3404	338.0000
358	0.4042	0.3645	0.1730	0.8870	0.0281	0.6462	34.2500	0.2889	340.0000	104.0000	0.3059	344.0000
359	0.3445	0.3738	0.1703	0.8532	0.0240	0.6473	34.5000	0.3040	334.0000	107.0000	0.3204	337.0000
360	0.3499	0.3700	0.1717	0.8703	0.0268	0.6339	33.5000	0.3109	329.0000	105.0000	0.3191	334.0000
361	0.3601	0.3639	0.1729	0.8757	0.0278	0.6121	34.3750	0.3248	343.0000	107.0000	0.3120	351.0000
362	0.3432	0.3595	0.1759	0.8621	0.0279	0.6065	34.0000	0.3199	350.0000	108.0000	0.3086	353.0000
363	0.3925	0.3766	0.1897	0.8661	0.0280	0.6752	34.2500	0.2551	358.0000	102.0000	0.2849	366.0000
364	0.3619	0.3656	0.1687	0.8630	0.0274	0.6030	34.5000	0.3382	339.0000	111.0000	0.3274	342.0000
365	0.3900	0.3623	0.1814	0.8566	0.0282	0.6643	34.1250	0.2434	364.0000	110.0000	0.3022	368.0000
366	0.3587	0.3645	0.1574	0.8725	0.0250	0.6187	34.0000	0.3147	335.0000	99.0000	0.2955	342.0000
367	0.3988	0.3661	0.1884	0.8636	0.0293	0.6690	34.3750	0.2485	396.0000	110.0000	0.2778	398.0000
368	0.3614	0.3694	0.1890	0.8611	0.0307	0.6531	34.1250	0.2854	367.0000	112.0000	0.3052	375.0000
369	0.3486	0.3645	0.1740	0.8694	0.0293	0.6634	34.7500	0.2923	345.0000	96.0000	0.2783	349.0000
370	0.4145	0.3711	0.1724	0.8689	0.0269	0.6339	34.0000	0.3098	335.0000	105.0000	0.3134	343.0000
371	0.2962	0.3683	0.1572	0.8732	0.0248	0.5871	34.8750	0.3352	345.0000	116.0000	0.3362	355.0000
372	0.3655	0.3744	0.1913	0.8536	0.0303	0.6164	34.2500	0.3116	352.0000	115.0000	0.3267	357.0000
373	0.3748	0.3573	0.1707	0.8734	0.0266	0.6432	34.6250	0.3059	327.0000	100.0000	0.3058	336.0000
374	0.3950	0.3639	0.1636	0.8592	0.0271	0.6785	34.3750	0.2705	344.0000	95.0000	0.2762	351.0000
375	0.3369	0.3623	0.1557	0.8631	0.0229	0.5798	34.5000	0.3441	342.0000	117.0000	0.3421	346.0000
376	0.3417	0.3634	0.1631	0.8640	0.0273	0.6348	34.5000	0.3046	342.0000	102.0000	0.2982	347.0000
377	0.3765	0.3689	0.1615	0.8769	0.0272	0.6211	33.8750	0.3170	325.0000	104.0000	0.3200	333.0000
378	0.3247	0.3711	0.1783	0.8445	0.0244	0.6291	34.0000	0.3395	347.0000	119.0000	0.3429	352.0000
379	0.3883	0.3689	0.1731	0.8841	0.0260	0.6992	33.6250	0.2635	351.0000	90.0000	0.2564	359.0000
380	0.3637	0.3667	0.1584	0.8708	0.0236	0.6381	34.0000	0.3014	336.0000	102.0000	0.3036	343.0000
381	0.3438	0.3661	0.1757	0.8714	0.0284	0.6351	34.2500	0.2662	351.0000	100.0000	0.2849	359.0000
382	0.3796	0.3689	0.1752	0.8839	0.0298	0.6291	34.5000	0.3212	328.0000	105.0000	0.3201	334.0000
383	0.3693	0.3716	0.1765	0.8574	0.0279	0.6749	34.0000	0.2684	354.0000	107.0000	0.3023	361.0000
384	0.3713	0.3683	0.1726	0.8625	0.0270	0.6182	34.5000	0.2961	337.0000	100.0000	0.2967	344.0000
385	0.3511	0.3711	0.1601	0.8717	0.0258	0.6053	33.3750	0.3480	344.0000	107.0000	0.3110	349.0000
386	0.3712	0.3623	0.1686	0.8707	0.0257	0.6489	33.5000	0.2784	340.0000	103.0000	0.3029	351.0000
387	0.3894	0.3689	0.1673	0.8429	0.0301	0.6203	34.3750	0.3019	348.0000	110.0000	0.3161	355.0000
388	0.3774	0.3689	0.1696	0.8684	0.0264	0.6578	33.3750	0.2938	332.0000	99.0000	0.2982	337.0000
389	0.3368	0.3634	0.1686	0.8645	0.0273	0.6350	33.8750	0.2938	344.0000	106.0000	0.3081	351.0000
390	0.3761	0.3617	0.1641	0.8543	0.0243	0.6541	33.6250	0.2910	341.0000	102.0000	0.2991	349.0000
391	0.3737	0.3590	0.1717	0.8761	0.0288	0.6208	33.7500	0.3346	349.0000	108.0000	0.3095	353.0000
392	0.3194	0.3711	0.1902	0.8608	0.0279	0.6137	34.0000	0.3171	362.0000	120.0000	0.3315	367.0000
393	0.3723	0.3656	0.1705	0.8555	0.0288	0.6178	33.6250	0.3228	333.0000	105.0000	0.3153	342.0000
394	0.4123	0.3749	0.1817	0.8455	0.0318	0.6549	34.3750	0.2902	396.0000	115.0000	0.2904	398.0000
395	0.3403	0.3606	0.1671	0.8658	0.0258	0.6196	34.0000	0.3181	337.0000	105.0000	0.3116	345.0000
396	0.3730	0.3749	0.1811	0.8779	0.0272	0.6644	34.2500	0.3157	352.0000	101.0000	0.2869	356.0000
397	0.3673	0.3683	0.1861	0.8454	0.0275	0.6558	34.0000	0.2784	358.0000	108.0000	0.3017	368.0000
398	0.3138	0.3628	0.1569	0.8477	0.0224	0.6247	34.3750	0.3059	304.0000	100.0000	0.3289	311.0000
399	0.3746	0.3634	0.1748	0.8732	0.0289	0.6389	33.8750	0.3134	353.0000	109.0000	0.3088	364.0000
400	0.3467	0.3540	0.1661	0.8891	0.0246	0.5936	34.8750	0.3407	319.0000	110.0000	0.3448	323.0000
401	0.3765	0.3606	0.1686	0.8546	0.0294	0.6437	33.6250	0.2765	360.0000	104.0000	0.2889	367.0000
402	0.3802	0.3700	0.1774	0.8657	0.0298	0.6526	34.1250	0.2771	361.0000	98.0000	0.2715	373.0000
403	0.3262	0.3727	0.1741	0.8626	0.0277	0.6118	33.6250	0.3215	364.0000	106.0000	0.2912	368.0000
404	0.3251	0.3716	0.1697	0.8660	0.0265	0.6344	34.1250	0.2947	350.0000	107.0000	0.3057	357.0000
405	0.3626	0.3722	0.1844	0.8632	0.0286	0.6497	33.7500	0.3059	359.0000	105.0000	0.2925	363.0000
406	0.3808	0.3727	0.1722	0.8401	0.0260	0.6344	34.6250	0.2890	337.0000	113.0000	0.3353	341.0000
407	0.3573	0.3760	0.1964	0.8457	0.0307	0.6289	33.8750	0.3062	377.0000	109.0000	0.2891	380.0000
408	0.3379	0.3612	0.1785	0.8566	0.0291	0.6138	34.5000	0.3116	359.0000	108.0000	0.3008	365.0000
409	0.3625	0.3628	0.1657	0.8888	0.0263	0.6364	34.2500	0.3218	322.0000	103.0000	0.3199	329.0000
410	0.3574	0.3617	0.1660	0.8626	0.0256	0.6551	34.3750	0.2828	345.0000	102.0000	0.2957	352.0000
411	0.3772	0.3612	0.1804	0.8622	0.0267	0.6650	34.2500	0.2791	370.0000	98.0000	0.2649	377.0000
412	0.3580	0.3672	0.1686	0.8599	0.0267	0.6213	34.8750	0.3287	334.0000	106.0000	0.3174	341.0000
413	0.3469	0.3694	0.1750	0.8736	0.0269	0.6003	34.3750	0.3331	342.0000	114.0000	0.3333	350.0000
414	0.3256	0.3667	0.1692	0.8587	0.0268	0.6298	33.6250	0.3061	357.0000	109.0000	0.3053	361.0000
415	0.3933	0.3678	0.1754	0.8705	0.0261	0.6599	34.1250	0.2930	316.0000	103.0000	0.3259	323.0000
416	0.3311	0.3573	0.1561	0.8739	0.0254	0.6296	34.2500	0.3073	340.0000	109.0000	0.3206	346.0000
417	0.3715	0.3650	0.1763	0.8692	0.0262	0.6166	34.2500	0.3125	354.0000	118.0000	0.3333	363.0000
418	0.3499	0.3617	0.1699	0.8672	0.0254	0.6086	34.1250	0.3320	332.0000	107.0000	0.3223	342.0000
419	0.3896	0.3623	0.1702	0.8739	0.0290	0.6179	34.2500	0.3128	335.0000	109.0000	0.3254	345.0000
420	0.3650	0.3705	0.1734	0.8535	0.0270	0.6305	33.8750	0.2949	342.0000	116.0000	0.3392	348.0000
421	0.3748	0.3579	0.1817	0.8656	0.0305	0.6459	34.1250	0.2703	350.0000	106.0000	0.3029	352.0000
422	0.3836	0.3617	0.1774	0.8606	0.0247	0.6679	34.0000	0.2598	349.0000	97.0000	0.2779	355.0000
423	0.3702	0.3645	0.1731	0.8612	0.0292	0.6491	34.2500	0.2909	334.0000	102.0000	0.3054	340.0000
424	0.3655	0.3700	0.1723	0.8584	0.0279	0.6502	34.2500	0.2759	353.0000	103.0000	0.2918	360.0000
425	0.3471	0.3733	0.1779	0.8436	0.0305	0.6180	34.2500	0.2997	357.0000	113.0000	0.3165	363.0000
426	0.3134	0.3650	0.1702	0.8488	0.0235	0.6523	34.0000	0.2769	333.0000	97.0000	0.2913	337.0000
427	0.3888	0.3683	0.1834	0.8410	0.0280	0.6339	33.7500	0.2992	343.0000	113.0000	0.3294	350.0000
428	0.4158	0.3656	0.1828	0.8469	0.0285	0.6221	34.1250	0.3053	344.0000	110.0000	0.3198	352.0000
429	0.3181	0.3711	0.1817	0.8626	0.0274	0.6215	33.7500	0.3359	352.0000	116.0000	0.3295	358.0000
430	0.3315	0.3727	0.1629	0.8601	0.0239	0.6204	34.3750	0.3144	349.0000	109.0000	0.3123	352.0000
431	0.3466	0.3645	0.1550	0.8726	0.0253	0.6096	33.8750	0.3421	348.0000	113.0000	0.3247	350.0000
432	0.3932	0.3755	0.1688	0.8497	0.0274	0.6429	34.2500	0.2824	360.0000	106.0000	0.2944	368.0000
433	0.3967	0.3535	0.1518	0.8582	0.0246	0.6263	34.2500	0.2982	327.0000	100.0000	0.3058	331.0000
434	0.3345	0.3656	0.1759	0.8560	0.0267	0.5966	34.3750	0.3473	352.0000	121.0000	0.3438	359.0000
435	0.4035	0.3722	0.1734	0.8915	0.0260	0.6721	34.2500	0.2603	318.0000	94.0000	0.2956	325.0000
436	0.4184	0.3656	0.1834	0.8470	0.0300	0.6685	33.8750	0.2622	358.0000	105.0000	0.2933	366.0000
437	0.4213	0.3678	0.1629	0.8581	0.0247	0.6663	34.1250	0.2627	333.0000	101.0000	0.3033	335.0000
438	0.3412	0.3601	0.1770	0.8510	0.0280	0.6092	33.7500	0.3435	328.0000	107.0000	0.3262	339.0000
439	0.3226	0.3672	0.1674	0.8548	0.0250	0.5942	34.0000	0.3313	330.0000	112.0000	0.3394	336.0000
440	0.3817	0.3557	0.1434	0.8614	0.0225	0.6063	34.0000	0.3395	311.0000	101.0000	0.3248	321.0000
441	0.3486	0.3579	0.1659	0.8678	0.0231	0.6663	34.5000	0.2547	344.0000	96.0000	0.2791	352.0000
442	0.3605	0.3716	0.1738	0.8611	0.0284	0.6335	34.6250	0.3398	352.0000	109.0000	0.3097	356.0000
443	0.3619	0.3645	0.1649	0.8730	0.0250	0.6182	34.2500	0.3296	328.0000	106.0000	0.3232	339.0000
444	0.3272	0.3623	0.1713	0.8469	0.0256	0.6020	34.5000	0.3325	346.0000	111.0000	0.3208	352.0000
445	0.3600	0.3617	0.1619	0.8806	0.0241	0.6311	34.3750	0.3129	321.0000	109.0000	0.3396	326.0000
446	0.3922	0.3667	0.1754	0.8726	0.0293	0.6448	34.1250	0.3153	342.0000	99.0000	0.2895	348.0000
447	0.3994	0.3733	0.1866	0.8606	0.0309	0.6603	34.2500	0.2744	379.0000	108.0000	0.2850	388.0000
448	0.3536	0.3694	0.1814	0.8497	0.0282	0.6272	34.8750	0.3020	383.0000	116.0000	0.3029	393.0000
449	0.3767	0.3705	0.1756	0.8793	0.0290	0.6434	34.2500	0.2898	351.0000	101.0000	0.2877	361.0000
450	0.3114	0.3584	0.1475	0.8883	0.0235	0.5993	34.3750	0.3419	306.0000	91.0000	0.2974	308.0000
451	0.3448	0.3645	0.1844	0.8663	0.0277	0.6474	34.0000	0.2880	366.0000	111.0000	0.3033	376.0000
452	0.3179	0.3705	0.1586	0.8789	0.0241	0.6387	33.7500	0.3090	306.0000	100.0000	0.3268	308.0000
453	0.3753	0.3617	0.1725	0.8811	0.0289	0.6214	34.2500	0.3153	345.0000	108.0000	0.3130	352.0000
454	0.3605	0.3650	0.1752	0.8746	0.0268	0.6162	34.7500	0.3288	362.0000	114.0000	0.3149	367.0000
455	0.3750	0.3705	0.1742	0.8703	0.0280	0.6487	34.1250	0.2775	351.0000	97.0000	0.2764	353.0000
456	0.3632	0.3656	0.1560	0.8658	0.0266	0.5949	34.0000	0.3308	332.0000	107.0000	0.3223	342.0000
457	0.3395	0.3557	0.1618	0.8637	0.0253	0.6230	34.3750	0.3192	319.0000	106.0000	0.3323	327.0000
458	0.3462	0.3683	0.1902	0.8399	0.0294	0.5876	33.3750	0.3313	374.0000	121.0000	0.3235	378.0000
459	0.3360	0.3672	0.1688	0.8851	0.0269	0.6175	34.2500	0.3367	349.0000	112.0000	0.3209	356.0000
460	0.3461	0.3711	0.1909	0.8606	0.0298	0.6454	33.5000	0.2861	391.0000	113.0000	0.2890	397.0000
461	0.3758	0.3700	0.1687	0.8719	0.0249	0.6299	34.3750	0.3115	336.0000	108.0000	0.3214	341.0000
462	0.4048	0.3694	0.1745	0.8636	0.0283	0.6823	34.3750	0.2683	357.0000	104.0000	0.2913	367.0000
463	0.3621	0.3568	0.1691	0.8720	0.0258	0.5940	34.6250	0.3498	324.0000	109.0000	0.3364	328.0000
464	0.3742	0.3694	0.1791	0.8569	0.0291	0.6550	34.1250	0.2821	369.0000	102.0000	0.2764	379.0000
465	0.3721	0.3771	0.1763	0.8655	0.0280	0.6473	34.8750	0.2865	353.0000	104.0000	0.2946	359.0000
466	0.3576	0.3733	0.1658	0.8751	0.0254	0.6507	33.7500	0.2838	335.0000	104.0000	0.3104	342.0000
467	0.3558	0.3617	0.1673	0.8545	0.0261	0.6057	33.8750	0.3123	324.0000	106.0000	0.3272	333.0000
468	0.3614	0.3788	0.1966	0.8467	0.0312	0.6519	35.0000	0.2794	384.0000	112.0000	0.2917	392.0000
469	0.3618	0.3667	0.1836	0.8604	0.0291	0.6529	34.5000	0.2642	352.0000	107.0000	0.3040	359.0000
470	0.3891	0.3601	0.1754	0.8693	0.0251	0.6285	33.8750	0.3210	334.0000	106.0000	0.3174	342.0000
471	0.3274	0.3590	0.1736	0.8500	0.0251	0.5965	34.3750	0.3459	338.0000	112.0000	0.3314	345.0000
472	0.4146	0.3667	0.1677	0.8745	0.0282	0.6696	33.7500	0.2636	349.0000	101.0000	0.2894	353.0000
473	0.3913	0.3722	0.1927	0.8640	0.0269	0.6981	34.3750	0.2400	369.0000	110.0000	0.2981	373.0000
474	0.3416	0.3612	0.1709	0.8633	0.0260	0.6289	34.5000	0.3062	329.0000	101.0000	0.3070	336.0000
475	0.3536	0.3656	0.1671	0.8487	0.0261	0.6462	34.5000	0.2966	335.0000	103.0000	0.3075	342.0000
476	0.3546	0.3678	0.1841	0.8647	0.0272	0.6231	34.1250	0.2887	357.0000	111.0000	0.3109	366.0000
477	0.3723	0.3573	0.1627	0.8556	0.0265	0.6204	33.8750	0.3061	320.0000	98.0000	0.3063	327.0000
478	0.3582	0.3650	0.1701	0.8450	0.0261	0.6400	34.0000	0.2937	349.0000	107.0000	0.3066	356.0000
479	0.3742	0.3793	0.1897	0.8651	0.0318	0.6439	35.3750	0.3005	366.0000	113.0000	0.3087	372.0000
480	0.3944	0.3755	0.1714	0.8913	0.0292	0.6715	34.2500	0.2760	333.0000	91.0000	0.2733	343.0000
481	0.3536	0.3700	0.1773	0.8758	0.0262	0.6522	34.6250	0.2808	360.0000	112.0000	0.3111	369.0000
482	0.3600	0.3672	0.1766	0.8622	0.0290	0.6440	34.0000	0.3018	362.0000	112.0000	0.3094	369.0000
483	0.3776	0.3656	0.1673	0.8830	0.0267	0.6184	34.6250	0.3312	348.0000	107.0000	0.3075	351.0000
484	0.3360	0.3623	0.1596	0.8907	0.0229	0.6144	34.5000	0.3251	314.0000	100.0000	0.3185	317.0000
485	0.3827	0.3661	0.1810	0.8693	0.0290	0.6638	34.2500	0.2830	376.0000	101.0000	0.2686	383.0000
486	0.3667	0.3661	0.1662	0.8625	0.0296	0.6303	34.7500	0.3040	363.0000	110.0000	0.3030	371.0000
487	0.3509	0.3639	0.1655	0.8620	0.0258	0.6264	33.7500	0.3336	322.0000	106.0000	0.3292	327.0000
488	0.3539	0.3595	0.1680	0.8417	0.0267	0.6230	34.0000	0.3211	349.0000	107.0000	0.3066	360.0000
489	0.3501	0.3683	0.1803	0.8537	0.0285	0.6188	34.2500	0.3125	354.0000	115.0000	0.3249	357.0000
490	0.3626	0.3804	0.1763	0.8494	0.0264	0.6278	34.7500	0.3140	375.0000	113.0000	0.3013	377.0000
491	0.2973	0.3623	0.1747	0.8688	0.0255	0.5906	34.3750	0.3506	336.0000	114.0000	0.3393	344.0000
492	0.3436	0.3705	0.1862	0.8808	0.0276	0.6671	34.6250	0.2581	361.0000	107.0000	0.2964	365.0000
493	0.3341	0.3606	0.1629	0.8838	0.0239	0.6179	34.5000	0.3224	339.0000	107.0000	0.3156	349.0000
494	0.3925	0.3744	0.1725	0.8768	0.0259	0.6561	34.0000	0.2765	347.0000	106.0000	0.3055	355.0000
495	0.3532	0.3650	0.1801	0.8587	0.0278	0.6481	34.2500	0.2905	360.0000	109.0000	0.3028	364.0000
496	0.3846	0.3694	0.1821	0.8493	0.0277	0.6331	34.0000	0.2634	368.0000	114.0000	0.3098	370.0000
497	0.3367	0.3656	0.1746	0.8683	0.0270	0.6559	34.0000	0.2730	364.0000	107.0000	0.2940	370.0000
498	0.3658	0.3683	0.1798	0.8662	0.0266	0.6428	34.5000	0.2910	354.0000	112.0000	0.3164	361.0000
499	0.3311	0.3628	0.1550	0.8782	0.0244	0.5659	33.3750	0.3866	320.0000	107.0000	0.3344	325.0000
500	0.4241	0.3738	0.1837	0.8423	0.0319	0.6349	35.0000	0.2835	391.0000	118.0000	0.3018	401.0000
501	0.3749	0.3634	0.1654	0.8749	0.0264	0.6207	34.0000	0.2995	363.0000	116.0000	0.3196	371.0000
502	0.3577	0.3672	0.1653	0.8685	0.0279	0.6600	34.1250	0.3137	311.0000	102.0000	0.3280	313.0000
503	0.3685	0.3694	0.1738	0.8524	0.0322	0.6084	34.1250	0.3357	370.0000	108.0000	0.2919	374.0000
504	0.3834	0.3672	0.1735	0.8601	0.0269	0.6327	34.1250	0.3020	351.0000	112.0000	0.3191	354.0000
505	0.3744	0.3738	0.1959	0.8609	0.0311	0.6159	33.2500	0.3272	370.0000	119.0000	0.3216	377.0000
506	0.3681	0.3700	0.1833	0.8635	0.0278	0.6677	34.0000	0.2704	363.0000	105.0000	0.2893	370.0000
507	0.3870	0.3700	0.1714	0.8561	0.0272	0.6399	34.0000	0.3105	340.0000	107.0000	0.3147	346.0000
508	0.3621	0.3535	0.1650	0.8661	0.0255	0.6529	34.7500	0.3013	327.0000	98.0000	0.2997	334.0000
509	0.3905	0.3590	0.1773	0.8402	0.0301	0.6502	34.1250	0.2847	358.0000	109.0000	0.3045	360.0000
510	0.3665	0.3573	0.1670	0.8727	0.0256	0.6283	34.0000	0.3178	319.0000	99.0000	0.3103	325.0000
511	0.3683	0.3777	0.1769	0.8388	0.0280	0.6463	34.6250	0.2754	356.0000	107.0000	0.3006	358.0000
512	0.3434	0.3595	0.1726	0.8548	0.0268	0.6397	34.1250	0.3213	321.0000	99.0000	0.3084	323.0000
513	0.3437	0.3612	0.1667	0.8640	0.0242	0.6228	34.0000	0.3034	322.0000	109.0000	0.3385	325.0000
514	0.3733	0.3623	0.1768	0.8675	0.0284	0.6077	34.1250	0.3224	358.0000	117.0000	0.3268	364.0000
515	0.3197	0.3694	0.1824	0.8383	0.0266	0.6554	33.7500	0.2749	362.0000	109.0000	0.3011	367.0000
516	0.3830	0.3656	0.1689	0.8673	0.0260	0.6321	34.2500	0.2911	331.0000	101.0000	0.3051	336.0000
517	0.3535	0.3502	0.1432	0.8930	0.0245	0.6499	33.6250	0.3181	290.0000	92.0000	0.3172	292.0000
518	0.3278	0.3733	0.1778	0.8529	0.0275	0.6354	34.3750	0.2921	359.0000	114.0000	0.3175	365.0000
519	0.3067	0.3689	0.1571	0.8844	0.0242	0.5963	33.7500	0.3449	319.0000	106.0000	0.3323	327.0000
520	0.3777	0.3661	0.1784	0.8622	0.0292	0.6506	34.1250	0.2810	376.0000	109.0000	0.2899	384.0000
521	0.3074	0.3782	0.1857	0.8643	0.0302	0.6216	34.5000	0.3116	387.0000	120.0000	0.3101	389.0000
522	0.3576	0.3661	0.1658	0.8568	0.0257	0.6199	34.5000	0.3106	342.0000	110.0000	0.3216	348.0000
523	0.3518	0.3694	0.1874	0.8595	0.0281	0.6403	34.2500	0.2806	373.0000	111.0000	0.2976	379.0000
524	0.3316	0.3584	0.1580	0.8797	0.0203	0.5965	34.1250	0.3300	306.0000	110.0000	0.3595	310.0000
525	0.3488	0.3678	0.1770	0.8834	0.0272	0.6235	34.0000	0.3150	340.0000	96.0000	0.2824	349.0000
526	0.3036	0.3700	0.1795	0.8520	0.0283	0.6161	34.8750	0.3469	371.0000	120.0000	0.3235	377.0000
527	0.3307	0.3711	0.1730	0.8778	0.0256	0.6444	34.0000	0.2895	354.0000	108.0000	0.3051	359.0000
528	0.3549	0.3727	0.1707	0.8344	0.0281	0.6183	34.1250	0.3326	365.0000	117.0000	0.3205	373.0000
529	0.3594	0.3617	0.1734	0.8542	0.0268	0.6243	33.7500	0.2942	328.0000	100.0000	0.3049	331.0000
530	0.3898	0.3650	0.1776	0.8614	0.0281	0.6442	34.7500	0.2887	345.0000	109.0000	0.3159	352.0000
531	0.3442	0.3606	0.1697	0.8620	0.0263	0.6181	33.7500	0.3127	353.0000	108.0000	0.3059	358.0000
532	0.3720	0.3656	0.1799	0.8705	0.0265	0.6245	33.8750	0.3053	333.0000	111.0000	0.3333	340.0000
533	0.3380	0.3617	0.1674	0.8687	0.0255	0.6063	33.8750	0.3561	338.0000	108.0000	0.3195	342.0000
534	0.3676	0.3672	0.1736	0.8538	0.0255	0.6238	34.2500	0.3234	322.0000	104.0000	0.3230	328.0000
535	0.3389	0.3606	0.1591	0.8528	0.0239	0.6219	33.7500	0.3163	313.0000	102.0000	0.3259	317.0000
536	0.3641	0.3760	0.1894	0.8552	0.0338	0.6358	35.0000	0.3157	389.0000	110.0000	0.2828	394.0000
537	0.3951	0.3601	0.1653	0.8610	0.0241	0.6342	33.2500	0.2968	341.0000	112.0000	0.3284	350.0000
538	0.3424	0.3623	0.1649	0.8702	0.0256	0.6108	34.7500	0.3244	327.0000	111.0000	0.3394	331.0000
539	0.3372	0.3540	0.1505	0.8619	0.0227	0.6156	33.8750	0.3360	312.0000	99.0000	0.3173	317.0000
540	0.3507	0.3573	0.1638	0.8711	0.0251	0.6099	34.2500	0.3240	335.0000	106.0000	0.3164	340.0000
541	0.3625	0.3672	0.1743	0.8447	0.0273	0.5895	34.0000	0.3176	341.0000	114.0000	0.3343	351.0000
542	0.3658	0.3689	0.1679	0.8563	0.0271	0.6322	35.2500	0.3150	335.0000	113.0000	0.3373	340.0000
543	0.3183	0.3689	0.1691	0.8531	0.0242	0.6429	33.8750	0.2882	332.0000	106.0000	0.3193	334.0000
544	0.3088	0.3540	0.1575	0.8599	0.0242	0.5899	34.0000	0.3571	302.0000	101.0000	0.3344	310.0000
545	0.3786	0.3639	0.1720	0.8869	0.0300	0.6146	33.8750	0.3139	346.0000	109.0000	0.3150	354.0000
546	0.4108	0.3639	0.1822	0.8558	0.0287	0.6414	34.7500	0.3001	345.0000	109.0000	0.3159	352.0000
547	0.3821	0.3705	0.1797	0.8580	0.0319	0.6517	34.0000	0.2724	372.0000	113.0000	0.3038	379.0000
548	0.3266	0.3612	0.1635	0.8928	0.0249	0.6253	34.3750	0.3236	329.0000	104.0000	0.3161	335.0000
549	0.3750	0.3733	0.1824	0.8555	0.0295	0.6386	34.1250	0.2828	347.0000	109.0000	0.3141	351.0000
550	0.3530	0.3617	0.1776	0.8671	0.0266	0.6322	34.1250	0.2845	375.0000	114.0000	0.3040	379.0000
551	0.3308	0.3716	0.1888	0.8473	0.0280	0.6533	34.0000	0.2978	370.0000	116.0000	0.3135	372.0000
552	0.3834	0.3639	0.1509	0.8567	0.0238	0.6416	34.7500	0.2852	331.0000	104.0000	0.3142	340.0000
553	0.3271	0.3755	0.1821	0.8531	0.0269	0.6106	33.7500	0.3175	374.0000	116.0000	0.3102	385.0000
554	0.4029	0.3733	0.1800	0.8685	0.0265	0.6709	34.3750	0.2599	347.0000	100.0000	0.2882	351.0000
555	0.3953	0.3678	0.1660	0.8773	0.0262	0.6585	34.0000	0.2866	342.0000	103.0000	0.3012	350.0000
556	0.3639	0.3573	0.1826	0.8561	0.0292	0.6488	33.2500	0.2996	344.0000	102.0000	0.2965	352.0000
557	0.3654	0.3628	0.1735	0.8681	0.0261	0.6496	34.6250	0.2794	355.0000	108.0000	0.3042	361.0000
558	0.3565	0.3628	0.1749	0.8801	0.0264	0.6578	34.6250	0.2826	349.0000	106.0000	0.3037	358.0000
559	0.3790	0.3755	0.2000	0.8375	0.0312	0.6784	35.0000	0.2413	396.0000	115.0000	0.2904	402.0000
560	0.3904	0.3612	0.1687	0.8659	0.0263	0.6387	33.3750	0.2758	342.0000	104.0000	0.3041	348.0000
561	0.4035	0.3590	0.1770	0.8550	0.0268	0.6380	34.1250	0.2833	353.0000	107.0000	0.3031	357.0000
562	0.3408	0.3529	0.1768	0.8631	0.0255	0.6199	34.2500	0.3174	344.0000	104.0000	0.3023	353.0000
563	0.3188	0.3705	0.1842	0.8577	0.0265	0.6282	33.8750	0.3005	367.0000	124.0000	0.3379	370.0000
564	0.3253	0.3727	0.1767	0.8578	0.0262	0.6075	34.0000	0.3430	342.0000	114.0000	0.3333	352.0000
565	0.3816	0.3661	0.1752	0.8507	0.0305	0.6274	34.0000	0.3106	356.0000	105.0000	0.2949	362.0000
566	0.3807	0.3645	0.1740	0.8485	0.0285	0.6347	34.2500	0.2894	351.0000	109.0000	0.3105	361.0000
567	0.3916	0.3639	0.1685	0.8773	0.0283	0.6614	34.1250	0.3129	321.0000	101.0000	0.3146	323.0000
568	0.3278	0.3628	0.1672	0.8526	0.0271	0.6104	34.1250	0.3159	346.0000	115.0000	0.3324	349.0000
569	0.3397	0.3628	0.1778	0.8498	0.0275	0.6233	34.6250	0.3202	354.0000	115.0000	0.3249	358.0000
570	0.3190	0.3623	0.1727	0.8515	0.0280	0.6481	34.3750	0.2987	330.0000	102.0000	0.3091	335.0000
571	0.3708	0.3705	0.1665	0.8673	0.0253	0.6421	34.5000	0.3051	334.0000	102.0000	0.3054	343.0000
572	0.3478	0.3694	0.1679	0.8641	0.0262	0.6389	34.1250	0.2825	363.0000	103.0000	0.2837	367.0000
573	0.3676	0.3683	0.1819	0.8371	0.0277	0.6343	34.3750	0.3155	361.0000	109.0000	0.3019	368.0000
574	0.3485	0.3766	0.1785	0.8470	0.0264	0.6274	34.0000	0.3055	361.0000	113.0000	0.3130	366.0000
575	0.2881	0.3546	0.1641	0.8467	0.0224	0.6065	34.1250	0.3165	332.0000	109.0000	0.3283	337.0000
576	0.3312	0.3733	0.1850	0.8494	0.0300	0.6214	34.7500	0.3218	376.0000	117.0000	0.3112	382.0000
577	0.3416	0.3678	0.1695	0.8482	0.0263	0.6540	34.1250	0.2555	376.0000	105.0000	0.2793	382.0000
578	0.3934	0.3634	0.1744	0.8769	0.0284	0.6982	33.3750	0.2551	353.0000	99.0000	0.2805	358.0000
579	0.4089	0.3683	0.1857	0.8392	0.0280	0.6371	33.5000	0.2915	368.0000	113.0000	0.3071	376.0000
580	0.3355	0.3689	0.1701	0.8676	0.0253	0.6098	34.2500	0.3133	332.0000	112.0000	0.3373	341.0000
581	0.3398	0.3524	0.1619	0.8680	0.0277	0.6058	34.3750	0.3190	314.0000	101.0000	0.3217	321.0000
582	0.3573	0.3628	0.1609	0.8693	0.0282	0.6076	34.0000	0.3342	344.0000	109.0000	0.3169	347.0000
583	0.2994	0.3645	0.1546	0.8872	0.0222	0.6128	35.1250	0.3238	322.0000	106.0000	0.3292	331.0000
584	0.3788	0.3755	0.1932	0.8556	0.0277	0.6226	34.6250	0.2948	380.0000	116.0000	0.3053	385.0000
585	0.3928	0.3617	0.1733	0.8823	0.0281	0.6508	34.0000	0.2745	351.0000	108.0000	0.3077	354.0000
586	0.3668	0.3623	0.1918	0.8658	0.0293	0.6735	34.1250	0.2600	386.0000	106.0000	0.2746	391.0000
587	0.4011	0.3628	0.1767	0.8485	0.0265	0.6550	33.7500	0.2778	332.0000	103.0000	0.3102	334.0000
588	0.3503	0.3683	0.1685	0.8642	0.0245	0.6161	34.2500	0.3353	344.0000	105.0000	0.3052	351.0000
589	0.3587	0.3700	0.1905	0.8472	0.0296	0.6246	35.1250	0.3195	365.0000	109.0000	0.2986	374.0000
590	0.3790	0.3711	0.1740	0.8621	0.0283	0.6424	34.3750	0.2941	347.0000	102.0000	0.2939	352.0000
591	0.3245	0.3639	0.1759	0.8729	0.0272	0.6257	33.3750	0.3169	338.0000	106.0000	0.3136	340.0000
592	0.3643	0.3639	0.1740	0.8659	0.0270	0.6229	34.3750	0.2951	349.0000	109.0000	0.3123	353.0000
593	0.3605	0.3744	0.1875	0.8593	0.0312	0.6364	34.2500	0.3049	376.0000	109.0000	0.2899	385.0000
594	0.3807	0.3634	0.1897	0.8525	0.0282	0.6372	34.0000	0.2889	343.0000	108.0000	0.3149	348.0000
595	0.3283	0.3711	0.1864	0.8534	0.0267	0.6200	34.7500	0.3127	372.0000	112.0000	0.3011	380.0000
596	0.3323	0.3738	0.1713	0.8550	0.0257	0.6172	34.1250	0.3107	349.0000	115.0000	0.3295	359.0000
597	0.3867	0.3612	0.1610	0.8777	0.0263	0.6233	34.0000	0.3189	321.0000	101.0000	0.3146	324.0000
598	0.3705	0.3738	0.1926	0.8544	0.0313	0.6308	33.8750	0.3147	377.0000	115.0000	0.3050	380.0000
599	0.3787	0.3711	0.1667	0.8533	0.0270	0.6326	34.1250	0.3091	351.0000	110.0000	0.3134	354.0000
600	0.3644	0.3694	0.1711	0.8547	0.0241	0.6187	34.0000	0.2924	340.0000	109.0000	0.3206	347.0000
601	0.3868	0.3672	0.1664	0.8792	0.0254	0.6588	33.8750	0.2749	353.0000	102.0000	0.2890	361.0000
602	0.2962	0.3749	0.1739	0.8665	0.0266	0.5795	34.3750	0.3447	347.0000	116.0000	0.3343	352.0000
603	0.3396	0.3656	0.1737	0.8332	0.0273	0.6080	34.3750	0.3200	342.0000	112.0000	0.3275	345.0000
604	0.3061	0.3672	0.1606	0.8837	0.0237	0.6087	34.1250	0.3369	321.0000	104.0000	0.3240	327.0000
605	0.3268	0.3683	0.1576	0.8772	0.0257	0.6398	34.6250	0.3162	319.0000	95.0000	0.2978	325.0000
606	0.3802	0.3749	0.1839	0.8733	0.0298	0.6633	34.1250	0.2756	364.0000	106.0000	0.2912	368.0000
607	0.3635	0.3749	0.1686	0.8494	0.0277	0.6220	33.8750	0.3142	357.0000	110.0000	0.3081	365.0000
608	0.3408	0.3617	0.1694	0.8662	0.0253	0.6265	33.8750	0.3256	338.0000	106.0000	0.3136	343.0000
609	0.3588	0.3617	0.1778	0.8726	0.0260	0.6035	34.3750	0.3302	349.0000	115.0000	0.3295	357.0000
610	0.3457	0.3661	0.1684	0.8618	0.0276	0.5895	35.0000	0.3671	334.0000	107.0000	0.3204	336.0000
611	0.3363	0.3683	0.1708	0.8475	0.0234	0.6184	34.2500	0.2972	345.0000	112.0000	0.3246	353.0000
612	0.3838	0.3733	0.1760	0.8742	0.0243	0.6348	34.0000	0.2901	357.0000	111.0000	0.3109	363.0000
613	0.3418	0.3700	0.1667	0.8634	0.0259	0.5955	34.8750	0.3444	339.0000	105.0000	0.3097	346.0000
614	0.3516	0.3584	0.1514	0.8548	0.0226	0.6351	33.8750	0.2963	317.0000	95.0000	0.2997	321.0000
615	0.3628	0.3617	0.1719	0.8628	0.0275	0.6290	34.5000	0.3013	365.0000	109.0000	0.2986	371.0000
616	0.3699	0.3727	0.1716	0.8755	0.0266	0.6372	34.6250	0.2840	343.0000	110.0000	0.3207	353.0000
617	0.3983	0.3590	0.1631	0.8738	0.0278	0.6592	33.1250	0.2588	313.0000	98.0000	0.3131	317.0000
618	0.3497	0.3650	0.1590	0.8672	0.0258	0.6262	33.7500	0.3007	344.0000	104.0000	0.3023	351.0000
619	0.3382	0.3694	0.1866	0.8647	0.0283	0.6511	34.3750	0.2958	357.0000	108.0000	0.3025	360.0000
620	0.3791	0.3650	0.1750	0.8604	0.0274	0.6563	33.7500	0.2769	339.0000	101.0000	0.2979	344.0000
621	0.3658	0.3584	0.1591	0.8691	0.0255	0.6345	34.2500	0.3136	310.0000	97.0000	0.3129	315.0000
622	0.3667	0.3733	0.1730	0.8657	0.0293	0.6517	34.2500	0.2901	358.0000	105.0000	0.2933	364.0000
623	0.3004	0.3672	0.1721	0.8740	0.0260	0.5977	34.6250	0.3336	359.0000	112.0000	0.3120	370.0000
624	0.3685	0.3766	0.1882	0.8662	0.0296	0.6435	34.1250	0.2918	371.0000	106.0000	0.2857	378.0000
625	0.3838	0.3689	0.1770	0.8703	0.0302	0.6547	34.1250	0.2811	360.0000	104.0000	0.2889	366.0000
626	0.3920	0.3661	0.1646	0.8751	0.0264	0.6100	34.2500	0.3392	308.0000	98.0000	0.3182	314.0000
627	0.3529	0.3628	0.1835	0.8653	0.0275	0.6738	34.7500	0.2603	360.0000	103.0000	0.2861	365.0000
628	0.3543	0.3667	0.1874	0.8637	0.0281	0.6276	33.6250	0.3151	363.0000	111.0000	0.3058	368.0000
629	0.3896	0.3650	0.1754	0.8508	0.0300	0.6424	34.0000	0.3023	370.0000	108.0000	0.2919	378.0000
630	0.3455	0.3678	0.1752	0.8583	0.0271	0.6556	34.6250	0.2809	372.0000	110.0000	0.2957	379.0000
631	0.3652	0.3777	0.1741	0.8534	0.0282	0.6180	34.0000	0.3113	354.0000	109.0000	0.3079	359.0000
632	0.3994	0.3738	0.1648	0.8720	0.0254	0.6430	33.7500	0.2903	323.0000	101.0000	0.3127	327.0000
633	0.4119	0.3584	0.1674	0.8497	0.0261	0.6431	33.7500	0.2776	348.0000	101.0000	0.2902	357.0000
634	0.3909	0.3700	0.1650	0.8469	0.0259	0.6485	34.5000	0.2995	339.0000	101.0000	0.2979	341.0000
635	0.3541	0.3694	0.1649	0.8549	0.0253	0.5816	34.7500	0.3370	326.0000	115.0000	0.3528	332.0000
636	0.4190	0.3623	0.1795	0.8492	0.0270	0.6742	34.6250	0.2506	358.0000	103.0000	0.2877	367.0000
637	0.4318	0.3705	0.1689	0.8643	0.0299	0.6056	33.5000	0.3357	335.0000	104.0000	0.3104	340.0000
638	0.3184	0.3546	0.1448	0.8918	0.0206	0.5893	34.1250	0.3543	282.0000	98.0000	0.3475	286.0000
639	0.3361	0.3557	0.1650	0.8568	0.0270	0.6026	33.8750	0.3350	347.0000	111.0000	0.3199	354.0000
640	0.2997	0.3683	0.1611	0.8703	0.0245	0.6241	34.7500	0.3166	337.0000	103.0000	0.3056	351.0000
641	0.3861	0.3700	0.1843	0.8568	0.0293	0.6324	33.7500	0.2734	377.0000	110.0000	0.2918	385.0000
642	0.3738	0.3612	0.1623	0.8849	0.0228	0.6409	33.8750	0.2807	322.0000	95.0000	0.2950	329.0000
643	0.4000	0.3628	0.1733	0.8529	0.0264	0.6334	34.3750	0.2826	357.0000	109.0000	0.3053	363.0000
644	0.3698	0.3694	0.1787	0.8638	0.0278	0.6349	34.0000	0.3161	327.0000	109.0000	0.3333	331.0000
645	0.3509	0.3650	0.1653	0.8728	0.0278	0.6112	34.1250	0.3484	340.0000	114.0000	0.3353	342.0000
646	0.3300	0.3722	0.1672	0.8589	0.0283	0.6196	34.1250	0.3290	353.0000	113.0000	0.3201	358.0000
647	0.3340	0.3700	0.1779	0.8732	0.0257	0.6200	34.5000	0.3085	358.0000	106.0000	0.2961	365.0000
648	0.3610	0.3705	0.1813	0.8778	0.0296	0.6052	34.5000	0.3187	351.0000	111.0000	0.3162	358.0000
649	0.3302	0.3727	0.1793	0.8571	0.0287	0.6224	33.8750	0.3083	357.0000	109.0000	0.3053	361.0000
650	0.3355	0.3755	0.1827	0.8456	0.0282	0.6265	33.8750	0.2989	369.0000	114.0000	0.3089	374.0000
651	0.3487	0.3656	0.1719	0.8627	0.0280	0.6543	34.3750	0.2990	337.0000	106.0000	0.3145	342.0000
652	0.3605	0.3700	0.1566	0.8641	0.0248	0.5875	34.3750	0.3592	321.0000	106.0000	0.3302	327.0000
653	0.3020	0.3623	0.1595	0.8843	0.0231	0.6229	33.8750	0.3704	344.0000	102.0000	0.2965	346.0000
654	0.3431	0.3568	0.1572	0.8677	0.0226	0.6137	34.3750	0.3342	318.0000	106.0000	0.3333	327.0000
655	0.3998	0.3656	0.1762	0.8612	0.0304	0.6259	34.2500	0.2978	375.0000	106.0000	0.2827	377.0000
656	0.3525	0.3716	0.1859	0.8681	0.0299	0.6595	34.6250	0.2896	359.0000	101.0000	0.2813	364.0000
657	0.3793	0.3722	0.1811	0.8674	0.0301	0.6823	34.2500	0.2761	362.0000	102.0000	0.2818	367.0000
658	0.4145	0.3617	0.1623	0.9089	0.0261	0.6472	34.7500	0.2745	315.0000	97.0000	0.3079	320.0000
659	0.3688	0.3749	0.1775	0.8743	0.0296	0.6298	33.6250	0.2993	336.0000	104.0000	0.3095	344.0000
660	0.3541	0.3716	0.1799	0.8511	0.0278	0.6425	33.8750	0.2777	364.0000	109.0000	0.2995	371.0000
661	0.3874	0.3645	0.1839	0.8489	0.0287	0.6424	33.8750	0.3020	370.0000	114.0000	0.3081	377.0000
662	0.3913	0.3749	0.1748	0.8557	0.0302	0.6569	34.5000	0.2833	346.0000	106.0000	0.3064	353.0000
663	0.3736	0.3771	0.1849	0.8560	0.0297	0.6366	34.2500	0.2932	365.0000	115.0000	0.3151	372.0000
664	0.3479	0.3749	0.1812	0.8606	0.0270	0.6690	34.0000	0.2690	380.0000	106.0000	0.2789	388.0000
665	0.3968	0.3738	0.1741	0.8720	0.0266	0.6583	34.3750	0.2740	375.0000	110.0000	0.2933	382.0000
666	0.3531	0.3667	0.1590	0.8644	0.0247	0.6202	34.1250	0.3134	317.0000	105.0000	0.3312	321.0000
667	0.3315	0.3584	0.1703	0.8508	0.0258	0.6115	33.5000	0.3245	343.0000	118.0000	0.3440	353.0000
668	0.3628	0.3623	0.1902	0.8771	0.0277	0.6661	34.6250	0.2917	355.0000	112.0000	0.3155	364.0000
669	0.3682	0.3700	0.1846	0.8570	0.0295	0.6273	34.1250	0.3050	378.0000	117.0000	0.3095	382.0000
670	0.3703	0.3738	0.1833	0.8497	0.0307	0.6440	34.1250	0.2841	370.0000	109.0000	0.2946	381.0000
671	0.3754	0.3744	0.1833	0.8644	0.0287	0.6146	34.1250	0.3045	362.0000	110.0000	0.3039	364.0000
672	0.3434	0.3645	0.1725	0.8607	0.0261	0.6201	33.7500	0.3277	351.0000	111.0000	0.3162	361.0000
673	0.3894	0.3672	0.1591	0.8548	0.0240	0.6270	34.2500	0.2943	332.0000	114.0000	0.3434	337.0000
674	0.3553	0.3661	0.1708	0.8662	0.0268	0.5981	34.0000	0.3436	324.0000	107.0000	0.3302	331.0000
675	0.3890	0.3694	0.1729	0.8626	0.0268	0.6406	34.3750	0.2883	371.0000	108.0000	0.2911	379.0000
676	0.3157	0.3672	0.1523	0.8695	0.0224	0.5951	34.7500	0.3368	322.0000	110.0000	0.3416	328.0000
677	0.3434	0.3650	0.1807	0.8622	0.0276	0.6211	34.0000	0.3103	372.0000	108.0000	0.2903	377.0000
678	0.3283	0.3557	0.1393	0.8789	0.0209	0.6227	34.2500	0.3388	288.0000	98.0000	0.3403	298.0000
679	0.3379	0.3760	0.1713	0.8691	0.0288	0.6460	33.8750	0.2817	383.0000	116.0000	0.3029	385.0000
680	0.3619	0.3617	0.1678	0.8573	0.0266	0.6254	33.8750	0.2954	328.0000	107.0000	0.3262	334.0000
681	0.3376	0.3656	0.1646	0.8585	0.0270	0.5823	33.5000	0.3390	304.0000	105.0000	0.3454	308.0000
682	0.3941	0.3711	0.1706	0.8876	0.0253	0.6477	34.6250	0.2878	359.0000	103.0000	0.2869	363.0000
683	0.3517	0.3683	0.1785	0.8346	0.0269	0.6359	33.7500	0.2907	359.0000	114.0000	0.3175	362.0000
684	0.3754	0.3650	0.2024	0.8499	0.0325	0.6341	34.6250	0.3204	398.0000	119.0000	0.2990	409.0000
685	0.3528	0.3733	0.1857	0.8622	0.0275	0.6465	34.0000	0.2919	370.0000	116.0000	0.3135	378.0000
686	0.3214	0.3733	0.1606	0.8479	0.0247	0.6242	33.7500	0.2929	356.0000	115.0000	0.3230	358.0000
687	0.3102	0.3771	0.1817	0.8790	0.0261	0.6455	34.3750	0.3052	345.0000	104.0000	0.3014	353.0000
688	0.4253	0.3683	0.1915	0.8756	0.0291	0.6696	34.1250	0.2472	349.0000	99.0000	0.2837	356.0000
689	0.3518	0.3711	0.1843	0.8627	0.0256	0.5995	34.6250	0.3273	346.0000	119.0000	0.3439	356.0000
690	0.3009	0.3650	0.1701	0.8540	0.0273	0.6123	34.3750	0.3221	353.0000	110.0000	0.3116	359.0000
691	0.3766	0.3661	0.1832	0.8729	0.0302	0.6605	34.5000	0.2910	340.0000	98.0000	0.2882	342.0000
692	0.3990	0.3661	0.1726	0.8847	0.0291	0.6539	33.7500	0.2861	338.0000	98.0000	0.2899	341.0000
693	0.3760	0.3634	0.1709	0.8762	0.0271	0.6495	34.2500	0.2767	341.0000	99.0000	0.2903	346.0000
694	0.3266	0.3667	0.1699	0.8695	0.0263	0.6047	33.7500	0.3259	324.0000	118.0000	0.3642	329.0000
695	0.3599	0.3656	0.1679	0.8612	0.0277	0.6553	35.0000	0.2899	332.0000	104.0000	0.3133	343.0000
696	0.3523	0.3601	0.1740	0.8494	0.0253	0.6383	33.8750	0.2830	346.0000	102.0000	0.2948	349.0000
697	0.3949	0.3705	0.1829	0.8513	0.0285	0.6382	34.2500	0.3020	347.0000	108.0000	0.3112	355.0000
698	0.2949	0.3524	0.1686	0.8659	0.0258	0.6094	33.6250	0.3301	322.0000	105.0000	0.3261	331.0000
699	0.3928	0.3689	0.1855	0.8567	0.0306	0.6921	34.5000	0.2504	372.0000	100.0000	0.2688	376.0000
700	0.3666	0.3804	0.2053	0.8320	0.0300	0.6145	33.7500	0.3034	388.0000	119.0000	0.3067	394.0000
701	0.3624	0.3733	0.1699	0.8688	0.0280	0.6417	34.5000	0.3140	355.0000	106.0000	0.2986	362.0000
702	0.3571	0.3678	0.1769	0.8798	0.0275	0.6727	34.2500	0.2676	358.0000	103.0000	0.2877	367.0000
703	0.3776	0.3672	0.1812	0.8781	0.0279	0.6312	34.0000	0.2947	357.0000	111.0000	0.3109	359.0000
704	0.3543	0.3667	0.1657	0.8835	0.0280	0.6167	34.1250	0.3101	368.0000	112.0000	0.3043	370.0000
705	0.3649	0.3689	0.1825	0.8655	0.0240	0.6309	33.3750	0.2958	330.0000	108.0000	0.3273	334.0000
706	0.3659	0.3639	0.1629	0.8665	0.0253	0.6138	34.7500	0.3285	329.0000	108.0000	0.3283	332.0000
707	0.3806	0.3639	0.1622	0.8858	0.0258	0.6213	34.0000	0.3240	339.0000	104.0000	0.3068	342.0000
708	0.3340	0.3678	0.1697	0.8754	0.0245	0.6037	34.5000	0.3151	342.0000	118.0000	0.3450	347.0000
709	0.3981	0.3579	0.1564	0.8566	0.0240	0.6503	33.3750	0.2908	317.0000	101.0000	0.3186	322.0000
710	0.3763	0.3672	0.1696	0.8657	0.0265	0.6539	33.8750	0.2930	322.0000	99.0000	0.3075	328.0000
711	0.3830	0.3639	0.1776	0.8560	0.0264	0.6487	34.0000	0.2917	337.0000	101.0000	0.2997	344.0000
712	0.3547	0.3634	0.1706	0.8532	0.0270	0.6305	34.2500	0.3149	343.0000	112.0000	0.3265	352.0000
713	0.3723	0.3623	0.1828	0.8612	0.0323	0.6263	34.7500	0.3027	365.0000	113.0000	0.3096	370.0000
714	0.3268	0.3738	0.1792	0.8615	0.0236	0.6502	34.1250	0.2856	331.0000	106.0000	0.3202	337.0000
715	0.3544	0.3700	0.1656	0.8826	0.0272	0.6006	35.3750	0.3297	342.0000	111.0000	0.3246	348.0000
716	0.3322	0.3711	0.1721	0.8593	0.0275	0.5994	33.6250	0.3452	351.0000	112.0000	0.3191	356.0000
717	0.3702	0.3551	0.1563	0.8688	0.0257	0.6427	34.0000	0.2865	317.0000	94.0000	0.2965	322.0000
718	0.3524	0.3656	0.1704	0.8720	0.0230	0.6483	34.0000	0.2887	329.0000	99.0000	0.3009	339.0000
719	0.3952	0.3689	0.1711	0.8854	0.0287	0.6695	34.8750	0.2691	351.0000	105.0000	0.2991	360.0000
720	0.3026	0.3601	0.1686	0.8635	0.0261	0.6064	34.6250	0.3429	337.0000	112.0000	0.3323	340.0000
721	0.3293	0.3634	0.1692	0.8598	0.0254	0.6514	34.0000	0.2865	331.0000	98.0000	0.2961	339.0000
722	0.3917	0.3623	0.1980	0.8519	0.0297	0.6547	33.7500	0.2559	401.0000	117.0000	0.2918	409.0000
723	0.3888	0.3733	0.1709	0.8717	0.0295	0.6393	34.3750	0.3040	353.0000	102.0000	0.2890	364.0000
724	0.3823	0.3689	0.1717	0.8709	0.0305	0.6815	34.3750	0.2536	381.0000	104.0000	0.2730	386.0000
725	0.3807	0.3656	0.1639	0.8879	0.0248	0.6408	34.5000	0.3036	334.0000	100.0000	0.2994	344.0000
726	0.3312	0.3650	0.1732	0.8557	0.0267	0.6198	33.7500	0.3286	371.0000	118.0000	0.3181	377.0000
727	0.3460	0.3639	0.1745	0.8671	0.0292	0.6187	34.1250	0.3091	355.0000	116.0000	0.3268	364.0000
728	0.3592	0.3617	0.1710	0.8642	0.0262	0.6496	33.7500	0.2941	321.0000	101.0000	0.3146	327.0000
729	0.3213	0.3678	0.1653	0.8534	0.0245	0.6209	34.2500	0.2946	329.0000	103.0000	0.3131	334.0000
730	0.4056	0.3573	0.1686	0.8701	0.0269	0.6578	34.2500	0.2674	336.0000	97.0000	0.2887	340.0000
731	0.2974	0.3628	0.1604	0.8613	0.0248	0.5856	33.7500	0.3483	319.0000	114.0000	0.3574	328.0000
732	0.3946	0.3661	0.1736	0.8827	0.0298	0.6557	34.5000	0.2762	354.0000	101.0000	0.2853	358.0000
733	0.3241	0.3573	0.1714	0.8516	0.0243	0.6218	34.0000	0.3204	348.0000	108.0000	0.3103	361.0000
734	0.3865	0.3694	0.1817	0.8733	0.0244	0.6560	33.7500	0.2844	356.0000	105.0000	0.2949	359.0000
735	0.3141	0.3782	0.1569	0.8842	0.0236	0.5621	34.3750	0.3744	290.0000	106.0000	0.3655	295.0000
736	0.3956	0.3678	0.1702	0.8517	0.0295	0.6423	33.8750	0.2892	341.0000	106.0000	0.3109	345.0000
737	0.3297	0.3667	0.1647	0.8663	0.0264	0.6284	33.6250	0.3220	326.0000	101.0000	0.3098	330.0000
738	0.3192	0.3595	0.1722	0.8643	0.0237	0.6230	34.2500	0.3049	340.0000	113.0000	0.3324	348.0000
739	0.3921	0.3573	0.1796	0.8764	0.0263	0.6478	33.6250	0.2797	326.0000	107.0000	0.3282	333.0000
740	0.3380	0.3683	0.1556	0.8680	0.0228	0.5878	34.6250	0.3305	316.0000	107.0000	0.3386	320.0000
741	0.3668	0.3623	0.1804	0.8688	0.0281	0.6638	33.7500	0.2872	359.0000	102.0000	0.2841	369.0000
742	0.4227	0.3689	0.1871	0.8525	0.0322	0.6494	34.0000	0.2751	375.0000	113.0000	0.3013	383.0000
743	0.3577	0.3568	0.1543	0.8782	0.0244	0.5906	34.5000	0.3387	318.0000	107.0000	0.3365	324.0000
744	0.3279	0.3749	0.1798	0.8665	0.0293	0.5959	34.2500	0.3406	371.0000	114.0000	0.3073	379.0000
745	0.3999	0.3645	0.1738	0.8648	0.0303	0.6256	33.8750	0.3235	355.0000	103.0000	0.2901	363.0000
746	0.3868	0.3694	0.1664	0.8483	0.0235	0.6273	33.7500	0.2930	331.0000	108.0000	0.3263	336.0000
747	0.3729	0.3595	0.1757	0.8578	0.0271	0.6367	34.1250	0.3179	354.0000	107.0000	0.3023	361.0000
748	0.4106	0.3711	0.1910	0.8709	0.0294	0.7086	34.0000	0.2233	354.0000	96.0000	0.2712	362.0000
749	0.3634	0.3705	0.1882	0.8530	0.0275	0.6072	33.6250	0.3149	361.0000	116.0000	0.3213	363.0000
750	0.3640	0.3678	0.1889	0.8610	0.0318	0.6394	34.5000	0.3109	348.0000	107.0000	0.3075	355.0000
751	0.3358	0.3678	0.1658	0.8490	0.0263	0.6032	34.3750	0.3319	312.0000	110.0000	0.3526	317.0000
752	0.3561	0.3689	0.1681	0.8850	0.0249	0.6570	34.8750	0.2926	333.0000	101.0000	0.3033	340.0000
753	0.3781	0.3672	0.1735	0.8618	0.0277	0.6409	34.3750	0.2938	363.0000	111.0000	0.3058	372.0000
754	0.3408	0.3672	0.1783	0.8595	0.0285	0.6552	34.1250	0.2752	360.0000	105.0000	0.2917	372.0000
755	0.3553	0.3694	0.1699	0.8676	0.0272	0.6105	34.2500	0.3217	323.0000	108.0000	0.3344	332.0000
756	0.3358	0.3623	0.1587	0.8890	0.0269	0.6473	34.3750	0.3130	329.0000	96.0000	0.2918	332.0000
757	0.2982	0.3661	0.1629	0.8800	0.0243	0.5859	35.0000	0.3770	338.0000	118.0000	0.3491	350.0000
758	0.3856	0.3650	0.1732	0.8555	0.0283	0.6116	33.8750	0.3294	357.0000	112.0000	0.3137	366.0000
759	0.4185	0.3612	0.1710	0.8510	0.0287	0.6320	34.1250	0.2592	359.0000	109.0000	0.3036	365.0000
760	0.3490	0.3595	0.1857	0.8631	0.0301	0.6275	34.6250	0.3156	379.0000	120.0000	0.3166	388.0000
761	0.3956	0.3590	0.1606	0.8893	0.0234	0.6377	33.7500	0.3010	294.0000	94.0000	0.3197	302.0000
762	0.3519	0.3694	0.1965	0.8540	0.0291	0.6191	34.6250	0.3227	398.0000	128.0000	0.3216	402.0000
763	0.3324	0.3562	0.1740	0.8726	0.0281	0.6573	33.7500	0.2868	339.0000	95.0000	0.2802	348.0000
764	0.3936	0.3650	0.1933	0.8543	0.0278	0.6137	34.3750	0.2910	394.0000	127.0000	0.3223	402.0000
765	0.2885	0.3606	0.1475	0.8568	0.0214	0.6311	33.2500	0.3271	286.0000	93.0000	0.3252	290.0000
766	0.3765	0.3683	0.1839	0.8665	0.0281	0.6303	34.6250	0.2999	351.0000	113.0000	0.3219	357.0000
767	0.3709	0.3634	0.1512	0.8671	0.0246	0.6119	34.3750	0.3390	335.0000	102.0000	0.3045	343.0000
768	0.3401	0.3755	0.1750	0.8633	0.0266	0.5830	34.5000	0.3560	336.0000	117.0000	0.3482	341.0000
769	0.3501	0.3738	0.1774	0.8483	0.0294	0.6388	33.7500	0.2958	364.0000	105.0000	0.2885	370.0000
770	0.3315	0.3689	0.1790	0.8531	0.0265	0.6138	33.6250	0.3220	351.0000	115.0000	0.3276	354.0000
771	0.3222	0.3612	0.1674	0.8771	0.0278	0.6369	34.3750	0.3251	305.0000	98.0000	0.3213	314.0000
772	0.3830	0.3656	0.1756	0.8417	0.0266	0.6326	33.5000	0.2960	358.0000	108.0000	0.3017	367.0000
773	0.3617	0.3617	0.1708	0.8624	0.0274	0.6062	34.3750	0.3382	352.0000	114.0000	0.3239	359.0000
774	0.3735	0.3722	0.1762	0.8542	0.0280	0.6542	34.0000	0.2873	375.0000	109.0000	0.2907	381.0000
775	0.3500	0.3766	0.1775	0.8549	0.0256	0.6429	34.3750	0.3088	357.0000	111.0000	0.3109	359.0000
776	0.3601	0.3678	0.1838	0.8721	0.0298	0.6108	34.8750	0.3121	383.0000	118.0000	0.3081	390.0000
777	0.3535	0.3601	0.1677	0.8638	0.0260	0.5827	34.6250	0.3265	324.0000	110.0000	0.3395	330.0000
778	0.3384	0.3650	0.1712	0.8486	0.0259	0.5795	34.3750	0.3656	345.0000	107.0000	0.3101	348.0000
779	0.3181	0.3683	0.1698	0.8538	0.0255	0.6471	34.3750	0.2825	354.0000	106.0000	0.2994	362.0000
780	0.3539	0.3634	0.1796	0.8850	0.0289	0.6613	34.2500	0.2933	353.0000	101.0000	0.2861	359.0000
781	0.3491	0.3733	0.1691	0.8689	0.0241	0.6191	34.0000	0.3328	326.0000	104.0000	0.3190	335.0000
782	0.4052	0.3650	0.1734	0.8937	0.0300	0.6261	34.1250	0.2985	330.0000	106.0000	0.3212	334.0000
783	0.3087	0.3667	0.1883	0.8545	0.0286	0.6241	33.8750	0.3087	348.0000	106.0000	0.3046	355.0000
784	0.3582	0.3645	0.1878	0.8683	0.0284	0.6448	34.1250	0.2881	364.0000	109.0000	0.2995	367.0000
785	0.3609	0.3678	0.1689	0.8578	0.0263	0.6026	34.1250	0.3148	355.0000	113.0000	0.3183	361.0000
786	0.3441	0.3667	0.1447	0.8748	0.0240	0.6272	34.3750	0.3090	303.0000	99.0000	0.3267	310.0000
787	0.3686	0.3551	0.1505	0.8578	0.0245	0.6054	33.8750	0.3302	320.0000	98.0000	0.3063	322.0000
788	0.3978	0.3738	0.1764	0.8778	0.0286	0.6481	34.2500	0.2867	363.0000	108.0000	0.2975	366.0000
789	0.3590	0.3634	0.1710	0.8590	0.0258	0.6234	34.3750	0.3303	351.0000	103.0000	0.2934	360.0000
790	0.3386	0.3612	0.1674	0.8727	0.0266	0.6054	34.1250	0.3178	340.0000	109.0000	0.3206	346.0000
791	0.3629	0.3694	0.1734	0.8656	0.0260	0.6103	34.5000	0.3148	335.0000	109.0000	0.3254	347.0000
792	0.3826	0.3678	0.1565	0.8811	0.0243	0.6092	34.0000	0.3305	338.0000	108.0000	0.3195	347.0000
793	0.3022	0.3700	0.1568	0.8529	0.0236	0.6046	34.1250	0.3366	346.0000	113.0000	0.3266	355.0000
794	0.3465	0.3617	0.1697	0.8532	0.0265	0.5940	34.5000	0.3416	350.0000	116.0000	0.3314	355.0000
795	0.2999	0.3705	0.1701	0.8855	0.0261	0.6051	34.0000	0.3313	315.0000	111.0000	0.3524	321.0000
796	0.3883	0.3656	0.1833	0.8776	0.0281	0.6686	34.0000	0.2876	350.0000	108.0000	0.3086	356.0000
797	0.3527	0.3722	0.1791	0.8700	0.0271	0.6268	34.5000	0.2885	339.0000	109.0000	0.3215	342.0000
798	0.3716	0.3623	0.1649	0.8988	0.0245	0.6648	33.8750	0.2915	298.0000	93.0000	0.3121	304.0000
799	0.3662	0.3683	0.1826	0.8647	0.0284	0.6421	34.2500	0.3179	363.0000	114.0000	0.3140	365.0000
800	0.3674	0.3711	0.1740	0.8456	0.0277	0.6261	34.2500	0.3067	346.0000	100.0000	0.2890	350.0000
801	0.3662	0.3694	0.1859	0.8673	0.0287	0.6482	34.5000	0.2784	362.0000	114.0000	0.3149	371.0000
802	0.3925	0.3628	0.1966	0.8628	0.0292	0.6653	33.7500	0.2457	373.0000	106.0000	0.2842	379.0000
803	0.4009	0.3777	0.1883	0.8681	0.0325	0.6427	34.1250	0.2760	378.0000	114.0000	0.3016	380.0000
804	0.3860	0.3661	0.1676	0.8743	0.0262	0.6447	34.0000	0.2879	325.0000	103.0000	0.3169	329.0000
805	0.4083	0.3656	0.1650	0.8804	0.0286	0.6568	34.1250	0.2854	358.0000	102.0000	0.2849	366.0000
806	0.3700	0.3788	0.1882	0.8590	0.0302	0.6846	34.2500	0.2543	385.0000	110.0000	0.2857	390.0000
807	0.3665	0.3672	0.1873	0.8708	0.0284	0.6654	34.1250	0.2708	371.0000	106.0000	0.2857	378.0000
808	0.3913	0.3700	0.1841	0.8787	0.0264	0.6680	34.0000	0.2889	346.0000	105.0000	0.3035	355.0000
809	0.3689	0.3661	0.1624	0.8645	0.0236	0.6299	34.2500	0.2909	338.0000	108.0000	0.3195	346.0000
810	0.3279	0.3678	0.1558	0.8953	0.0240	0.5945	33.8750	0.3411	316.0000	104.0000	0.3291	322.0000
811	0.3638	0.3782	0.1782	0.8850	0.0296	0.6201	33.8750	0.3082	353.0000	107.0000	0.3031	361.0000
812	0.3575	0.3766	0.1825	0.8615	0.0290	0.6438	34.5000	0.2850	363.0000	113.0000	0.3113	373.0000
813	0.3957	0.3650	0.1822	0.8502	0.0261	0.6112	34.6250	0.2987	353.0000	117.0000	0.3314	363.0000
814	0.3722	0.3755	0.1908	0.8838	0.0315	0.6642	34.6250	0.2795	373.0000	113.0000	0.3029	378.0000
815	0.3448	0.3617	0.1577	0.8473	0.0267	0.6122	34.2500	0.3311	355.0000	108.0000	0.3042	361.0000
816	0.3249	0.3661	0.1659	0.8743	0.0254	0.6082	33.6250	0.3190	321.0000	108.0000	0.3364	330.0000
817	0.3559	0.3749	0.1778	0.8658	0.0282	0.6190	34.2500	0.3388	354.0000	114.0000	0.3220	360.0000
818	0.3975	0.3694	0.1787	0.8531	0.0274	0.6423	34.2500	0.2859	390.0000	115.0000	0.2949	399.0000
819	0.4119	0.3612	0.1693	0.8778	0.0292	0.6594	33.8750	0.2802	343.0000	104.0000	0.3032	348.0000
820	0.3607	0.3524	0.1606	0.8655	0.0235	0.6181	34.5000	0.3155	338.0000	108.0000	0.3195	340.0000
821	0.4003	0.3700	0.1797	0.8589	0.0296	0.6492	34.3750	0.2720	369.0000	107.0000	0.2900	373.0000
822	0.3770	0.3672	0.1737	0.8780	0.0279	0.6626	33.7500	0.2746	345.0000	105.0000	0.3043	351.0000
823	0.3540	0.3694	0.1784	0.8421	0.0258	0.6310	34.8750	0.3074	345.0000	110.0000	0.3188	356.0000
824	0.4175	0.3700	0.1955	0.8531	0.0300	0.6579	34.0000	0.2630	377.0000	107.0000	0.2838	383.0000
825	0.3644	0.3661	0.1710	0.8729	0.0251	0.6302	34.0000	0.2639	359.0000	109.0000	0.3036	365.0000
826	0.3636	0.3683	0.1731	0.8615	0.0244	0.6352	33.7500	0.3011	326.0000	104.0000	0.3190	335.0000
827	0.3634	0.3601	0.1586	0.8734	0.0261	0.6080	34.3750	0.3351	331.0000	111.0000	0.3353	339.0000
828	0.3878	0.3639	0.1920	0.8600	0.0281	0.6584	34.2500	0.2550	363.0000	107.0000	0.2948	366.0000
829	0.4731	0.3782	0.1848	0.8749	0.0351	0.6952	33.8750	0.2203	352.0000	102.0000	0.2898	356.0000
830	0.3785	0.3716	0.1854	0.8844	0.0289	0.6623	34.2500	0.2775	360.0000	102.0000	0.2833	367.0000
831	0.3722	0.3661	0.1854	0.8394	0.0322	0.6352	34.0000	0.2776	367.0000	113.0000	0.3079	371.0000
832	0.3334	0.3584	0.1625	0.8562	0.0238	0.6261	34.2500	0.3333	306.0000	95.0000	0.3105	313.0000
833	0.3734	0.3711	0.1701	0.8867	0.0285	0.6403	34.0000	0.3003	328.0000	97.0000	0.2957	333.0000
834	0.3617	0.3678	0.1692	0.8495	0.0283	0.6318	33.5000	0.2977	346.0000	102.0000	0.2948	353.0000
835	0.3640	0.3705	0.1606	0.8924	0.0262	0.6165	34.6250	0.3144	313.0000	102.0000	0.3259	316.0000
836	0.3309	0.3628	0.1720	0.8662	0.0269	0.5903	34.1250	0.3481	334.0000	113.0000	0.3383	344.0000
837	0.3889	0.3661	0.1677	0.8524	0.0272	0.6476	33.5000	0.2895	328.0000	104.0000	0.3171	332.0000
838	0.4184	0.3733	0.1744	0.8904	0.0306	0.6701	33.8750	0.2767	334.0000	97.0000	0.2904	338.0000
839	0.3567	0.3716	0.1775	0.8498	0.0279	0.6356	34.6250	0.2947	375.0000	117.0000	0.3120	385.0000
840	0.3364	0.3672	0.1655	0.8638	0.0247	0.6048	33.7500	0.3506	320.0000	107.0000	0.3344	325.0000
841	0.3780	0.3694	0.1581	0.8551	0.0247	0.6045	34.0000	0.3107	318.0000	110.0000	0.3459	323.0000
842	0.3631	0.3749	0.1635	0.8550	0.0270	0.6364	34.0000	0.3059	370.0000	112.0000	0.3027	377.0000
843	0.3056	0.3579	0.1684	0.8774	0.0252	0.6006	34.5000	0.3509	334.0000	107.0000	0.3204	342.0000
844	0.3415	0.3760	0.1932	0.8464	0.0260	0.6356	34.1250	0.3016	369.0000	117.0000	0.3171	378.0000
845	0.3689	0.3590	0.1562	0.8579	0.0239	0.6341	34.0000	0.2939	307.0000	98.0000	0.3192	311.0000
846	0.3086	0.3562	0.1531	0.8708	0.0261	0.5764	33.8750	0.3795	323.0000	102.0000	0.3158	325.0000
847	0.3818	0.3733	0.1842	0.8474	0.0289	0.6478	34.3750	0.2716	366.0000	107.0000	0.2923	376.0000
848	0.3574	0.3705	0.1870	0.8535	0.0279	0.6502	34.2500	0.2799	374.0000	116.0000	0.3102	386.0000
849	0.4017	0.3606	0.1656	0.8784	0.0287	0.6166	33.8750	0.2952	340.0000	105.0000	0.3088	347.0000
850	0.3537	0.3650	0.1764	0.8809	0.0256	0.6149	34.1250	0.3251	350.0000	114.0000	0.3257	355.0000
851	0.3474	0.3678	0.1648	0.8824	0.0216	0.6267	33.7500	0.3401	310.0000	99.0000	0.3194	315.0000
852	0.3321	0.3672	0.1769	0.8781	0.0256	0.5868	34.0000	0.3419	337.0000	109.0000	0.3234	344.0000
853	0.4156	0.3711	0.1887	0.8395	0.0296	0.6453	34.0000	0.2713	382.0000	112.0000	0.2932	384.0000
854	0.3641	0.3694	0.1783	0.8740	0.0264	0.6368	34.2500	0.2966	335.0000	105.0000	0.3134	341.0000
855	0.3610	0.3639	0.1767	0.8682	0.0261	0.6382	34.2500	0.3160	338.0000	109.0000	0.3225	344.0000
856	0.3856	0.3694	0.1792	0.8464	0.0276	0.6394	34.2500	0.2853	386.0000	120.0000	0.3109	394.0000
857	0.3541	0.3760	0.1757	0.8527	0.0294	0.6199	33.8750	0.3208	355.0000	107.0000	0.3014	360.0000
858	0.3431	0.3744	0.1739	0.8846	0.0265	0.6111	34.8750	0.3386	349.0000	119.0000	0.3410	357.0000
859	0.3378	0.3623	0.1864	0.8819	0.0257	0.6646	34.1250	0.2717	355.0000	109.0000	0.3070	362.0000
860	0.3601	0.3683	0.1661	0.8765	0.0246	0.6337	34.1250	0.3227	335.0000	111.0000	0.3313	343.0000
861	0.3340	0.3623	0.1698	0.8667	0.0266	0.6339	33.7500	0.2998	340.0000	101.0000	0.2971	346.0000
862	0.3921	0.3584	0.1750	0.8701	0.0237	0.6316	34.3750	0.3150	332.0000	103.0000	0.3102	341.0000
863	0.3917	0.3595	0.1618	0.8675	0.0279	0.6527	34.7500	0.3003	324.0000	101.0000	0.3117	329.0000
864	0.3301	0.3650	0.1734	0.8521	0.0252	0.6027	34.3750	0.3151	354.0000	113.0000	0.3192	356.0000
865	0.3923	0.3623	0.1776	0.8747	0.0283	0.6447	34.1250	0.2937	329.0000	108.0000	0.3283	332.0000
866	0.3894	0.3733	0.1769	0.8719	0.0282	0.6485	34.1250	0.2937	343.0000	103.0000	0.3003	349.0000
867	0.3292	0.3568	0.1757	0.8642	0.0286	0.6014	34.2500	0.3424	351.0000	107.0000	0.3048	358.0000
868	0.3382	0.3601	0.1642	0.8629	0.0270	0.5854	34.0000	0.3296	324.0000	111.0000	0.3426	331.0000
869	0.3919	0.3694	0.1823	0.8483	0.0272	0.6523	34.6250	0.2735	354.0000	105.0000	0.2966	358.0000
870	0.4138	0.3700	0.1923	0.8698	0.0287	0.6342	34.7500	0.2980	337.0000	111.0000	0.3294	341.0000
871	0.3208	0.3683	0.1788	0.8618	0.0282	0.6460	34.2500	0.2762	372.0000	108.0000	0.2903	378.0000
872	0.3888	0.3650	0.1859	0.8603	0.0294	0.6570	33.8750	0.2689	376.0000	106.0000	0.2819	386.0000
873	0.3999	0.3601	0.1748	0.8332	0.0285	0.6262	34.1250	0.2919	351.0000	106.0000	0.3020	358.0000
874	0.3648	0.3634	0.1458	0.8761	0.0243	0.6388	33.8750	0.3089	319.0000	96.0000	0.3009	327.0000
875	0.3661	0.3634	0.1577	0.8586	0.0243	0.5993	34.0000	0.3355	308.0000	107.0000	0.3474	313.0000
876	0.3725	0.3683	0.1766	0.8701	0.0300	0.6615	34.2500	0.2860	357.0000	106.0000	0.2969	360.0000
877	0.3687	0.3804	0.1785	0.8511	0.0266	0.6674	33.8750	0.2872	370.0000	116.0000	0.3135	377.0000
878	0.3359	0.3711	0.1869	0.8432	0.0312	0.6375	34.0000	0.2843	382.0000	108.0000	0.2827	388.0000
879	0.3312	0.3623	0.1698	0.8600	0.0268	0.5704	34.5000	0.3703	323.0000	119.0000	0.3684	329.0000
880	0.3510	0.3623	0.1796	0.8819	0.0307	0.6311	34.2500	0.3315	354.0000	109.0000	0.3079	357.0000
881	0.3303	0.3612	0.1786	0.8720	0.0243	0.6355	34.2500	0.3039	368.0000	111.0000	0.3016	378.0000
882	0.3371	0.3623	0.1643	0.8741	0.0260	0.6029	34.6250	0.3333	341.0000	107.0000	0.3138	348.0000
883	0.3482	0.3716	0.1660	0.8655	0.0287	0.6302	34.0000	0.3099	320.0000	103.0000	0.3219	323.0000
884	0.3558	0.3793	0.1915	0.8462	0.0294	0.6246	34.3750	0.2783	374.0000	123.0000	0.3289	381.0000
885	0.3869	0.3590	0.1709	0.8606	0.0270	0.6286	34.5000	0.3127	351.0000	105.0000	0.2991	361.0000
886	0.3787	0.3777	0.2042	0.8515	0.0293	0.6628	34.3750	0.2807	405.0000	120.0000	0.2963	409.0000
887	0.4102	0.3672	0.1827	0.8457	0.0287	0.6346	34.1250	0.2790	375.0000	118.0000	0.3147	382.0000
888	0.3221	0.3551	0.1540	0.8602	0.0245	0.5971	33.5000	0.3385	321.0000	105.0000	0.3271	328.0000
889	0.3371	0.3656	0.1698	0.8634	0.0231	0.6297	33.8750	0.3072	312.0000	103.0000	0.3301	318.0000
890	0.4110	0.3689	0.1838	0.8646	0.0294	0.6239	34.3750	0.2893	367.0000	115.0000	0.3134	370.0000
891	0.3447	0.3689	0.1774	0.8528	0.0297	0.6095	34.2500	0.3341	336.0000	109.0000	0.3244	341.0000
892	0.3352	0.3683	0.1741	0.8584	0.0300	0.6234	34.0000	0.3080	338.0000	105.0000	0.3107	341.0000
893	0.3792	0.3700	0.1775	0.8510	0.0273	0.6541	33.6250	0.2886	364.0000	109.0000	0.2995	372.0000
894	0.3354	0.3771	0.1766	0.8601	0.0270	0.6297	34.7500	0.3153	352.0000	108.0000	0.3068	357.0000
895	0.3853	0.3722	0.1614	0.8543	0.0259	0.6566	33.8750	0.2581	345.0000	112.0000	0.3246	353.0000
896	0.3540	0.3551	0.1639	0.8810	0.0261	0.6377	33.8750	0.3204	333.0000	102.0000	0.3063	336.0000
897	0.4022	0.3645	0.1759	0.8667	0.0269	0.6361	34.0000	0.3048	373.0000	104.0000	0.2788	384.0000
898	0.3332	0.3689	0.1660	0.8701	0.0276	0.6075	33.5000	0.3213	319.0000	106.0000	0.3323	324.0000
899	0.2928	0.3606	0.1444	0.8799	0.0194	0.6075	33.6250	0.3445	275.0000	101.0000	0.3673	278.0000
900	0.4029	0.3738	0.1846	0.8603	0.0292	0.6453	33.7500	0.2890	371.0000	113.0000	0.3046	376.0000
901	0.3722	0.3672	0.1733	0.8695	0.0265	0.6330	34.0000	0.3224	378.0000	112.0000	0.2963	382.0000
902	0.3351	0.3623	0.1561	0.8695	0.0234	0.5990	33.5000	0.3436	336.0000	107.0000	0.3185	342.0000
903	0.3352	0.3639	0.1683	0.8631	0.0263	0.6321	34.0000	0.3050	349.0000	108.0000	0.3095	359.0000
904	0.3482	0.3656	0.1617	0.8753	0.0279	0.6103	34.8750	0.3179	341.0000	111.0000	0.3255	343.0000
905	0.3638	0.3639	0.1750	0.8618	0.0265	0.6223	34.5000	0.3102	332.0000	110.0000	0.3313	340.0000
906	0.3791	0.3557	0.1776	0.8544	0.0260	0.6327	33.8750	0.3063	361.0000	110.0000	0.3047	365.0000
907	0.3729	0.3700	0.1782	0.8644	0.0285	0.6546	34.7500	0.2780	364.0000	104.0000	0.2857	367.0000
908	0.3004	0.3705	0.1673	0.8721	0.0259	0.5984	33.8750	0.3163	342.0000	110.0000	0.3216	352.0000
909	0.3994	0.3661	0.1720	0.8653	0.0278	0.6586	34.3750	0.2737	339.0000	95.0000	0.2802	346.0000
910	0.3654	0.3612	0.1689	0.8750	0.0243	0.6619	33.7500	0.3008	337.0000	98.0000	0.2908	343.0000
911	0.3330	0.3683	0.1657	0.8766	0.0273	0.6346	34.1250	0.3010	336.0000	105.0000	0.3125	343.0000
912	0.3238	0.3557	0.1512	0.8686	0.0222	0.5916	34.0000	0.3536	288.0000	104.0000	0.3611	292.0000
913	0.3425	0.3667	0.1644	0.8554	0.0264	0.6216	34.2500	0.3107	325.0000	105.0000	0.3231	331.0000
914	0.3359	0.3606	0.1668	0.8685	0.0235	0.6263	34.7500	0.2977	325.0000	104.0000	0.3200	330.0000
915	0.3462	0.3645	0.1812	0.8604	0.0285	0.6243	34.1250	0.3014	364.0000	114.0000	0.3132	368.0000
916	0.3471	0.3661	0.1795	0.8702	0.0277	0.6279	34.8750	0.3176	364.0000	116.0000	0.3187	366.0000
917	0.3397	0.3678	0.1635	0.8701	0.0252	0.6242	34.5000	0.3376	326.0000	108.0000	0.3313	332.0000
918	0.3838	0.3623	0.1702	0.8622	0.0274	0.6422	33.7500	0.2940	320.0000	103.0000	0.3219	324.0000
919	0.3618	0.3628	0.1775	0.8699	0.0258	0.6342	34.1250	0.2983	336.0000	99.0000	0.2946	344.0000
920	0.3881	0.3738	0.1689	0.8502	0.0287	0.6329	34.1250	0.2916	372.0000	114.0000	0.3065	378.0000
921	0.3238	0.3722	0.1704	0.8623	0.0261	0.6446	34.3750	0.3198	364.0000	108.0000	0.2967	370.0000
922	0.3819	0.3733	0.1744	0.8745	0.0266	0.6366	34.6250	0.2970	356.0000	106.0000	0.2978	358.0000
923	0.3687	0.3788	0.1893	0.8637	0.0287	0.6690	34.1250	0.2597	383.0000	107.0000	0.2794	385.0000
924	0.3524	0.3711	0.1684	0.8745	0.0245	0.6420	34.8750	0.3179	337.0000	105.0000	0.3116	347.0000
925	0.4321	0.3711	0.1835	0.8630	0.0264	0.6564	34.2500	0.2812	345.0000	103.0000	0.2986	354.0000
926	0.4144	0.3672	0.1541	0.8799	0.0268	0.6516	35.0000	0.3086	325.0000	93.0000	0.2862	333.0000
927	0.3967	0.3645	0.1892	0.8573	0.0287	0.6581	34.5000	0.2612	403.0000	113.0000	0.2804	408.0000
928	0.3826	0.3617	0.1709	0.8648	0.0260	0.6141	34.1250	0.3113	355.0000	109.0000	0.3070	361.0000
929	0.3192	0.3645	0.1634	0.8645	0.0255	0.5973	34.3750	0.3407	324.0000	103.0000	0.3179	328.0000
930	0.3660	0.3793	0.1848	0.8510	0.0293	0.6526	34.0000	0.2838	380.0000	108.0000	0.2842	389.0000
931	0.3648	0.3678	0.1682	0.8893	0.0291	0.6704	33.7500	0.2933	335.0000	93.0000	0.2776	343.0000
932	0.3913	0.3590	0.1788	0.8719	0.0276	0.6873	33.8750	0.2451	357.0000	103.0000	0.2885	363.0000
933	0.3872	0.3524	0.1649	0.8626	0.0231	0.6709	34.6250	0.2713	323.0000	99.0000	0.3065	327.0000
934	0.3158	0.3623	0.1726	0.8664	0.0255	0.6278	35.0000	0.3145	338.0000	109.0000	0.3225	344.0000
935	0.3530	0.3661	0.1765	0.8627	0.0281	0.6556	33.8750	0.2861	347.0000	100.0000	0.2882	352.0000
936	0.3764	0.3716	0.1749	0.8751	0.0270	0.6072	34.5000	0.3398	350.0000	118.0000	0.3371	356.0000
937	0.3331	0.3617	0.1734	0.8618	0.0270	0.6167	34.3750	0.3294	340.0000	114.0000	0.3353	344.0000
938	0.3323	0.3634	0.1639	0.8612	0.0265	0.6491	34.5000	0.2974	328.0000	103.0000	0.3140	333.0000
939	0.3144	0.3694	0.1644	0.8675	0.0267	0.6104	33.8750	0.3306	330.0000	111.0000	0.3364	336.0000
940	0.3651	0.3584	0.1620	0.8721	0.0270	0.6145	33.5000	0.3221	348.0000	102.0000	0.2931	352.0000
941	0.3423	0.3639	0.1759	0.8618	0.0257	0.6754	34.3750	0.2716	363.0000	105.0000	0.2893	365.0000
942	0.3370	0.3634	0.1564	0.8389	0.0274	0.6114	34.2500	0.3270	348.0000	108.0000	0.3103	350.0000
943	0.3436	0.3612	0.1695	0.8900	0.0276	0.6064	33.3750	0.3294	337.0000	106.0000	0.3145	344.0000
944	0.3735	0.3595	0.1749	0.8776	0.0278	0.6571	33.7500	0.2952	339.0000	105.0000	0.3097	349.0000
945	0.3595	0.3661	0.1679	0.8729	0.0258	0.6178	34.2500	0.3182	338.0000	109.0000	0.3225	346.0000
946	0.3360	0.3700	0.1760	0.8625	0.0250	0.5845	35.0000	0.3459	346.0000	119.0000	0.3439	353.0000
947	0.3461	0.3667	0.1854	0.8774	0.0301	0.6367	34.0000	0.2941	353.0000	110.0000	0.3116	358.0000
948	0.3523	0.3656	0.1728	0.8508	0.0269	0.6322	34.3750	0.3279	369.0000	118.0000	0.3198	375.0000
949	0.3675	0.3700	0.1784	0.8704	0.0320	0.6387	33.8750	0.3233	358.0000	110.0000	0.3073	362.0000
950	0.3870	0.3623	0.1780	0.8695	0.0291	0.6386	34.7500	0.2889	365.0000	112.0000	0.3068	373.0000
951	0.3668	0.3601	0.1522	0.8818	0.0245	0.6160	34.6250	0.3299	315.0000	106.0000	0.3365	323.0000
952	0.3760	0.3700	0.1849	0.8858	0.0272	0.6477	33.8750	0.2851	348.0000	100.0000	0.2874	354.0000
953	0.3174	0.3661	0.1834	0.8481	0.0292	0.6241	33.8750	0.3127	352.0000	107.0000	0.3040	359.0000
954	0.3814	0.3639	0.1656	0.8666	0.0303	0.6206	34.2500	0.3063	361.0000	111.0000	0.3075	364.0000
955	0.3953	0.3617	0.1661	0.8715	0.0255	0.6720	33.8750	0.2655	333.0000	95.0000	0.2853	339.0000
956	0.3757	0.3645	0.1727	0.8732	0.0301	0.6346	34.2500	0.3090	342.0000	107.0000	0.3129	347.0000
957	0.3716	0.3623	0.1856	0.8664	0.0284	0.6412	34.3750	0.3099	367.0000	110.0000	0.2997	376.0000
958	0.3902	0.3705	0.1756	0.8650	0.0275	0.6609	34.1250	0.2805	338.0000	101.0000	0.2988	343.0000
959	0.3328	0.3738	0.1695	0.8612	0.0260	0.6462	34.1250	0.3065	358.0000	103.0000	0.2877	363.0000
960	0.3879	0.3584	0.1523	0.8824	0.0251	0.6517	33.8750	0.3084	313.0000	92.0000	0.2939	321.0000
961	0.3193	0.3639	0.1622	0.8566	0.0230	0.6101	34.2500	0.3108	312.0000	104.0000	0.3333	317.0000
962	0.3300	0.3639	0.1624	0.8612	0.0258	0.6298	34.2500	0.3082	337.0000	104.0000	0.3086	344.0000
963	0.3935	0.3694	0.1780	0.8612	0.0271	0.6307	34.2500	0.3005	351.0000	104.0000	0.2963	360.0000
964	0.3610	0.3722	0.1727	0.8739	0.0295	0.6337	34.3750	0.2884	347.0000	103.0000	0.2968	353.0000
965	0.3543	0.3661	0.1797	0.8582	0.0251	0.5989	33.7500	0.3370	367.0000	119.0000	0.3243	375.0000
966	0.3643	0.3595	0.1611	0.8676	0.0254	0.6102	33.7500	0.3085	333.0000	111.0000	0.3333	338.0000
967	0.3598	0.3689	0.1791	0.8793	0.0291	0.6727	34.2500	0.2775	366.0000	104.0000	0.2842	372.0000
968	0.3896	0.3606	0.1645	0.8727	0.0288	0.6225	33.8750	0.3284	328.0000	104.0000	0.3171	333.0000
969	0.3783	0.3683	0.1768	0.8718	0.0254	0.6388	34.6250	0.3018	338.0000	107.0000	0.3166	342.0000
970	0.2782	0.3606	0.1594	0.8510	0.0229	0.5662	34.0000	0.3703	334.0000	118.0000	0.3533	339.0000
971	0.3771	0.3623	0.1597	0.8566	0.0255	0.6306	34.8750	0.3206	333.0000	105.0000	0.3153	341.0000
972	0.3504	0.3683	0.1868	0.8431	0.0294	0.6183	34.1250	0.3157	371.0000	112.0000	0.3019	381.0000
973	0.3319	0.3689	0.1944	0.8389	0.0270	0.6009	34.3750	0.3349	387.0000	120.0000	0.3101	397.0000
974	0.3453	0.3727	0.1777	0.8567	0.0286	0.6234	34.0000	0.2922	376.0000	119.0000	0.3165	383.0000
975	0.3679	0.3705	0.1755	0.8452	0.0283	0.6229	33.5000	0.3093	346.0000	110.0000	0.3179	353.0000
976	0.3939	0.3804	0.1898	0.8382	0.0295	0.6506	34.3750	0.2686	380.0000	113.0000	0.2974	389.0000
977	0.3853	0.3683	0.1730	0.8528	0.0295	0.6712	34.5000	0.2658	367.0000	102.0000	0.2779	376.0000
978	0.4175	0.3678	0.1711	0.8691	0.0293	0.6517	33.5000	0.2824	346.0000	112.0000	0.3237	351.0000
979	0.3342	0.3645	0.1544	0.8541	0.0235	0.5788	34.3750	0.3495	317.0000	103.0000	0.3249	319.0000
980	0.3853	0.3749	0.1810	0.8569	0.0303	0.6449	34.2500	0.2821	396.0000	113.0000	0.2854	404.0000
981	0.3841	0.3661	0.1683	0.8648	0.0309	0.6516	34.3750	0.2830	370.0000	110.0000	0.2973	380.0000
982	0.3817	0.3634	0.1817	0.8619	0.0291	0.6014	34.7500	0.3344	334.0000	108.0000	0.3234	341.0000
983	0.3100	0.3705	0.1640	0.8535	0.0244	0.6176	34.6250	0.3131	341.0000	112.0000	0.3284	347.0000
984	0.3362	0.3661	0.1656	0.8505	0.0248	0.6217	34.5000	0.3241	348.0000	111.0000	0.3190	352.0000
985	0.3819	0.3843	0.1904	0.8683	0.0307	0.6710	34.1250	0.2700	379.0000	103.0000	0.2718	385.0000
986	0.4006	0.3733	0.1664	0.8886	0.0268	0.6574	33.8750	0.2769	332.0000	101.0000	0.3042	339.0000
987	0.4013	0.3694	0.1842	0.8549	0.0291	0.7064	34.2500	0.2368	403.0000	109.0000	0.2705	409.0000
988	0.3319	0.3650	0.1739	0.8615	0.0290	0.6013	33.8750	0.3439	349.0000	114.0000	0.3266	353.0000
989	0.4003	0.3661	0.1770	0.8508	0.0282	0.6558	34.5000	0.2918	361.0000	111.0000	0.3075	365.0000
990	0.3947	0.3700	0.1974	0.8446	0.0277	0.6666	34.1250	0.2724	377.0000	113.0000	0.2997	390.0000
991	0.3796	0.3667	0.1703	0.8551	0.0291	0.6274	34.7500	0.3076	352.0000	107.0000	0.3040	355.0000
992	0.3264	0.3573	0.1540	0.8665	0.0255	0.6270	34.0000	0.3242	323.0000	100.0000	0.3096	326.0000
993	0.3488	0.3645	0.1767	0.8633	0.0288	0.5957	34.2500	0.3393	343.0000	109.0000	0.3178	347.0000
994	0.3705	0.3546	0.1660	0.8788	0.0244	0.6404	34.1250	0.2956	326.0000	99.0000	0.3037	334.0000
995	0.3782	0.3628	0.1916	0.8479	0.0288	0.6349	34.3750	0.3057	362.0000	114.0000	0.3149	375.0000
996	0.3708	0.3612	0.1585	0.8674	0.0268	0.6258	34.1250	0.3086	343.0000	99.0000	0.2886	352.0000
997	0.3512	0.3628	0.1607	0.8645	0.0266	0.6011	34.0000	0.3447	323.0000	108.0000	0.3344	329.0000
998	0.3990	0.3694	0.1688	0.8535	0.0245	0.6419	34.8750	0.2961	339.0000	111.0000	0.3274	345.0000
999	0.3859	0.3755	0.1809	0.8564	0.0296	0.6580	33.7500	0.2660	364.0000	104.0000	0.2857	372.0000
1000	0.3838	0.3645	0.1814	0.8615	0.0287	0.7025	34.1250	0.2498	362.0000	91.0000	0.2514	374.0000
