accuracy	proportion	density	fuzziness	coverage	purity	sounds	missing	ubound	clusters	props	patterns
1	0.4178	0.4107	0.1807	0.8345	0.0395	0.6734	34.3750	0.2300	479.0000	125.0000	0.2610	492.0000
2	0.3981	0.3991	0.1834	0.8366	0.0374	0.6514	34.8750	0.2818	409.0000	117.0000	0.2861	419.0000
3	0.3528	0.3881	0.1888	0.8582	0.0346	0.6508	34.6250	0.2787	390.0000	107.0000	0.2744	394.0000
4	0.3172	0.3645	0.1550	0.8350	0.0331	0.5903	33.3750	0.3339	335.0000	114.0000	0.3403	338.0000
5	0.3754	0.3683	0.1637	0.8730	0.0333	0.6863	33.2500	0.2480	340.0000	95.0000	0.2794	346.0000
6	0.3665	0.3804	0.1908	0.8582	0.0379	0.6660	34.8750	0.2644	381.0000	113.0000	0.2966	391.0000
7	0.3789	0.3738	0.1776	0.8596	0.0352	0.6676	33.5000	0.2652	350.0000	107.0000	0.3057	357.0000
8	0.3479	0.3645	0.1483	0.8672	0.0292	0.6092	34.3750	0.3304	301.0000	99.0000	0.3289	306.0000
9	0.3135	0.3738	0.1801	0.8742	0.0331	0.6243	34.1250	0.2951	341.0000	103.0000	0.3021	348.0000
10	0.3446	0.3705	0.1618	0.8778	0.0317	0.6210	34.2500	0.3082	332.0000	107.0000	0.3223	339.0000
11	0.3455	0.3689	0.1673	0.8765	0.0329	0.6552	34.5000	0.2721	370.0000	102.0000	0.2757	379.0000
12	0.3434	0.3584	0.1747	0.8575	0.0347	0.5981	34.2500	0.3372	337.0000	115.0000	0.3412	343.0000
13	0.3569	0.3678	0.1672	0.8842	0.0325	0.6289	34.0000	0.3106	342.0000	103.0000	0.3012	349.0000
14	0.3853	0.3645	0.1688	0.8677	0.0353	0.6605	34.1250	0.2843	363.0000	104.0000	0.2865	369.0000
15	0.3306	0.3755	0.1786	0.8592	0.0332	0.6196	35.5000	0.3142	368.0000	113.0000	0.3071	375.0000
16	0.3137	0.3645	0.1683	0.8681	0.0270	0.5778	34.1250	0.3628	346.0000	109.0000	0.3150	350.0000
17	0.3491	0.3650	0.1734	0.8580	0.0337	0.6132	34.2500	0.3136	349.0000	103.0000	0.2951	353.0000
18	0.3393	0.3623	0.1596	0.8683	0.0294	0.6008	34.5000	0.3458	316.0000	107.0000	0.3386	322.0000
19	0.3706	0.3628	0.1715	0.8503	0.0352	0.6462	34.1250	0.2953	361.0000	105.0000	0.2909	370.0000
20	0.3358	0.3612	0.1577	0.8579	0.0300	0.6319	34.5000	0.3108	324.0000	102.0000	0.3148	333.0000
21	0.3592	0.3694	0.1786	0.8550	0.0340	0.6335	34.1250	0.2902	367.0000	116.0000	0.3161	375.0000
22	0.3560	0.3606	0.1705	0.8713	0.0306	0.6570	34.2500	0.2612	344.0000	96.0000	0.2791	353.0000
23	0.3535	0.3634	0.1791	0.8705	0.0360	0.6171	34.0000	0.3319	334.0000	103.0000	0.3084	338.0000
24	0.4111	0.3595	0.1579	0.8737	0.0320	0.6446	34.3750	0.2842	325.0000	101.0000	0.3108	329.0000
25	0.3763	0.3590	0.1762	0.8680	0.0292	0.6056	33.7500	0.3391	347.0000	106.0000	0.3055	351.0000
26	0.3655	0.3623	0.1817	0.8667	0.0372	0.6322	34.0000	0.2822	359.0000	108.0000	0.3008	367.0000
27	0.3843	0.3738	0.1824	0.8562	0.0326	0.6465	34.0000	0.2923	363.0000	102.0000	0.2810	369.0000
28	0.3764	0.3705	0.1647	0.8644	0.0292	0.6149	34.6250	0.3291	343.0000	106.0000	0.3090	348.0000
29	0.3268	0.3705	0.1571	0.8582	0.0287	0.5958	33.7500	0.3299	327.0000	115.0000	0.3517	334.0000
30	0.3423	0.3722	0.1815	0.8418	0.0360	0.6093	34.2500	0.3162	395.0000	124.0000	0.3139	399.0000
31	0.3782	0.3661	0.1503	0.8569	0.0316	0.6053	33.7500	0.3358	335.0000	106.0000	0.3164	338.0000
32	0.2983	0.3628	0.1658	0.8676	0.0306	0.6314	34.3750	0.3226	341.0000	113.0000	0.3314	344.0000
33	0.3659	0.3546	0.1648	0.8561	0.0298	0.5862	33.8750	0.3451	300.0000	101.0000	0.3367	308.0000
34	0.3992	0.3749	0.1687	0.8687	0.0336	0.6342	33.7500	0.3180	331.0000	100.0000	0.3021	335.0000
35	0.3346	0.3672	0.1848	0.8541	0.0329	0.6189	34.8750	0.3352	360.0000	110.0000	0.3056	363.0000
36	0.3663	0.3568	0.1625	0.8632	0.0359	0.6428	34.2500	0.2947	339.0000	109.0000	0.3215	342.0000
37	0.3697	0.3590	0.1753	0.8717	0.0352	0.6339	33.5000	0.3144	315.0000	104.0000	0.3302	321.0000
38	0.3060	0.3760	0.1835	0.8539	0.0350	0.6584	33.5000	0.2726	386.0000	101.0000	0.2617	392.0000
39	0.3869	0.3656	0.1920	0.8563	0.0358	0.6440	33.8750	0.3016	376.0000	112.0000	0.2979	383.0000
40	0.3572	0.3744	0.1856	0.8671	0.0330	0.6003	33.6250	0.3143	358.0000	114.0000	0.3184	364.0000
41	0.4213	0.3678	0.1777	0.8835	0.0374	0.6718	34.3750	0.2815	365.0000	99.0000	0.2712	372.0000
42	0.3296	0.3711	0.1718	0.8622	0.0349	0.5941	33.8750	0.3457	356.0000	112.0000	0.3146	359.0000
43	0.3967	0.3744	0.1826	0.8576	0.0359	0.6372	34.8750	0.2836	381.0000	111.0000	0.2913	389.0000
44	0.4113	0.3733	0.1914	0.8580	0.0373	0.6833	34.6250	0.2452	386.0000	107.0000	0.2772	392.0000
45	0.3659	0.3656	0.1687	0.8640	0.0308	0.6406	34.2500	0.3060	353.0000	107.0000	0.3031	362.0000
46	0.3651	0.3738	0.1746	0.8657	0.0321	0.6432	33.5000	0.2900	349.0000	101.0000	0.2894	356.0000
47	0.3597	0.3634	0.1732	0.8554	0.0314	0.6053	33.8750	0.3133	350.0000	111.0000	0.3171	356.0000
48	0.3828	0.3595	0.1607	0.8711	0.0303	0.6165	34.0000	0.3034	327.0000	105.0000	0.3211	336.0000
49	0.3551	0.3612	0.1522	0.8660	0.0299	0.6446	34.1250	0.2884	314.0000	93.0000	0.2962	322.0000
50	0.3869	0.3705	0.1648	0.8706	0.0337	0.6121	34.3750	0.3000	304.0000	105.0000	0.3454	308.0000
51	0.3966	0.3678	0.1704	0.8775	0.0294	0.6671	34.6250	0.2649	346.0000	104.0000	0.3006	353.0000
52	0.3866	0.3683	0.1847	0.8675	0.0329	0.6582	33.6250	0.2757	347.0000	101.0000	0.2911	354.0000
53	0.4027	0.3733	0.1792	0.8761	0.0368	0.6452	34.5000	0.2735	349.0000	104.0000	0.2980	354.0000
54	0.3685	0.3667	0.1684	0.8729	0.0314	0.6167	34.0000	0.3162	371.0000	110.0000	0.2965	379.0000
55	0.3786	0.3727	0.1618	0.8677	0.0329	0.6232	33.2500	0.3249	336.0000	103.0000	0.3065	343.0000
56	0.4108	0.3650	0.1725	0.8859	0.0367	0.6195	34.3750	0.2869	337.0000	114.0000	0.3383	345.0000
57	0.3887	0.3760	0.1794	0.8608	0.0356	0.6524	34.3750	0.2866	337.0000	100.0000	0.2967	342.0000
58	0.3967	0.3711	0.1591	0.8664	0.0318	0.6397	34.3750	0.2860	339.0000	105.0000	0.3097	345.0000
59	0.3308	0.3590	0.1536	0.8683	0.0283	0.6249	34.5000	0.3233	310.0000	105.0000	0.3387	318.0000
60	0.3413	0.3590	0.1771	0.8582	0.0342	0.6201	34.6250	0.3189	353.0000	107.0000	0.3031	358.0000
61	0.3523	0.3612	0.1682	0.8739	0.0334	0.6577	34.7500	0.2941	332.0000	102.0000	0.3072	335.0000
62	0.3266	0.3606	0.1647	0.8878	0.0298	0.6069	34.5000	0.3231	329.0000	106.0000	0.3222	339.0000
63	0.3508	0.3678	0.1741	0.8572	0.0340	0.6352	34.3750	0.3172	337.0000	113.0000	0.3353	344.0000
64	0.4033	0.3634	0.1688	0.8490	0.0339	0.6252	34.2500	0.3143	310.0000	103.0000	0.3323	316.0000
65	0.3819	0.3661	0.1746	0.8814	0.0361	0.6610	34.2500	0.2374	343.0000	104.0000	0.3032	351.0000
66	0.4108	0.3711	0.1662	0.8713	0.0309	0.7066	34.0000	0.2556	344.0000	93.0000	0.2703	353.0000
67	0.3456	0.3705	0.1847	0.8855	0.0361	0.6290	34.3750	0.3056	328.0000	103.0000	0.3140	332.0000
68	0.3398	0.3606	0.1704	0.8748	0.0316	0.6388	34.7500	0.2969	335.0000	102.0000	0.3045	343.0000
69	0.3678	0.3744	0.1662	0.8735	0.0308	0.6438	34.3750	0.3044	360.0000	99.0000	0.2750	364.0000
70	0.3453	0.3667	0.1519	0.8548	0.0295	0.6159	34.3750	0.3215	319.0000	109.0000	0.3417	324.0000
71	0.3721	0.3738	0.1748	0.8791	0.0331	0.6587	34.1250	0.2784	332.0000	98.0000	0.2952	337.0000
72	0.3604	0.3667	0.1603	0.8985	0.0252	0.5717	34.3750	0.3809	301.0000	104.0000	0.3455	305.0000
73	0.3588	0.3579	0.1677	0.8755	0.0343	0.6283	34.1250	0.3196	315.0000	99.0000	0.3143	323.0000
74	0.3768	0.3645	0.1733	0.8718	0.0342	0.6514	33.7500	0.2943	343.0000	98.0000	0.2857	348.0000
75	0.3758	0.3700	0.1763	0.8610	0.0318	0.6434	33.6250	0.3047	349.0000	96.0000	0.2751	353.0000
76	0.3842	0.3755	0.1807	0.8541	0.0343	0.6312	34.0000	0.3005	346.0000	111.0000	0.3208	350.0000
77	0.4218	0.3557	0.1676	0.8705	0.0312	0.6686	33.8750	0.2827	342.0000	101.0000	0.2953	349.0000
78	0.3992	0.3755	0.1689	0.8667	0.0355	0.6590	34.8750	0.2789	338.0000	99.0000	0.2929	341.0000
79	0.3103	0.3645	0.1787	0.8813	0.0357	0.6223	33.8750	0.3093	347.0000	105.0000	0.3026	354.0000
80	0.3496	0.3639	0.1786	0.8631	0.0337	0.6104	34.6250	0.3280	350.0000	108.0000	0.3086	355.0000
81	0.3864	0.3711	0.1860	0.8563	0.0378	0.6569	34.0000	0.2725	323.0000	103.0000	0.3189	329.0000
82	0.3141	0.3623	0.1614	0.8596	0.0319	0.6162	34.6250	0.3170	322.0000	110.0000	0.3416	328.0000
83	0.3652	0.3639	0.1849	0.8626	0.0351	0.6428	34.1250	0.2746	349.0000	109.0000	0.3123	355.0000
84	0.3820	0.3650	0.1762	0.8642	0.0328	0.6634	33.7500	0.2856	356.0000	101.0000	0.2837	360.0000
85	0.3537	0.3793	0.1795	0.8645	0.0349	0.6352	34.0000	0.2807	379.0000	111.0000	0.2929	388.0000
86	0.3991	0.3683	0.1767	0.8730	0.0364	0.6982	34.2500	0.2427	347.0000	94.0000	0.2709	354.0000
87	0.3409	0.3595	0.1611	0.8853	0.0297	0.6137	33.6250	0.3303	314.0000	98.0000	0.3121	317.0000
88	0.3412	0.3733	0.1622	0.8741	0.0325	0.6224	34.1250	0.3054	343.0000	103.0000	0.3003	351.0000
89	0.3852	0.3667	0.1868	0.8610	0.0329	0.6325	34.3750	0.2903	386.0000	113.0000	0.2927	390.0000
90	0.3540	0.3678	0.1801	0.8618	0.0353	0.6009	34.2500	0.3151	363.0000	118.0000	0.3251	370.0000
91	0.3194	0.3771	0.1645	0.8682	0.0321	0.6126	33.6250	0.3249	328.0000	106.0000	0.3232	334.0000
92	0.3882	0.3579	0.1683	0.8652	0.0305	0.6322	33.6250	0.2887	343.0000	99.0000	0.2886	353.0000
93	0.3442	0.3672	0.1901	0.8727	0.0383	0.6379	33.8750	0.3205	338.0000	101.0000	0.2988	343.0000
94	0.3629	0.3711	0.1654	0.8714	0.0352	0.6245	34.7500	0.3122	329.0000	107.0000	0.3252	333.0000
95	0.3818	0.3793	0.1788	0.8575	0.0349	0.6629	34.3750	0.2791	341.0000	99.0000	0.2903	347.0000
96	0.3982	0.3694	0.1646	0.8753	0.0334	0.6490	34.2500	0.2783	329.0000	102.0000	0.3100	334.0000
97	0.2839	0.3733	0.1805	0.8341	0.0317	0.5886	34.5000	0.3390	353.0000	110.0000	0.3116	363.0000
98	0.4072	0.3656	0.1873	0.8897	0.0353	0.6664	33.8750	0.2651	339.0000	98.0000	0.2891	346.0000
99	0.4011	0.3766	0.1852	0.8742	0.0365	0.6447	33.7500	0.2833	370.0000	112.0000	0.3027	376.0000
100	0.3407	0.3689	0.1708	0.8756	0.0314	0.6236	34.3750	0.3027	353.0000	109.0000	0.3088	361.0000
101	0.3838	0.3667	0.1800	0.8537	0.0364	0.6173	34.5000	0.3089	358.0000	110.0000	0.3073	366.0000
102	0.3569	0.3612	0.1625	0.9022	0.0309	0.6027	33.7500	0.3560	342.0000	108.0000	0.3158	351.0000
103	0.3822	0.3733	0.1707	0.8538	0.0350	0.6421	34.3750	0.3001	355.0000	104.0000	0.2930	360.0000
104	0.3793	0.3656	0.1684	0.8567	0.0347	0.6628	34.1250	0.2742	335.0000	102.0000	0.3045	341.0000
105	0.3922	0.3634	0.1759	0.8782	0.0347	0.6476	34.3750	0.2969	343.0000	102.0000	0.2974	348.0000
106	0.3760	0.3700	0.1632	0.8892	0.0336	0.6811	33.6250	0.2470	328.0000	92.0000	0.2805	334.0000
107	0.3210	0.3716	0.1753	0.8671	0.0301	0.5986	34.3750	0.3377	336.0000	115.0000	0.3423	340.0000
108	0.3173	0.3678	0.1696	0.8741	0.0327	0.6094	34.1250	0.3502	338.0000	110.0000	0.3254	343.0000
109	0.3400	0.3722	0.1929	0.8464	0.0350	0.6252	34.7500	0.3024	390.0000	124.0000	0.3179	397.0000
110	0.3682	0.3788	0.1617	0.8741	0.0324	0.6515	34.3750	0.2773	332.0000	98.0000	0.2952	338.0000
111	0.3206	0.3711	0.1573	0.8853	0.0277	0.5964	34.1250	0.3460	332.0000	104.0000	0.3133	339.0000
112	0.3632	0.3689	0.1616	0.8601	0.0339	0.6097	34.2500	0.3188	333.0000	107.0000	0.3213	338.0000
113	0.3364	0.3716	0.1925	0.8641	0.0333	0.6036	34.5000	0.3228	367.0000	108.0000	0.2943	371.0000
114	0.3296	0.3694	0.1586	0.8692	0.0347	0.5987	33.8750	0.3461	325.0000	106.0000	0.3262	331.0000
115	0.3782	0.3612	0.1716	0.8580	0.0332	0.6445	33.8750	0.2951	339.0000	109.0000	0.3215	341.0000
116	0.3601	0.3749	0.1684	0.8703	0.0312	0.6251	34.7500	0.2782	350.0000	107.0000	0.3057	356.0000
117	0.3795	0.3650	0.1645	0.8759	0.0294	0.6536	34.1250	0.2755	362.0000	101.0000	0.2790	369.0000
118	0.3444	0.3716	0.1695	0.8678	0.0289	0.5884	34.5000	0.3570	326.0000	108.0000	0.3313	331.0000
119	0.3550	0.3722	0.1741	0.8464	0.0345	0.6422	34.5000	0.2728	346.0000	105.0000	0.3035	353.0000
120	0.3389	0.3705	0.1747	0.8431	0.0352	0.5998	34.5000	0.3077	348.0000	120.0000	0.3448	351.0000
121	0.3596	0.3700	0.1831	0.8663	0.0365	0.6554	33.3750	0.2948	344.0000	108.0000	0.3140	352.0000
122	0.3692	0.3672	0.1696	0.8710	0.0322	0.6216	34.1250	0.3253	323.0000	101.0000	0.3127	330.0000
123	0.3032	0.3595	0.1429	0.8800	0.0279	0.6132	34.1250	0.3266	301.0000	97.0000	0.3223	310.0000
124	0.3762	0.3623	0.1731	0.8597	0.0358	0.6648	34.0000	0.2617	336.0000	100.0000	0.2976	344.0000
125	0.4099	0.3650	0.1718	0.8721	0.0326	0.6568	33.8750	0.2804	344.0000	101.0000	0.2936	349.0000
126	0.3709	0.3590	0.1635	0.8670	0.0302	0.6019	33.7500	0.3116	320.0000	101.0000	0.3156	328.0000
127	0.3685	0.3683	0.1617	0.8628	0.0346	0.6299	34.3750	0.3212	368.0000	107.0000	0.2908	371.0000
128	0.3667	0.3733	0.1808	0.8604	0.0374	0.6605	34.3750	0.2761	368.0000	104.0000	0.2826	376.0000
129	0.3313	0.3694	0.1798	0.8706	0.0333	0.6211	34.7500	0.3137	363.0000	110.0000	0.3030	370.0000
130	0.4023	0.3722	0.1732	0.8600	0.0361	0.6423	34.7500	0.2961	367.0000	104.0000	0.2834	374.0000
131	0.3716	0.3650	0.1608	0.8552	0.0332	0.5981	34.1250	0.3316	332.0000	110.0000	0.3313	337.0000
132	0.3251	0.3678	0.1763	0.8971	0.0331	0.6154	34.5000	0.3084	341.0000	99.0000	0.2903	344.0000
133	0.3628	0.3788	0.1800	0.8551	0.0344	0.6597	34.1250	0.2748	373.0000	110.0000	0.2949	382.0000
134	0.3652	0.3661	0.1646	0.8711	0.0334	0.6419	34.1250	0.3100	343.0000	107.0000	0.3120	349.0000
135	0.3400	0.3634	0.1682	0.8752	0.0315	0.5972	34.7500	0.3314	330.0000	110.0000	0.3333	335.0000
136	0.3801	0.3612	0.1610	0.8589	0.0298	0.6280	33.6250	0.2966	333.0000	101.0000	0.3033	338.0000
137	0.3296	0.3623	0.1531	0.8838	0.0290	0.5906	34.2500	0.3632	329.0000	107.0000	0.3252	338.0000
138	0.3633	0.3623	0.1549	0.8659	0.0310	0.6373	33.7500	0.3026	325.0000	103.0000	0.3169	330.0000
139	0.3706	0.3700	0.1756	0.8504	0.0324	0.6504	34.1250	0.2943	349.0000	104.0000	0.2980	353.0000
140	0.3490	0.3645	0.1753	0.8620	0.0320	0.6251	34.0000	0.3141	345.0000	106.0000	0.3072	352.0000
141	0.3518	0.3700	0.1754	0.8951	0.0359	0.6506	33.5000	0.3114	352.0000	102.0000	0.2898	356.0000
142	0.3571	0.3716	0.1817	0.8580	0.0317	0.5890	35.1250	0.3505	338.0000	113.0000	0.3343	345.0000
143	0.3546	0.3705	0.1537	0.8630	0.0300	0.6169	33.8750	0.3222	315.0000	105.0000	0.3333	317.0000
144	0.4092	0.3683	0.1669	0.8756	0.0325	0.6526	33.7500	0.2884	333.0000	97.0000	0.2913	336.0000
145	0.3752	0.3727	0.1644	0.8628	0.0327	0.6323	34.0000	0.2992	338.0000	99.0000	0.2929	343.0000
146	0.3584	0.3705	0.1660	0.8706	0.0303	0.6555	34.0000	0.2902	363.0000	101.0000	0.2782	367.0000
147	0.3653	0.3628	0.1690	0.8665	0.0358	0.6786	33.5000	0.2652	325.0000	93.0000	0.2862	332.0000
148	0.3897	0.3678	0.1607	0.8690	0.0336	0.6611	33.6250	0.2661	332.0000	95.0000	0.2861	340.0000
149	0.3249	0.3760	0.1836	0.8461	0.0357	0.6136	35.0000	0.3128	378.0000	125.0000	0.3307	387.0000
150	0.2978	0.3694	0.1611	0.8779	0.0317	0.6107	34.2500	0.3322	324.0000	107.0000	0.3302	330.0000
151	0.3678	0.3601	0.1584	0.9035	0.0314	0.6330	34.0000	0.2976	305.0000	100.0000	0.3279	309.0000
152	0.3889	0.3755	0.1661	0.8776	0.0313	0.6333	33.7500	0.2954	336.0000	104.0000	0.3095	344.0000
153	0.3873	0.3645	0.1761	0.8686	0.0365	0.6473	34.7500	0.2921	358.0000	109.0000	0.3045	360.0000
154	0.3836	0.3672	0.1658	0.8465	0.0356	0.6329	34.1250	0.3003	365.0000	111.0000	0.3041	368.0000
155	0.3932	0.3617	0.1614	0.8763	0.0328	0.6338	33.8750	0.2918	326.0000	96.0000	0.2945	333.0000
156	0.3659	0.3744	0.1784	0.8489	0.0337	0.6289	34.5000	0.2878	357.0000	111.0000	0.3109	365.0000
157	0.3676	0.3579	0.1641	0.8690	0.0343	0.6246	33.7500	0.3041	319.0000	107.0000	0.3354	326.0000
158	0.3607	0.3705	0.1660	0.8591	0.0300	0.6200	33.8750	0.3240	338.0000	106.0000	0.3136	345.0000
159	0.3931	0.3590	0.1507	0.8801	0.0321	0.6035	34.6250	0.3339	291.0000	99.0000	0.3402	293.0000
160	0.3670	0.3606	0.1531	0.8813	0.0307	0.6071	33.8750	0.3622	299.0000	95.0000	0.3177	303.0000
161	0.3671	0.3595	0.1578	0.8854	0.0328	0.6307	34.5000	0.3148	306.0000	92.0000	0.3007	311.0000
162	0.3576	0.3656	0.1703	0.8752	0.0338	0.6246	33.8750	0.3241	332.0000	102.0000	0.3072	335.0000
163	0.4125	0.3755	0.1748	0.8687	0.0326	0.6591	33.6250	0.2642	379.0000	104.0000	0.2744	388.0000
164	0.3577	0.3661	0.1752	0.8734	0.0331	0.6482	34.5000	0.2959	338.0000	96.0000	0.2840	344.0000
165	0.3474	0.3595	0.1443	0.8730	0.0279	0.6083	34.6250	0.3288	317.0000	104.0000	0.3281	323.0000
166	0.3436	0.3645	0.1700	0.8695	0.0318	0.6189	34.2500	0.3343	355.0000	103.0000	0.2901	361.0000
167	0.3866	0.3628	0.1751	0.8774	0.0346	0.6507	33.5000	0.2757	347.0000	104.0000	0.2997	353.0000
168	0.3667	0.3612	0.1572	0.8770	0.0332	0.6469	34.5000	0.2888	320.0000	99.0000	0.3094	325.0000
169	0.3590	0.3716	0.1801	0.8756	0.0330	0.6063	35.0000	0.2916	347.0000	110.0000	0.3170	352.0000
170	0.3704	0.3694	0.1631	0.8658	0.0313	0.6055	34.7500	0.3344	340.0000	106.0000	0.3118	345.0000
171	0.4298	0.3650	0.1701	0.8730	0.0358	0.6671	33.7500	0.2561	350.0000	98.0000	0.2800	356.0000
172	0.3534	0.3766	0.1718	0.8594	0.0329	0.6324	34.2500	0.3095	346.0000	104.0000	0.3006	353.0000
173	0.3829	0.3595	0.1589	0.8532	0.0318	0.6160	33.6250	0.3130	309.0000	102.0000	0.3301	312.0000
174	0.3905	0.3645	0.1801	0.8715	0.0347	0.6415	33.8750	0.2879	362.0000	114.0000	0.3149	369.0000
175	0.3812	0.3716	0.1725	0.8311	0.0351	0.6586	33.8750	0.2598	364.0000	104.0000	0.2857	372.0000
176	0.3698	0.3683	0.1617	0.8702	0.0317	0.6129	34.1250	0.2929	322.0000	105.0000	0.3261	327.0000
177	0.3161	0.3568	0.1706	0.8632	0.0324	0.5987	34.3750	0.3225	319.0000	109.0000	0.3417	324.0000
178	0.3439	0.3645	0.1697	0.8724	0.0312	0.6303	34.1250	0.3080	361.0000	105.0000	0.2909	370.0000
179	0.3887	0.3656	0.1734	0.8579	0.0336	0.6406	33.8750	0.3048	342.0000	104.0000	0.3041	349.0000
180	0.4287	0.3694	0.1743	0.8661	0.0355	0.6513	33.8750	0.2818	318.0000	104.0000	0.3270	323.0000
181	0.3616	0.3595	0.1693	0.8881	0.0315	0.6650	33.8750	0.2765	363.0000	95.0000	0.2617	371.0000
182	0.3414	0.3727	0.1633	0.8661	0.0326	0.5994	33.8750	0.3477	342.0000	108.0000	0.3158	344.0000
183	0.3661	0.3700	0.1850	0.8455	0.0353	0.6275	34.0000	0.2848	353.0000	108.0000	0.3059	357.0000
184	0.3271	0.3645	0.1693	0.8653	0.0320	0.6018	34.3750	0.3496	343.0000	111.0000	0.3236	349.0000
185	0.3743	0.3529	0.1720	0.8733	0.0331	0.6265	33.6250	0.2895	338.0000	104.0000	0.3077	346.0000
186	0.3411	0.3634	0.1508	0.8778	0.0294	0.6367	33.7500	0.2994	328.0000	99.0000	0.3018	335.0000
187	0.3368	0.3733	0.1869	0.8573	0.0327	0.6413	34.5000	0.2866	414.0000	122.0000	0.2947	425.0000
188	0.3503	0.3711	0.1677	0.8848	0.0314	0.6018	34.2500	0.3336	334.0000	108.0000	0.3234	340.0000
189	0.3860	0.3639	0.1714	0.8571	0.0312	0.6084	33.6250	0.3336	320.0000	101.0000	0.3156	327.0000
190	0.3302	0.3568	0.1819	0.8367	0.0313	0.5793	34.5000	0.3371	366.0000	118.0000	0.3224	374.0000
191	0.3647	0.3678	0.1514	0.8842	0.0289	0.5589	34.8750	0.3392	329.0000	113.0000	0.3435	335.0000
192	0.4133	0.3694	0.1579	0.8638	0.0295	0.6370	34.5000	0.2867	329.0000	101.0000	0.3070	336.0000
193	0.3545	0.3507	0.1556	0.8690	0.0291	0.6508	34.0000	0.2858	328.0000	92.0000	0.2805	334.0000
194	0.3775	0.3799	0.1554	0.8709	0.0313	0.6282	34.6250	0.2925	331.0000	103.0000	0.3112	335.0000
195	0.3451	0.3705	0.1486	0.8919	0.0290	0.6259	34.5000	0.3185	293.0000	93.0000	0.3174	298.0000
196	0.3578	0.3683	0.1798	0.8667	0.0361	0.6465	34.5000	0.3060	344.0000	104.0000	0.3023	351.0000
197	0.3967	0.3738	0.1672	0.8687	0.0358	0.6096	34.5000	0.3073	333.0000	108.0000	0.3243	338.0000
198	0.3748	0.3711	0.1766	0.8676	0.0343	0.6470	34.1250	0.2808	354.0000	108.0000	0.3051	362.0000
199	0.3721	0.3678	0.1693	0.8647	0.0329	0.6531	33.8750	0.2939	329.0000	100.0000	0.3040	338.0000
200	0.3753	0.3617	0.1591	0.8675	0.0319	0.6644	33.6250	0.2955	337.0000	102.0000	0.3027	344.0000
201	0.3818	0.3760	0.1802	0.8780	0.0351	0.6392	33.8750	0.2941	353.0000	103.0000	0.2918	360.0000
202	0.3702	0.3639	0.1754	0.8608	0.0329	0.6222	33.8750	0.2946	343.0000	110.0000	0.3207	351.0000
203	0.3432	0.3667	0.1941	0.8591	0.0334	0.6332	34.0000	0.3027	377.0000	111.0000	0.2944	384.0000
204	0.3291	0.3617	0.1690	0.8443	0.0310	0.6171	33.5000	0.3407	335.0000	111.0000	0.3313	343.0000
205	0.3512	0.3645	0.1801	0.8669	0.0353	0.6117	34.3750	0.3281	320.0000	108.0000	0.3375	325.0000
206	0.3686	0.3777	0.1679	0.8534	0.0303	0.6346	34.3750	0.2919	339.0000	98.0000	0.2891	347.0000
207	0.3599	0.3623	0.1684	0.8818	0.0312	0.6378	34.1250	0.2930	327.0000	100.0000	0.3058	334.0000
208	0.3500	0.3749	0.1699	0.8576	0.0320	0.6512	34.5000	0.2930	363.0000	106.0000	0.2920	371.0000
209	0.3906	0.3744	0.1729	0.8472	0.0308	0.6672	34.8750	0.2686	369.0000	105.0000	0.2846	374.0000
210	0.3555	0.3661	0.1665	0.8695	0.0346	0.6116	34.6250	0.3074	336.0000	108.0000	0.3214	341.0000
211	0.3640	0.3595	0.1613	0.8812	0.0306	0.6422	34.1250	0.2955	323.0000	98.0000	0.3034	330.0000
212	0.3165	0.3601	0.1580	0.8685	0.0316	0.5986	33.7500	0.3399	299.0000	101.0000	0.3378	305.0000
213	0.3603	0.3683	0.1828	0.8530	0.0347	0.6433	33.8750	0.2838	358.0000	105.0000	0.2933	365.0000
214	0.3248	0.3672	0.1764	0.8563	0.0330	0.6175	34.1250	0.3172	352.0000	110.0000	0.3125	356.0000
215	0.4262	0.3738	0.1849	0.8468	0.0310	0.6726	34.5000	0.2626	403.0000	111.0000	0.2754	412.0000
216	0.4019	0.3601	0.1659	0.8780	0.0346	0.6688	34.5000	0.2639	327.0000	98.0000	0.2997	333.0000
217	0.4040	0.3705	0.1887	0.8795	0.0388	0.6770	33.8750	0.2623	360.0000	104.0000	0.2889	367.0000
218	0.3848	0.3760	0.1844	0.8754	0.0375	0.6648	33.5000	0.2790	348.0000	99.0000	0.2845	353.0000
219	0.3827	0.3612	0.1654	0.8614	0.0321	0.6401	33.5000	0.2597	342.0000	105.0000	0.3070	354.0000
220	0.3948	0.3760	0.1790	0.8467	0.0360	0.6272	34.1250	0.3018	384.0000	118.0000	0.3073	392.0000
221	0.4074	0.3689	0.1735	0.8641	0.0345	0.6305	34.5000	0.3026	337.0000	106.0000	0.3145	342.0000
222	0.4042	0.3799	0.1956	0.8417	0.0363	0.6473	33.7500	0.2693	379.0000	116.0000	0.3061	386.0000
223	0.3534	0.3617	0.1514	0.8718	0.0279	0.6292	34.0000	0.3101	344.0000	105.0000	0.3052	353.0000
224	0.3886	0.3683	0.1900	0.8690	0.0381	0.6562	33.8750	0.2686	358.0000	104.0000	0.2905	366.0000
225	0.3646	0.3755	0.1914	0.8643	0.0343	0.6143	34.1250	0.2920	375.0000	115.0000	0.3067	384.0000
226	0.3862	0.3766	0.1932	0.8331	0.0373	0.6523	34.2500	0.2743	384.0000	114.0000	0.2969	394.0000
227	0.3888	0.3656	0.1862	0.8579	0.0338	0.6495	33.6250	0.2885	354.0000	107.0000	0.3023	363.0000
228	0.3785	0.3678	0.1868	0.8545	0.0331	0.6122	34.2500	0.3258	361.0000	118.0000	0.3269	366.0000
229	0.3525	0.3601	0.1677	0.8864	0.0340	0.5788	33.6250	0.3564	341.0000	110.0000	0.3226	345.0000
230	0.3267	0.3694	0.1654	0.8567	0.0297	0.6255	34.5000	0.3205	348.0000	106.0000	0.3046	356.0000
231	0.3485	0.3777	0.1957	0.8581	0.0342	0.6296	34.8750	0.3169	373.0000	107.0000	0.2869	383.0000
232	0.3870	0.3777	0.1740	0.8736	0.0353	0.6285	34.3750	0.2847	352.0000	112.0000	0.3182	356.0000
233	0.3817	0.3634	0.1726	0.8799	0.0356	0.6529	34.7500	0.2895	350.0000	98.0000	0.2800	357.0000
234	0.3860	0.3617	0.1518	0.8906	0.0304	0.6328	33.2500	0.2883	302.0000	96.0000	0.3179	306.0000
235	0.4185	0.3595	0.1747	0.8742	0.0349	0.6424	34.6250	0.2895	333.0000	108.0000	0.3243	338.0000
236	0.3015	0.3606	0.1533	0.8644	0.0332	0.5946	33.5000	0.3434	313.0000	105.0000	0.3355	315.0000
237	0.3029	0.3496	0.1422	0.8641	0.0270	0.6070	34.2500	0.3449	306.0000	95.0000	0.3105	313.0000
238	0.3967	0.3678	0.1718	0.8845	0.0364	0.6355	34.8750	0.2926	327.0000	101.0000	0.3089	331.0000
239	0.3124	0.3617	0.1666	0.8837	0.0280	0.6237	34.2500	0.3215	344.0000	100.0000	0.2907	352.0000
240	0.3763	0.3727	0.1695	0.8688	0.0345	0.6231	34.3750	0.3134	336.0000	109.0000	0.3244	343.0000
241	0.3553	0.3771	0.1825	0.8663	0.0365	0.6345	34.3750	0.2908	371.0000	105.0000	0.2830	378.0000
242	0.3534	0.3711	0.1560	0.8642	0.0308	0.6333	34.2500	0.3086	294.0000	98.0000	0.3333	297.0000
243	0.3823	0.3634	0.1734	0.8600	0.0311	0.6298	34.1250	0.3193	365.0000	110.0000	0.3014	368.0000
244	0.3924	0.3716	0.1775	0.8578	0.0369	0.6335	34.6250	0.3130	368.0000	114.0000	0.3098	373.0000
245	0.3748	0.3623	0.1687	0.8592	0.0279	0.6608	33.7500	0.2870	367.0000	101.0000	0.2752	376.0000
246	0.3740	0.3777	0.1779	0.8666	0.0335	0.6429	34.0000	0.2854	358.0000	108.0000	0.3017	370.0000
247	0.3035	0.3601	0.1572	0.8959	0.0318	0.6170	34.2500	0.3356	319.0000	102.0000	0.3197	326.0000
248	0.3768	0.3711	0.1712	0.8659	0.0375	0.6300	34.2500	0.2881	335.0000	114.0000	0.3403	340.0000
249	0.3370	0.3683	0.1705	0.8727	0.0342	0.6172	34.3750	0.3262	340.0000	102.0000	0.3000	344.0000
250	0.3243	0.3639	0.1475	0.8883	0.0307	0.5990	34.3750	0.3311	308.0000	98.0000	0.3182	313.0000
251	0.3790	0.3705	0.1713	0.8785	0.0372	0.6255	34.1250	0.3333	339.0000	102.0000	0.3009	343.0000
252	0.3518	0.3766	0.1832	0.8573	0.0345	0.6169	34.1250	0.3149	353.0000	108.0000	0.3059	359.0000
253	0.3215	0.3661	0.1725	0.8575	0.0336	0.6040	34.1250	0.3349	367.0000	114.0000	0.3106	372.0000
254	0.4116	0.3628	0.1872	0.8521	0.0361	0.6500	34.2500	0.2834	347.0000	108.0000	0.3112	357.0000
255	0.3802	0.3705	0.1738	0.8499	0.0392	0.6549	34.5000	0.2640	357.0000	104.0000	0.2913	360.0000
256	0.3246	0.3694	0.1875	0.8513	0.0357	0.6607	33.5000	0.2686	371.0000	107.0000	0.2884	379.0000
257	0.3114	0.3639	0.1662	0.8541	0.0318	0.6276	34.1250	0.3168	349.0000	110.0000	0.3152	354.0000
258	0.4390	0.3694	0.1663	0.8732	0.0304	0.6735	34.3750	0.2545	327.0000	95.0000	0.2905	334.0000
259	0.3266	0.3733	0.1562	0.8725	0.0289	0.6039	34.1250	0.3316	342.0000	100.0000	0.2924	354.0000
260	0.2970	0.3639	0.1631	0.8646	0.0314	0.6266	34.5000	0.3061	350.0000	109.0000	0.3114	359.0000
261	0.3746	0.3639	0.1808	0.8624	0.0369	0.6571	33.5000	0.2752	344.0000	103.0000	0.2994	349.0000
262	0.4046	0.3683	0.1628	0.8645	0.0324	0.6062	34.7500	0.3471	302.0000	106.0000	0.3510	308.0000
263	0.3528	0.3628	0.1577	0.8639	0.0339	0.6200	34.3750	0.3240	327.0000	105.0000	0.3211	333.0000
264	0.3585	0.3546	0.1572	0.8748	0.0299	0.5969	34.3750	0.3174	321.0000	111.0000	0.3458	326.0000
265	0.3350	0.3595	0.1624	0.8650	0.0289	0.6205	33.8750	0.3306	332.0000	103.0000	0.3102	341.0000
266	0.3519	0.3733	0.1723	0.8609	0.0338	0.5919	34.3750	0.3453	349.0000	115.0000	0.3295	353.0000
267	0.4070	0.3650	0.1719	0.8455	0.0365	0.6454	34.5000	0.2839	365.0000	110.0000	0.3014	371.0000
268	0.3546	0.3639	0.1704	0.8573	0.0335	0.6457	34.3750	0.2842	350.0000	108.0000	0.3086	357.0000
269	0.3665	0.3711	0.1768	0.8531	0.0349	0.6354	34.1250	0.3028	328.0000	99.0000	0.3018	335.0000
270	0.3473	0.3700	0.1878	0.8623	0.0344	0.6548	34.2500	0.2748	380.0000	111.0000	0.2921	389.0000
271	0.3368	0.3722	0.1764	0.8706	0.0335	0.6286	34.5000	0.2964	358.0000	107.0000	0.2989	365.0000
272	0.3633	0.3760	0.1843	0.8631	0.0350	0.6462	34.1250	0.2954	373.0000	113.0000	0.3029	379.0000
273	0.3785	0.3601	0.1607	0.8679	0.0298	0.6698	34.2500	0.2652	317.0000	93.0000	0.2934	325.0000
274	0.4167	0.3694	0.1678	0.8807	0.0287	0.6311	34.1250	0.3023	311.0000	91.0000	0.2926	317.0000
275	0.4159	0.3667	0.1817	0.8640	0.0382	0.6779	34.0000	0.2412	369.0000	105.0000	0.2846	376.0000
276	0.3695	0.3672	0.1695	0.8805	0.0343	0.6149	34.6250	0.3146	322.0000	105.0000	0.3261	327.0000
277	0.3100	0.3639	0.1472	0.8668	0.0316	0.6136	34.2500	0.3210	289.0000	96.0000	0.3322	292.0000
278	0.3641	0.3727	0.1812	0.8546	0.0329	0.6195	33.7500	0.3197	373.0000	111.0000	0.2976	382.0000
279	0.3008	0.3634	0.1707	0.8858	0.0315	0.6584	34.6250	0.2978	348.0000	100.0000	0.2874	354.0000
280	0.3501	0.3573	0.1614	0.8736	0.0283	0.6265	34.0000	0.3252	314.0000	105.0000	0.3344	320.0000
281	0.3042	0.3650	0.1445	0.8513	0.0278	0.5714	35.2500	0.3748	305.0000	103.0000	0.3377	311.0000
282	0.3417	0.3683	0.1684	0.8562	0.0326	0.6354	33.5000	0.2993	361.0000	104.0000	0.2881	370.0000
283	0.3634	0.3623	0.1774	0.8666	0.0347	0.6524	33.8750	0.2693	351.0000	102.0000	0.2906	356.0000
284	0.3658	0.3656	0.1641	0.8615	0.0334	0.6085	33.7500	0.3116	325.0000	106.0000	0.3262	329.0000
285	0.3727	0.3694	0.1816	0.8554	0.0370	0.6552	33.6250	0.2525	345.0000	104.0000	0.3014	351.0000
286	0.3530	0.3711	0.1606	0.8627	0.0313	0.6311	34.5000	0.3008	340.0000	105.0000	0.3088	348.0000
287	0.3712	0.3760	0.1817	0.8529	0.0365	0.6465	34.1250	0.2824	365.0000	112.0000	0.3068	370.0000
288	0.3444	0.3705	0.1842	0.8526	0.0357	0.6143	34.6250	0.3273	336.0000	113.0000	0.3363	340.0000
289	0.3251	0.3733	0.1851	0.8648	0.0332	0.6135	34.1250	0.2838	353.0000	109.0000	0.3088	357.0000
290	0.3770	0.3678	0.1819	0.8759	0.0344	0.6311	34.2500	0.2894	350.0000	101.0000	0.2886	356.0000
291	0.3272	0.3683	0.1667	0.8750	0.0324	0.6368	33.6250	0.3025	334.0000	105.0000	0.3144	341.0000
292	0.3270	0.3645	0.1488	0.8655	0.0293	0.6285	34.3750	0.3126	313.0000	98.0000	0.3131	323.0000
293	0.4097	0.3656	0.1723	0.8654	0.0352	0.6610	34.0000	0.2678	333.0000	101.0000	0.3033	337.0000
294	0.3452	0.3683	0.1648	0.8710	0.0313	0.6061	34.0000	0.3430	338.0000	101.0000	0.2988	347.0000
295	0.3654	0.3639	0.1806	0.8673	0.0317	0.6531	34.2500	0.2960	345.0000	100.0000	0.2899	351.0000
296	0.3080	0.3601	0.1415	0.9069	0.0262	0.5860	33.8750	0.3518	297.0000	98.0000	0.3300	305.0000
297	0.3879	0.3639	0.1782	0.8736	0.0330	0.6466	34.2500	0.2821	369.0000	104.0000	0.2818	373.0000
298	0.3949	0.3612	0.1967	0.8695	0.0346	0.6427	33.8750	0.2792	370.0000	114.0000	0.3081	381.0000
299	0.3202	0.3612	0.1675	0.8616	0.0311	0.5900	34.2500	0.3487	307.0000	108.0000	0.3518	313.0000
300	0.4023	0.3711	0.1898	0.8563	0.0362	0.6752	34.0000	0.2796	355.0000	105.0000	0.2958	359.0000
301	0.3576	0.3590	0.1758	0.8614	0.0334	0.5938	34.3750	0.3424	358.0000	114.0000	0.3184	365.0000
302	0.3031	0.3727	0.1806	0.8508	0.0327	0.5884	34.3750	0.3341	374.0000	114.0000	0.3048	381.0000
303	0.3556	0.3689	0.1653	0.8575	0.0304	0.6347	34.6250	0.3054	340.0000	105.0000	0.3088	350.0000
304	0.4222	0.3661	0.1820	0.8674	0.0379	0.6452	34.6250	0.2785	346.0000	105.0000	0.3035	349.0000
305	0.4205	0.3683	0.1560	0.8719	0.0276	0.6163	34.6250	0.3259	314.0000	98.0000	0.3121	318.0000
306	0.3696	0.3612	0.1733	0.8589	0.0373	0.6237	34.0000	0.3073	329.0000	107.0000	0.3252	334.0000
307	0.3354	0.3689	0.1656	0.8799	0.0342	0.6303	33.5000	0.2939	322.0000	109.0000	0.3385	327.0000
308	0.3593	0.3656	0.1773	0.8648	0.0307	0.6149	35.0000	0.3097	334.0000	109.0000	0.3263	343.0000
309	0.3892	0.3639	0.1644	0.8582	0.0309	0.6026	34.8750	0.3234	323.0000	102.0000	0.3158	327.0000
310	0.3361	0.3700	0.1778	0.8602	0.0325	0.6358	34.2500	0.2817	354.0000	110.0000	0.3107	360.0000
311	0.3148	0.3683	0.1618	0.8796	0.0296	0.6194	34.2500	0.3239	335.0000	102.0000	0.3045	344.0000
312	0.3578	0.3639	0.1821	0.8662	0.0325	0.6362	34.3750	0.3142	369.0000	104.0000	0.2818	380.0000
313	0.3246	0.3579	0.1546	0.8722	0.0295	0.6407	34.5000	0.2978	322.0000	100.0000	0.3106	327.0000
314	0.3518	0.3678	0.1620	0.8738	0.0340	0.6188	34.5000	0.3104	365.0000	110.0000	0.3014	367.0000
315	0.3842	0.3749	0.1732	0.8551	0.0356	0.6662	33.8750	0.2627	371.0000	104.0000	0.2803	375.0000
316	0.3320	0.3667	0.1845	0.8785	0.0349	0.6455	34.0000	0.2631	355.0000	105.0000	0.2958	361.0000
317	0.3381	0.3573	0.1553	0.8684	0.0295	0.6055	33.8750	0.3422	316.0000	107.0000	0.3386	324.0000
318	0.3714	0.3612	0.1662	0.8716	0.0373	0.6082	33.3750	0.3165	318.0000	97.0000	0.3050	324.0000
319	0.4051	0.3700	0.1924	0.8489	0.0369	0.6673	34.3750	0.2725	376.0000	104.0000	0.2766	383.0000
320	0.3982	0.3573	0.1559	0.8738	0.0347	0.6486	34.1250	0.2925	317.0000	100.0000	0.3155	323.0000
321	0.3153	0.3700	0.1726	0.8538	0.0312	0.6066	34.7500	0.3162	352.0000	110.0000	0.3125	360.0000
322	0.3552	0.3656	0.1800	0.8541	0.0353	0.6515	33.8750	0.3104	372.0000	103.0000	0.2769	381.0000
323	0.3709	0.3672	0.1793	0.8782	0.0370	0.6534	34.2500	0.2766	346.0000	104.0000	0.3006	350.0000
324	0.3183	0.3612	0.1581	0.8583	0.0292	0.6102	34.6250	0.3153	324.0000	103.0000	0.3179	329.0000
325	0.3134	0.3650	0.1790	0.8624	0.0356	0.6122	33.7500	0.3129	327.0000	105.0000	0.3211	333.0000
326	0.3917	0.3749	0.1647	0.8853	0.0355	0.6454	33.7500	0.2976	339.0000	101.0000	0.2979	341.0000
327	0.3069	0.3727	0.1778	0.8427	0.0307	0.5758	34.6250	0.3479	368.0000	116.0000	0.3152	378.0000
328	0.3554	0.3661	0.1665	0.8751	0.0323	0.6409	34.5000	0.3047	344.0000	102.0000	0.2965	349.0000
329	0.3425	0.3694	0.1896	0.8579	0.0378	0.6229	34.5000	0.2890	348.0000	110.0000	0.3161	351.0000
330	0.3296	0.3667	0.1691	0.8643	0.0289	0.6107	34.0000	0.3232	356.0000	111.0000	0.3118	360.0000
331	0.3834	0.3716	0.1750	0.8624	0.0330	0.6162	34.0000	0.3173	354.0000	106.0000	0.2994	363.0000
332	0.3609	0.3661	0.1822	0.8665	0.0353	0.6350	34.2500	0.2897	370.0000	110.0000	0.2973	372.0000
333	0.4241	0.3672	0.1781	0.8669	0.0331	0.6342	34.2500	0.2999	344.0000	105.0000	0.3052	349.0000
334	0.3872	0.3705	0.1627	0.8485	0.0304	0.6382	34.5000	0.2955	354.0000	109.0000	0.3079	360.0000
335	0.3751	0.3645	0.1631	0.8812	0.0303	0.6412	33.7500	0.3052	345.0000	98.0000	0.2841	352.0000
336	0.3649	0.3628	0.1726	0.8887	0.0363	0.6301	33.7500	0.3020	329.0000	99.0000	0.3009	335.0000
337	0.3723	0.3617	0.1662	0.8781	0.0296	0.6266	34.2500	0.3258	338.0000	102.0000	0.3018	345.0000
338	0.3607	0.3722	0.1927	0.8539	0.0353	0.6348	34.2500	0.2760	365.0000	112.0000	0.3068	372.0000
339	0.3593	0.3711	0.1753	0.8602	0.0344	0.6654	33.5000	0.2518	376.0000	102.0000	0.2713	384.0000
340	0.3970	0.3716	0.1809	0.8837	0.0362	0.6908	33.8750	0.2426	351.0000	101.0000	0.2877	358.0000
341	0.3130	0.3568	0.1616	0.8567	0.0278	0.6049	33.8750	0.3184	324.0000	102.0000	0.3148	333.0000
342	0.3703	0.3683	0.1833	0.8662	0.0338	0.6660	34.5000	0.2705	364.0000	109.0000	0.2995	368.0000
343	0.3761	0.3617	0.1768	0.8610	0.0345	0.6499	33.2500	0.2842	326.0000	96.0000	0.2945	330.0000
344	0.4292	0.3744	0.1801	0.8544	0.0346	0.6131	34.2500	0.3029	347.0000	108.0000	0.3112	351.0000
345	0.3301	0.3639	0.1711	0.8573	0.0302	0.5829	33.8750	0.3427	327.0000	116.0000	0.3547	334.0000
346	0.3724	0.3722	0.1789	0.8710	0.0366	0.6656	33.3750	0.2799	376.0000	100.0000	0.2660	381.0000
347	0.3519	0.3683	0.1649	0.8655	0.0316	0.6348	34.3750	0.2926	336.0000	105.0000	0.3125	341.0000
348	0.3409	0.3738	0.1858	0.8583	0.0324	0.6677	34.2500	0.2838	367.0000	100.0000	0.2725	374.0000
349	0.3312	0.3628	0.1716	0.8742	0.0332	0.5745	34.1250	0.3583	308.0000	106.0000	0.3442	314.0000
350	0.4090	0.3788	0.1721	0.8565	0.0352	0.6542	34.0000	0.2700	351.0000	102.0000	0.2906	357.0000
351	0.3476	0.3689	0.1612	0.8784	0.0329	0.5793	34.5000	0.3528	306.0000	103.0000	0.3366	310.0000
352	0.4101	0.3678	0.1613	0.8847	0.0324	0.6653	33.6250	0.2719	331.0000	95.0000	0.2870	338.0000
353	0.4045	0.3606	0.1829	0.8674	0.0409	0.6479	34.1250	0.2869	366.0000	107.0000	0.2923	369.0000
354	0.3324	0.3645	0.1602	0.8611	0.0285	0.6222	33.8750	0.3154	347.0000	107.0000	0.3084	355.0000
355	0.3788	0.3667	0.1787	0.8467	0.0315	0.6339	34.3750	0.3051	331.0000	100.0000	0.3021	340.0000
356	0.3935	0.3590	0.1518	0.8651	0.0319	0.6392	33.7500	0.2906	331.0000	104.0000	0.3142	336.0000
357	0.3687	0.3606	0.1799	0.8793	0.0345	0.6609	34.5000	0.2752	371.0000	104.0000	0.2803	379.0000
358	0.3720	0.3661	0.1747	0.8575	0.0348	0.6331	34.1250	0.2877	347.0000	108.0000	0.3112	357.0000
359	0.3562	0.3705	0.1893	0.8345	0.0376	0.6481	34.1250	0.2848	377.0000	118.0000	0.3130	384.0000
360	0.3587	0.3711	0.1731	0.8690	0.0330	0.6483	34.1250	0.3112	347.0000	102.0000	0.2939	353.0000
361	0.3627	0.3562	0.1574	0.8827	0.0328	0.6402	34.3750	0.3005	316.0000	96.0000	0.3038	322.0000
362	0.3735	0.3546	0.1581	0.8680	0.0320	0.6341	33.6250	0.2745	308.0000	91.0000	0.2955	316.0000
363	0.3167	0.3612	0.1658	0.8673	0.0331	0.6406	34.0000	0.2963	332.0000	108.0000	0.3253	340.0000
364	0.3320	0.3678	0.1912	0.8888	0.0329	0.6381	34.0000	0.2983	371.0000	105.0000	0.2830	375.0000
365	0.3553	0.3705	0.1845	0.8647	0.0311	0.6394	33.7500	0.2947	367.0000	108.0000	0.2943	378.0000
366	0.3712	0.3590	0.1772	0.8705	0.0311	0.6314	34.1250	0.3145	366.0000	110.0000	0.3005	376.0000
367	0.3383	0.3738	0.1827	0.8672	0.0340	0.6546	34.8750	0.2754	377.0000	105.0000	0.2785	383.0000
368	0.3420	0.3579	0.1553	0.8556	0.0312	0.6193	33.6250	0.3263	334.0000	104.0000	0.3114	342.0000
369	0.3280	0.3744	0.1739	0.8331	0.0343	0.5927	34.1250	0.3274	354.0000	116.0000	0.3277	362.0000
370	0.3946	0.3738	0.1799	0.8649	0.0309	0.6484	34.3750	0.2649	375.0000	104.0000	0.2773	385.0000
371	0.3894	0.3755	0.1729	0.8668	0.0321	0.6502	33.8750	0.2691	359.0000	100.0000	0.2786	370.0000
372	0.4127	0.3705	0.1800	0.8641	0.0370	0.6488	34.6250	0.2987	346.0000	111.0000	0.3208	350.0000
373	0.3864	0.3694	0.1783	0.8665	0.0370	0.6528	35.0000	0.2958	370.0000	105.0000	0.2838	372.0000
374	0.3935	0.3661	0.1666	0.8676	0.0360	0.6575	33.3750	0.2713	358.0000	102.0000	0.2849	367.0000
375	0.3338	0.3689	0.1742	0.8607	0.0338	0.6428	33.8750	0.2939	364.0000	99.0000	0.2720	369.0000
376	0.3487	0.3645	0.1521	0.8635	0.0307	0.6167	33.8750	0.3226	328.0000	93.0000	0.2835	333.0000
377	0.3483	0.3755	0.1641	0.9040	0.0293	0.5876	34.0000	0.3403	290.0000	99.0000	0.3414	297.0000
378	0.3428	0.3639	0.1742	0.8761	0.0350	0.6321	34.1250	0.3124	326.0000	102.0000	0.3129	334.0000
379	0.3352	0.3678	0.1729	0.8555	0.0345	0.6221	34.5000	0.3195	360.0000	109.0000	0.3028	367.0000
380	0.3758	0.3777	0.1843	0.8606	0.0344	0.6195	34.1250	0.2820	372.0000	110.0000	0.2957	378.0000
381	0.3495	0.3623	0.1737	0.8689	0.0366	0.6307	34.2500	0.3015	346.0000	100.0000	0.2890	350.0000
382	0.3661	0.3749	0.1770	0.8384	0.0383	0.6368	34.6250	0.3025	355.0000	109.0000	0.3070	362.0000
383	0.3853	0.3678	0.1843	0.8650	0.0339	0.6680	34.1250	0.2336	378.0000	95.0000	0.2513	389.0000
384	0.3777	0.3678	0.1753	0.8828	0.0385	0.6505	34.6250	0.2999	350.0000	107.0000	0.3057	357.0000
385	0.3622	0.3656	0.1499	0.8577	0.0318	0.6278	34.0000	0.3022	307.0000	100.0000	0.3257	312.0000
386	0.3719	0.3573	0.1723	0.8575	0.0349	0.5877	34.1250	0.3297	311.0000	106.0000	0.3408	313.0000
387	0.3584	0.3645	0.1470	0.8676	0.0282	0.6024	33.8750	0.3221	277.0000	95.0000	0.3430	281.0000
388	0.3484	0.3645	0.1735	0.8669	0.0316	0.5974	34.1250	0.3327	332.0000	111.0000	0.3343	338.0000
389	0.3971	0.3628	0.1668	0.8845	0.0354	0.6820	34.0000	0.2513	338.0000	92.0000	0.2722	342.0000
390	0.3661	0.3639	0.1694	0.8779	0.0342	0.6117	33.8750	0.3193	357.0000	110.0000	0.3081	362.0000
391	0.3591	0.3755	0.1618	0.8755	0.0333	0.6315	33.8750	0.2894	334.0000	114.0000	0.3413	342.0000
392	0.3600	0.3612	0.1679	0.8880	0.0315	0.6309	33.7500	0.3043	328.0000	102.0000	0.3110	333.0000
393	0.3807	0.3656	0.1869	0.8637	0.0333	0.6378	34.6250	0.2829	373.0000	115.0000	0.3083	378.0000
394	0.3473	0.3656	0.1745	0.8704	0.0310	0.5836	34.7500	0.3430	329.0000	107.0000	0.3252	337.0000
395	0.4558	0.3661	0.1863	0.8714	0.0417	0.6617	33.7500	0.2727	350.0000	106.0000	0.3029	354.0000
396	0.3600	0.3656	0.1621	0.8752	0.0299	0.6198	34.3750	0.2922	330.0000	102.0000	0.3091	336.0000
397	0.3719	0.3733	0.1828	0.8703	0.0365	0.6312	34.0000	0.2888	334.0000	103.0000	0.3084	340.0000
398	0.3843	0.3667	0.1830	0.8670	0.0321	0.6608	34.0000	0.2594	358.0000	102.0000	0.2849	365.0000
399	0.3540	0.3645	0.1625	0.8831	0.0307	0.6245	34.3750	0.3167	310.0000	99.0000	0.3194	318.0000
400	0.3247	0.3672	0.1798	0.8510	0.0324	0.6075	34.6250	0.3279	341.0000	109.0000	0.3196	350.0000
401	0.3304	0.3683	0.1754	0.8752	0.0313	0.6198	34.2500	0.3195	337.0000	102.0000	0.3027	340.0000
402	0.3707	0.3645	0.1760	0.8920	0.0328	0.6147	33.7500	0.3466	329.0000	103.0000	0.3131	332.0000
403	0.3913	0.3606	0.1720	0.8687	0.0328	0.6398	34.5000	0.2938	328.0000	100.0000	0.3049	336.0000
404	0.3894	0.3683	0.1739	0.8646	0.0321	0.6322	34.5000	0.2728	347.0000	111.0000	0.3199	356.0000
405	0.3879	0.3650	0.1544	0.8894	0.0334	0.6229	33.8750	0.3092	316.0000	97.0000	0.3070	322.0000
406	0.3244	0.3573	0.1605	0.8613	0.0304	0.6029	34.5000	0.3112	336.0000	104.0000	0.3095	341.0000
407	0.3554	0.3749	0.1683	0.8545	0.0324	0.6152	34.3750	0.3049	348.0000	107.0000	0.3075	353.0000
408	0.3713	0.3749	0.1841	0.8567	0.0330	0.6109	34.2500	0.3311	351.0000	111.0000	0.3162	356.0000
409	0.3857	0.3639	0.1634	0.8664	0.0331	0.6415	33.8750	0.3013	351.0000	101.0000	0.2877	357.0000
410	0.3923	0.3694	0.1689	0.8717	0.0328	0.6215	34.5000	0.2812	327.0000	104.0000	0.3180	332.0000
411	0.3340	0.3656	0.1814	0.8684	0.0327	0.6493	34.1250	0.2861	347.0000	106.0000	0.3055	358.0000
412	0.4010	0.3623	0.1802	0.8714	0.0340	0.6732	33.7500	0.2500	375.0000	99.0000	0.2640	384.0000
413	0.3959	0.3617	0.1674	0.8711	0.0319	0.6179	34.5000	0.3140	325.0000	109.0000	0.3354	330.0000
414	0.3890	0.3705	0.1773	0.8421	0.0340	0.6636	34.1250	0.2675	349.0000	105.0000	0.3009	360.0000
415	0.3726	0.3650	0.1749	0.8766	0.0352	0.6691	34.3750	0.2714	331.0000	101.0000	0.3051	337.0000
416	0.3297	0.3667	0.1773	0.8759	0.0327	0.6384	33.7500	0.2973	346.0000	109.0000	0.3150	352.0000
417	0.3592	0.3749	0.1771	0.8525	0.0387	0.6408	33.6250	0.2768	349.0000	107.0000	0.3066	354.0000
418	0.3445	0.3639	0.1578	0.8684	0.0323	0.6189	33.6250	0.3046	326.0000	103.0000	0.3160	334.0000
419	0.3721	0.3727	0.1771	0.8729	0.0346	0.6613	34.7500	0.2820	341.0000	104.0000	0.3050	348.0000
420	0.3574	0.3634	0.1537	0.8734	0.0305	0.5911	34.2500	0.3513	324.0000	101.0000	0.3117	329.0000
421	0.3393	0.3645	0.1747	0.8606	0.0350	0.6358	34.2500	0.3139	360.0000	106.0000	0.2944	364.0000
422	0.3765	0.3667	0.1647	0.8553	0.0347	0.6286	33.7500	0.3031	323.0000	100.0000	0.3096	329.0000
423	0.3632	0.3656	0.1593	0.8879	0.0296	0.6009	34.2500	0.3325	344.0000	109.0000	0.3169	349.0000
424	0.3409	0.3639	0.1644	0.8777	0.0332	0.6333	34.8750	0.3185	337.0000	102.0000	0.3027	341.0000
425	0.3327	0.3711	0.1805	0.8435	0.0317	0.6046	34.2500	0.3315	337.0000	113.0000	0.3353	343.0000
426	0.4133	0.3716	0.1714	0.8617	0.0389	0.6546	33.2500	0.2733	345.0000	106.0000	0.3072	349.0000
427	0.3824	0.3524	0.1564	0.8520	0.0296	0.6012	34.1250	0.3375	305.0000	104.0000	0.3410	312.0000
428	0.3379	0.3595	0.1657	0.8706	0.0306	0.6416	34.1250	0.3132	324.0000	102.0000	0.3148	331.0000
429	0.4170	0.3716	0.1704	0.8885	0.0334	0.6735	34.5000	0.2725	348.0000	100.0000	0.2874	352.0000
430	0.2683	0.3612	0.1529	0.8668	0.0264	0.6096	34.1250	0.3229	326.0000	105.0000	0.3221	332.0000
431	0.3727	0.3694	0.1736	0.8531	0.0331	0.6541	33.3750	0.2881	370.0000	104.0000	0.2811	378.0000
432	0.3616	0.3634	0.1624	0.8858	0.0315	0.6142	34.1250	0.3403	313.0000	95.0000	0.3035	318.0000
433	0.3523	0.3546	0.1583	0.8858	0.0295	0.5945	34.2500	0.3170	296.0000	100.0000	0.3378	304.0000
434	0.3921	0.3722	0.1820	0.8596	0.0333	0.6284	33.7500	0.3014	363.0000	109.0000	0.3003	370.0000
435	0.3239	0.3694	0.1647	0.8516	0.0345	0.6095	33.7500	0.3138	340.0000	111.0000	0.3265	347.0000
436	0.3594	0.3661	0.1616	0.8755	0.0306	0.6443	34.2500	0.3027	323.0000	100.0000	0.3096	330.0000
437	0.3657	0.3744	0.1778	0.8772	0.0322	0.6164	33.7500	0.3352	351.0000	111.0000	0.3162	358.0000
438	0.3890	0.3623	0.1764	0.8663	0.0352	0.6544	33.8750	0.2928	354.0000	110.0000	0.3107	356.0000
439	0.3611	0.3705	0.1876	0.8542	0.0345	0.6413	34.6250	0.3071	369.0000	109.0000	0.2954	375.0000
440	0.3720	0.3612	0.1513	0.8683	0.0305	0.6078	34.3750	0.3227	330.0000	110.0000	0.3333	335.0000
441	0.3803	0.3584	0.1781	0.8646	0.0310	0.6598	33.8750	0.2655	361.0000	101.0000	0.2798	368.0000
442	0.3233	0.3705	0.1555	0.8821	0.0296	0.5944	34.8750	0.3552	319.0000	107.0000	0.3354	326.0000
443	0.4267	0.3683	0.1811	0.8769	0.0365	0.6764	34.3750	0.2523	373.0000	105.0000	0.2815	382.0000
444	0.3529	0.3683	0.1778	0.8527	0.0344	0.6328	34.3750	0.3019	337.0000	107.0000	0.3175	344.0000
445	0.3579	0.3694	0.1615	0.8791	0.0284	0.6078	34.2500	0.3100	317.0000	98.0000	0.3091	325.0000
446	0.3725	0.3755	0.1719	0.8487	0.0339	0.6380	33.7500	0.2898	360.0000	108.0000	0.3000	369.0000
447	0.3276	0.3628	0.1754	0.8564	0.0317	0.6063	34.2500	0.3203	357.0000	117.0000	0.3277	365.0000
448	0.3601	0.3777	0.1806	0.8898	0.0337	0.6274	34.7500	0.3004	348.0000	107.0000	0.3075	351.0000
449	0.2929	0.3606	0.1590	0.8769	0.0284	0.5646	34.0000	0.3742	330.0000	114.0000	0.3455	339.0000
450	0.3099	0.3700	0.1759	0.8705	0.0316	0.6021	34.7500	0.3607	350.0000	112.0000	0.3200	358.0000
451	0.3073	0.3689	0.1718	0.8613	0.0369	0.6044	34.5000	0.3483	323.0000	110.0000	0.3406	325.0000
452	0.4226	0.3667	0.1719	0.8700	0.0320	0.6930	34.1250	0.2401	325.0000	94.0000	0.2892	331.0000
453	0.3416	0.3634	0.1456	0.8709	0.0293	0.6235	34.1250	0.3082	313.0000	99.0000	0.3163	319.0000
454	0.3500	0.3733	0.1691	0.8708	0.0325	0.6193	33.6250	0.3355	332.0000	103.0000	0.3102	335.0000
455	0.3955	0.3727	0.1697	0.8837	0.0344	0.6670	33.8750	0.2616	341.0000	96.0000	0.2815	348.0000
456	0.3805	0.3694	0.1776	0.8652	0.0389	0.6467	34.1250	0.3017	341.0000	109.0000	0.3196	346.0000
457	0.3232	0.3595	0.1548	0.8982	0.0276	0.6074	34.2500	0.3447	310.0000	99.0000	0.3194	318.0000
458	0.3435	0.3628	0.1774	0.8639	0.0344	0.6292	35.0000	0.3197	348.0000	108.0000	0.3103	354.0000
459	0.3306	0.3590	0.1552	0.8827	0.0343	0.6341	33.3750	0.3224	296.0000	99.0000	0.3345	300.0000
460	0.3639	0.3727	0.1807	0.8574	0.0345	0.6488	34.2500	0.2907	375.0000	114.0000	0.3040	381.0000
461	0.3579	0.3650	0.1642	0.8719	0.0300	0.6070	34.0000	0.3198	356.0000	109.0000	0.3062	363.0000
462	0.4063	0.3650	0.1649	0.8611	0.0301	0.6151	34.0000	0.3218	345.0000	110.0000	0.3188	355.0000
463	0.3225	0.3672	0.1737	0.8798	0.0309	0.6078	34.7500	0.3268	323.0000	100.0000	0.3096	331.0000
464	0.3267	0.3661	0.1761	0.8674	0.0338	0.6183	33.6250	0.3008	345.0000	102.0000	0.2957	353.0000
465	0.3571	0.3672	0.1706	0.8523	0.0340	0.6184	34.2500	0.3066	328.0000	104.0000	0.3171	337.0000
466	0.3676	0.3689	0.1848	0.8595	0.0394	0.6458	34.2500	0.2693	341.0000	110.0000	0.3226	347.0000
467	0.3654	0.3634	0.1519	0.8791	0.0327	0.6307	33.7500	0.2969	318.0000	98.0000	0.3082	325.0000
468	0.3672	0.3634	0.1789	0.8531	0.0362	0.6606	34.5000	0.2864	330.0000	104.0000	0.3152	335.0000
469	0.4021	0.3678	0.1668	0.8585	0.0311	0.6559	34.5000	0.2837	327.0000	96.0000	0.2936	332.0000
470	0.3840	0.3755	0.1977	0.8500	0.0406	0.6521	34.6250	0.2886	384.0000	112.0000	0.2917	387.0000
471	0.3590	0.3656	0.1865	0.8614	0.0334	0.6291	33.8750	0.2914	353.0000	110.0000	0.3116	361.0000
472	0.3672	0.3749	0.1722	0.8570	0.0309	0.6455	34.1250	0.3017	349.0000	104.0000	0.2980	361.0000
473	0.3597	0.3551	0.1466	0.8925	0.0279	0.5952	34.6250	0.3343	295.0000	95.0000	0.3220	302.0000
474	0.3551	0.3667	0.1744	0.8505	0.0343	0.6143	33.8750	0.3249	352.0000	111.0000	0.3153	358.0000
475	0.3841	0.3694	0.1833	0.8588	0.0326	0.6125	33.8750	0.3131	352.0000	109.0000	0.3097	354.0000
476	0.3789	0.3744	0.1681	0.8731	0.0355	0.6173	33.7500	0.3026	342.0000	108.0000	0.3158	350.0000
477	0.3653	0.3672	0.1700	0.8617	0.0305	0.6392	34.3750	0.2790	337.0000	105.0000	0.3116	345.0000
478	0.3860	0.3689	0.1809	0.8660	0.0356	0.6560	34.8750	0.2872	367.0000	108.0000	0.2943	372.0000
479	0.3550	0.3711	0.1708	0.8664	0.0346	0.6460	34.1250	0.2950	350.0000	107.0000	0.3057	355.0000
480	0.3566	0.3672	0.1534	0.8898	0.0340	0.6454	34.5000	0.2969	321.0000	96.0000	0.2991	325.0000
481	0.3697	0.3634	0.1583	0.8637	0.0289	0.6296	34.7500	0.3093	352.0000	105.0000	0.2983	365.0000
482	0.4007	0.3612	0.1668	0.8547	0.0348	0.6239	34.7500	0.3014	344.0000	105.0000	0.3052	349.0000
483	0.3731	0.3617	0.1767	0.8584	0.0328	0.6416	34.8750	0.3105	363.0000	110.0000	0.3030	372.0000
484	0.3580	0.3634	0.1701	0.8773	0.0277	0.6419	34.3750	0.2973	356.0000	98.0000	0.2753	360.0000
485	0.3364	0.3771	0.1729	0.8705	0.0303	0.6295	33.5000	0.2973	330.0000	102.0000	0.3091	340.0000
486	0.3628	0.3711	0.1754	0.8624	0.0321	0.6590	34.5000	0.2813	356.0000	104.0000	0.2921	365.0000
487	0.4001	0.3678	0.1748	0.8663	0.0310	0.6389	34.2500	0.2778	357.0000	106.0000	0.2969	364.0000
488	0.3453	0.3716	0.1808	0.8537	0.0340	0.6616	34.5000	0.2690	364.0000	108.0000	0.2967	372.0000
489	0.3881	0.3656	0.1761	0.8772	0.0346	0.6495	34.2500	0.2925	337.0000	102.0000	0.3027	342.0000
490	0.3483	0.3595	0.1697	0.8721	0.0308	0.6547	33.8750	0.2876	330.0000	94.0000	0.2848	339.0000
491	0.3657	0.3645	0.1644	0.8679	0.0348	0.6597	34.2500	0.2755	322.0000	101.0000	0.3137	327.0000
492	0.3373	0.3700	0.1727	0.8522	0.0290	0.6376	34.0000	0.3002	341.0000	104.0000	0.3050	351.0000
493	0.3656	0.3749	0.1696	0.8662	0.0329	0.5966	33.7500	0.3426	350.0000	112.0000	0.3200	353.0000
494	0.3493	0.3645	0.1696	0.8703	0.0340	0.6369	34.2500	0.2930	338.0000	103.0000	0.3047	343.0000
495	0.3556	0.3694	0.1610	0.8431	0.0332	0.6270	34.5000	0.3119	350.0000	110.0000	0.3143	357.0000
496	0.3633	0.3645	0.1585	0.8611	0.0296	0.6297	33.8750	0.3108	329.0000	106.0000	0.3222	337.0000
497	0.3594	0.3694	0.1618	0.8686	0.0331	0.6246	34.3750	0.3053	353.0000	106.0000	0.3003	358.0000
498	0.3482	0.3628	0.1576	0.8872	0.0313	0.6045	34.5000	0.3509	316.0000	108.0000	0.3418	320.0000
499	0.3965	0.3595	0.1644	0.8653	0.0320	0.6307	33.5000	0.3153	304.0000	103.0000	0.3388	307.0000
500	0.3317	0.3722	0.1809	0.8663	0.0318	0.6168	34.2500	0.3220	359.0000	112.0000	0.3120	365.0000
501	0.3158	0.3711	0.1767	0.8615	0.0309	0.6444	33.7500	0.3030	354.0000	100.0000	0.2825	361.0000
502	0.3367	0.3650	0.1884	0.8499	0.0363	0.6352	34.0000	0.2807	388.0000	114.0000	0.2938	396.0000
503	0.4123	0.3755	0.1533	0.8745	0.0312	0.6478	34.2500	0.2782	337.0000	100.0000	0.2967	344.0000
504	0.3444	0.3689	0.1701	0.8562	0.0349	0.6237	34.2500	0.3234	356.0000	110.0000	0.3090	360.0000
505	0.3581	0.3645	0.1746	0.8647	0.0322	0.6318	34.2500	0.3216	339.0000	106.0000	0.3127	347.0000
506	0.4419	0.3738	0.1957	0.8416	0.0365	0.6979	33.3750	0.2309	389.0000	105.0000	0.2699	397.0000
507	0.3560	0.3623	0.1705	0.8695	0.0313	0.6412	33.8750	0.3073	321.0000	96.0000	0.2991	326.0000
508	0.3726	0.3678	0.1694	0.8667	0.0350	0.6736	34.0000	0.2576	342.0000	100.0000	0.2924	351.0000
509	0.3310	0.3650	0.1784	0.8688	0.0371	0.6191	34.6250	0.3171	358.0000	111.0000	0.3101	364.0000
510	0.3956	0.3804	0.1928	0.8488	0.0350	0.6600	34.0000	0.2698	401.0000	113.0000	0.2818	406.0000
511	0.3804	0.3689	0.1565	0.8885	0.0295	0.6064	34.6250	0.3264	311.0000	99.0000	0.3183	318.0000
512	0.3844	0.3722	0.1560	0.8860	0.0333	0.5937	34.2500	0.3213	332.0000	114.0000	0.3434	334.0000
513	0.3842	0.3617	0.1659	0.8733	0.0349	0.6042	34.0000	0.3289	321.0000	104.0000	0.3240	326.0000
514	0.4149	0.3705	0.1928	0.8530	0.0382	0.6618	34.1250	0.2717	381.0000	111.0000	0.2913	388.0000
515	0.3704	0.3568	0.1610	0.8920	0.0300	0.6210	34.2500	0.3285	333.0000	106.0000	0.3183	338.0000
516	0.3584	0.3634	0.1683	0.8670	0.0305	0.6492	34.3750	0.3080	340.0000	97.0000	0.2853	345.0000
517	0.3420	0.3672	0.1568	0.8801	0.0278	0.6183	34.3750	0.3269	327.0000	103.0000	0.3150	335.0000
518	0.3547	0.3683	0.1735	0.8709	0.0361	0.6479	33.5000	0.2813	354.0000	104.0000	0.2938	363.0000
519	0.3949	0.3656	0.1770	0.8801	0.0352	0.6734	34.5000	0.2678	341.0000	94.0000	0.2757	345.0000
520	0.3562	0.3612	0.1615	0.8729	0.0334	0.6454	33.8750	0.2866	357.0000	104.0000	0.2913	360.0000
521	0.3508	0.3766	0.1697	0.8665	0.0336	0.6283	34.7500	0.2957	334.0000	109.0000	0.3263	336.0000
522	0.3724	0.3722	0.1828	0.8543	0.0343	0.6353	33.8750	0.3104	339.0000	107.0000	0.3156	345.0000
523	0.3965	0.3656	0.1766	0.8756	0.0367	0.6389	34.2500	0.3116	354.0000	104.0000	0.2938	360.0000
524	0.4001	0.3771	0.1789	0.8653	0.0374	0.6406	33.7500	0.3022	343.0000	101.0000	0.2945	345.0000
525	0.3785	0.3623	0.1581	0.8599	0.0304	0.6225	33.8750	0.2899	326.0000	98.0000	0.3006	333.0000
526	0.3894	0.3623	0.1635	0.8850	0.0295	0.6334	34.5000	0.3033	343.0000	103.0000	0.3003	352.0000
527	0.4071	0.3595	0.1468	0.8797	0.0292	0.6156	33.6250	0.3245	309.0000	101.0000	0.3269	312.0000
528	0.3881	0.3612	0.1618	0.8814	0.0338	0.6583	34.5000	0.2747	331.0000	97.0000	0.2931	335.0000
529	0.3693	0.3612	0.1658	0.8736	0.0316	0.6510	34.2500	0.2885	340.0000	106.0000	0.3118	352.0000
530	0.3927	0.3700	0.1662	0.8667	0.0348	0.6327	33.6250	0.2983	368.0000	106.0000	0.2880	373.0000
531	0.3338	0.3672	0.1628	0.8764	0.0308	0.5714	34.2500	0.3512	352.0000	113.0000	0.3210	356.0000
532	0.3807	0.3672	0.1652	0.8693	0.0329	0.6048	33.8750	0.3145	352.0000	108.0000	0.3068	355.0000
533	0.3540	0.3672	0.1686	0.8617	0.0308	0.6319	34.1250	0.3185	330.0000	102.0000	0.3091	336.0000
534	0.3622	0.3623	0.1711	0.8929	0.0335	0.6502	33.8750	0.2821	321.0000	90.0000	0.2804	327.0000
535	0.3702	0.3656	0.1657	0.8559	0.0353	0.6146	34.3750	0.3310	320.0000	113.0000	0.3531	324.0000
536	0.4266	0.3623	0.1761	0.8587	0.0328	0.6655	34.2500	0.2776	346.0000	97.0000	0.2803	350.0000
537	0.3469	0.3601	0.1486	0.8769	0.0268	0.6020	34.5000	0.3482	328.0000	98.0000	0.2988	334.0000
538	0.3824	0.3656	0.1671	0.8661	0.0319	0.6509	33.5000	0.2977	340.0000	100.0000	0.2941	345.0000
539	0.4044	0.3667	0.1587	0.8793	0.0348	0.6301	34.8750	0.2868	302.0000	97.0000	0.3212	308.0000
540	0.3919	0.3639	0.1706	0.8718	0.0330	0.6452	34.6250	0.2879	323.0000	103.0000	0.3189	329.0000
541	0.3406	0.3639	0.1730	0.8797	0.0337	0.6257	34.3750	0.2905	345.0000	106.0000	0.3072	352.0000
542	0.3473	0.3705	0.1659	0.8627	0.0314	0.6324	35.2500	0.2964	346.0000	103.0000	0.2977	350.0000
543	0.3807	0.3612	0.1612	0.8802	0.0338	0.6442	34.6250	0.2911	329.0000	97.0000	0.2948	335.0000
544	0.3658	0.3601	0.1718	0.8547	0.0325	0.6241	33.5000	0.3408	350.0000	109.0000	0.3114	359.0000
545	0.3695	0.3744	0.1594	0.8959	0.0354	0.6493	33.7500	0.2731	337.0000	105.0000	0.3116	345.0000
546	0.3354	0.3634	0.1786	0.8687	0.0350	0.6046	34.0000	0.3405	359.0000	111.0000	0.3092	367.0000
547	0.3799	0.3755	0.1801	0.8500	0.0358	0.6564	34.0000	0.2726	353.0000	109.0000	0.3088	359.0000
548	0.3631	0.3678	0.1768	0.8915	0.0356	0.6169	34.3750	0.3307	333.0000	100.0000	0.3003	336.0000
549	0.3566	0.3733	0.1676	0.8639	0.0311	0.6456	34.3750	0.3022	353.0000	110.0000	0.3116	361.0000
550	0.4099	0.3694	0.1759	0.8665	0.0339	0.6690	34.5000	0.2603	355.0000	101.0000	0.2845	360.0000
551	0.3363	0.3661	0.1656	0.8639	0.0321	0.6382	34.1250	0.3181	349.0000	106.0000	0.3037	359.0000
552	0.3679	0.3749	0.1832	0.8780	0.0395	0.6357	34.3750	0.3105	346.0000	107.0000	0.3092	352.0000
553	0.3323	0.3656	0.1669	0.8678	0.0299	0.6414	33.5000	0.2806	338.0000	105.0000	0.3107	345.0000
554	0.4052	0.3546	0.1593	0.8505	0.0348	0.6131	34.0000	0.3047	334.0000	103.0000	0.3084	341.0000
555	0.3830	0.3634	0.1746	0.8546	0.0329	0.6420	34.6250	0.2905	371.0000	113.0000	0.3046	384.0000
556	0.3717	0.3722	0.1760	0.8763	0.0334	0.6529	34.1250	0.2983	357.0000	106.0000	0.2969	362.0000
557	0.4395	0.3557	0.1547	0.8827	0.0308	0.6319	34.1250	0.2870	316.0000	95.0000	0.3006	324.0000
558	0.3831	0.3639	0.1629	0.8654	0.0305	0.6392	34.5000	0.3031	321.0000	101.0000	0.3146	330.0000
559	0.3415	0.3711	0.1697	0.8666	0.0387	0.6221	33.7500	0.3138	324.0000	108.0000	0.3333	328.0000
560	0.3475	0.3623	0.1750	0.8742	0.0299	0.6307	33.6250	0.2998	335.0000	104.0000	0.3104	341.0000
561	0.3689	0.3689	0.1589	0.8849	0.0292	0.6185	34.0000	0.3139	325.0000	102.0000	0.3138	333.0000
562	0.3651	0.3689	0.1670	0.8680	0.0330	0.5993	33.7500	0.3339	329.0000	109.0000	0.3313	335.0000
563	0.3918	0.3716	0.1667	0.8544	0.0343	0.6562	33.5000	0.2601	366.0000	101.0000	0.2760	372.0000
564	0.3696	0.3705	0.1725	0.8717	0.0297	0.6474	34.1250	0.2919	345.0000	100.0000	0.2899	353.0000
565	0.3587	0.3639	0.1717	0.8703	0.0343	0.6473	34.6250	0.2802	332.0000	98.0000	0.2952	340.0000
566	0.3059	0.3628	0.1686	0.8759	0.0309	0.6021	34.8750	0.3263	336.0000	109.0000	0.3244	344.0000
567	0.3931	0.3639	0.1786	0.8840	0.0337	0.6435	34.1250	0.2983	365.0000	109.0000	0.2986	372.0000
568	0.3642	0.3634	0.1636	0.8744	0.0339	0.6389	34.0000	0.3172	329.0000	102.0000	0.3100	332.0000
569	0.4225	0.3700	0.1800	0.8844	0.0348	0.6678	33.7500	0.2639	358.0000	97.0000	0.2709	362.0000
570	0.4360	0.3645	0.1741	0.8747	0.0335	0.6683	34.1250	0.2767	360.0000	95.0000	0.2639	370.0000
571	0.3744	0.3645	0.1803	0.8795	0.0369	0.6127	34.0000	0.3400	342.0000	110.0000	0.3216	344.0000
572	0.3346	0.3645	0.1600	0.8609	0.0284	0.6145	33.6250	0.3384	315.0000	104.0000	0.3302	319.0000
573	0.3808	0.3678	0.1800	0.8700	0.0341	0.6271	33.3750	0.3036	326.0000	101.0000	0.3098	333.0000
574	0.3508	0.3672	0.1672	0.8638	0.0341	0.6520	34.7500	0.2909	349.0000	107.0000	0.3066	354.0000
575	0.4087	0.3606	0.1777	0.8418	0.0340	0.6568	34.1250	0.2798	357.0000	105.0000	0.2941	365.0000
576	0.3637	0.3628	0.1541	0.8657	0.0313	0.6106	34.7500	0.3019	310.0000	105.0000	0.3387	314.0000
577	0.3632	0.3744	0.1808	0.8748	0.0367	0.6299	35.0000	0.3079	345.0000	107.0000	0.3101	347.0000
578	0.3277	0.3667	0.1508	0.8542	0.0305	0.5859	34.1250	0.3474	296.0000	106.0000	0.3581	304.0000
579	0.3651	0.3612	0.1601	0.8489	0.0304	0.6411	34.1250	0.2972	327.0000	99.0000	0.3028	335.0000
580	0.4235	0.3661	0.1718	0.8801	0.0379	0.6536	33.8750	0.2865	337.0000	106.0000	0.3145	341.0000
581	0.3590	0.3733	0.1752	0.8637	0.0364	0.6519	34.3750	0.2843	340.0000	105.0000	0.3088	345.0000
582	0.3831	0.3689	0.1699	0.8844	0.0349	0.6374	34.6250	0.2959	313.0000	99.0000	0.3163	318.0000
583	0.3578	0.3705	0.1617	0.8710	0.0272	0.6291	33.7500	0.3195	309.0000	91.0000	0.2945	319.0000
584	0.3571	0.3678	0.1687	0.8730	0.0327	0.6175	34.5000	0.3192	336.0000	113.0000	0.3363	339.0000
585	0.3841	0.3672	0.1693	0.8603	0.0354	0.6375	34.0000	0.2754	349.0000	104.0000	0.2980	353.0000
586	0.3254	0.3612	0.1391	0.8889	0.0258	0.6155	33.6250	0.3252	299.0000	99.0000	0.3311	310.0000
587	0.3414	0.3749	0.1663	0.8786	0.0337	0.6000	34.3750	0.3238	290.0000	107.0000	0.3690	293.0000
588	0.3692	0.3606	0.1720	0.8927	0.0342	0.6373	33.8750	0.2945	344.0000	101.0000	0.2936	352.0000
589	0.3525	0.3518	0.1551	0.8770	0.0316	0.6422	34.2500	0.3156	307.0000	101.0000	0.3290	316.0000
590	0.4164	0.3656	0.1690	0.8599	0.0322	0.6598	34.0000	0.2698	358.0000	102.0000	0.2849	368.0000
591	0.3773	0.3634	0.1597	0.8764	0.0312	0.6351	34.6250	0.3024	314.0000	97.0000	0.3089	320.0000
592	0.3796	0.3612	0.1621	0.8698	0.0335	0.6127	34.6250	0.3413	309.0000	99.0000	0.3204	312.0000
593	0.3371	0.3606	0.1825	0.8547	0.0303	0.6372	34.1250	0.3030	367.0000	110.0000	0.2997	373.0000
594	0.3698	0.3711	0.1694	0.8935	0.0298	0.6252	34.2500	0.3132	328.0000	98.0000	0.2988	335.0000
595	0.3507	0.3705	0.1628	0.8704	0.0339	0.6020	34.6250	0.3411	326.0000	113.0000	0.3466	329.0000
596	0.4053	0.3821	0.1801	0.8802	0.0374	0.6328	34.6250	0.2849	349.0000	106.0000	0.3037	353.0000
597	0.3416	0.3634	0.1723	0.8625	0.0345	0.6201	34.0000	0.3036	337.0000	103.0000	0.3056	345.0000
598	0.3312	0.3661	0.1728	0.8684	0.0324	0.6087	34.1250	0.3396	346.0000	108.0000	0.3121	352.0000
599	0.3709	0.3755	0.1788	0.8508	0.0367	0.6496	34.6250	0.3011	334.0000	109.0000	0.3263	339.0000
600	0.3801	0.3634	0.1846	0.8625	0.0360	0.6362	33.8750	0.2806	331.0000	107.0000	0.3233	336.0000
601	0.3473	0.3700	0.1655	0.8584	0.0338	0.6135	33.6250	0.3203	336.0000	103.0000	0.3065	341.0000
602	0.3238	0.3645	0.1755	0.8569	0.0313	0.6350	34.1250	0.3200	350.0000	107.0000	0.3057	357.0000
603	0.3573	0.3744	0.1779	0.8586	0.0345	0.5962	34.5000	0.3456	333.0000	119.0000	0.3574	337.0000
604	0.3741	0.3667	0.1534	0.8840	0.0318	0.6381	34.0000	0.3238	349.0000	100.0000	0.2865	355.0000
605	0.3604	0.3661	0.1633	0.8650	0.0336	0.6149	34.3750	0.3064	316.0000	108.0000	0.3418	322.0000
606	0.3486	0.3738	0.1809	0.8718	0.0344	0.6433	34.3750	0.3193	349.0000	105.0000	0.3009	352.0000
607	0.3388	0.3650	0.1736	0.8660	0.0342	0.6620	33.3750	0.2841	338.0000	99.0000	0.2929	343.0000
608	0.3950	0.3683	0.1775	0.8679	0.0342	0.6348	33.8750	0.3120	345.0000	104.0000	0.3014	350.0000
609	0.3917	0.3700	0.1828	0.8842	0.0363	0.6636	33.8750	0.2810	357.0000	101.0000	0.2829	364.0000
610	0.3924	0.3705	0.1814	0.8786	0.0360	0.6490	33.5000	0.2965	322.0000	94.0000	0.2919	325.0000
611	0.4083	0.3672	0.1699	0.8681	0.0314	0.6736	33.7500	0.2602	359.0000	98.0000	0.2730	369.0000
612	0.2475	0.3634	0.1634	0.8740	0.0330	0.6332	35.1250	0.3181	317.0000	104.0000	0.3281	322.0000
613	0.3597	0.3716	0.1804	0.8541	0.0373	0.6274	33.8750	0.3113	366.0000	114.0000	0.3115	373.0000
614	0.3509	0.3628	0.1685	0.8607	0.0285	0.6039	33.3750	0.3439	318.0000	105.0000	0.3302	329.0000
615	0.4168	0.3590	0.1773	0.8577	0.0332	0.6599	34.0000	0.2629	356.0000	105.0000	0.2949	359.0000
616	0.3806	0.3656	0.1603	0.8740	0.0328	0.6488	34.3750	0.2661	341.0000	94.0000	0.2757	345.0000
617	0.3476	0.3705	0.1847	0.8696	0.0318	0.6368	34.0000	0.2958	361.0000	111.0000	0.3075	371.0000
618	0.3854	0.3689	0.1718	0.8733	0.0349	0.6502	33.8750	0.2823	373.0000	104.0000	0.2788	379.0000
619	0.3952	0.3722	0.1811	0.8736	0.0356	0.6742	34.0000	0.2623	363.0000	101.0000	0.2782	367.0000
620	0.3284	0.3667	0.1452	0.8526	0.0283	0.6174	33.6250	0.3133	333.0000	108.0000	0.3243	338.0000
621	0.3709	0.3617	0.1714	0.8836	0.0361	0.6484	33.3750	0.2884	333.0000	101.0000	0.3033	341.0000
622	0.3892	0.3694	0.1629	0.8882	0.0336	0.6429	34.1250	0.2945	323.0000	97.0000	0.3003	329.0000
623	0.3604	0.3639	0.1759	0.8828	0.0308	0.6536	34.6250	0.3021	367.0000	104.0000	0.2834	373.0000
624	0.3489	0.3694	0.1761	0.8664	0.0324	0.6069	33.7500	0.3192	331.0000	108.0000	0.3263	336.0000
625	0.3205	0.3678	0.1769	0.8551	0.0351	0.6105	34.1250	0.2927	352.0000	116.0000	0.3295	361.0000
626	0.3597	0.3755	0.1758	0.8685	0.0328	0.6697	34.2500	0.2475	358.0000	100.0000	0.2793	365.0000
627	0.3590	0.3689	0.1817	0.8646	0.0343	0.6342	34.5000	0.2778	385.0000	112.0000	0.2909	395.0000
628	0.3311	0.3667	0.1710	0.8656	0.0335	0.6151	34.1250	0.3154	322.0000	106.0000	0.3292	331.0000
629	0.3678	0.3628	0.1601	0.8759	0.0327	0.6314	34.3750	0.3079	320.0000	96.0000	0.3000	328.0000
630	0.3238	0.3689	0.1717	0.8603	0.0338	0.6429	33.8750	0.2856	361.0000	102.0000	0.2825	367.0000
631	0.4209	0.3645	0.1792	0.8754	0.0347	0.6609	34.6250	0.2674	365.0000	105.0000	0.2877	371.0000
632	0.3376	0.3716	0.1515	0.8732	0.0313	0.6241	34.6250	0.3066	324.0000	103.0000	0.3179	333.0000
633	0.3886	0.3738	0.1818	0.8786	0.0391	0.6343	34.5000	0.3070	337.0000	107.0000	0.3175	342.0000
634	0.3689	0.3639	0.1613	0.8549	0.0293	0.6173	34.0000	0.3263	331.0000	106.0000	0.3202	340.0000
635	0.3538	0.3639	0.1752	0.8768	0.0316	0.6749	34.0000	0.2850	340.0000	99.0000	0.2912	347.0000
636	0.3961	0.3815	0.1836	0.8676	0.0365	0.6333	33.7500	0.2936	335.0000	107.0000	0.3194	339.0000
637	0.3912	0.3667	0.1727	0.8617	0.0317	0.6452	34.2500	0.2961	347.0000	104.0000	0.2997	355.0000
638	0.3802	0.3650	0.1744	0.8550	0.0329	0.6278	33.7500	0.2949	350.0000	110.0000	0.3143	358.0000
639	0.4005	0.3623	0.1572	0.8790	0.0309	0.6346	33.7500	0.2903	346.0000	96.0000	0.2775	349.0000
640	0.3735	0.3667	0.1721	0.8828	0.0314	0.6688	34.2500	0.2849	324.0000	97.0000	0.2994	329.0000
641	0.3391	0.3705	0.1667	0.8825	0.0335	0.6248	34.5000	0.3382	340.0000	99.0000	0.2912	345.0000
642	0.3695	0.3617	0.1668	0.8766	0.0294	0.6089	34.0000	0.3300	327.0000	102.0000	0.3119	334.0000
643	0.3861	0.3672	0.1698	0.8790	0.0297	0.6425	34.1250	0.2899	358.0000	103.0000	0.2877	368.0000
644	0.3948	0.3683	0.1881	0.8578	0.0358	0.6515	33.6250	0.2956	381.0000	104.0000	0.2730	386.0000
645	0.3899	0.3661	0.1550	0.8710	0.0334	0.6333	34.1250	0.2950	309.0000	98.0000	0.3172	316.0000
646	0.3804	0.3689	0.1628	0.8817	0.0305	0.6363	34.2500	0.3035	316.0000	98.0000	0.3101	325.0000
647	0.3209	0.3551	0.1675	0.8627	0.0289	0.6136	34.2500	0.3404	319.0000	107.0000	0.3354	327.0000
648	0.2872	0.3678	0.1778	0.8658	0.0316	0.6133	34.8750	0.3200	374.0000	115.0000	0.3075	385.0000
649	0.3235	0.3672	0.1629	0.8669	0.0287	0.6144	34.6250	0.3437	338.0000	103.0000	0.3047	347.0000
650	0.3753	0.3623	0.1721	0.8583	0.0353	0.6152	34.2500	0.2998	355.0000	113.0000	0.3183	358.0000
651	0.4278	0.3733	0.1746	0.8853	0.0339	0.6795	33.7500	0.2686	335.0000	95.0000	0.2836	341.0000
652	0.3714	0.3645	0.1741	0.8623	0.0338	0.6422	34.1250	0.3002	342.0000	101.0000	0.2953	345.0000
653	0.3524	0.3733	0.1679	0.8655	0.0336	0.6284	34.3750	0.2872	360.0000	110.0000	0.3056	369.0000
654	0.3348	0.3727	0.1690	0.8410	0.0300	0.6101	34.1250	0.3217	346.0000	105.0000	0.3035	355.0000
655	0.3697	0.3760	0.1739	0.8787	0.0327	0.6554	34.3750	0.2951	357.0000	99.0000	0.2773	364.0000
656	0.4116	0.3672	0.1850	0.8710	0.0384	0.6641	34.0000	0.2656	383.0000	102.0000	0.2663	392.0000
657	0.3433	0.3804	0.1791	0.8600	0.0332	0.6575	34.3750	0.2913	346.0000	100.0000	0.2890	351.0000
658	0.4042	0.3716	0.1663	0.8693	0.0341	0.6318	34.7500	0.3092	331.0000	109.0000	0.3293	336.0000
659	0.3512	0.3738	0.1757	0.8791	0.0326	0.6195	34.1250	0.3236	368.0000	102.0000	0.2772	375.0000
660	0.3521	0.3645	0.1668	0.8740	0.0308	0.6321	34.1250	0.3052	338.0000	104.0000	0.3077	346.0000
661	0.3175	0.3595	0.1692	0.8626	0.0347	0.6031	34.3750	0.3465	330.0000	112.0000	0.3394	335.0000
662	0.3846	0.3634	0.1742	0.8827	0.0357	0.6572	34.5000	0.2643	346.0000	101.0000	0.2919	350.0000
663	0.3777	0.3650	0.1694	0.8696	0.0312	0.6563	34.3750	0.2687	347.0000	100.0000	0.2882	353.0000
664	0.3864	0.3810	0.1809	0.8492	0.0347	0.6139	34.2500	0.3250	346.0000	115.0000	0.3324	354.0000
665	0.3949	0.3656	0.1710	0.8601	0.0368	0.6677	33.5000	0.2844	328.0000	98.0000	0.2988	335.0000
666	0.3529	0.3595	0.1646	0.8886	0.0328	0.6441	34.2500	0.2950	309.0000	95.0000	0.3074	316.0000
667	0.3903	0.3672	0.1566	0.8550	0.0316	0.6374	34.1250	0.2762	339.0000	100.0000	0.2950	346.0000
668	0.3643	0.3689	0.1664	0.8732	0.0325	0.6292	34.6250	0.3060	338.0000	106.0000	0.3136	340.0000
669	0.3383	0.3661	0.1711	0.8494	0.0327	0.6402	34.3750	0.2932	342.0000	108.0000	0.3158	350.0000
670	0.4011	0.3672	0.1683	0.8798	0.0357	0.6468	34.5000	0.2813	356.0000	104.0000	0.2921	361.0000
671	0.3451	0.3606	0.1616	0.8536	0.0308	0.6051	34.1250	0.3182	336.0000	107.0000	0.3185	344.0000
672	0.3386	0.3584	0.1760	0.8637	0.0328	0.6468	34.0000	0.2909	327.0000	96.0000	0.2936	335.0000
673	0.3264	0.3683	0.1709	0.8546	0.0307	0.6290	34.2500	0.2790	368.0000	113.0000	0.3071	374.0000
674	0.3373	0.3584	0.1591	0.8597	0.0324	0.6236	33.6250	0.3130	316.0000	105.0000	0.3323	322.0000
675	0.3833	0.3639	0.1670	0.8625	0.0331	0.6479	33.8750	0.2693	342.0000	103.0000	0.3012	346.0000
676	0.3789	0.3612	0.1484	0.8794	0.0299	0.6040	34.3750	0.3603	298.0000	99.0000	0.3322	306.0000
677	0.3399	0.3595	0.1698	0.8751	0.0315	0.6340	33.7500	0.2894	362.0000	106.0000	0.2928	367.0000
678	0.3920	0.3755	0.1795	0.8746	0.0335	0.6272	34.1250	0.3002	344.0000	108.0000	0.3140	350.0000
679	0.3367	0.3667	0.1568	0.8646	0.0340	0.6225	33.8750	0.2870	339.0000	109.0000	0.3215	345.0000
680	0.3695	0.3678	0.1750	0.8744	0.0347	0.6489	34.1250	0.2738	347.0000	106.0000	0.3055	355.0000
681	0.3194	0.3540	0.1513	0.8860	0.0298	0.6416	33.7500	0.3017	309.0000	91.0000	0.2945	314.0000
682	0.3947	0.3612	0.1538	0.8841	0.0303	0.6804	33.8750	0.2711	328.0000	90.0000	0.2744	336.0000
683	0.3648	0.3617	0.1685	0.8556	0.0354	0.6291	33.6250	0.3107	318.0000	105.0000	0.3302	324.0000
684	0.4070	0.3738	0.1818	0.8715	0.0356	0.6694	34.5000	0.2716	318.0000	100.0000	0.3145	324.0000
685	0.3758	0.3711	0.1831	0.8759	0.0390	0.6224	34.8750	0.3118	340.0000	111.0000	0.3265	343.0000
686	0.3640	0.3650	0.1787	0.8716	0.0354	0.6466	33.6250	0.2682	347.0000	106.0000	0.3055	352.0000
687	0.3743	0.3689	0.1775	0.8824	0.0325	0.6845	33.6250	0.2640	341.0000	94.0000	0.2757	346.0000
688	0.3640	0.3656	0.1569	0.8900	0.0303	0.6318	34.0000	0.3091	320.0000	96.0000	0.3000	327.0000
689	0.3966	0.3678	0.1639	0.8647	0.0349	0.6587	34.7500	0.2797	345.0000	110.0000	0.3188	352.0000
690	0.3531	0.3793	0.1812	0.8596	0.0330	0.6535	34.0000	0.2795	359.0000	108.0000	0.3008	369.0000
691	0.3710	0.3722	0.1718	0.8610	0.0327	0.6490	34.2500	0.2678	358.0000	101.0000	0.2821	365.0000
692	0.3795	0.3672	0.1904	0.8544	0.0372	0.6549	33.6250	0.2701	376.0000	106.0000	0.2819	383.0000
693	0.3896	0.3595	0.1509	0.8837	0.0320	0.6468	34.6250	0.2985	295.0000	91.0000	0.3085	298.0000
694	0.3527	0.3678	0.1699	0.8694	0.0321	0.6419	33.2500	0.2683	328.0000	100.0000	0.3049	332.0000
695	0.3737	0.3788	0.1816	0.8621	0.0351	0.6303	34.3750	0.2979	366.0000	112.0000	0.3060	374.0000
696	0.3583	0.3617	0.1687	0.8582	0.0342	0.6429	34.6250	0.3029	327.0000	95.0000	0.2905	333.0000
697	0.3442	0.3568	0.1782	0.8945	0.0313	0.6699	33.8750	0.2835	331.0000	99.0000	0.2991	341.0000
698	0.3946	0.3562	0.1530	0.8698	0.0325	0.6527	33.8750	0.2788	324.0000	94.0000	0.2901	328.0000
699	0.3738	0.3590	0.1670	0.8734	0.0346	0.6630	33.8750	0.2719	351.0000	102.0000	0.2906	357.0000
700	0.3126	0.3650	0.1584	0.8817	0.0293	0.6140	34.5000	0.3444	293.0000	98.0000	0.3345	298.0000
701	0.3523	0.3606	0.1506	0.8620	0.0281	0.6428	33.6250	0.2601	331.0000	101.0000	0.3051	337.0000
702	0.3898	0.3661	0.1685	0.8606	0.0344	0.6453	34.3750	0.3050	338.0000	104.0000	0.3077	345.0000
703	0.3742	0.3705	0.1783	0.8544	0.0344	0.6646	34.0000	0.2736	348.0000	99.0000	0.2845	356.0000
704	0.3208	0.3678	0.1890	0.8686	0.0346	0.6315	34.3750	0.3084	347.0000	109.0000	0.3141	357.0000
705	0.3269	0.3722	0.1736	0.8472	0.0315	0.5924	34.2500	0.3301	335.0000	111.0000	0.3313	340.0000
706	0.3786	0.3683	0.1793	0.8510	0.0358	0.6593	34.5000	0.2604	342.0000	105.0000	0.3070	345.0000
707	0.3642	0.3535	0.1537	0.8562	0.0309	0.6083	34.1250	0.3174	304.0000	105.0000	0.3454	310.0000
708	0.3410	0.3623	0.1632	0.8542	0.0293	0.6078	34.1250	0.3091	346.0000	104.0000	0.3006	354.0000
709	0.3900	0.3628	0.1703	0.8736	0.0368	0.6503	34.0000	0.2979	346.0000	112.0000	0.3237	349.0000
710	0.3505	0.3606	0.1709	0.8787	0.0337	0.6174	34.0000	0.3291	344.0000	108.0000	0.3140	351.0000
711	0.3490	0.3716	0.1681	0.8422	0.0325	0.6337	34.2500	0.3043	362.0000	108.0000	0.2983	369.0000
712	0.3315	0.3705	0.1811	0.8861	0.0338	0.5685	34.3750	0.3576	370.0000	118.0000	0.3189	375.0000
713	0.3798	0.3733	0.1807	0.8800	0.0317	0.6711	34.1250	0.2626	358.0000	92.0000	0.2570	367.0000
714	0.3542	0.3678	0.1849	0.8579	0.0323	0.6340	34.0000	0.2962	355.0000	105.0000	0.2958	360.0000
715	0.3430	0.3568	0.1521	0.8739	0.0282	0.6144	34.5000	0.3104	308.0000	98.0000	0.3182	314.0000
716	0.3689	0.3628	0.1769	0.8609	0.0356	0.6120	34.5000	0.3170	330.0000	106.0000	0.3212	336.0000
717	0.3603	0.3601	0.1581	0.8706	0.0301	0.6134	33.6250	0.3340	314.0000	101.0000	0.3217	319.0000
718	0.3778	0.3656	0.1662	0.8896	0.0319	0.6185	34.2500	0.3030	335.0000	104.0000	0.3104	342.0000
719	0.3467	0.3634	0.1665	0.8554	0.0327	0.5979	35.1250	0.3238	318.0000	104.0000	0.3270	320.0000
720	0.3480	0.3727	0.1649	0.8767	0.0326	0.6045	33.6250	0.3296	326.0000	113.0000	0.3466	333.0000
721	0.3447	0.3672	0.1560	0.8834	0.0342	0.6172	33.7500	0.3112	311.0000	101.0000	0.3248	317.0000
722	0.3620	0.3623	0.1611	0.8584	0.0333	0.6352	34.3750	0.3345	318.0000	105.0000	0.3302	320.0000
723	0.3409	0.3606	0.1536	0.8836	0.0297	0.6198	34.0000	0.3075	322.0000	107.0000	0.3323	327.0000
724	0.3407	0.3584	0.1503	0.8654	0.0270	0.5627	34.5000	0.3886	304.0000	104.0000	0.3421	311.0000
725	0.3471	0.3617	0.1748	0.8586	0.0313	0.5800	34.2500	0.3425	326.0000	113.0000	0.3466	335.0000
726	0.3571	0.3727	0.1673	0.8619	0.0321	0.5593	35.0000	0.3646	332.0000	117.0000	0.3524	336.0000
727	0.3462	0.3601	0.1662	0.8663	0.0320	0.6185	34.3750	0.3422	339.0000	107.0000	0.3156	346.0000
728	0.3779	0.3683	0.1438	0.8568	0.0286	0.6223	34.1250	0.3145	298.0000	92.0000	0.3087	305.0000
729	0.3574	0.3639	0.1617	0.8671	0.0330	0.6124	34.5000	0.3014	310.0000	103.0000	0.3323	315.0000
730	0.3768	0.3612	0.1663	0.8763	0.0351	0.6299	33.7500	0.2981	328.0000	105.0000	0.3201	332.0000
731	0.3486	0.3722	0.1643	0.8662	0.0335	0.5968	34.7500	0.3381	326.0000	110.0000	0.3374	332.0000
732	0.3413	0.3722	0.1838	0.8552	0.0327	0.6797	33.6250	0.2481	370.0000	104.0000	0.2811	379.0000
733	0.4133	0.3639	0.1799	0.8471	0.0353	0.6566	34.3750	0.2732	356.0000	102.0000	0.2865	365.0000
734	0.3717	0.3700	0.1623	0.8566	0.0344	0.6620	33.2500	0.2564	321.0000	99.0000	0.3084	325.0000
735	0.3835	0.3733	0.1702	0.8678	0.0332	0.6601	34.2500	0.2797	360.0000	101.0000	0.2806	369.0000
736	0.3758	0.3777	0.1815	0.8429	0.0368	0.6381	33.7500	0.3076	365.0000	113.0000	0.3096	371.0000
737	0.3672	0.3727	0.1786	0.8711	0.0355	0.6251	34.3750	0.3078	347.0000	114.0000	0.3285	355.0000
738	0.3537	0.3645	0.1525	0.8693	0.0302	0.6148	33.6250	0.3037	324.0000	104.0000	0.3210	327.0000
739	0.3848	0.3694	0.1672	0.8796	0.0319	0.6514	34.5000	0.2945	341.0000	99.0000	0.2903	347.0000
740	0.3184	0.3639	0.1578	0.8750	0.0292	0.6288	33.5000	0.2929	323.0000	101.0000	0.3127	331.0000
741	0.4125	0.3645	0.1682	0.8942	0.0356	0.6289	34.1250	0.3279	318.0000	99.0000	0.3113	322.0000
742	0.3547	0.3672	0.1655	0.8901	0.0310	0.6376	34.6250	0.2825	341.0000	103.0000	0.3021	350.0000
743	0.3398	0.3617	0.1706	0.8763	0.0329	0.6263	33.5000	0.3066	367.0000	104.0000	0.2834	369.0000
744	0.4243	0.3661	0.1738	0.8692	0.0370	0.6613	34.2500	0.2613	334.0000	102.0000	0.3054	337.0000
745	0.3871	0.3777	0.1768	0.8773	0.0364	0.6554	34.3750	0.2952	357.0000	107.0000	0.2997	360.0000
746	0.3066	0.3584	0.1617	0.8797	0.0325	0.6490	34.2500	0.2860	339.0000	105.0000	0.3097	346.0000
747	0.3656	0.3656	0.1773	0.8583	0.0321	0.6399	34.0000	0.2991	361.0000	106.0000	0.2936	368.0000
748	0.3442	0.3705	0.1687	0.8802	0.0350	0.6053	34.6250	0.3182	327.0000	108.0000	0.3303	335.0000
749	0.3413	0.3617	0.1582	0.8642	0.0293	0.5676	34.0000	0.3659	312.0000	105.0000	0.3365	316.0000
750	0.3615	0.3650	0.1821	0.8596	0.0341	0.6477	34.8750	0.2632	397.0000	112.0000	0.2821	406.0000
751	0.4072	0.3628	0.1802	0.8673	0.0331	0.6612	34.2500	0.2718	343.0000	97.0000	0.2828	349.0000
752	0.3993	0.3661	0.1680	0.8655	0.0317	0.6436	34.0000	0.2859	334.0000	102.0000	0.3054	338.0000
753	0.4193	0.3744	0.1737	0.8838	0.0326	0.6654	34.6250	0.2718	365.0000	108.0000	0.2959	372.0000
754	0.3195	0.3584	0.1572	0.8730	0.0326	0.5930	33.8750	0.3542	331.0000	108.0000	0.3263	333.0000
755	0.3343	0.3678	0.1576	0.8764	0.0342	0.6330	34.2500	0.3044	319.0000	96.0000	0.3009	324.0000
756	0.3260	0.3656	0.1663	0.8597	0.0302	0.6087	34.3750	0.3217	336.0000	111.0000	0.3304	343.0000
757	0.4132	0.3661	0.1816	0.8753	0.0357	0.6874	34.1250	0.2482	362.0000	97.0000	0.2680	366.0000
758	0.3680	0.3749	0.1800	0.8701	0.0323	0.6492	34.8750	0.2868	370.0000	103.0000	0.2784	377.0000
759	0.3123	0.3645	0.1651	0.8776	0.0315	0.6075	33.3750	0.3222	323.0000	104.0000	0.3220	331.0000
760	0.3934	0.3623	0.1513	0.8893	0.0301	0.6390	33.2500	0.3053	307.0000	90.0000	0.2932	313.0000
761	0.3404	0.3628	0.1578	0.8553	0.0338	0.6410	33.8750	0.3003	314.0000	95.0000	0.3025	321.0000
762	0.4255	0.3711	0.1860	0.8710	0.0369	0.6826	33.8750	0.2449	364.0000	99.0000	0.2720	368.0000
763	0.3618	0.3661	0.1704	0.8659	0.0324	0.6394	34.0000	0.2825	334.0000	102.0000	0.3054	341.0000
764	0.3527	0.3694	0.1765	0.8754	0.0375	0.6387	33.7500	0.3013	355.0000	111.0000	0.3127	361.0000
765	0.3615	0.3623	0.1706	0.8648	0.0331	0.6140	34.0000	0.3236	337.0000	108.0000	0.3205	344.0000
766	0.3654	0.3612	0.1580	0.8805	0.0337	0.6429	34.5000	0.2948	294.0000	91.0000	0.3095	299.0000
767	0.3650	0.3656	0.1682	0.8606	0.0336	0.6126	34.3750	0.3083	349.0000	110.0000	0.3152	353.0000
768	0.3670	0.3733	0.1695	0.8607	0.0329	0.6376	34.2500	0.2874	340.0000	109.0000	0.3206	348.0000
769	0.3656	0.3656	0.1745	0.8584	0.0339	0.6455	34.3750	0.2800	341.0000	102.0000	0.2991	347.0000
770	0.3154	0.3562	0.1611	0.8682	0.0285	0.6414	34.1250	0.2875	346.0000	101.0000	0.2919	355.0000
771	0.3836	0.3667	0.1679	0.8673	0.0320	0.6398	33.5000	0.2944	319.0000	97.0000	0.3041	323.0000
772	0.3596	0.3804	0.1792	0.8684	0.0333	0.6418	34.5000	0.2831	359.0000	112.0000	0.3120	362.0000
773	0.3641	0.3711	0.1721	0.8640	0.0340	0.6429	33.7500	0.2911	347.0000	99.0000	0.2853	352.0000
774	0.3817	0.3612	0.1654	0.8623	0.0331	0.6653	33.8750	0.2854	340.0000	103.0000	0.3029	348.0000
775	0.3247	0.3678	0.1740	0.8688	0.0292	0.6037	34.8750	0.3368	346.0000	107.0000	0.3092	356.0000
776	0.3662	0.3722	0.1859	0.8434	0.0342	0.6605	34.6250	0.2718	341.0000	100.0000	0.2933	346.0000
777	0.3944	0.3612	0.1788	0.8901	0.0381	0.6647	34.0000	0.2855	303.0000	94.0000	0.3102	308.0000
778	0.3250	0.3573	0.1660	0.8711	0.0314	0.6010	33.8750	0.3128	338.0000	109.0000	0.3225	346.0000
779	0.3408	0.3612	0.1614	0.8649	0.0307	0.6437	33.8750	0.3131	335.0000	94.0000	0.2806	345.0000
780	0.4354	0.3661	0.1738	0.8643	0.0376	0.6418	34.7500	0.2942	331.0000	104.0000	0.3142	333.0000
781	0.3527	0.3683	0.1712	0.8702	0.0317	0.6180	33.6250	0.3274	355.0000	112.0000	0.3155	364.0000
782	0.3989	0.3716	0.1789	0.8550	0.0343	0.6305	33.6250	0.2645	347.0000	112.0000	0.3228	355.0000
783	0.3976	0.3689	0.1628	0.8816	0.0332	0.6438	33.8750	0.2759	343.0000	100.0000	0.2915	348.0000
784	0.4085	0.3584	0.1500	0.8587	0.0310	0.6464	33.8750	0.2834	324.0000	93.0000	0.2870	331.0000
785	0.3508	0.3606	0.1627	0.8590	0.0330	0.6166	34.2500	0.3273	330.0000	106.0000	0.3212	337.0000
786	0.3061	0.3628	0.1624	0.8653	0.0326	0.6528	33.8750	0.2757	353.0000	107.0000	0.3031	360.0000
787	0.3401	0.3689	0.1879	0.8633	0.0360	0.6453	33.8750	0.2910	374.0000	103.0000	0.2754	382.0000
788	0.3404	0.3705	0.1838	0.8579	0.0330	0.6308	33.7500	0.2958	355.0000	107.0000	0.3014	363.0000
789	0.3067	0.3606	0.1641	0.8773	0.0306	0.6012	34.2500	0.3445	322.0000	108.0000	0.3354	331.0000
790	0.3347	0.3656	0.1687	0.8546	0.0287	0.6274	34.1250	0.3044	352.0000	106.0000	0.3011	362.0000
791	0.3530	0.3623	0.1695	0.8692	0.0319	0.6351	34.5000	0.2962	357.0000	105.0000	0.2941	366.0000
792	0.4040	0.3727	0.1861	0.8673	0.0343	0.6534	33.5000	0.2856	342.0000	102.0000	0.2982	350.0000
793	0.3868	0.3678	0.1645	0.9079	0.0321	0.6303	34.1250	0.3067	324.0000	95.0000	0.2932	330.0000
794	0.3469	0.3821	0.1988	0.8425	0.0386	0.6369	34.3750	0.2779	365.0000	114.0000	0.3123	373.0000
795	0.3985	0.3749	0.1874	0.8779	0.0343	0.6700	34.1250	0.2955	362.0000	106.0000	0.2928	370.0000
796	0.3086	0.3683	0.1606	0.8486	0.0316	0.6026	35.0000	0.3402	326.0000	106.0000	0.3252	330.0000
797	0.3278	0.3573	0.1566	0.8811	0.0319	0.6187	34.1250	0.3043	317.0000	106.0000	0.3344	322.0000
798	0.3729	0.3579	0.1515	0.8772	0.0303	0.6212	34.7500	0.3282	307.0000	100.0000	0.3257	312.0000
799	0.3374	0.3678	0.1645	0.8444	0.0297	0.6139	33.7500	0.2718	343.0000	111.0000	0.3236	351.0000
800	0.3341	0.3700	0.1694	0.8610	0.0364	0.6374	33.8750	0.2974	351.0000	105.0000	0.2991	358.0000
801	0.4105	0.3650	0.1690	0.8843	0.0332	0.6412	34.7500	0.2984	341.0000	103.0000	0.3021	347.0000
802	0.3756	0.3683	0.1753	0.8420	0.0343	0.6418	34.5000	0.2974	356.0000	105.0000	0.2949	362.0000
803	0.3706	0.3705	0.1801	0.8491	0.0349	0.6573	34.3750	0.2696	389.0000	106.0000	0.2725	396.0000
804	0.3536	0.3595	0.1722	0.8801	0.0370	0.6353	34.3750	0.3010	325.0000	105.0000	0.3231	329.0000
805	0.3455	0.3590	0.1752	0.8596	0.0348	0.6421	34.1250	0.2985	348.0000	106.0000	0.3046	356.0000
806	0.3721	0.3612	0.1568	0.8666	0.0321	0.6481	34.2500	0.2955	323.0000	101.0000	0.3127	331.0000
807	0.3187	0.3650	0.1734	0.8690	0.0326	0.6096	33.8750	0.3438	326.0000	108.0000	0.3313	330.0000
808	0.3828	0.3678	0.1833	0.8512	0.0341	0.6469	33.7500	0.2752	373.0000	105.0000	0.2815	382.0000
809	0.3153	0.3738	0.1746	0.8643	0.0317	0.6156	33.3750	0.3338	355.0000	108.0000	0.3042	358.0000
810	0.3369	0.3672	0.1736	0.8568	0.0332	0.6506	34.5000	0.2768	363.0000	105.0000	0.2893	369.0000
811	0.3928	0.3650	0.1685	0.8487	0.0317	0.6434	33.8750	0.2797	344.0000	98.0000	0.2849	354.0000
812	0.3769	0.3755	0.1995	0.8597	0.0386	0.6701	33.3750	0.2540	361.0000	110.0000	0.3047	369.0000
813	0.3660	0.3711	0.1585	0.8880	0.0291	0.6115	34.7500	0.3305	316.0000	99.0000	0.3133	324.0000
814	0.3886	0.3716	0.1763	0.8401	0.0344	0.6052	35.2500	0.3182	378.0000	121.0000	0.3201	385.0000
815	0.3857	0.3667	0.1792	0.8630	0.0392	0.6636	34.2500	0.2555	321.0000	99.0000	0.3084	326.0000
816	0.3343	0.3639	0.1665	0.8822	0.0303	0.6243	34.0000	0.3248	341.0000	100.0000	0.2933	343.0000
817	0.3304	0.3656	0.1603	0.8802	0.0308	0.6352	33.8750	0.3142	324.0000	97.0000	0.2994	330.0000
818	0.4129	0.3656	0.1661	0.8799	0.0316	0.6018	34.5000	0.3199	333.0000	109.0000	0.3273	337.0000
819	0.3614	0.3579	0.1784	0.8654	0.0367	0.6586	34.1250	0.2820	334.0000	105.0000	0.3144	342.0000
820	0.3659	0.3661	0.1558	0.8630	0.0285	0.6148	34.3750	0.3074	323.0000	108.0000	0.3344	333.0000
821	0.3473	0.3755	0.1844	0.8464	0.0391	0.6588	33.8750	0.2835	370.0000	109.0000	0.2946	374.0000
822	0.3733	0.3590	0.1652	0.8920	0.0291	0.6165	33.3750	0.3402	327.0000	98.0000	0.2997	334.0000
823	0.3290	0.3711	0.1721	0.8727	0.0335	0.6064	34.0000	0.3336	328.0000	106.0000	0.3232	333.0000
824	0.3471	0.3705	0.1614	0.8737	0.0348	0.6209	34.2500	0.3065	363.0000	107.0000	0.2948	370.0000
825	0.3561	0.3601	0.1715	0.8609	0.0339	0.6211	34.1250	0.3084	328.0000	107.0000	0.3262	335.0000
826	0.3674	0.3705	0.1668	0.8618	0.0340	0.6158	33.6250	0.3107	354.0000	109.0000	0.3079	362.0000
827	0.3150	0.3645	0.1509	0.8662	0.0313	0.6090	33.8750	0.3257	302.0000	97.0000	0.3212	306.0000
828	0.3306	0.3667	0.1682	0.8637	0.0294	0.6334	33.8750	0.3504	351.0000	104.0000	0.2963	358.0000
829	0.3331	0.3656	0.1621	0.8829	0.0316	0.6366	34.1250	0.3027	338.0000	92.0000	0.2722	347.0000
830	0.3819	0.3727	0.1762	0.8686	0.0356	0.6700	34.2500	0.2523	352.0000	99.0000	0.2812	359.0000
831	0.3654	0.3650	0.1630	0.8688	0.0329	0.6791	34.1250	0.2647	348.0000	98.0000	0.2816	353.0000
832	0.3501	0.3694	0.1885	0.8508	0.0341	0.6531	34.5000	0.2733	364.0000	108.0000	0.2967	371.0000
833	0.3943	0.3705	0.1829	0.8771	0.0329	0.6494	34.3750	0.2817	360.0000	105.0000	0.2917	367.0000
834	0.3909	0.3694	0.1784	0.8777	0.0335	0.6555	34.1250	0.3004	332.0000	96.0000	0.2892	336.0000
835	0.3530	0.3546	0.1531	0.8818	0.0314	0.6359	34.3750	0.3154	305.0000	93.0000	0.3049	311.0000
836	0.3203	0.3661	0.1785	0.8701	0.0317	0.6383	34.6250	0.2955	369.0000	111.0000	0.3008	374.0000
837	0.3567	0.3722	0.1710	0.8848	0.0317	0.6491	34.0000	0.2761	361.0000	100.0000	0.2770	368.0000
838	0.3609	0.3705	0.1630	0.8570	0.0335	0.6513	34.3750	0.2829	335.0000	105.0000	0.3134	341.0000
839	0.3740	0.3667	0.1689	0.8865	0.0319	0.6815	33.6250	0.2691	347.0000	89.0000	0.2565	355.0000
840	0.3701	0.3749	0.1823	0.8578	0.0333	0.6538	34.5000	0.2956	350.0000	104.0000	0.2971	356.0000
841	0.3287	0.3645	0.1516	0.8759	0.0291	0.6332	34.3750	0.3010	292.0000	95.0000	0.3253	299.0000
842	0.3791	0.3645	0.1698	0.8803	0.0305	0.6543	34.8750	0.2787	332.0000	97.0000	0.2922	343.0000
843	0.3631	0.3727	0.1682	0.8746	0.0343	0.6518	34.1250	0.2839	320.0000	96.0000	0.3000	326.0000
844	0.3857	0.3661	0.1665	0.8758	0.0326	0.6218	34.1250	0.3022	322.0000	99.0000	0.3075	329.0000
845	0.3678	0.3722	0.1773	0.8653	0.0318	0.6756	34.2500	0.2647	368.0000	95.0000	0.2582	379.0000
846	0.3321	0.3727	0.1773	0.8461	0.0367	0.6245	34.0000	0.2988	344.0000	115.0000	0.3343	350.0000
847	0.3424	0.3557	0.1509	0.8693	0.0292	0.6056	33.7500	0.3145	318.0000	93.0000	0.2925	326.0000
848	0.3529	0.3584	0.1664	0.8766	0.0321	0.6238	34.2500	0.3191	314.0000	102.0000	0.3248	320.0000
849	0.3213	0.3628	0.1684	0.8775	0.0291	0.6135	34.1250	0.3184	324.0000	106.0000	0.3272	333.0000
850	0.3781	0.3716	0.1726	0.8727	0.0341	0.6747	34.3750	0.2682	361.0000	90.0000	0.2493	368.0000
851	0.3417	0.3667	0.1690	0.8927	0.0312	0.6336	34.8750	0.3316	327.0000	99.0000	0.3028	335.0000
852	0.3426	0.3799	0.1780	0.8771	0.0342	0.6832	34.6250	0.2683	378.0000	101.0000	0.2672	387.0000
853	0.3805	0.3738	0.1762	0.8467	0.0375	0.6297	34.7500	0.2850	343.0000	110.0000	0.3207	349.0000
854	0.4022	0.3650	0.1860	0.8686	0.0350	0.6637	33.8750	0.2678	339.0000	97.0000	0.2861	342.0000
855	0.3360	0.3645	0.1810	0.8784	0.0335	0.6157	34.6250	0.3226	359.0000	115.0000	0.3203	368.0000
856	0.3723	0.3639	0.1744	0.8640	0.0336	0.6842	34.1250	0.2562	349.0000	101.0000	0.2894	357.0000
857	0.3642	0.3700	0.1673	0.8688	0.0353	0.6711	33.5000	0.2800	336.0000	99.0000	0.2946	341.0000
858	0.4100	0.3722	0.1709	0.8581	0.0347	0.6662	34.0000	0.2523	348.0000	101.0000	0.2902	353.0000
859	0.3584	0.3562	0.1721	0.8882	0.0305	0.5908	34.5000	0.3372	322.0000	99.0000	0.3075	329.0000
860	0.3551	0.3700	0.1683	0.8686	0.0356	0.6608	33.8750	0.2921	344.0000	105.0000	0.3052	348.0000
861	0.3631	0.3661	0.1727	0.8657	0.0343	0.6510	33.7500	0.2827	347.0000	106.0000	0.3055	352.0000
862	0.3592	0.3694	0.1543	0.8845	0.0297	0.6603	33.5000	0.2740	296.0000	90.0000	0.3041	305.0000
863	0.3406	0.3540	0.1726	0.8756	0.0358	0.6291	34.1250	0.2981	353.0000	111.0000	0.3144	358.0000
864	0.3894	0.3694	0.1810	0.8548	0.0345	0.6342	34.1250	0.2951	348.0000	109.0000	0.3132	356.0000
865	0.3387	0.3672	0.1746	0.8690	0.0338	0.6484	34.5000	0.2846	369.0000	104.0000	0.2818	375.0000
866	0.4001	0.3771	0.1847	0.8700	0.0351	0.6347	34.7500	0.3077	362.0000	104.0000	0.2873	370.0000
867	0.3541	0.3551	0.1514	0.8730	0.0310	0.5706	33.8750	0.3426	277.0000	98.0000	0.3538	283.0000
868	0.3595	0.3661	0.1631	0.8648	0.0316	0.6324	34.5000	0.2859	324.0000	104.0000	0.3210	330.0000
869	0.3451	0.3700	0.1760	0.8697	0.0326	0.6110	35.0000	0.3091	354.0000	112.0000	0.3164	362.0000
870	0.3123	0.3623	0.1672	0.8814	0.0330	0.6154	34.1250	0.3482	329.0000	107.0000	0.3252	334.0000
871	0.3799	0.3711	0.1654	0.8739	0.0360	0.6464	34.5000	0.2886	317.0000	96.0000	0.3028	322.0000
872	0.3796	0.3711	0.1838	0.8648	0.0370	0.6453	33.8750	0.2783	361.0000	109.0000	0.3019	368.0000
873	0.3385	0.3777	0.1780	0.8746	0.0321	0.6284	34.0000	0.2950	350.0000	108.0000	0.3086	358.0000
874	0.3220	0.3650	0.1541	0.8695	0.0293	0.5617	33.3750	0.3878	307.0000	107.0000	0.3485	315.0000
875	0.3684	0.3694	0.1403	0.8996	0.0254	0.6082	33.7500	0.3353	290.0000	90.0000	0.3103	296.0000
876	0.3624	0.3777	0.1764	0.8354	0.0342	0.6533	34.3750	0.2768	360.0000	111.0000	0.3083	363.0000
877	0.3208	0.3689	0.1723	0.8744	0.0319	0.6482	34.2500	0.2732	336.0000	97.0000	0.2887	346.0000
878	0.3857	0.3711	0.1720	0.8701	0.0345	0.6427	34.3750	0.2968	363.0000	106.0000	0.2920	369.0000
879	0.2809	0.3645	0.1761	0.8702	0.0325	0.5971	34.6250	0.3596	330.0000	110.0000	0.3333	337.0000
880	0.3857	0.3678	0.1705	0.8705	0.0372	0.6560	34.1250	0.2897	355.0000	100.0000	0.2817	360.0000
881	0.3715	0.3727	0.1614	0.8564	0.0306	0.6283	34.8750	0.3076	353.0000	104.0000	0.2946	358.0000
882	0.3923	0.3689	0.1791	0.8510	0.0347	0.6405	34.3750	0.2937	354.0000	110.0000	0.3107	365.0000
883	0.3670	0.3628	0.1506	0.8676	0.0286	0.6007	34.2500	0.3291	302.0000	101.0000	0.3344	308.0000
884	0.3727	0.3716	0.1873	0.8524	0.0367	0.6345	34.1250	0.3017	356.0000	115.0000	0.3230	362.0000
885	0.3564	0.3634	0.1731	0.8719	0.0301	0.6377	34.1250	0.3219	322.0000	99.0000	0.3075	327.0000
886	0.3407	0.3639	0.1581	0.8796	0.0280	0.6314	34.1250	0.2962	330.0000	101.0000	0.3061	338.0000
887	0.3712	0.3711	0.1602	0.8765	0.0358	0.6049	34.6250	0.3126	320.0000	110.0000	0.3438	325.0000
888	0.3678	0.3689	0.1756	0.8840	0.0285	0.6388	34.0000	0.3143	363.0000	98.0000	0.2700	370.0000
889	0.3812	0.3650	0.1684	0.8600	0.0323	0.6254	34.2500	0.3087	323.0000	100.0000	0.3096	328.0000
890	0.3683	0.3628	0.1766	0.8512	0.0351	0.6463	33.6250	0.2779	348.0000	101.0000	0.2902	356.0000
891	0.3668	0.3711	0.1829	0.8577	0.0367	0.6409	33.8750	0.3020	366.0000	113.0000	0.3087	374.0000
892	0.3619	0.3639	0.1674	0.8686	0.0291	0.6228	34.0000	0.3150	347.0000	110.0000	0.3170	354.0000
893	0.3491	0.3645	0.1595	0.8692	0.0300	0.6099	34.7500	0.3419	330.0000	105.0000	0.3182	334.0000
894	0.3769	0.3744	0.1805	0.8850	0.0357	0.6655	34.3750	0.2745	368.0000	105.0000	0.2853	373.0000
895	0.3531	0.3771	0.1728	0.8753	0.0351	0.6383	34.2500	0.2893	348.0000	109.0000	0.3132	351.0000
896	0.3463	0.3727	0.1848	0.8535	0.0309	0.6487	34.0000	0.2905	367.0000	107.0000	0.2916	378.0000
897	0.3967	0.3755	0.1863	0.8814	0.0377	0.6804	35.0000	0.2531	359.0000	100.0000	0.2786	368.0000
898	0.3395	0.3656	0.1762	0.8791	0.0344	0.6238	34.3750	0.3165	324.0000	109.0000	0.3364	329.0000
899	0.3717	0.3689	0.1757	0.8741	0.0352	0.6355	34.0000	0.2840	328.0000	100.0000	0.3049	331.0000
900	0.3196	0.3694	0.1782	0.8496	0.0357	0.6271	34.0000	0.3152	361.0000	105.0000	0.2909	366.0000
901	0.2628	0.3645	0.1575	0.8621	0.0301	0.5751	33.6250	0.3611	310.0000	103.0000	0.3323	318.0000
902	0.3641	0.3661	0.1570	0.8888	0.0330	0.6390	33.8750	0.3239	345.0000	98.0000	0.2841	350.0000
903	0.3621	0.3634	0.1713	0.8657	0.0307	0.6333	33.8750	0.2820	348.0000	100.0000	0.2874	357.0000
904	0.3568	0.3738	0.1865	0.8620	0.0363	0.6544	33.7500	0.2949	339.0000	101.0000	0.2979	346.0000
905	0.3405	0.3755	0.1726	0.8355	0.0314	0.6347	34.3750	0.2944	364.0000	111.0000	0.3049	369.0000
906	0.3387	0.3667	0.1693	0.8629	0.0284	0.5843	34.7500	0.3626	329.0000	112.0000	0.3404	337.0000
907	0.3727	0.3661	0.1750	0.8753	0.0367	0.6511	34.0000	0.2920	353.0000	107.0000	0.3031	360.0000
908	0.3615	0.3705	0.1882	0.8663	0.0358	0.6479	34.3750	0.2901	357.0000	110.0000	0.3081	363.0000
909	0.3827	0.3716	0.1898	0.8713	0.0367	0.6263	34.3750	0.2975	371.0000	111.0000	0.2992	376.0000
910	0.3459	0.3634	0.1584	0.8625	0.0294	0.6008	33.8750	0.3259	315.0000	105.0000	0.3333	322.0000
911	0.3144	0.3700	0.1691	0.8759	0.0319	0.6581	34.5000	0.2858	357.0000	106.0000	0.2969	366.0000
912	0.3528	0.3667	0.1627	0.8691	0.0322	0.6172	34.3750	0.3119	332.0000	104.0000	0.3133	341.0000
913	0.2953	0.3722	0.1783	0.8640	0.0298	0.5894	34.0000	0.3525	361.0000	114.0000	0.3158	364.0000
914	0.3674	0.3705	0.1748	0.8413	0.0345	0.6420	34.1250	0.2786	348.0000	110.0000	0.3161	358.0000
915	0.3757	0.3634	0.1758	0.8654	0.0358	0.6682	33.7500	0.2860	331.0000	94.0000	0.2840	333.0000
916	0.3301	0.3678	0.1836	0.8609	0.0332	0.6193	33.7500	0.3344	374.0000	118.0000	0.3155	376.0000
917	0.3915	0.3645	0.1640	0.8724	0.0323	0.6351	34.5000	0.3021	345.0000	103.0000	0.2986	354.0000
918	0.3533	0.3799	0.1751	0.8738	0.0326	0.6440	34.2500	0.2740	343.0000	106.0000	0.3090	349.0000
919	0.3714	0.3755	0.1745	0.8420	0.0308	0.6398	34.5000	0.2889	354.0000	106.0000	0.2994	360.0000
920	0.3691	0.3722	0.1633	0.8629	0.0285	0.6193	34.7500	0.3231	346.0000	107.0000	0.3092	357.0000
921	0.3099	0.3705	0.1723	0.8810	0.0325	0.6226	34.2500	0.3150	341.0000	106.0000	0.3109	350.0000
922	0.3257	0.3645	0.1746	0.8596	0.0324	0.6571	34.5000	0.2641	371.0000	110.0000	0.2965	382.0000
923	0.3601	0.3590	0.1650	0.8647	0.0322	0.6419	34.2500	0.2938	333.0000	103.0000	0.3093	341.0000
924	0.4180	0.3617	0.1688	0.8632	0.0348	0.6440	33.7500	0.2707	342.0000	96.0000	0.2807	349.0000
925	0.3968	0.3661	0.1730	0.8728	0.0320	0.6408	34.7500	0.2899	342.0000	100.0000	0.2924	349.0000
926	0.3731	0.3711	0.1765	0.8638	0.0350	0.6262	34.1250	0.2941	355.0000	106.0000	0.2986	358.0000
927	0.3379	0.3661	0.1693	0.8730	0.0310	0.6093	33.8750	0.3342	327.0000	108.0000	0.3303	333.0000
928	0.3100	0.3672	0.1608	0.8410	0.0296	0.6314	34.8750	0.3171	331.0000	102.0000	0.3082	341.0000
929	0.3230	0.3551	0.1608	0.8871	0.0333	0.6063	33.3750	0.3244	328.0000	101.0000	0.3079	334.0000
930	0.3767	0.3694	0.1678	0.8426	0.0319	0.6221	34.1250	0.3319	345.0000	109.0000	0.3159	352.0000
931	0.3502	0.3700	0.1572	0.8640	0.0303	0.6272	34.1250	0.3242	314.0000	97.0000	0.3089	321.0000
932	0.3522	0.3612	0.1736	0.8625	0.0361	0.6154	33.6250	0.3355	351.0000	112.0000	0.3191	356.0000
933	0.3434	0.3617	0.1622	0.8680	0.0315	0.6501	34.1250	0.2678	334.0000	105.0000	0.3144	344.0000
934	0.3750	0.3650	0.1717	0.8490	0.0327	0.6502	34.0000	0.2905	327.0000	104.0000	0.3180	335.0000
935	0.3034	0.3749	0.1765	0.8708	0.0356	0.5932	35.1250	0.3430	336.0000	109.0000	0.3244	342.0000
936	0.3696	0.3821	0.1960	0.8505	0.0377	0.6521	34.2500	0.2830	384.0000	112.0000	0.2917	387.0000
937	0.3390	0.3733	0.1673	0.8671	0.0339	0.6461	33.7500	0.2953	334.0000	102.0000	0.3054	338.0000
938	0.3735	0.3744	0.1747	0.8782	0.0362	0.6607	34.6250	0.2842	369.0000	109.0000	0.2954	377.0000
939	0.3821	0.3661	0.1693	0.8730	0.0313	0.6315	34.1250	0.3182	327.0000	102.0000	0.3119	332.0000
940	0.3587	0.3683	0.1641	0.8516	0.0314	0.6445	33.6250	0.2708	353.0000	106.0000	0.3003	360.0000
941	0.3451	0.3606	0.1693	0.8801	0.0364	0.6448	33.8750	0.2958	333.0000	102.0000	0.3063	338.0000
942	0.3647	0.3656	0.1682	0.8611	0.0342	0.6145	33.8750	0.3025	312.0000	103.0000	0.3301	319.0000
943	0.3566	0.3612	0.1627	0.8750	0.0327	0.6216	34.3750	0.3134	300.0000	98.0000	0.3267	305.0000
944	0.3708	0.3667	0.1682	0.8629	0.0340	0.6347	34.5000	0.2981	331.0000	101.0000	0.3051	333.0000
945	0.3998	0.3601	0.1724	0.8612	0.0334	0.6145	34.3750	0.3341	352.0000	106.0000	0.3011	356.0000
946	0.3737	0.3656	0.1614	0.8749	0.0300	0.6245	34.5000	0.2957	320.0000	100.0000	0.3125	328.0000
947	0.3402	0.3634	0.1633	0.8686	0.0343	0.6254	34.0000	0.3104	330.0000	105.0000	0.3182	337.0000
948	0.3696	0.3661	0.1721	0.8592	0.0348	0.6433	34.1250	0.2960	332.0000	109.0000	0.3283	338.0000
949	0.3617	0.3722	0.1871	0.8751	0.0372	0.6316	34.3750	0.3030	350.0000	112.0000	0.3200	358.0000
950	0.3399	0.3672	0.1647	0.8705	0.0321	0.6185	34.0000	0.2950	298.0000	98.0000	0.3289	304.0000
951	0.3494	0.3617	0.1631	0.8813	0.0339	0.6232	33.8750	0.3008	330.0000	103.0000	0.3121	332.0000
952	0.3665	0.3667	0.1841	0.8627	0.0340	0.6243	34.5000	0.2943	356.0000	110.0000	0.3090	365.0000
953	0.3702	0.3777	0.1896	0.8543	0.0375	0.6556	34.6250	0.2668	376.0000	107.0000	0.2846	386.0000
954	0.3576	0.3749	0.1712	0.8622	0.0328	0.6214	34.0000	0.2965	348.0000	104.0000	0.2989	355.0000
955	0.4015	0.3656	0.1742	0.8648	0.0342	0.6638	34.2500	0.2738	353.0000	97.0000	0.2748	364.0000
956	0.3531	0.3722	0.1641	0.8566	0.0302	0.6221	34.3750	0.3165	331.0000	103.0000	0.3112	337.0000
957	0.3481	0.3689	0.1604	0.8878	0.0316	0.6114	34.1250	0.3396	318.0000	100.0000	0.3145	320.0000
958	0.3603	0.3667	0.1945	0.8477	0.0373	0.6177	34.0000	0.2981	373.0000	114.0000	0.3056	382.0000
959	0.4086	0.3661	0.1513	0.8727	0.0320	0.6466	34.7500	0.2875	302.0000	94.0000	0.3113	309.0000
960	0.3752	0.3639	0.1835	0.8647	0.0365	0.6393	34.5000	0.2768	358.0000	106.0000	0.2961	364.0000
961	0.4146	0.3716	0.1754	0.8635	0.0324	0.6434	33.7500	0.2848	369.0000	107.0000	0.2900	378.0000
962	0.3698	0.3557	0.1712	0.8609	0.0313	0.5951	33.5000	0.3295	325.0000	103.0000	0.3169	333.0000
963	0.3491	0.3672	0.1609	0.8516	0.0312	0.6069	35.0000	0.3554	327.0000	113.0000	0.3456	332.0000
964	0.3477	0.3590	0.1639	0.8737	0.0315	0.6266	33.8750	0.3302	318.0000	100.0000	0.3145	323.0000
965	0.3681	0.3661	0.1672	0.8856	0.0346	0.6317	33.8750	0.3160	331.0000	100.0000	0.3021	337.0000
966	0.3650	0.3612	0.1681	0.8734	0.0308	0.6613	33.8750	0.2704	364.0000	102.0000	0.2802	373.0000
967	0.3860	0.3628	0.1762	0.8678	0.0350	0.6609	34.0000	0.2833	333.0000	100.0000	0.3003	338.0000
968	0.3411	0.3650	0.1704	0.8488	0.0323	0.6286	34.0000	0.3206	349.0000	113.0000	0.3238	353.0000
969	0.3644	0.3584	0.1486	0.8763	0.0320	0.6165	34.2500	0.3194	307.0000	99.0000	0.3225	311.0000
970	0.3786	0.3562	0.1517	0.8721	0.0288	0.6052	33.7500	0.3479	311.0000	95.0000	0.3055	318.0000
971	0.3494	0.3700	0.1709	0.8605	0.0350	0.6453	34.5000	0.2922	353.0000	103.0000	0.2918	358.0000
972	0.3279	0.3628	0.1615	0.8651	0.0323	0.6175	34.5000	0.2956	323.0000	100.0000	0.3096	331.0000
973	0.4250	0.3672	0.1700	0.8919	0.0376	0.6781	33.8750	0.2584	330.0000	94.0000	0.2848	336.0000
974	0.3756	0.3683	0.1576	0.8964	0.0321	0.6374	34.1250	0.3096	312.0000	99.0000	0.3173	318.0000
975	0.3788	0.3612	0.1625	0.8874	0.0306	0.6232	33.7500	0.3240	326.0000	102.0000	0.3129	331.0000
976	0.3515	0.3650	0.1634	0.8919	0.0298	0.6441	34.2500	0.2870	344.0000	94.0000	0.2733	350.0000
977	0.4410	0.3722	0.1938	0.8476	0.0382	0.6679	34.2500	0.2612	393.0000	107.0000	0.2723	401.0000
978	0.3892	0.3689	0.1746	0.8721	0.0368	0.6152	33.8750	0.3110	335.0000	107.0000	0.3194	339.0000
979	0.3450	0.3799	0.1724	0.8617	0.0364	0.6297	33.8750	0.2960	357.0000	109.0000	0.3053	359.0000
980	0.3476	0.3689	0.1616	0.8940	0.0304	0.6035	34.0000	0.3432	329.0000	105.0000	0.3191	334.0000
981	0.3958	0.3617	0.1657	0.8738	0.0303	0.6589	34.1250	0.2695	345.0000	102.0000	0.2957	355.0000
982	0.3680	0.3716	0.1851	0.8684	0.0366	0.6728	33.7500	0.2624	372.0000	108.0000	0.2903	377.0000
983	0.3530	0.3722	0.1770	0.8736	0.0348	0.6669	34.5000	0.2912	337.0000	103.0000	0.3056	342.0000
984	0.3856	0.3612	0.1795	0.8680	0.0334	0.6244	33.8750	0.3125	330.0000	102.0000	0.3091	338.0000
985	0.3489	0.3590	0.1538	0.8645	0.0310	0.6129	33.5000	0.2996	308.0000	99.0000	0.3214	313.0000
986	0.3971	0.3656	0.1623	0.8780	0.0314	0.6095	33.5000	0.3110	316.0000	101.0000	0.3196	318.0000
987	0.3779	0.3689	0.1578	0.8783	0.0291	0.6324	33.6250	0.2818	334.0000	101.0000	0.3024	346.0000
988	0.3175	0.3628	0.1690	0.8590	0.0301	0.5640	34.6250	0.3400	335.0000	114.0000	0.3403	341.0000
989	0.3244	0.3639	0.1769	0.8481	0.0304	0.6241	34.6250	0.3091	361.0000	111.0000	0.3075	371.0000
990	0.3839	0.3612	0.1741	0.8734	0.0361	0.6194	33.7500	0.2979	326.0000	105.0000	0.3221	331.0000
991	0.3656	0.3760	0.1815	0.8430	0.0318	0.6291	33.6250	0.3183	356.0000	112.0000	0.3146	363.0000
992	0.3812	0.3672	0.1506	0.8706	0.0328	0.6438	34.2500	0.2893	324.0000	99.0000	0.3056	331.0000
993	0.3509	0.3617	0.1688	0.8881	0.0290	0.6585	33.5000	0.2981	336.0000	97.0000	0.2887	348.0000
994	0.3681	0.3617	0.1684	0.8547	0.0322	0.6020	34.5000	0.3378	341.0000	108.0000	0.3167	347.0000
995	0.3559	0.3733	0.1700	0.8686	0.0310	0.6189	34.7500	0.3258	348.0000	113.0000	0.3247	355.0000
996	0.3672	0.3722	0.1756	0.8646	0.0362	0.6237	34.8750	0.3011	377.0000	110.0000	0.2918	385.0000
997	0.3790	0.3634	0.1763	0.8565	0.0350	0.6296	34.3750	0.3128	342.0000	103.0000	0.3012	351.0000
998	0.3583	0.3727	0.1526	0.8738	0.0303	0.6368	34.0000	0.2870	327.0000	96.0000	0.2936	333.0000
999	0.3737	0.3568	0.1560	0.8678	0.0330	0.6545	34.6250	0.2816	335.0000	95.0000	0.2836	341.0000
1000	0.3736	0.3810	0.1617	0.8663	0.0336	0.6421	33.8750	0.2832	349.0000	100.0000	0.2865	353.0000
