accuracy	proportion	density	fuzziness	coverage	purity	sounds	missing	ubound	clusters	props	patterns
1	0.4621	0.8470	0.5722	0.7860	0.1064	0.6722	37.8421	0.3836	1502.0000	617.0000	0.4108	1504.0000
2	0.4669	0.8431	0.5705	0.7829	0.0951	0.6775	37.4211	0.3633	1437.0000	561.0000	0.3904	1439.0000
3	0.4793	0.8343	0.5676	0.7987	0.0884	0.6851	37.4737	0.3373	1353.0000	517.0000	0.3821	1355.0000
4	0.4822	0.8317	0.5735	0.7917	0.0821	0.6888	37.2632	0.3202	1298.0000	487.0000	0.3752	1300.0000
5	0.4935	0.8289	0.5721	0.7950	0.0822	0.6957	37.6316	0.3112	1265.0000	467.0000	0.3692	1267.0000
6	0.4599	0.8294	0.5749	0.7858	0.0787	0.6885	37.2632	0.3367	1236.0000	471.0000	0.3811	1238.0000
7	0.4790	0.8296	0.5770	0.7878	0.0774	0.7025	37.3158	0.3100	1225.0000	441.0000	0.3600	1227.0000
8	0.4720	0.8226	0.5772	0.8010	0.0766	0.6918	37.1579	0.3142	1198.0000	446.0000	0.3723	1200.0000
9	0.4770	0.8240	0.5775	0.7900	0.0773	0.7027	37.2105	0.3304	1179.0000	434.0000	0.3681	1181.0000
10	0.4802	0.8208	0.5784	0.7904	0.0753	0.6950	37.1579	0.3308	1182.0000	437.0000	0.3697	1184.0000
11	0.4770	0.8219	0.5790	0.7996	0.0766	0.7038	37.1053	0.3164	1170.0000	431.0000	0.3684	1172.0000
12	0.4709	0.8282	0.5849	0.7892	0.0771	0.6873	37.0526	0.3384	1171.0000	452.0000	0.3860	1173.0000
13	0.4834	0.8229	0.5802	0.8001	0.0744	0.6878	36.9474	0.3338	1166.0000	444.0000	0.3808	1168.0000
14	0.4840	0.8208	0.5815	0.7951	0.0756	0.6957	36.9474	0.3301	1158.0000	434.0000	0.3748	1160.0000
15	0.4857	0.8173	0.5802	0.8021	0.0734	0.6971	37.2632	0.3345	1136.0000	426.0000	0.3750	1138.0000
16	0.4704	0.8205	0.5811	0.8059	0.0739	0.6920	36.9474	0.3472	1120.0000	430.0000	0.3839	1122.0000
17	0.4768	0.8180	0.5797	0.7962	0.0745	0.6907	36.7368	0.3396	1143.0000	439.0000	0.3841	1145.0000
18	0.4981	0.8226	0.5805	0.7998	0.0764	0.6958	37.0526	0.3284	1131.0000	430.0000	0.3802	1133.0000
19	0.4982	0.8259	0.5824	0.7900	0.0768	0.6873	37.1579	0.3249	1166.0000	436.0000	0.3739	1168.0000
20	0.4908	0.8219	0.5806	0.7941	0.0777	0.6949	37.0526	0.3155	1149.0000	428.0000	0.3725	1151.0000
21	0.4866	0.8175	0.5798	0.8002	0.0739	0.6968	37.1053	0.3265	1145.0000	428.0000	0.3738	1147.0000
22	0.4673	0.8219	0.5813	0.8013	0.0742	0.6900	37.0526	0.3542	1147.0000	435.0000	0.3793	1149.0000
23	0.4623	0.8282	0.5805	0.8005	0.0771	0.6838	37.1579	0.3501	1146.0000	440.0000	0.3839	1148.0000
24	0.4758	0.8271	0.5843	0.7876	0.0745	0.6868	37.1053	0.3405	1166.0000	446.0000	0.3825	1168.0000
25	0.4952	0.8217	0.5816	0.8045	0.0774	0.7099	36.9474	0.2979	1158.0000	421.0000	0.3636	1160.0000
26	0.4928	0.8238	0.5829	0.8015	0.0774	0.6834	37.0000	0.3207	1165.0000	435.0000	0.3734	1167.0000
27	0.4741	0.8217	0.5790	0.8025	0.0733	0.6947	37.1053	0.3309	1135.0000	428.0000	0.3771	1137.0000
28	0.4922	0.8189	0.5787	0.7985	0.0744	0.6845	36.8947	0.3271	1129.0000	436.0000	0.3862	1131.0000
29	0.4597	0.8217	0.5793	0.8047	0.0746	0.6891	37.1579	0.3474	1147.0000	431.0000	0.3758	1149.0000
30	0.4953	0.8210	0.5780	0.7924	0.0749	0.7020	36.8947	0.3236	1158.0000	427.0000	0.3687	1160.0000
31	0.4604	0.8275	0.5824	0.8014	0.0775	0.6880	37.0000	0.3407	1158.0000	429.0000	0.3705	1160.0000
32	0.4833	0.8238	0.5809	0.7937	0.0745	0.6963	37.1579	0.3189	1179.0000	429.0000	0.3639	1181.0000
33	0.4825	0.8254	0.5789	0.7938	0.0757	0.6996	37.1579	0.3197	1167.0000	426.0000	0.3650	1169.0000
34	0.4987	0.8233	0.5791	0.8026	0.0766	0.6951	36.8421	0.3182	1141.0000	432.0000	0.3786	1143.0000
35	0.5044	0.8215	0.5784	0.7900	0.0751	0.6919	37.0526	0.3153	1162.0000	429.0000	0.3692	1164.0000
36	0.4585	0.8252	0.5799	0.8010	0.0751	0.6864	37.1053	0.3351	1136.0000	436.0000	0.3838	1138.0000
37	0.4981	0.8192	0.5791	0.8047	0.0763	0.7043	37.0526	0.3241	1130.0000	424.0000	0.3752	1132.0000
38	0.4667	0.8229	0.5832	0.7978	0.0762	0.6967	37.1053	0.3385	1172.0000	431.0000	0.3677	1174.0000
39	0.4811	0.8178	0.5800	0.7902	0.0739	0.6848	37.1579	0.3380	1153.0000	444.0000	0.3851	1155.0000
40	0.4726	0.8238	0.5809	0.7947	0.0778	0.7028	37.0000	0.3110	1149.0000	429.0000	0.3734	1151.0000
41	0.4970	0.8189	0.5784	0.8051	0.0753	0.6989	36.8947	0.3206	1120.0000	422.0000	0.3768	1122.0000
42	0.4965	0.8215	0.5791	0.8096	0.0776	0.6909	37.0526	0.3232	1130.0000	423.0000	0.3743	1132.0000
43	0.4623	0.8254	0.5805	0.8000	0.0784	0.6912	36.7895	0.3237	1138.0000	430.0000	0.3779	1140.0000
44	0.4818	0.8189	0.5765	0.8040	0.0751	0.7087	37.1053	0.3262	1153.0000	419.0000	0.3634	1155.0000
45	0.4682	0.8268	0.5804	0.7869	0.0780	0.6919	36.8947	0.3413	1156.0000	442.0000	0.3824	1158.0000
46	0.4847	0.8205	0.5775	0.7920	0.0762	0.7178	36.9474	0.3132	1153.0000	411.0000	0.3565	1155.0000
47	0.4692	0.8215	0.5772	0.7844	0.0753	0.6920	37.0526	0.3347	1180.0000	436.0000	0.3695	1182.0000
48	0.4826	0.8194	0.5778	0.7929	0.0749	0.6953	37.1579	0.3195	1167.0000	426.0000	0.3650	1169.0000
49	0.4779	0.8194	0.5787	0.7940	0.0760	0.6988	37.0526	0.3268	1152.0000	421.0000	0.3655	1154.0000
50	0.5076	0.8261	0.5791	0.8047	0.0798	0.7058	37.0526	0.3059	1150.0000	412.0000	0.3583	1152.0000
51	0.4774	0.8219	0.5791	0.8011	0.0751	0.6955	37.0526	0.3361	1137.0000	432.0000	0.3799	1139.0000
52	0.4775	0.8238	0.5800	0.7965	0.0740	0.7025	37.0000	0.3355	1156.0000	426.0000	0.3685	1158.0000
53	0.4819	0.8168	0.5786	0.7829	0.0722	0.6953	37.1579	0.3314	1174.0000	435.0000	0.3705	1176.0000
54	0.4569	0.8203	0.5763	0.7896	0.0741	0.6969	37.1579	0.3354	1161.0000	422.0000	0.3635	1163.0000
55	0.4816	0.8196	0.5815	0.7974	0.0758	0.6866	37.0000	0.3394	1133.0000	432.0000	0.3813	1135.0000
56	0.4794	0.8294	0.5813	0.8094	0.0763	0.6931	37.0526	0.3350	1125.0000	439.0000	0.3902	1127.0000
57	0.4782	0.8254	0.5827	0.7871	0.0753	0.7024	37.1053	0.3185	1165.0000	430.0000	0.3691	1167.0000
58	0.4576	0.8212	0.5785	0.7915	0.0761	0.6929	36.8947	0.3353	1155.0000	431.0000	0.3732	1157.0000
59	0.4850	0.8257	0.5813	0.8068	0.0768	0.6927	37.1579	0.3281	1129.0000	432.0000	0.3826	1131.0000
60	0.4986	0.8212	0.5826	0.8074	0.0752	0.6958	37.0000	0.3162	1135.0000	424.0000	0.3736	1137.0000
61	0.4858	0.8240	0.5805	0.7909	0.0767	0.6926	37.1053	0.3206	1159.0000	427.0000	0.3684	1161.0000
62	0.4739	0.8252	0.5804	0.7952	0.0759	0.6890	36.8947	0.3340	1148.0000	434.0000	0.3780	1150.0000
63	0.4888	0.8212	0.5794	0.8032	0.0745	0.7114	37.0526	0.3093	1159.0000	419.0000	0.3615	1161.0000
64	0.4868	0.8247	0.5813	0.8077	0.0759	0.6868	37.0526	0.3368	1149.0000	434.0000	0.3777	1151.0000
65	0.4884	0.8196	0.5763	0.7887	0.0773	0.6938	37.0000	0.3180	1165.0000	427.0000	0.3665	1167.0000
66	0.4826	0.8231	0.5793	0.8003	0.0771	0.7048	36.8421	0.3189	1154.0000	412.0000	0.3570	1156.0000
67	0.5008	0.8243	0.5801	0.7991	0.0777	0.6977	36.7895	0.3076	1153.0000	427.0000	0.3703	1155.0000
68	0.4831	0.8233	0.5823	0.8027	0.0738	0.6994	37.1053	0.3386	1150.0000	429.0000	0.3730	1152.0000
69	0.4997	0.8233	0.5840	0.7941	0.0778	0.7071	36.9474	0.3046	1147.0000	421.0000	0.3670	1149.0000
70	0.4804	0.8243	0.5822	0.7821	0.0743	0.6991	37.1053	0.3218	1181.0000	438.0000	0.3709	1183.0000
71	0.4776	0.8240	0.5821	0.8001	0.0761	0.6879	36.9474	0.3314	1123.0000	436.0000	0.3882	1125.0000
72	0.5026	0.8212	0.5778	0.8025	0.0746	0.7000	37.1053	0.3174	1131.0000	420.0000	0.3714	1133.0000
73	0.4752	0.8245	0.5798	0.8207	0.0765	0.7017	37.0000	0.3299	1138.0000	417.0000	0.3664	1140.0000
74	0.4864	0.8240	0.5834	0.7884	0.0761	0.6938	37.0000	0.3157	1186.0000	439.0000	0.3702	1188.0000
75	0.4915	0.8236	0.5776	0.7919	0.0763	0.6956	37.0000	0.3076	1158.0000	428.0000	0.3696	1160.0000
76	0.4765	0.8247	0.5828	0.7979	0.0743	0.7028	37.1579	0.3153	1142.0000	430.0000	0.3765	1144.0000
77	0.4675	0.8173	0.5790	0.7999	0.0733	0.6945	37.0526	0.3428	1134.0000	429.0000	0.3783	1136.0000
78	0.4835	0.8264	0.5800	0.8016	0.0790	0.6998	37.0526	0.3242	1156.0000	432.0000	0.3737	1158.0000
79	0.4499	0.8215	0.5806	0.7963	0.0766	0.6957	36.9474	0.3361	1149.0000	429.0000	0.3734	1151.0000
80	0.4617	0.8182	0.5816	0.8037	0.0752	0.6870	36.8421	0.3247	1141.0000	422.0000	0.3699	1143.0000
81	0.4670	0.8192	0.5779	0.7943	0.0738	0.7048	37.1053	0.3300	1164.0000	418.0000	0.3591	1166.0000
82	0.4833	0.8252	0.5812	0.8027	0.0798	0.6942	37.1579	0.3130	1153.0000	428.0000	0.3712	1155.0000
83	0.4862	0.8245	0.5800	0.7878	0.0776	0.7062	36.9474	0.3111	1181.0000	423.0000	0.3582	1183.0000
84	0.4973	0.8233	0.5823	0.8006	0.0760	0.6909	37.0000	0.3245	1150.0000	431.0000	0.3748	1152.0000
85	0.4998	0.8199	0.5801	0.8067	0.0764	0.7046	37.0526	0.3149	1148.0000	423.0000	0.3685	1150.0000
86	0.4895	0.8203	0.5814	0.8031	0.0765	0.7027	36.8947	0.3018	1121.0000	421.0000	0.3756	1123.0000
87	0.4889	0.8175	0.5800	0.8079	0.0778	0.7013	37.1053	0.3091	1149.0000	421.0000	0.3664	1151.0000
88	0.4979	0.8259	0.5819	0.8054	0.0793	0.7002	37.0526	0.3130	1146.0000	424.0000	0.3700	1148.0000
89	0.4859	0.8201	0.5810	0.7937	0.0752	0.6949	37.1053	0.3275	1158.0000	433.0000	0.3739	1160.0000
90	0.4858	0.8205	0.5811	0.7998	0.0775	0.7040	36.7895	0.3220	1147.0000	417.0000	0.3636	1149.0000
91	0.4792	0.8250	0.5818	0.8064	0.0735	0.6914	37.1053	0.3294	1130.0000	428.0000	0.3788	1132.0000
92	0.4977	0.8196	0.5774	0.8005	0.0749	0.6922	37.0526	0.3269	1146.0000	432.0000	0.3770	1148.0000
93	0.4650	0.8254	0.5816	0.7976	0.0775	0.6925	37.0526	0.3397	1138.0000	434.0000	0.3814	1140.0000
94	0.4682	0.8261	0.5816	0.7971	0.0764	0.6963	37.0526	0.3182	1156.0000	432.0000	0.3737	1158.0000
95	0.4914	0.8238	0.5825	0.7978	0.0740	0.6848	37.1579	0.3275	1146.0000	445.0000	0.3883	1148.0000
96	0.4746	0.8229	0.5829	0.8012	0.0746	0.6876	37.1053	0.3393	1145.0000	429.0000	0.3747	1147.0000
97	0.5011	0.8247	0.5818	0.7993	0.0783	0.7103	36.8947	0.2947	1183.0000	417.0000	0.3525	1185.0000
98	0.4854	0.8285	0.5832	0.8070	0.0769	0.6944	36.9474	0.3052	1149.0000	427.0000	0.3716	1151.0000
99	0.4928	0.8196	0.5783	0.7856	0.0740	0.6841	37.0526	0.3305	1172.0000	439.0000	0.3746	1174.0000
100	0.4942	0.8219	0.5781	0.8067	0.0765	0.7001	37.0000	0.3104	1140.0000	436.0000	0.3825	1142.0000
101	0.4703	0.8243	0.5790	0.8084	0.0767	0.6941	37.0526	0.3327	1162.0000	425.0000	0.3657	1164.0000
102	0.4954	0.8224	0.5800	0.7916	0.0767	0.6938	37.0526	0.3209	1169.0000	434.0000	0.3713	1171.0000
103	0.4748	0.8210	0.5785	0.7896	0.0751	0.6899	36.8947	0.3332	1142.0000	438.0000	0.3835	1144.0000
104	0.4831	0.8233	0.5808	0.8024	0.0758	0.6860	37.1053	0.3238	1143.0000	429.0000	0.3753	1145.0000
105	0.4634	0.8257	0.5801	0.7901	0.0762	0.6974	36.9474	0.3380	1174.0000	431.0000	0.3671	1176.0000
106	0.4617	0.8208	0.5801	0.7983	0.0746	0.6946	37.0000	0.3466	1168.0000	432.0000	0.3699	1170.0000
107	0.4835	0.8257	0.5822	0.8071	0.0765	0.7032	37.1579	0.3277	1153.0000	429.0000	0.3721	1155.0000
108	0.5066	0.8219	0.5790	0.8015	0.0759	0.7035	37.0000	0.3097	1136.0000	423.0000	0.3724	1138.0000
109	0.4977	0.8231	0.5781	0.8014	0.0767	0.6960	37.0000	0.3164	1146.0000	432.0000	0.3770	1148.0000
110	0.5019	0.8203	0.5806	0.8043	0.0756	0.7019	36.8947	0.3006	1118.0000	419.0000	0.3748	1121.0000
111	0.5019	0.8215	0.5805	0.8038	0.0771	0.7011	37.2105	0.2987	1147.0000	420.0000	0.3662	1149.0000
112	0.4906	0.8257	0.5807	0.7990	0.0748	0.6928	36.9474	0.3189	1154.0000	429.0000	0.3718	1156.0000
113	0.4885	0.8261	0.5817	0.7951	0.0742	0.6895	37.0000	0.3346	1168.0000	435.0000	0.3724	1170.0000
114	0.4828	0.8254	0.5818	0.7898	0.0775	0.7071	36.8947	0.2940	1196.0000	415.0000	0.3470	1198.0000
115	0.4831	0.8217	0.5785	0.7999	0.0778	0.6875	37.0526	0.3283	1144.0000	431.0000	0.3767	1146.0000
116	0.4540	0.8217	0.5777	0.8030	0.0744	0.6877	37.0526	0.3398	1146.0000	429.0000	0.3743	1148.0000
117	0.4830	0.8226	0.5807	0.7974	0.0765	0.6889	37.0526	0.3289	1132.0000	429.0000	0.3790	1134.0000
118	0.4681	0.8287	0.5836	0.7957	0.0772	0.6937	36.8947	0.3256	1156.0000	430.0000	0.3720	1158.0000
119	0.4986	0.8173	0.5789	0.8123	0.0747	0.7054	36.8947	0.3127	1135.0000	412.0000	0.3630	1137.0000
120	0.4843	0.8261	0.5809	0.7999	0.0766	0.6948	37.0526	0.3244	1139.0000	435.0000	0.3819	1141.0000
121	0.4839	0.8208	0.5807	0.7984	0.0725	0.6997	37.0526	0.3357	1160.0000	428.0000	0.3690	1162.0000
122	0.4771	0.8178	0.5772	0.8043	0.0759	0.6860	37.0526	0.3518	1129.0000	429.0000	0.3800	1131.0000
123	0.4824	0.8199	0.5793	0.7954	0.0748	0.6954	37.1579	0.3224	1181.0000	425.0000	0.3599	1183.0000
124	0.4773	0.8233	0.5817	0.7925	0.0743	0.6970	37.0526	0.3265	1158.0000	428.0000	0.3696	1160.0000
125	0.4869	0.8199	0.5805	0.7971	0.0761	0.6999	36.8421	0.3230	1146.0000	428.0000	0.3735	1148.0000
126	0.4687	0.8194	0.5783	0.7998	0.0727	0.6969	36.9474	0.3266	1163.0000	432.0000	0.3715	1165.0000
127	0.4805	0.8210	0.5824	0.7951	0.0745	0.6999	37.1579	0.3303	1137.0000	428.0000	0.3764	1139.0000
128	0.4929	0.8275	0.5824	0.7958	0.0758	0.6967	36.7895	0.3176	1138.0000	436.0000	0.3831	1140.0000
129	0.4698	0.8275	0.5797	0.7907	0.0750	0.6923	37.2632	0.3299	1160.0000	433.0000	0.3733	1162.0000
130	0.4863	0.8201	0.5763	0.7963	0.0752	0.7010	36.9474	0.3248	1134.0000	416.0000	0.3668	1136.0000
131	0.4969	0.8215	0.5802	0.8018	0.0752	0.6945	37.0000	0.3217	1120.0000	423.0000	0.3777	1122.0000
132	0.5070	0.8212	0.5805	0.8027	0.0773	0.6908	36.9474	0.3170	1144.0000	427.0000	0.3733	1146.0000
133	0.4646	0.8282	0.5816	0.7899	0.0744	0.6877	37.0526	0.3511	1179.0000	445.0000	0.3774	1181.0000
134	0.4847	0.8222	0.5799	0.8027	0.0773	0.6922	37.2105	0.3274	1150.0000	428.0000	0.3722	1152.0000
135	0.4965	0.8289	0.5808	0.8136	0.0771	0.7009	36.8947	0.3065	1142.0000	421.0000	0.3687	1144.0000
136	0.4854	0.8219	0.5773	0.7999	0.0773	0.7017	36.8947	0.3165	1163.0000	418.0000	0.3594	1165.0000
137	0.4711	0.8217	0.5793	0.7904	0.0743	0.6979	36.8947	0.3436	1165.0000	434.0000	0.3725	1167.0000
138	0.4597	0.8301	0.5860	0.7960	0.0775	0.6869	36.8421	0.3417	1169.0000	442.0000	0.3781	1171.0000
139	0.4901	0.8243	0.5812	0.8051	0.0780	0.7038	36.9474	0.3140	1146.0000	427.0000	0.3726	1148.0000
140	0.4609	0.8224	0.5813	0.7972	0.0767	0.6966	36.8421	0.3265	1133.0000	429.0000	0.3786	1135.0000
141	0.4630	0.8261	0.5814	0.8092	0.0753	0.6763	37.0526	0.3471	1124.0000	438.0000	0.3897	1126.0000
142	0.4816	0.8178	0.5811	0.7955	0.0752	0.6926	37.1053	0.3231	1132.0000	426.0000	0.3763	1134.0000
143	0.4981	0.8205	0.5815	0.7865	0.0767	0.7054	37.1053	0.3095	1166.0000	416.0000	0.3568	1168.0000
144	0.4626	0.8180	0.5802	0.7988	0.0733	0.6912	36.8947	0.3452	1152.0000	431.0000	0.3741	1154.0000
145	0.4851	0.8254	0.5800	0.7965	0.0763	0.6864	36.9474	0.3156	1167.0000	434.0000	0.3719	1169.0000
146	0.4754	0.8252	0.5828	0.7869	0.0780	0.6843	37.0526	0.3330	1156.0000	440.0000	0.3806	1158.0000
147	0.5063	0.8231	0.5810	0.7985	0.0770	0.6978	37.0526	0.3024	1159.0000	426.0000	0.3676	1161.0000
148	0.4642	0.8210	0.5823	0.8041	0.0775	0.6940	37.2105	0.3261	1137.0000	427.0000	0.3755	1139.0000
149	0.4770	0.8268	0.5835	0.7990	0.0777	0.6851	37.1053	0.3200	1151.0000	441.0000	0.3831	1153.0000
150	0.4937	0.8212	0.5793	0.7966	0.0761	0.7023	37.1053	0.3079	1157.0000	420.0000	0.3630	1159.0000
151	0.4881	0.8254	0.5801	0.7892	0.0762	0.7079	37.1579	0.3170	1164.0000	423.0000	0.3634	1166.0000
152	0.4920	0.8240	0.5786	0.8095	0.0778	0.7140	37.2632	0.3049	1144.0000	415.0000	0.3628	1146.0000
153	0.4792	0.8319	0.5812	0.7957	0.0772	0.6990	37.1579	0.3209	1154.0000	431.0000	0.3735	1156.0000
154	0.4685	0.8222	0.5828	0.8015	0.0748	0.6913	37.1053	0.3538	1144.0000	433.0000	0.3785	1146.0000
155	0.4892	0.8236	0.5780	0.7956	0.0748	0.7004	36.9474	0.3193	1159.0000	430.0000	0.3710	1161.0000
156	0.4865	0.8224	0.5809	0.7979	0.0733	0.7003	36.8947	0.3259	1165.0000	427.0000	0.3665	1167.0000
157	0.4727	0.8240	0.5828	0.7937	0.0733	0.6824	36.9474	0.3459	1144.0000	439.0000	0.3837	1146.0000
158	0.4713	0.8222	0.5792	0.8039	0.0763	0.6931	37.0000	0.3364	1155.0000	427.0000	0.3697	1157.0000
159	0.4793	0.8233	0.5817	0.8044	0.0752	0.6936	37.0526	0.3258	1119.0000	430.0000	0.3843	1121.0000
160	0.4819	0.8196	0.5767	0.8041	0.0751	0.6925	37.1579	0.3255	1146.0000	423.0000	0.3691	1148.0000
161	0.4914	0.8210	0.5810	0.7941	0.0771	0.7086	36.9474	0.3229	1166.0000	415.0000	0.3559	1168.0000
162	0.4707	0.8210	0.5831	0.8074	0.0742	0.6927	37.0000	0.3300	1163.0000	421.0000	0.3620	1166.0000
163	0.4878	0.8208	0.5739	0.7976	0.0742	0.6955	36.8947	0.3196	1136.0000	427.0000	0.3759	1138.0000
164	0.4781	0.8226	0.5809	0.8007	0.0790	0.7104	37.0526	0.3055	1137.0000	407.0000	0.3580	1139.0000
165	0.4742	0.8252	0.5811	0.7983	0.0757	0.6995	37.0000	0.3251	1137.0000	431.0000	0.3791	1139.0000
166	0.4765	0.8210	0.5773	0.7923	0.0746	0.7001	36.9474	0.3105	1164.0000	424.0000	0.3643	1166.0000
167	0.4829	0.8205	0.5770	0.7926	0.0724	0.7032	37.0526	0.3256	1144.0000	421.0000	0.3680	1146.0000
168	0.4851	0.8236	0.5837	0.8025	0.0742	0.6890	37.0526	0.3201	1135.0000	433.0000	0.3815	1137.0000
169	0.4774	0.8268	0.5810	0.8051	0.0757	0.6823	37.0000	0.3324	1138.0000	440.0000	0.3866	1140.0000
170	0.4808	0.8285	0.5800	0.7835	0.0756	0.6920	37.1053	0.3332	1178.0000	436.0000	0.3701	1180.0000
171	0.4866	0.8236	0.5820	0.7898	0.0746	0.6919	37.0526	0.3339	1163.0000	438.0000	0.3766	1165.0000
172	0.5001	0.8219	0.5815	0.8057	0.0756	0.7002	37.0526	0.3124	1142.0000	426.0000	0.3730	1144.0000
173	0.4952	0.8275	0.5801	0.7966	0.0783	0.6866	37.1053	0.3211	1154.0000	441.0000	0.3821	1156.0000
174	0.4874	0.8231	0.5774	0.7978	0.0761	0.6856	37.1053	0.3262	1132.0000	429.0000	0.3790	1134.0000
175	0.4732	0.8222	0.5799	0.7984	0.0747	0.6928	37.1579	0.3367	1150.0000	431.0000	0.3748	1152.0000
176	0.4945	0.8243	0.5794	0.7939	0.0775	0.7014	37.0526	0.3083	1158.0000	429.0000	0.3705	1160.0000
177	0.4694	0.8212	0.5792	0.8005	0.0756	0.6892	37.1053	0.3405	1149.0000	429.0000	0.3734	1151.0000
178	0.4901	0.8231	0.5802	0.7925	0.0765	0.7085	37.0000	0.3064	1154.0000	415.0000	0.3596	1156.0000
179	0.4842	0.8264	0.5815	0.7952	0.0780	0.7084	36.9474	0.3111	1153.0000	425.0000	0.3686	1155.0000
180	0.4871	0.8261	0.5836	0.8123	0.0761	0.6862	37.1053	0.3332	1129.0000	433.0000	0.3835	1131.0000
181	0.4711	0.8212	0.5773	0.7987	0.0744	0.6901	36.8947	0.3400	1140.0000	433.0000	0.3798	1142.0000
182	0.4821	0.8199	0.5793	0.8050	0.0761	0.6984	37.0000	0.3272	1105.0000	426.0000	0.3855	1107.0000
183	0.4789	0.8224	0.5830	0.8023	0.0749	0.6912	37.1579	0.3392	1152.0000	430.0000	0.3733	1154.0000
184	0.4860	0.8236	0.5822	0.7935	0.0723	0.6828	37.1053	0.3420	1145.0000	448.0000	0.3913	1147.0000
185	0.4887	0.8224	0.5800	0.8080	0.0794	0.6951	37.0526	0.3112	1153.0000	426.0000	0.3695	1155.0000
186	0.4895	0.8247	0.5798	0.7906	0.0747	0.7007	37.0000	0.3277	1157.0000	433.0000	0.3742	1159.0000
187	0.4809	0.8266	0.5797	0.8024	0.0768	0.6921	37.0526	0.3277	1147.0000	441.0000	0.3845	1149.0000
188	0.4768	0.8185	0.5777	0.7955	0.0731	0.6956	36.8947	0.3267	1140.0000	432.0000	0.3789	1142.0000
189	0.5027	0.8271	0.5845	0.8045	0.0753	0.6984	37.1053	0.3202	1178.0000	428.0000	0.3633	1180.0000
190	0.4817	0.8229	0.5782	0.7890	0.0760	0.7040	37.1053	0.3166	1169.0000	427.0000	0.3653	1171.0000
191	0.4927	0.8205	0.5797	0.7947	0.0737	0.7086	37.0000	0.3139	1172.0000	424.0000	0.3618	1174.0000
192	0.4782	0.8208	0.5814	0.7936	0.0753	0.6842	36.8947	0.3231	1135.0000	432.0000	0.3806	1138.0000
193	0.4816	0.8203	0.5808	0.7888	0.0742	0.6937	37.0526	0.3118	1171.0000	430.0000	0.3672	1173.0000
194	0.4782	0.8236	0.5805	0.7937	0.0737	0.6954	37.0000	0.3312	1183.0000	439.0000	0.3711	1185.0000
195	0.4583	0.8259	0.5798	0.8022	0.0786	0.6923	36.9474	0.3363	1136.0000	433.0000	0.3812	1138.0000
196	0.4790	0.8168	0.5791	0.7969	0.0743	0.6898	37.1053	0.3249	1158.0000	430.0000	0.3713	1160.0000
197	0.4949	0.8224	0.5805	0.7898	0.0761	0.7046	36.7895	0.3055	1134.0000	425.0000	0.3748	1136.0000
198	0.4757	0.8240	0.5838	0.8065	0.0752	0.6746	37.0526	0.3314	1137.0000	448.0000	0.3940	1139.0000
199	0.4841	0.8210	0.5794	0.7997	0.0772	0.6972	36.9474	0.3250	1138.0000	426.0000	0.3743	1140.0000
200	0.4812	0.8236	0.5802	0.7965	0.0758	0.6896	36.9474	0.3321	1135.0000	434.0000	0.3824	1137.0000
201	0.4603	0.8219	0.5799	0.7903	0.0729	0.6964	36.8947	0.3379	1166.0000	433.0000	0.3714	1168.0000
202	0.4874	0.8199	0.5810	0.8034	0.0750	0.7025	37.0526	0.3225	1140.0000	425.0000	0.3728	1142.0000
203	0.4707	0.8215	0.5795	0.7970	0.0751	0.6793	37.0526	0.3358	1136.0000	438.0000	0.3856	1138.0000
204	0.4746	0.8229	0.5825	0.7940	0.0752	0.6940	36.8947	0.3378	1158.0000	432.0000	0.3731	1160.0000
205	0.5033	0.8201	0.5781	0.7997	0.0761	0.7066	37.0526	0.3039	1120.0000	419.0000	0.3741	1122.0000
206	0.4693	0.8275	0.5805	0.7891	0.0781	0.7009	36.8421	0.3212	1155.0000	425.0000	0.3680	1157.0000
207	0.4867	0.8185	0.5793	0.7957	0.0752	0.6933	36.9474	0.3228	1111.0000	423.0000	0.3807	1113.0000
208	0.4749	0.8261	0.5827	0.7904	0.0759	0.6850	36.9474	0.3406	1165.0000	442.0000	0.3794	1167.0000
209	0.4583	0.8224	0.5805	0.7906	0.0765	0.6782	36.7895	0.3489	1149.0000	445.0000	0.3873	1151.0000
210	0.4777	0.8271	0.5781	0.8010	0.0782	0.7018	37.0000	0.3241	1133.0000	430.0000	0.3795	1135.0000
211	0.4980	0.8215	0.5782	0.7938	0.0762	0.6969	37.0526	0.3066	1146.0000	429.0000	0.3743	1148.0000
212	0.4831	0.8266	0.5815	0.7975	0.0754	0.6857	37.1579	0.3393	1132.0000	444.0000	0.3922	1134.0000
213	0.4831	0.8254	0.5811	0.7952	0.0782	0.6832	37.0000	0.3353	1151.0000	440.0000	0.3823	1153.0000
214	0.4849	0.8252	0.5830	0.7967	0.0741	0.6827	37.1579	0.3385	1148.0000	438.0000	0.3815	1150.0000
215	0.4829	0.8136	0.5775	0.7899	0.0742	0.6950	37.0526	0.3224	1160.0000	421.0000	0.3629	1162.0000
216	0.4739	0.8266	0.5816	0.7902	0.0754	0.6975	36.9474	0.3218	1185.0000	431.0000	0.3637	1187.0000
217	0.4789	0.8187	0.5785	0.7965	0.0734	0.6975	36.7368	0.3168	1139.0000	421.0000	0.3696	1141.0000
218	0.4615	0.8254	0.5812	0.7920	0.0747	0.6878	37.1579	0.3375	1158.0000	441.0000	0.3808	1160.0000
219	0.4719	0.8215	0.5800	0.7914	0.0749	0.6917	37.0000	0.3366	1160.0000	431.0000	0.3716	1162.0000
220	0.4776	0.8215	0.5817	0.7976	0.0761	0.6845	37.0526	0.3367	1138.0000	432.0000	0.3796	1140.0000
221	0.4955	0.8254	0.5810	0.7895	0.0746	0.6877	37.1053	0.3273	1156.0000	439.0000	0.3798	1158.0000
222	0.4907	0.8180	0.5786	0.8073	0.0763	0.6966	37.1053	0.3138	1172.0000	425.0000	0.3626	1175.0000
223	0.4780	0.8231	0.5808	0.7961	0.0769	0.6957	37.1053	0.3213	1169.0000	427.0000	0.3653	1171.0000
224	0.4768	0.8243	0.5808	0.7984	0.0748	0.6971	37.2105	0.3390	1166.0000	437.0000	0.3748	1168.0000
225	0.4849	0.8266	0.5836	0.7942	0.0755	0.6868	37.0000	0.3238	1177.0000	446.0000	0.3789	1179.0000
226	0.4898	0.8240	0.5809	0.7943	0.0773	0.7016	36.8947	0.3076	1143.0000	426.0000	0.3727	1145.0000
227	0.4858	0.8201	0.5771	0.8081	0.0778	0.6952	37.1579	0.3243	1127.0000	417.0000	0.3700	1129.0000
228	0.5087	0.8236	0.5809	0.7940	0.0758	0.7027	36.9474	0.3139	1160.0000	427.0000	0.3681	1162.0000
229	0.4873	0.8222	0.5797	0.7885	0.0755	0.7076	37.0526	0.3063	1181.0000	420.0000	0.3556	1183.0000
230	0.4675	0.8217	0.5802	0.7944	0.0716	0.6865	37.0526	0.3353	1145.0000	434.0000	0.3790	1147.0000
231	0.5117	0.8210	0.5793	0.8040	0.0777	0.6926	37.1053	0.3099	1138.0000	426.0000	0.3743	1140.0000
232	0.4880	0.8266	0.5848	0.7966	0.0779	0.7034	37.1053	0.3107	1153.0000	427.0000	0.3703	1155.0000
233	0.4755	0.8257	0.5791	0.7978	0.0745	0.6999	37.1053	0.3285	1155.0000	430.0000	0.3723	1157.0000
234	0.4743	0.8266	0.5830	0.7961	0.0763	0.7003	37.1053	0.3265	1165.0000	436.0000	0.3742	1167.0000
235	0.4767	0.8194	0.5790	0.8075	0.0767	0.7053	36.9474	0.3240	1139.0000	415.0000	0.3644	1141.0000
236	0.4724	0.8285	0.5838	0.8037	0.0759	0.6922	37.1053	0.3249	1132.0000	440.0000	0.3887	1134.0000
237	0.4835	0.8238	0.5787	0.7964	0.0780	0.7023	37.0526	0.3278	1143.0000	425.0000	0.3718	1145.0000
238	0.4834	0.8219	0.5840	0.8054	0.0758	0.6985	37.0526	0.3238	1148.0000	427.0000	0.3720	1150.0000
239	0.4774	0.8219	0.5820	0.7936	0.0747	0.6954	36.9474	0.3208	1162.0000	435.0000	0.3744	1164.0000
240	0.4891	0.8178	0.5779	0.7991	0.0751	0.6961	37.0000	0.3181	1143.0000	430.0000	0.3762	1145.0000
241	0.4976	0.8215	0.5805	0.7958	0.0759	0.6922	37.2105	0.3149	1143.0000	428.0000	0.3745	1145.0000
242	0.4784	0.8298	0.5850	0.7961	0.0746	0.6982	36.9474	0.3192	1152.0000	432.0000	0.3750	1154.0000
243	0.4804	0.8219	0.5786	0.7978	0.0758	0.6867	37.1579	0.3351	1169.0000	437.0000	0.3738	1171.0000
244	0.4850	0.8238	0.5804	0.7971	0.0763	0.6961	36.9474	0.3296	1143.0000	430.0000	0.3762	1145.0000
245	0.4580	0.8224	0.5824	0.7974	0.0736	0.6956	37.0526	0.3288	1152.0000	433.0000	0.3759	1154.0000
246	0.4832	0.8212	0.5754	0.7989	0.0754	0.6903	37.1579	0.3257	1146.0000	426.0000	0.3717	1148.0000
247	0.4820	0.8238	0.5778	0.8007	0.0731	0.6860	37.0000	0.3351	1109.0000	429.0000	0.3868	1111.0000
248	0.4814	0.8310	0.5840	0.7979	0.0778	0.6804	37.0000	0.3323	1151.0000	447.0000	0.3884	1153.0000
249	0.4866	0.8196	0.5786	0.8057	0.0764	0.6982	37.2105	0.3163	1139.0000	424.0000	0.3723	1141.0000
250	0.4802	0.8236	0.5829	0.8031	0.0735	0.6801	36.9474	0.3453	1130.0000	432.0000	0.3823	1132.0000
251	0.4800	0.8231	0.5805	0.7928	0.0759	0.6852	37.0526	0.3332	1154.0000	438.0000	0.3795	1156.0000
252	0.4914	0.8199	0.5814	0.8054	0.0753	0.6951	36.9474	0.3222	1139.0000	426.0000	0.3740	1141.0000
253	0.4828	0.8289	0.5809	0.7941	0.0762	0.6913	37.0526	0.3335	1153.0000	442.0000	0.3833	1155.0000
254	0.4671	0.8294	0.5841	0.8054	0.0759	0.6897	37.1053	0.3318	1144.0000	437.0000	0.3820	1146.0000
255	0.4857	0.8210	0.5797	0.7923	0.0739	0.6955	36.8947	0.3366	1137.0000	434.0000	0.3817	1139.0000
256	0.4969	0.8224	0.5831	0.7943	0.0772	0.6991	37.0000	0.3209	1174.0000	428.0000	0.3646	1176.0000
257	0.4887	0.8243	0.5820	0.8001	0.0760	0.6981	36.8421	0.3188	1161.0000	433.0000	0.3730	1163.0000
258	0.4757	0.8264	0.5820	0.8009	0.0755	0.6935	37.0000	0.3358	1150.0000	433.0000	0.3765	1152.0000
259	0.4848	0.8215	0.5804	0.8045	0.0763	0.6996	36.8421	0.3183	1154.0000	425.0000	0.3683	1156.0000
260	0.5023	0.8268	0.5836	0.8127	0.0793	0.7050	36.8421	0.2904	1143.0000	416.0000	0.3640	1145.0000
261	0.4865	0.8199	0.5783	0.8013	0.0744	0.6940	36.9474	0.3214	1150.0000	436.0000	0.3791	1152.0000
262	0.5012	0.8245	0.5787	0.7826	0.0752	0.6983	37.0526	0.3138	1170.0000	439.0000	0.3752	1172.0000
263	0.4599	0.8243	0.5820	0.7835	0.0766	0.6893	36.8947	0.3477	1173.0000	434.0000	0.3700	1175.0000
264	0.4753	0.8238	0.5801	0.7972	0.0742	0.6872	37.0526	0.3284	1142.0000	432.0000	0.3783	1144.0000
265	0.4828	0.8194	0.5791	0.7941	0.0745	0.6883	37.0526	0.3226	1135.0000	430.0000	0.3789	1137.0000
266	0.4702	0.8266	0.5806	0.8015	0.0735	0.6918	37.0000	0.3313	1135.0000	436.0000	0.3841	1137.0000
267	0.4899	0.8252	0.5804	0.7973	0.0752	0.6985	37.1053	0.3178	1140.0000	428.0000	0.3754	1142.0000
268	0.4882	0.8245	0.5795	0.7964	0.0765	0.6983	36.9474	0.3070	1140.0000	430.0000	0.3772	1142.0000
269	0.4723	0.8201	0.5777	0.8042	0.0775	0.7015	36.9474	0.3244	1167.0000	417.0000	0.3573	1169.0000
270	0.4768	0.8222	0.5799	0.7875	0.0736	0.6982	37.0526	0.3351	1158.0000	437.0000	0.3774	1160.0000
271	0.4792	0.8245	0.5829	0.7927	0.0760	0.6940	36.8421	0.3262	1159.0000	435.0000	0.3753	1161.0000
272	0.4842	0.8203	0.5766	0.7847	0.0757	0.7147	37.1053	0.3205	1161.0000	418.0000	0.3600	1163.0000
273	0.4811	0.8229	0.5824	0.7980	0.0753	0.7001	37.0000	0.3309	1165.0000	427.0000	0.3665	1167.0000
274	0.4961	0.8240	0.5834	0.7910	0.0741	0.6987	37.0526	0.3293	1163.0000	434.0000	0.3732	1165.0000
275	0.4733	0.8203	0.5768	0.7836	0.0760	0.6977	37.0526	0.3119	1139.0000	429.0000	0.3766	1141.0000
276	0.4707	0.8189	0.5752	0.7938	0.0777	0.6910	37.1579	0.3251	1140.0000	430.0000	0.3772	1142.0000
277	0.4625	0.8266	0.5821	0.8013	0.0778	0.6870	36.8421	0.3444	1132.0000	438.0000	0.3869	1134.0000
278	0.4708	0.8196	0.5824	0.8029	0.0716	0.6857	37.2632	0.3563	1156.0000	436.0000	0.3772	1158.0000
279	0.4878	0.8245	0.5806	0.7999	0.0750	0.6911	37.0000	0.3341	1147.0000	441.0000	0.3845	1149.0000
280	0.4991	0.8303	0.5843	0.8063	0.0775	0.7117	36.8947	0.2956	1139.0000	424.0000	0.3723	1141.0000
281	0.4730	0.8322	0.5853	0.7937	0.0759	0.6885	36.9474	0.3473	1146.0000	443.0000	0.3866	1148.0000
282	0.4794	0.8278	0.5817	0.8000	0.0771	0.6977	37.0000	0.3103	1170.0000	432.0000	0.3692	1172.0000
283	0.4666	0.8189	0.5811	0.8085	0.0749	0.6849	37.1579	0.3354	1106.0000	437.0000	0.3951	1108.0000
284	0.5060	0.8189	0.5822	0.8058	0.0754	0.7051	37.0000	0.3077	1156.0000	412.0000	0.3564	1158.0000
285	0.4900	0.8189	0.5780	0.8048	0.0768	0.7033	37.1053	0.3149	1150.0000	416.0000	0.3617	1152.0000
286	0.4772	0.8166	0.5776	0.7922	0.0735	0.7023	37.0000	0.3301	1146.0000	418.0000	0.3647	1148.0000
287	0.4607	0.8205	0.5815	0.8064	0.0729	0.6840	36.9474	0.3507	1115.0000	437.0000	0.3919	1117.0000
288	0.4669	0.8210	0.5813	0.8161	0.0748	0.6888	36.9474	0.3213	1129.0000	424.0000	0.3756	1131.0000
289	0.4949	0.8257	0.5814	0.8011	0.0761	0.6921	37.0000	0.3298	1104.0000	430.0000	0.3895	1106.0000
290	0.4800	0.8238	0.5791	0.8010	0.0760	0.6968	37.2105	0.3346	1162.0000	434.0000	0.3735	1164.0000
291	0.4935	0.8229	0.5796	0.8028	0.0752	0.6952	37.0000	0.3106	1133.0000	425.0000	0.3751	1135.0000
292	0.4840	0.8166	0.5760	0.7813	0.0755	0.6930	37.0000	0.3316	1159.0000	427.0000	0.3684	1161.0000
293	0.4807	0.8215	0.5793	0.7976	0.0758	0.6967	37.0000	0.3162	1151.0000	421.0000	0.3658	1153.0000
294	0.4650	0.8271	0.5820	0.7954	0.0772	0.6936	36.9474	0.3387	1142.0000	431.0000	0.3774	1144.0000
295	0.4838	0.8210	0.5800	0.8074	0.0764	0.6994	36.7368	0.3250	1113.0000	425.0000	0.3819	1115.0000
296	0.4959	0.8205	0.5798	0.7974	0.0726	0.7061	36.8421	0.3077	1154.0000	423.0000	0.3666	1156.0000
297	0.4724	0.8226	0.5800	0.8049	0.0765	0.6986	37.2632	0.3246	1138.0000	430.0000	0.3779	1140.0000
298	0.4696	0.8210	0.5808	0.8065	0.0719	0.6746	37.0000	0.3594	1115.0000	442.0000	0.3964	1117.0000
299	0.4797	0.8252	0.5846	0.8020	0.0762	0.7029	37.0526	0.3115	1144.0000	425.0000	0.3715	1146.0000
300	0.4947	0.8224	0.5797	0.7975	0.0755	0.6981	37.1579	0.3296	1156.0000	424.0000	0.3668	1158.0000
301	0.4725	0.8245	0.5821	0.8038	0.0754	0.6938	37.1053	0.3284	1152.0000	432.0000	0.3750	1154.0000
302	0.4862	0.8185	0.5783	0.7888	0.0737	0.6987	37.1579	0.3236	1149.0000	438.0000	0.3812	1151.0000
303	0.4709	0.8259	0.5820	0.7969	0.0733	0.6871	37.0526	0.3345	1156.0000	443.0000	0.3832	1158.0000
304	0.4954	0.8180	0.5780	0.7947	0.0733	0.6813	36.7895	0.3305	1136.0000	435.0000	0.3829	1138.0000
305	0.4715	0.8226	0.5817	0.7905	0.0743	0.6920	37.0526	0.3414	1128.0000	428.0000	0.3794	1130.0000
306	0.4789	0.8229	0.5808	0.7963	0.0746	0.7015	36.8421	0.3217	1140.0000	430.0000	0.3772	1142.0000
307	0.4850	0.8243	0.5801	0.7927	0.0780	0.6889	37.0526	0.3247	1157.0000	432.0000	0.3734	1159.0000
308	0.4927	0.8219	0.5788	0.7942	0.0775	0.7094	36.7895	0.3025	1173.0000	423.0000	0.3606	1175.0000
309	0.4767	0.8208	0.5798	0.7934	0.0745	0.6905	37.1579	0.3342	1152.0000	436.0000	0.3785	1154.0000
310	0.4718	0.8187	0.5791	0.7989	0.0744	0.6827	37.2105	0.3413	1112.0000	429.0000	0.3858	1114.0000
311	0.4751	0.8238	0.5813	0.8002	0.0786	0.6892	37.1053	0.3373	1140.0000	434.0000	0.3807	1142.0000
312	0.4758	0.8236	0.5785	0.8052	0.0766	0.6895	37.1053	0.3177	1146.0000	424.0000	0.3700	1148.0000
313	0.4855	0.8238	0.5807	0.7919	0.0752	0.6927	36.8947	0.3196	1182.0000	434.0000	0.3672	1184.0000
314	0.4803	0.8285	0.5826	0.7965	0.0762	0.6972	37.1579	0.3222	1149.0000	425.0000	0.3699	1151.0000
315	0.4870	0.8250	0.5804	0.7938	0.0775	0.7008	36.9474	0.3271	1150.0000	422.0000	0.3670	1152.0000
316	0.4781	0.8196	0.5792	0.7957	0.0758	0.6983	36.8947	0.3149	1168.0000	425.0000	0.3639	1170.0000
317	0.4612	0.8280	0.5816	0.8054	0.0761	0.6729	37.0000	0.3625	1135.0000	448.0000	0.3947	1137.0000
318	0.4846	0.8236	0.5816	0.7988	0.0747	0.6960	37.1053	0.3268	1152.0000	426.0000	0.3698	1154.0000
319	0.4914	0.8285	0.5834	0.8010	0.0768	0.6969	36.9474	0.3122	1151.0000	431.0000	0.3745	1153.0000
320	0.4779	0.8264	0.5820	0.7925	0.0758	0.6913	37.0526	0.3299	1152.0000	434.0000	0.3767	1154.0000
321	0.4851	0.8196	0.5780	0.8086	0.0741	0.6926	37.0526	0.3221	1125.0000	428.0000	0.3804	1127.0000
322	0.4838	0.8236	0.5794	0.7996	0.0766	0.6900	36.9474	0.3171	1145.0000	434.0000	0.3790	1147.0000
323	0.4709	0.8231	0.5802	0.8015	0.0761	0.6929	37.0000	0.3460	1129.0000	433.0000	0.3835	1131.0000
324	0.4860	0.8210	0.5789	0.7911	0.0744	0.6984	36.8421	0.3259	1173.0000	428.0000	0.3649	1175.0000
325	0.4869	0.8229	0.5801	0.7959	0.0771	0.7003	36.7895	0.3057	1151.0000	427.0000	0.3710	1153.0000
326	0.4634	0.8212	0.5787	0.7949	0.0755	0.6801	37.0526	0.3395	1124.0000	440.0000	0.3915	1126.0000
327	0.4924	0.8217	0.5828	0.8024	0.0772	0.6948	36.9474	0.3251	1157.0000	427.0000	0.3691	1159.0000
328	0.4900	0.8168	0.5809	0.8050	0.0773	0.7067	37.1053	0.3042	1146.0000	414.0000	0.3613	1148.0000
329	0.4794	0.8275	0.5831	0.8046	0.0784	0.6805	37.0526	0.3359	1153.0000	441.0000	0.3825	1155.0000
330	0.4820	0.8212	0.5809	0.8009	0.0748	0.7033	36.8421	0.3187	1191.0000	428.0000	0.3594	1193.0000
331	0.4720	0.8243	0.5797	0.7959	0.0758	0.6982	36.7895	0.3389	1142.0000	431.0000	0.3774	1144.0000
332	0.4529	0.8271	0.5826	0.7967	0.0769	0.6960	37.0000	0.3374	1132.0000	437.0000	0.3860	1134.0000
333	0.4801	0.8208	0.5802	0.8008	0.0756	0.6860	36.8947	0.3387	1099.0000	424.0000	0.3858	1101.0000
334	0.4743	0.8287	0.5827	0.7964	0.0768	0.6925	37.0000	0.3219	1152.0000	439.0000	0.3811	1154.0000
335	0.4877	0.8205	0.5796	0.7980	0.0749	0.6995	37.1053	0.3239	1151.0000	437.0000	0.3797	1153.0000
336	0.4754	0.8201	0.5805	0.8076	0.0771	0.6886	37.1053	0.3355	1116.0000	428.0000	0.3835	1118.0000
337	0.4852	0.8229	0.5792	0.8037	0.0765	0.7074	37.1053	0.3097	1160.0000	417.0000	0.3595	1162.0000
338	0.4994	0.8226	0.5793	0.7915	0.0777	0.6937	37.0000	0.3132	1151.0000	435.0000	0.3779	1153.0000
339	0.4963	0.8247	0.5803	0.7873	0.0763	0.6954	37.0000	0.3207	1169.0000	432.0000	0.3695	1171.0000
340	0.4746	0.8250	0.5801	0.8012	0.0745	0.6830	36.9474	0.3404	1131.0000	441.0000	0.3899	1133.0000
341	0.4717	0.8219	0.5805	0.7928	0.0737	0.6872	37.0000	0.3471	1158.0000	444.0000	0.3834	1160.0000
342	0.4650	0.8212	0.5756	0.7946	0.0762	0.6838	37.0000	0.3219	1138.0000	434.0000	0.3814	1140.0000
343	0.4726	0.8178	0.5800	0.7908	0.0733	0.6930	37.1579	0.3296	1169.0000	424.0000	0.3627	1171.0000
344	0.4709	0.8280	0.5815	0.7876	0.0757	0.6923	37.0526	0.3345	1192.0000	442.0000	0.3708	1194.0000
345	0.4851	0.8233	0.5783	0.7810	0.0745	0.6886	37.1053	0.3395	1166.0000	443.0000	0.3799	1168.0000
346	0.4886	0.8224	0.5806	0.7980	0.0756	0.6945	36.8947	0.3172	1142.0000	422.0000	0.3695	1144.0000
347	0.4817	0.8205	0.5791	0.7998	0.0722	0.6860	37.0000	0.3398	1143.0000	437.0000	0.3823	1145.0000
348	0.4599	0.8219	0.5778	0.8003	0.0751	0.6802	36.8947	0.3176	1128.0000	430.0000	0.3812	1130.0000
349	0.4658	0.8257	0.5834	0.7992	0.0754	0.6889	37.0526	0.3399	1142.0000	438.0000	0.3835	1144.0000
350	0.4916	0.8194	0.5801	0.7971	0.0745	0.6926	36.8421	0.3216	1155.0000	430.0000	0.3723	1157.0000
351	0.4822	0.8296	0.5817	0.8074	0.0781	0.6997	36.8947	0.3213	1165.0000	435.0000	0.3734	1167.0000
352	0.4762	0.8289	0.5849	0.7991	0.0769	0.6883	37.0000	0.3418	1147.0000	440.0000	0.3836	1149.0000
353	0.4765	0.8226	0.5811	0.7914	0.0764	0.6928	36.8947	0.3264	1164.0000	438.0000	0.3763	1166.0000
354	0.4933	0.8236	0.5791	0.8031	0.0758	0.7027	37.0526	0.3148	1148.0000	425.0000	0.3702	1150.0000
355	0.4705	0.8257	0.5853	0.8003	0.0733	0.6795	36.8947	0.3544	1138.0000	438.0000	0.3849	1140.0000
356	0.4751	0.8291	0.5815	0.8093	0.0768	0.6905	37.1053	0.3249	1147.0000	432.0000	0.3766	1149.0000
357	0.5018	0.8259	0.5832	0.8040	0.0764	0.6995	37.1053	0.3094	1154.0000	429.0000	0.3718	1156.0000
358	0.4729	0.8259	0.5821	0.7970	0.0783	0.6841	36.8421	0.3288	1162.0000	438.0000	0.3769	1164.0000
359	0.4896	0.8205	0.5798	0.7968	0.0750	0.7094	36.9474	0.3133	1162.0000	418.0000	0.3597	1164.0000
360	0.4854	0.8261	0.5847	0.8106	0.0752	0.6995	37.1053	0.3203	1150.0000	430.0000	0.3739	1152.0000
361	0.4686	0.8210	0.5786	0.7939	0.0755	0.7011	36.8421	0.3229	1171.0000	417.0000	0.3561	1173.0000
362	0.4870	0.8224	0.5800	0.7984	0.0769	0.7019	37.0526	0.3214	1164.0000	421.0000	0.3617	1166.0000
363	0.4853	0.8229	0.5799	0.7929	0.0754	0.7000	37.0526	0.3258	1158.0000	425.0000	0.3670	1160.0000
364	0.4767	0.8208	0.5797	0.7854	0.0748	0.6924	36.9474	0.3348	1172.0000	440.0000	0.3754	1174.0000
365	0.4768	0.8229	0.5803	0.7879	0.0758	0.6997	36.8947	0.3200	1171.0000	423.0000	0.3612	1173.0000
366	0.4948	0.8182	0.5782	0.8030	0.0752	0.6951	37.0000	0.3106	1145.0000	422.0000	0.3686	1147.0000
367	0.5036	0.8264	0.5809	0.8002	0.0755	0.6977	37.1579	0.3124	1150.0000	422.0000	0.3670	1152.0000
368	0.4635	0.8264	0.5814	0.8024	0.0784	0.6905	37.2105	0.3265	1129.0000	430.0000	0.3809	1131.0000
369	0.4947	0.8203	0.5762	0.7856	0.0747	0.7013	37.0526	0.3286	1170.0000	433.0000	0.3701	1172.0000
370	0.4995	0.8219	0.5773	0.8008	0.0757	0.7020	37.0526	0.2998	1145.0000	421.0000	0.3677	1147.0000
371	0.4865	0.8210	0.5783	0.8007	0.0777	0.6909	37.0526	0.3216	1138.0000	426.0000	0.3743	1140.0000
372	0.4862	0.8259	0.5798	0.8079	0.0754	0.6909	37.0000	0.3191	1149.0000	433.0000	0.3768	1151.0000
373	0.4858	0.8243	0.5789	0.8041	0.0760	0.6922	36.9474	0.3141	1122.0000	429.0000	0.3824	1124.0000
374	0.4711	0.8257	0.5815	0.7975	0.0795	0.7017	36.8947	0.3068	1152.0000	422.0000	0.3663	1154.0000
375	0.4724	0.8236	0.5819	0.7922	0.0747	0.6864	36.9474	0.3432	1166.0000	441.0000	0.3782	1168.0000
376	0.4861	0.8233	0.5799	0.8001	0.0775	0.6996	37.0000	0.3244	1138.0000	426.0000	0.3743	1140.0000
377	0.4823	0.8224	0.5782	0.8061	0.0767	0.7051	37.0526	0.3176	1139.0000	423.0000	0.3714	1141.0000
378	0.4573	0.8289	0.5819	0.8055	0.0748	0.6801	37.1579	0.3539	1127.0000	443.0000	0.3931	1129.0000
379	0.4911	0.8215	0.5803	0.7960	0.0774	0.6945	36.8421	0.3128	1148.0000	419.0000	0.3650	1150.0000
380	0.4735	0.8254	0.5827	0.7897	0.0743	0.6885	37.0000	0.3532	1166.0000	447.0000	0.3834	1168.0000
381	0.5029	0.8192	0.5796	0.7969	0.0735	0.7022	37.1579	0.3182	1140.0000	432.0000	0.3789	1142.0000
382	0.4766	0.8240	0.5828	0.8125	0.0739	0.6835	37.0526	0.3467	1131.0000	444.0000	0.3926	1133.0000
383	0.4857	0.8236	0.5835	0.7949	0.0762	0.6931	37.0526	0.3206	1133.0000	430.0000	0.3795	1135.0000
384	0.4744	0.8212	0.5801	0.7931	0.0737	0.6908	36.8421	0.3296	1150.0000	438.0000	0.3809	1152.0000
385	0.4961	0.8252	0.5834	0.8130	0.0783	0.7045	36.8421	0.3004	1158.0000	418.0000	0.3610	1160.0000
386	0.4866	0.8273	0.5816	0.7991	0.0769	0.6922	36.7895	0.3168	1142.0000	434.0000	0.3800	1144.0000
387	0.4881	0.8250	0.5818	0.7917	0.0770	0.6946	37.0000	0.3176	1183.0000	431.0000	0.3643	1185.0000
388	0.4781	0.8203	0.5792	0.7940	0.0734	0.6867	37.1053	0.3140	1155.0000	434.0000	0.3758	1157.0000
389	0.4735	0.8219	0.5808	0.8035	0.0759	0.6886	36.9474	0.3316	1146.0000	428.0000	0.3735	1148.0000
390	0.4856	0.8233	0.5813	0.8066	0.0754	0.6966	37.0526	0.3342	1115.0000	424.0000	0.3803	1117.0000
391	0.4891	0.8236	0.5810	0.7946	0.0753	0.7033	36.7895	0.3136	1166.0000	420.0000	0.3602	1169.0000
392	0.4719	0.8236	0.5815	0.8059	0.0762	0.6953	37.0000	0.3304	1134.0000	428.0000	0.3774	1136.0000
393	0.5051	0.8264	0.5806	0.8019	0.0779	0.6999	36.9474	0.3058	1156.0000	427.0000	0.3694	1158.0000
394	0.4832	0.8222	0.5794	0.7870	0.0717	0.6876	36.8947	0.3377	1160.0000	442.0000	0.3810	1162.0000
395	0.4847	0.8252	0.5826	0.8078	0.0767	0.6932	36.8947	0.3251	1128.0000	431.0000	0.3821	1130.0000
396	0.4667	0.8238	0.5818	0.7915	0.0746	0.6876	37.1053	0.3336	1151.0000	442.0000	0.3840	1153.0000
397	0.4808	0.8196	0.5806	0.7886	0.0745	0.7043	36.9474	0.3112	1169.0000	417.0000	0.3567	1171.0000
398	0.4828	0.8278	0.5819	0.8015	0.0772	0.6989	37.0000	0.3221	1152.0000	429.0000	0.3724	1154.0000
399	0.4830	0.8282	0.5863	0.8051	0.0757	0.6892	36.9474	0.3267	1157.0000	432.0000	0.3734	1159.0000
400	0.4654	0.8247	0.5831	0.8051	0.0754	0.6966	36.9474	0.3428	1138.0000	429.0000	0.3770	1140.0000
401	0.4733	0.8224	0.5806	0.7916	0.0752	0.6953	37.0526	0.3407	1156.0000	430.0000	0.3720	1158.0000
402	0.4787	0.8171	0.5795	0.8053	0.0735	0.6903	37.0526	0.3281	1138.0000	427.0000	0.3752	1140.0000
403	0.4668	0.8266	0.5813	0.8034	0.0767	0.6804	36.8947	0.3309	1145.0000	430.0000	0.3755	1147.0000
404	0.4707	0.8236	0.5805	0.7996	0.0759	0.6921	37.0000	0.3238	1140.0000	432.0000	0.3789	1142.0000
405	0.4658	0.8236	0.5816	0.7870	0.0743	0.6951	37.0000	0.3266	1159.0000	429.0000	0.3701	1161.0000
406	0.4849	0.8240	0.5815	0.8033	0.0721	0.6944	37.0000	0.3262	1148.0000	440.0000	0.3833	1150.0000
407	0.4905	0.8217	0.5791	0.8112	0.0750	0.6949	37.0000	0.3129	1144.0000	423.0000	0.3698	1146.0000
408	0.4722	0.8264	0.5822	0.7887	0.0765	0.6725	37.0000	0.3348	1158.0000	441.0000	0.3808	1160.0000
409	0.4718	0.8224	0.5812	0.7999	0.0750	0.6881	37.0000	0.3433	1145.0000	437.0000	0.3817	1147.0000
410	0.4812	0.8196	0.5778	0.8013	0.0768	0.6930	37.1053	0.3142	1144.0000	424.0000	0.3706	1146.0000
411	0.4817	0.8205	0.5771	0.7977	0.0745	0.6894	37.0526	0.3310	1114.0000	430.0000	0.3860	1116.0000
412	0.4739	0.8171	0.5775	0.8010	0.0732	0.6927	37.0526	0.3415	1147.0000	427.0000	0.3723	1149.0000
413	0.4902	0.8229	0.5795	0.7868	0.0750	0.6975	36.9474	0.3213	1179.0000	422.0000	0.3579	1181.0000
414	0.4661	0.8217	0.5784	0.7799	0.0724	0.6764	36.8947	0.3458	1161.0000	451.0000	0.3885	1163.0000
415	0.4618	0.8180	0.5790	0.8062	0.0737	0.6782	37.0526	0.3557	1110.0000	428.0000	0.3856	1112.0000
416	0.4529	0.8210	0.5807	0.7930	0.0741	0.6907	37.0526	0.3508	1170.0000	436.0000	0.3726	1172.0000
417	0.4805	0.8222	0.5798	0.8073	0.0753	0.6941	37.0000	0.3195	1141.0000	429.0000	0.3760	1143.0000
418	0.4608	0.8194	0.5777	0.8054	0.0746	0.6908	37.0526	0.3460	1131.0000	425.0000	0.3758	1133.0000
419	0.4942	0.8222	0.5807	0.7835	0.0735	0.7060	37.1053	0.3117	1190.0000	422.0000	0.3546	1192.0000
420	0.4849	0.8203	0.5816	0.7941	0.0753	0.6987	36.7895	0.3191	1139.0000	426.0000	0.3740	1141.0000
421	0.4891	0.8273	0.5808	0.8004	0.0755	0.6957	37.0000	0.3079	1142.0000	426.0000	0.3730	1144.0000
422	0.5003	0.8261	0.5829	0.7987	0.0757	0.6956	36.9474	0.3222	1115.0000	429.0000	0.3848	1117.0000
423	0.4920	0.8215	0.5799	0.8136	0.0756	0.6965	36.9474	0.3225	1126.0000	419.0000	0.3721	1128.0000
424	0.4765	0.8222	0.5797	0.7991	0.0757	0.6993	37.0000	0.3409	1154.0000	427.0000	0.3700	1156.0000
425	0.5111	0.8217	0.5807	0.8141	0.0777	0.6875	36.8947	0.3115	1114.0000	427.0000	0.3833	1116.0000
426	0.4866	0.8199	0.5789	0.8073	0.0723	0.6959	37.0526	0.3269	1124.0000	428.0000	0.3808	1126.0000
427	0.4686	0.8217	0.5773	0.8005	0.0755	0.6922	37.0526	0.3310	1145.0000	435.0000	0.3799	1147.0000
428	0.4831	0.8285	0.5809	0.7896	0.0767	0.6965	36.8947	0.3172	1152.0000	432.0000	0.3750	1154.0000
429	0.4918	0.8240	0.5815	0.7943	0.0748	0.6937	36.9474	0.3191	1153.0000	426.0000	0.3695	1155.0000
430	0.4810	0.8240	0.5801	0.8064	0.0739	0.6935	37.0000	0.3288	1127.0000	427.0000	0.3789	1129.0000
431	0.4908	0.8233	0.5805	0.7963	0.0750	0.6963	36.8421	0.3325	1153.0000	438.0000	0.3799	1155.0000
432	0.4753	0.8208	0.5820	0.7981	0.0757	0.7016	36.8947	0.3217	1147.0000	426.0000	0.3714	1149.0000
433	0.4974	0.8231	0.5801	0.8097	0.0773	0.6931	36.9474	0.3046	1107.0000	416.0000	0.3758	1109.0000
434	0.4845	0.8268	0.5816	0.7884	0.0738	0.6938	36.7368	0.3239	1159.0000	435.0000	0.3753	1161.0000
435	0.4819	0.8229	0.5789	0.8049	0.0770	0.6927	36.9474	0.3322	1128.0000	426.0000	0.3777	1130.0000
436	0.4724	0.8182	0.5800	0.7984	0.0737	0.6963	37.2105	0.3208	1143.0000	427.0000	0.3736	1145.0000
437	0.4945	0.8247	0.5814	0.7946	0.0768	0.7070	37.0000	0.3095	1153.0000	418.0000	0.3625	1156.0000
438	0.4667	0.8222	0.5818	0.7905	0.0717	0.6997	37.1053	0.3271	1153.0000	435.0000	0.3773	1155.0000
439	0.4867	0.8219	0.5789	0.7986	0.0747	0.6882	36.9474	0.3233	1142.0000	425.0000	0.3722	1144.0000
440	0.4736	0.8215	0.5779	0.8032	0.0761	0.7005	36.8947	0.3268	1154.0000	417.0000	0.3614	1156.0000
441	0.4727	0.8222	0.5822	0.8159	0.0770	0.6830	37.0526	0.3352	1113.0000	433.0000	0.3890	1115.0000
442	0.4717	0.8210	0.5817	0.7923	0.0745	0.6967	37.0526	0.3151	1171.0000	427.0000	0.3646	1173.0000
443	0.4628	0.8243	0.5841	0.7992	0.0754	0.6932	37.1053	0.3315	1155.0000	436.0000	0.3775	1157.0000
444	0.4758	0.8257	0.5818	0.8103	0.0747	0.6875	37.0000	0.3308	1133.0000	438.0000	0.3866	1135.0000
445	0.4847	0.8201	0.5817	0.7909	0.0753	0.6987	37.1053	0.3134	1149.0000	424.0000	0.3690	1151.0000
446	0.4927	0.8236	0.5792	0.7940	0.0751	0.6899	37.1579	0.3241	1142.0000	429.0000	0.3757	1144.0000
447	0.4791	0.8226	0.5803	0.8005	0.0760	0.6805	37.1579	0.3221	1129.0000	432.0000	0.3826	1131.0000
448	0.4674	0.8203	0.5792	0.8020	0.0734	0.6866	37.0000	0.3369	1131.0000	430.0000	0.3802	1133.0000
449	0.5113	0.8201	0.5807	0.8116	0.0768	0.7069	36.8421	0.3002	1137.0000	418.0000	0.3676	1139.0000
450	0.4966	0.8201	0.5797	0.8002	0.0738	0.7006	37.0000	0.3113	1175.0000	423.0000	0.3600	1177.0000
451	0.4777	0.8233	0.5781	0.8065	0.0749	0.6937	36.9474	0.3306	1114.0000	426.0000	0.3824	1116.0000
452	0.4661	0.8275	0.5818	0.7868	0.0740	0.6838	36.9474	0.3505	1188.0000	446.0000	0.3754	1190.0000
453	0.4785	0.8210	0.5805	0.7948	0.0749	0.6959	37.1053	0.3268	1163.0000	431.0000	0.3706	1165.0000
454	0.4866	0.8199	0.5797	0.7978	0.0742	0.6928	37.0526	0.3249	1146.0000	436.0000	0.3805	1148.0000
455	0.4813	0.8182	0.5753	0.7916	0.0747	0.6969	37.1579	0.3205	1146.0000	427.0000	0.3726	1148.0000
456	0.4880	0.8245	0.5817	0.8067	0.0766	0.6809	36.7368	0.3321	1096.0000	433.0000	0.3951	1098.0000
457	0.4819	0.8229	0.5793	0.7837	0.0730	0.6855	37.1579	0.3375	1138.0000	437.0000	0.3840	1140.0000
458	0.4686	0.8175	0.5793	0.7900	0.0736	0.6998	36.8947	0.3213	1185.0000	423.0000	0.3570	1187.0000
459	0.4976	0.8247	0.5817	0.7977	0.0756	0.6912	37.0526	0.3338	1136.0000	431.0000	0.3794	1138.0000
460	0.4714	0.8210	0.5808	0.7885	0.0737	0.6820	36.7368	0.3342	1133.0000	434.0000	0.3831	1135.0000
461	0.4593	0.8261	0.5827	0.7954	0.0736	0.6867	36.9474	0.3434	1141.0000	446.0000	0.3909	1143.0000
462	0.4896	0.8250	0.5816	0.8053	0.0778	0.6996	36.9474	0.3194	1142.0000	423.0000	0.3704	1144.0000
463	0.4708	0.8182	0.5794	0.7933	0.0752	0.6852	36.8421	0.3428	1137.0000	425.0000	0.3738	1139.0000
464	0.4805	0.8194	0.5797	0.8144	0.0767	0.6910	37.0526	0.3203	1124.0000	421.0000	0.3746	1126.0000
465	0.4582	0.8280	0.5813	0.7930	0.0754	0.6881	37.1579	0.3423	1152.0000	444.0000	0.3854	1154.0000
466	0.4701	0.8236	0.5813	0.7963	0.0765	0.7034	37.2105	0.3388	1152.0000	426.0000	0.3698	1154.0000
467	0.4946	0.8222	0.5825	0.8045	0.0743	0.6967	37.1053	0.3200	1117.0000	430.0000	0.3850	1119.0000
468	0.4883	0.8159	0.5783	0.7931	0.0744	0.7025	36.7368	0.3095	1153.0000	423.0000	0.3669	1155.0000
469	0.4823	0.8233	0.5786	0.7985	0.0767	0.6897	37.1579	0.3247	1150.0000	437.0000	0.3800	1152.0000
470	0.4839	0.8194	0.5786	0.7995	0.0762	0.6887	37.0000	0.3271	1137.0000	435.0000	0.3826	1139.0000
471	0.4681	0.8233	0.5814	0.8003	0.0770	0.6849	36.9474	0.3314	1135.0000	436.0000	0.3841	1137.0000
472	0.4867	0.8238	0.5794	0.7941	0.0762	0.7006	37.0526	0.3259	1137.0000	425.0000	0.3738	1139.0000
473	0.4615	0.8215	0.5777	0.7981	0.0754	0.6907	36.8947	0.3290	1153.0000	435.0000	0.3773	1155.0000
474	0.4820	0.8229	0.5827	0.7971	0.0733	0.6933	36.9474	0.3360	1164.0000	434.0000	0.3729	1166.0000
475	0.4447	0.8182	0.5777	0.7991	0.0747	0.6788	36.9474	0.3470	1136.0000	438.0000	0.3856	1138.0000
476	0.4881	0.8215	0.5781	0.7898	0.0763	0.6967	37.0000	0.3138	1177.0000	431.0000	0.3662	1179.0000
477	0.4892	0.8257	0.5811	0.8036	0.0774	0.6883	37.0000	0.3288	1137.0000	439.0000	0.3861	1139.0000
478	0.4729	0.8215	0.5791	0.7918	0.0746	0.6870	37.0000	0.3428	1170.0000	445.0000	0.3803	1172.0000
479	0.4923	0.8226	0.5813	0.7974	0.0757	0.7032	37.0526	0.3045	1164.0000	422.0000	0.3625	1166.0000
480	0.4944	0.8217	0.5816	0.7926	0.0754	0.6894	37.1053	0.3239	1159.0000	429.0000	0.3701	1161.0000
481	0.4806	0.8194	0.5766	0.7928	0.0741	0.6982	37.0000	0.3218	1152.0000	428.0000	0.3715	1154.0000
482	0.4730	0.8203	0.5790	0.8061	0.0746	0.6975	37.0526	0.3396	1136.0000	426.0000	0.3750	1138.0000
483	0.4976	0.8231	0.5807	0.8028	0.0772	0.6949	37.1053	0.3187	1140.0000	428.0000	0.3754	1142.0000
484	0.4842	0.8189	0.5797	0.8070	0.0760	0.6918	37.2105	0.3282	1158.0000	424.0000	0.3661	1160.0000
485	0.4772	0.8240	0.5801	0.7875	0.0753	0.6879	37.1579	0.3305	1156.0000	439.0000	0.3798	1158.0000
486	0.4666	0.8266	0.5815	0.8098	0.0759	0.6858	37.0526	0.3266	1146.0000	438.0000	0.3822	1148.0000
487	0.4820	0.8252	0.5823	0.7952	0.0740	0.6917	37.1053	0.3273	1159.0000	434.0000	0.3745	1161.0000
488	0.4620	0.8196	0.5779	0.7986	0.0742	0.6871	37.1053	0.3337	1108.0000	429.0000	0.3872	1110.0000
489	0.4806	0.8233	0.5817	0.8115	0.0772	0.7067	37.0000	0.3223	1133.0000	421.0000	0.3716	1135.0000
490	0.4594	0.8229	0.5810	0.8008	0.0755	0.6834	37.0000	0.3332	1132.0000	435.0000	0.3843	1134.0000
491	0.4970	0.8250	0.5810	0.7958	0.0754	0.7013	37.0000	0.3147	1152.0000	431.0000	0.3741	1154.0000
492	0.4753	0.8233	0.5791	0.7947	0.0748	0.7020	37.0526	0.3238	1159.0000	428.0000	0.3693	1161.0000
493	0.4828	0.8252	0.5810	0.7951	0.0755	0.6965	37.1053	0.3363	1150.0000	435.0000	0.3783	1152.0000
494	0.4710	0.8212	0.5800	0.8028	0.0755	0.6959	37.0000	0.3291	1144.0000	423.0000	0.3698	1146.0000
495	0.4798	0.8192	0.5775	0.7989	0.0752	0.7054	36.9474	0.3181	1165.0000	423.0000	0.3631	1167.0000
496	0.4908	0.8257	0.5790	0.7994	0.0767	0.6953	37.1053	0.3231	1139.0000	431.0000	0.3784	1141.0000
497	0.4666	0.8205	0.5792	0.7958	0.0739	0.6782	36.9474	0.3461	1110.0000	440.0000	0.3964	1112.0000
498	0.4727	0.8289	0.5847	0.7912	0.0739	0.6799	37.1053	0.3408	1167.0000	454.0000	0.3890	1169.0000
499	0.4748	0.8236	0.5793	0.7993	0.0759	0.6830	37.0000	0.3297	1138.0000	433.0000	0.3805	1140.0000
500	0.5076	0.8254	0.5843	0.8040	0.0770	0.7130	36.9474	0.3032	1161.0000	418.0000	0.3600	1163.0000
501	0.4657	0.8222	0.5792	0.8081	0.0769	0.6856	36.8421	0.3319	1144.0000	432.0000	0.3776	1147.0000
502	0.4886	0.8199	0.5794	0.7916	0.0738	0.7056	37.1053	0.3274	1150.0000	419.0000	0.3643	1152.0000
503	0.4867	0.8196	0.5796	0.7996	0.0747	0.6879	37.0526	0.3187	1134.0000	438.0000	0.3862	1136.0000
504	0.4567	0.8254	0.5816	0.7891	0.0761	0.6925	37.2632	0.3292	1183.0000	421.0000	0.3559	1185.0000
505	0.4745	0.8254	0.5814	0.7868	0.0752	0.7010	37.0000	0.3311	1151.0000	430.0000	0.3736	1153.0000
506	0.4907	0.8250	0.5821	0.8023	0.0758	0.7023	37.0000	0.3068	1145.0000	418.0000	0.3651	1147.0000
507	0.4713	0.8217	0.5818	0.8069	0.0742	0.6951	37.0000	0.3273	1129.0000	430.0000	0.3809	1131.0000
508	0.4792	0.8192	0.5785	0.7998	0.0755	0.6946	37.2105	0.3303	1157.0000	424.0000	0.3665	1159.0000
509	0.4722	0.8254	0.5819	0.7873	0.0756	0.6979	36.8421	0.3253	1179.0000	432.0000	0.3664	1181.0000
510	0.4821	0.8229	0.5812	0.7966	0.0754	0.6899	37.0000	0.3269	1170.0000	430.0000	0.3675	1172.0000
511	0.4883	0.8268	0.5821	0.7937	0.0753	0.6972	36.7368	0.3173	1148.0000	433.0000	0.3772	1150.0000
512	0.4575	0.8205	0.5758	0.7978	0.0750	0.6898	36.9474	0.3473	1138.0000	422.0000	0.3708	1140.0000
513	0.4632	0.8212	0.5806	0.7976	0.0725	0.6911	36.9474	0.3297	1134.0000	440.0000	0.3880	1136.0000
514	0.5027	0.8233	0.5786	0.7999	0.0777	0.6956	37.0000	0.3075	1146.0000	432.0000	0.3770	1148.0000
515	0.4888	0.8205	0.5798	0.8086	0.0741	0.6992	37.2105	0.3134	1140.0000	431.0000	0.3781	1142.0000
516	0.4905	0.8189	0.5814	0.7947	0.0748	0.6968	37.1053	0.3198	1160.0000	428.0000	0.3690	1162.0000
517	0.4755	0.8247	0.5787	0.8008	0.0771	0.6977	36.7368	0.3117	1135.0000	426.0000	0.3753	1137.0000
518	0.4568	0.8243	0.5831	0.8007	0.0756	0.6833	36.9474	0.3563	1140.0000	443.0000	0.3886	1142.0000
519	0.4875	0.8219	0.5810	0.8051	0.0754	0.6822	36.7895	0.3283	1101.0000	431.0000	0.3915	1103.0000
520	0.4797	0.8219	0.5768	0.8003	0.0760	0.6936	36.9474	0.3072	1133.0000	421.0000	0.3716	1135.0000
521	0.4911	0.8257	0.5831	0.8011	0.0764	0.6923	37.0526	0.3305	1150.0000	430.0000	0.3739	1152.0000
522	0.4647	0.8201	0.5811	0.7951	0.0745	0.6847	37.0526	0.3434	1158.0000	441.0000	0.3808	1160.0000
523	0.4762	0.8203	0.5810	0.8009	0.0749	0.6871	37.1053	0.3373	1139.0000	440.0000	0.3863	1141.0000
524	0.4873	0.8187	0.5812	0.8006	0.0763	0.6981	37.1579	0.3304	1148.0000	426.0000	0.3711	1150.0000
525	0.5109	0.8224	0.5820	0.7937	0.0778	0.7020	37.1053	0.2940	1140.0000	428.0000	0.3754	1142.0000
526	0.4612	0.8219	0.5786	0.7846	0.0759	0.6946	36.8421	0.3387	1176.0000	432.0000	0.3673	1179.0000
527	0.4857	0.8229	0.5800	0.7933	0.0760	0.6955	37.0000	0.3126	1148.0000	432.0000	0.3763	1150.0000
528	0.4673	0.8261	0.5801	0.7920	0.0747	0.6962	37.1579	0.3244	1172.0000	430.0000	0.3669	1174.0000
529	0.4848	0.8247	0.5804	0.7890	0.0776	0.7016	37.0526	0.3174	1184.0000	433.0000	0.3657	1186.0000
530	0.4835	0.8294	0.5809	0.7918	0.0787	0.7021	37.0000	0.3117	1183.0000	436.0000	0.3686	1185.0000
531	0.4591	0.8215	0.5803	0.7984	0.0763	0.6884	37.1053	0.3444	1132.0000	436.0000	0.3852	1134.0000
532	0.4862	0.8229	0.5794	0.7873	0.0745	0.6839	36.8947	0.3335	1144.0000	436.0000	0.3811	1146.0000
533	0.4746	0.8222	0.5801	0.7966	0.0749	0.6883	37.0526	0.3471	1151.0000	440.0000	0.3823	1153.0000
534	0.4968	0.8210	0.5800	0.7985	0.0764	0.6922	37.2105	0.3191	1166.0000	431.0000	0.3696	1168.0000
535	0.4682	0.8226	0.5795	0.7933	0.0744	0.6873	36.9474	0.3429	1162.0000	441.0000	0.3795	1164.0000
536	0.4997	0.8250	0.5801	0.8024	0.0765	0.6962	36.9474	0.3114	1138.0000	420.0000	0.3691	1140.0000
537	0.4813	0.8238	0.5822	0.7982	0.0768	0.6963	37.0526	0.3372	1168.0000	432.0000	0.3699	1170.0000
538	0.4534	0.8187	0.5796	0.7946	0.0733	0.6823	36.9474	0.3573	1142.0000	438.0000	0.3835	1144.0000
539	0.4698	0.8182	0.5779	0.8037	0.0744	0.6877	36.9474	0.3440	1135.0000	426.0000	0.3753	1137.0000
540	0.4711	0.8261	0.5799	0.7899	0.0740	0.6841	36.8947	0.3473	1152.0000	447.0000	0.3880	1154.0000
541	0.4924	0.8199	0.5785	0.7973	0.0780	0.6978	37.0526	0.3086	1150.0000	429.0000	0.3730	1152.0000
542	0.4753	0.8210	0.5835	0.8095	0.0739	0.6846	36.8947	0.3305	1109.0000	427.0000	0.3850	1111.0000
543	0.4877	0.8229	0.5770	0.8066	0.0776	0.6908	37.1053	0.3292	1136.0000	434.0000	0.3820	1138.0000
544	0.4624	0.8312	0.5836	0.8029	0.0761	0.6839	37.0526	0.3437	1124.0000	439.0000	0.3906	1126.0000
545	0.4641	0.8291	0.5802	0.8065	0.0770	0.6907	37.0526	0.3505	1149.0000	437.0000	0.3803	1151.0000
546	0.4868	0.8189	0.5842	0.7897	0.0770	0.7011	37.0526	0.3118	1144.0000	427.0000	0.3733	1146.0000
547	0.5067	0.8212	0.5780	0.8119	0.0783	0.7113	36.8947	0.3060	1149.0000	409.0000	0.3560	1151.0000
548	0.4914	0.8212	0.5815	0.8027	0.0770	0.7030	36.8421	0.3099	1122.0000	425.0000	0.3788	1124.0000
549	0.4944	0.8178	0.5785	0.8106	0.0766	0.6979	36.9474	0.3066	1123.0000	421.0000	0.3749	1125.0000
550	0.4795	0.8219	0.5800	0.7984	0.0780	0.7080	36.8947	0.3119	1138.0000	410.0000	0.3603	1140.0000
551	0.5032	0.8238	0.5818	0.7972	0.0766	0.7024	37.0000	0.3111	1137.0000	423.0000	0.3720	1139.0000
552	0.4616	0.8215	0.5804	0.7958	0.0729	0.6840	37.0526	0.3402	1130.0000	437.0000	0.3867	1132.0000
553	0.4744	0.8259	0.5803	0.8088	0.0772	0.6951	37.1053	0.3299	1137.0000	429.0000	0.3773	1139.0000
554	0.4803	0.8215	0.5783	0.7907	0.0747	0.6919	36.6842	0.3138	1149.0000	424.0000	0.3690	1152.0000
555	0.4908	0.8222	0.5804	0.8086	0.0772	0.6877	36.6316	0.3225	1155.0000	433.0000	0.3749	1157.0000
556	0.4988	0.8252	0.5811	0.8049	0.0765	0.6939	37.1053	0.3188	1149.0000	434.0000	0.3777	1151.0000
557	0.4859	0.8301	0.5845	0.8025	0.0774	0.6978	36.7368	0.3394	1148.0000	434.0000	0.3780	1150.0000
558	0.4977	0.8210	0.5797	0.7967	0.0734	0.6913	37.1579	0.3343	1141.0000	433.0000	0.3795	1143.0000
559	0.4995	0.8222	0.5788	0.8003	0.0753	0.6964	36.9474	0.3157	1157.0000	430.0000	0.3717	1159.0000
560	0.4698	0.8222	0.5801	0.7884	0.0750	0.7006	37.0000	0.3332	1169.0000	433.0000	0.3704	1171.0000
561	0.4791	0.8247	0.5805	0.7945	0.0771	0.7039	37.1053	0.3147	1178.0000	420.0000	0.3565	1180.0000
562	0.4864	0.8182	0.5830	0.8046	0.0730	0.6972	36.7895	0.3244	1143.0000	419.0000	0.3666	1145.0000
563	0.4826	0.8199	0.5808	0.8026	0.0762	0.6860	37.1053	0.3268	1138.0000	432.0000	0.3796	1140.0000
564	0.4739	0.8208	0.5788	0.7931	0.0761	0.6870	37.0526	0.3426	1130.0000	433.0000	0.3832	1132.0000
565	0.5047	0.8208	0.5802	0.8141	0.0771	0.7053	37.2105	0.3131	1144.0000	412.0000	0.3601	1146.0000
566	0.4839	0.8173	0.5780	0.7879	0.0738	0.7067	36.8947	0.3104	1160.0000	417.0000	0.3595	1162.0000
567	0.4887	0.8180	0.5788	0.7861	0.0739	0.6992	36.8421	0.3141	1167.0000	429.0000	0.3676	1169.0000
568	0.4774	0.8159	0.5783	0.7990	0.0731	0.6969	36.8421	0.3286	1151.0000	429.0000	0.3727	1153.0000
569	0.4909	0.8215	0.5817	0.8030	0.0778	0.6908	36.9474	0.3148	1142.0000	425.0000	0.3722	1144.0000
570	0.4783	0.8196	0.5800	0.8048	0.0736	0.6860	37.0526	0.3364	1147.0000	431.0000	0.3758	1149.0000
571	0.4769	0.8222	0.5836	0.8039	0.0751	0.6818	36.8947	0.3348	1125.0000	435.0000	0.3867	1127.0000
572	0.4951	0.8322	0.5862	0.7985	0.0787	0.7062	37.0526	0.3126	1166.0000	426.0000	0.3654	1168.0000
573	0.4819	0.8266	0.5791	0.7917	0.0749	0.7018	36.8947	0.3212	1157.0000	425.0000	0.3673	1159.0000
574	0.4737	0.8175	0.5767	0.7958	0.0744	0.6994	37.1579	0.3311	1142.0000	424.0000	0.3713	1144.0000
575	0.4877	0.8254	0.5808	0.8087	0.0758	0.7006	37.1053	0.3211	1149.0000	422.0000	0.3673	1151.0000
576	0.4679	0.8264	0.5840	0.7923	0.0757	0.6803	37.1053	0.3378	1158.0000	439.0000	0.3791	1160.0000
577	0.4865	0.8224	0.5811	0.8079	0.0754	0.6967	36.9474	0.3194	1139.0000	426.0000	0.3740	1141.0000
578	0.4753	0.8236	0.5835	0.7967	0.0740	0.6917	37.0000	0.3305	1147.0000	430.0000	0.3749	1149.0000
579	0.4652	0.8203	0.5810	0.8017	0.0760	0.6965	37.1579	0.3313	1144.0000	427.0000	0.3733	1146.0000
580	0.4912	0.8271	0.5826	0.7944	0.0746	0.6943	37.0000	0.3202	1161.0000	432.0000	0.3721	1163.0000
581	0.4927	0.8250	0.5805	0.7987	0.0766	0.7064	37.0526	0.3080	1156.0000	424.0000	0.3668	1158.0000
582	0.4801	0.8192	0.5772	0.8018	0.0763	0.6821	37.0000	0.3250	1118.0000	433.0000	0.3873	1120.0000
583	0.4810	0.8196	0.5785	0.8057	0.0729	0.6964	37.0000	0.3370	1136.0000	427.0000	0.3759	1138.0000
584	0.4698	0.8291	0.5831	0.7981	0.0761	0.6856	36.9474	0.3378	1158.0000	444.0000	0.3834	1160.0000
585	0.4966	0.8282	0.5819	0.8000	0.0774	0.7109	37.2105	0.3071	1160.0000	417.0000	0.3595	1162.0000
586	0.4911	0.8252	0.5832	0.8076	0.0783	0.7108	37.1579	0.3122	1149.0000	417.0000	0.3629	1151.0000
587	0.4797	0.8264	0.5826	0.7960	0.0721	0.6792	36.9474	0.3434	1156.0000	446.0000	0.3858	1158.0000
588	0.4844	0.8282	0.5791	0.7951	0.0787	0.7033	37.1053	0.3103	1161.0000	417.0000	0.3592	1163.0000
589	0.4988	0.8233	0.5820	0.7955	0.0744	0.6927	37.1053	0.3165	1146.0000	436.0000	0.3805	1148.0000
590	0.4880	0.8275	0.5821	0.7904	0.0746	0.7072	36.9474	0.3143	1183.0000	436.0000	0.3686	1185.0000
591	0.4904	0.8203	0.5796	0.7932	0.0759	0.6963	36.8947	0.3143	1170.0000	425.0000	0.3632	1172.0000
592	0.4778	0.8264	0.5794	0.7968	0.0763	0.7014	37.1579	0.3303	1168.0000	432.0000	0.3699	1170.0000
593	0.4830	0.8245	0.5810	0.7979	0.0775	0.7001	37.0000	0.3127	1161.0000	431.0000	0.3712	1163.0000
594	0.4938	0.8238	0.5791	0.8015	0.0752	0.6994	37.0526	0.3264	1129.0000	425.0000	0.3764	1131.0000
595	0.4638	0.8233	0.5802	0.7873	0.0755	0.6949	37.1053	0.3251	1147.0000	425.0000	0.3705	1149.0000
596	0.4838	0.8187	0.5800	0.7925	0.0727	0.7006	37.1053	0.3206	1150.0000	429.0000	0.3730	1152.0000
597	0.4796	0.8222	0.5783	0.7949	0.0761	0.7004	36.8947	0.3219	1154.0000	430.0000	0.3726	1156.0000
598	0.4740	0.8247	0.5838	0.7949	0.0751	0.6803	37.0526	0.3425	1155.0000	444.0000	0.3844	1157.0000
599	0.4900	0.8273	0.5822	0.7949	0.0768	0.6931	37.0000	0.3173	1157.0000	439.0000	0.3794	1159.0000
600	0.4899	0.8264	0.5824	0.8007	0.0786	0.6974	36.8947	0.3143	1157.0000	419.0000	0.3621	1159.0000
601	0.4882	0.8231	0.5781	0.7878	0.0771	0.7000	36.9474	0.3116	1155.0000	424.0000	0.3671	1157.0000
602	0.4880	0.8201	0.5758	0.8064	0.0742	0.6958	36.9474	0.3179	1122.0000	418.0000	0.3725	1125.0000
603	0.4692	0.8201	0.5783	0.7963	0.0758	0.6890	36.7895	0.3322	1174.0000	437.0000	0.3722	1176.0000
604	0.4646	0.8196	0.5818	0.7917	0.0739	0.6838	37.0526	0.3447	1146.0000	441.0000	0.3848	1148.0000
605	0.4775	0.8199	0.5781	0.7943	0.0744	0.6932	37.0526	0.3271	1162.0000	426.0000	0.3666	1164.0000
606	0.4796	0.8217	0.5824	0.7959	0.0743	0.6967	36.9474	0.3336	1167.0000	427.0000	0.3659	1170.0000
607	0.5089	0.8201	0.5820	0.7989	0.0771	0.7158	37.0526	0.3045	1149.0000	420.0000	0.3655	1151.0000
608	0.4707	0.8194	0.5789	0.7956	0.0742	0.6953	37.0526	0.3258	1145.0000	425.0000	0.3712	1147.0000
609	0.4963	0.8180	0.5790	0.8092	0.0756	0.7030	36.8947	0.3180	1140.0000	423.0000	0.3711	1142.0000
610	0.4776	0.8261	0.5813	0.7842	0.0775	0.7038	36.8947	0.3112	1174.0000	426.0000	0.3629	1176.0000
611	0.4707	0.8250	0.5809	0.8004	0.0767	0.6963	37.0000	0.3276	1128.0000	423.0000	0.3750	1130.0000
612	0.4905	0.8236	0.5813	0.7900	0.0752	0.6922	37.1053	0.3346	1139.0000	431.0000	0.3784	1141.0000
613	0.4962	0.8178	0.5794	0.8008	0.0743	0.7077	36.8421	0.3130	1165.0000	413.0000	0.3545	1167.0000
614	0.4756	0.8238	0.5802	0.8023	0.0766	0.6927	36.8947	0.3358	1135.0000	433.0000	0.3815	1137.0000
615	0.4662	0.8199	0.5808	0.7847	0.0745	0.6993	37.0000	0.3315	1178.0000	426.0000	0.3616	1180.0000
616	0.4829	0.8173	0.5769	0.7853	0.0752	0.6758	37.1579	0.3496	1129.0000	442.0000	0.3915	1131.0000
617	0.4702	0.8236	0.5807	0.8017	0.0782	0.6890	37.0000	0.3211	1154.0000	429.0000	0.3718	1156.0000
618	0.4846	0.8219	0.5824	0.7986	0.0743	0.6903	37.1053	0.3336	1143.0000	430.0000	0.3762	1145.0000
619	0.4945	0.8131	0.5763	0.8003	0.0757	0.6902	36.8947	0.3227	1121.0000	416.0000	0.3711	1123.0000
620	0.4815	0.8266	0.5808	0.7894	0.0777	0.6764	37.1579	0.3340	1138.0000	443.0000	0.3893	1140.0000
621	0.4714	0.8217	0.5815	0.8015	0.0757	0.6931	37.0000	0.3349	1130.0000	426.0000	0.3770	1132.0000
622	0.4846	0.8192	0.5798	0.8016	0.0758	0.6879	37.0526	0.3304	1139.0000	434.0000	0.3810	1141.0000
623	0.4935	0.8226	0.5816	0.7842	0.0757	0.6861	37.1053	0.3333	1174.0000	439.0000	0.3739	1176.0000
624	0.4899	0.8238	0.5824	0.8007	0.0754	0.6954	37.1053	0.3072	1155.0000	430.0000	0.3723	1157.0000
625	0.4661	0.8233	0.5795	0.7901	0.0778	0.6976	37.0000	0.3251	1171.0000	433.0000	0.3698	1173.0000
626	0.4781	0.8245	0.5787	0.7925	0.0767	0.6921	36.8947	0.3329	1179.0000	427.0000	0.3622	1181.0000
627	0.4710	0.8212	0.5803	0.8001	0.0752	0.6945	37.0000	0.3436	1160.0000	432.0000	0.3724	1162.0000
628	0.4643	0.8224	0.5774	0.7988	0.0746	0.6787	37.1053	0.3575	1135.0000	437.0000	0.3850	1137.0000
629	0.4901	0.8257	0.5811	0.7959	0.0796	0.7025	36.9474	0.3162	1149.0000	422.0000	0.3673	1151.0000
630	0.4895	0.8233	0.5811	0.7913	0.0763	0.7043	37.1053	0.3237	1145.0000	421.0000	0.3677	1147.0000
631	0.4752	0.8185	0.5773	0.7969	0.0754	0.6817	36.9474	0.3337	1112.0000	437.0000	0.3930	1114.0000
632	0.4691	0.8217	0.5790	0.7868	0.0730	0.6793	36.8947	0.3513	1168.0000	447.0000	0.3827	1170.0000
633	0.4967	0.8185	0.5822	0.7949	0.0740	0.7024	37.0526	0.3112	1132.0000	424.0000	0.3746	1134.0000
634	0.4988	0.8194	0.5794	0.7962	0.0740	0.6977	36.7895	0.3247	1163.0000	433.0000	0.3723	1165.0000
635	0.4785	0.8268	0.5840	0.7921	0.0760	0.6837	37.0000	0.3376	1135.0000	449.0000	0.3956	1137.0000
636	0.4781	0.8196	0.5796	0.7906	0.0772	0.6921	37.1053	0.3173	1160.0000	428.0000	0.3690	1162.0000
637	0.4647	0.8229	0.5801	0.8048	0.0744	0.6853	36.7895	0.3399	1112.0000	430.0000	0.3867	1114.0000
638	0.4825	0.8238	0.5820	0.7965	0.0779	0.6949	36.9474	0.3250	1148.0000	422.0000	0.3676	1150.0000
639	0.4838	0.8231	0.5828	0.7992	0.0745	0.6992	37.0526	0.3166	1152.0000	428.0000	0.3715	1154.0000
640	0.4832	0.8233	0.5796	0.7920	0.0761	0.7028	37.1579	0.2960	1178.0000	428.0000	0.3633	1180.0000
641	0.4721	0.8222	0.5816	0.7897	0.0760	0.6994	37.0000	0.3272	1161.0000	430.0000	0.3704	1163.0000
642	0.4907	0.8243	0.5810	0.8063	0.0752	0.7001	37.0000	0.3242	1132.0000	427.0000	0.3772	1134.0000
643	0.4761	0.8182	0.5816	0.8018	0.0745	0.6942	36.9474	0.3309	1131.0000	436.0000	0.3855	1133.0000
644	0.4829	0.8208	0.5789	0.8000	0.0755	0.6961	37.0526	0.3309	1149.0000	420.0000	0.3655	1151.0000
645	0.4798	0.8273	0.5811	0.8040	0.0760	0.6953	37.1053	0.3293	1154.0000	425.0000	0.3683	1156.0000
646	0.4796	0.8152	0.5755	0.8068	0.0749	0.7027	36.9474	0.3195	1149.0000	414.0000	0.3603	1151.0000
647	0.4771	0.8219	0.5796	0.8002	0.0782	0.6962	36.9474	0.3277	1140.0000	423.0000	0.3711	1142.0000
648	0.4909	0.8257	0.5805	0.7973	0.0779	0.6949	37.0000	0.3149	1153.0000	424.0000	0.3677	1155.0000
649	0.4715	0.8171	0.5782	0.7995	0.0743	0.6905	36.9474	0.3179	1128.0000	430.0000	0.3812	1130.0000
650	0.4710	0.8257	0.5811	0.7984	0.0765	0.6783	37.0000	0.3362	1136.0000	441.0000	0.3882	1138.0000
651	0.4855	0.8210	0.5802	0.8128	0.0753	0.7041	36.9474	0.3100	1146.0000	416.0000	0.3630	1148.0000
652	0.4723	0.8226	0.5820	0.7898	0.0741	0.6843	37.0526	0.3450	1158.0000	438.0000	0.3782	1160.0000
653	0.4803	0.8217	0.5776	0.7951	0.0740	0.6864	37.0000	0.3259	1142.0000	432.0000	0.3783	1144.0000
654	0.4956	0.8254	0.5809	0.7991	0.0763	0.7001	37.0000	0.3188	1163.0000	422.0000	0.3629	1165.0000
655	0.4739	0.8271	0.5814	0.7934	0.0741	0.6880	37.0526	0.3431	1133.0000	443.0000	0.3910	1135.0000
656	0.4846	0.8278	0.5801	0.7940	0.0766	0.6937	37.0000	0.3108	1151.0000	432.0000	0.3753	1153.0000
657	0.4772	0.8166	0.5776	0.7880	0.0738	0.6900	36.7368	0.3354	1166.0000	430.0000	0.3688	1168.0000
658	0.4871	0.8271	0.5801	0.8000	0.0755	0.6917	37.0000	0.3278	1152.0000	435.0000	0.3776	1154.0000
659	0.4996	0.8224	0.5795	0.8010	0.0758	0.7088	37.0526	0.2956	1154.0000	419.0000	0.3631	1156.0000
660	0.4928	0.8196	0.5789	0.8008	0.0739	0.7012	37.0526	0.3183	1141.0000	422.0000	0.3699	1143.0000
661	0.4800	0.8273	0.5802	0.8026	0.0775	0.6920	37.2105	0.3277	1152.0000	430.0000	0.3733	1154.0000
662	0.4763	0.8250	0.5788	0.8132	0.0775	0.6909	36.9474	0.3275	1136.0000	426.0000	0.3750	1138.0000
663	0.4702	0.8194	0.5805	0.7918	0.0729	0.6880	37.0526	0.3411	1140.0000	436.0000	0.3825	1142.0000
664	0.4768	0.8261	0.5830	0.7965	0.0748	0.6899	36.9474	0.3277	1150.0000	436.0000	0.3791	1152.0000
665	0.4682	0.8233	0.5802	0.7977	0.0750	0.6808	37.2632	0.3455	1163.0000	439.0000	0.3775	1165.0000
666	0.4869	0.8294	0.5819	0.7957	0.0777	0.7028	37.1053	0.3133	1164.0000	423.0000	0.3634	1166.0000
667	0.4983	0.8164	0.5820	0.8097	0.0744	0.7109	37.0000	0.3170	1137.0000	413.0000	0.3632	1139.0000
668	0.4871	0.8187	0.5797	0.7963	0.0758	0.7029	36.9474	0.3093	1125.0000	411.0000	0.3653	1127.0000
669	0.4719	0.8219	0.5819	0.7963	0.0758	0.6930	37.0000	0.3365	1134.0000	431.0000	0.3801	1136.0000
670	0.4839	0.8247	0.5821	0.7922	0.0753	0.6999	36.9474	0.3116	1168.0000	430.0000	0.3682	1170.0000
671	0.4978	0.8245	0.5789	0.8008	0.0782	0.6920	36.9474	0.3063	1141.0000	430.0000	0.3769	1143.0000
672	0.4789	0.8226	0.5835	0.8056	0.0764	0.7001	36.8947	0.3259	1141.0000	428.0000	0.3751	1143.0000
673	0.4786	0.8287	0.5839	0.7907	0.0747	0.6873	37.0000	0.3274	1138.0000	440.0000	0.3866	1140.0000
674	0.4899	0.8168	0.5767	0.8031	0.0766	0.6836	36.8947	0.3156	1141.0000	422.0000	0.3699	1143.0000
675	0.4591	0.8222	0.5791	0.7955	0.0744	0.6878	37.2105	0.3480	1140.0000	431.0000	0.3781	1142.0000
676	0.4611	0.8250	0.5804	0.8093	0.0751	0.7026	37.0526	0.3329	1140.0000	422.0000	0.3702	1142.0000
677	0.4973	0.8240	0.5820	0.8079	0.0764	0.6878	37.0000	0.3204	1148.0000	429.0000	0.3737	1150.0000
678	0.4828	0.8205	0.5805	0.7995	0.0773	0.7004	36.7368	0.3282	1156.0000	428.0000	0.3702	1158.0000
679	0.4676	0.8222	0.5816	0.7967	0.0745	0.6984	36.8947	0.3257	1138.0000	431.0000	0.3787	1140.0000
680	0.4925	0.8275	0.5823	0.8008	0.0780	0.6975	37.0000	0.3121	1146.0000	427.0000	0.3726	1148.0000
681	0.4826	0.8247	0.5805	0.7945	0.0743	0.7042	36.8421	0.3199	1178.0000	428.0000	0.3633	1180.0000
682	0.4785	0.8194	0.5805	0.7884	0.0722	0.6849	37.1053	0.3339	1156.0000	438.0000	0.3789	1158.0000
683	0.4868	0.8243	0.5801	0.8033	0.0748	0.6965	37.0000	0.3256	1126.0000	428.0000	0.3801	1128.0000
684	0.4624	0.8224	0.5842	0.7970	0.0727	0.6869	37.1053	0.3473	1145.0000	442.0000	0.3860	1147.0000
685	0.4870	0.8199	0.5795	0.8087	0.0744	0.6966	37.0526	0.3377	1131.0000	424.0000	0.3749	1133.0000
686	0.4868	0.8226	0.5775	0.8023	0.0763	0.6912	36.8947	0.3188	1129.0000	429.0000	0.3800	1131.0000
687	0.4926	0.8233	0.5848	0.8051	0.0754	0.7000	37.0526	0.3186	1155.0000	432.0000	0.3740	1157.0000
688	0.4862	0.8245	0.5824	0.7953	0.0758	0.7044	36.7368	0.3260	1152.0000	428.0000	0.3715	1154.0000
689	0.4892	0.8236	0.5783	0.7877	0.0750	0.6957	37.0526	0.3256	1173.0000	425.0000	0.3623	1175.0000
690	0.4876	0.8231	0.5819	0.7989	0.0770	0.6966	37.0000	0.3109	1152.0000	427.0000	0.3707	1154.0000
691	0.4746	0.8271	0.5818	0.8072	0.0789	0.6948	36.9474	0.3340	1153.0000	428.0000	0.3712	1155.0000
692	0.4925	0.8203	0.5810	0.8001	0.0740	0.7056	37.0000	0.3046	1145.0000	421.0000	0.3677	1147.0000
693	0.4788	0.8257	0.5812	0.7944	0.0766	0.6881	37.1579	0.3371	1149.0000	442.0000	0.3847	1151.0000
694	0.4845	0.8238	0.5779	0.7933	0.0747	0.7005	36.9474	0.3138	1148.0000	432.0000	0.3763	1150.0000
695	0.4857	0.8219	0.5816	0.8112	0.0763	0.6868	36.8947	0.3395	1131.0000	434.0000	0.3837	1133.0000
696	0.4679	0.8233	0.5836	0.7934	0.0732	0.6833	37.0000	0.3406	1146.0000	452.0000	0.3944	1148.0000
697	0.4712	0.8282	0.5878	0.7979	0.0766	0.6979	37.1579	0.3338	1171.0000	437.0000	0.3732	1173.0000
698	0.4926	0.8224	0.5800	0.7903	0.0745	0.7104	37.0000	0.3098	1162.0000	422.0000	0.3632	1164.0000
699	0.4742	0.8215	0.5832	0.7896	0.0729	0.6917	37.0526	0.3351	1166.0000	436.0000	0.3739	1168.0000
700	0.4961	0.8243	0.5791	0.8006	0.0764	0.7064	37.0000	0.3107	1154.0000	432.0000	0.3744	1156.0000
701	0.4753	0.8229	0.5810	0.8027	0.0760	0.6828	37.0526	0.3455	1157.0000	443.0000	0.3829	1159.0000
702	0.4898	0.8257	0.5818	0.8139	0.0762	0.6889	37.1053	0.3267	1152.0000	436.0000	0.3785	1154.0000
703	0.4670	0.8219	0.5800	0.7950	0.0760	0.6999	37.0000	0.3232	1150.0000	428.0000	0.3722	1152.0000
704	0.4859	0.8182	0.5771	0.8021	0.0751	0.7041	36.9474	0.3166	1148.0000	412.0000	0.3589	1150.0000
705	0.4728	0.8240	0.5808	0.8003	0.0749	0.6978	37.0526	0.3164	1162.0000	434.0000	0.3735	1164.0000
706	0.4853	0.8261	0.5827	0.7888	0.0753	0.6937	36.8947	0.3170	1169.0000	437.0000	0.3738	1171.0000
707	0.4858	0.8166	0.5761	0.8051	0.0747	0.7035	37.0000	0.3187	1140.0000	416.0000	0.3649	1142.0000
708	0.4958	0.8240	0.5793	0.7996	0.0769	0.7007	36.9474	0.3117	1130.0000	420.0000	0.3717	1132.0000
709	0.4905	0.8224	0.5816	0.8046	0.0759	0.6914	37.0000	0.3308	1149.0000	433.0000	0.3768	1151.0000
710	0.4777	0.8194	0.5769	0.7998	0.0761	0.6833	37.2105	0.3218	1129.0000	429.0000	0.3800	1131.0000
711	0.4831	0.8229	0.5815	0.8039	0.0754	0.6932	37.1053	0.3334	1142.0000	435.0000	0.3809	1144.0000
712	0.4604	0.8215	0.5826	0.7975	0.0766	0.6980	36.7895	0.3309	1165.0000	427.0000	0.3665	1167.0000
713	0.4736	0.8238	0.5825	0.8009	0.0764	0.7049	37.1579	0.3387	1163.0000	419.0000	0.3603	1165.0000
714	0.4781	0.8240	0.5796	0.7844	0.0738	0.7052	36.8947	0.3214	1158.0000	430.0000	0.3713	1160.0000
715	0.4950	0.8226	0.5781	0.7992	0.0758	0.6990	37.0526	0.3179	1152.0000	436.0000	0.3785	1154.0000
716	0.4839	0.8180	0.5786	0.8081	0.0756	0.7017	36.8947	0.3112	1136.0000	418.0000	0.3680	1138.0000
717	0.4757	0.8233	0.5842	0.7950	0.0766	0.6919	36.9474	0.3326	1166.0000	436.0000	0.3739	1168.0000
718	0.4859	0.8192	0.5777	0.7925	0.0723	0.6937	37.0526	0.3156	1171.0000	427.0000	0.3646	1173.0000
719	0.4972	0.8201	0.5795	0.8028	0.0744	0.6892	37.0526	0.3233	1108.0000	429.0000	0.3872	1110.0000
720	0.4855	0.8187	0.5835	0.8022	0.0735	0.6854	36.9474	0.3234	1155.0000	434.0000	0.3758	1157.0000
721	0.4727	0.8245	0.5797	0.7949	0.0765	0.6967	36.8947	0.3288	1131.0000	426.0000	0.3767	1133.0000
722	0.4822	0.8271	0.5801	0.8098	0.0787	0.6937	37.0000	0.3199	1126.0000	427.0000	0.3792	1128.0000
723	0.4618	0.8250	0.5805	0.7982	0.0729	0.6774	37.0000	0.3510	1135.0000	451.0000	0.3974	1137.0000
724	0.4808	0.8266	0.5808	0.7938	0.0763	0.6937	36.9474	0.3419	1172.0000	434.0000	0.3703	1174.0000
725	0.4820	0.8219	0.5799	0.8006	0.0772	0.6796	37.0526	0.3393	1132.0000	440.0000	0.3887	1134.0000
726	0.4809	0.8282	0.5825	0.8000	0.0760	0.6859	36.8947	0.3320	1136.0000	437.0000	0.3847	1138.0000
727	0.4788	0.8250	0.5794	0.7931	0.0749	0.7014	36.9474	0.3198	1161.0000	425.0000	0.3661	1163.0000
728	0.4914	0.8226	0.5792	0.7958	0.0764	0.7038	37.1053	0.3129	1174.0000	426.0000	0.3629	1176.0000
729	0.4716	0.8233	0.5801	0.7954	0.0762	0.6835	36.9474	0.3422	1166.0000	435.0000	0.3731	1168.0000
730	0.4887	0.8201	0.5797	0.8013	0.0738	0.6932	37.1053	0.3256	1146.0000	427.0000	0.3726	1148.0000
731	0.4790	0.8233	0.5820	0.7955	0.0765	0.6872	37.1579	0.3373	1170.0000	438.0000	0.3744	1172.0000
732	0.4813	0.8196	0.5799	0.7974	0.0756	0.6894	36.8421	0.3259	1146.0000	432.0000	0.3770	1148.0000
733	0.4835	0.8257	0.5842	0.8062	0.0761	0.6906	37.0526	0.3134	1124.0000	426.0000	0.3790	1126.0000
734	0.4871	0.8247	0.5800	0.7930	0.0784	0.7008	36.8947	0.3127	1177.0000	429.0000	0.3645	1179.0000
735	0.4896	0.8199	0.5803	0.7912	0.0748	0.7009	36.8947	0.3158	1163.0000	422.0000	0.3629	1165.0000
736	0.4744	0.8243	0.5804	0.7971	0.0778	0.7090	36.8947	0.3128	1135.0000	421.0000	0.3709	1137.0000
737	0.4675	0.8250	0.5826	0.8015	0.0757	0.6966	36.9474	0.3309	1155.0000	424.0000	0.3671	1157.0000
738	0.4785	0.8222	0.5803	0.8006	0.0756	0.7038	36.8421	0.3243	1157.0000	419.0000	0.3621	1159.0000
739	0.4979	0.8247	0.5820	0.7948	0.0743	0.7004	37.0526	0.3123	1161.0000	435.0000	0.3747	1163.0000
740	0.4597	0.8203	0.5785	0.7962	0.0741	0.6883	37.0526	0.3412	1153.0000	440.0000	0.3816	1155.0000
741	0.4730	0.8208	0.5795	0.8085	0.0743	0.6926	37.0000	0.3409	1129.0000	424.0000	0.3756	1131.0000
742	0.4798	0.8247	0.5840	0.8017	0.0759	0.6884	37.0526	0.3248	1165.0000	435.0000	0.3734	1167.0000
743	0.4762	0.8264	0.5817	0.7947	0.0768	0.7004	37.0000	0.3168	1158.0000	427.0000	0.3687	1160.0000
744	0.4748	0.8254	0.5796	0.7927	0.0737	0.7127	37.0526	0.3110	1180.0000	423.0000	0.3585	1182.0000
745	0.4764	0.8268	0.5809	0.7931	0.0772	0.7014	37.0000	0.3093	1181.0000	429.0000	0.3633	1183.0000
746	0.4746	0.8215	0.5781	0.8026	0.0762	0.6931	37.0526	0.3297	1121.0000	426.0000	0.3800	1123.0000
747	0.4776	0.8199	0.5785	0.8041	0.0757	0.6976	37.0526	0.3349	1129.0000	430.0000	0.3809	1131.0000
748	0.4847	0.8185	0.5801	0.8050	0.0735	0.7001	37.1053	0.3353	1140.0000	428.0000	0.3754	1143.0000
749	0.4700	0.8296	0.5802	0.7913	0.0748	0.6949	37.0526	0.3320	1155.0000	440.0000	0.3810	1157.0000
750	0.4681	0.8243	0.5805	0.7925	0.0734	0.6787	37.1579	0.3535	1145.0000	444.0000	0.3878	1147.0000
751	0.4861	0.8236	0.5848	0.8006	0.0752	0.6980	36.9474	0.3185	1133.0000	424.0000	0.3742	1135.0000
752	0.4740	0.8226	0.5817	0.7877	0.0735	0.6881	36.9474	0.3220	1171.0000	441.0000	0.3766	1174.0000
753	0.4948	0.8238	0.5819	0.7979	0.0761	0.6805	37.0000	0.3286	1151.0000	438.0000	0.3805	1153.0000
754	0.4661	0.8243	0.5797	0.7937	0.0780	0.6923	37.0000	0.3203	1166.0000	440.0000	0.3774	1168.0000
755	0.4832	0.8222	0.5792	0.7970	0.0734	0.6968	36.8947	0.3340	1155.0000	436.0000	0.3775	1157.0000
756	0.4702	0.8250	0.5785	0.7899	0.0761	0.7003	37.1053	0.3272	1154.0000	431.0000	0.3735	1156.0000
757	0.4774	0.8240	0.5821	0.7969	0.0742	0.6901	37.0526	0.3336	1155.0000	442.0000	0.3827	1157.0000
758	0.4982	0.8240	0.5807	0.8040	0.0751	0.7002	36.8421	0.3180	1154.0000	427.0000	0.3700	1156.0000
759	0.4683	0.8278	0.5809	0.7937	0.0779	0.6913	37.1053	0.3342	1165.0000	437.0000	0.3751	1167.0000
760	0.4962	0.8289	0.5841	0.7900	0.0748	0.6848	36.7895	0.3259	1155.0000	443.0000	0.3835	1157.0000
761	0.4906	0.8205	0.5827	0.7972	0.0753	0.6949	36.6842	0.3219	1154.0000	432.0000	0.3744	1156.0000
762	0.4721	0.8178	0.5783	0.7856	0.0738	0.6852	37.1053	0.3420	1168.0000	435.0000	0.3724	1170.0000
763	0.4649	0.8280	0.5806	0.7952	0.0753	0.6945	37.1053	0.3349	1160.0000	428.0000	0.3690	1162.0000
764	0.4873	0.8238	0.5806	0.8071	0.0766	0.6966	37.1053	0.3347	1133.0000	428.0000	0.3778	1135.0000
765	0.4851	0.8257	0.5822	0.8015	0.0771	0.7028	37.2105	0.3149	1133.0000	424.0000	0.3742	1135.0000
766	0.4766	0.8187	0.5789	0.7997	0.0752	0.7013	37.1053	0.3143	1146.0000	431.0000	0.3761	1148.0000
767	0.4931	0.8259	0.5830	0.8005	0.0794	0.6883	37.0526	0.3159	1118.0000	436.0000	0.3900	1120.0000
768	0.4845	0.8250	0.5807	0.8091	0.0770	0.6852	37.2105	0.3285	1115.0000	437.0000	0.3919	1117.0000
769	0.4670	0.8196	0.5777	0.7920	0.0738	0.6932	36.8947	0.3223	1146.0000	430.0000	0.3752	1148.0000
770	0.4887	0.8233	0.5807	0.8047	0.0742	0.7088	36.8947	0.3197	1146.0000	426.0000	0.3717	1148.0000
771	0.4668	0.8233	0.5812	0.7973	0.0770	0.7010	37.1579	0.3187	1148.0000	421.0000	0.3667	1150.0000
772	0.4807	0.8154	0.5791	0.8033	0.0709	0.6882	36.9474	0.3413	1143.0000	434.0000	0.3797	1145.0000
773	0.4911	0.8252	0.5832	0.8008	0.0745	0.6970	37.1053	0.3260	1132.0000	427.0000	0.3772	1134.0000
774	0.4783	0.8259	0.5817	0.8152	0.0753	0.6798	37.0526	0.3343	1117.0000	438.0000	0.3921	1119.0000
775	0.4789	0.8203	0.5807	0.7985	0.0755	0.6999	37.1053	0.3142	1133.0000	419.0000	0.3698	1135.0000
776	0.4918	0.8185	0.5786	0.8030	0.0761	0.7011	37.0000	0.3104	1144.0000	424.0000	0.3706	1146.0000
777	0.4734	0.8264	0.5821	0.8012	0.0764	0.6917	37.1053	0.3344	1170.0000	430.0000	0.3675	1172.0000
778	0.4782	0.8166	0.5785	0.7988	0.0751	0.7018	37.1579	0.3123	1157.0000	415.0000	0.3587	1159.0000
779	0.4715	0.8219	0.5830	0.7991	0.0752	0.6867	36.9474	0.3325	1151.0000	432.0000	0.3753	1153.0000
780	0.4900	0.8236	0.5786	0.7989	0.0761	0.7028	37.0000	0.3097	1146.0000	417.0000	0.3639	1148.0000
781	0.4617	0.8189	0.5807	0.8024	0.0725	0.6903	36.9474	0.3493	1142.0000	436.0000	0.3818	1144.0000
782	0.4840	0.8229	0.5805	0.8033	0.0741	0.6850	37.1579	0.3363	1146.0000	433.0000	0.3778	1148.0000
783	0.4798	0.8273	0.5818	0.8000	0.0759	0.6937	37.0526	0.3277	1139.0000	438.0000	0.3845	1141.0000
784	0.4760	0.8254	0.5838	0.8077	0.0767	0.6896	37.0000	0.3186	1108.0000	432.0000	0.3899	1110.0000
785	0.4911	0.8287	0.5828	0.7993	0.0742	0.7042	37.0000	0.3287	1170.0000	439.0000	0.3752	1172.0000
786	0.4716	0.8205	0.5801	0.7959	0.0740	0.6937	36.8947	0.3327	1162.0000	431.0000	0.3709	1164.0000
787	0.4815	0.8243	0.5798	0.7924	0.0774	0.6839	37.1053	0.3281	1153.0000	440.0000	0.3816	1155.0000
788	0.4570	0.8210	0.5772	0.8071	0.0769	0.6723	36.9474	0.3510	1133.0000	441.0000	0.3892	1135.0000
789	0.4880	0.8226	0.5757	0.8012	0.0774	0.6937	36.8947	0.3135	1137.0000	429.0000	0.3773	1139.0000
790	0.4941	0.8194	0.5806	0.7967	0.0747	0.7082	36.8421	0.3158	1137.0000	423.0000	0.3720	1139.0000
791	0.4790	0.8226	0.5795	0.7978	0.0738	0.7011	37.0526	0.3146	1152.0000	423.0000	0.3672	1154.0000
792	0.4697	0.8250	0.5775	0.7973	0.0753	0.6922	36.9474	0.3331	1145.0000	433.0000	0.3782	1147.0000
793	0.4852	0.8254	0.5786	0.8002	0.0754	0.6866	37.0526	0.3318	1155.0000	439.0000	0.3801	1157.0000
794	0.4893	0.8247	0.5818	0.8089	0.0779	0.6980	36.9474	0.3195	1127.0000	424.0000	0.3762	1129.0000
795	0.4809	0.8280	0.5822	0.7995	0.0762	0.7025	37.0526	0.3262	1150.0000	436.0000	0.3791	1152.0000
796	0.4784	0.8201	0.5795	0.8026	0.0746	0.6918	37.0000	0.3371	1157.0000	429.0000	0.3708	1159.0000
797	0.4670	0.8254	0.5794	0.8019	0.0772	0.6918	37.0000	0.3290	1122.0000	433.0000	0.3859	1124.0000
798	0.4803	0.8187	0.5779	0.7971	0.0741	0.6931	36.8947	0.3300	1144.0000	435.0000	0.3802	1146.0000
799	0.4785	0.8238	0.5778	0.7979	0.0760	0.7058	37.1053	0.3188	1146.0000	423.0000	0.3691	1148.0000
800	0.4900	0.8196	0.5786	0.8144	0.0744	0.6929	37.1053	0.3222	1126.0000	422.0000	0.3748	1128.0000
801	0.4969	0.8201	0.5808	0.8005	0.0760	0.7028	37.0526	0.3106	1145.0000	420.0000	0.3668	1147.0000
802	0.4491	0.8264	0.5815	0.7815	0.0732	0.6890	36.9474	0.3414	1190.0000	438.0000	0.3681	1192.0000
803	0.4696	0.8245	0.5810	0.8027	0.0748	0.6846	36.9474	0.3409	1131.0000	437.0000	0.3864	1133.0000
804	0.4662	0.8210	0.5790	0.7866	0.0740	0.6889	36.9474	0.3423	1152.0000	434.0000	0.3767	1154.0000
805	0.4990	0.8229	0.5804	0.7906	0.0767	0.6957	36.8947	0.3167	1167.0000	427.0000	0.3659	1169.0000
806	0.4796	0.8231	0.5815	0.8042	0.0758	0.6918	37.0526	0.3218	1142.0000	430.0000	0.3765	1144.0000
807	0.4853	0.8224	0.5811	0.8070	0.0767	0.6992	36.8421	0.3164	1137.0000	423.0000	0.3720	1139.0000
808	0.4885	0.8224	0.5780	0.7963	0.0766	0.6936	37.0000	0.3156	1162.0000	429.0000	0.3692	1164.0000
809	0.4822	0.8231	0.5807	0.7955	0.0765	0.6894	37.0526	0.3170	1128.0000	422.0000	0.3741	1130.0000
810	0.4841	0.8240	0.5790	0.8070	0.0761	0.6923	36.9474	0.3145	1125.0000	426.0000	0.3787	1127.0000
811	0.4755	0.8201	0.5791	0.8009	0.0752	0.6911	36.8947	0.3442	1136.0000	432.0000	0.3803	1138.0000
812	0.4859	0.8240	0.5810	0.7939	0.0726	0.7004	37.0526	0.3206	1163.0000	430.0000	0.3697	1165.0000
813	0.4613	0.8201	0.5803	0.8000	0.0748	0.6815	37.0000	0.3461	1131.0000	435.0000	0.3846	1133.0000
814	0.4702	0.8229	0.5786	0.7913	0.0761	0.7012	36.9474	0.3375	1159.0000	431.0000	0.3719	1161.0000
815	0.4832	0.8203	0.5821	0.7976	0.0763	0.6980	37.1579	0.3102	1154.0000	418.0000	0.3622	1156.0000
816	0.4796	0.8268	0.5835	0.7903	0.0768	0.6924	37.1053	0.3247	1142.0000	431.0000	0.3774	1144.0000
817	0.4733	0.8222	0.5809	0.7945	0.0737	0.6888	37.0526	0.3354	1146.0000	435.0000	0.3796	1148.0000
818	0.4850	0.8259	0.5790	0.8010	0.0755	0.6818	37.0000	0.3477	1147.0000	445.0000	0.3880	1149.0000
819	0.4969	0.8215	0.5780	0.7997	0.0775	0.7034	37.0000	0.2985	1140.0000	423.0000	0.3711	1142.0000
820	0.4710	0.8238	0.5821	0.8016	0.0732	0.6853	37.1579	0.3447	1132.0000	437.0000	0.3860	1134.0000
821	0.4694	0.8147	0.5766	0.8006	0.0732	0.7007	36.6842	0.3242	1134.0000	423.0000	0.3730	1136.0000
822	0.4848	0.8189	0.5768	0.7948	0.0729	0.7047	37.0526	0.3280	1164.0000	431.0000	0.3703	1166.0000
823	0.4727	0.8196	0.5803	0.8007	0.0745	0.7075	36.8947	0.3327	1146.0000	411.0000	0.3586	1148.0000
824	0.4793	0.8245	0.5806	0.8023	0.0765	0.6957	37.0000	0.3217	1154.0000	427.0000	0.3700	1156.0000
825	0.4898	0.8261	0.5810	0.7948	0.0767	0.7073	37.0000	0.3106	1164.0000	427.0000	0.3668	1166.0000
826	0.4837	0.8250	0.5785	0.7968	0.0766	0.7031	36.9474	0.3248	1150.0000	426.0000	0.3704	1152.0000
827	0.4765	0.8254	0.5785	0.7855	0.0763	0.7036	37.0000	0.3244	1173.0000	431.0000	0.3674	1175.0000
828	0.4564	0.8243	0.5791	0.7837	0.0757	0.6880	36.8947	0.3500	1197.0000	442.0000	0.3693	1199.0000
829	0.4943	0.8222	0.5817	0.8048	0.0771	0.7059	36.7895	0.3159	1119.0000	411.0000	0.3673	1121.0000
830	0.4700	0.8240	0.5814	0.8052	0.0763	0.6946	37.1053	0.3303	1127.0000	429.0000	0.3807	1129.0000
831	0.4781	0.8280	0.5815	0.7908	0.0764	0.6895	37.0000	0.3179	1132.0000	435.0000	0.3843	1134.0000
832	0.4656	0.8261	0.5808	0.7979	0.0777	0.6877	37.0526	0.3386	1140.0000	435.0000	0.3816	1142.0000
833	0.4980	0.8215	0.5806	0.8027	0.0755	0.7155	37.1053	0.3005	1135.0000	420.0000	0.3700	1137.0000
834	0.4853	0.8254	0.5823	0.8083	0.0769	0.6927	37.0000	0.3262	1135.0000	427.0000	0.3762	1137.0000
835	0.4913	0.8240	0.5783	0.7960	0.0764	0.6972	37.0000	0.3139	1135.0000	429.0000	0.3780	1137.0000
836	0.4994	0.8192	0.5800	0.7922	0.0757	0.7029	37.1579	0.3027	1137.0000	426.0000	0.3747	1139.0000
837	0.4761	0.8254	0.5814	0.8038	0.0766	0.6908	37.0000	0.3321	1143.0000	431.0000	0.3771	1145.0000
838	0.4977	0.8266	0.5840	0.7930	0.0744	0.6894	36.9474	0.3278	1181.0000	437.0000	0.3700	1183.0000
839	0.4821	0.8254	0.5825	0.8002	0.0755	0.6900	36.8421	0.3272	1132.0000	431.0000	0.3807	1134.0000
840	0.4777	0.8161	0.5781	0.7989	0.0736	0.6854	37.0526	0.3273	1127.0000	434.0000	0.3851	1129.0000
841	0.4977	0.8189	0.5795	0.7997	0.0753	0.7013	37.1053	0.3123	1146.0000	423.0000	0.3691	1148.0000
842	0.4636	0.8287	0.5808	0.7993	0.0761	0.6783	37.1579	0.3434	1147.0000	447.0000	0.3897	1149.0000
843	0.4858	0.8245	0.5799	0.7960	0.0775	0.6977	37.0526	0.3139	1159.0000	428.0000	0.3693	1161.0000
844	0.4808	0.8247	0.5810	0.7891	0.0759	0.6904	37.0526	0.3144	1183.0000	435.0000	0.3677	1185.0000
845	0.4760	0.8261	0.5818	0.8035	0.0773	0.6872	36.9474	0.3281	1142.0000	440.0000	0.3853	1144.0000
846	0.4698	0.8261	0.5815	0.7927	0.0764	0.6996	37.0526	0.3268	1188.0000	432.0000	0.3636	1190.0000
847	0.4944	0.8257	0.5821	0.8063	0.0750	0.6846	37.0526	0.3357	1119.0000	433.0000	0.3870	1121.0000
848	0.4707	0.8145	0.5783	0.7985	0.0740	0.6904	36.8947	0.3375	1135.0000	429.0000	0.3780	1137.0000
849	0.4782	0.8280	0.5824	0.7932	0.0772	0.6885	37.1579	0.3334	1160.0000	441.0000	0.3802	1162.0000
850	0.4824	0.8254	0.5815	0.7857	0.0755	0.7008	37.0000	0.3298	1175.0000	435.0000	0.3702	1177.0000
851	0.4740	0.8229	0.5818	0.7963	0.0744	0.6934	37.1053	0.3247	1155.0000	434.0000	0.3758	1157.0000
852	0.4769	0.8208	0.5791	0.7927	0.0753	0.6804	37.0000	0.3426	1154.0000	429.0000	0.3718	1156.0000
853	0.4801	0.8189	0.5796	0.7909	0.0739	0.6865	37.1579	0.3332	1174.0000	439.0000	0.3739	1176.0000
854	0.4862	0.8268	0.5807	0.7835	0.0751	0.6998	37.0000	0.3077	1165.0000	439.0000	0.3768	1167.0000
855	0.4793	0.8254	0.5793	0.8000	0.0760	0.6979	36.8421	0.3291	1160.0000	428.0000	0.3690	1162.0000
856	0.4842	0.8259	0.5808	0.8016	0.0759	0.7024	36.9474	0.3226	1150.0000	428.0000	0.3722	1152.0000
857	0.4957	0.8257	0.5786	0.8018	0.0788	0.6962	37.1053	0.3129	1136.0000	428.0000	0.3768	1138.0000
858	0.4682	0.8243	0.5813	0.7937	0.0742	0.6878	37.0526	0.3306	1174.0000	439.0000	0.3739	1177.0000
859	0.4821	0.8217	0.5800	0.7924	0.0736	0.7036	36.8947	0.3222	1153.0000	431.0000	0.3738	1155.0000
860	0.4823	0.8222	0.5796	0.8012	0.0763	0.7013	36.9474	0.3166	1145.0000	421.0000	0.3677	1147.0000
861	0.4916	0.8208	0.5769	0.8020	0.0751	0.7024	37.0526	0.3221	1151.0000	427.0000	0.3710	1153.0000
862	0.5011	0.8236	0.5790	0.7977	0.0788	0.7033	37.0000	0.3124	1153.0000	426.0000	0.3695	1155.0000
863	0.4793	0.8233	0.5804	0.7919	0.0759	0.6789	37.0526	0.3265	1143.0000	441.0000	0.3858	1145.0000
864	0.4700	0.8212	0.5796	0.7926	0.0750	0.6891	37.0526	0.3201	1144.0000	421.0000	0.3680	1146.0000
865	0.4779	0.8175	0.5790	0.8012	0.0753	0.6969	37.1053	0.3186	1157.0000	417.0000	0.3604	1159.0000
866	0.4721	0.8219	0.5840	0.8073	0.0756	0.7031	37.0526	0.3294	1143.0000	421.0000	0.3683	1145.0000
867	0.4762	0.8196	0.5790	0.8027	0.0745	0.6932	36.9474	0.3274	1146.0000	425.0000	0.3709	1148.0000
868	0.4855	0.8247	0.5829	0.7998	0.0748	0.6856	37.0526	0.3447	1143.0000	438.0000	0.3832	1145.0000
869	0.4741	0.8205	0.5767	0.8051	0.0768	0.7017	37.0526	0.3147	1135.0000	413.0000	0.3639	1137.0000
870	0.4715	0.8240	0.5819	0.7933	0.0779	0.7040	36.9474	0.3124	1123.0000	422.0000	0.3758	1125.0000
871	0.4917	0.8243	0.5797	0.8031	0.0761	0.6980	36.7368	0.3100	1129.0000	423.0000	0.3747	1131.0000
872	0.4960	0.8238	0.5792	0.7985	0.0771	0.7007	37.0526	0.3257	1147.0000	424.0000	0.3697	1149.0000
873	0.4773	0.8261	0.5820	0.7857	0.0738	0.6883	36.9474	0.3341	1164.0000	438.0000	0.3763	1166.0000
874	0.4819	0.8189	0.5807	0.8060	0.0739	0.7078	36.8421	0.3361	1122.0000	422.0000	0.3761	1124.0000
875	0.4900	0.8268	0.5822	0.8036	0.0748	0.6980	36.8421	0.3117	1146.0000	426.0000	0.3717	1148.0000
876	0.4693	0.8222	0.5779	0.7887	0.0748	0.6927	36.9474	0.3327	1148.0000	430.0000	0.3746	1150.0000
877	0.4727	0.8231	0.5806	0.7940	0.0744	0.6967	36.9474	0.3355	1151.0000	438.0000	0.3805	1153.0000
878	0.4807	0.8208	0.5796	0.7849	0.0751	0.6888	37.0526	0.3349	1161.0000	432.0000	0.3721	1163.0000
879	0.5017	0.8192	0.5775	0.8055	0.0750	0.7093	37.1053	0.3057	1149.0000	410.0000	0.3568	1151.0000
880	0.4817	0.8150	0.5808	0.8075	0.0764	0.7085	37.1579	0.3190	1131.0000	415.0000	0.3669	1133.0000
881	0.4900	0.8236	0.5802	0.7959	0.0742	0.6937	37.0000	0.3175	1139.0000	437.0000	0.3837	1141.0000
882	0.4847	0.8222	0.5814	0.8069	0.0751	0.6807	37.0000	0.3367	1140.0000	434.0000	0.3807	1142.0000
883	0.4725	0.8203	0.5786	0.8030	0.0742	0.7013	37.0000	0.3291	1144.0000	421.0000	0.3680	1146.0000
884	0.4782	0.8243	0.5789	0.7964	0.0753	0.6850	36.8421	0.3300	1144.0000	436.0000	0.3811	1146.0000
885	0.4914	0.8259	0.5808	0.7999	0.0771	0.6927	36.9474	0.3130	1163.0000	431.0000	0.3706	1165.0000
886	0.4835	0.8238	0.5806	0.7951	0.0751	0.7044	36.8421	0.3191	1174.0000	423.0000	0.3603	1176.0000
887	0.4874	0.8236	0.5808	0.8004	0.0767	0.6958	37.0000	0.3193	1148.0000	421.0000	0.3667	1150.0000
888	0.4619	0.8268	0.5855	0.7924	0.0740	0.6795	36.9474	0.3455	1157.0000	443.0000	0.3829	1159.0000
889	0.4721	0.8224	0.5786	0.7993	0.0763	0.6833	36.8947	0.3387	1154.0000	436.0000	0.3778	1156.0000
890	0.5032	0.8231	0.5787	0.7916	0.0753	0.7034	37.1053	0.3121	1170.0000	430.0000	0.3675	1172.0000
891	0.4639	0.8212	0.5796	0.8022	0.0754	0.6948	37.1053	0.3401	1155.0000	430.0000	0.3723	1157.0000
892	0.4815	0.8224	0.5817	0.7910	0.0741	0.6759	36.8947	0.3437	1141.0000	441.0000	0.3865	1143.0000
893	0.4837	0.8229	0.5835	0.7983	0.0767	0.6993	36.7895	0.3150	1170.0000	434.0000	0.3709	1172.0000
894	0.4701	0.8240	0.5786	0.7906	0.0746	0.6963	36.9474	0.3328	1162.0000	433.0000	0.3726	1164.0000
895	0.5018	0.8212	0.5798	0.7956	0.0755	0.6939	36.9474	0.3242	1136.0000	427.0000	0.3759	1138.0000
896	0.4811	0.8301	0.5846	0.7955	0.0762	0.6823	36.9474	0.3338	1145.0000	446.0000	0.3895	1147.0000
897	0.4685	0.8245	0.5777	0.8037	0.0760	0.6988	37.0526	0.3317	1168.0000	421.0000	0.3604	1170.0000
898	0.4916	0.8252	0.5802	0.8019	0.0761	0.7074	36.8421	0.3108	1140.0000	418.0000	0.3667	1142.0000
899	0.4867	0.8187	0.5792	0.7862	0.0740	0.6921	36.9474	0.3329	1155.0000	440.0000	0.3810	1157.0000
900	0.4792	0.8224	0.5833	0.7889	0.0747	0.6894	36.9474	0.3292	1139.0000	437.0000	0.3837	1141.0000
901	0.4955	0.8224	0.5795	0.8162	0.0774	0.6974	37.0000	0.3143	1130.0000	413.0000	0.3655	1132.0000
902	0.5066	0.8243	0.5771	0.8040	0.0780	0.6907	36.8947	0.3159	1138.0000	436.0000	0.3831	1140.0000
903	0.4805	0.8219	0.5805	0.7989	0.0742	0.6882	37.0526	0.3377	1131.0000	426.0000	0.3767	1133.0000
904	0.4503	0.8229	0.5818	0.7963	0.0732	0.6884	36.9474	0.3453	1159.0000	432.0000	0.3727	1161.0000
905	0.4623	0.8199	0.5814	0.7948	0.0744	0.6941	37.0526	0.3283	1165.0000	427.0000	0.3665	1167.0000
906	0.4944	0.8243	0.5822	0.7916	0.0753	0.6958	37.1053	0.3129	1166.0000	431.0000	0.3696	1168.0000
907	0.5008	0.8233	0.5777	0.7910	0.0757	0.7085	36.9474	0.3052	1180.0000	417.0000	0.3534	1182.0000
908	0.4868	0.8243	0.5806	0.7967	0.0756	0.6845	37.1053	0.3341	1162.0000	439.0000	0.3778	1164.0000
909	0.4790	0.8189	0.5804	0.7973	0.0775	0.7011	36.7895	0.3129	1166.0000	425.0000	0.3645	1168.0000
910	0.4768	0.8187	0.5810	0.7966	0.0760	0.6918	37.0526	0.3245	1150.0000	423.0000	0.3678	1152.0000
911	0.4710	0.8215	0.5826	0.8021	0.0746	0.6901	36.9474	0.3437	1125.0000	428.0000	0.3804	1127.0000
912	0.4722	0.8233	0.5805	0.7963	0.0755	0.6984	37.0526	0.3208	1153.0000	429.0000	0.3721	1155.0000
913	0.4731	0.8298	0.5809	0.7993	0.0750	0.6984	36.9474	0.3305	1130.0000	431.0000	0.3814	1132.0000
914	0.4934	0.8252	0.5809	0.8010	0.0747	0.6999	37.1579	0.3226	1139.0000	423.0000	0.3714	1141.0000
915	0.4926	0.8229	0.5784	0.8015	0.0772	0.6923	37.0000	0.3292	1147.0000	431.0000	0.3758	1149.0000
916	0.4699	0.8287	0.5826	0.7953	0.0760	0.6991	37.0526	0.3232	1182.0000	439.0000	0.3714	1184.0000
917	0.4701	0.8275	0.5812	0.7929	0.0768	0.7000	37.1053	0.3400	1157.0000	432.0000	0.3734	1159.0000
918	0.4841	0.8205	0.5792	0.7988	0.0780	0.6830	36.8947	0.3304	1135.0000	441.0000	0.3885	1137.0000
919	0.4686	0.8208	0.5805	0.7936	0.0736	0.6995	36.9474	0.3212	1168.0000	432.0000	0.3699	1170.0000
920	0.4876	0.8210	0.5789	0.8049	0.0738	0.6898	37.1579	0.3249	1142.0000	433.0000	0.3792	1144.0000
921	0.4829	0.8271	0.5824	0.7956	0.0782	0.6911	36.9474	0.3271	1163.0000	436.0000	0.3749	1165.0000
922	0.4723	0.8231	0.5796	0.8056	0.0766	0.6926	37.0526	0.3162	1126.0000	427.0000	0.3792	1128.0000
923	0.4948	0.8247	0.5817	0.8067	0.0766	0.6898	37.0000	0.3095	1129.0000	433.0000	0.3835	1131.0000
924	0.4864	0.8275	0.5829	0.8102	0.0781	0.6966	36.7368	0.3226	1138.0000	430.0000	0.3779	1140.0000
925	0.4930	0.8233	0.5830	0.7941	0.0754	0.6855	37.0000	0.3312	1136.0000	437.0000	0.3847	1138.0000
926	0.4767	0.8289	0.5803	0.8085	0.0778	0.6992	37.0000	0.3255	1129.0000	429.0000	0.3800	1131.0000
927	0.4877	0.8247	0.5823	0.7921	0.0770	0.7019	37.1579	0.3161	1148.0000	428.0000	0.3728	1150.0000
928	0.4803	0.8189	0.5776	0.7949	0.0751	0.7039	37.0526	0.3128	1157.0000	423.0000	0.3656	1159.0000
929	0.4696	0.8252	0.5845	0.8079	0.0782	0.6930	37.1053	0.3378	1124.0000	430.0000	0.3826	1126.0000
930	0.4894	0.8194	0.5784	0.8041	0.0758	0.7041	37.0526	0.3114	1144.0000	421.0000	0.3680	1146.0000
931	0.5049	0.8240	0.5784	0.8045	0.0762	0.7046	36.9474	0.3095	1157.0000	427.0000	0.3691	1159.0000
932	0.4896	0.8226	0.5773	0.7918	0.0749	0.6961	37.0000	0.3276	1170.0000	425.0000	0.3632	1172.0000
933	0.4842	0.8194	0.5811	0.7927	0.0757	0.7004	36.8421	0.3211	1148.0000	419.0000	0.3650	1150.0000
934	0.5029	0.8240	0.5825	0.8063	0.0755	0.6996	37.0000	0.3069	1138.0000	422.0000	0.3708	1140.0000
935	0.4750	0.8212	0.5785	0.8003	0.0733	0.6836	37.0526	0.3434	1131.0000	436.0000	0.3855	1133.0000
936	0.4680	0.8196	0.5806	0.7981	0.0740	0.6989	36.8947	0.3257	1153.0000	421.0000	0.3651	1155.0000
937	0.4842	0.8278	0.5813	0.8016	0.0801	0.7039	37.1053	0.2959	1183.0000	415.0000	0.3508	1185.0000
938	0.4869	0.8231	0.5801	0.8077	0.0762	0.7135	37.0526	0.3171	1164.0000	418.0000	0.3591	1166.0000
939	0.4923	0.8203	0.5778	0.8001	0.0747	0.6988	37.0526	0.3280	1140.0000	422.0000	0.3702	1142.0000
940	0.4817	0.8245	0.5811	0.7941	0.0758	0.6961	37.0526	0.3226	1169.0000	431.0000	0.3687	1171.0000
941	0.4802	0.8282	0.5844	0.7997	0.0749	0.6891	36.7895	0.3400	1125.0000	437.0000	0.3884	1127.0000
942	0.4751	0.8236	0.5820	0.7937	0.0760	0.6989	37.1579	0.3167	1158.0000	427.0000	0.3687	1160.0000
943	0.5042	0.8229	0.5778	0.7992	0.0777	0.6993	37.0526	0.3046	1159.0000	422.0000	0.3641	1161.0000
944	0.4842	0.8189	0.5779	0.7991	0.0739	0.6918	37.0000	0.3246	1140.0000	426.0000	0.3737	1142.0000
945	0.4715	0.8219	0.5814	0.7988	0.0744	0.6906	37.1053	0.3387	1141.0000	437.0000	0.3830	1143.0000
946	0.4982	0.8229	0.5806	0.7909	0.0741	0.7123	37.0526	0.3088	1136.0000	425.0000	0.3741	1138.0000
947	0.4733	0.8226	0.5810	0.7965	0.0754	0.6819	37.0526	0.3396	1143.0000	437.0000	0.3823	1145.0000
948	0.4733	0.8205	0.5792	0.7967	0.0752	0.6780	37.1053	0.3490	1134.0000	433.0000	0.3818	1136.0000
949	0.4915	0.8224	0.5790	0.8054	0.0772	0.7122	36.8421	0.2927	1145.0000	412.0000	0.3598	1147.0000
950	0.4996	0.8252	0.5789	0.7860	0.0753	0.6988	36.9474	0.3193	1143.0000	435.0000	0.3806	1145.0000
951	0.4796	0.8205	0.5818	0.8095	0.0761	0.6940	37.1053	0.3362	1142.0000	428.0000	0.3748	1144.0000
952	0.4985	0.8194	0.5790	0.7998	0.0733	0.6975	37.0000	0.3122	1135.0000	428.0000	0.3771	1138.0000
953	0.4670	0.8208	0.5809	0.8006	0.0743	0.6796	37.0000	0.3404	1122.0000	441.0000	0.3930	1124.0000
954	0.5036	0.8271	0.5817	0.7774	0.0753	0.7019	37.0000	0.3147	1182.0000	429.0000	0.3629	1184.0000
955	0.4623	0.8224	0.5785	0.8066	0.0774	0.6880	36.7895	0.3348	1130.0000	426.0000	0.3770	1132.0000
956	0.5081	0.8178	0.5765	0.8016	0.0758	0.7063	37.0000	0.3107	1147.0000	416.0000	0.3627	1149.0000
957	0.5004	0.8157	0.5789	0.8007	0.0747	0.7040	36.8421	0.3139	1132.0000	415.0000	0.3666	1134.0000
958	0.4830	0.8252	0.5794	0.8015	0.0782	0.6817	36.8947	0.3143	1129.0000	432.0000	0.3826	1131.0000
959	0.4771	0.8201	0.5816	0.7935	0.0730	0.6784	37.1579	0.3337	1119.0000	442.0000	0.3950	1121.0000
960	0.4895	0.8243	0.5834	0.7971	0.0762	0.7020	37.0000	0.3266	1158.0000	426.0000	0.3679	1160.0000
961	0.4797	0.8245	0.5807	0.7996	0.0770	0.6936	36.8947	0.3290	1163.0000	443.0000	0.3809	1165.0000
962	0.4910	0.8238	0.5805	0.7925	0.0767	0.7043	37.0526	0.3255	1163.0000	423.0000	0.3637	1165.0000
963	0.4872	0.8266	0.5819	0.8044	0.0766	0.6918	37.1579	0.3263	1110.0000	425.0000	0.3829	1112.0000
964	0.4896	0.8210	0.5807	0.8057	0.0751	0.7026	37.0000	0.3191	1153.0000	424.0000	0.3677	1155.0000
965	0.4775	0.8222	0.5809	0.7942	0.0750	0.6859	36.9474	0.3322	1118.0000	437.0000	0.3909	1120.0000
966	0.4798	0.8264	0.5793	0.7986	0.0756	0.7039	37.0000	0.3212	1177.0000	420.0000	0.3568	1179.0000
967	0.4787	0.8229	0.5797	0.7939	0.0758	0.6898	36.8947	0.3195	1153.0000	443.0000	0.3842	1155.0000
968	0.4797	0.8189	0.5825	0.8010	0.0749	0.6977	36.8947	0.3200	1154.0000	429.0000	0.3718	1156.0000
969	0.4816	0.8219	0.5774	0.7976	0.0738	0.6881	36.9474	0.3325	1126.0000	432.0000	0.3837	1128.0000
970	0.4871	0.8245	0.5807	0.7949	0.0750	0.6914	37.0526	0.3222	1144.0000	434.0000	0.3794	1146.0000
971	0.4890	0.8229	0.5812	0.7966	0.0745	0.6980	37.0000	0.3247	1153.0000	433.0000	0.3755	1155.0000
972	0.4800	0.8261	0.5815	0.8027	0.0760	0.6987	37.1053	0.3170	1160.0000	434.0000	0.3741	1162.0000
973	0.4912	0.8212	0.5771	0.8072	0.0751	0.7046	37.0526	0.3167	1170.0000	424.0000	0.3624	1172.0000
974	0.5083	0.8285	0.5823	0.8003	0.0799	0.7103	37.1053	0.2925	1178.0000	421.0000	0.3574	1180.0000
975	0.4956	0.8240	0.5819	0.7988	0.0754	0.6977	37.0000	0.3138	1128.0000	424.0000	0.3759	1130.0000
976	0.4793	0.8199	0.5769	0.7938	0.0756	0.6853	36.9474	0.3357	1164.0000	440.0000	0.3780	1166.0000
977	0.4763	0.8240	0.5766	0.8002	0.0780	0.6969	36.8947	0.3235	1115.0000	420.0000	0.3767	1117.0000
978	0.4932	0.8261	0.5816	0.7866	0.0752	0.6911	36.8947	0.3260	1170.0000	441.0000	0.3769	1172.0000
979	0.4724	0.8192	0.5809	0.7933	0.0724	0.6913	37.0000	0.3423	1142.0000	425.0000	0.3722	1144.0000
980	0.4867	0.8194	0.5820	0.7994	0.0754	0.7016	36.8421	0.3299	1131.0000	422.0000	0.3731	1133.0000
981	0.5052	0.8257	0.5843	0.7997	0.0754	0.6927	36.9474	0.3192	1168.0000	430.0000	0.3682	1170.0000
982	0.4839	0.8178	0.5763	0.8044	0.0738	0.7065	37.1579	0.3225	1140.0000	410.0000	0.3596	1142.0000
983	0.4705	0.8222	0.5791	0.7958	0.0748	0.6991	37.0526	0.3129	1147.0000	423.0000	0.3688	1149.0000
984	0.4707	0.8273	0.5819	0.7961	0.0755	0.7024	37.0526	0.3223	1166.0000	420.0000	0.3602	1168.0000
985	0.4759	0.8250	0.5820	0.8088	0.0741	0.6900	37.1053	0.3446	1149.0000	434.0000	0.3777	1151.0000
986	0.4844	0.8203	0.5793	0.7960	0.0736	0.6847	37.0000	0.3382	1139.0000	432.0000	0.3793	1141.0000
987	0.4697	0.8264	0.5803	0.7997	0.0755	0.6929	37.0526	0.3303	1141.0000	436.0000	0.3821	1143.0000
988	0.4743	0.8196	0.5778	0.7998	0.0739	0.7014	37.1579	0.3270	1153.0000	427.0000	0.3703	1155.0000
989	0.4693	0.8210	0.5816	0.7944	0.0727	0.6942	37.0000	0.3363	1165.0000	433.0000	0.3717	1167.0000
990	0.4678	0.8196	0.5769	0.8034	0.0742	0.6862	37.0526	0.3513	1142.0000	433.0000	0.3792	1144.0000
991	0.4769	0.8194	0.5791	0.8002	0.0762	0.6942	37.2105	0.3241	1140.0000	423.0000	0.3711	1142.0000
992	0.4702	0.8185	0.5794	0.8002	0.0740	0.6871	36.8947	0.3451	1123.0000	434.0000	0.3865	1125.0000
993	0.4681	0.8219	0.5809	0.8042	0.0740	0.6912	37.2105	0.3377	1121.0000	432.0000	0.3854	1123.0000
994	0.5072	0.8217	0.5806	0.7926	0.0757	0.7006	36.8947	0.3030	1154.0000	423.0000	0.3666	1156.0000
995	0.4946	0.8226	0.5780	0.7974	0.0754	0.7056	37.0000	0.3203	1151.0000	425.0000	0.3692	1153.0000
996	0.4797	0.8275	0.5784	0.8005	0.0775	0.7028	37.1053	0.3187	1150.0000	430.0000	0.3739	1152.0000
997	0.4776	0.8222	0.5812	0.7979	0.0759	0.6848	36.9474	0.3407	1149.0000	432.0000	0.3760	1151.0000
998	0.4801	0.8192	0.5793	0.7956	0.0758	0.6864	37.0526	0.3260	1136.0000	424.0000	0.3732	1138.0000
999	0.4930	0.8215	0.5812	0.7962	0.0743	0.6977	37.1579	0.3190	1172.0000	426.0000	0.3635	1174.0000
1000	0.4986	0.8182	0.5770	0.7981	0.0743	0.6759	37.0526	0.3289	1107.0000	433.0000	0.3911	1109.0000
