accuracy	proportion	density	fuzziness	coverage	purity	sounds	missing	ubound	clusters	props	patterns
1	0.4383	0.4951	0.3666	0.8184	0.0182	0.6869	36.6842	0.2582	971.0000	234.0000	0.2410	997.0000
2	0.4102	0.4826	0.3435	0.8432	0.0140	0.6767	36.1053	0.2758	831.0000	195.0000	0.2347	842.0000
3	0.3922	0.4744	0.3461	0.8299	0.0127	0.6429	36.2632	0.3155	738.0000	202.0000	0.2737	754.0000
4	0.4001	0.4772	0.3610	0.8505	0.0131	0.6702	36.2105	0.2952	694.0000	177.0000	0.2550	706.0000
5	0.4019	0.4707	0.3564	0.8423	0.0121	0.6273	35.8947	0.3292	692.0000	202.0000	0.2919	715.0000
6	0.3989	0.4691	0.3566	0.8365	0.0118	0.6555	35.8947	0.3107	738.0000	190.0000	0.2575	762.0000
7	0.3940	0.4649	0.3434	0.8482	0.0110	0.6504	36.2105	0.3077	703.0000	181.0000	0.2575	721.0000
8	0.4029	0.4707	0.3488	0.8436	0.0114	0.6402	36.0526	0.3163	697.0000	181.0000	0.2597	721.0000
9	0.4022	0.4656	0.3364	0.8531	0.0112	0.6285	36.1053	0.3281	671.0000	182.0000	0.2712	682.0000
10	0.4013	0.4747	0.3632	0.8393	0.0124	0.6397	36.0000	0.3233	714.0000	186.0000	0.2605	732.0000
11	0.3831	0.4712	0.3441	0.8249	0.0112	0.6423	36.1053	0.3206	705.0000	187.0000	0.2652	724.0000
12	0.4206	0.4714	0.3621	0.8396	0.0117	0.6611	36.3158	0.3071	671.0000	180.0000	0.2683	685.0000
13	0.4038	0.4670	0.3552	0.8421	0.0126	0.6394	35.8947	0.3262	671.0000	181.0000	0.2697	685.0000
14	0.4021	0.4737	0.3585	0.8254	0.0120	0.6549	36.0000	0.2969	720.0000	188.0000	0.2611	741.0000
15	0.4191	0.4603	0.3322	0.8531	0.0106	0.6359	36.2632	0.3297	675.0000	176.0000	0.2607	693.0000
16	0.4181	0.4705	0.3483	0.8552	0.0120	0.6636	36.0526	0.3024	705.0000	176.0000	0.2496	725.0000
17	0.4161	0.4705	0.3425	0.8429	0.0118	0.6518	36.5263	0.3157	665.0000	184.0000	0.2767	678.0000
18	0.3714	0.4714	0.3485	0.8399	0.0115	0.6419	36.0526	0.3176	691.0000	184.0000	0.2663	707.0000
19	0.4039	0.4691	0.3391	0.8363	0.0114	0.6486	35.8947	0.3135	703.0000	188.0000	0.2674	728.0000
20	0.4032	0.4705	0.3507	0.8552	0.0127	0.6514	35.8947	0.3173	661.0000	182.0000	0.2753	675.0000
21	0.4058	0.4663	0.3407	0.8564	0.0113	0.6310	36.1579	0.3214	701.0000	183.0000	0.2611	716.0000
22	0.3712	0.4679	0.3491	0.8476	0.0119	0.6291	36.0526	0.3308	673.0000	191.0000	0.2838	689.0000
23	0.3988	0.4700	0.3514	0.8397	0.0124	0.6568	36.0526	0.3096	698.0000	178.0000	0.2550	714.0000
24	0.3849	0.4679	0.3531	0.8530	0.0117	0.6419	36.0526	0.3210	690.0000	180.0000	0.2609	706.0000
25	0.4158	0.4600	0.3391	0.8525	0.0102	0.6437	35.8947	0.3184	670.0000	177.0000	0.2642	688.0000
26	0.4182	0.4651	0.3538	0.8505	0.0120	0.6551	36.1579	0.3140	652.0000	171.0000	0.2623	670.0000
27	0.4104	0.4707	0.3597	0.8478	0.0124	0.6433	36.1053	0.3183	701.0000	188.0000	0.2682	720.0000
28	0.4125	0.4672	0.3428	0.8483	0.0115	0.6455	36.1053	0.3125	704.0000	180.0000	0.2557	719.0000
29	0.3992	0.4714	0.3516	0.8550	0.0115	0.6543	36.0526	0.3013	736.0000	181.0000	0.2459	754.0000
30	0.3982	0.4716	0.3615	0.8473	0.0126	0.6625	36.0000	0.2998	730.0000	184.0000	0.2521	744.0000
31	0.3879	0.4679	0.3604	0.8597	0.0118	0.6528	35.8947	0.3086	694.0000	182.0000	0.2622	714.0000
32	0.3961	0.4707	0.3523	0.8516	0.0124	0.6497	35.6316	0.3061	699.0000	177.0000	0.2532	712.0000
33	0.3961	0.4705	0.3601	0.8458	0.0118	0.6191	35.8947	0.3407	718.0000	200.0000	0.2786	737.0000
34	0.4219	0.4689	0.3513	0.8574	0.0116	0.6432	36.0526	0.3210	663.0000	173.0000	0.2609	683.0000
35	0.4162	0.4730	0.3533	0.8411	0.0128	0.6548	36.2105	0.3074	674.0000	178.0000	0.2641	691.0000
36	0.3822	0.4684	0.3525	0.8491	0.0114	0.6380	36.2105	0.3253	684.0000	179.0000	0.2617	704.0000
37	0.4088	0.4661	0.3477	0.8307	0.0121	0.6461	36.2632	0.3167	700.0000	187.0000	0.2671	719.0000
38	0.4142	0.4637	0.3386	0.8448	0.0117	0.6501	36.0526	0.2999	644.0000	172.0000	0.2671	657.0000
39	0.4126	0.4702	0.3517	0.8444	0.0118	0.6517	35.8947	0.3056	683.0000	185.0000	0.2709	706.0000
40	0.3729	0.4682	0.3527	0.8438	0.0114	0.6206	36.2105	0.3415	692.0000	191.0000	0.2760	711.0000
41	0.4057	0.4698	0.3504	0.8471	0.0124	0.6500	35.7368	0.3103	670.0000	177.0000	0.2642	683.0000
42	0.3843	0.4695	0.3489	0.8570	0.0116	0.6196	36.1053	0.3448	667.0000	186.0000	0.2789	686.0000
43	0.4096	0.4654	0.3441	0.8518	0.0120	0.6430	36.0526	0.3232	655.0000	175.0000	0.2672	670.0000
44	0.4105	0.4677	0.3433	0.8479	0.0116	0.6634	36.0526	0.3047	684.0000	178.0000	0.2602	704.0000
45	0.4206	0.4700	0.3570	0.8520	0.0126	0.6596	35.6842	0.3012	702.0000	175.0000	0.2493	718.0000
46	0.4128	0.4675	0.3494	0.8555	0.0123	0.6589	36.0000	0.2960	682.0000	173.0000	0.2537	693.0000
47	0.4012	0.4705	0.3608	0.8599	0.0123	0.6418	36.0000	0.3217	673.0000	183.0000	0.2719	693.0000
48	0.4028	0.4640	0.3498	0.8497	0.0109	0.6481	36.2105	0.3170	672.0000	167.0000	0.2485	688.0000
49	0.3929	0.4614	0.3368	0.8663	0.0115	0.6267	35.7895	0.3270	670.0000	178.0000	0.2657	684.0000
50	0.3826	0.4707	0.3511	0.8490	0.0119	0.6254	35.9474	0.3342	675.0000	182.0000	0.2696	691.0000
51	0.3817	0.4665	0.3498	0.8443	0.0125	0.6179	36.0526	0.3371	688.0000	188.0000	0.2733	697.0000
52	0.3818	0.4663	0.3500	0.8615	0.0115	0.6191	36.0000	0.3395	692.0000	181.0000	0.2616	703.0000
53	0.4101	0.4665	0.3503	0.8392	0.0109	0.6380	36.0526	0.3172	686.0000	181.0000	0.2638	708.0000
54	0.3853	0.4689	0.3495	0.8411	0.0118	0.6327	36.0526	0.3317	709.0000	181.0000	0.2553	726.0000
55	0.4123	0.4679	0.3548	0.8264	0.0113	0.6572	36.0000	0.3027	688.0000	182.0000	0.2645	712.0000
56	0.3874	0.4693	0.3486	0.8361	0.0108	0.6470	36.0526	0.3161	726.0000	183.0000	0.2521	751.0000
57	0.3851	0.4656	0.3492	0.8578	0.0115	0.6266	36.1579	0.3309	652.0000	190.0000	0.2914	671.0000
58	0.3820	0.4747	0.3584	0.8378	0.0127	0.6260	35.8947	0.3415	675.0000	192.0000	0.2844	689.0000
59	0.3877	0.4689	0.3510	0.8397	0.0120	0.6360	35.8947	0.3185	702.0000	188.0000	0.2678	722.0000
60	0.4022	0.4712	0.3490	0.8444	0.0122	0.6347	35.8947	0.3063	703.0000	185.0000	0.2632	722.0000
61	0.4124	0.4647	0.3506	0.8414	0.0118	0.6396	35.8421	0.3209	670.0000	178.0000	0.2657	691.0000
62	0.3935	0.4658	0.3371	0.8468	0.0115	0.6353	35.8947	0.3339	672.0000	182.0000	0.2708	687.0000
63	0.3746	0.4665	0.3535	0.8422	0.0113	0.6061	35.7368	0.3507	669.0000	203.0000	0.3034	688.0000
64	0.3986	0.4714	0.3429	0.8466	0.0127	0.6453	35.8947	0.3189	685.0000	179.0000	0.2613	697.0000
65	0.3989	0.4705	0.3588	0.8389	0.0122	0.6437	36.3684	0.3246	695.0000	187.0000	0.2691	712.0000
66	0.3866	0.4670	0.3540	0.8557	0.0113	0.6344	36.0526	0.3230	681.0000	182.0000	0.2673	697.0000
67	0.3971	0.4651	0.3522	0.8518	0.0116	0.6427	36.2632	0.3131	734.0000	182.0000	0.2480	751.0000
68	0.3535	0.4584	0.3357	0.8538	0.0106	0.5942	35.7895	0.3697	659.0000	190.0000	0.2883	680.0000
69	0.4009	0.4705	0.3515	0.8309	0.0124	0.6353	36.0000	0.3244	715.0000	192.0000	0.2685	731.0000
70	0.4081	0.4672	0.3571	0.8436	0.0116	0.6316	36.3158	0.3303	695.0000	187.0000	0.2691	714.0000
71	0.3820	0.4726	0.3556	0.8426	0.0125	0.6265	35.8421	0.3332	671.0000	193.0000	0.2876	684.0000
72	0.4076	0.4726	0.3622	0.8399	0.0120	0.6472	36.0000	0.3110	718.0000	189.0000	0.2632	739.0000
73	0.4171	0.4693	0.3491	0.8544	0.0126	0.6461	35.8421	0.3234	645.0000	173.0000	0.2682	660.0000
74	0.3916	0.4716	0.3505	0.8516	0.0122	0.6278	35.8947	0.3281	670.0000	175.0000	0.2612	689.0000
75	0.3920	0.4623	0.3356	0.8531	0.0113	0.6551	36.0526	0.3066	674.0000	175.0000	0.2596	689.0000
76	0.3997	0.4675	0.3524	0.8621	0.0123	0.6384	36.3684	0.3264	671.0000	178.0000	0.2653	683.0000
77	0.4098	0.4735	0.3594	0.8439	0.0127	0.6420	35.8947	0.3163	686.0000	183.0000	0.2668	710.0000
78	0.4165	0.4686	0.3543	0.8403	0.0126	0.6567	36.3158	0.3035	664.0000	177.0000	0.2666	685.0000
79	0.4109	0.4598	0.3342	0.8520	0.0114	0.6320	36.0000	0.3198	652.0000	175.0000	0.2684	668.0000
80	0.3821	0.4689	0.3530	0.8326	0.0115	0.6265	36.1053	0.3348	700.0000	186.0000	0.2657	723.0000
81	0.4225	0.4656	0.3431	0.8461	0.0121	0.6520	35.9474	0.2966	693.0000	172.0000	0.2482	709.0000
82	0.4003	0.4677	0.3490	0.8478	0.0112	0.6194	36.3684	0.3443	693.0000	189.0000	0.2727	715.0000
83	0.3863	0.4656	0.3500	0.8395	0.0110	0.6251	36.0000	0.3327	687.0000	195.0000	0.2838	708.0000
84	0.4109	0.4656	0.3508	0.8534	0.0120	0.6445	36.1579	0.3088	673.0000	176.0000	0.2615	693.0000
85	0.3986	0.4716	0.3573	0.8381	0.0121	0.6300	36.1579	0.3307	706.0000	192.0000	0.2720	724.0000
86	0.3942	0.4742	0.3585	0.8489	0.0117	0.6260	36.0000	0.3363	708.0000	198.0000	0.2797	730.0000
87	0.3970	0.4640	0.3439	0.8636	0.0116	0.6360	36.0000	0.3305	690.0000	177.0000	0.2565	710.0000
88	0.4266	0.4721	0.3515	0.8396	0.0120	0.6689	36.1579	0.2881	706.0000	174.0000	0.2465	722.0000
89	0.3849	0.4633	0.3388	0.8524	0.0113	0.6453	35.8421	0.3164	670.0000	168.0000	0.2507	689.0000
90	0.3909	0.4679	0.3509	0.8457	0.0120	0.6430	36.1579	0.3159	663.0000	184.0000	0.2775	680.0000
91	0.4143	0.4668	0.3505	0.8475	0.0124	0.6519	36.0000	0.3081	701.0000	177.0000	0.2525	712.0000
92	0.3816	0.4663	0.3444	0.8439	0.0113	0.6214	36.0000	0.3428	715.0000	191.0000	0.2671	730.0000
93	0.3997	0.4723	0.3489	0.8480	0.0120	0.6379	36.0526	0.3188	705.0000	180.0000	0.2553	726.0000
94	0.3951	0.4726	0.3595	0.8345	0.0121	0.6291	36.0526	0.3349	679.0000	196.0000	0.2887	701.0000
95	0.3921	0.4695	0.3594	0.8547	0.0125	0.6465	35.8421	0.3132	689.0000	185.0000	0.2685	697.0000
96	0.3881	0.4728	0.3510	0.8508	0.0130	0.6481	36.2105	0.3121	693.0000	181.0000	0.2612	711.0000
97	0.3928	0.4730	0.3573	0.8474	0.0124	0.6169	36.2105	0.3492	677.0000	192.0000	0.2836	698.0000
98	0.4181	0.4619	0.3446	0.8521	0.0120	0.6411	36.1053	0.3184	665.0000	168.0000	0.2526	683.0000
99	0.4241	0.4661	0.3457	0.8428	0.0115	0.6353	35.8421	0.3199	648.0000	178.0000	0.2747	664.0000
100	0.4217	0.4672	0.3502	0.8485	0.0114	0.6656	36.0526	0.2973	664.0000	173.0000	0.2605	680.0000
101	0.3951	0.4682	0.3387	0.8357	0.0116	0.6422	35.9474	0.3157	687.0000	183.0000	0.2664	711.0000
102	0.4173	0.4698	0.3602	0.8406	0.0120	0.6472	35.9474	0.3106	705.0000	183.0000	0.2596	713.0000
103	0.3820	0.4656	0.3484	0.8349	0.0113	0.6132	35.8421	0.3390	741.0000	208.0000	0.2807	758.0000
104	0.3809	0.4679	0.3478	0.8367	0.0118	0.6497	36.0526	0.3173	725.0000	183.0000	0.2524	739.0000
105	0.4173	0.4686	0.3595	0.8425	0.0116	0.6366	36.2105	0.3236	706.0000	185.0000	0.2620	723.0000
106	0.3862	0.4719	0.3517	0.8383	0.0131	0.6284	36.0526	0.3369	677.0000	199.0000	0.2939	692.0000
107	0.3843	0.4689	0.3579	0.8418	0.0127	0.6331	35.9474	0.3332	680.0000	185.0000	0.2721	701.0000
108	0.3969	0.4686	0.3524	0.8547	0.0120	0.6429	36.1053	0.3152	666.0000	179.0000	0.2688	686.0000
109	0.3704	0.4675	0.3549	0.8657	0.0120	0.6266	36.3684	0.3358	676.0000	187.0000	0.2766	693.0000
110	0.3976	0.4691	0.3563	0.8524	0.0116	0.6527	36.0000	0.2947	687.0000	174.0000	0.2533	709.0000
111	0.3842	0.4679	0.3517	0.8370	0.0114	0.6470	36.2105	0.3098	739.0000	182.0000	0.2463	768.0000
112	0.4005	0.4679	0.3359	0.8308	0.0119	0.6322	35.5789	0.3241	704.0000	185.0000	0.2628	716.0000
113	0.3818	0.4705	0.3548	0.8410	0.0120	0.6297	36.3158	0.3342	709.0000	197.0000	0.2779	734.0000
114	0.3926	0.4716	0.3504	0.8362	0.0118	0.6320	36.0000	0.3333	699.0000	196.0000	0.2804	707.0000
115	0.3959	0.4661	0.3563	0.8448	0.0118	0.6271	36.0526	0.3290	675.0000	188.0000	0.2785	695.0000
116	0.4181	0.4712	0.3534	0.8482	0.0127	0.6582	36.0526	0.2975	691.0000	173.0000	0.2504	711.0000
117	0.3908	0.4684	0.3549	0.8415	0.0120	0.6317	35.9474	0.3226	691.0000	185.0000	0.2677	715.0000
118	0.3828	0.4656	0.3534	0.8488	0.0122	0.6314	36.0000	0.3225	668.0000	183.0000	0.2740	684.0000
119	0.4000	0.4654	0.3454	0.8430	0.0115	0.6356	35.8947	0.3169	682.0000	182.0000	0.2669	701.0000
120	0.3995	0.4719	0.3606	0.8314	0.0128	0.6438	36.0526	0.3139	686.0000	182.0000	0.2653	703.0000
121	0.3978	0.4670	0.3440	0.8470	0.0115	0.6523	36.0526	0.3082	729.0000	186.0000	0.2551	747.0000
122	0.4145	0.4675	0.3526	0.8333	0.0116	0.6375	35.9474	0.3207	669.0000	188.0000	0.2810	692.0000
123	0.4141	0.4644	0.3514	0.8650	0.0114	0.6537	36.5263	0.3012	686.0000	175.0000	0.2551	707.0000
124	0.3833	0.4635	0.3495	0.8486	0.0111	0.6438	36.0000	0.3270	676.0000	181.0000	0.2678	695.0000
125	0.3857	0.4684	0.3515	0.8471	0.0124	0.6126	36.1053	0.3375	682.0000	187.0000	0.2742	697.0000
126	0.4148	0.4698	0.3580	0.8416	0.0126	0.6613	36.1579	0.2990	709.0000	177.0000	0.2496	717.0000
127	0.3899	0.4691	0.3413	0.8499	0.0119	0.6230	35.7895	0.3443	680.0000	188.0000	0.2765	699.0000
128	0.3814	0.4668	0.3439	0.8550	0.0113	0.6333	36.0526	0.3317	706.0000	187.0000	0.2649	724.0000
129	0.4034	0.4677	0.3420	0.8453	0.0122	0.6244	35.8947	0.3355	679.0000	187.0000	0.2754	696.0000
130	0.3743	0.4651	0.3551	0.8469	0.0116	0.6465	36.0526	0.3139	688.0000	184.0000	0.2674	712.0000
131	0.3873	0.4668	0.3472	0.8419	0.0126	0.6454	36.2105	0.3099	646.0000	179.0000	0.2771	660.0000
132	0.3893	0.4698	0.3588	0.8434	0.0116	0.6277	35.8421	0.3311	688.0000	196.0000	0.2849	708.0000
133	0.4012	0.4693	0.3594	0.8439	0.0117	0.6481	35.9474	0.3119	696.0000	183.0000	0.2629	717.0000
134	0.3886	0.4684	0.3514	0.8409	0.0123	0.6401	35.8421	0.3219	676.0000	186.0000	0.2751	688.0000
135	0.3949	0.4672	0.3549	0.8380	0.0114	0.6443	36.1053	0.3141	690.0000	183.0000	0.2652	709.0000
136	0.3920	0.4651	0.3491	0.8484	0.0119	0.6322	36.2105	0.3241	668.0000	180.0000	0.2695	686.0000
137	0.3952	0.4684	0.3560	0.8581	0.0125	0.6378	35.7368	0.3315	655.0000	176.0000	0.2687	675.0000
138	0.3885	0.4640	0.3412	0.8459	0.0115	0.6225	36.2105	0.3388	648.0000	189.0000	0.2917	666.0000
139	0.3971	0.4693	0.3556	0.8392	0.0121	0.6417	36.1053	0.3232	696.0000	192.0000	0.2759	712.0000
140	0.4140	0.4721	0.3585	0.8304	0.0131	0.6422	35.7895	0.3214	670.0000	191.0000	0.2851	682.0000
141	0.4038	0.4672	0.3427	0.8493	0.0121	0.6513	35.5789	0.3225	662.0000	169.0000	0.2553	673.0000
142	0.3777	0.4726	0.3513	0.8422	0.0129	0.6332	36.1053	0.3245	709.0000	196.0000	0.2764	722.0000
143	0.4153	0.4726	0.3575	0.8518	0.0127	0.6493	36.1053	0.3167	690.0000	182.0000	0.2638	710.0000
144	0.3733	0.4647	0.3514	0.8626	0.0111	0.6387	36.1053	0.3279	671.0000	175.0000	0.2608	693.0000
145	0.3979	0.4684	0.3636	0.8391	0.0115	0.6306	36.1579	0.3220	707.0000	187.0000	0.2645	725.0000
146	0.3866	0.4693	0.3559	0.8502	0.0121	0.6320	36.1053	0.3340	670.0000	180.0000	0.2687	688.0000
147	0.4145	0.4656	0.3555	0.8278	0.0115	0.6514	36.0526	0.3098	691.0000	178.0000	0.2576	713.0000
148	0.3782	0.4665	0.3441	0.8567	0.0115	0.6516	36.2632	0.2991	643.0000	172.0000	0.2675	658.0000
149	0.3881	0.4654	0.3438	0.8563	0.0116	0.6374	36.0000	0.3291	676.0000	181.0000	0.2678	696.0000
150	0.3883	0.4647	0.3459	0.8552	0.0110	0.6141	36.2632	0.3513	657.0000	189.0000	0.2877	679.0000
151	0.3998	0.4691	0.3485	0.8429	0.0126	0.6342	36.1053	0.3232	679.0000	189.0000	0.2784	694.0000
152	0.3711	0.4644	0.3391	0.8483	0.0119	0.6414	35.9474	0.3178	679.0000	181.0000	0.2666	697.0000
153	0.4215	0.4721	0.3559	0.8407	0.0122	0.6545	36.1053	0.3082	679.0000	181.0000	0.2666	692.0000
154	0.3968	0.4723	0.3581	0.8515	0.0127	0.6215	36.0526	0.3247	711.0000	198.0000	0.2785	727.0000
155	0.3927	0.4656	0.3470	0.8501	0.0118	0.6440	36.0000	0.3151	687.0000	183.0000	0.2664	704.0000
156	0.3711	0.4651	0.3375	0.8386	0.0117	0.6167	36.1053	0.3517	682.0000	193.0000	0.2830	698.0000
157	0.4079	0.4654	0.3526	0.8345	0.0119	0.6400	35.9474	0.3125	677.0000	180.0000	0.2659	696.0000
158	0.3895	0.4658	0.3452	0.8581	0.0115	0.6407	35.9474	0.3189	674.0000	175.0000	0.2596	697.0000
159	0.3754	0.4686	0.3502	0.8424	0.0113	0.6191	36.0000	0.3423	666.0000	181.0000	0.2718	688.0000
160	0.3986	0.4619	0.3320	0.8371	0.0105	0.6456	35.8947	0.3179	670.0000	176.0000	0.2627	697.0000
161	0.4011	0.4698	0.3501	0.8502	0.0124	0.6369	36.0526	0.3306	657.0000	181.0000	0.2755	676.0000
162	0.4146	0.4709	0.3550	0.8539	0.0125	0.6471	36.3684	0.3177	713.0000	187.0000	0.2623	723.0000
163	0.4124	0.4651	0.3377	0.8351	0.0113	0.6540	36.0526	0.3153	704.0000	184.0000	0.2614	725.0000
164	0.3916	0.4661	0.3549	0.8393	0.0116	0.6153	35.9474	0.3375	665.0000	188.0000	0.2827	683.0000
165	0.4345	0.4677	0.3565	0.8357	0.0115	0.6483	36.2105	0.3120	698.0000	176.0000	0.2521	719.0000
166	0.4066	0.4672	0.3522	0.8282	0.0121	0.6452	36.1053	0.3069	710.0000	180.0000	0.2535	727.0000
167	0.4095	0.4619	0.3488	0.8546	0.0126	0.6496	36.0526	0.3210	649.0000	168.0000	0.2589	663.0000
168	0.4058	0.4665	0.3442	0.8343	0.0112	0.6354	35.9474	0.3186	669.0000	184.0000	0.2750	684.0000
169	0.3726	0.4647	0.3455	0.8411	0.0114	0.6296	36.1579	0.3431	660.0000	192.0000	0.2909	678.0000
170	0.3814	0.4621	0.3420	0.8551	0.0113	0.6312	36.1053	0.3267	660.0000	178.0000	0.2697	676.0000
171	0.3845	0.4640	0.3410	0.8490	0.0105	0.6247	36.1053	0.3358	693.0000	187.0000	0.2698	720.0000
172	0.4076	0.4737	0.3489	0.8459	0.0123	0.6540	36.0000	0.3084	704.0000	178.0000	0.2528	717.0000
173	0.3739	0.4668	0.3473	0.8489	0.0111	0.6286	36.2105	0.3233	692.0000	188.0000	0.2717	707.0000
174	0.3780	0.4637	0.3382	0.8394	0.0112	0.6405	35.9474	0.3242	702.0000	178.0000	0.2536	724.0000
175	0.3918	0.4663	0.3506	0.8380	0.0115	0.6059	35.8947	0.3409	640.0000	193.0000	0.3016	656.0000
176	0.3788	0.4677	0.3430	0.8243	0.0113	0.6346	36.0526	0.3214	707.0000	195.0000	0.2758	723.0000
177	0.3857	0.4651	0.3474	0.8343	0.0124	0.6305	36.1579	0.3324	666.0000	186.0000	0.2793	682.0000
178	0.3776	0.4714	0.3544	0.8391	0.0117	0.6326	36.0526	0.3290	716.0000	185.0000	0.2584	735.0000
179	0.3911	0.4649	0.3480	0.8440	0.0116	0.6302	35.8421	0.3282	648.0000	186.0000	0.2870	667.0000
180	0.4067	0.4665	0.3502	0.8474	0.0124	0.6287	36.1053	0.3434	674.0000	185.0000	0.2745	691.0000
181	0.3943	0.4684	0.3508	0.8387	0.0125	0.6467	35.8947	0.3054	705.0000	188.0000	0.2667	718.0000
182	0.4075	0.4658	0.3551	0.8406	0.0122	0.6251	36.2105	0.3248	676.0000	193.0000	0.2855	695.0000
183	0.3977	0.4712	0.3529	0.8326	0.0125	0.6415	36.1053	0.3130	681.0000	183.0000	0.2687	697.0000
184	0.4317	0.4644	0.3383	0.8394	0.0115	0.6651	36.1053	0.3029	676.0000	162.0000	0.2396	691.0000
185	0.4111	0.4658	0.3529	0.8513	0.0119	0.6389	36.0000	0.3285	661.0000	176.0000	0.2663	681.0000
186	0.4185	0.4693	0.3630	0.8376	0.0119	0.6473	35.8947	0.3197	696.0000	181.0000	0.2601	715.0000
187	0.4133	0.4719	0.3556	0.8448	0.0122	0.6559	36.1579	0.3034	691.0000	177.0000	0.2562	713.0000
188	0.3567	0.4682	0.3596	0.8536	0.0130	0.6164	35.8947	0.3464	651.0000	184.0000	0.2826	668.0000
189	0.4059	0.4747	0.3530	0.8442	0.0125	0.6411	35.8947	0.3130	702.0000	190.0000	0.2707	725.0000
190	0.4006	0.4695	0.3585	0.8384	0.0126	0.6394	35.7895	0.3186	678.0000	189.0000	0.2788	702.0000
191	0.4069	0.4730	0.3611	0.8402	0.0135	0.6351	36.1053	0.3254	684.0000	189.0000	0.2763	704.0000
192	0.3901	0.4640	0.3477	0.8476	0.0118	0.6218	36.0000	0.3348	670.0000	182.0000	0.2716	687.0000
193	0.4170	0.4705	0.3569	0.8371	0.0120	0.6543	35.8421	0.3099	706.0000	181.0000	0.2564	723.0000
194	0.3915	0.4700	0.3475	0.8555	0.0120	0.6544	36.1053	0.3046	707.0000	177.0000	0.2504	729.0000
195	0.3960	0.4733	0.3657	0.8332	0.0129	0.6505	36.1053	0.3199	698.0000	190.0000	0.2722	711.0000
196	0.4432	0.4677	0.3411	0.8515	0.0117	0.6574	35.7368	0.2995	688.0000	179.0000	0.2602	703.0000
197	0.4130	0.4716	0.3552	0.8414	0.0120	0.6514	36.0000	0.3044	695.0000	184.0000	0.2647	718.0000
198	0.3857	0.4672	0.3484	0.8497	0.0115	0.6401	36.1579	0.3172	694.0000	175.0000	0.2522	710.0000
199	0.3847	0.4716	0.3465	0.8417	0.0123	0.6495	35.9474	0.3102	668.0000	186.0000	0.2784	688.0000
200	0.3895	0.4665	0.3456	0.8416	0.0115	0.6093	35.8947	0.3427	662.0000	186.0000	0.2810	684.0000
201	0.3906	0.4686	0.3497	0.8482	0.0122	0.6420	36.1579	0.3263	693.0000	183.0000	0.2641	706.0000
202	0.3931	0.4693	0.3505	0.8420	0.0116	0.6367	35.9474	0.3178	724.0000	194.0000	0.2680	745.0000
203	0.3680	0.4647	0.3437	0.8404	0.0113	0.6291	35.7895	0.3285	718.0000	189.0000	0.2632	739.0000
204	0.3971	0.4689	0.3528	0.8349	0.0118	0.6424	36.1053	0.3139	668.0000	182.0000	0.2725	685.0000
205	0.3962	0.4756	0.3604	0.8270	0.0125	0.6461	36.2105	0.3134	711.0000	194.0000	0.2729	729.0000
206	0.3962	0.4684	0.3572	0.8530	0.0121	0.6236	36.1053	0.3348	661.0000	183.0000	0.2769	677.0000
207	0.4016	0.4684	0.3530	0.8380	0.0116	0.6425	36.1053	0.3184	703.0000	184.0000	0.2617	724.0000
208	0.3780	0.4672	0.3541	0.8427	0.0115	0.6362	36.4211	0.3222	716.0000	190.0000	0.2654	733.0000
209	0.3826	0.4751	0.3567	0.8607	0.0125	0.6550	36.2632	0.3053	698.0000	183.0000	0.2622	713.0000
210	0.4299	0.4689	0.3486	0.8529	0.0132	0.6493	36.1053	0.3089	699.0000	181.0000	0.2589	717.0000
211	0.4107	0.4684	0.3508	0.8467	0.0122	0.6418	36.0000	0.3289	702.0000	186.0000	0.2650	715.0000
212	0.3969	0.4665	0.3392	0.8382	0.0113	0.6357	36.1579	0.3310	696.0000	186.0000	0.2672	706.0000
213	0.3900	0.4712	0.3531	0.8467	0.0123	0.6225	36.1053	0.3546	665.0000	185.0000	0.2782	684.0000
214	0.3869	0.4702	0.3563	0.8458	0.0114	0.6308	36.0526	0.3332	686.0000	192.0000	0.2799	706.0000
215	0.3760	0.4691	0.3500	0.8483	0.0113	0.6203	36.3684	0.3430	681.0000	192.0000	0.2819	703.0000
216	0.3981	0.4686	0.3586	0.8526	0.0121	0.6192	36.0000	0.3437	685.0000	187.0000	0.2730	708.0000
217	0.3680	0.4656	0.3399	0.8470	0.0117	0.6301	36.2105	0.3391	690.0000	179.0000	0.2594	706.0000
218	0.3998	0.4693	0.3522	0.8461	0.0117	0.6309	36.3158	0.3196	697.0000	191.0000	0.2740	719.0000
219	0.4048	0.4651	0.3334	0.8556	0.0119	0.6479	35.9474	0.3185	663.0000	175.0000	0.2640	677.0000
220	0.3732	0.4695	0.3504	0.8402	0.0122	0.6304	35.8421	0.3320	693.0000	188.0000	0.2713	713.0000
221	0.4287	0.4682	0.3568	0.8385	0.0121	0.6504	36.0000	0.3063	712.0000	178.0000	0.2500	725.0000
222	0.3743	0.4675	0.3510	0.8538	0.0115	0.6300	36.1579	0.3406	669.0000	185.0000	0.2765	692.0000
223	0.3988	0.4691	0.3541	0.8490	0.0121	0.6262	36.1053	0.3297	707.0000	185.0000	0.2617	716.0000
224	0.4038	0.4672	0.3519	0.8330	0.0115	0.6346	36.1053	0.3301	714.0000	192.0000	0.2689	732.0000
225	0.3792	0.4714	0.3571	0.8565	0.0123	0.6105	35.8947	0.3485	689.0000	200.0000	0.2903	707.0000
226	0.3820	0.4656	0.3531	0.8567	0.0110	0.6289	36.1053	0.3364	658.0000	182.0000	0.2766	678.0000
227	0.3899	0.4623	0.3414	0.8488	0.0115	0.6313	35.6316	0.3261	658.0000	180.0000	0.2736	678.0000
228	0.3947	0.4693	0.3457	0.8594	0.0112	0.6407	36.1053	0.3179	737.0000	188.0000	0.2551	765.0000
229	0.3920	0.4721	0.3494	0.8425	0.0126	0.6405	35.9474	0.3215	673.0000	185.0000	0.2749	688.0000
230	0.3952	0.4619	0.3436	0.8430	0.0106	0.6230	36.0526	0.3455	706.0000	186.0000	0.2635	725.0000
231	0.3832	0.4714	0.3519	0.8315	0.0124	0.6191	36.2632	0.3524	672.0000	195.0000	0.2902	685.0000
232	0.3903	0.4691	0.3570	0.8410	0.0117	0.6235	36.1579	0.3401	679.0000	188.0000	0.2769	702.0000
233	0.4221	0.4670	0.3360	0.8466	0.0118	0.6447	35.8947	0.3262	671.0000	180.0000	0.2683	697.0000
234	0.3675	0.4682	0.3439	0.8435	0.0115	0.6496	35.9474	0.3076	671.0000	181.0000	0.2697	693.0000
235	0.4011	0.4737	0.3496	0.8364	0.0128	0.6435	36.1579	0.3216	684.0000	191.0000	0.2792	700.0000
236	0.3830	0.4600	0.3332	0.8523	0.0112	0.6404	36.1053	0.3148	677.0000	181.0000	0.2674	696.0000
237	0.3957	0.4719	0.3523	0.8439	0.0126	0.6335	35.8421	0.3216	673.0000	187.0000	0.2779	685.0000
238	0.4291	0.4695	0.3449	0.8376	0.0125	0.6486	35.8947	0.3016	695.0000	175.0000	0.2518	709.0000
239	0.4030	0.4661	0.3545	0.8409	0.0123	0.6293	36.0000	0.3289	677.0000	186.0000	0.2747	692.0000
240	0.4039	0.4707	0.3486	0.8508	0.0115	0.6291	35.8947	0.3267	695.0000	188.0000	0.2705	708.0000
241	0.3875	0.4763	0.3575	0.8488	0.0125	0.6321	36.1579	0.3252	710.0000	192.0000	0.2704	734.0000
242	0.4156	0.4649	0.3533	0.8411	0.0117	0.6429	35.9474	0.3203	711.0000	184.0000	0.2588	729.0000
243	0.4019	0.4721	0.3455	0.8392	0.0128	0.6404	36.0000	0.3109	681.0000	187.0000	0.2746	692.0000
244	0.3737	0.4649	0.3477	0.8349	0.0118	0.6099	35.8947	0.3476	689.0000	187.0000	0.2714	706.0000
245	0.3791	0.4635	0.3404	0.8587	0.0118	0.6111	36.0000	0.3407	638.0000	179.0000	0.2806	649.0000
246	0.4066	0.4698	0.3571	0.8477	0.0127	0.6315	35.7368	0.3341	672.0000	190.0000	0.2827	687.0000
247	0.3882	0.4684	0.3543	0.8422	0.0118	0.6206	36.0526	0.3411	698.0000	195.0000	0.2794	712.0000
248	0.3778	0.4647	0.3473	0.8424	0.0113	0.6306	36.1053	0.3278	690.0000	183.0000	0.2652	716.0000
249	0.3918	0.4730	0.3543	0.8244	0.0126	0.6384	36.0000	0.3107	738.0000	198.0000	0.2683	751.0000
250	0.4243	0.4714	0.3529	0.8568	0.0123	0.6629	36.0000	0.3017	699.0000	171.0000	0.2446	719.0000
251	0.3991	0.4642	0.3521	0.8537	0.0115	0.6321	36.1053	0.3188	685.0000	186.0000	0.2715	702.0000
252	0.4053	0.4716	0.3495	0.8340	0.0122	0.6386	35.7895	0.3144	682.0000	179.0000	0.2625	698.0000
253	0.4080	0.4661	0.3362	0.8552	0.0124	0.6416	36.1053	0.3207	662.0000	173.0000	0.2613	667.0000
254	0.4343	0.4712	0.3461	0.8508	0.0120	0.6460	36.0526	0.3134	704.0000	186.0000	0.2642	722.0000
255	0.3687	0.4656	0.3396	0.8555	0.0123	0.6229	36.0526	0.3285	676.0000	188.0000	0.2781	690.0000
256	0.3677	0.4700	0.3400	0.8549	0.0126	0.6352	36.0000	0.3334	663.0000	185.0000	0.2790	682.0000
257	0.4009	0.4730	0.3510	0.8501	0.0115	0.6475	36.0526	0.3101	708.0000	185.0000	0.2613	731.0000
258	0.3958	0.4726	0.3581	0.8440	0.0122	0.6408	36.0000	0.3152	719.0000	190.0000	0.2643	737.0000
259	0.4364	0.4672	0.3507	0.8463	0.0117	0.6786	36.0000	0.2829	677.0000	166.0000	0.2452	697.0000
260	0.3922	0.4698	0.3550	0.8494	0.0126	0.6260	36.3684	0.3353	688.0000	190.0000	0.2762	696.0000
261	0.3938	0.4714	0.3610	0.8489	0.0126	0.6345	36.2105	0.3223	698.0000	192.0000	0.2751	712.0000
262	0.3619	0.4695	0.3545	0.8662	0.0114	0.6112	35.6842	0.3509	699.0000	183.0000	0.2618	716.0000
263	0.3860	0.4679	0.3534	0.8520	0.0119	0.6287	36.0000	0.3283	658.0000	179.0000	0.2720	671.0000
264	0.3821	0.4651	0.3529	0.8431	0.0118	0.6287	36.2632	0.3266	694.0000	187.0000	0.2695	713.0000
265	0.4145	0.4654	0.3511	0.8526	0.0113	0.6386	35.9474	0.3240	691.0000	174.0000	0.2518	711.0000
266	0.3956	0.4702	0.3399	0.8513	0.0116	0.6427	36.0526	0.3071	725.0000	185.0000	0.2552	741.0000
267	0.3794	0.4661	0.3528	0.8435	0.0113	0.6099	35.8947	0.3492	701.0000	194.0000	0.2767	723.0000
268	0.3838	0.4675	0.3487	0.8344	0.0119	0.6263	36.4737	0.3354	717.0000	188.0000	0.2622	728.0000
269	0.3960	0.4679	0.3453	0.8468	0.0114	0.6297	36.1053	0.3245	700.0000	190.0000	0.2714	716.0000
270	0.3729	0.4663	0.3472	0.8373	0.0111	0.6328	36.0000	0.3275	676.0000	182.0000	0.2692	697.0000
271	0.4060	0.4712	0.3549	0.8411	0.0120	0.6448	36.1579	0.3106	688.0000	183.0000	0.2660	705.0000
272	0.3972	0.4668	0.3471	0.8404	0.0117	0.6438	35.7895	0.3215	678.0000	178.0000	0.2625	690.0000
273	0.3940	0.4709	0.3586	0.8462	0.0124	0.6349	35.8947	0.3218	721.0000	187.0000	0.2594	738.0000
274	0.3838	0.4668	0.3514	0.8301	0.0118	0.6245	35.5789	0.3270	701.0000	187.0000	0.2668	723.0000
275	0.3874	0.4658	0.3512	0.8379	0.0116	0.6220	35.8947	0.3393	671.0000	195.0000	0.2906	683.0000
276	0.3903	0.4682	0.3488	0.8383	0.0118	0.6218	35.9474	0.3412	654.0000	185.0000	0.2829	676.0000
277	0.4207	0.4768	0.3539	0.8359	0.0132	0.6514	36.0000	0.3063	701.0000	188.0000	0.2682	717.0000
278	0.3898	0.4682	0.3463	0.8432	0.0115	0.6107	36.1579	0.3578	660.0000	200.0000	0.3030	677.0000
279	0.3604	0.4705	0.3701	0.8400	0.0125	0.6183	36.1053	0.3348	685.0000	200.0000	0.2920	699.0000
280	0.3700	0.4656	0.3443	0.8303	0.0106	0.6266	36.0526	0.3239	702.0000	195.0000	0.2778	729.0000
281	0.4019	0.4723	0.3527	0.8444	0.0115	0.6421	36.0526	0.3215	701.0000	185.0000	0.2639	726.0000
282	0.3829	0.4716	0.3613	0.8472	0.0119	0.6319	35.8947	0.3255	705.0000	196.0000	0.2780	731.0000
283	0.3955	0.4649	0.3467	0.8479	0.0122	0.6537	36.1053	0.3029	670.0000	176.0000	0.2627	688.0000
284	0.3845	0.4689	0.3604	0.8447	0.0116	0.6393	36.0526	0.3144	688.0000	186.0000	0.2703	711.0000
285	0.4035	0.4628	0.3476	0.8585	0.0107	0.6109	36.1579	0.3544	645.0000	184.0000	0.2853	663.0000
286	0.4144	0.4656	0.3464	0.8454	0.0119	0.6311	36.0526	0.3384	687.0000	186.0000	0.2707	698.0000
287	0.3687	0.4675	0.3419	0.8345	0.0117	0.6456	36.2105	0.3227	720.0000	188.0000	0.2611	738.0000
288	0.4105	0.4640	0.3526	0.8396	0.0118	0.6374	36.0000	0.3248	661.0000	185.0000	0.2799	679.0000
289	0.4079	0.4726	0.3619	0.8405	0.0126	0.6547	36.0000	0.2949	715.0000	184.0000	0.2573	721.0000
290	0.4045	0.4702	0.3597	0.8332	0.0119	0.6441	36.1579	0.3161	731.0000	188.0000	0.2572	746.0000
291	0.4428	0.4740	0.3627	0.8537	0.0124	0.6556	36.0000	0.3091	709.0000	184.0000	0.2595	731.0000
292	0.4105	0.4702	0.3464	0.8419	0.0119	0.6348	36.0526	0.3193	719.0000	195.0000	0.2712	734.0000
293	0.4376	0.4670	0.3569	0.8460	0.0117	0.6642	35.7368	0.3078	692.0000	178.0000	0.2572	715.0000
294	0.3889	0.4714	0.3510	0.8472	0.0121	0.6492	36.1053	0.3119	682.0000	182.0000	0.2669	698.0000
295	0.3652	0.4677	0.3411	0.8409	0.0110	0.6292	36.0000	0.3416	691.0000	186.0000	0.2692	712.0000
296	0.3735	0.4686	0.3521	0.8367	0.0122	0.6189	35.8947	0.3332	700.0000	192.0000	0.2743	718.0000
297	0.3962	0.4679	0.3541	0.8349	0.0112	0.6437	36.1053	0.3190	684.0000	194.0000	0.2836	708.0000
298	0.3666	0.4677	0.3496	0.8406	0.0111	0.6280	35.9474	0.3191	697.0000	196.0000	0.2812	723.0000
299	0.4073	0.4730	0.3613	0.8317	0.0126	0.6530	35.8947	0.3074	733.0000	189.0000	0.2578	754.0000
300	0.4038	0.4728	0.3463	0.8563	0.0125	0.6291	36.0000	0.3326	664.0000	193.0000	0.2907	680.0000
301	0.3920	0.4614	0.3455	0.8487	0.0113	0.6282	36.2105	0.3410	635.0000	184.0000	0.2898	648.0000
302	0.3883	0.4668	0.3519	0.8441	0.0115	0.6576	35.8421	0.3051	747.0000	183.0000	0.2450	763.0000
303	0.4083	0.4698	0.3536	0.8465	0.0123	0.6572	35.8947	0.3005	683.0000	181.0000	0.2650	701.0000
304	0.4076	0.4719	0.3512	0.8380	0.0125	0.6545	36.1579	0.3035	686.0000	178.0000	0.2595	702.0000
305	0.3980	0.4658	0.3377	0.8424	0.0111	0.6308	36.0000	0.3229	681.0000	180.0000	0.2643	697.0000
306	0.3751	0.4686	0.3447	0.8520	0.0112	0.6278	36.0000	0.3351	673.0000	183.0000	0.2719	692.0000
307	0.4169	0.4665	0.3497	0.8393	0.0119	0.6404	36.0526	0.3214	660.0000	187.0000	0.2833	678.0000
308	0.4011	0.4721	0.3550	0.8396	0.0132	0.6383	36.0526	0.3153	699.0000	192.0000	0.2747	717.0000
309	0.3793	0.4700	0.3552	0.8389	0.0115	0.6324	36.0000	0.3253	698.0000	182.0000	0.2607	721.0000
310	0.4083	0.4686	0.3504	0.8446	0.0117	0.6419	36.4737	0.3129	717.0000	183.0000	0.2552	732.0000
311	0.4076	0.4684	0.3563	0.8377	0.0121	0.6374	35.8421	0.3290	662.0000	190.0000	0.2870	672.0000
312	0.3650	0.4705	0.3652	0.8564	0.0127	0.6450	36.1053	0.3120	677.0000	184.0000	0.2718	687.0000
313	0.3979	0.4700	0.3482	0.8358	0.0110	0.6389	36.0000	0.3211	718.0000	191.0000	0.2660	739.0000
314	0.3785	0.4684	0.3534	0.8545	0.0123	0.6600	36.0000	0.3041	689.0000	178.0000	0.2583	708.0000
315	0.4051	0.4707	0.3392	0.8369	0.0114	0.6432	36.2105	0.3131	703.0000	186.0000	0.2646	719.0000
316	0.4120	0.4719	0.3594	0.8299	0.0125	0.6501	36.2632	0.3084	718.0000	192.0000	0.2674	743.0000
317	0.3757	0.4675	0.3409	0.8464	0.0110	0.6228	36.2105	0.3440	693.0000	188.0000	0.2713	718.0000
318	0.3716	0.4644	0.3561	0.8398	0.0113	0.6201	36.3158	0.3462	695.0000	186.0000	0.2676	711.0000
319	0.3667	0.4635	0.3393	0.8385	0.0106	0.6381	35.9474	0.3279	693.0000	184.0000	0.2655	716.0000
320	0.4113	0.4682	0.3397	0.8584	0.0125	0.6489	36.1579	0.3081	660.0000	175.0000	0.2652	679.0000
321	0.3740	0.4661	0.3466	0.8304	0.0109	0.6273	36.0000	0.3297	688.0000	185.0000	0.2689	709.0000
322	0.4054	0.4707	0.3530	0.8289	0.0120	0.6324	35.7895	0.3218	732.0000	192.0000	0.2623	741.0000
323	0.4031	0.4716	0.3600	0.8516	0.0121	0.6354	36.1053	0.3305	701.0000	183.0000	0.2611	725.0000
324	0.3967	0.4656	0.3431	0.8401	0.0117	0.6342	36.0526	0.3315	640.0000	179.0000	0.2797	653.0000
325	0.3924	0.4675	0.3478	0.8339	0.0110	0.6453	35.8421	0.3092	678.0000	182.0000	0.2684	700.0000
326	0.3765	0.4651	0.3439	0.8421	0.0118	0.5964	35.7895	0.3559	676.0000	198.0000	0.2929	699.0000
327	0.4216	0.4735	0.3581	0.8502	0.0125	0.6373	36.0000	0.3200	681.0000	189.0000	0.2775	704.0000
328	0.3811	0.4654	0.3470	0.8303	0.0109	0.6397	35.8947	0.3182	728.0000	183.0000	0.2514	745.0000
329	0.3871	0.4723	0.3591	0.8467	0.0122	0.6379	36.1579	0.3234	711.0000	189.0000	0.2658	726.0000
330	0.3794	0.4609	0.3464	0.8513	0.0112	0.6220	36.2105	0.3376	657.0000	178.0000	0.2709	671.0000
331	0.3970	0.4686	0.3480	0.8525	0.0120	0.6458	35.6842	0.3025	685.0000	176.0000	0.2569	704.0000
332	0.3797	0.4714	0.3442	0.8408	0.0119	0.6197	35.6842	0.3333	677.0000	189.0000	0.2792	688.0000
333	0.4057	0.4675	0.3505	0.8357	0.0115	0.6483	35.8947	0.3130	689.0000	182.0000	0.2642	705.0000
334	0.3779	0.4628	0.3344	0.8503	0.0113	0.6374	35.8947	0.3286	665.0000	184.0000	0.2767	686.0000
335	0.3805	0.4689	0.3582	0.8456	0.0128	0.6392	35.8947	0.3167	703.0000	185.0000	0.2632	716.0000
336	0.4129	0.4698	0.3538	0.8469	0.0118	0.6548	36.0526	0.3028	697.0000	174.0000	0.2496	715.0000
337	0.4233	0.4684	0.3479	0.8503	0.0124	0.6619	36.0000	0.2958	688.0000	173.0000	0.2515	704.0000
338	0.4112	0.4668	0.3554	0.8350	0.0115	0.6433	35.8947	0.3222	692.0000	183.0000	0.2645	711.0000
339	0.4271	0.4691	0.3503	0.8447	0.0126	0.6593	36.2632	0.3029	680.0000	180.0000	0.2647	694.0000
340	0.4178	0.4707	0.3435	0.8566	0.0120	0.6623	36.2632	0.2939	696.0000	172.0000	0.2471	705.0000
341	0.3909	0.4672	0.3523	0.8555	0.0120	0.6272	35.9474	0.3364	647.0000	177.0000	0.2736	663.0000
342	0.3955	0.4656	0.3488	0.8549	0.0113	0.6339	36.0526	0.3328	668.0000	178.0000	0.2665	689.0000
343	0.3850	0.4705	0.3552	0.8579	0.0131	0.6330	35.9474	0.3277	674.0000	187.0000	0.2774	688.0000
344	0.3887	0.4661	0.3494	0.8354	0.0121	0.6311	36.0526	0.3299	688.0000	187.0000	0.2718	701.0000
345	0.3917	0.4658	0.3458	0.8600	0.0117	0.6409	35.7368	0.3216	688.0000	189.0000	0.2747	709.0000
346	0.4014	0.4677	0.3615	0.8400	0.0114	0.6435	35.8421	0.3078	706.0000	182.0000	0.2578	728.0000
347	0.4008	0.4721	0.3556	0.8430	0.0121	0.6225	36.0000	0.3290	715.0000	198.0000	0.2769	737.0000
348	0.3732	0.4612	0.3492	0.8414	0.0103	0.6184	35.8421	0.3353	688.0000	182.0000	0.2645	711.0000
349	0.3874	0.4647	0.3490	0.8369	0.0110	0.6326	35.8421	0.3183	685.0000	181.0000	0.2642	705.0000
350	0.3937	0.4705	0.3498	0.8425	0.0124	0.6440	35.9474	0.3130	685.0000	173.0000	0.2526	705.0000
351	0.4139	0.4679	0.3327	0.8350	0.0119	0.6343	36.2105	0.3165	670.0000	183.0000	0.2731	684.0000
352	0.3958	0.4672	0.3586	0.8617	0.0116	0.6440	35.8421	0.3211	689.0000	179.0000	0.2598	704.0000
353	0.3841	0.4663	0.3489	0.8572	0.0121	0.6135	36.0000	0.3551	641.0000	187.0000	0.2917	656.0000
354	0.3872	0.4712	0.3530	0.8333	0.0121	0.6445	35.9474	0.3197	709.0000	193.0000	0.2722	727.0000
355	0.4153	0.4684	0.3544	0.8547	0.0125	0.6479	36.2105	0.3092	677.0000	182.0000	0.2688	696.0000
356	0.4044	0.4712	0.3616	0.8377	0.0115	0.6482	35.9474	0.3197	679.0000	184.0000	0.2710	701.0000
357	0.3870	0.4700	0.3496	0.8630	0.0124	0.6353	36.1053	0.3266	688.0000	183.0000	0.2660	707.0000
358	0.3980	0.4682	0.3469	0.8355	0.0112	0.6345	36.1579	0.3231	703.0000	185.0000	0.2632	720.0000
359	0.4143	0.4714	0.3644	0.8432	0.0128	0.6558	36.0526	0.3017	703.0000	181.0000	0.2575	714.0000
360	0.3654	0.4677	0.3466	0.8561	0.0116	0.6332	36.2105	0.3358	687.0000	182.0000	0.2649	705.0000
361	0.3884	0.4679	0.3412	0.8503	0.0117	0.6412	36.0000	0.3174	696.0000	182.0000	0.2615	715.0000
362	0.3868	0.4649	0.3400	0.8398	0.0111	0.6363	36.2105	0.3199	692.0000	182.0000	0.2630	706.0000
363	0.3933	0.4614	0.3470	0.8463	0.0111	0.6356	35.8947	0.3242	674.0000	186.0000	0.2760	699.0000
364	0.3704	0.4691	0.3520	0.8540	0.0120	0.6463	35.9474	0.3204	694.0000	180.0000	0.2594	713.0000
365	0.3736	0.4670	0.3442	0.8327	0.0114	0.6219	36.3158	0.3254	692.0000	192.0000	0.2775	716.0000
366	0.4215	0.4670	0.3536	0.8582	0.0108	0.6448	35.7895	0.3176	693.0000	184.0000	0.2655	718.0000
367	0.4010	0.4721	0.3582	0.8363	0.0122	0.6615	36.2105	0.3005	713.0000	181.0000	0.2539	734.0000
368	0.4183	0.4728	0.3619	0.8360	0.0134	0.6509	36.0000	0.3084	680.0000	184.0000	0.2706	693.0000
369	0.3849	0.4665	0.3458	0.8466	0.0118	0.6210	36.1053	0.3307	696.0000	182.0000	0.2615	709.0000
370	0.4069	0.4735	0.3524	0.8422	0.0129	0.6374	35.9474	0.3217	692.0000	194.0000	0.2803	705.0000
371	0.3819	0.4686	0.3556	0.8424	0.0125	0.6221	36.3158	0.3482	677.0000	183.0000	0.2703	686.0000
372	0.3679	0.4719	0.3564	0.8267	0.0123	0.6304	36.1053	0.3254	712.0000	193.0000	0.2711	731.0000
373	0.3797	0.4689	0.3562	0.8457	0.0122	0.6385	35.8947	0.3283	720.0000	193.0000	0.2681	740.0000
374	0.3935	0.4654	0.3548	0.8406	0.0116	0.6532	36.0000	0.3139	679.0000	178.0000	0.2622	704.0000
375	0.4032	0.4714	0.3556	0.8403	0.0117	0.6502	36.4211	0.3057	690.0000	181.0000	0.2623	708.0000
376	0.3907	0.4744	0.3569	0.8481	0.0125	0.6325	35.8947	0.3190	701.0000	187.0000	0.2668	723.0000
377	0.4028	0.4677	0.3545	0.8432	0.0124	0.6362	36.1053	0.3098	674.0000	184.0000	0.2730	694.0000
378	0.3834	0.4654	0.3444	0.8431	0.0115	0.6127	36.0526	0.3403	668.0000	188.0000	0.2814	690.0000
379	0.4063	0.4702	0.3446	0.8355	0.0118	0.6493	35.8421	0.3079	690.0000	186.0000	0.2696	711.0000
380	0.3747	0.4728	0.3589	0.8403	0.0131	0.6284	35.8947	0.3299	701.0000	187.0000	0.2668	716.0000
381	0.4007	0.4730	0.3556	0.8541	0.0125	0.6529	35.9474	0.3050	675.0000	171.0000	0.2533	694.0000
382	0.3882	0.4626	0.3462	0.8615	0.0107	0.6193	36.1053	0.3367	693.0000	180.0000	0.2597	714.0000
383	0.3978	0.4691	0.3543	0.8363	0.0112	0.6202	35.6842	0.3367	711.0000	194.0000	0.2729	736.0000
384	0.3899	0.4719	0.3506	0.8369	0.0118	0.6343	36.0526	0.3279	680.0000	190.0000	0.2794	707.0000
385	0.3834	0.4689	0.3509	0.8391	0.0111	0.6164	35.8947	0.3448	712.0000	192.0000	0.2697	736.0000
386	0.3858	0.4712	0.3615	0.8415	0.0123	0.6340	36.0526	0.3245	719.0000	194.0000	0.2698	731.0000
387	0.3890	0.4665	0.3361	0.8499	0.0119	0.6311	36.0000	0.3299	679.0000	185.0000	0.2725	702.0000
388	0.3828	0.4702	0.3655	0.8519	0.0122	0.6145	36.2632	0.3435	687.0000	196.0000	0.2853	702.0000
389	0.3807	0.4621	0.3543	0.8543	0.0112	0.6324	35.9474	0.3371	678.0000	181.0000	0.2670	696.0000
390	0.3990	0.4679	0.3412	0.8315	0.0115	0.6461	36.1579	0.3097	718.0000	185.0000	0.2577	742.0000
391	0.3893	0.4665	0.3460	0.8340	0.0121	0.6223	35.7368	0.3284	694.0000	192.0000	0.2767	711.0000
392	0.3826	0.4675	0.3502	0.8406	0.0122	0.6224	36.1053	0.3396	685.0000	193.0000	0.2818	702.0000
393	0.4073	0.4691	0.3532	0.8380	0.0124	0.6486	36.2632	0.3012	696.0000	182.0000	0.2615	716.0000
394	0.3999	0.4740	0.3612	0.8418	0.0125	0.6326	36.1579	0.3305	702.0000	188.0000	0.2678	715.0000
395	0.3971	0.4702	0.3549	0.8351	0.0116	0.6405	36.0526	0.3218	705.0000	189.0000	0.2681	718.0000
396	0.4180	0.4691	0.3571	0.8330	0.0118	0.6511	36.0000	0.3101	724.0000	189.0000	0.2610	744.0000
397	0.4083	0.4740	0.3604	0.8476	0.0115	0.6538	36.0526	0.3113	726.0000	182.0000	0.2507	741.0000
398	0.4253	0.4765	0.3670	0.8467	0.0125	0.6561	36.1053	0.3144	687.0000	186.0000	0.2707	702.0000
399	0.4056	0.4714	0.3497	0.8484	0.0124	0.6098	36.2632	0.3498	668.0000	198.0000	0.2964	687.0000
400	0.4117	0.4682	0.3595	0.8438	0.0121	0.6453	36.1053	0.3044	711.0000	192.0000	0.2700	728.0000
401	0.3966	0.4723	0.3521	0.8532	0.0119	0.6391	35.9474	0.3248	686.0000	183.0000	0.2668	708.0000
402	0.4099	0.4714	0.3598	0.8477	0.0123	0.6312	36.0526	0.3300	724.0000	187.0000	0.2583	739.0000
403	0.4031	0.4684	0.3490	0.8552	0.0122	0.6382	35.8947	0.3257	684.0000	178.0000	0.2602	706.0000
404	0.4029	0.4626	0.3478	0.8539	0.0113	0.6445	36.0000	0.3093	664.0000	175.0000	0.2636	680.0000
405	0.4141	0.4709	0.3535	0.8536	0.0130	0.6444	35.8421	0.3209	686.0000	177.0000	0.2580	699.0000
406	0.3954	0.4698	0.3625	0.8428	0.0122	0.6353	36.0526	0.3276	673.0000	189.0000	0.2808	694.0000
407	0.4192	0.4684	0.3571	0.8494	0.0122	0.6561	36.1053	0.3102	678.0000	177.0000	0.2611	699.0000
408	0.3852	0.4716	0.3585	0.8343	0.0122	0.6434	36.0000	0.3255	717.0000	193.0000	0.2692	735.0000
409	0.3991	0.4698	0.3488	0.8381	0.0120	0.6406	36.3158	0.3166	701.0000	193.0000	0.2753	721.0000
410	0.3899	0.4693	0.3602	0.8544	0.0117	0.6418	36.2105	0.3166	670.0000	174.0000	0.2597	689.0000
411	0.4114	0.4621	0.3440	0.8419	0.0110	0.6314	36.0000	0.3323	697.0000	187.0000	0.2683	712.0000
412	0.3870	0.4640	0.3490	0.8572	0.0114	0.6389	36.1579	0.3155	718.0000	183.0000	0.2549	730.0000
413	0.3962	0.4707	0.3433	0.8253	0.0122	0.6389	36.0000	0.3314	718.0000	187.0000	0.2604	730.0000
414	0.3984	0.4702	0.3550	0.8499	0.0128	0.6168	36.2105	0.3445	676.0000	185.0000	0.2737	685.0000
415	0.3979	0.4647	0.3398	0.8510	0.0119	0.6419	36.1579	0.3217	692.0000	179.0000	0.2587	709.0000
416	0.3837	0.4684	0.3512	0.8401	0.0121	0.6393	36.0000	0.3244	672.0000	183.0000	0.2723	690.0000
417	0.3922	0.4633	0.3418	0.8546	0.0110	0.6504	36.0526	0.3167	680.0000	178.0000	0.2618	697.0000
418	0.4092	0.4700	0.3570	0.8513	0.0121	0.6569	36.3158	0.3088	672.0000	172.0000	0.2560	691.0000
419	0.4120	0.4656	0.3506	0.8535	0.0127	0.6321	35.9474	0.3333	673.0000	182.0000	0.2704	688.0000
420	0.3841	0.4670	0.3417	0.8532	0.0107	0.6243	35.7895	0.3348	677.0000	188.0000	0.2777	702.0000
421	0.4194	0.4702	0.3544	0.8414	0.0124	0.6539	36.1579	0.3064	704.0000	184.0000	0.2614	713.0000
422	0.3807	0.4677	0.3418	0.8492	0.0116	0.6109	36.1053	0.3504	670.0000	190.0000	0.2836	686.0000
423	0.3781	0.4693	0.3593	0.8340	0.0109	0.6269	35.8947	0.3379	702.0000	189.0000	0.2692	722.0000
424	0.3928	0.4728	0.3545	0.8430	0.0118	0.6581	35.8947	0.2987	738.0000	185.0000	0.2507	758.0000
425	0.4115	0.4647	0.3484	0.8653	0.0118	0.6248	36.1053	0.3372	650.0000	188.0000	0.2892	671.0000
426	0.4123	0.4723	0.3555	0.8428	0.0130	0.6528	35.8947	0.3136	682.0000	183.0000	0.2683	700.0000
427	0.3799	0.4684	0.3609	0.8519	0.0124	0.6288	36.1053	0.3336	671.0000	189.0000	0.2817	682.0000
428	0.4230	0.4677	0.3474	0.8399	0.0121	0.6517	36.0526	0.3142	684.0000	178.0000	0.2602	703.0000
429	0.4099	0.4656	0.3482	0.8441	0.0109	0.6480	36.2632	0.3125	701.0000	177.0000	0.2525	721.0000
430	0.3985	0.4768	0.3642	0.8378	0.0128	0.6480	36.2632	0.3106	732.0000	180.0000	0.2459	743.0000
431	0.4056	0.4647	0.3494	0.8338	0.0114	0.6450	36.0000	0.3064	710.0000	194.0000	0.2732	728.0000
432	0.3876	0.4656	0.3467	0.8378	0.0110	0.6286	36.0526	0.3275	686.0000	182.0000	0.2653	706.0000
433	0.3966	0.4686	0.3424	0.8523	0.0122	0.6361	35.8947	0.3208	678.0000	178.0000	0.2625	688.0000
434	0.4088	0.4719	0.3407	0.8427	0.0130	0.6384	36.1579	0.3264	672.0000	189.0000	0.2812	683.0000
435	0.4131	0.4726	0.3546	0.8492	0.0119	0.6287	36.1053	0.3309	669.0000	184.0000	0.2750	684.0000
436	0.3713	0.4635	0.3473	0.8491	0.0114	0.6282	36.2105	0.3287	632.0000	174.0000	0.2753	654.0000
437	0.3822	0.4700	0.3569	0.8507	0.0121	0.6260	35.9474	0.3368	688.0000	193.0000	0.2805	709.0000
438	0.4178	0.4714	0.3587	0.8496	0.0129	0.6508	36.0526	0.3139	666.0000	183.0000	0.2748	681.0000
439	0.4074	0.4749	0.3607	0.8442	0.0130	0.6428	35.9474	0.3248	692.0000	184.0000	0.2659	712.0000
440	0.3944	0.4661	0.3510	0.8491	0.0116	0.6125	36.0526	0.3485	672.0000	197.0000	0.2932	691.0000
441	0.4061	0.4689	0.3529	0.8338	0.0122	0.6455	35.7895	0.3226	711.0000	185.0000	0.2602	723.0000
442	0.3926	0.4670	0.3522	0.8439	0.0116	0.6146	36.0000	0.3469	676.0000	193.0000	0.2855	696.0000
443	0.3916	0.4686	0.3504	0.8581	0.0120	0.6333	35.7368	0.3268	672.0000	182.0000	0.2708	687.0000
444	0.3960	0.4693	0.3566	0.8507	0.0120	0.6656	36.2632	0.2877	676.0000	184.0000	0.2722	697.0000
445	0.4110	0.4689	0.3501	0.8413	0.0125	0.6274	35.9474	0.3321	690.0000	184.0000	0.2667	707.0000
446	0.3848	0.4702	0.3566	0.8493	0.0119	0.6434	35.9474	0.3166	715.0000	191.0000	0.2671	735.0000
447	0.4109	0.4721	0.3563	0.8535	0.0129	0.6452	35.8421	0.3146	702.0000	190.0000	0.2707	723.0000
448	0.4013	0.4658	0.3498	0.8586	0.0116	0.6403	36.1579	0.3191	715.0000	182.0000	0.2545	731.0000
449	0.4017	0.4677	0.3511	0.8451	0.0118	0.6452	35.8947	0.3126	664.0000	176.0000	0.2651	679.0000
450	0.3755	0.4735	0.3611	0.8544	0.0123	0.6508	35.8947	0.3147	724.0000	181.0000	0.2500	736.0000
451	0.3994	0.4689	0.3536	0.8485	0.0119	0.6346	35.8421	0.3244	699.0000	182.0000	0.2604	715.0000
452	0.3713	0.4656	0.3510	0.8546	0.0115	0.6141	35.8947	0.3400	678.0000	182.0000	0.2684	687.0000
453	0.4028	0.4714	0.3608	0.8346	0.0131	0.6479	36.0526	0.3150	678.0000	194.0000	0.2861	692.0000
454	0.3816	0.4719	0.3560	0.8384	0.0114	0.6229	36.2105	0.3432	701.0000	192.0000	0.2739	715.0000
455	0.4136	0.4682	0.3507	0.8353	0.0125	0.6322	36.0526	0.3273	677.0000	190.0000	0.2806	690.0000
456	0.4093	0.4721	0.3564	0.8562	0.0125	0.6488	36.0526	0.3082	690.0000	179.0000	0.2594	709.0000
457	0.4017	0.4779	0.3656	0.8357	0.0127	0.6411	36.2105	0.3157	740.0000	201.0000	0.2716	756.0000
458	0.4016	0.4689	0.3473	0.8423	0.0123	0.6255	35.9474	0.3352	687.0000	191.0000	0.2780	697.0000
459	0.4149	0.4656	0.3536	0.8421	0.0117	0.6528	35.9474	0.3012	687.0000	171.0000	0.2489	705.0000
460	0.3982	0.4679	0.3585	0.8389	0.0113	0.6304	36.0526	0.3277	703.0000	188.0000	0.2674	725.0000
461	0.4227	0.4723	0.3545	0.8368	0.0121	0.6429	36.0000	0.3111	706.0000	189.0000	0.2677	727.0000
462	0.3741	0.4642	0.3471	0.8548	0.0112	0.6107	36.2632	0.3475	671.0000	190.0000	0.2832	688.0000
463	0.4078	0.4740	0.3618	0.8329	0.0122	0.6474	36.1053	0.3129	714.0000	199.0000	0.2787	727.0000
464	0.3893	0.4656	0.3495	0.8521	0.0111	0.6415	36.1053	0.3228	676.0000	178.0000	0.2633	697.0000
465	0.3872	0.4691	0.3471	0.8227	0.0123	0.6577	36.2632	0.3022	696.0000	189.0000	0.2716	715.0000
466	0.3690	0.4672	0.3373	0.8537	0.0125	0.6212	36.0526	0.3373	692.0000	185.0000	0.2673	708.0000
467	0.3917	0.4714	0.3508	0.8438	0.0125	0.6351	36.1579	0.3261	644.0000	177.0000	0.2748	657.0000
468	0.3829	0.4677	0.3492	0.8471	0.0118	0.6292	35.8947	0.3249	672.0000	186.0000	0.2768	680.0000
469	0.4033	0.4714	0.3535	0.8353	0.0108	0.6344	35.9474	0.3224	755.0000	200.0000	0.2649	765.0000
470	0.3868	0.4672	0.3463	0.8403	0.0108	0.6564	36.1579	0.2977	730.0000	176.0000	0.2411	743.0000
471	0.3666	0.4647	0.3346	0.8481	0.0117	0.5988	36.0526	0.3617	686.0000	196.0000	0.2857	703.0000
472	0.3774	0.4647	0.3473	0.8470	0.0117	0.6336	35.8947	0.3299	684.0000	185.0000	0.2705	697.0000
473	0.4022	0.4723	0.3555	0.8423	0.0124	0.6541	36.0526	0.3054	680.0000	182.0000	0.2676	695.0000
474	0.4181	0.4693	0.3493	0.8438	0.0121	0.6579	35.9474	0.3036	682.0000	175.0000	0.2566	702.0000
475	0.3912	0.4691	0.3537	0.8458	0.0124	0.6279	36.0526	0.3407	654.0000	186.0000	0.2844	668.0000
476	0.3690	0.4709	0.3457	0.8450	0.0117	0.6221	36.2105	0.3381	687.0000	191.0000	0.2780	708.0000
477	0.3857	0.4684	0.3525	0.8383	0.0119	0.6107	36.0000	0.3468	675.0000	203.0000	0.3007	693.0000
478	0.3731	0.4640	0.3430	0.8517	0.0111	0.6433	36.0526	0.3126	662.0000	169.0000	0.2553	681.0000
479	0.3956	0.4651	0.3529	0.8659	0.0123	0.6272	36.1579	0.3392	653.0000	183.0000	0.2802	668.0000
480	0.4016	0.4733	0.3638	0.8550	0.0128	0.6241	35.7895	0.3384	696.0000	190.0000	0.2730	714.0000
481	0.3970	0.4654	0.3526	0.8336	0.0123	0.6344	36.1053	0.3303	668.0000	190.0000	0.2844	683.0000
482	0.4054	0.4712	0.3494	0.8328	0.0120	0.6486	35.9474	0.3121	719.0000	184.0000	0.2559	736.0000
483	0.3929	0.4647	0.3441	0.8388	0.0113	0.6399	36.1579	0.3270	680.0000	187.0000	0.2750	696.0000
484	0.3754	0.4656	0.3384	0.8598	0.0115	0.6193	35.9474	0.3466	672.0000	190.0000	0.2827	696.0000
485	0.3978	0.4675	0.3551	0.8425	0.0114	0.6152	35.7895	0.3417	684.0000	197.0000	0.2880	710.0000
486	0.3934	0.4716	0.3631	0.8302	0.0117	0.6346	35.8421	0.3244	709.0000	189.0000	0.2666	731.0000
487	0.4016	0.4698	0.3463	0.8412	0.0117	0.6446	36.0526	0.3156	682.0000	177.0000	0.2595	707.0000
488	0.3798	0.4649	0.3574	0.8433	0.0116	0.6146	36.3158	0.3444	691.0000	192.0000	0.2779	702.0000
489	0.3989	0.4679	0.3464	0.8381	0.0114	0.6361	35.8421	0.3291	685.0000	182.0000	0.2657	707.0000
490	0.4114	0.4707	0.3582	0.8524	0.0120	0.6382	35.8947	0.3110	673.0000	182.0000	0.2704	692.0000
491	0.4120	0.4707	0.3564	0.8341	0.0122	0.6303	36.0526	0.3321	676.0000	192.0000	0.2840	690.0000
492	0.4088	0.4740	0.3535	0.8493	0.0132	0.6430	36.2105	0.3165	706.0000	177.0000	0.2507	727.0000
493	0.3998	0.4730	0.3493	0.8451	0.0123	0.6536	35.7895	0.3076	702.0000	187.0000	0.2664	723.0000
494	0.3827	0.4684	0.3542	0.8506	0.0120	0.6306	35.7895	0.3246	706.0000	185.0000	0.2620	717.0000
495	0.3919	0.4635	0.3477	0.8389	0.0105	0.6442	35.8947	0.3216	684.0000	184.0000	0.2690	704.0000
496	0.4004	0.4698	0.3553	0.8493	0.0117	0.6492	35.8421	0.3225	677.0000	180.0000	0.2659	700.0000
497	0.3759	0.4654	0.3368	0.8457	0.0120	0.6385	36.1053	0.3286	679.0000	180.0000	0.2651	693.0000
498	0.3874	0.4668	0.3546	0.8470	0.0116	0.6441	36.1579	0.3111	692.0000	174.0000	0.2514	709.0000
499	0.4013	0.4686	0.3473	0.8522	0.0117	0.6434	36.2105	0.3167	678.0000	182.0000	0.2684	697.0000
500	0.3939	0.4758	0.3677	0.8209	0.0125	0.6417	36.0526	0.3230	715.0000	195.0000	0.2727	731.0000
501	0.3854	0.4677	0.3508	0.8364	0.0116	0.6228	36.2632	0.3270	714.0000	193.0000	0.2703	736.0000
502	0.3980	0.4658	0.3540	0.8466	0.0118	0.6310	36.0000	0.3250	677.0000	184.0000	0.2718	697.0000
503	0.3975	0.4651	0.3583	0.8513	0.0120	0.6351	35.8947	0.3339	667.0000	177.0000	0.2654	683.0000
504	0.3988	0.4721	0.3444	0.8406	0.0124	0.6316	36.0000	0.3222	701.0000	188.0000	0.2682	724.0000
505	0.3853	0.4721	0.3624	0.8430	0.0127	0.6373	35.8421	0.3160	667.0000	180.0000	0.2699	680.0000
506	0.4103	0.4649	0.3377	0.8552	0.0121	0.6521	36.2105	0.3254	656.0000	176.0000	0.2683	669.0000
507	0.3579	0.4670	0.3490	0.8515	0.0112	0.6087	36.2105	0.3603	693.0000	201.0000	0.2900	714.0000
508	0.3818	0.4658	0.3479	0.8438	0.0110	0.6375	36.0000	0.3263	685.0000	188.0000	0.2745	704.0000
509	0.4043	0.4698	0.3524	0.8467	0.0122	0.6459	35.9474	0.3189	646.0000	175.0000	0.2709	660.0000
510	0.4013	0.4665	0.3439	0.8486	0.0120	0.6436	36.1579	0.3243	657.0000	178.0000	0.2709	677.0000
511	0.3585	0.4591	0.3427	0.8547	0.0109	0.6245	36.0526	0.3429	685.0000	184.0000	0.2686	693.0000
512	0.3958	0.4635	0.3452	0.8427	0.0110	0.6215	35.8947	0.3384	684.0000	188.0000	0.2749	692.0000
513	0.3942	0.4709	0.3604	0.8402	0.0117	0.6421	35.8947	0.3150	713.0000	190.0000	0.2665	728.0000
514	0.4447	0.4675	0.3457	0.8503	0.0121	0.6557	36.0000	0.2981	693.0000	181.0000	0.2612	707.0000
515	0.3863	0.4691	0.3634	0.8479	0.0111	0.6114	35.8947	0.3438	666.0000	195.0000	0.2928	690.0000
516	0.3968	0.4698	0.3508	0.8426	0.0117	0.6395	36.2632	0.3187	701.0000	191.0000	0.2725	724.0000
517	0.4213	0.4691	0.3432	0.8536	0.0110	0.6546	36.1053	0.3040	683.0000	175.0000	0.2562	711.0000
518	0.3992	0.4686	0.3499	0.8403	0.0122	0.6663	36.2632	0.2961	683.0000	171.0000	0.2504	698.0000
519	0.3921	0.4702	0.3436	0.8472	0.0120	0.6331	36.2105	0.3317	696.0000	188.0000	0.2701	715.0000
520	0.3926	0.4744	0.3582	0.8412	0.0120	0.6445	36.0526	0.3312	734.0000	187.0000	0.2548	757.0000
521	0.3803	0.4714	0.3546	0.8459	0.0124	0.6511	35.8947	0.3144	699.0000	178.0000	0.2546	715.0000
522	0.4002	0.4656	0.3474	0.8397	0.0116	0.6435	36.1579	0.3117	672.0000	180.0000	0.2679	690.0000
523	0.4127	0.4630	0.3537	0.8478	0.0118	0.6392	35.6842	0.3190	683.0000	184.0000	0.2694	704.0000
524	0.4148	0.4707	0.3534	0.8610	0.0124	0.6442	36.0000	0.3241	702.0000	190.0000	0.2707	717.0000
525	0.4197	0.4689	0.3594	0.8511	0.0113	0.6372	36.1579	0.3199	690.0000	187.0000	0.2710	711.0000
526	0.4041	0.4707	0.3545	0.8394	0.0122	0.6420	36.0526	0.3181	681.0000	188.0000	0.2761	694.0000
527	0.4140	0.4728	0.3466	0.8337	0.0123	0.6467	35.8421	0.3191	730.0000	193.0000	0.2644	744.0000
528	0.3913	0.4700	0.3583	0.8455	0.0123	0.6497	36.0000	0.3115	706.0000	185.0000	0.2620	724.0000
529	0.4005	0.4742	0.3597	0.8381	0.0122	0.6448	36.2105	0.3037	734.0000	187.0000	0.2548	752.0000
530	0.3968	0.4668	0.3424	0.8371	0.0115	0.6418	36.1053	0.3168	698.0000	178.0000	0.2550	713.0000
531	0.3819	0.4616	0.3372	0.8484	0.0106	0.6061	35.8947	0.3626	647.0000	195.0000	0.3014	667.0000
532	0.3789	0.4630	0.3444	0.8426	0.0109	0.6245	36.0526	0.3355	720.0000	190.0000	0.2639	731.0000
533	0.4138	0.4679	0.3428	0.8435	0.0116	0.6534	36.0526	0.2982	723.0000	187.0000	0.2586	744.0000
534	0.3821	0.4677	0.3445	0.8343	0.0114	0.6200	36.2105	0.3278	684.0000	191.0000	0.2792	703.0000
535	0.3732	0.4654	0.3490	0.8504	0.0119	0.6174	36.2105	0.3327	671.0000	192.0000	0.2861	689.0000
536	0.4091	0.4651	0.3429	0.8612	0.0113	0.6412	35.7895	0.3192	663.0000	171.0000	0.2579	677.0000
537	0.3814	0.4626	0.3443	0.8575	0.0109	0.6286	35.9474	0.3363	664.0000	176.0000	0.2651	684.0000
538	0.3774	0.4612	0.3398	0.8375	0.0113	0.6068	36.2105	0.3548	666.0000	181.0000	0.2718	685.0000
539	0.4169	0.4716	0.3559	0.8400	0.0122	0.6425	36.1579	0.3202	681.0000	180.0000	0.2643	694.0000
540	0.3768	0.4665	0.3545	0.8482	0.0116	0.6237	36.1053	0.3381	641.0000	180.0000	0.2808	658.0000
541	0.4101	0.4700	0.3620	0.8397	0.0123	0.6431	35.8421	0.3129	676.0000	177.0000	0.2618	698.0000
542	0.3889	0.4649	0.3345	0.8444	0.0121	0.6371	35.7895	0.3228	677.0000	182.0000	0.2688	696.0000
543	0.3927	0.4677	0.3567	0.8473	0.0113	0.6449	36.0526	0.3182	675.0000	180.0000	0.2667	694.0000
544	0.4007	0.4651	0.3473	0.8548	0.0107	0.6330	36.2105	0.3152	697.0000	196.0000	0.2812	722.0000
545	0.4166	0.4707	0.3453	0.8458	0.0125	0.6518	35.9474	0.3169	661.0000	175.0000	0.2648	677.0000
546	0.3987	0.4707	0.3612	0.8297	0.0121	0.6502	36.0000	0.3146	722.0000	189.0000	0.2618	746.0000
547	0.3989	0.4656	0.3577	0.8541	0.0119	0.6446	35.9474	0.3181	673.0000	175.0000	0.2600	688.0000
548	0.4287	0.4686	0.3504	0.8506	0.0120	0.6476	36.1053	0.3127	689.0000	183.0000	0.2656	709.0000
549	0.4063	0.4691	0.3528	0.8457	0.0125	0.6379	35.9474	0.3242	656.0000	180.0000	0.2744	670.0000
550	0.4004	0.4712	0.3492	0.8344	0.0123	0.6425	35.9474	0.3097	681.0000	183.0000	0.2687	703.0000
551	0.3982	0.4640	0.3377	0.8393	0.0112	0.6322	35.9474	0.3244	694.0000	186.0000	0.2680	710.0000
552	0.4023	0.4649	0.3519	0.8371	0.0123	0.6416	36.1579	0.3158	658.0000	182.0000	0.2766	679.0000
553	0.3955	0.4682	0.3521	0.8322	0.0119	0.6478	36.2632	0.3142	714.0000	183.0000	0.2563	726.0000
554	0.3975	0.4726	0.3544	0.8536	0.0125	0.6489	36.0526	0.3090	724.0000	182.0000	0.2514	746.0000
555	0.3877	0.4686	0.3349	0.8430	0.0118	0.6255	36.1053	0.3226	682.0000	184.0000	0.2698	701.0000
556	0.3753	0.4651	0.3317	0.8530	0.0118	0.6105	35.9474	0.3509	664.0000	193.0000	0.2907	682.0000
557	0.4061	0.4649	0.3475	0.8500	0.0118	0.6306	36.3158	0.3336	654.0000	178.0000	0.2722	667.0000
558	0.3988	0.4677	0.3489	0.8394	0.0122	0.6321	36.2632	0.3239	690.0000	189.0000	0.2739	702.0000
559	0.3876	0.4665	0.3447	0.8390	0.0115	0.6372	35.9474	0.3325	702.0000	197.0000	0.2806	730.0000
560	0.4078	0.4670	0.3507	0.8400	0.0109	0.6648	36.0526	0.2923	687.0000	171.0000	0.2489	703.0000
561	0.3813	0.4689	0.3393	0.8386	0.0123	0.6360	36.1579	0.3232	698.0000	186.0000	0.2665	714.0000
562	0.4064	0.4716	0.3595	0.8461	0.0122	0.6442	36.2632	0.3177	701.0000	185.0000	0.2639	717.0000
563	0.4142	0.4670	0.3439	0.8464	0.0121	0.6438	36.2632	0.3149	674.0000	181.0000	0.2685	681.0000
564	0.4103	0.4647	0.3432	0.8408	0.0120	0.6370	36.0526	0.3244	662.0000	186.0000	0.2810	679.0000
565	0.4010	0.4663	0.3521	0.8405	0.0113	0.6465	36.1053	0.3134	682.0000	187.0000	0.2742	702.0000
566	0.4003	0.4679	0.3623	0.8408	0.0123	0.6475	36.3684	0.3206	683.0000	181.0000	0.2650	702.0000
567	0.3970	0.4677	0.3545	0.8478	0.0116	0.6232	36.0000	0.3378	692.0000	186.0000	0.2688	711.0000
568	0.3780	0.4661	0.3484	0.8544	0.0120	0.6215	36.0526	0.3371	663.0000	185.0000	0.2790	680.0000
569	0.3979	0.4702	0.3508	0.8446	0.0117	0.6466	36.0526	0.3116	728.0000	195.0000	0.2679	751.0000
570	0.3705	0.4707	0.3509	0.8377	0.0122	0.6366	36.3158	0.3272	680.0000	188.0000	0.2765	692.0000
571	0.3994	0.4661	0.3336	0.8522	0.0112	0.6422	36.0000	0.3150	679.0000	178.0000	0.2622	702.0000
572	0.3694	0.4705	0.3564	0.8320	0.0125	0.6305	36.0526	0.3278	698.0000	198.0000	0.2837	720.0000
573	0.4114	0.4672	0.3457	0.8670	0.0117	0.6242	35.9474	0.3439	669.0000	183.0000	0.2735	685.0000
574	0.3743	0.4689	0.3545	0.8431	0.0120	0.6182	36.2632	0.3373	686.0000	187.0000	0.2726	698.0000
575	0.3927	0.4686	0.3471	0.8600	0.0119	0.6377	35.5789	0.3269	710.0000	185.0000	0.2606	726.0000
576	0.3895	0.4675	0.3518	0.8561	0.0117	0.6202	35.7895	0.3465	670.0000	185.0000	0.2761	690.0000
577	0.3775	0.4723	0.3539	0.8485	0.0119	0.6418	36.0000	0.3199	693.0000	186.0000	0.2684	716.0000
578	0.3836	0.4719	0.3493	0.8521	0.0127	0.6299	35.8947	0.3320	650.0000	186.0000	0.2862	669.0000
579	0.3952	0.4675	0.3425	0.8468	0.0117	0.6420	36.0000	0.3188	679.0000	177.0000	0.2607	702.0000
580	0.4079	0.4691	0.3564	0.8449	0.0127	0.6333	36.0000	0.3280	657.0000	186.0000	0.2831	674.0000
581	0.4083	0.4695	0.3455	0.8471	0.0123	0.6224	36.0526	0.3350	662.0000	186.0000	0.2810	678.0000
582	0.4081	0.4684	0.3557	0.8643	0.0121	0.6600	35.7895	0.3087	695.0000	177.0000	0.2547	711.0000
583	0.3706	0.4665	0.3482	0.8395	0.0117	0.6054	35.6842	0.3616	675.0000	197.0000	0.2919	693.0000
584	0.4340	0.4684	0.3457	0.8538	0.0128	0.6691	35.8421	0.2910	667.0000	172.0000	0.2579	684.0000
585	0.3884	0.4709	0.3608	0.8388	0.0119	0.6282	36.3158	0.3290	705.0000	195.0000	0.2766	728.0000
586	0.4034	0.4635	0.3485	0.8428	0.0120	0.6330	36.0000	0.3273	678.0000	175.0000	0.2581	697.0000
587	0.3803	0.4735	0.3657	0.8371	0.0117	0.6379	35.7368	0.3193	766.0000	190.0000	0.2480	788.0000
588	0.3938	0.4707	0.3522	0.8465	0.0121	0.6391	36.2632	0.3272	710.0000	187.0000	0.2634	723.0000
589	0.4220	0.4693	0.3610	0.8481	0.0122	0.6413	35.7368	0.3066	716.0000	196.0000	0.2737	738.0000
590	0.3774	0.4689	0.3498	0.8389	0.0121	0.6374	36.0526	0.3343	677.0000	180.0000	0.2659	689.0000
591	0.4094	0.4714	0.3627	0.8432	0.0130	0.6428	36.0526	0.3086	713.0000	193.0000	0.2707	724.0000
592	0.4035	0.4677	0.3509	0.8455	0.0119	0.6263	36.0526	0.3345	685.0000	186.0000	0.2715	704.0000
593	0.4223	0.4726	0.3675	0.8418	0.0134	0.6401	35.9474	0.3279	683.0000	186.0000	0.2723	696.0000
594	0.4053	0.4721	0.3476	0.8346	0.0118	0.6419	36.1579	0.3168	690.0000	186.0000	0.2696	710.0000
595	0.3830	0.4702	0.3550	0.8470	0.0121	0.6282	35.8947	0.3309	665.0000	179.0000	0.2692	686.0000
596	0.3758	0.4714	0.3496	0.8388	0.0117	0.6097	36.1053	0.3508	695.0000	192.0000	0.2763	713.0000
597	0.3853	0.4707	0.3605	0.8330	0.0126	0.6417	36.0526	0.3108	690.0000	194.0000	0.2812	697.0000
598	0.3600	0.4651	0.3412	0.8490	0.0121	0.6266	36.0526	0.3372	655.0000	187.0000	0.2855	669.0000
599	0.4142	0.4668	0.3425	0.8560	0.0115	0.6468	36.0526	0.3207	636.0000	168.0000	0.2642	654.0000
600	0.3921	0.4707	0.3521	0.8458	0.0120	0.6324	35.8947	0.3288	684.0000	186.0000	0.2719	695.0000
601	0.4009	0.4693	0.3382	0.8480	0.0127	0.6362	36.0000	0.3286	656.0000	184.0000	0.2805	671.0000
602	0.4093	0.4661	0.3485	0.8523	0.0118	0.6413	36.0000	0.3264	693.0000	181.0000	0.2612	701.0000
603	0.4018	0.4714	0.3439	0.8271	0.0120	0.6538	35.9474	0.3134	741.0000	192.0000	0.2591	761.0000
604	0.3819	0.4714	0.3510	0.8511	0.0117	0.6316	36.2105	0.3243	678.0000	189.0000	0.2788	697.0000
605	0.3733	0.4642	0.3526	0.8414	0.0114	0.6287	35.7368	0.3403	659.0000	184.0000	0.2792	681.0000
606	0.3798	0.4640	0.3515	0.8356	0.0112	0.6171	36.0526	0.3358	667.0000	190.0000	0.2849	684.0000
607	0.4072	0.4679	0.3466	0.8516	0.0117	0.6379	35.7368	0.3216	714.0000	189.0000	0.2647	726.0000
608	0.3714	0.4695	0.3479	0.8449	0.0118	0.6195	36.1053	0.3445	678.0000	190.0000	0.2802	695.0000
609	0.4185	0.4705	0.3540	0.8507	0.0128	0.6367	36.1053	0.3238	679.0000	188.0000	0.2769	698.0000
610	0.3731	0.4689	0.3479	0.8507	0.0125	0.6297	36.2105	0.3274	686.0000	191.0000	0.2784	702.0000
611	0.3934	0.4672	0.3487	0.8373	0.0120	0.6317	35.7895	0.3263	654.0000	174.0000	0.2661	670.0000
612	0.3923	0.4684	0.3507	0.8483	0.0125	0.6556	36.0526	0.3134	685.0000	176.0000	0.2569	703.0000
613	0.4185	0.4621	0.3437	0.8484	0.0113	0.6519	35.7895	0.3166	664.0000	164.0000	0.2470	685.0000
614	0.3878	0.4644	0.3529	0.8658	0.0115	0.6398	36.0000	0.3367	679.0000	174.0000	0.2563	696.0000
615	0.4220	0.4672	0.3453	0.8542	0.0125	0.6538	36.2632	0.3055	672.0000	182.0000	0.2708	690.0000
616	0.3853	0.4689	0.3551	0.8502	0.0120	0.6350	36.5263	0.3240	676.0000	191.0000	0.2825	693.0000
617	0.3867	0.4698	0.3430	0.8366	0.0126	0.6245	36.2105	0.3367	703.0000	188.0000	0.2674	721.0000
618	0.3952	0.4698	0.3554	0.8451	0.0125	0.6403	36.1053	0.3108	666.0000	189.0000	0.2838	686.0000
619	0.3729	0.4684	0.3471	0.8400	0.0116	0.6267	36.3158	0.3348	673.0000	187.0000	0.2779	694.0000
620	0.4001	0.4658	0.3520	0.8464	0.0113	0.6466	36.1053	0.3114	720.0000	181.0000	0.2514	738.0000
621	0.4170	0.4700	0.3497	0.8407	0.0124	0.6487	36.2105	0.3131	685.0000	181.0000	0.2642	704.0000
622	0.4113	0.4698	0.3567	0.8365	0.0133	0.6300	35.9474	0.3277	681.0000	185.0000	0.2717	692.0000
623	0.4099	0.4693	0.3537	0.8516	0.0118	0.6531	36.0526	0.3044	713.0000	180.0000	0.2525	733.0000
624	0.3729	0.4709	0.3493	0.8442	0.0122	0.6090	36.2632	0.3549	670.0000	191.0000	0.2851	687.0000
625	0.4139	0.4742	0.3594	0.8410	0.0127	0.6473	36.2632	0.3082	713.0000	187.0000	0.2623	726.0000
626	0.3967	0.4656	0.3295	0.8510	0.0116	0.6452	36.0000	0.3172	644.0000	177.0000	0.2748	661.0000
627	0.3868	0.4702	0.3588	0.8469	0.0121	0.6291	35.8421	0.3307	701.0000	184.0000	0.2625	722.0000
628	0.4102	0.4675	0.3525	0.8417	0.0114	0.6369	35.8947	0.3329	687.0000	187.0000	0.2722	707.0000
629	0.3875	0.4714	0.3539	0.8513	0.0119	0.6430	36.0526	0.3111	713.0000	176.0000	0.2468	730.0000
630	0.4338	0.4689	0.3546	0.8378	0.0120	0.6654	36.0000	0.2895	697.0000	178.0000	0.2554	722.0000
631	0.4004	0.4742	0.3557	0.8350	0.0129	0.6545	36.2105	0.3097	716.0000	185.0000	0.2584	733.0000
632	0.3871	0.4679	0.3446	0.8517	0.0116	0.6439	36.0000	0.3179	708.0000	190.0000	0.2684	733.0000
633	0.3885	0.4670	0.3555	0.8489	0.0121	0.6338	35.8947	0.3283	677.0000	181.0000	0.2674	698.0000
634	0.4040	0.4735	0.3622	0.8410	0.0122	0.6489	36.0000	0.3176	699.0000	188.0000	0.2690	719.0000
635	0.3939	0.4668	0.3469	0.8427	0.0116	0.6216	36.1579	0.3428	678.0000	193.0000	0.2847	695.0000
636	0.3803	0.4665	0.3338	0.8465	0.0117	0.6163	35.8947	0.3484	680.0000	189.0000	0.2779	701.0000
637	0.3597	0.4663	0.3478	0.8489	0.0120	0.6318	35.9474	0.3329	658.0000	188.0000	0.2857	679.0000
638	0.3989	0.4668	0.3521	0.8400	0.0113	0.6516	36.0000	0.3176	690.0000	189.0000	0.2739	714.0000
639	0.4064	0.4677	0.3496	0.8441	0.0115	0.6367	35.9474	0.3287	691.0000	181.0000	0.2619	716.0000
640	0.3983	0.4693	0.3502	0.8473	0.0117	0.6398	35.6316	0.3327	693.0000	179.0000	0.2583	714.0000
641	0.4206	0.4754	0.3545	0.8362	0.0123	0.6465	36.2105	0.3096	746.0000	189.0000	0.2534	762.0000
642	0.4008	0.4726	0.3463	0.8418	0.0120	0.6509	35.8947	0.3025	715.0000	183.0000	0.2559	735.0000
643	0.3946	0.4684	0.3542	0.8447	0.0121	0.6454	35.9474	0.3123	682.0000	185.0000	0.2713	703.0000
644	0.3781	0.4695	0.3585	0.8388	0.0118	0.6330	35.9474	0.3308	707.0000	188.0000	0.2659	724.0000
645	0.3940	0.4658	0.3473	0.8525	0.0121	0.6281	36.4737	0.3391	682.0000	190.0000	0.2786	694.0000
646	0.3936	0.4644	0.3565	0.8452	0.0116	0.6404	36.1053	0.3067	684.0000	181.0000	0.2646	701.0000
647	0.3719	0.4709	0.3459	0.8537	0.0125	0.6435	36.1053	0.3111	677.0000	183.0000	0.2703	686.0000
648	0.3815	0.4709	0.3508	0.8385	0.0116	0.6282	35.5789	0.3370	700.0000	196.0000	0.2800	716.0000
649	0.4052	0.4691	0.3429	0.8516	0.0123	0.6487	36.1053	0.3103	684.0000	186.0000	0.2719	702.0000
650	0.3970	0.4728	0.3592	0.8440	0.0130	0.6367	36.1579	0.3220	701.0000	186.0000	0.2653	717.0000
651	0.4028	0.4695	0.3551	0.8367	0.0120	0.6360	35.8947	0.3285	684.0000	197.0000	0.2880	697.0000
652	0.4038	0.4679	0.3539	0.8425	0.0122	0.6226	36.1053	0.3204	660.0000	186.0000	0.2818	677.0000
653	0.3833	0.4686	0.3463	0.8482	0.0129	0.6372	35.7368	0.3250	686.0000	185.0000	0.2697	703.0000
654	0.3985	0.4665	0.3555	0.8384	0.0117	0.6377	36.2632	0.3305	725.0000	193.0000	0.2662	738.0000
655	0.3928	0.4709	0.3451	0.8310	0.0118	0.6351	36.1579	0.3213	700.0000	190.0000	0.2714	716.0000
656	0.4325	0.4670	0.3579	0.8487	0.0123	0.6485	36.4737	0.3068	667.0000	186.0000	0.2789	686.0000
657	0.3941	0.4665	0.3458	0.8557	0.0114	0.6344	36.0000	0.3236	714.0000	191.0000	0.2675	739.0000
658	0.4051	0.4665	0.3421	0.8607	0.0124	0.6270	35.7895	0.3344	635.0000	174.0000	0.2740	650.0000
659	0.4138	0.4670	0.3421	0.8476	0.0125	0.6476	36.0000	0.3109	658.0000	177.0000	0.2690	675.0000
660	0.3915	0.4654	0.3404	0.8473	0.0114	0.6260	36.2105	0.3392	642.0000	184.0000	0.2866	659.0000
661	0.4030	0.4693	0.3454	0.8373	0.0120	0.6690	35.8421	0.2954	713.0000	173.0000	0.2426	731.0000
662	0.4197	0.4728	0.3563	0.8518	0.0130	0.6577	36.0526	0.3061	675.0000	183.0000	0.2711	695.0000
663	0.4147	0.4689	0.3559	0.8450	0.0117	0.6558	36.0000	0.3215	701.0000	176.0000	0.2511	717.0000
664	0.3747	0.4649	0.3422	0.8537	0.0110	0.6355	36.1579	0.3239	701.0000	179.0000	0.2553	720.0000
665	0.3993	0.4670	0.3397	0.8392	0.0118	0.6484	35.9474	0.3142	730.0000	187.0000	0.2562	743.0000
666	0.4027	0.4735	0.3592	0.8513	0.0125	0.6383	36.0526	0.3128	710.0000	196.0000	0.2761	728.0000
667	0.3668	0.4621	0.3447	0.8505	0.0109	0.6321	35.8947	0.3287	703.0000	190.0000	0.2703	718.0000
668	0.3718	0.4714	0.3543	0.8411	0.0121	0.6168	36.2105	0.3440	746.0000	205.0000	0.2748	767.0000
669	0.3925	0.4651	0.3450	0.8436	0.0118	0.6565	36.0526	0.3021	695.0000	174.0000	0.2504	717.0000
670	0.3863	0.4649	0.3487	0.8499	0.0126	0.6214	35.9474	0.3482	675.0000	184.0000	0.2726	689.0000
671	0.3750	0.4633	0.3476	0.8328	0.0113	0.6178	36.0526	0.3392	696.0000	193.0000	0.2773	711.0000
672	0.3943	0.4679	0.3405	0.8430	0.0114	0.6313	36.1053	0.3274	675.0000	186.0000	0.2756	690.0000
673	0.3675	0.4700	0.3581	0.8401	0.0116	0.6355	35.8947	0.3228	724.0000	190.0000	0.2624	746.0000
674	0.4010	0.4661	0.3473	0.8411	0.0115	0.6211	36.1053	0.3393	702.0000	194.0000	0.2764	721.0000
675	0.4081	0.4691	0.3506	0.8504	0.0130	0.6220	35.8421	0.3357	660.0000	186.0000	0.2818	676.0000
676	0.3852	0.4698	0.3521	0.8395	0.0117	0.6315	35.7895	0.3172	719.0000	190.0000	0.2643	743.0000
677	0.4140	0.4726	0.3532	0.8523	0.0126	0.6346	35.7895	0.3282	678.0000	190.0000	0.2802	698.0000
678	0.4050	0.4658	0.3503	0.8411	0.0121	0.6298	35.9474	0.3227	677.0000	187.0000	0.2762	699.0000
679	0.3857	0.4630	0.3466	0.8544	0.0115	0.6485	36.3158	0.3149	706.0000	179.0000	0.2535	728.0000
680	0.4075	0.4691	0.3513	0.8506	0.0128	0.6465	36.1579	0.3173	672.0000	181.0000	0.2693	686.0000
681	0.3910	0.4712	0.3531	0.8373	0.0125	0.6391	36.0000	0.3207	699.0000	195.0000	0.2790	718.0000
682	0.3960	0.4679	0.3530	0.8460	0.0123	0.6468	36.1053	0.3206	705.0000	190.0000	0.2695	724.0000
683	0.4059	0.4702	0.3554	0.8379	0.0126	0.6354	36.0000	0.3165	707.0000	188.0000	0.2659	722.0000
684	0.4255	0.4705	0.3497	0.8336	0.0128	0.6659	36.2632	0.2941	693.0000	172.0000	0.2482	710.0000
685	0.4162	0.4707	0.3536	0.8389	0.0121	0.6462	35.9474	0.3134	681.0000	183.0000	0.2687	691.0000
686	0.3838	0.4679	0.3390	0.8399	0.0116	0.6280	35.8947	0.3304	708.0000	190.0000	0.2684	725.0000
687	0.4008	0.4630	0.3458	0.8394	0.0111	0.6377	36.0526	0.3313	663.0000	183.0000	0.2760	684.0000
688	0.3765	0.4672	0.3459	0.8344	0.0120	0.6251	35.8421	0.3326	691.0000	186.0000	0.2692	711.0000
689	0.4044	0.4698	0.3568	0.8512	0.0124	0.6508	36.2105	0.3119	724.0000	183.0000	0.2528	740.0000
690	0.4037	0.4700	0.3490	0.8330	0.0125	0.6599	35.7368	0.2897	678.0000	178.0000	0.2625	699.0000
691	0.4028	0.4712	0.3600	0.8365	0.0124	0.6456	35.9474	0.3182	688.0000	188.0000	0.2733	703.0000
692	0.4110	0.4730	0.3624	0.8428	0.0133	0.6535	35.7368	0.3085	704.0000	181.0000	0.2571	720.0000
693	0.4280	0.4677	0.3429	0.8432	0.0128	0.6541	35.9474	0.2945	653.0000	175.0000	0.2680	670.0000
694	0.3939	0.4714	0.3636	0.8404	0.0123	0.6487	36.1579	0.3016	728.0000	190.0000	0.2610	745.0000
695	0.3882	0.4698	0.3531	0.8462	0.0117	0.6448	36.1579	0.3157	702.0000	189.0000	0.2692	721.0000
696	0.3983	0.4661	0.3522	0.8360	0.0121	0.6239	36.0526	0.3340	678.0000	191.0000	0.2817	691.0000
697	0.3804	0.4693	0.3488	0.8535	0.0117	0.6410	36.0000	0.3068	720.0000	186.0000	0.2583	737.0000
698	0.3913	0.4698	0.3595	0.8438	0.0125	0.6313	36.2105	0.3215	695.0000	187.0000	0.2691	713.0000
699	0.3833	0.4705	0.3515	0.8362	0.0120	0.6246	36.3684	0.3371	685.0000	196.0000	0.2861	703.0000
700	0.3783	0.4716	0.3556	0.8513	0.0125	0.6655	36.0000	0.2978	704.0000	179.0000	0.2543	717.0000
701	0.3943	0.4721	0.3524	0.8522	0.0127	0.6323	35.9474	0.3309	650.0000	181.0000	0.2785	669.0000
702	0.4147	0.4709	0.3541	0.8524	0.0123	0.6542	36.1053	0.3033	689.0000	185.0000	0.2685	709.0000
703	0.3940	0.4779	0.3622	0.8362	0.0131	0.6425	36.0526	0.3209	699.0000	197.0000	0.2818	712.0000
704	0.3968	0.4644	0.3442	0.8566	0.0115	0.6346	36.0526	0.3390	653.0000	176.0000	0.2695	666.0000
705	0.3936	0.4686	0.3583	0.8431	0.0113	0.6539	36.0000	0.2986	679.0000	177.0000	0.2607	707.0000
706	0.3812	0.4647	0.3369	0.8449	0.0111	0.6289	36.0526	0.3395	683.0000	176.0000	0.2577	707.0000
707	0.3968	0.4668	0.3499	0.8552	0.0110	0.6176	35.8947	0.3475	672.0000	187.0000	0.2783	695.0000
708	0.4010	0.4626	0.3447	0.8337	0.0113	0.6368	36.3684	0.3272	654.0000	177.0000	0.2706	676.0000
709	0.3885	0.4682	0.3305	0.8500	0.0122	0.6356	36.1579	0.3353	689.0000	181.0000	0.2627	705.0000
710	0.3866	0.4668	0.3420	0.8507	0.0107	0.6393	36.0526	0.3185	678.0000	172.0000	0.2537	704.0000
711	0.4172	0.4695	0.3512	0.8495	0.0127	0.6653	36.1053	0.2940	679.0000	174.0000	0.2563	696.0000
712	0.3739	0.4642	0.3414	0.8461	0.0110	0.6356	36.1053	0.3225	697.0000	184.0000	0.2640	712.0000
713	0.3666	0.4705	0.3561	0.8280	0.0113	0.6059	35.9474	0.3444	678.0000	198.0000	0.2920	700.0000
714	0.4126	0.4726	0.3648	0.8336	0.0129	0.6731	35.7895	0.2915	706.0000	176.0000	0.2493	723.0000
715	0.3617	0.4698	0.3592	0.8541	0.0117	0.6410	35.8947	0.3214	699.0000	184.0000	0.2632	727.0000
716	0.3949	0.4716	0.3500	0.8485	0.0117	0.6400	36.0526	0.3290	698.0000	186.0000	0.2665	710.0000
717	0.3705	0.4693	0.3489	0.8551	0.0121	0.6382	35.9474	0.3177	688.0000	180.0000	0.2616	703.0000
718	0.3831	0.4635	0.3445	0.8502	0.0112	0.6540	36.1579	0.3174	694.0000	170.0000	0.2450	713.0000
719	0.3812	0.4723	0.3473	0.8518	0.0118	0.6366	36.0000	0.3355	700.0000	183.0000	0.2614	718.0000
720	0.3932	0.4658	0.3527	0.8469	0.0114	0.6234	36.1053	0.3385	685.0000	194.0000	0.2832	709.0000
721	0.3778	0.4709	0.3661	0.8442	0.0115	0.6337	35.8421	0.3236	736.0000	195.0000	0.2649	756.0000
722	0.4114	0.4707	0.3586	0.8499	0.0119	0.6520	36.2105	0.3107	710.0000	176.0000	0.2479	730.0000
723	0.3968	0.4709	0.3587	0.8353	0.0119	0.6344	36.4211	0.3188	710.0000	186.0000	0.2620	727.0000
724	0.4239	0.4723	0.3502	0.8494	0.0121	0.6533	35.8947	0.3135	715.0000	187.0000	0.2615	728.0000
725	0.3769	0.4647	0.3504	0.8289	0.0112	0.6158	36.1053	0.3399	684.0000	193.0000	0.2822	711.0000
726	0.3694	0.4633	0.3460	0.8383	0.0112	0.6163	36.2105	0.3468	692.0000	193.0000	0.2789	714.0000
727	0.4152	0.4644	0.3477	0.8378	0.0106	0.6469	35.9474	0.3157	675.0000	175.0000	0.2593	692.0000
728	0.3937	0.4654	0.3475	0.8438	0.0121	0.6420	35.9474	0.3300	658.0000	177.0000	0.2690	675.0000
729	0.4044	0.4672	0.3530	0.8489	0.0124	0.6333	36.1053	0.3193	672.0000	184.0000	0.2738	681.0000
730	0.4002	0.4644	0.3502	0.8464	0.0121	0.6562	35.8947	0.3109	683.0000	177.0000	0.2592	700.0000
731	0.4125	0.4693	0.3548	0.8468	0.0127	0.6296	36.1579	0.3263	677.0000	189.0000	0.2792	695.0000
732	0.3950	0.4647	0.3447	0.8611	0.0136	0.6347	36.1053	0.3302	654.0000	180.0000	0.2752	668.0000
733	0.3785	0.4621	0.3399	0.8385	0.0112	0.6431	36.0000	0.3128	670.0000	178.0000	0.2657	686.0000
734	0.3649	0.4698	0.3497	0.8306	0.0120	0.6152	36.0000	0.3426	711.0000	203.0000	0.2855	730.0000
735	0.3962	0.4719	0.3448	0.8411	0.0125	0.6522	36.1053	0.3090	697.0000	189.0000	0.2712	715.0000
736	0.3897	0.4621	0.3270	0.8443	0.0111	0.6273	36.2105	0.3290	668.0000	189.0000	0.2829	685.0000
737	0.4071	0.4719	0.3501	0.8381	0.0121	0.6551	35.7895	0.2962	723.0000	177.0000	0.2448	741.0000
738	0.4058	0.4714	0.3581	0.8450	0.0120	0.6441	36.1579	0.3199	709.0000	192.0000	0.2708	732.0000
739	0.3886	0.4651	0.3471	0.8320	0.0115	0.6186	36.2632	0.3471	683.0000	189.0000	0.2767	694.0000
740	0.4025	0.4702	0.3551	0.8472	0.0120	0.6168	35.8421	0.3533	699.0000	194.0000	0.2775	720.0000
741	0.3790	0.4647	0.3427	0.8429	0.0109	0.6304	35.8947	0.3322	693.0000	189.0000	0.2727	709.0000
742	0.3963	0.4730	0.3606	0.8313	0.0119	0.6350	36.2632	0.3296	718.0000	196.0000	0.2730	732.0000
743	0.3911	0.4682	0.3541	0.8441	0.0121	0.6408	36.3158	0.3252	696.0000	180.0000	0.2586	717.0000
744	0.4022	0.4642	0.3504	0.8470	0.0121	0.6278	35.8947	0.3379	672.0000	180.0000	0.2679	692.0000
745	0.3988	0.4719	0.3581	0.8519	0.0128	0.6142	36.3158	0.3398	661.0000	193.0000	0.2920	681.0000
746	0.4180	0.4763	0.3508	0.8393	0.0134	0.6397	36.2105	0.3206	692.0000	194.0000	0.2803	703.0000
747	0.3917	0.4691	0.3527	0.8310	0.0116	0.6348	36.0526	0.3312	696.0000	191.0000	0.2744	712.0000
748	0.3881	0.4682	0.3525	0.8422	0.0122	0.6445	35.9474	0.3303	690.0000	180.0000	0.2609	705.0000
749	0.4200	0.4693	0.3530	0.8445	0.0130	0.6659	36.3684	0.3000	677.0000	168.0000	0.2482	695.0000
750	0.3905	0.4686	0.3565	0.8410	0.0126	0.6282	35.5263	0.3446	709.0000	194.0000	0.2736	729.0000
751	0.4183	0.4768	0.3530	0.8409	0.0133	0.6527	35.9474	0.3071	692.0000	189.0000	0.2731	706.0000
752	0.4214	0.4668	0.3542	0.8474	0.0112	0.6636	36.1053	0.2899	714.0000	179.0000	0.2507	725.0000
753	0.3883	0.4726	0.3611	0.8558	0.0124	0.6436	35.8947	0.3236	667.0000	182.0000	0.2729	686.0000
754	0.3792	0.4665	0.3551	0.8351	0.0118	0.6546	36.0526	0.3006	719.0000	188.0000	0.2615	732.0000
755	0.3949	0.4705	0.3512	0.8413	0.0120	0.6403	36.1053	0.3120	696.0000	188.0000	0.2701	720.0000
756	0.4290	0.4719	0.3553	0.8338	0.0129	0.6464	35.6842	0.3207	706.0000	189.0000	0.2677	715.0000
757	0.3927	0.4647	0.3441	0.8377	0.0113	0.6464	36.0526	0.3170	704.0000	177.0000	0.2514	727.0000
758	0.4057	0.4679	0.3476	0.8553	0.0115	0.6468	35.8947	0.3213	657.0000	180.0000	0.2740	670.0000
759	0.4026	0.4702	0.3609	0.8459	0.0122	0.6517	36.0526	0.3106	692.0000	179.0000	0.2587	710.0000
760	0.4016	0.4691	0.3535	0.8464	0.0125	0.6368	36.2105	0.3194	686.0000	188.0000	0.2741	705.0000
761	0.3946	0.4682	0.3498	0.8353	0.0121	0.6319	36.1579	0.3187	696.0000	193.0000	0.2773	715.0000
762	0.3887	0.4661	0.3557	0.8412	0.0118	0.6395	36.1579	0.3190	675.0000	180.0000	0.2667	697.0000
763	0.4115	0.4675	0.3476	0.8483	0.0119	0.6491	35.8947	0.3101	655.0000	178.0000	0.2718	674.0000
764	0.4038	0.4693	0.3540	0.8451	0.0123	0.6440	36.1053	0.3174	663.0000	188.0000	0.2836	681.0000
765	0.4039	0.4654	0.3451	0.8458	0.0116	0.6534	36.4211	0.3131	681.0000	186.0000	0.2731	700.0000
766	0.3797	0.4719	0.3616	0.8469	0.0116	0.6370	36.2632	0.3256	707.0000	186.0000	0.2631	720.0000
767	0.3837	0.4679	0.3450	0.8474	0.0119	0.6364	35.8947	0.3260	696.0000	180.0000	0.2586	707.0000
768	0.3996	0.4756	0.3530	0.8456	0.0130	0.6368	36.2632	0.3203	724.0000	198.0000	0.2735	740.0000
769	0.4101	0.4677	0.3435	0.8544	0.0121	0.6641	36.0000	0.2982	653.0000	170.0000	0.2603	672.0000
770	0.4025	0.4700	0.3593	0.8580	0.0129	0.6498	35.7895	0.3027	688.0000	176.0000	0.2558	706.0000
771	0.4103	0.4661	0.3517	0.8673	0.0118	0.6529	35.8421	0.3080	656.0000	168.0000	0.2561	672.0000
772	0.3984	0.4656	0.3517	0.8403	0.0115	0.6352	36.0000	0.3158	663.0000	184.0000	0.2775	684.0000
773	0.3873	0.4695	0.3474	0.8408	0.0121	0.6594	36.1579	0.2907	723.0000	176.0000	0.2434	737.0000
774	0.4246	0.4693	0.3446	0.8418	0.0117	0.6414	36.0526	0.3192	713.0000	183.0000	0.2567	732.0000
775	0.4150	0.4733	0.3576	0.8362	0.0123	0.6371	36.2632	0.3175	740.0000	196.0000	0.2649	756.0000
776	0.3945	0.4670	0.3469	0.8507	0.0111	0.6409	36.0000	0.3179	700.0000	181.0000	0.2586	706.0000
777	0.4063	0.4654	0.3486	0.8411	0.0116	0.6560	36.1053	0.3049	681.0000	177.0000	0.2599	693.0000
778	0.3723	0.4661	0.3438	0.8384	0.0111	0.6236	36.1053	0.3282	694.0000	185.0000	0.2666	716.0000
779	0.4064	0.4723	0.3578	0.8508	0.0130	0.6270	36.1579	0.3344	664.0000	183.0000	0.2756	680.0000
780	0.3910	0.4679	0.3482	0.8362	0.0118	0.6529	36.1579	0.3137	734.0000	189.0000	0.2575	750.0000
781	0.3945	0.4621	0.3470	0.8524	0.0110	0.6349	36.3158	0.3291	681.0000	175.0000	0.2570	700.0000
782	0.3850	0.4670	0.3543	0.8401	0.0114	0.6467	36.0000	0.3113	696.0000	185.0000	0.2658	709.0000
783	0.4043	0.4682	0.3508	0.8436	0.0120	0.6613	36.1053	0.2944	741.0000	180.0000	0.2429	759.0000
784	0.3991	0.4651	0.3399	0.8484	0.0122	0.6349	36.2105	0.3232	668.0000	176.0000	0.2635	681.0000
785	0.3654	0.4647	0.3507	0.8506	0.0109	0.6351	36.0000	0.3296	668.0000	179.0000	0.2680	688.0000
786	0.3935	0.4698	0.3489	0.8244	0.0120	0.6250	36.0000	0.3363	666.0000	185.0000	0.2778	677.0000
787	0.3919	0.4670	0.3544	0.8406	0.0110	0.6349	35.7895	0.3244	744.0000	204.0000	0.2742	766.0000
788	0.3826	0.4677	0.3396	0.8443	0.0118	0.6395	36.2105	0.3181	692.0000	184.0000	0.2659	708.0000
789	0.4043	0.4691	0.3513	0.8369	0.0120	0.6469	36.2105	0.3148	677.0000	181.0000	0.2674	695.0000
790	0.3922	0.4612	0.3423	0.8514	0.0112	0.6241	36.2632	0.3271	644.0000	181.0000	0.2811	666.0000
791	0.4289	0.4686	0.3577	0.8449	0.0128	0.6430	36.2105	0.3206	654.0000	183.0000	0.2798	667.0000
792	0.3935	0.4665	0.3395	0.8484	0.0110	0.6328	36.0526	0.3258	668.0000	183.0000	0.2740	687.0000
793	0.4050	0.4709	0.3578	0.8358	0.0123	0.6306	36.1579	0.3285	703.0000	186.0000	0.2646	722.0000
794	0.3838	0.4728	0.3571	0.8394	0.0119	0.6171	35.9474	0.3417	711.0000	194.0000	0.2729	733.0000
795	0.3948	0.4682	0.3410	0.8424	0.0119	0.6479	35.8947	0.3212	727.0000	191.0000	0.2627	736.0000
796	0.4297	0.4672	0.3459	0.8416	0.0115	0.6579	35.7895	0.3042	702.0000	168.0000	0.2393	720.0000
797	0.4099	0.4682	0.3439	0.8514	0.0122	0.6314	36.0000	0.3275	666.0000	182.0000	0.2733	682.0000
798	0.4032	0.4675	0.3449	0.8345	0.0111	0.6385	36.1579	0.3215	710.0000	185.0000	0.2606	726.0000
799	0.3971	0.4630	0.3515	0.8348	0.0114	0.6093	36.0000	0.3408	688.0000	185.0000	0.2689	706.0000
800	0.3553	0.4658	0.3439	0.8323	0.0112	0.6114	36.2632	0.3468	723.0000	196.0000	0.2711	738.0000
801	0.4060	0.4670	0.3498	0.8479	0.0117	0.6498	36.0526	0.3075	729.0000	185.0000	0.2538	746.0000
802	0.3755	0.4637	0.3495	0.8518	0.0114	0.6419	36.2105	0.3252	694.0000	182.0000	0.2622	719.0000
803	0.4013	0.4684	0.3471	0.8439	0.0116	0.6490	36.1579	0.3168	702.0000	182.0000	0.2593	724.0000
804	0.3983	0.4705	0.3566	0.8386	0.0121	0.6358	35.8421	0.3323	710.0000	187.0000	0.2634	727.0000
805	0.3765	0.4654	0.3399	0.8419	0.0118	0.6440	36.1579	0.3059	704.0000	182.0000	0.2585	718.0000
806	0.4169	0.4686	0.3489	0.8620	0.0119	0.6499	35.8947	0.3139	662.0000	178.0000	0.2689	679.0000
807	0.4310	0.4723	0.3613	0.8449	0.0123	0.6492	36.0000	0.3075	734.0000	179.0000	0.2439	756.0000
808	0.3942	0.4663	0.3604	0.8494	0.0117	0.6461	36.0000	0.3223	690.0000	176.0000	0.2551	712.0000
809	0.3734	0.4702	0.3612	0.8436	0.0126	0.6229	36.3684	0.3374	690.0000	196.0000	0.2841	707.0000
810	0.4018	0.4661	0.3430	0.8374	0.0117	0.6549	36.0000	0.3092	675.0000	173.0000	0.2563	692.0000
811	0.4381	0.4698	0.3545	0.8474	0.0129	0.6570	36.0526	0.3098	661.0000	179.0000	0.2708	679.0000
812	0.4236	0.4663	0.3487	0.8404	0.0115	0.6444	36.0526	0.3100	700.0000	186.0000	0.2657	720.0000
813	0.4133	0.4723	0.3565	0.8302	0.0125	0.6448	36.1053	0.3122	719.0000	186.0000	0.2587	738.0000
814	0.3906	0.4623	0.3458	0.8416	0.0117	0.6490	35.8947	0.3009	702.0000	174.0000	0.2479	723.0000
815	0.3779	0.4695	0.3601	0.8449	0.0118	0.6295	36.3158	0.3350	712.0000	194.0000	0.2725	730.0000
816	0.3668	0.4672	0.3521	0.8421	0.0114	0.6176	36.0526	0.3444	732.0000	195.0000	0.2664	752.0000
817	0.4062	0.4702	0.3519	0.8443	0.0118	0.6722	36.1579	0.2877	712.0000	169.0000	0.2374	729.0000
818	0.4168	0.4726	0.3510	0.8388	0.0125	0.6507	36.0000	0.3135	691.0000	183.0000	0.2648	700.0000
819	0.3848	0.4700	0.3580	0.8389	0.0112	0.6390	36.0526	0.3195	703.0000	191.0000	0.2717	720.0000
820	0.4006	0.4623	0.3477	0.8463	0.0120	0.6498	35.8421	0.3075	668.0000	170.0000	0.2545	685.0000
821	0.3935	0.4665	0.3495	0.8543	0.0113	0.6343	36.0526	0.3291	694.0000	184.0000	0.2651	715.0000
822	0.4241	0.4719	0.3545	0.8456	0.0123	0.6570	35.6316	0.3074	689.0000	176.0000	0.2554	708.0000
823	0.4116	0.4686	0.3556	0.8426	0.0131	0.6474	36.2105	0.3145	658.0000	181.0000	0.2751	668.0000
824	0.4045	0.4679	0.3473	0.8431	0.0128	0.6306	35.7368	0.3336	651.0000	189.0000	0.2903	667.0000
825	0.4010	0.4712	0.3587	0.8444	0.0127	0.6388	35.9474	0.3246	673.0000	182.0000	0.2704	693.0000
826	0.3905	0.4644	0.3474	0.8547	0.0117	0.6250	35.9474	0.3362	670.0000	183.0000	0.2731	686.0000
827	0.4208	0.4658	0.3477	0.8553	0.0120	0.6548	36.2105	0.3045	684.0000	171.0000	0.2500	699.0000
828	0.3907	0.4682	0.3452	0.8300	0.0114	0.6320	35.8421	0.3276	710.0000	193.0000	0.2718	730.0000
829	0.4062	0.4654	0.3358	0.8521	0.0109	0.6193	35.7895	0.3364	703.0000	189.0000	0.2688	725.0000
830	0.4034	0.4642	0.3376	0.8440	0.0114	0.6376	36.2105	0.3319	650.0000	177.0000	0.2723	663.0000
831	0.3792	0.4693	0.3547	0.8419	0.0127	0.6282	36.0526	0.3341	697.0000	190.0000	0.2726	707.0000
832	0.3865	0.4665	0.3457	0.8384	0.0115	0.6364	36.1053	0.3210	680.0000	180.0000	0.2647	706.0000
833	0.3976	0.4679	0.3605	0.8484	0.0117	0.6429	36.1053	0.3105	710.0000	187.0000	0.2634	734.0000
834	0.4133	0.4651	0.3525	0.8411	0.0121	0.6376	36.0000	0.3258	680.0000	182.0000	0.2676	702.0000
835	0.4293	0.4689	0.3604	0.8440	0.0116	0.6452	36.0526	0.3114	714.0000	189.0000	0.2647	735.0000
836	0.3788	0.4668	0.3481	0.8337	0.0120	0.6274	36.2105	0.3263	715.0000	198.0000	0.2769	728.0000
837	0.4002	0.4712	0.3501	0.8391	0.0123	0.6404	36.3684	0.3215	695.0000	183.0000	0.2633	713.0000
838	0.3882	0.4637	0.3414	0.8472	0.0118	0.6325	36.0000	0.3310	665.0000	177.0000	0.2662	690.0000
839	0.4006	0.4679	0.3394	0.8307	0.0118	0.6327	36.1053	0.3184	712.0000	188.0000	0.2640	728.0000
840	0.3874	0.4679	0.3537	0.8662	0.0118	0.6335	36.1053	0.3340	676.0000	185.0000	0.2737	695.0000
841	0.4241	0.4698	0.3518	0.8450	0.0123	0.6525	36.0526	0.3140	708.0000	187.0000	0.2641	725.0000
842	0.3917	0.4712	0.3550	0.8428	0.0123	0.6419	36.0000	0.3115	699.0000	185.0000	0.2647	717.0000
843	0.4041	0.4682	0.3484	0.8438	0.0122	0.6428	35.9474	0.3095	698.0000	186.0000	0.2665	717.0000
844	0.3744	0.4695	0.3666	0.8325	0.0125	0.6259	36.0526	0.3214	676.0000	198.0000	0.2929	695.0000
845	0.4270	0.4735	0.3557	0.8425	0.0126	0.6627	36.0526	0.2976	693.0000	183.0000	0.2641	709.0000
846	0.4040	0.4649	0.3464	0.8437	0.0110	0.6288	35.8421	0.3264	685.0000	179.0000	0.2613	705.0000
847	0.3941	0.4677	0.3530	0.8384	0.0118	0.6194	35.7368	0.3284	678.0000	191.0000	0.2817	695.0000
848	0.3886	0.4658	0.3421	0.8578	0.0119	0.6419	35.9474	0.3303	660.0000	176.0000	0.2667	674.0000
849	0.3960	0.4679	0.3347	0.8497	0.0121	0.6447	36.1053	0.3161	686.0000	181.0000	0.2638	703.0000
850	0.3913	0.4689	0.3542	0.8451	0.0125	0.6340	36.0000	0.3298	709.0000	189.0000	0.2666	730.0000
851	0.4176	0.4665	0.3485	0.8427	0.0122	0.6541	35.8947	0.3058	694.0000	178.0000	0.2565	708.0000
852	0.4057	0.4637	0.3532	0.8575	0.0116	0.6576	36.2632	0.3011	703.0000	170.0000	0.2418	717.0000
853	0.4045	0.4656	0.3468	0.8471	0.0117	0.6327	35.9474	0.3335	662.0000	181.0000	0.2734	681.0000
854	0.3676	0.4637	0.3394	0.8416	0.0112	0.6339	36.3158	0.3216	678.0000	192.0000	0.2832	695.0000
855	0.4112	0.4651	0.3431	0.8468	0.0119	0.6472	35.9474	0.3091	660.0000	171.0000	0.2591	676.0000
856	0.4088	0.4684	0.3536	0.8333	0.0118	0.6493	35.8947	0.3212	727.0000	187.0000	0.2572	751.0000
857	0.3846	0.4686	0.3527	0.8339	0.0115	0.6451	35.8947	0.3238	701.0000	192.0000	0.2739	713.0000
858	0.4055	0.4672	0.3483	0.8320	0.0123	0.6505	35.8421	0.3019	684.0000	181.0000	0.2646	698.0000
859	0.4005	0.4647	0.3537	0.8366	0.0114	0.6322	35.6316	0.3342	714.0000	191.0000	0.2675	729.0000
860	0.3991	0.4647	0.3479	0.8631	0.0116	0.6580	35.8947	0.3065	685.0000	168.0000	0.2453	705.0000
861	0.4007	0.4637	0.3446	0.8570	0.0125	0.6363	36.1053	0.3235	614.0000	168.0000	0.2736	630.0000
862	0.4039	0.4693	0.3552	0.8483	0.0122	0.6422	36.1053	0.3155	685.0000	190.0000	0.2774	703.0000
863	0.3937	0.4728	0.3611	0.8596	0.0125	0.6347	35.8947	0.3318	667.0000	188.0000	0.2819	683.0000
864	0.3785	0.4693	0.3580	0.8476	0.0119	0.6104	35.9474	0.3517	666.0000	186.0000	0.2793	679.0000
865	0.3965	0.4609	0.3496	0.8419	0.0110	0.6275	36.2105	0.3319	668.0000	181.0000	0.2710	690.0000
866	0.3929	0.4700	0.3626	0.8390	0.0115	0.6211	36.1579	0.3389	686.0000	191.0000	0.2784	710.0000
867	0.4188	0.4709	0.3552	0.8375	0.0119	0.6392	36.0526	0.3178	677.0000	179.0000	0.2644	694.0000
868	0.4007	0.4700	0.3581	0.8453	0.0124	0.6385	36.0000	0.3156	670.0000	184.0000	0.2746	688.0000
869	0.3902	0.4716	0.3580	0.8449	0.0124	0.6299	35.9474	0.3320	692.0000	191.0000	0.2760	710.0000
870	0.3749	0.4616	0.3390	0.8368	0.0105	0.6209	36.1053	0.3405	696.0000	185.0000	0.2658	707.0000
871	0.4092	0.4682	0.3557	0.8470	0.0127	0.6524	36.2105	0.3016	695.0000	177.0000	0.2547	710.0000
872	0.4173	0.4705	0.3403	0.8333	0.0123	0.6407	35.7368	0.3244	690.0000	180.0000	0.2609	707.0000
873	0.3899	0.4686	0.3548	0.8352	0.0123	0.6502	35.9474	0.3078	711.0000	188.0000	0.2644	728.0000
874	0.4074	0.4619	0.3458	0.8446	0.0115	0.6669	36.1053	0.2902	659.0000	172.0000	0.2610	677.0000
875	0.4067	0.4635	0.3367	0.8551	0.0114	0.6250	36.0526	0.3449	666.0000	184.0000	0.2763	676.0000
876	0.3781	0.4707	0.3526	0.8400	0.0118	0.6342	36.1053	0.3126	703.0000	187.0000	0.2660	727.0000
877	0.3952	0.4679	0.3496	0.8438	0.0120	0.6404	35.7368	0.3267	665.0000	186.0000	0.2797	684.0000
878	0.3944	0.4719	0.3636	0.8405	0.0114	0.6427	36.0526	0.3168	731.0000	187.0000	0.2558	747.0000
879	0.4060	0.4689	0.3561	0.8405	0.0121	0.6447	35.8947	0.3123	702.0000	183.0000	0.2607	729.0000
880	0.3949	0.4670	0.3495	0.8401	0.0116	0.6371	36.3684	0.3185	679.0000	186.0000	0.2739	697.0000
881	0.3929	0.4658	0.3569	0.8323	0.0107	0.6433	36.0526	0.3199	745.0000	190.0000	0.2550	765.0000
882	0.3788	0.4670	0.3446	0.8425	0.0115	0.6141	35.7368	0.3473	683.0000	185.0000	0.2709	702.0000
883	0.4024	0.4735	0.3554	0.8432	0.0126	0.6338	36.1053	0.3373	680.0000	195.0000	0.2868	698.0000
884	0.4053	0.4642	0.3432	0.8408	0.0121	0.6335	36.1053	0.3242	686.0000	192.0000	0.2799	698.0000
885	0.3946	0.4635	0.3449	0.8611	0.0116	0.6512	36.2105	0.3098	667.0000	171.0000	0.2564	684.0000
886	0.4096	0.4714	0.3611	0.8494	0.0131	0.6458	36.2632	0.3122	664.0000	182.0000	0.2741	678.0000
887	0.3887	0.4654	0.3547	0.8481	0.0115	0.6395	35.8421	0.3194	697.0000	185.0000	0.2654	719.0000
888	0.4004	0.4689	0.3528	0.8370	0.0118	0.6334	36.1053	0.3210	683.0000	188.0000	0.2753	698.0000
889	0.4053	0.4686	0.3439	0.8535	0.0133	0.6421	36.2632	0.3224	663.0000	180.0000	0.2715	672.0000
890	0.4031	0.4705	0.3617	0.8467	0.0128	0.6568	36.1053	0.2961	653.0000	180.0000	0.2757	670.0000
891	0.3889	0.4686	0.3535	0.8485	0.0114	0.6433	35.8947	0.3139	673.0000	182.0000	0.2704	697.0000
892	0.4156	0.4698	0.3553	0.8434	0.0119	0.6518	36.2105	0.3072	683.0000	173.0000	0.2533	705.0000
893	0.3998	0.4686	0.3461	0.8504	0.0117	0.6364	36.1053	0.3231	693.0000	181.0000	0.2612	716.0000
894	0.3812	0.4649	0.3479	0.8435	0.0112	0.6348	36.6316	0.3234	670.0000	184.0000	0.2746	692.0000
895	0.3867	0.4672	0.3495	0.8387	0.0110	0.6489	36.3158	0.3079	693.0000	182.0000	0.2626	710.0000
896	0.3729	0.4677	0.3455	0.8428	0.0122	0.6204	36.2105	0.3422	662.0000	189.0000	0.2855	682.0000
897	0.4009	0.4654	0.3504	0.8434	0.0111	0.6518	36.1053	0.3256	667.0000	175.0000	0.2624	690.0000
898	0.4044	0.4663	0.3444	0.8490	0.0114	0.6388	36.4737	0.3178	679.0000	192.0000	0.2828	696.0000
899	0.3904	0.4642	0.3488	0.8432	0.0116	0.6321	36.0526	0.3361	675.0000	179.0000	0.2652	689.0000
900	0.4192	0.4700	0.3485	0.8453	0.0124	0.6402	36.2105	0.3130	666.0000	179.0000	0.2688	677.0000
901	0.3674	0.4647	0.3377	0.8440	0.0108	0.6538	35.6842	0.3143	697.0000	167.0000	0.2396	720.0000
902	0.3775	0.4630	0.3372	0.8523	0.0122	0.6208	35.8421	0.3411	641.0000	182.0000	0.2839	661.0000
903	0.3939	0.4698	0.3546	0.8566	0.0121	0.6468	36.0526	0.3145	682.0000	185.0000	0.2713	697.0000
904	0.4058	0.4735	0.3603	0.8290	0.0124	0.6327	36.0000	0.3283	680.0000	190.0000	0.2794	697.0000
905	0.4070	0.4658	0.3534	0.8463	0.0113	0.6465	35.9474	0.3167	659.0000	176.0000	0.2671	680.0000
906	0.3875	0.4651	0.3502	0.8287	0.0117	0.6286	36.2105	0.3342	684.0000	185.0000	0.2705	699.0000
907	0.4204	0.4695	0.3527	0.8572	0.0122	0.6463	36.1579	0.3211	671.0000	186.0000	0.2772	693.0000
908	0.3885	0.4693	0.3414	0.8506	0.0124	0.6288	36.1579	0.3294	653.0000	174.0000	0.2665	662.0000
909	0.3898	0.4661	0.3497	0.8484	0.0120	0.6232	36.0000	0.3428	683.0000	186.0000	0.2723	701.0000
910	0.4032	0.4672	0.3448	0.8270	0.0119	0.6297	35.8947	0.3194	649.0000	188.0000	0.2897	663.0000
911	0.3994	0.4705	0.3623	0.8576	0.0118	0.6477	36.0000	0.3218	685.0000	189.0000	0.2759	710.0000
912	0.3718	0.4663	0.3442	0.8425	0.0123	0.6302	35.8421	0.3339	674.0000	191.0000	0.2834	686.0000
913	0.4013	0.4672	0.3511	0.8531	0.0115	0.6262	35.9474	0.3340	657.0000	180.0000	0.2740	677.0000
914	0.3864	0.4663	0.3381	0.8434	0.0121	0.6328	35.9474	0.3279	674.0000	185.0000	0.2745	688.0000
915	0.3870	0.4737	0.3564	0.8413	0.0123	0.6316	36.0526	0.3312	686.0000	191.0000	0.2784	710.0000
916	0.4004	0.4714	0.3564	0.8404	0.0128	0.6339	35.9474	0.3298	707.0000	190.0000	0.2687	719.0000
917	0.4045	0.4675	0.3497	0.8470	0.0120	0.6356	36.2632	0.3279	686.0000	188.0000	0.2741	704.0000
918	0.4057	0.4716	0.3592	0.8421	0.0128	0.6345	36.1053	0.3165	704.0000	192.0000	0.2727	721.0000
919	0.4332	0.4670	0.3505	0.8545	0.0117	0.6504	36.0526	0.3130	690.0000	179.0000	0.2594	713.0000
920	0.3821	0.4626	0.3532	0.8468	0.0124	0.6369	36.0000	0.3245	665.0000	182.0000	0.2737	678.0000
921	0.3947	0.4719	0.3568	0.8478	0.0121	0.6451	36.0526	0.3117	707.0000	180.0000	0.2546	722.0000
922	0.4014	0.4640	0.3437	0.8517	0.0113	0.6390	35.9474	0.3201	689.0000	184.0000	0.2671	704.0000
923	0.3586	0.4614	0.3421	0.8648	0.0111	0.6270	36.3158	0.3384	650.0000	174.0000	0.2677	673.0000
924	0.3920	0.4642	0.3527	0.8475	0.0115	0.6383	36.0526	0.3245	672.0000	188.0000	0.2798	686.0000
925	0.4102	0.4695	0.3464	0.8416	0.0116	0.6390	36.1579	0.3225	715.0000	186.0000	0.2601	733.0000
926	0.4011	0.4735	0.3595	0.8471	0.0126	0.6260	36.1053	0.3260	697.0000	195.0000	0.2798	715.0000
927	0.4140	0.4737	0.3601	0.8373	0.0132	0.6324	36.1053	0.3278	675.0000	188.0000	0.2785	688.0000
928	0.4077	0.4719	0.3485	0.8265	0.0121	0.6726	36.2105	0.2781	743.0000	179.0000	0.2409	760.0000
929	0.3893	0.4626	0.3372	0.8451	0.0117	0.6140	36.1053	0.3450	662.0000	191.0000	0.2885	682.0000
930	0.3831	0.4728	0.3666	0.8446	0.0121	0.6343	36.2105	0.3194	693.0000	191.0000	0.2756	715.0000
931	0.3872	0.4714	0.3505	0.8464	0.0123	0.6301	35.8421	0.3290	684.0000	184.0000	0.2690	694.0000
932	0.3899	0.4677	0.3445	0.8390	0.0117	0.6272	36.0000	0.3276	692.0000	186.0000	0.2688	711.0000
933	0.3754	0.4682	0.3464	0.8435	0.0118	0.6291	36.0526	0.3336	689.0000	187.0000	0.2714	704.0000
934	0.4296	0.4689	0.3591	0.8557	0.0128	0.6685	36.0526	0.3005	653.0000	172.0000	0.2634	668.0000
935	0.3981	0.4744	0.3565	0.8368	0.0127	0.6446	36.1579	0.3157	706.0000	190.0000	0.2691	719.0000
936	0.4066	0.4684	0.3438	0.8545	0.0122	0.6620	35.6842	0.2998	690.0000	172.0000	0.2493	711.0000
937	0.3897	0.4689	0.3433	0.8583	0.0118	0.6450	36.3684	0.3202	682.0000	174.0000	0.2551	698.0000
938	0.3881	0.4675	0.3530	0.8496	0.0116	0.6448	36.3684	0.3135	685.0000	178.0000	0.2599	702.0000
939	0.4103	0.4686	0.3484	0.8476	0.0129	0.6603	36.2105	0.3057	673.0000	177.0000	0.2630	688.0000
940	0.3828	0.4670	0.3425	0.8477	0.0118	0.6285	36.0526	0.3403	691.0000	186.0000	0.2692	705.0000
941	0.3748	0.4633	0.3472	0.8528	0.0115	0.6220	36.2105	0.3428	633.0000	189.0000	0.2986	651.0000
942	0.3711	0.4700	0.3545	0.8335	0.0114	0.6080	36.1579	0.3500	693.0000	201.0000	0.2900	717.0000
943	0.3890	0.4663	0.3380	0.8487	0.0115	0.6239	35.8421	0.3381	658.0000	182.0000	0.2766	682.0000
944	0.4095	0.4712	0.3607	0.8494	0.0128	0.6254	36.3684	0.3399	676.0000	188.0000	0.2781	689.0000
945	0.4028	0.4675	0.3560	0.8494	0.0122	0.6257	35.8947	0.3368	702.0000	184.0000	0.2621	722.0000
946	0.4091	0.4654	0.3464	0.8506	0.0115	0.6413	35.8947	0.3227	684.0000	181.0000	0.2646	704.0000
947	0.4086	0.4705	0.3570	0.8504	0.0120	0.6344	36.0526	0.3290	679.0000	186.0000	0.2739	700.0000
948	0.3944	0.4682	0.3586	0.8371	0.0122	0.6547	35.7368	0.2975	688.0000	182.0000	0.2645	710.0000
949	0.3849	0.4723	0.3586	0.8551	0.0126	0.6273	36.0000	0.3350	671.0000	180.0000	0.2683	684.0000
950	0.3934	0.4700	0.3552	0.8356	0.0122	0.6365	36.0000	0.3303	696.0000	189.0000	0.2716	715.0000
951	0.4193	0.4668	0.3566	0.8375	0.0119	0.6482	36.2105	0.3037	650.0000	181.0000	0.2785	660.0000
952	0.3943	0.4728	0.3622	0.8509	0.0132	0.6528	35.9474	0.3097	663.0000	182.0000	0.2745	673.0000
953	0.3971	0.4675	0.3539	0.8501	0.0119	0.6229	35.7895	0.3365	676.0000	189.0000	0.2796	696.0000
954	0.4052	0.4677	0.3551	0.8435	0.0115	0.6335	36.2632	0.3305	693.0000	185.0000	0.2670	714.0000
955	0.4146	0.4705	0.3479	0.8349	0.0122	0.6425	36.2105	0.3244	691.0000	184.0000	0.2663	704.0000
956	0.4012	0.4635	0.3576	0.8493	0.0111	0.6445	35.8947	0.3174	689.0000	184.0000	0.2671	713.0000
957	0.4116	0.4647	0.3445	0.8464	0.0104	0.6347	36.0000	0.3268	702.0000	181.0000	0.2578	726.0000
958	0.4151	0.4682	0.3540	0.8447	0.0117	0.6658	36.0000	0.2899	696.0000	175.0000	0.2514	708.0000
959	0.3826	0.4684	0.3511	0.8326	0.0117	0.6270	35.7895	0.3351	708.0000	190.0000	0.2684	726.0000
960	0.4193	0.4672	0.3462	0.8464	0.0119	0.6261	36.0000	0.3358	681.0000	185.0000	0.2717	695.0000
961	0.3954	0.4698	0.3560	0.8587	0.0120	0.6429	35.8947	0.3198	686.0000	185.0000	0.2697	702.0000
962	0.4139	0.4719	0.3499	0.8320	0.0125	0.6589	35.9474	0.2988	724.0000	187.0000	0.2583	741.0000
963	0.3861	0.4682	0.3474	0.8429	0.0119	0.6421	35.9474	0.3351	683.0000	177.0000	0.2592	693.0000
964	0.3918	0.4682	0.3408	0.8435	0.0125	0.6361	36.2105	0.3288	685.0000	187.0000	0.2730	694.0000
965	0.4036	0.4658	0.3491	0.8289	0.0112	0.6442	36.2105	0.3159	676.0000	184.0000	0.2722	702.0000
966	0.4071	0.4700	0.3493	0.8310	0.0128	0.6503	36.0000	0.3116	709.0000	179.0000	0.2525	723.0000
967	0.3967	0.4700	0.3535	0.8433	0.0121	0.6277	35.8947	0.3291	687.0000	196.0000	0.2853	706.0000
968	0.3914	0.4658	0.3441	0.8494	0.0111	0.6277	35.9474	0.3328	713.0000	181.0000	0.2539	740.0000
969	0.3930	0.4658	0.3590	0.8468	0.0124	0.6227	35.8421	0.3268	680.0000	182.0000	0.2676	694.0000
970	0.3839	0.4691	0.3408	0.8515	0.0124	0.6225	36.1579	0.3471	692.0000	184.0000	0.2659	703.0000
971	0.4011	0.4665	0.3519	0.8435	0.0116	0.6367	35.9474	0.3211	663.0000	181.0000	0.2730	680.0000
972	0.3804	0.4642	0.3500	0.8384	0.0115	0.6179	36.0000	0.3390	688.0000	188.0000	0.2733	704.0000
973	0.4004	0.4686	0.3521	0.8485	0.0118	0.6554	35.7368	0.3124	695.0000	181.0000	0.2604	712.0000
974	0.3827	0.4633	0.3441	0.8376	0.0109	0.6209	36.0000	0.3421	672.0000	179.0000	0.2664	685.0000
975	0.4271	0.4682	0.3524	0.8430	0.0120	0.6538	35.9474	0.2968	681.0000	177.0000	0.2599	699.0000
976	0.4030	0.4670	0.3553	0.8468	0.0116	0.6348	35.8421	0.3368	687.0000	178.0000	0.2591	700.0000
977	0.3922	0.4684	0.3546	0.8400	0.0116	0.6336	36.3684	0.3336	693.0000	186.0000	0.2684	712.0000
978	0.3978	0.4682	0.3534	0.8434	0.0122	0.6495	36.1579	0.3157	669.0000	181.0000	0.2706	683.0000
979	0.3839	0.4684	0.3520	0.8541	0.0117	0.6316	36.1053	0.3247	697.0000	180.0000	0.2582	714.0000
980	0.4025	0.4677	0.3574	0.8444	0.0117	0.6271	36.0526	0.3324	709.0000	193.0000	0.2722	730.0000
981	0.3801	0.4719	0.3566	0.8245	0.0122	0.6403	35.8421	0.3117	733.0000	193.0000	0.2633	754.0000
982	0.3780	0.4661	0.3452	0.8394	0.0122	0.6360	36.1579	0.3245	653.0000	185.0000	0.2833	670.0000
983	0.3958	0.4658	0.3480	0.8367	0.0112	0.6506	36.2105	0.3146	694.0000	177.0000	0.2550	709.0000
984	0.3920	0.4663	0.3484	0.8408	0.0123	0.6493	36.2105	0.3178	707.0000	182.0000	0.2574	727.0000
985	0.3928	0.4705	0.3487	0.8357	0.0132	0.6527	35.7895	0.3000	711.0000	182.0000	0.2560	723.0000
986	0.3909	0.4661	0.3459	0.8602	0.0117	0.6500	35.8421	0.3172	662.0000	179.0000	0.2704	682.0000
987	0.4155	0.4714	0.3510	0.8459	0.0128	0.6529	36.0526	0.3129	658.0000	179.0000	0.2720	674.0000
988	0.3653	0.4714	0.3504	0.8459	0.0120	0.6300	36.3158	0.3336	663.0000	190.0000	0.2866	678.0000
989	0.3868	0.4649	0.3399	0.8470	0.0116	0.6372	36.0000	0.3242	674.0000	180.0000	0.2671	693.0000
990	0.3965	0.4707	0.3585	0.8344	0.0118	0.6384	35.8947	0.3246	727.0000	188.0000	0.2586	748.0000
991	0.3969	0.4619	0.3445	0.8430	0.0108	0.6398	36.1579	0.3257	696.0000	177.0000	0.2543	714.0000
992	0.3914	0.4691	0.3529	0.8492	0.0115	0.6214	36.0000	0.3269	691.0000	188.0000	0.2721	706.0000
993	0.3866	0.4730	0.3615	0.8423	0.0128	0.6321	36.1053	0.3350	665.0000	191.0000	0.2872	681.0000
994	0.4080	0.4723	0.3657	0.8438	0.0135	0.6426	35.7895	0.3233	690.0000	184.0000	0.2667	699.0000
995	0.3911	0.4675	0.3456	0.8419	0.0123	0.6391	36.1053	0.3287	674.0000	188.0000	0.2789	690.0000
996	0.3797	0.4670	0.3426	0.8367	0.0115	0.6475	36.1579	0.2977	710.0000	185.0000	0.2606	736.0000
997	0.3942	0.4637	0.3331	0.8534	0.0113	0.6281	35.8421	0.3414	679.0000	181.0000	0.2666	690.0000
998	0.4063	0.4693	0.3558	0.8416	0.0113	0.6585	35.7895	0.3049	694.0000	172.0000	0.2478	719.0000
999	0.3887	0.4630	0.3393	0.8403	0.0124	0.6320	36.1579	0.3342	659.0000	186.0000	0.2822	673.0000
1000	0.3952	0.4698	0.3553	0.8488	0.0126	0.6401	36.3684	0.3195	688.0000	181.0000	0.2631	698.0000
