accuracy	proportion	density	fuzziness	coverage	purity	sounds	missing	ubound	clusters	props	patterns
1	0.4625	0.8461	0.5707	0.7749	0.0601	0.6820	37.7368	0.3869	1523.0000	614.0000	0.4032	1525.0000
2	0.4766	0.8377	0.5685	0.7872	0.0560	0.6842	37.7368	0.3544	1447.0000	553.0000	0.3822	1449.0000
3	0.4890	0.8366	0.5692	0.7811	0.0522	0.6936	37.5789	0.3314	1382.0000	518.0000	0.3748	1384.0000
4	0.4804	0.8310	0.5683	0.7971	0.0487	0.6920	37.4737	0.3179	1329.0000	481.0000	0.3619	1331.0000
5	0.4920	0.8280	0.5691	0.7879	0.0480	0.6999	37.5263	0.3051	1303.0000	457.0000	0.3507	1305.0000
6	0.4783	0.8238	0.5721	0.7880	0.0464	0.7036	37.5789	0.3108	1262.0000	445.0000	0.3526	1264.0000
7	0.5095	0.8331	0.5783	0.7928	0.0466	0.6994	37.3158	0.3089	1238.0000	451.0000	0.3643	1240.0000
8	0.4934	0.8285	0.5755	0.7953	0.0459	0.6997	37.1579	0.3080	1207.0000	433.0000	0.3587	1209.0000
9	0.5176	0.8222	0.5771	0.8031	0.0444	0.7113	37.3158	0.2878	1172.0000	425.0000	0.3626	1174.0000
10	0.4936	0.8238	0.5739	0.7853	0.0434	0.6985	37.2105	0.3224	1188.0000	439.0000	0.3695	1190.0000
11	0.5073	0.8238	0.5754	0.8015	0.0459	0.7109	37.2632	0.3046	1161.0000	418.0000	0.3600	1163.0000
12	0.5120	0.8254	0.5758	0.7804	0.0431	0.7066	37.3158	0.3027	1189.0000	433.0000	0.3642	1191.0000
13	0.4677	0.8268	0.5782	0.7922	0.0443	0.6839	37.0000	0.3446	1181.0000	436.0000	0.3692	1183.0000
14	0.4971	0.8236	0.5762	0.7908	0.0448	0.7055	36.9474	0.3101	1157.0000	424.0000	0.3665	1159.0000
15	0.4800	0.8219	0.5715	0.7955	0.0432	0.6891	37.2105	0.3291	1133.0000	431.0000	0.3804	1135.0000
16	0.4945	0.8219	0.5775	0.7879	0.0442	0.7018	37.1053	0.3165	1177.0000	425.0000	0.3611	1179.0000
17	0.4961	0.8217	0.5765	0.7997	0.0430	0.6982	37.2105	0.3233	1157.0000	419.0000	0.3621	1159.0000
18	0.4816	0.8245	0.5788	0.7970	0.0442	0.7047	37.1053	0.3177	1170.0000	423.0000	0.3615	1172.0000
19	0.4806	0.8219	0.5750	0.7859	0.0440	0.7078	36.9474	0.3169	1177.0000	418.0000	0.3551	1179.0000
20	0.4990	0.8187	0.5749	0.7898	0.0435	0.7172	36.8947	0.3070	1182.0000	412.0000	0.3486	1184.0000
21	0.4940	0.8264	0.5775	0.7950	0.0446	0.6988	36.8947	0.3134	1141.0000	424.0000	0.3716	1143.0000
22	0.4957	0.8250	0.5770	0.7953	0.0440	0.6924	37.0526	0.3322	1175.0000	425.0000	0.3617	1177.0000
23	0.4831	0.8250	0.5781	0.8014	0.0443	0.6951	37.0000	0.3267	1157.0000	429.0000	0.3708	1159.0000
24	0.4764	0.8208	0.5762	0.7847	0.0434	0.6868	36.9474	0.3317	1167.0000	435.0000	0.3728	1169.0000
25	0.5023	0.8259	0.5785	0.7957	0.0438	0.7100	37.1579	0.2973	1178.0000	421.0000	0.3574	1180.0000
26	0.4936	0.8240	0.5811	0.8008	0.0444	0.6941	37.2105	0.3159	1145.0000	431.0000	0.3764	1147.0000
27	0.4926	0.8271	0.5783	0.7966	0.0442	0.7058	37.0526	0.3197	1162.0000	421.0000	0.3623	1164.0000
28	0.5025	0.8238	0.5794	0.7967	0.0427	0.6889	37.1053	0.3188	1138.0000	435.0000	0.3822	1140.0000
29	0.4941	0.8173	0.5747	0.7955	0.0433	0.7046	37.0526	0.3115	1150.0000	424.0000	0.3687	1152.0000
30	0.4837	0.8259	0.5779	0.8053	0.0441	0.7053	37.0000	0.3266	1157.0000	432.0000	0.3734	1159.0000
31	0.5039	0.8208	0.5746	0.7866	0.0442	0.7127	37.0000	0.2900	1184.0000	412.0000	0.3480	1186.0000
32	0.4980	0.8229	0.5755	0.7898	0.0433	0.7095	36.7368	0.3019	1173.0000	418.0000	0.3564	1175.0000
33	0.4865	0.8233	0.5810	0.7985	0.0455	0.7033	36.9474	0.3245	1147.0000	421.0000	0.3670	1149.0000
34	0.4966	0.8133	0.5755	0.7971	0.0432	0.7070	36.7368	0.3167	1150.0000	412.0000	0.3583	1152.0000
35	0.4864	0.8243	0.5782	0.7945	0.0441	0.7098	36.9474	0.3134	1183.0000	428.0000	0.3618	1185.0000
36	0.4823	0.8180	0.5756	0.7885	0.0447	0.6977	36.8947	0.3344	1145.0000	422.0000	0.3686	1147.0000
37	0.4904	0.8259	0.5782	0.7905	0.0428	0.6913	36.9474	0.3326	1136.0000	434.0000	0.3820	1138.0000
38	0.4842	0.8238	0.5784	0.7902	0.0440	0.7014	37.0000	0.3218	1156.0000	429.0000	0.3711	1158.0000
39	0.4992	0.8229	0.5779	0.8005	0.0450	0.7020	36.8421	0.3189	1163.0000	418.0000	0.3594	1165.0000
40	0.4816	0.8201	0.5755	0.7914	0.0439	0.7025	36.9474	0.3254	1140.0000	423.0000	0.3711	1142.0000
41	0.5039	0.8282	0.5771	0.8076	0.0439	0.6962	37.0000	0.3039	1131.0000	429.0000	0.3793	1133.0000
42	0.4786	0.8257	0.5774	0.7975	0.0444	0.6987	37.1053	0.3266	1174.0000	420.0000	0.3578	1176.0000
43	0.5047	0.8238	0.5762	0.7928	0.0429	0.7056	37.1053	0.3005	1183.0000	424.0000	0.3584	1185.0000
44	0.4987	0.8259	0.5775	0.8015	0.0446	0.6994	37.1579	0.3246	1134.0000	420.0000	0.3704	1136.0000
45	0.4915	0.8208	0.5755	0.7888	0.0442	0.7001	36.8421	0.3144	1167.0000	423.0000	0.3625	1169.0000
46	0.5135	0.8224	0.5776	0.8054	0.0448	0.7007	37.2105	0.3039	1147.0000	427.0000	0.3723	1149.0000
47	0.4899	0.8282	0.5751	0.7888	0.0443	0.7004	37.1053	0.3053	1171.0000	420.0000	0.3587	1173.0000
48	0.4854	0.8226	0.5777	0.7993	0.0442	0.6904	36.9474	0.3212	1137.0000	431.0000	0.3791	1139.0000
49	0.5002	0.8266	0.5773	0.7941	0.0434	0.7027	36.9474	0.3185	1187.0000	431.0000	0.3631	1189.0000
50	0.4971	0.8222	0.5748	0.8046	0.0445	0.7057	36.9474	0.3085	1146.0000	421.0000	0.3674	1148.0000
51	0.5034	0.8226	0.5758	0.8001	0.0438	0.7130	37.0000	0.2901	1162.0000	412.0000	0.3546	1164.0000
52	0.4942	0.8266	0.5782	0.8003	0.0436	0.7074	36.8947	0.3230	1164.0000	423.0000	0.3634	1166.0000
53	0.4756	0.8157	0.5748	0.8020	0.0428	0.6976	37.0526	0.3164	1136.0000	418.0000	0.3680	1138.0000
54	0.5070	0.8194	0.5745	0.7872	0.0446	0.7115	37.0000	0.2968	1166.0000	414.0000	0.3551	1168.0000
55	0.4714	0.8266	0.5787	0.7950	0.0431	0.7021	36.7895	0.3279	1167.0000	430.0000	0.3685	1169.0000
56	0.4742	0.8282	0.5754	0.7999	0.0449	0.6945	37.0526	0.3248	1131.0000	427.0000	0.3775	1133.0000
57	0.4892	0.8182	0.5733	0.7930	0.0426	0.7040	36.7895	0.3032	1138.0000	411.0000	0.3612	1140.0000
58	0.5050	0.8236	0.5753	0.8018	0.0447	0.6997	37.0526	0.3073	1164.0000	424.0000	0.3643	1166.0000
59	0.4900	0.8212	0.5778	0.7990	0.0426	0.6954	37.0526	0.3298	1154.0000	431.0000	0.3735	1156.0000
60	0.4984	0.8199	0.5748	0.7889	0.0437	0.7008	37.0526	0.3177	1159.0000	424.0000	0.3658	1161.0000
61	0.4950	0.8243	0.5780	0.7982	0.0443	0.7130	37.0526	0.2813	1167.0000	410.0000	0.3513	1169.0000
62	0.4969	0.8208	0.5754	0.8025	0.0437	0.7043	37.0526	0.3090	1147.0000	419.0000	0.3653	1149.0000
63	0.4966	0.8238	0.5773	0.7931	0.0443	0.7024	37.0526	0.3194	1167.0000	428.0000	0.3668	1169.0000
64	0.5051	0.8205	0.5782	0.7995	0.0446	0.7081	37.0526	0.3012	1151.0000	417.0000	0.3623	1153.0000
65	0.5030	0.8259	0.5773	0.7869	0.0427	0.6997	36.9474	0.3107	1163.0000	434.0000	0.3732	1165.0000
66	0.4951	0.8273	0.5768	0.7929	0.0454	0.6968	37.1053	0.3124	1156.0000	419.0000	0.3625	1158.0000
67	0.4855	0.8289	0.5789	0.7967	0.0450	0.7053	37.2105	0.3247	1177.0000	422.0000	0.3585	1179.0000
68	0.4819	0.8222	0.5760	0.7906	0.0425	0.6952	37.0526	0.3269	1175.0000	427.0000	0.3634	1177.0000
69	0.4822	0.8229	0.5784	0.7965	0.0445	0.7025	37.0526	0.3165	1173.0000	417.0000	0.3555	1175.0000
70	0.4796	0.8271	0.5784	0.8071	0.0446	0.6848	36.8947	0.3416	1119.0000	429.0000	0.3834	1121.0000
71	0.4877	0.8310	0.5771	0.7996	0.0454	0.6996	37.0000	0.3171	1159.0000	420.0000	0.3624	1161.0000
72	0.4968	0.8226	0.5763	0.7987	0.0446	0.6958	36.9474	0.3319	1128.0000	427.0000	0.3785	1130.0000
73	0.5026	0.8199	0.5754	0.8162	0.0450	0.7143	37.0000	0.3045	1132.0000	402.0000	0.3551	1134.0000
74	0.4753	0.8280	0.5820	0.8032	0.0457	0.6924	37.0526	0.3377	1147.0000	427.0000	0.3723	1149.0000
75	0.5066	0.8252	0.5788	0.7934	0.0451	0.7047	36.9474	0.3079	1130.0000	418.0000	0.3699	1132.0000
76	0.4920	0.8264	0.5783	0.7872	0.0425	0.6991	37.0000	0.3138	1164.0000	429.0000	0.3686	1166.0000
77	0.4804	0.8192	0.5755	0.7905	0.0430	0.6870	36.8421	0.3400	1119.0000	430.0000	0.3843	1121.0000
78	0.5060	0.8215	0.5782	0.7900	0.0441	0.7116	36.8421	0.2969	1181.0000	414.0000	0.3506	1183.0000
79	0.4971	0.8257	0.5762	0.7951	0.0436	0.6985	37.1579	0.3139	1176.0000	433.0000	0.3682	1179.0000
80	0.4889	0.8173	0.5764	0.7961	0.0441	0.7042	37.1053	0.3117	1156.0000	422.0000	0.3651	1158.0000
81	0.4829	0.8222	0.5751	0.7948	0.0431	0.6943	37.0000	0.3241	1160.0000	429.0000	0.3698	1162.0000
82	0.5028	0.8166	0.5728	0.7996	0.0420	0.7063	37.1579	0.2993	1162.0000	418.0000	0.3597	1164.0000
83	0.4987	0.8252	0.5782	0.7982	0.0426	0.6927	37.1053	0.3361	1148.0000	436.0000	0.3798	1150.0000
84	0.4922	0.8240	0.5749	0.7948	0.0432	0.6892	37.0000	0.3316	1147.0000	428.0000	0.3731	1149.0000
85	0.4829	0.8205	0.5747	0.8017	0.0453	0.7047	36.9474	0.3097	1137.0000	416.0000	0.3659	1139.0000
86	0.4964	0.8150	0.5732	0.7887	0.0434	0.7045	37.0526	0.2957	1180.0000	413.0000	0.3500	1182.0000
87	0.4729	0.8212	0.5737	0.7856	0.0415	0.6940	37.0000	0.3334	1138.0000	428.0000	0.3761	1140.0000
88	0.4962	0.8243	0.5729	0.7932	0.0448	0.6990	36.8421	0.3189	1146.0000	430.0000	0.3752	1148.0000
89	0.4751	0.8236	0.5766	0.7900	0.0427	0.7030	37.0526	0.3349	1131.0000	421.0000	0.3722	1133.0000
90	0.4881	0.8224	0.5763	0.8002	0.0444	0.6991	36.8947	0.3222	1143.0000	426.0000	0.3727	1145.0000
91	0.4815	0.8217	0.5775	0.7941	0.0436	0.7028	36.7895	0.3304	1156.0000	419.0000	0.3625	1158.0000
92	0.4805	0.8245	0.5795	0.7908	0.0438	0.6966	37.1053	0.3312	1162.0000	436.0000	0.3752	1164.0000
93	0.4999	0.8275	0.5785	0.7924	0.0439	0.6981	36.9474	0.3218	1149.0000	432.0000	0.3760	1151.0000
94	0.4880	0.8192	0.5774	0.8023	0.0436	0.7045	37.2105	0.3113	1162.0000	418.0000	0.3597	1164.0000
95	0.5054	0.8261	0.5766	0.7972	0.0444	0.7004	37.2105	0.3090	1160.0000	421.0000	0.3629	1162.0000
96	0.4932	0.8247	0.5787	0.7959	0.0437	0.6900	37.0000	0.3378	1146.0000	434.0000	0.3787	1148.0000
97	0.5090	0.8219	0.5760	0.7943	0.0444	0.6978	37.1579	0.3131	1164.0000	422.0000	0.3625	1166.0000
98	0.4989	0.8226	0.5792	0.8032	0.0446	0.7087	36.8421	0.3002	1157.0000	412.0000	0.3561	1159.0000
99	0.4847	0.8268	0.5778	0.7962	0.0447	0.7050	37.0000	0.2955	1176.0000	416.0000	0.3537	1178.0000
100	0.5078	0.8226	0.5773	0.7976	0.0441	0.7123	37.0526	0.2923	1169.0000	404.0000	0.3456	1171.0000
101	0.4826	0.8240	0.5797	0.7965	0.0439	0.7061	36.9474	0.3018	1153.0000	419.0000	0.3634	1155.0000
102	0.4923	0.8178	0.5765	0.8063	0.0444	0.7107	37.0000	0.2996	1131.0000	412.0000	0.3643	1133.0000
103	0.4728	0.8264	0.5802	0.7989	0.0457	0.6842	36.9474	0.3389	1142.0000	432.0000	0.3783	1144.0000
104	0.4859	0.8210	0.5762	0.7883	0.0451	0.7031	37.0526	0.3228	1166.0000	416.0000	0.3568	1168.0000
105	0.5093	0.8287	0.5785	0.7913	0.0463	0.7165	37.0000	0.2921	1182.0000	412.0000	0.3486	1184.0000
106	0.4876	0.8273	0.5779	0.8034	0.0457	0.7072	36.9474	0.3152	1145.0000	418.0000	0.3651	1147.0000
107	0.4980	0.8289	0.5767	0.7829	0.0439	0.6974	37.0526	0.3205	1186.0000	439.0000	0.3702	1188.0000
108	0.5170	0.8226	0.5769	0.7992	0.0443	0.7092	37.0526	0.2866	1158.0000	416.0000	0.3592	1160.0000
109	0.4942	0.8205	0.5755	0.7986	0.0437	0.6970	37.0000	0.3118	1173.0000	428.0000	0.3649	1175.0000
110	0.5063	0.8224	0.5766	0.7942	0.0424	0.7008	36.8421	0.3104	1141.0000	423.0000	0.3707	1143.0000
111	0.5141	0.8224	0.5792	0.7926	0.0440	0.7117	37.1579	0.2826	1171.0000	415.0000	0.3544	1173.0000
112	0.4831	0.8217	0.5777	0.7892	0.0424	0.6929	36.9474	0.3224	1169.0000	429.0000	0.3670	1171.0000
113	0.5033	0.8289	0.5810	0.8037	0.0439	0.7038	37.0000	0.3017	1156.0000	429.0000	0.3711	1158.0000
114	0.5001	0.8261	0.5765	0.8017	0.0444	0.7030	37.0000	0.3175	1149.0000	429.0000	0.3734	1151.0000
115	0.4853	0.8194	0.5757	0.7906	0.0437	0.7010	37.1053	0.3242	1155.0000	422.0000	0.3654	1157.0000
116	0.5167	0.8250	0.5783	0.7976	0.0456	0.7133	37.2105	0.2883	1156.0000	411.0000	0.3555	1158.0000
117	0.4999	0.8245	0.5761	0.7984	0.0447	0.7108	36.8421	0.3175	1168.0000	421.0000	0.3604	1170.0000
118	0.4920	0.8257	0.5775	0.7878	0.0447	0.7004	36.8947	0.3245	1165.0000	427.0000	0.3665	1167.0000
119	0.4903	0.8254	0.5759	0.7954	0.0445	0.7049	36.9474	0.3111	1154.0000	418.0000	0.3622	1157.0000
120	0.4934	0.8196	0.5749	0.7885	0.0441	0.6978	36.9474	0.3144	1157.0000	415.0000	0.3587	1159.0000
121	0.4948	0.8222	0.5754	0.8089	0.0448	0.7014	36.9474	0.3249	1099.0000	417.0000	0.3794	1101.0000
122	0.5051	0.8194	0.5752	0.7857	0.0448	0.7088	37.1579	0.3038	1195.0000	414.0000	0.3464	1197.0000
123	0.4865	0.8250	0.5791	0.7925	0.0438	0.7061	36.8947	0.3309	1172.0000	423.0000	0.3609	1174.0000
124	0.4948	0.8231	0.5782	0.7835	0.0433	0.6956	36.9474	0.3194	1173.0000	432.0000	0.3683	1175.0000
125	0.4742	0.8203	0.5745	0.7936	0.0444	0.6995	37.1053	0.3276	1165.0000	426.0000	0.3657	1167.0000
126	0.4870	0.8215	0.5757	0.7892	0.0433	0.7129	37.1579	0.3181	1167.0000	417.0000	0.3573	1169.0000
127	0.5034	0.8243	0.5771	0.8028	0.0452	0.7144	36.9474	0.2972	1163.0000	413.0000	0.3551	1165.0000
128	0.5023	0.8168	0.5761	0.8075	0.0442	0.7067	37.2105	0.3114	1129.0000	407.0000	0.3605	1131.0000
129	0.4896	0.8240	0.5754	0.7979	0.0430	0.6922	37.1579	0.3137	1147.0000	426.0000	0.3714	1149.0000
130	0.4794	0.8254	0.5797	0.7956	0.0435	0.7003	36.7895	0.3305	1173.0000	428.0000	0.3649	1175.0000
131	0.4783	0.8231	0.5779	0.7959	0.0430	0.6945	37.0526	0.3287	1159.0000	426.0000	0.3676	1161.0000
132	0.4947	0.8224	0.5770	0.7833	0.0446	0.7031	36.8421	0.2999	1182.0000	417.0000	0.3528	1184.0000
133	0.4996	0.8219	0.5779	0.7945	0.0437	0.7113	37.2105	0.3134	1178.0000	415.0000	0.3523	1180.0000
134	0.5016	0.8245	0.5765	0.7989	0.0449	0.6973	37.1053	0.3044	1143.0000	423.0000	0.3701	1145.0000
135	0.4749	0.8245	0.5808	0.7930	0.0435	0.6938	36.7895	0.3378	1155.0000	431.0000	0.3732	1157.0000
136	0.4605	0.8250	0.5738	0.7962	0.0428	0.6901	37.1053	0.3451	1158.0000	431.0000	0.3722	1160.0000
137	0.4802	0.8243	0.5753	0.7927	0.0442	0.6950	37.0526	0.3212	1156.0000	433.0000	0.3746	1158.0000
138	0.4826	0.8175	0.5751	0.8030	0.0441	0.6959	36.8947	0.3133	1142.0000	412.0000	0.3608	1144.0000
139	0.4870	0.8231	0.5784	0.8042	0.0446	0.7098	37.0526	0.3053	1151.0000	413.0000	0.3588	1153.0000
140	0.4972	0.8252	0.5791	0.7907	0.0435	0.7089	37.0000	0.3207	1144.0000	419.0000	0.3663	1146.0000
141	0.5148	0.8210	0.5756	0.8037	0.0441	0.7004	36.7895	0.3106	1145.0000	420.0000	0.3668	1147.0000
142	0.4921	0.8229	0.5787	0.7962	0.0428	0.6938	37.0526	0.3186	1180.0000	439.0000	0.3720	1182.0000
143	0.5050	0.8233	0.5770	0.8024	0.0462	0.7045	36.9474	0.2945	1138.0000	420.0000	0.3691	1140.0000
144	0.4925	0.8210	0.5762	0.7922	0.0440	0.7101	36.8947	0.3090	1172.0000	420.0000	0.3584	1174.0000
145	0.4875	0.8231	0.5762	0.7944	0.0444	0.7049	36.9474	0.3263	1166.0000	422.0000	0.3619	1168.0000
146	0.5004	0.8229	0.5783	0.7971	0.0431	0.7071	37.1053	0.3036	1148.0000	417.0000	0.3632	1150.0000
147	0.4929	0.8212	0.5758	0.7942	0.0446	0.7083	37.1053	0.3269	1161.0000	418.0000	0.3600	1163.0000
148	0.4601	0.8250	0.5765	0.7937	0.0434	0.6912	37.0526	0.3359	1147.0000	430.0000	0.3749	1149.0000
149	0.5002	0.8305	0.5784	0.7970	0.0448	0.7061	37.1053	0.3145	1158.0000	425.0000	0.3670	1160.0000
150	0.5132	0.8208	0.5734	0.8019	0.0449	0.7080	37.1579	0.3021	1157.0000	422.0000	0.3647	1159.0000
151	0.4827	0.8245	0.5782	0.8041	0.0443	0.7083	36.8421	0.3120	1154.0000	417.0000	0.3614	1156.0000
152	0.4756	0.8238	0.5777	0.7935	0.0455	0.6957	37.1053	0.3200	1167.0000	421.0000	0.3608	1169.0000
153	0.4872	0.8282	0.5774	0.8013	0.0445	0.7067	37.0526	0.3175	1161.0000	428.0000	0.3686	1163.0000
154	0.4928	0.8215	0.5823	0.7958	0.0437	0.7021	36.8947	0.3165	1180.0000	423.0000	0.3585	1182.0000
155	0.4924	0.8215	0.5771	0.7990	0.0439	0.7068	37.1579	0.3145	1173.0000	422.0000	0.3598	1175.0000
156	0.5136	0.8185	0.5751	0.8001	0.0437	0.7028	37.0000	0.3053	1157.0000	417.0000	0.3604	1159.0000
157	0.4974	0.8278	0.5776	0.7980	0.0450	0.6950	36.8421	0.3098	1167.0000	424.0000	0.3633	1169.0000
158	0.4998	0.8257	0.5778	0.7995	0.0453	0.7022	37.0526	0.3064	1159.0000	419.0000	0.3615	1161.0000
159	0.4949	0.8226	0.5771	0.7949	0.0445	0.7046	36.9474	0.3107	1158.0000	418.0000	0.3610	1160.0000
160	0.5044	0.8196	0.5760	0.7971	0.0441	0.7065	36.8421	0.3117	1144.0000	418.0000	0.3654	1146.0000
161	0.5015	0.8222	0.5779	0.8012	0.0437	0.7118	37.1579	0.3016	1169.0000	414.0000	0.3541	1171.0000
162	0.4726	0.8231	0.5766	0.7894	0.0442	0.6969	36.8947	0.3386	1170.0000	426.0000	0.3641	1172.0000
163	0.4932	0.8215	0.5763	0.7904	0.0427	0.7063	37.0000	0.3056	1168.0000	422.0000	0.3613	1170.0000
164	0.4934	0.8264	0.5778	0.7993	0.0448	0.7053	36.9474	0.3136	1163.0000	424.0000	0.3646	1165.0000
165	0.4886	0.8245	0.5766	0.8023	0.0443	0.7027	37.0000	0.3039	1140.0000	413.0000	0.3623	1142.0000
166	0.4947	0.8229	0.5781	0.8014	0.0449	0.6957	36.8421	0.3200	1154.0000	424.0000	0.3674	1156.0000
167	0.4863	0.8236	0.5758	0.7880	0.0427	0.7082	37.1579	0.3067	1170.0000	415.0000	0.3547	1172.0000
168	0.4936	0.8240	0.5780	0.7988	0.0442	0.6996	37.0000	0.3244	1155.0000	424.0000	0.3671	1157.0000
169	0.4954	0.8259	0.5784	0.8091	0.0458	0.7006	37.0526	0.3069	1135.0000	421.0000	0.3709	1137.0000
170	0.4747	0.8243	0.5772	0.7896	0.0438	0.6919	37.0000	0.3426	1164.0000	430.0000	0.3694	1166.0000
171	0.4911	0.8210	0.5776	0.7925	0.0441	0.6944	36.8947	0.3241	1152.0000	434.0000	0.3767	1154.0000
172	0.4762	0.8280	0.5765	0.7922	0.0440	0.7131	37.0526	0.3227	1173.0000	416.0000	0.3546	1175.0000
173	0.4821	0.8259	0.5761	0.7885	0.0451	0.6954	37.0000	0.3259	1159.0000	430.0000	0.3710	1161.0000
174	0.5078	0.8196	0.5742	0.8024	0.0448	0.7110	36.9474	0.2947	1154.0000	417.0000	0.3614	1156.0000
175	0.4875	0.8264	0.5785	0.7975	0.0440	0.6968	36.9474	0.3229	1123.0000	427.0000	0.3802	1125.0000
176	0.4941	0.8238	0.5761	0.7868	0.0427	0.7083	36.9474	0.3112	1159.0000	422.0000	0.3641	1161.0000
177	0.4839	0.8259	0.5799	0.7934	0.0434	0.7034	37.0526	0.3166	1155.0000	426.0000	0.3688	1157.0000
178	0.4931	0.8254	0.5776	0.7902	0.0451	0.7017	37.1053	0.3152	1151.0000	426.0000	0.3701	1153.0000
179	0.4879	0.8266	0.5803	0.7986	0.0445	0.7019	37.0000	0.3188	1148.0000	428.0000	0.3728	1150.0000
180	0.4935	0.8215	0.5776	0.7885	0.0437	0.6953	37.1579	0.3234	1173.0000	434.0000	0.3700	1175.0000
181	0.5025	0.8236	0.5793	0.7889	0.0442	0.7017	36.9474	0.3218	1164.0000	431.0000	0.3703	1166.0000
182	0.4966	0.8205	0.5762	0.7928	0.0458	0.7145	36.8947	0.3067	1150.0000	410.0000	0.3565	1152.0000
183	0.4988	0.8212	0.5779	0.8020	0.0438	0.7036	36.9474	0.3283	1141.0000	416.0000	0.3646	1143.0000
184	0.5008	0.8196	0.5747	0.7953	0.0434	0.7160	37.2105	0.3069	1169.0000	406.0000	0.3473	1171.0000
185	0.5055	0.8236	0.5732	0.7880	0.0445	0.6991	36.8947	0.3132	1162.0000	434.0000	0.3735	1164.0000
186	0.5075	0.8229	0.5774	0.7995	0.0434	0.7024	37.1053	0.3122	1163.0000	422.0000	0.3629	1165.0000
187	0.4838	0.8231	0.5757	0.7880	0.0437	0.7005	37.1579	0.3191	1193.0000	424.0000	0.3554	1195.0000
188	0.4956	0.8254	0.5786	0.8057	0.0432	0.7040	36.8947	0.3110	1142.0000	419.0000	0.3669	1144.0000
189	0.5087	0.8236	0.5774	0.8002	0.0436	0.7011	36.8421	0.3052	1132.0000	426.0000	0.3763	1134.0000
190	0.4801	0.8212	0.5793	0.7905	0.0426	0.7071	37.1053	0.3170	1173.0000	424.0000	0.3615	1175.0000
191	0.4843	0.8178	0.5742	0.8019	0.0443	0.7056	37.0000	0.3237	1134.0000	418.0000	0.3686	1136.0000
192	0.4909	0.8226	0.5764	0.7991	0.0433	0.7023	36.9474	0.3262	1171.0000	427.0000	0.3646	1173.0000
193	0.4920	0.8205	0.5782	0.8000	0.0449	0.6994	37.1579	0.3074	1155.0000	416.0000	0.3602	1157.0000
194	0.5057	0.8303	0.5800	0.7976	0.0455	0.7118	37.2105	0.2879	1164.0000	413.0000	0.3548	1166.0000
195	0.4935	0.8201	0.5767	0.7999	0.0445	0.6916	36.8947	0.3186	1140.0000	429.0000	0.3763	1142.0000
196	0.4955	0.8224	0.5803	0.7940	0.0437	0.7019	36.9474	0.3143	1148.0000	420.0000	0.3659	1150.0000
197	0.4781	0.8252	0.5792	0.8023	0.0445	0.7027	37.1579	0.3245	1171.0000	417.0000	0.3561	1173.0000
198	0.4898	0.8226	0.5760	0.7874	0.0439	0.6908	37.0000	0.3226	1141.0000	428.0000	0.3751	1143.0000
199	0.4876	0.8199	0.5751	0.8031	0.0449	0.6879	37.0526	0.3147	1122.0000	422.0000	0.3761	1124.0000
200	0.4918	0.8259	0.5784	0.7983	0.0455	0.7087	37.0526	0.2960	1177.0000	410.0000	0.3483	1179.0000
201	0.4806	0.8224	0.5779	0.7967	0.0444	0.6987	37.0000	0.3225	1163.0000	428.0000	0.3680	1165.0000
202	0.4872	0.8254	0.5800	0.7991	0.0442	0.7020	37.1053	0.3128	1168.0000	426.0000	0.3647	1170.0000
203	0.4758	0.8264	0.5800	0.7992	0.0437	0.6936	37.0000	0.3216	1162.0000	429.0000	0.3692	1164.0000
204	0.5181	0.8280	0.5780	0.8010	0.0444	0.7099	37.0526	0.2967	1161.0000	413.0000	0.3557	1163.0000
205	0.4754	0.8192	0.5718	0.7927	0.0434	0.6948	37.0526	0.3362	1132.0000	425.0000	0.3754	1134.0000
206	0.4924	0.8159	0.5774	0.8021	0.0432	0.6928	36.9474	0.3227	1140.0000	420.0000	0.3684	1142.0000
207	0.4753	0.8201	0.5756	0.7989	0.0435	0.6877	37.0526	0.3334	1143.0000	427.0000	0.3736	1145.0000
208	0.4962	0.8247	0.5792	0.8116	0.0454	0.6989	36.9474	0.3167	1132.0000	419.0000	0.3701	1134.0000
209	0.5002	0.8208	0.5776	0.7892	0.0438	0.7042	37.1053	0.3036	1177.0000	421.0000	0.3577	1179.0000
210	0.4811	0.8285	0.5800	0.7958	0.0448	0.6998	37.0000	0.3148	1169.0000	432.0000	0.3695	1171.0000
211	0.4925	0.8173	0.5755	0.7962	0.0439	0.6928	37.1579	0.3300	1154.0000	419.0000	0.3631	1156.0000
212	0.4927	0.8268	0.5803	0.8073	0.0454	0.6994	37.1053	0.3188	1128.0000	419.0000	0.3715	1130.0000
213	0.5093	0.8301	0.5789	0.7946	0.0439	0.7086	37.0000	0.2959	1174.0000	426.0000	0.3629	1176.0000
214	0.5144	0.8212	0.5766	0.7982	0.0436	0.7011	37.0526	0.2989	1141.0000	434.0000	0.3804	1143.0000
215	0.4802	0.8199	0.5742	0.7938	0.0441	0.6933	37.0000	0.3265	1139.0000	427.0000	0.3749	1141.0000
216	0.4995	0.8219	0.5751	0.8129	0.0434	0.7021	36.8421	0.3113	1121.0000	418.0000	0.3729	1123.0000
217	0.4966	0.8247	0.5805	0.8072	0.0442	0.7072	37.1053	0.3161	1152.0000	424.0000	0.3681	1154.0000
218	0.4969	0.8236	0.5775	0.7987	0.0439	0.7047	37.1579	0.3074	1173.0000	418.0000	0.3564	1175.0000
219	0.4737	0.8243	0.5774	0.7914	0.0428	0.6945	36.8947	0.3281	1162.0000	430.0000	0.3701	1164.0000
220	0.5030	0.8224	0.5764	0.7852	0.0459	0.7110	37.0526	0.2923	1175.0000	408.0000	0.3472	1177.0000
221	0.4883	0.8254	0.5786	0.8033	0.0443	0.7059	37.1579	0.3222	1172.0000	426.0000	0.3635	1174.0000
222	0.4714	0.8280	0.5798	0.7913	0.0442	0.7073	36.8947	0.3264	1146.0000	424.0000	0.3700	1149.0000
223	0.5182	0.8233	0.5806	0.7992	0.0447	0.7173	37.1053	0.2880	1150.0000	407.0000	0.3539	1152.0000
224	0.4894	0.8217	0.5762	0.8069	0.0442	0.7048	37.1579	0.3136	1143.0000	411.0000	0.3596	1145.0000
225	0.4871	0.8245	0.5787	0.8100	0.0440	0.7009	37.1579	0.3237	1138.0000	424.0000	0.3726	1140.0000
226	0.4972	0.8222	0.5779	0.7892	0.0436	0.7026	36.9474	0.3117	1163.0000	420.0000	0.3611	1165.0000
227	0.5059	0.8245	0.5790	0.7864	0.0429	0.6949	36.8947	0.3236	1153.0000	430.0000	0.3729	1155.0000
228	0.4873	0.8229	0.5748	0.7930	0.0447	0.6943	37.0526	0.3116	1151.0000	421.0000	0.3658	1153.0000
229	0.4818	0.8261	0.5801	0.7982	0.0447	0.7026	37.1053	0.3187	1165.0000	423.0000	0.3631	1167.0000
230	0.5010	0.8217	0.5757	0.7906	0.0428	0.7031	36.9474	0.3084	1149.0000	421.0000	0.3664	1151.0000
231	0.4832	0.8294	0.5776	0.7875	0.0447	0.7087	37.0000	0.3005	1172.0000	425.0000	0.3626	1174.0000
232	0.4787	0.8212	0.5769	0.7981	0.0427	0.6779	36.8421	0.3464	1131.0000	435.0000	0.3846	1133.0000
233	0.4981	0.8222	0.5809	0.8032	0.0434	0.6803	36.9474	0.3326	1138.0000	437.0000	0.3840	1140.0000
234	0.4974	0.8278	0.5797	0.8012	0.0438	0.7029	36.9474	0.3015	1172.0000	425.0000	0.3626	1174.0000
235	0.4914	0.8233	0.5774	0.7959	0.0432	0.6991	37.1053	0.3276	1152.0000	427.0000	0.3707	1154.0000
236	0.4961	0.8250	0.5784	0.7894	0.0435	0.7050	36.9474	0.3034	1184.0000	427.0000	0.3606	1186.0000
237	0.4810	0.8199	0.5762	0.7986	0.0421	0.6920	37.0000	0.3442	1146.0000	432.0000	0.3770	1148.0000
238	0.4881	0.8264	0.5794	0.7876	0.0449	0.7041	37.0000	0.3111	1178.0000	421.0000	0.3574	1180.0000
239	0.5089	0.8215	0.5764	0.7886	0.0428	0.7022	37.0526	0.3175	1181.0000	428.0000	0.3624	1183.0000
240	0.4994	0.8229	0.5792	0.7872	0.0426	0.6995	36.9474	0.3210	1162.0000	424.0000	0.3649	1164.0000
241	0.5011	0.8203	0.5782	0.7954	0.0436	0.7093	37.1053	0.2977	1149.0000	414.0000	0.3603	1151.0000
242	0.4901	0.8164	0.5742	0.7909	0.0446	0.7058	36.8421	0.3138	1165.0000	411.0000	0.3528	1167.0000
243	0.4662	0.8222	0.5758	0.7962	0.0443	0.6954	37.0000	0.3448	1182.0000	427.0000	0.3613	1184.0000
244	0.5182	0.8252	0.5763	0.7942	0.0440	0.7013	37.1053	0.2978	1150.0000	429.0000	0.3730	1152.0000
245	0.4975	0.8222	0.5755	0.7885	0.0432	0.6974	37.1579	0.3044	1169.0000	428.0000	0.3661	1171.0000
246	0.4758	0.8189	0.5734	0.7949	0.0424	0.6912	37.0000	0.3379	1153.0000	428.0000	0.3712	1155.0000
247	0.4833	0.8238	0.5733	0.7894	0.0433	0.6924	36.8947	0.3231	1148.0000	433.0000	0.3772	1150.0000
248	0.4758	0.8219	0.5753	0.7977	0.0443	0.7039	37.0000	0.3193	1155.0000	417.0000	0.3610	1157.0000
249	0.4675	0.8236	0.5770	0.7937	0.0439	0.6942	37.1053	0.3345	1156.0000	429.0000	0.3711	1158.0000
250	0.4985	0.8215	0.5756	0.7891	0.0429	0.7018	36.9474	0.3039	1172.0000	427.0000	0.3643	1174.0000
251	0.4999	0.8178	0.5778	0.7977	0.0454	0.7056	36.8947	0.3003	1163.0000	410.0000	0.3525	1165.0000
252	0.4931	0.8192	0.5755	0.7879	0.0428	0.6948	37.1053	0.3361	1178.0000	430.0000	0.3650	1180.0000
253	0.4917	0.8252	0.5776	0.7851	0.0452	0.7112	36.8421	0.3000	1174.0000	419.0000	0.3569	1176.0000
254	0.4813	0.8185	0.5757	0.7903	0.0430	0.7012	37.1579	0.3262	1149.0000	423.0000	0.3681	1151.0000
255	0.4928	0.8199	0.5761	0.7873	0.0432	0.7128	37.1579	0.3075	1170.0000	416.0000	0.3556	1172.0000
256	0.5041	0.8303	0.5821	0.7925	0.0435	0.7057	36.8947	0.3063	1191.0000	431.0000	0.3619	1193.0000
257	0.4901	0.8268	0.5780	0.7939	0.0450	0.7055	37.0000	0.3121	1168.0000	422.0000	0.3613	1170.0000
258	0.4883	0.8238	0.5767	0.8005	0.0443	0.7048	37.1579	0.3222	1169.0000	418.0000	0.3576	1171.0000
259	0.4956	0.8252	0.5819	0.8025	0.0441	0.7152	37.0000	0.3227	1176.0000	422.0000	0.3588	1178.0000
260	0.4916	0.8217	0.5759	0.7987	0.0447	0.7058	36.7895	0.3243	1159.0000	419.0000	0.3615	1161.0000
261	0.4814	0.8212	0.5761	0.8032	0.0431	0.6832	36.8947	0.3442	1122.0000	435.0000	0.3877	1124.0000
262	0.5082	0.8252	0.5809	0.7938	0.0433	0.7136	37.0526	0.3055	1144.0000	416.0000	0.3636	1146.0000
263	0.4953	0.8247	0.5747	0.7953	0.0438	0.7052	36.9474	0.3092	1164.0000	421.0000	0.3617	1166.0000
264	0.5007	0.8194	0.5770	0.8032	0.0437	0.7043	37.0000	0.3097	1129.0000	419.0000	0.3711	1131.0000
265	0.5078	0.8282	0.5795	0.7897	0.0444	0.7062	37.0000	0.2969	1166.0000	425.0000	0.3645	1168.0000
266	0.4974	0.8250	0.5788	0.8006	0.0434	0.6996	36.8421	0.3275	1129.0000	426.0000	0.3773	1131.0000
267	0.4883	0.8229	0.5778	0.7883	0.0447	0.7002	37.0526	0.3109	1159.0000	425.0000	0.3667	1161.0000
268	0.4997	0.8224	0.5792	0.7956	0.0464	0.7203	36.8947	0.3081	1171.0000	406.0000	0.3467	1173.0000
269	0.4825	0.8215	0.5776	0.8029	0.0440	0.7086	36.9474	0.3219	1160.0000	413.0000	0.3560	1162.0000
270	0.4881	0.8219	0.5767	0.7894	0.0438	0.7011	36.9474	0.3251	1144.0000	424.0000	0.3706	1146.0000
271	0.4911	0.8217	0.5796	0.7964	0.0440	0.7100	36.9474	0.3028	1183.0000	411.0000	0.3474	1185.0000
272	0.5087	0.8212	0.5763	0.8065	0.0446	0.7023	36.9474	0.3037	1132.0000	415.0000	0.3666	1134.0000
273	0.5005	0.8208	0.5770	0.8013	0.0421	0.7002	37.0000	0.3201	1169.0000	436.0000	0.3730	1171.0000
274	0.4967	0.8215	0.5772	0.7977	0.0433	0.6964	36.9474	0.3273	1161.0000	438.0000	0.3773	1164.0000
275	0.4946	0.8219	0.5778	0.7889	0.0444	0.7030	37.0526	0.3163	1139.0000	425.0000	0.3731	1141.0000
276	0.4871	0.8250	0.5771	0.7934	0.0426	0.6877	37.1053	0.3280	1163.0000	433.0000	0.3723	1165.0000
277	0.4835	0.8247	0.5786	0.7980	0.0432	0.6987	36.9474	0.3234	1145.0000	428.0000	0.3738	1147.0000
278	0.4964	0.8187	0.5776	0.7971	0.0426	0.6988	37.1579	0.3229	1170.0000	431.0000	0.3684	1172.0000
279	0.5024	0.8243	0.5781	0.7934	0.0447	0.7005	37.0000	0.2998	1158.0000	427.0000	0.3687	1160.0000
280	0.4886	0.8196	0.5753	0.7912	0.0430	0.7004	37.1053	0.3329	1157.0000	421.0000	0.3639	1159.0000
281	0.5069	0.8254	0.5773	0.7923	0.0445	0.7007	37.0526	0.3098	1160.0000	423.0000	0.3647	1162.0000
282	0.4853	0.8254	0.5795	0.7937	0.0437	0.6942	37.0000	0.3308	1169.0000	434.0000	0.3713	1171.0000
283	0.4933	0.8312	0.5796	0.7795	0.0450	0.6966	36.9474	0.3080	1181.0000	434.0000	0.3675	1183.0000
284	0.5064	0.8285	0.5804	0.7905	0.0448	0.7052	37.1579	0.3011	1166.0000	421.0000	0.3611	1168.0000
285	0.4721	0.8245	0.5776	0.7888	0.0442	0.6945	37.1579	0.3289	1152.0000	430.0000	0.3733	1154.0000
286	0.4838	0.8303	0.5801	0.7971	0.0448	0.6980	37.0526	0.3322	1163.0000	434.0000	0.3732	1165.0000
287	0.4935	0.8192	0.5743	0.7981	0.0436	0.6892	37.1579	0.3164	1133.0000	429.0000	0.3786	1135.0000
288	0.4810	0.8229	0.5774	0.8034	0.0435	0.6956	37.0000	0.3277	1132.0000	423.0000	0.3737	1134.0000
289	0.4910	0.8226	0.5758	0.7943	0.0436	0.6927	36.9474	0.3274	1165.0000	435.0000	0.3734	1167.0000
290	0.4870	0.8205	0.5777	0.8011	0.0429	0.6959	37.1053	0.3188	1151.0000	427.0000	0.3710	1153.0000
291	0.4795	0.8222	0.5764	0.7978	0.0432	0.7053	36.7895	0.3270	1167.0000	426.0000	0.3650	1169.0000
292	0.4824	0.8243	0.5768	0.8011	0.0458	0.7129	36.8947	0.3127	1154.0000	416.0000	0.3605	1156.0000
293	0.4985	0.8236	0.5785	0.8063	0.0441	0.6998	37.0526	0.3225	1155.0000	419.0000	0.3628	1157.0000
294	0.4772	0.8217	0.5783	0.7917	0.0434	0.7010	36.9474	0.3131	1187.0000	421.0000	0.3547	1189.0000
295	0.4855	0.8231	0.5755	0.7985	0.0454	0.7019	36.9474	0.3200	1159.0000	421.0000	0.3632	1161.0000
296	0.4940	0.8201	0.5757	0.7893	0.0417	0.6923	36.8421	0.3282	1157.0000	428.0000	0.3699	1159.0000
297	0.5090	0.8203	0.5751	0.8017	0.0433	0.6935	37.0526	0.3136	1145.0000	423.0000	0.3694	1147.0000
298	0.4901	0.8245	0.5789	0.7984	0.0439	0.7025	37.0526	0.3307	1171.0000	423.0000	0.3612	1173.0000
299	0.4662	0.8187	0.5770	0.7935	0.0433	0.6906	37.0526	0.3358	1162.0000	431.0000	0.3709	1164.0000
300	0.4807	0.8180	0.5728	0.7892	0.0432	0.7082	36.8947	0.3181	1148.0000	425.0000	0.3702	1150.0000
301	0.5030	0.8236	0.5794	0.7942	0.0441	0.7125	36.8421	0.3037	1163.0000	420.0000	0.3611	1165.0000
302	0.4719	0.8261	0.5771	0.7939	0.0438	0.7008	37.0000	0.3397	1173.0000	426.0000	0.3632	1175.0000
303	0.5012	0.8252	0.5766	0.7974	0.0440	0.7113	37.0000	0.2929	1152.0000	417.0000	0.3620	1154.0000
304	0.4757	0.8289	0.5775	0.7891	0.0448	0.6916	37.0000	0.3153	1174.0000	435.0000	0.3705	1176.0000
305	0.4770	0.8231	0.5789	0.7875	0.0433	0.6907	36.8421	0.3371	1169.0000	430.0000	0.3678	1171.0000
306	0.4895	0.8266	0.5818	0.7984	0.0429	0.6957	37.0526	0.3310	1145.0000	433.0000	0.3782	1147.0000
307	0.4973	0.8247	0.5763	0.7879	0.0435	0.7073	36.8947	0.3003	1164.0000	424.0000	0.3643	1166.0000
308	0.4672	0.8182	0.5783	0.7861	0.0431	0.6844	36.9474	0.3489	1155.0000	436.0000	0.3775	1157.0000
309	0.4869	0.8182	0.5742	0.7888	0.0423	0.6934	36.8947	0.3149	1159.0000	427.0000	0.3684	1161.0000
310	0.5001	0.8171	0.5768	0.7971	0.0439	0.7044	37.0000	0.3066	1175.0000	413.0000	0.3515	1177.0000
311	0.4976	0.8289	0.5779	0.7978	0.0443	0.6990	36.8947	0.3173	1163.0000	433.0000	0.3723	1165.0000
312	0.4992	0.8257	0.5783	0.7975	0.0442	0.7028	36.8421	0.3056	1154.0000	431.0000	0.3735	1156.0000
313	0.4976	0.8252	0.5775	0.7948	0.0463	0.7191	36.9474	0.2973	1150.0000	408.0000	0.3548	1152.0000
314	0.5049	0.8199	0.5748	0.7997	0.0455	0.7085	36.9474	0.2870	1136.0000	410.0000	0.3609	1138.0000
315	0.4944	0.8199	0.5767	0.7903	0.0425	0.7122	37.0000	0.3097	1157.0000	415.0000	0.3587	1159.0000
316	0.4829	0.8264	0.5781	0.7870	0.0443	0.6909	37.0000	0.3160	1164.0000	432.0000	0.3711	1166.0000
317	0.4986	0.8268	0.5793	0.7999	0.0447	0.7017	37.1053	0.3233	1139.0000	426.0000	0.3740	1141.0000
318	0.5007	0.8189	0.5771	0.7849	0.0421	0.6992	37.1053	0.3201	1172.0000	430.0000	0.3669	1174.0000
319	0.5061	0.8208	0.5767	0.7895	0.0435	0.7069	37.0526	0.3049	1170.0000	422.0000	0.3607	1172.0000
320	0.5087	0.8231	0.5758	0.7949	0.0451	0.7030	36.9474	0.3044	1149.0000	420.0000	0.3655	1151.0000
321	0.4855	0.8303	0.5798	0.7814	0.0442	0.6914	37.2105	0.3225	1165.0000	434.0000	0.3725	1167.0000
322	0.5097	0.8259	0.5772	0.7963	0.0446	0.7045	36.8947	0.3007	1168.0000	415.0000	0.3553	1170.0000
323	0.4881	0.8254	0.5772	0.7952	0.0440	0.7014	37.0526	0.3166	1199.0000	424.0000	0.3536	1201.0000
324	0.4892	0.8238	0.5798	0.8003	0.0441	0.7032	37.0000	0.3094	1166.0000	422.0000	0.3619	1168.0000
325	0.4782	0.8301	0.5787	0.8042	0.0448	0.7022	37.1053	0.3092	1149.0000	422.0000	0.3673	1151.0000
326	0.4876	0.8245	0.5771	0.7938	0.0453	0.7056	37.1053	0.3144	1154.0000	421.0000	0.3648	1156.0000
327	0.5164	0.8250	0.5787	0.7929	0.0444	0.7143	37.0526	0.2905	1178.0000	415.0000	0.3523	1180.0000
328	0.4864	0.8229	0.5760	0.8013	0.0435	0.6953	36.8947	0.3418	1162.0000	424.0000	0.3649	1164.0000
329	0.4909	0.8224	0.5788	0.7990	0.0442	0.7049	36.7368	0.3169	1153.0000	414.0000	0.3591	1155.0000
330	0.4768	0.8250	0.5799	0.7893	0.0428	0.6918	37.0000	0.3448	1168.0000	442.0000	0.3784	1170.0000
331	0.5053	0.8166	0.5791	0.7960	0.0435	0.7080	37.0000	0.3098	1144.0000	414.0000	0.3619	1146.0000
332	0.4990	0.8243	0.5745	0.7906	0.0451	0.6997	37.0526	0.3099	1160.0000	424.0000	0.3655	1162.0000
333	0.4895	0.8210	0.5795	0.8070	0.0439	0.7027	36.6842	0.3166	1176.0000	418.0000	0.3554	1178.0000
334	0.4740	0.8215	0.5778	0.7963	0.0429	0.7008	37.1053	0.3372	1149.0000	427.0000	0.3716	1151.0000
335	0.4819	0.8233	0.5758	0.7923	0.0444	0.6874	37.2105	0.3425	1168.0000	433.0000	0.3707	1170.0000
336	0.5014	0.8175	0.5773	0.8094	0.0446	0.6988	37.2105	0.3023	1122.0000	411.0000	0.3663	1124.0000
337	0.4861	0.8199	0.5764	0.8003	0.0431	0.7058	36.6842	0.3226	1142.0000	420.0000	0.3678	1144.0000
338	0.5148	0.8166	0.5735	0.7920	0.0442	0.7132	36.9474	0.2917	1153.0000	410.0000	0.3556	1155.0000
339	0.5122	0.8222	0.5780	0.7901	0.0432	0.7049	37.0526	0.3037	1161.0000	426.0000	0.3669	1163.0000
340	0.4888	0.8240	0.5742	0.7935	0.0454	0.7053	37.0526	0.3129	1147.0000	416.0000	0.3627	1149.0000
341	0.5033	0.8224	0.5753	0.7892	0.0444	0.7039	37.0526	0.3138	1150.0000	417.0000	0.3626	1152.0000
342	0.4953	0.8201	0.5748	0.7998	0.0429	0.6992	36.9474	0.3213	1153.0000	416.0000	0.3608	1155.0000
343	0.4856	0.8229	0.5753	0.7958	0.0440	0.6941	36.9474	0.3339	1143.0000	428.0000	0.3745	1145.0000
344	0.4886	0.8166	0.5739	0.7873	0.0438	0.6986	37.0526	0.3226	1153.0000	426.0000	0.3695	1155.0000
345	0.5064	0.8224	0.5747	0.7835	0.0440	0.7043	36.9474	0.3035	1162.0000	417.0000	0.3589	1164.0000
346	0.5084	0.8187	0.5762	0.7970	0.0426	0.7091	37.1053	0.3016	1141.0000	413.0000	0.3620	1143.0000
347	0.4881	0.8175	0.5768	0.7826	0.0434	0.7058	37.1053	0.3194	1195.0000	417.0000	0.3490	1197.0000
348	0.5102	0.8201	0.5763	0.7961	0.0453	0.7064	36.8947	0.2988	1155.0000	414.0000	0.3584	1157.0000
349	0.4947	0.8233	0.5764	0.7953	0.0432	0.6968	37.1579	0.3125	1141.0000	427.0000	0.3742	1143.0000
350	0.4804	0.8222	0.5781	0.7932	0.0434	0.7078	37.1579	0.3083	1167.0000	417.0000	0.3573	1169.0000
351	0.4959	0.8233	0.5789	0.7947	0.0448	0.7030	37.1053	0.2974	1180.0000	415.0000	0.3517	1182.0000
352	0.4881	0.8229	0.5789	0.8032	0.0461	0.7024	36.9474	0.3229	1146.0000	418.0000	0.3647	1148.0000
353	0.4726	0.8278	0.5788	0.7987	0.0441	0.6810	37.1579	0.3443	1151.0000	444.0000	0.3858	1153.0000
354	0.4892	0.8224	0.5752	0.7882	0.0425	0.7055	36.8947	0.3089	1166.0000	430.0000	0.3688	1168.0000
355	0.4749	0.8233	0.5753	0.7995	0.0432	0.6898	37.0526	0.3274	1129.0000	436.0000	0.3862	1131.0000
356	0.4856	0.8201	0.5752	0.7867	0.0428	0.7044	37.1579	0.3205	1154.0000	420.0000	0.3640	1156.0000
357	0.4852	0.8245	0.5779	0.7949	0.0445	0.7012	37.0000	0.3242	1165.0000	424.0000	0.3639	1167.0000
358	0.4988	0.8208	0.5797	0.7995	0.0447	0.6966	37.0000	0.3132	1131.0000	420.0000	0.3714	1133.0000
359	0.4908	0.8189	0.5744	0.8059	0.0440	0.6837	37.0000	0.3330	1129.0000	428.0000	0.3791	1131.0000
360	0.4906	0.8229	0.5777	0.7972	0.0441	0.7067	37.0526	0.3332	1156.0000	426.0000	0.3685	1158.0000
361	0.4996	0.8296	0.5792	0.7817	0.0454	0.7044	37.1053	0.3033	1196.0000	423.0000	0.3537	1198.0000
362	0.5033	0.8250	0.5767	0.7917	0.0436	0.7029	37.1053	0.3151	1156.0000	421.0000	0.3642	1158.0000
363	0.5034	0.8273	0.5805	0.7991	0.0450	0.7007	37.1053	0.2960	1165.0000	425.0000	0.3648	1167.0000
364	0.4989	0.8252	0.5790	0.7921	0.0451	0.7031	37.0526	0.3053	1165.0000	420.0000	0.3605	1167.0000
365	0.4811	0.8261	0.5762	0.7863	0.0416	0.6861	36.7895	0.3324	1147.0000	438.0000	0.3819	1149.0000
366	0.5003	0.8250	0.5766	0.8037	0.0449	0.7002	37.0000	0.3246	1167.0000	417.0000	0.3573	1169.0000
367	0.4796	0.8147	0.5782	0.7973	0.0424	0.7073	36.8421	0.3300	1160.0000	416.0000	0.3586	1162.0000
368	0.4898	0.8126	0.5731	0.7918	0.0415	0.7049	36.8947	0.3210	1135.0000	415.0000	0.3656	1137.0000
369	0.4993	0.8243	0.5772	0.7883	0.0465	0.7067	37.1579	0.2991	1168.0000	416.0000	0.3562	1170.0000
370	0.4820	0.8210	0.5755	0.7983	0.0445	0.7004	36.9474	0.3254	1135.0000	416.0000	0.3665	1137.0000
371	0.4827	0.8196	0.5766	0.7936	0.0445	0.7077	37.0526	0.3245	1161.0000	413.0000	0.3557	1163.0000
372	0.5029	0.8219	0.5754	0.8010	0.0443	0.6974	37.0526	0.3199	1127.0000	422.0000	0.3744	1129.0000
373	0.4815	0.8205	0.5761	0.7955	0.0439	0.6965	37.0000	0.3293	1175.0000	425.0000	0.3617	1177.0000
374	0.4978	0.8231	0.5804	0.7916	0.0443	0.7016	37.0526	0.3112	1185.0000	429.0000	0.3620	1187.0000
375	0.4869	0.8229	0.5776	0.8023	0.0423	0.6933	37.0000	0.3337	1141.0000	432.0000	0.3786	1143.0000
376	0.4793	0.8201	0.5742	0.7897	0.0432	0.6944	37.0526	0.3398	1166.0000	430.0000	0.3688	1168.0000
377	0.5051	0.8208	0.5757	0.7912	0.0437	0.7040	37.1579	0.3134	1166.0000	426.0000	0.3654	1168.0000
378	0.4789	0.8208	0.5754	0.7901	0.0448	0.7004	37.0000	0.3365	1144.0000	421.0000	0.3680	1146.0000
379	0.4934	0.8203	0.5768	0.7891	0.0426	0.6979	37.1579	0.3191	1165.0000	430.0000	0.3691	1167.0000
380	0.4860	0.8217	0.5741	0.7974	0.0428	0.6926	37.0526	0.3197	1140.0000	427.0000	0.3746	1142.0000
381	0.4727	0.8231	0.5788	0.8033	0.0441	0.6947	37.1053	0.3326	1132.0000	425.0000	0.3754	1134.0000
382	0.4820	0.8268	0.5791	0.7964	0.0448	0.7000	36.8947	0.3238	1159.0000	422.0000	0.3641	1161.0000
383	0.4762	0.8185	0.5772	0.7964	0.0422	0.6846	37.1053	0.3351	1127.0000	435.0000	0.3860	1129.0000
384	0.4962	0.8266	0.5783	0.7948	0.0432	0.7029	37.0526	0.3124	1165.0000	425.0000	0.3648	1167.0000
385	0.4801	0.8261	0.5772	0.7906	0.0446	0.6951	37.0000	0.3266	1156.0000	426.0000	0.3685	1158.0000
386	0.5006	0.8205	0.5764	0.7924	0.0445	0.7051	36.9474	0.3132	1160.0000	419.0000	0.3612	1162.0000
387	0.4926	0.8196	0.5777	0.8014	0.0437	0.7073	37.0000	0.3140	1159.0000	415.0000	0.3581	1161.0000
388	0.4837	0.8224	0.5790	0.7930	0.0441	0.7015	36.9474	0.3258	1156.0000	417.0000	0.3607	1158.0000
389	0.4850	0.8231	0.5788	0.8026	0.0439	0.6927	37.0526	0.3146	1152.0000	426.0000	0.3698	1154.0000
390	0.5094	0.8185	0.5779	0.8060	0.0449	0.6962	37.1053	0.3177	1120.0000	418.0000	0.3732	1122.0000
391	0.4907	0.8224	0.5785	0.7945	0.0440	0.7028	37.0000	0.3221	1175.0000	424.0000	0.3609	1177.0000
392	0.4910	0.8252	0.5791	0.8109	0.0439	0.6864	37.1053	0.3259	1125.0000	423.0000	0.3760	1127.0000
393	0.5064	0.8226	0.5783	0.7975	0.0437	0.7018	36.9474	0.3125	1154.0000	423.0000	0.3666	1156.0000
394	0.4963	0.8245	0.5793	0.7962	0.0446	0.7068	37.0526	0.3275	1174.0000	420.0000	0.3578	1176.0000
395	0.4939	0.8171	0.5731	0.7895	0.0441	0.7019	36.8421	0.3017	1122.0000	416.0000	0.3708	1124.0000
396	0.4705	0.8187	0.5754	0.7840	0.0423	0.6857	37.0000	0.3375	1147.0000	432.0000	0.3766	1149.0000
397	0.4978	0.8247	0.5775	0.7944	0.0460	0.7071	37.0000	0.3044	1171.0000	419.0000	0.3578	1173.0000
398	0.4999	0.8199	0.5740	0.8047	0.0420	0.7071	36.7368	0.3097	1151.0000	425.0000	0.3692	1153.0000
399	0.5005	0.8308	0.5814	0.7952	0.0454	0.7080	37.0000	0.3136	1173.0000	427.0000	0.3640	1175.0000
400	0.4937	0.8259	0.5779	0.8015	0.0444	0.6995	37.0000	0.3266	1151.0000	426.0000	0.3701	1153.0000
401	0.5027	0.8229	0.5776	0.8001	0.0443	0.6985	37.1579	0.3127	1153.0000	420.0000	0.3643	1155.0000
402	0.4812	0.8189	0.5747	0.7831	0.0428	0.6956	37.0000	0.3235	1165.0000	423.0000	0.3631	1167.0000
403	0.5026	0.8201	0.5787	0.7926	0.0434	0.7094	36.8947	0.2978	1183.0000	417.0000	0.3525	1185.0000
404	0.4892	0.8266	0.5780	0.7937	0.0441	0.7112	36.9474	0.3088	1171.0000	419.0000	0.3578	1173.0000
405	0.4745	0.8252	0.5783	0.7825	0.0443	0.7040	37.1053	0.3103	1193.0000	422.0000	0.3537	1195.0000
406	0.5011	0.8205	0.5784	0.8013	0.0449	0.7146	36.8947	0.2944	1153.0000	418.0000	0.3625	1155.0000
407	0.4916	0.8212	0.5792	0.8003	0.0448	0.7095	37.1053	0.3163	1181.0000	414.0000	0.3506	1183.0000
408	0.4958	0.8229	0.5750	0.7876	0.0434	0.7102	37.0526	0.3079	1191.0000	417.0000	0.3501	1193.0000
409	0.4847	0.8247	0.5802	0.7913	0.0434	0.6863	37.0526	0.3206	1162.0000	438.0000	0.3769	1164.0000
410	0.4808	0.8238	0.5789	0.7952	0.0438	0.7032	37.1053	0.3216	1147.0000	425.0000	0.3705	1149.0000
411	0.5001	0.8212	0.5761	0.8093	0.0448	0.7072	36.8421	0.3072	1136.0000	415.0000	0.3653	1138.0000
412	0.4903	0.8180	0.5743	0.7854	0.0444	0.6971	37.1053	0.3123	1188.0000	417.0000	0.3510	1190.0000
413	0.4886	0.8150	0.5796	0.8120	0.0427	0.6965	37.0526	0.3336	1136.0000	426.0000	0.3750	1138.0000
414	0.5064	0.8231	0.5771	0.8032	0.0449	0.7021	36.9474	0.3093	1145.0000	418.0000	0.3651	1147.0000
415	0.4945	0.8192	0.5752	0.7919	0.0421	0.7074	36.8421	0.3137	1177.0000	419.0000	0.3560	1179.0000
416	0.4921	0.8212	0.5751	0.7958	0.0430	0.6956	37.1579	0.3060	1140.0000	420.0000	0.3684	1142.0000
417	0.4960	0.8252	0.5795	0.7955	0.0443	0.6972	37.1053	0.3324	1164.0000	427.0000	0.3668	1166.0000
418	0.4723	0.8275	0.5802	0.7874	0.0438	0.7029	37.0526	0.3267	1173.0000	427.0000	0.3640	1175.0000
419	0.4863	0.8178	0.5730	0.7902	0.0437	0.6989	37.0526	0.3018	1154.0000	420.0000	0.3640	1156.0000
420	0.4975	0.8268	0.5769	0.8060	0.0453	0.7107	37.0000	0.3073	1139.0000	411.0000	0.3608	1141.0000
421	0.5117	0.8205	0.5776	0.8102	0.0433	0.7038	37.0526	0.2984	1146.0000	423.0000	0.3691	1148.0000
422	0.4854	0.8203	0.5772	0.7879	0.0449	0.7109	37.0526	0.2998	1180.0000	411.0000	0.3483	1182.0000
423	0.4818	0.8240	0.5774	0.7970	0.0438	0.7003	37.0000	0.3128	1154.0000	423.0000	0.3666	1156.0000
424	0.4945	0.8217	0.5771	0.7904	0.0442	0.7098	37.0526	0.3156	1170.0000	417.0000	0.3564	1172.0000
425	0.5044	0.8201	0.5779	0.7940	0.0437	0.7147	37.2105	0.2996	1184.0000	409.0000	0.3454	1186.0000
426	0.4993	0.8205	0.5756	0.8128	0.0434	0.7060	37.1053	0.3150	1141.0000	418.0000	0.3663	1143.0000
427	0.4793	0.8208	0.5785	0.7858	0.0425	0.6959	37.1053	0.3324	1157.0000	433.0000	0.3742	1159.0000
428	0.4728	0.8247	0.5756	0.7927	0.0433	0.6856	36.6842	0.3517	1151.0000	445.0000	0.3866	1153.0000
429	0.4873	0.8224	0.5779	0.8004	0.0438	0.6934	37.1579	0.3239	1156.0000	428.0000	0.3702	1158.0000
430	0.4955	0.8192	0.5734	0.7972	0.0431	0.7030	37.0526	0.3179	1137.0000	421.0000	0.3703	1139.0000
431	0.4793	0.8261	0.5802	0.8040	0.0446	0.6880	37.0526	0.3266	1127.0000	428.0000	0.3798	1129.0000
432	0.4846	0.8243	0.5756	0.8041	0.0446	0.7059	36.9474	0.3077	1142.0000	421.0000	0.3687	1144.0000
433	0.4904	0.8243	0.5758	0.7961	0.0425	0.7084	37.0526	0.3181	1163.0000	425.0000	0.3654	1165.0000
434	0.4951	0.8161	0.5742	0.8023	0.0439	0.6992	36.9474	0.3161	1175.0000	413.0000	0.3515	1177.0000
435	0.5079	0.8238	0.5772	0.7936	0.0440	0.7016	37.1579	0.3124	1153.0000	425.0000	0.3686	1155.0000
436	0.5032	0.8219	0.5788	0.7979	0.0443	0.7135	36.9474	0.3021	1144.0000	413.0000	0.3610	1146.0000
437	0.4666	0.8217	0.5741	0.7899	0.0423	0.6961	37.0000	0.3279	1155.0000	426.0000	0.3688	1157.0000
438	0.5083	0.8189	0.5752	0.7878	0.0438	0.6965	37.0000	0.3116	1151.0000	429.0000	0.3727	1153.0000
439	0.4811	0.8298	0.5811	0.7925	0.0444	0.7013	37.0526	0.3151	1183.0000	424.0000	0.3584	1185.0000
440	0.4927	0.8173	0.5772	0.7906	0.0429	0.6922	37.2632	0.3136	1134.0000	422.0000	0.3721	1136.0000
441	0.4943	0.8245	0.5755	0.7966	0.0459	0.7108	36.9474	0.3057	1163.0000	412.0000	0.3543	1165.0000
442	0.5002	0.8212	0.5767	0.7933	0.0433	0.7019	36.8421	0.3229	1154.0000	424.0000	0.3674	1156.0000
443	0.4773	0.8238	0.5789	0.8021	0.0449	0.7043	37.1579	0.3201	1159.0000	416.0000	0.3589	1161.0000
444	0.4828	0.8205	0.5740	0.7956	0.0435	0.7038	37.1053	0.3258	1169.0000	418.0000	0.3576	1171.0000
445	0.5049	0.8219	0.5780	0.7985	0.0445	0.7075	36.9474	0.3113	1152.0000	418.0000	0.3628	1154.0000
446	0.4624	0.8238	0.5781	0.7903	0.0427	0.6981	36.9474	0.3316	1162.0000	432.0000	0.3718	1164.0000
447	0.4901	0.8215	0.5749	0.8088	0.0450	0.6985	37.0526	0.3205	1125.0000	417.0000	0.3707	1127.0000
448	0.4900	0.8287	0.5796	0.7955	0.0460	0.7066	37.0000	0.3142	1176.0000	422.0000	0.3588	1178.0000
449	0.4911	0.8222	0.5780	0.7943	0.0436	0.6997	36.9474	0.3070	1155.0000	421.0000	0.3645	1157.0000
450	0.4945	0.8233	0.5771	0.7989	0.0438	0.7101	36.7895	0.3016	1145.0000	414.0000	0.3616	1147.0000
451	0.4745	0.8240	0.5769	0.7970	0.0428	0.7026	37.0526	0.3268	1160.0000	432.0000	0.3724	1162.0000
452	0.4951	0.8178	0.5750	0.7986	0.0440	0.7032	37.0000	0.3047	1150.0000	413.0000	0.3591	1152.0000
453	0.4988	0.8308	0.5791	0.8012	0.0453	0.6954	37.1053	0.3326	1147.0000	433.0000	0.3775	1149.0000
454	0.4952	0.8192	0.5736	0.8013	0.0434	0.7000	37.0000	0.3297	1151.0000	424.0000	0.3684	1153.0000
455	0.4974	0.8238	0.5800	0.7975	0.0438	0.6885	36.9474	0.3153	1163.0000	425.0000	0.3654	1165.0000
456	0.4878	0.8261	0.5780	0.8055	0.0443	0.6998	37.0526	0.3412	1136.0000	422.0000	0.3715	1138.0000
457	0.5012	0.8208	0.5762	0.7908	0.0426	0.7133	37.1053	0.2991	1172.0000	415.0000	0.3541	1174.0000
458	0.4905	0.8273	0.5780	0.7920	0.0449	0.7133	36.9474	0.2963	1147.0000	414.0000	0.3609	1149.0000
459	0.4809	0.8238	0.5769	0.7845	0.0448	0.7052	36.8947	0.3091	1177.0000	417.0000	0.3543	1179.0000
460	0.4960	0.8231	0.5762	0.7943	0.0437	0.7141	36.9474	0.3092	1180.0000	417.0000	0.3534	1182.0000
461	0.4617	0.8252	0.5795	0.7894	0.0436	0.6962	37.1579	0.3347	1168.0000	435.0000	0.3724	1170.0000
462	0.4975	0.8210	0.5769	0.7950	0.0431	0.6987	36.9474	0.3253	1164.0000	428.0000	0.3677	1166.0000
463	0.4912	0.8238	0.5782	0.8004	0.0450	0.6988	37.0526	0.3136	1135.0000	418.0000	0.3683	1137.0000
464	0.4964	0.8240	0.5771	0.8019	0.0434	0.6920	37.0000	0.3224	1148.0000	434.0000	0.3780	1150.0000
465	0.5018	0.8168	0.5767	0.8033	0.0439	0.7212	36.8421	0.2955	1161.0000	397.0000	0.3419	1163.0000
466	0.4954	0.8231	0.5775	0.7953	0.0449	0.7120	36.8421	0.2927	1146.0000	406.0000	0.3543	1148.0000
467	0.4813	0.8243	0.5769	0.7835	0.0435	0.7013	37.0000	0.3129	1152.0000	422.0000	0.3663	1154.0000
468	0.4871	0.8212	0.5748	0.7930	0.0445	0.6917	36.9474	0.3336	1169.0000	428.0000	0.3661	1171.0000
469	0.4903	0.8196	0.5784	0.7989	0.0438	0.7130	37.0526	0.3041	1172.0000	412.0000	0.3515	1174.0000
470	0.5046	0.8236	0.5770	0.7912	0.0430	0.7105	36.9474	0.3093	1170.0000	419.0000	0.3581	1172.0000
471	0.4861	0.8247	0.5807	0.7979	0.0433	0.7020	36.8947	0.3178	1151.0000	425.0000	0.3692	1153.0000
472	0.4966	0.8231	0.5798	0.7902	0.0436	0.7053	37.0000	0.3138	1172.0000	425.0000	0.3626	1174.0000
473	0.4899	0.8185	0.5773	0.7891	0.0424	0.6978	37.0000	0.3199	1162.0000	425.0000	0.3657	1165.0000
474	0.4975	0.8301	0.5812	0.7927	0.0459	0.7067	37.2632	0.2959	1189.0000	419.0000	0.3524	1191.0000
475	0.5070	0.8236	0.5780	0.7986	0.0450	0.7052	37.1053	0.3041	1162.0000	420.0000	0.3614	1164.0000
476	0.4926	0.8233	0.5756	0.7887	0.0435	0.6996	37.1053	0.3106	1147.0000	429.0000	0.3740	1149.0000
477	0.4815	0.8219	0.5778	0.8025	0.0441	0.6892	37.1053	0.3237	1128.0000	432.0000	0.3830	1130.0000
478	0.5156	0.8196	0.5745	0.8000	0.0434	0.7077	37.0526	0.2967	1150.0000	417.0000	0.3626	1152.0000
479	0.4949	0.8240	0.5767	0.7979	0.0446	0.6991	36.8421	0.3230	1131.0000	428.0000	0.3784	1133.0000
480	0.4883	0.8205	0.5762	0.7824	0.0435	0.7118	37.0000	0.2964	1176.0000	420.0000	0.3571	1178.0000
481	0.4914	0.8196	0.5742	0.7902	0.0417	0.7088	36.8421	0.3235	1170.0000	428.0000	0.3658	1172.0000
482	0.4768	0.8217	0.5742	0.7887	0.0431	0.6898	37.0526	0.3323	1150.0000	434.0000	0.3774	1152.0000
483	0.4805	0.8243	0.5788	0.7931	0.0450	0.6969	37.1053	0.3173	1171.0000	425.0000	0.3629	1173.0000
484	0.5073	0.8208	0.5756	0.7944	0.0422	0.6996	36.9474	0.3085	1171.0000	419.0000	0.3578	1173.0000
485	0.4937	0.8229	0.5774	0.8047	0.0457	0.7016	36.7895	0.3083	1142.0000	417.0000	0.3651	1144.0000
486	0.4900	0.8210	0.5763	0.7955	0.0437	0.7128	36.6842	0.3124	1159.0000	413.0000	0.3563	1161.0000
487	0.4751	0.8259	0.5775	0.7999	0.0443	0.6925	37.0526	0.3327	1147.0000	432.0000	0.3766	1149.0000
488	0.4901	0.8259	0.5775	0.7905	0.0447	0.6967	37.1053	0.3183	1155.0000	430.0000	0.3723	1157.0000
489	0.4916	0.8215	0.5765	0.8019	0.0451	0.6946	36.8947	0.3102	1161.0000	417.0000	0.3592	1163.0000
490	0.5086	0.8219	0.5768	0.8033	0.0448	0.7007	36.9474	0.2916	1160.0000	418.0000	0.3603	1162.0000
491	0.4895	0.8222	0.5762	0.7963	0.0434	0.6909	37.1053	0.3225	1130.0000	429.0000	0.3796	1132.0000
492	0.5072	0.8226	0.5779	0.7903	0.0444	0.7083	36.8421	0.2962	1146.0000	414.0000	0.3613	1148.0000
493	0.4828	0.8273	0.5799	0.7915	0.0435	0.7032	37.0526	0.3233	1183.0000	429.0000	0.3626	1185.0000
494	0.5087	0.8231	0.5768	0.7968	0.0442	0.7003	36.8947	0.3048	1149.0000	422.0000	0.3673	1151.0000
495	0.4914	0.8208	0.5762	0.7909	0.0444	0.7043	37.0000	0.3148	1145.0000	418.0000	0.3651	1147.0000
496	0.4917	0.8231	0.5757	0.7861	0.0424	0.6870	37.2632	0.3316	1167.0000	440.0000	0.3770	1169.0000
497	0.4774	0.8240	0.5786	0.8150	0.0438	0.6937	37.0526	0.3214	1124.0000	417.0000	0.3710	1126.0000
498	0.4993	0.8243	0.5790	0.8034	0.0452	0.7085	37.0000	0.3126	1154.0000	413.0000	0.3579	1156.0000
499	0.4929	0.8194	0.5754	0.7927	0.0441	0.7061	37.0526	0.3276	1188.0000	425.0000	0.3577	1190.0000
500	0.4773	0.8245	0.5773	0.8009	0.0445	0.6861	37.1053	0.3429	1138.0000	437.0000	0.3840	1140.0000
501	0.4920	0.8219	0.5789	0.7980	0.0451	0.6962	37.0526	0.3181	1166.0000	422.0000	0.3619	1168.0000
502	0.4893	0.8185	0.5745	0.8011	0.0441	0.7060	36.8947	0.3209	1135.0000	413.0000	0.3639	1137.0000
503	0.4755	0.8210	0.5757	0.7965	0.0430	0.6873	37.0000	0.3349	1160.0000	438.0000	0.3776	1162.0000
504	0.5035	0.8219	0.5790	0.7966	0.0442	0.7053	36.8947	0.3140	1181.0000	418.0000	0.3539	1183.0000
505	0.4999	0.8296	0.5791	0.7983	0.0459	0.6928	36.8421	0.3132	1163.0000	435.0000	0.3740	1165.0000
506	0.5062	0.8166	0.5743	0.7873	0.0425	0.7021	37.0000	0.3122	1177.0000	413.0000	0.3509	1179.0000
507	0.4956	0.8252	0.5760	0.7897	0.0437	0.6999	37.0526	0.3135	1166.0000	434.0000	0.3722	1168.0000
508	0.4929	0.8229	0.5743	0.8016	0.0447	0.7086	37.0526	0.3091	1148.0000	416.0000	0.3624	1150.0000
509	0.4688	0.8180	0.5705	0.7951	0.0427	0.6947	37.1053	0.3433	1170.0000	431.0000	0.3684	1172.0000
510	0.4895	0.8266	0.5781	0.7901	0.0441	0.7141	36.8947	0.3053	1167.0000	422.0000	0.3616	1169.0000
511	0.4952	0.8205	0.5793	0.7960	0.0426	0.6967	36.8421	0.3238	1145.0000	423.0000	0.3694	1147.0000
512	0.4844	0.8199	0.5758	0.7918	0.0430	0.7015	36.8947	0.3241	1150.0000	429.0000	0.3730	1152.0000
513	0.5018	0.8238	0.5785	0.7860	0.0444	0.7108	36.8421	0.3075	1189.0000	433.0000	0.3642	1191.0000
514	0.5034	0.8266	0.5762	0.8066	0.0434	0.7090	36.8947	0.3051	1162.0000	425.0000	0.3657	1164.0000
515	0.4845	0.8219	0.5744	0.7951	0.0444	0.7067	37.1053	0.3138	1175.0000	419.0000	0.3566	1177.0000
516	0.4864	0.8217	0.5761	0.7953	0.0428	0.6987	37.0526	0.3185	1159.0000	426.0000	0.3676	1161.0000
517	0.4846	0.8261	0.5779	0.7927	0.0449	0.6929	36.9474	0.3259	1154.0000	428.0000	0.3709	1156.0000
518	0.5045	0.8247	0.5765	0.8116	0.0442	0.7010	37.1053	0.3099	1160.0000	424.0000	0.3655	1162.0000
519	0.4935	0.8205	0.5754	0.7905	0.0438	0.6973	37.1053	0.3234	1154.0000	423.0000	0.3666	1156.0000
520	0.5004	0.8252	0.5784	0.7901	0.0433	0.6962	36.9474	0.3327	1175.0000	435.0000	0.3702	1177.0000
521	0.4943	0.8233	0.5745	0.7895	0.0446	0.7055	37.0526	0.3169	1172.0000	427.0000	0.3643	1174.0000
522	0.4918	0.8182	0.5756	0.7902	0.0426	0.7100	37.0526	0.3146	1154.0000	426.0000	0.3692	1156.0000
523	0.4877	0.8259	0.5810	0.7918	0.0448	0.6953	36.9474	0.3146	1152.0000	427.0000	0.3707	1154.0000
524	0.4964	0.8261	0.5766	0.7987	0.0447	0.7103	37.0000	0.3152	1149.0000	419.0000	0.3647	1151.0000
525	0.4800	0.8205	0.5756	0.8072	0.0448	0.6989	37.0526	0.3022	1152.0000	413.0000	0.3585	1154.0000
526	0.4936	0.8212	0.5731	0.7953	0.0436	0.6892	37.0526	0.3314	1130.0000	431.0000	0.3814	1132.0000
527	0.4832	0.8254	0.5780	0.7868	0.0432	0.6903	37.1053	0.3416	1182.0000	434.0000	0.3672	1184.0000
528	0.4885	0.8187	0.5718	0.7856	0.0436	0.6984	36.9474	0.3172	1158.0000	424.0000	0.3661	1160.0000
529	0.4798	0.8196	0.5746	0.7937	0.0430	0.6986	37.0000	0.3253	1154.0000	418.0000	0.3622	1156.0000
530	0.5005	0.8189	0.5755	0.7887	0.0444	0.7025	37.0526	0.3016	1147.0000	417.0000	0.3636	1149.0000
531	0.4917	0.8222	0.5777	0.7928	0.0436	0.6971	37.0000	0.3248	1191.0000	424.0000	0.3560	1193.0000
532	0.4944	0.8217	0.5803	0.7937	0.0439	0.7071	36.8947	0.3078	1173.0000	425.0000	0.3623	1175.0000
533	0.4920	0.8196	0.5759	0.8055	0.0433	0.6980	37.1053	0.3159	1152.0000	416.0000	0.3611	1154.0000
534	0.5009	0.8250	0.5795	0.7998	0.0441	0.7064	37.2105	0.3034	1151.0000	417.0000	0.3623	1153.0000
535	0.4892	0.8171	0.5743	0.8000	0.0430	0.6859	37.2105	0.3302	1145.0000	432.0000	0.3773	1147.0000
536	0.4866	0.8210	0.5747	0.7944	0.0429	0.6999	37.1579	0.3264	1158.0000	419.0000	0.3618	1160.0000
537	0.4980	0.8222	0.5778	0.8028	0.0443	0.7075	37.0000	0.3103	1142.0000	413.0000	0.3616	1144.0000
538	0.4852	0.8252	0.5781	0.8075	0.0444	0.7020	37.1579	0.3223	1144.0000	422.0000	0.3689	1146.0000
539	0.5031	0.8261	0.5765	0.7860	0.0450	0.7041	36.9474	0.3120	1175.0000	423.0000	0.3600	1177.0000
540	0.4686	0.8168	0.5768	0.7956	0.0432	0.6796	36.8947	0.3498	1128.0000	436.0000	0.3865	1130.0000
541	0.5008	0.8252	0.5766	0.7929	0.0442	0.7047	37.0526	0.3055	1158.0000	423.0000	0.3653	1160.0000
542	0.5000	0.8240	0.5772	0.8034	0.0455	0.7055	36.8421	0.3079	1152.0000	414.0000	0.3594	1154.0000
543	0.4983	0.8257	0.5764	0.7839	0.0443	0.6987	37.0000	0.3002	1183.0000	428.0000	0.3618	1185.0000
544	0.4896	0.8212	0.5798	0.8023	0.0433	0.7175	37.2632	0.3026	1165.0000	413.0000	0.3545	1167.0000
545	0.4802	0.8252	0.5792	0.7975	0.0461	0.7030	37.1053	0.3236	1176.0000	417.0000	0.3546	1178.0000
546	0.4863	0.8187	0.5787	0.7897	0.0452	0.6969	37.0526	0.3194	1176.0000	418.0000	0.3554	1178.0000
547	0.4844	0.8212	0.5746	0.7985	0.0433	0.6908	37.1053	0.3283	1149.0000	426.0000	0.3708	1151.0000
548	0.4850	0.8247	0.5801	0.7971	0.0443	0.6883	37.0526	0.3357	1139.0000	430.0000	0.3775	1141.0000
549	0.4830	0.8231	0.5771	0.7898	0.0433	0.6974	37.1053	0.3323	1149.0000	429.0000	0.3734	1151.0000
550	0.4741	0.8189	0.5745	0.7846	0.0432	0.7024	36.8947	0.3334	1173.0000	425.0000	0.3623	1175.0000
551	0.4763	0.8238	0.5799	0.7929	0.0433	0.6959	36.8947	0.3301	1177.0000	432.0000	0.3670	1179.0000
552	0.5116	0.8259	0.5792	0.8061	0.0447	0.7081	36.8421	0.3035	1172.0000	413.0000	0.3524	1174.0000
553	0.4855	0.8166	0.5744	0.7924	0.0432	0.6994	37.0526	0.3166	1169.0000	419.0000	0.3584	1171.0000
554	0.4977	0.8208	0.5773	0.7860	0.0430	0.7125	36.9474	0.3000	1181.0000	413.0000	0.3497	1183.0000
555	0.4910	0.8185	0.5758	0.8084	0.0434	0.6978	36.9474	0.3138	1114.0000	419.0000	0.3761	1116.0000
556	0.4883	0.8217	0.5770	0.7912	0.0450	0.7013	37.0526	0.3148	1161.0000	424.0000	0.3652	1163.0000
557	0.5094	0.8245	0.5791	0.7960	0.0433	0.7044	37.1053	0.3093	1161.0000	427.0000	0.3678	1163.0000
558	0.4884	0.8219	0.5767	0.7969	0.0449	0.7028	36.9474	0.3040	1165.0000	421.0000	0.3614	1167.0000
559	0.5110	0.8257	0.5802	0.8058	0.0446	0.7099	37.0526	0.2983	1154.0000	413.0000	0.3579	1156.0000
560	0.5089	0.8240	0.5784	0.7991	0.0439	0.6922	37.2105	0.3191	1153.0000	430.0000	0.3729	1155.0000
561	0.4842	0.8296	0.5769	0.7928	0.0437	0.6861	36.7895	0.3422	1148.0000	445.0000	0.3876	1150.0000
562	0.5009	0.8194	0.5741	0.8006	0.0448	0.7067	36.9474	0.3110	1131.0000	414.0000	0.3660	1133.0000
563	0.4903	0.8224	0.5787	0.7965	0.0435	0.7110	36.8947	0.3159	1184.0000	417.0000	0.3522	1186.0000
564	0.4831	0.8312	0.5782	0.7915	0.0449	0.6996	37.0526	0.3290	1152.0000	428.0000	0.3715	1154.0000
565	0.4719	0.8224	0.5780	0.7853	0.0428	0.6985	37.1053	0.3331	1179.0000	437.0000	0.3707	1181.0000
566	0.5064	0.8203	0.5742	0.7869	0.0437	0.7043	37.1053	0.3008	1169.0000	418.0000	0.3576	1171.0000
567	0.5012	0.8289	0.5791	0.7964	0.0434	0.7003	36.7895	0.3190	1156.0000	434.0000	0.3754	1158.0000
568	0.4949	0.8222	0.5762	0.8023	0.0445	0.7051	36.8421	0.3325	1148.0000	417.0000	0.3632	1150.0000
569	0.5095	0.8240	0.5793	0.7849	0.0444	0.7013	37.0000	0.3013	1185.0000	424.0000	0.3578	1187.0000
570	0.5034	0.8264	0.5791	0.7994	0.0452	0.7027	36.9474	0.3053	1153.0000	422.0000	0.3660	1155.0000
571	0.4822	0.8205	0.5764	0.7972	0.0433	0.7069	37.1053	0.3185	1155.0000	411.0000	0.3558	1157.0000
572	0.5126	0.8229	0.5780	0.8006	0.0444	0.7046	37.1579	0.3015	1170.0000	418.0000	0.3573	1172.0000
573	0.4956	0.8219	0.5748	0.7959	0.0436	0.6955	37.0526	0.3217	1148.0000	422.0000	0.3676	1150.0000
574	0.4967	0.8252	0.5788	0.7946	0.0442	0.7010	37.0526	0.3050	1147.0000	423.0000	0.3688	1149.0000
575	0.4851	0.8215	0.5775	0.8043	0.0444	0.6965	37.0000	0.3308	1148.0000	418.0000	0.3641	1150.0000
576	0.5026	0.8243	0.5770	0.7914	0.0442	0.7098	37.0526	0.3047	1159.0000	421.0000	0.3632	1161.0000
577	0.4618	0.8215	0.5785	0.8005	0.0422	0.6859	37.1053	0.3514	1141.0000	437.0000	0.3830	1143.0000
578	0.4974	0.8271	0.5775	0.8011	0.0453	0.6948	37.1579	0.3190	1136.0000	425.0000	0.3741	1138.0000
579	0.5109	0.8196	0.5770	0.7975	0.0447	0.7118	36.9474	0.3042	1171.0000	410.0000	0.3501	1173.0000
580	0.4880	0.8236	0.5760	0.7902	0.0438	0.6996	37.1579	0.3153	1153.0000	426.0000	0.3695	1155.0000
581	0.4884	0.8261	0.5777	0.7842	0.0437	0.6954	36.8421	0.3187	1179.0000	438.0000	0.3715	1181.0000
582	0.4882	0.8254	0.5763	0.7833	0.0456	0.6979	37.0000	0.3172	1180.0000	429.0000	0.3636	1182.0000
583	0.4952	0.8201	0.5790	0.8105	0.0449	0.7040	37.0000	0.3094	1153.0000	405.0000	0.3513	1155.0000
584	0.4851	0.8224	0.5785	0.8120	0.0424	0.7064	37.0526	0.3102	1125.0000	417.0000	0.3707	1127.0000
585	0.4844	0.8226	0.5770	0.7926	0.0434	0.7006	37.0526	0.3300	1173.0000	416.0000	0.3546	1175.0000
586	0.4998	0.8271	0.5786	0.7988	0.0450	0.7013	36.9474	0.3089	1166.0000	423.0000	0.3628	1168.0000
587	0.4955	0.8161	0.5748	0.7987	0.0427	0.7025	37.0000	0.3102	1133.0000	416.0000	0.3672	1135.0000
588	0.4914	0.8208	0.5744	0.7884	0.0425	0.7154	36.9474	0.2967	1180.0000	420.0000	0.3559	1182.0000
589	0.4902	0.8233	0.5773	0.8057	0.0450	0.6924	37.0526	0.3263	1131.0000	423.0000	0.3740	1133.0000
590	0.4898	0.8229	0.5785	0.8078	0.0453	0.6985	37.0000	0.3181	1128.0000	415.0000	0.3679	1130.0000
591	0.5331	0.8210	0.5794	0.8142	0.0446	0.7146	37.0526	0.2762	1154.0000	413.0000	0.3579	1156.0000
592	0.5005	0.8201	0.5738	0.7988	0.0433	0.6952	36.9474	0.3200	1156.0000	426.0000	0.3685	1158.0000
593	0.4944	0.8280	0.5784	0.7896	0.0447	0.7023	37.0000	0.3285	1167.0000	427.0000	0.3659	1169.0000
594	0.5007	0.8268	0.5815	0.7940	0.0446	0.7175	37.0526	0.2962	1183.0000	413.0000	0.3491	1185.0000
595	0.4743	0.8238	0.5790	0.8013	0.0433	0.6917	37.0526	0.3339	1142.0000	432.0000	0.3783	1144.0000
596	0.4933	0.8187	0.5739	0.7918	0.0438	0.7032	37.0526	0.3167	1170.0000	417.0000	0.3564	1172.0000
597	0.4959	0.8147	0.5741	0.7924	0.0423	0.7063	37.1053	0.3063	1163.0000	416.0000	0.3577	1165.0000
598	0.4819	0.8203	0.5775	0.8022	0.0439	0.7031	36.7368	0.3235	1140.0000	421.0000	0.3693	1142.0000
599	0.4933	0.8243	0.5759	0.7949	0.0436	0.7060	36.8947	0.3089	1136.0000	419.0000	0.3688	1138.0000
600	0.4948	0.8259	0.5787	0.7944	0.0447	0.7024	37.1579	0.3223	1158.0000	419.0000	0.3618	1160.0000
601	0.4868	0.8233	0.5771	0.7920	0.0436	0.7035	37.1579	0.3202	1175.0000	425.0000	0.3617	1177.0000
602	0.4832	0.8238	0.5776	0.7911	0.0432	0.7056	37.1053	0.3180	1153.0000	421.0000	0.3651	1155.0000
603	0.4837	0.8252	0.5803	0.7988	0.0434	0.6976	37.1053	0.3313	1147.0000	424.0000	0.3697	1149.0000
604	0.4995	0.8199	0.5766	0.8078	0.0443	0.7059	37.0000	0.3071	1144.0000	416.0000	0.3636	1146.0000
605	0.5076	0.8273	0.5804	0.7909	0.0442	0.7092	36.9474	0.3022	1175.0000	422.0000	0.3591	1177.0000
606	0.5097	0.8229	0.5775	0.7951	0.0450	0.7030	37.1053	0.3049	1152.0000	419.0000	0.3637	1154.0000
607	0.4959	0.8205	0.5753	0.7866	0.0428	0.6911	37.0000	0.3282	1162.0000	432.0000	0.3718	1164.0000
608	0.5019	0.8203	0.5777	0.7910	0.0437	0.7040	36.9474	0.3049	1191.0000	419.0000	0.3518	1193.0000
609	0.4872	0.8236	0.5803	0.7923	0.0444	0.7065	36.8947	0.3059	1161.0000	415.0000	0.3575	1163.0000
610	0.5023	0.8238	0.5794	0.7959	0.0446	0.7129	37.1579	0.3139	1137.0000	421.0000	0.3703	1139.0000
611	0.4760	0.8173	0.5731	0.7848	0.0437	0.6979	37.0526	0.3243	1144.0000	419.0000	0.3663	1146.0000
612	0.4794	0.8219	0.5759	0.7882	0.0450	0.6998	36.8947	0.3234	1168.0000	423.0000	0.3622	1170.0000
613	0.5180	0.8254	0.5800	0.8038	0.0452	0.6989	37.0526	0.3019	1159.0000	415.0000	0.3581	1162.0000
614	0.4948	0.8247	0.5791	0.8007	0.0427	0.6940	37.0526	0.3327	1155.0000	432.0000	0.3740	1157.0000
615	0.4918	0.8238	0.5771	0.7988	0.0437	0.6960	37.0526	0.3289	1137.0000	437.0000	0.3843	1139.0000
616	0.4908	0.8203	0.5779	0.7971	0.0439	0.6995	36.8421	0.3053	1158.0000	417.0000	0.3601	1160.0000
617	0.4960	0.8252	0.5773	0.7940	0.0442	0.6984	37.0000	0.3122	1171.0000	433.0000	0.3698	1173.0000
618	0.4879	0.8217	0.5764	0.7984	0.0434	0.6987	37.1053	0.3273	1128.0000	424.0000	0.3759	1130.0000
619	0.4863	0.8247	0.5776	0.7978	0.0445	0.6912	37.2105	0.3290	1149.0000	432.0000	0.3760	1151.0000
620	0.4920	0.8271	0.5798	0.7918	0.0440	0.7028	37.1053	0.3069	1167.0000	424.0000	0.3633	1169.0000
621	0.5038	0.8226	0.5785	0.7963	0.0450	0.7180	37.1579	0.2933	1170.0000	409.0000	0.3496	1172.0000
622	0.4821	0.8250	0.5787	0.7890	0.0443	0.7013	37.0000	0.3198	1181.0000	430.0000	0.3641	1183.0000
623	0.5036	0.8226	0.5776	0.7919	0.0442	0.7123	37.2105	0.3026	1193.0000	417.0000	0.3495	1195.0000
624	0.4850	0.8219	0.5785	0.8046	0.0435	0.6951	37.0000	0.3201	1148.0000	431.0000	0.3754	1150.0000
625	0.4946	0.8261	0.5778	0.7898	0.0436	0.7034	37.0000	0.3114	1167.0000	429.0000	0.3676	1169.0000
626	0.4868	0.8226	0.5767	0.7984	0.0441	0.6902	37.0000	0.3269	1157.0000	430.0000	0.3717	1159.0000
627	0.4884	0.8212	0.5787	0.7891	0.0440	0.6941	37.0000	0.3165	1153.0000	429.0000	0.3721	1155.0000
628	0.4839	0.8278	0.5767	0.7917	0.0443	0.7067	37.0000	0.3104	1186.0000	423.0000	0.3567	1188.0000
629	0.4979	0.8233	0.5757	0.7930	0.0435	0.7050	36.7368	0.3194	1163.0000	424.0000	0.3646	1165.0000
630	0.4964	0.8254	0.5807	0.7999	0.0446	0.7108	36.8421	0.3106	1161.0000	418.0000	0.3600	1163.0000
631	0.4802	0.8250	0.5753	0.7853	0.0439	0.6928	37.0000	0.3250	1169.0000	432.0000	0.3695	1171.0000
632	0.4997	0.8185	0.5752	0.8019	0.0446	0.7061	37.0000	0.3094	1141.0000	416.0000	0.3646	1143.0000
633	0.4758	0.8236	0.5773	0.8003	0.0439	0.6877	37.0000	0.3334	1149.0000	428.0000	0.3725	1151.0000
634	0.4893	0.8201	0.5764	0.7922	0.0432	0.7066	36.9474	0.3090	1148.0000	419.0000	0.3650	1150.0000
635	0.4992	0.8233	0.5754	0.8059	0.0432	0.6928	37.1053	0.3281	1109.0000	431.0000	0.3886	1111.0000
636	0.4932	0.8192	0.5767	0.8062	0.0442	0.6848	36.7895	0.3253	1143.0000	433.0000	0.3788	1145.0000
637	0.4941	0.8245	0.5730	0.7864	0.0432	0.7116	36.8947	0.2929	1177.0000	414.0000	0.3517	1179.0000
638	0.4879	0.8205	0.5783	0.7886	0.0432	0.6920	37.1579	0.3249	1173.0000	425.0000	0.3623	1175.0000
639	0.5044	0.8196	0.5710	0.7934	0.0433	0.7088	37.1579	0.2958	1163.0000	413.0000	0.3551	1165.0000
640	0.5041	0.8224	0.5779	0.7943	0.0448	0.7054	36.9474	0.3178	1173.0000	423.0000	0.3606	1175.0000
641	0.4950	0.8240	0.5771	0.7956	0.0452	0.7106	36.8947	0.3025	1155.0000	416.0000	0.3602	1157.0000
642	0.4944	0.8229	0.5753	0.7942	0.0448	0.7071	36.7368	0.3080	1169.0000	414.0000	0.3541	1171.0000
643	0.4956	0.8212	0.5771	0.7925	0.0435	0.6954	37.1053	0.3143	1158.0000	424.0000	0.3661	1160.0000
644	0.4764	0.8192	0.5760	0.7856	0.0437	0.6966	37.1053	0.3246	1161.0000	422.0000	0.3635	1163.0000
645	0.4951	0.8224	0.5773	0.7895	0.0439	0.7108	36.8947	0.3096	1202.0000	423.0000	0.3519	1204.0000
646	0.4952	0.8236	0.5762	0.7813	0.0443	0.6981	37.1579	0.3208	1181.0000	434.0000	0.3675	1183.0000
647	0.4959	0.8217	0.5761	0.7860	0.0435	0.6991	37.1579	0.3215	1170.0000	427.0000	0.3650	1172.0000
648	0.5087	0.8278	0.5777	0.8041	0.0446	0.7101	37.1053	0.3047	1180.0000	425.0000	0.3602	1182.0000
649	0.4794	0.8257	0.5763	0.7814	0.0446	0.7021	36.8421	0.3228	1166.0000	429.0000	0.3679	1168.0000
650	0.4918	0.8236	0.5762	0.7915	0.0440	0.7188	36.8947	0.3001	1187.0000	409.0000	0.3446	1189.0000
651	0.5107	0.8203	0.5770	0.8047	0.0434	0.6975	37.1053	0.3076	1133.0000	424.0000	0.3742	1135.0000
652	0.4773	0.8275	0.5806	0.7900	0.0453	0.7088	37.0000	0.3158	1168.0000	416.0000	0.3562	1170.0000
653	0.4866	0.8208	0.5785	0.7982	0.0435	0.7000	36.9474	0.3199	1146.0000	415.0000	0.3621	1148.0000
654	0.4733	0.8212	0.5809	0.8002	0.0451	0.6950	37.0526	0.3063	1151.0000	417.0000	0.3623	1153.0000
655	0.5135	0.8231	0.5768	0.8016	0.0453	0.7115	37.0000	0.2978	1164.0000	410.0000	0.3522	1166.0000
656	0.4977	0.8236	0.5758	0.8016	0.0433	0.7029	37.1579	0.3298	1151.0000	432.0000	0.3753	1153.0000
657	0.4732	0.8187	0.5769	0.7921	0.0424	0.6983	37.1053	0.3240	1159.0000	423.0000	0.3650	1161.0000
658	0.4943	0.8233	0.5763	0.7836	0.0436	0.7184	37.0000	0.2958	1165.0000	417.0000	0.3579	1167.0000
659	0.5071	0.8266	0.5798	0.8035	0.0453	0.6951	37.0000	0.3015	1145.0000	428.0000	0.3738	1147.0000
660	0.4812	0.8273	0.5789	0.8054	0.0460	0.7071	37.0000	0.3078	1131.0000	418.0000	0.3696	1133.0000
661	0.5019	0.8219	0.5784	0.7953	0.0449	0.7076	36.9474	0.2998	1158.0000	409.0000	0.3532	1160.0000
662	0.4954	0.8173	0.5757	0.7876	0.0430	0.7087	36.8421	0.3007	1162.0000	411.0000	0.3537	1164.0000
663	0.4907	0.8231	0.5787	0.7970	0.0434	0.7047	37.0000	0.3142	1193.0000	423.0000	0.3546	1195.0000
664	0.4891	0.8238	0.5778	0.7925	0.0435	0.6926	37.0526	0.3269	1155.0000	435.0000	0.3766	1157.0000
665	0.4609	0.8212	0.5731	0.7987	0.0424	0.6988	36.9474	0.3469	1142.0000	425.0000	0.3722	1144.0000
666	0.5008	0.8231	0.5768	0.7995	0.0441	0.7089	37.1053	0.3038	1144.0000	418.0000	0.3654	1146.0000
667	0.4984	0.8226	0.5762	0.8030	0.0451	0.6985	37.0526	0.3196	1155.0000	423.0000	0.3662	1157.0000
668	0.4946	0.8187	0.5771	0.8052	0.0447	0.7052	36.7895	0.3152	1142.0000	409.0000	0.3581	1144.0000
669	0.4798	0.8278	0.5806	0.7945	0.0446	0.6993	37.0526	0.3220	1174.0000	429.0000	0.3654	1176.0000
670	0.4879	0.8178	0.5733	0.7927	0.0433	0.6951	37.0526	0.3269	1146.0000	420.0000	0.3665	1148.0000
671	0.5144	0.8189	0.5755	0.8003	0.0444	0.6981	37.0526	0.3088	1156.0000	425.0000	0.3676	1158.0000
672	0.4911	0.8150	0.5754	0.7988	0.0440	0.7084	36.8421	0.3161	1140.0000	412.0000	0.3614	1142.0000
673	0.5000	0.8238	0.5767	0.7978	0.0447	0.7041	36.9474	0.3089	1143.0000	415.0000	0.3631	1145.0000
674	0.4896	0.8236	0.5760	0.7946	0.0452	0.6912	36.8947	0.3288	1164.0000	432.0000	0.3711	1166.0000
675	0.4793	0.8240	0.5786	0.7876	0.0430	0.6944	37.0000	0.3250	1135.0000	427.0000	0.3762	1137.0000
676	0.5082	0.8152	0.5709	0.8009	0.0437	0.7035	37.1579	0.2999	1139.0000	413.0000	0.3626	1141.0000
677	0.4928	0.8257	0.5764	0.7901	0.0443	0.7050	37.1053	0.3056	1176.0000	423.0000	0.3597	1178.0000
678	0.4916	0.8287	0.5800	0.8040	0.0445	0.6935	37.2105	0.3275	1143.0000	425.0000	0.3718	1145.0000
679	0.4779	0.8205	0.5786	0.7935	0.0433	0.6923	36.8947	0.3353	1163.0000	426.0000	0.3663	1165.0000
680	0.5053	0.8245	0.5765	0.8019	0.0444	0.7061	37.0000	0.3060	1141.0000	410.0000	0.3593	1143.0000
681	0.5036	0.8219	0.5755	0.7889	0.0442	0.7001	36.9474	0.3033	1173.0000	430.0000	0.3666	1175.0000
682	0.5061	0.8194	0.5748	0.7991	0.0440	0.7143	37.2105	0.3029	1169.0000	410.0000	0.3507	1171.0000
683	0.4883	0.8168	0.5753	0.8034	0.0436	0.6991	37.1053	0.3237	1149.0000	415.0000	0.3612	1151.0000
684	0.4962	0.8273	0.5788	0.8026	0.0448	0.7099	37.1053	0.3166	1149.0000	419.0000	0.3647	1151.0000
685	0.4891	0.8250	0.5781	0.7985	0.0434	0.6956	36.9474	0.3246	1170.0000	437.0000	0.3735	1172.0000
686	0.5008	0.8229	0.5763	0.7991	0.0441	0.7048	37.1579	0.3121	1146.0000	423.0000	0.3691	1148.0000
687	0.4763	0.8229	0.5776	0.7925	0.0429	0.6920	37.1579	0.3412	1170.0000	433.0000	0.3701	1172.0000
688	0.4923	0.8247	0.5793	0.7935	0.0440	0.7094	37.1053	0.3132	1172.0000	416.0000	0.3549	1174.0000
689	0.4956	0.8264	0.5802	0.7893	0.0431	0.7062	36.8421	0.3180	1163.0000	428.0000	0.3680	1165.0000
690	0.4764	0.8266	0.5794	0.7971	0.0437	0.7007	37.1053	0.3235	1176.0000	431.0000	0.3665	1178.0000
691	0.4857	0.8247	0.5779	0.7925	0.0438	0.6949	37.0000	0.3244	1160.0000	426.0000	0.3672	1162.0000
692	0.4712	0.8275	0.5809	0.7965	0.0442	0.6982	37.1053	0.3230	1168.0000	425.0000	0.3639	1170.0000
693	0.4863	0.8275	0.5784	0.7911	0.0435	0.6912	36.8421	0.3272	1167.0000	433.0000	0.3710	1169.0000
694	0.4921	0.8254	0.5807	0.7886	0.0444	0.6987	37.0526	0.3143	1169.0000	432.0000	0.3695	1172.0000
695	0.4789	0.8243	0.5768	0.7915	0.0433	0.6982	37.0000	0.3199	1166.0000	426.0000	0.3654	1168.0000
696	0.4841	0.8275	0.5784	0.7905	0.0442	0.6880	37.1579	0.3214	1149.0000	444.0000	0.3864	1151.0000
697	0.4906	0.8215	0.5744	0.7942	0.0447	0.6938	36.7895	0.3259	1147.0000	425.0000	0.3705	1149.0000
698	0.4932	0.8159	0.5745	0.8017	0.0431	0.7017	36.9474	0.3175	1151.0000	417.0000	0.3623	1153.0000
699	0.5072	0.8259	0.5781	0.7963	0.0464	0.7050	36.8947	0.2980	1164.0000	420.0000	0.3608	1166.0000
700	0.4857	0.8275	0.5795	0.8071	0.0443	0.6994	37.0526	0.3347	1152.0000	422.0000	0.3663	1154.0000
701	0.4840	0.8210	0.5748	0.8002	0.0440	0.7004	37.0000	0.3288	1149.0000	420.0000	0.3655	1151.0000
702	0.4858	0.8212	0.5776	0.7937	0.0437	0.7034	37.0000	0.3134	1150.0000	425.0000	0.3696	1152.0000
703	0.4980	0.8266	0.5763	0.7941	0.0452	0.6988	36.9474	0.3058	1141.0000	423.0000	0.3707	1143.0000
704	0.4958	0.8215	0.5768	0.8010	0.0438	0.7066	37.0000	0.3235	1149.0000	414.0000	0.3603	1151.0000
705	0.4911	0.8171	0.5739	0.7872	0.0434	0.7036	36.8947	0.3163	1167.0000	419.0000	0.3590	1169.0000
706	0.4819	0.8238	0.5785	0.7998	0.0435	0.7021	37.0526	0.3332	1163.0000	427.0000	0.3672	1165.0000
707	0.4929	0.8259	0.5777	0.7916	0.0436	0.6954	37.1579	0.3220	1175.0000	429.0000	0.3651	1177.0000
708	0.4909	0.8266	0.5803	0.8003	0.0445	0.6918	37.1053	0.3271	1137.0000	428.0000	0.3764	1139.0000
709	0.4990	0.8205	0.5783	0.8003	0.0447	0.6913	37.1053	0.3249	1158.0000	428.0000	0.3696	1160.0000
710	0.5156	0.8266	0.5766	0.7925	0.0459	0.7062	36.9474	0.2996	1154.0000	413.0000	0.3579	1156.0000
711	0.4829	0.8245	0.5771	0.7928	0.0440	0.6986	36.8421	0.3212	1157.0000	426.0000	0.3682	1159.0000
712	0.5071	0.8243	0.5765	0.7977	0.0447	0.7081	37.1053	0.3112	1160.0000	421.0000	0.3629	1162.0000
713	0.4751	0.8252	0.5792	0.7848	0.0438	0.6904	36.9474	0.3487	1182.0000	443.0000	0.3748	1184.0000
714	0.5125	0.8201	0.5760	0.7828	0.0452	0.7078	36.9474	0.2887	1179.0000	416.0000	0.3528	1181.0000
715	0.4829	0.8245	0.5770	0.7976	0.0452	0.7076	36.9474	0.3081	1140.0000	422.0000	0.3702	1142.0000
716	0.4876	0.8229	0.5808	0.7973	0.0442	0.6810	36.9474	0.3408	1138.0000	437.0000	0.3840	1140.0000
717	0.4912	0.8196	0.5764	0.7981	0.0440	0.7023	36.8421	0.3110	1164.0000	419.0000	0.3600	1166.0000
718	0.4952	0.8194	0.5789	0.8050	0.0433	0.6963	37.0526	0.3172	1129.0000	422.0000	0.3738	1131.0000
719	0.5081	0.8233	0.5747	0.7887	0.0447	0.7077	37.1053	0.2911	1191.0000	424.0000	0.3560	1193.0000
720	0.4781	0.8185	0.5758	0.7899	0.0430	0.6907	37.0000	0.3294	1167.0000	420.0000	0.3599	1169.0000
721	0.4873	0.8187	0.5758	0.8014	0.0434	0.6964	37.0000	0.3198	1154.0000	428.0000	0.3709	1156.0000
722	0.4983	0.8215	0.5757	0.7968	0.0436	0.7071	37.0526	0.3044	1160.0000	422.0000	0.3638	1162.0000
723	0.5029	0.8250	0.5783	0.8011	0.0442	0.7099	37.0526	0.3043	1174.0000	418.0000	0.3560	1176.0000
724	0.4902	0.8247	0.5801	0.8116	0.0455	0.7122	37.1053	0.3029	1159.0000	414.0000	0.3572	1161.0000
725	0.5066	0.8208	0.5775	0.7942	0.0438	0.7004	37.1053	0.3039	1157.0000	424.0000	0.3665	1159.0000
726	0.4799	0.8257	0.5803	0.7931	0.0439	0.6983	36.9474	0.3221	1166.0000	430.0000	0.3688	1168.0000
727	0.4852	0.8254	0.5782	0.7988	0.0445	0.6994	37.1053	0.3191	1154.0000	421.0000	0.3648	1156.0000
728	0.4997	0.8210	0.5756	0.7945	0.0445	0.7073	37.0000	0.3070	1165.0000	414.0000	0.3554	1167.0000
729	0.4894	0.8175	0.5756	0.7938	0.0431	0.7082	37.0000	0.3159	1145.0000	415.0000	0.3624	1147.0000
730	0.4842	0.8275	0.5796	0.7815	0.0444	0.6885	36.9474	0.3156	1165.0000	434.0000	0.3725	1167.0000
731	0.4826	0.8259	0.5768	0.7882	0.0426	0.6950	36.8947	0.3295	1165.0000	433.0000	0.3717	1167.0000
732	0.4807	0.8236	0.5786	0.7941	0.0433	0.7050	36.9474	0.3276	1127.0000	418.0000	0.3709	1129.0000
733	0.4931	0.8212	0.5753	0.7744	0.0432	0.7077	37.0526	0.3309	1183.0000	424.0000	0.3584	1185.0000
734	0.4980	0.8208	0.5736	0.7940	0.0429	0.7063	37.0526	0.3157	1189.0000	419.0000	0.3524	1192.0000
735	0.4787	0.8178	0.5755	0.8017	0.0441	0.7020	36.9474	0.3307	1152.0000	422.0000	0.3663	1154.0000
736	0.4815	0.8240	0.5770	0.8022	0.0439	0.6940	37.1053	0.3279	1129.0000	428.0000	0.3791	1131.0000
737	0.4756	0.8250	0.5783	0.7821	0.0434	0.7079	37.0000	0.3125	1193.0000	427.0000	0.3579	1195.0000
738	0.5039	0.8254	0.5775	0.7925	0.0448	0.7095	36.9474	0.3154	1161.0000	418.0000	0.3600	1163.0000
739	0.4821	0.8222	0.5757	0.7881	0.0442	0.6982	37.2105	0.3174	1145.0000	426.0000	0.3721	1147.0000
740	0.4705	0.8217	0.5801	0.7996	0.0430	0.7011	37.0526	0.3359	1151.0000	426.0000	0.3701	1153.0000
741	0.4850	0.8229	0.5769	0.7958	0.0438	0.6956	36.9474	0.3141	1172.0000	428.0000	0.3652	1174.0000
742	0.4935	0.8210	0.5781	0.7966	0.0419	0.6988	37.1579	0.3158	1180.0000	423.0000	0.3585	1182.0000
743	0.4828	0.8224	0.5778	0.8107	0.0445	0.6820	37.1579	0.3307	1116.0000	434.0000	0.3889	1118.0000
744	0.4686	0.8238	0.5755	0.8019	0.0447	0.6938	36.7368	0.3347	1159.0000	430.0000	0.3710	1161.0000
745	0.4881	0.8229	0.5789	0.7855	0.0444	0.6971	36.9474	0.3255	1177.0000	429.0000	0.3645	1179.0000
746	0.4788	0.8259	0.5787	0.7976	0.0447	0.6945	36.9474	0.3374	1152.0000	426.0000	0.3698	1154.0000
747	0.4842	0.8243	0.5794	0.7901	0.0436	0.6959	36.9474	0.3298	1160.0000	434.0000	0.3741	1162.0000
748	0.4691	0.8219	0.5733	0.7953	0.0438	0.6978	37.0000	0.3477	1163.0000	427.0000	0.3672	1165.0000
749	0.4905	0.8250	0.5758	0.7930	0.0440	0.6923	36.8947	0.3180	1169.0000	436.0000	0.3730	1171.0000
750	0.4802	0.8233	0.5766	0.8002	0.0432	0.6809	37.1579	0.3318	1145.0000	430.0000	0.3755	1148.0000
751	0.4953	0.8175	0.5761	0.7862	0.0423	0.7019	37.0526	0.3138	1150.0000	430.0000	0.3739	1152.0000
752	0.4818	0.8226	0.5784	0.7909	0.0437	0.6830	37.0000	0.3393	1151.0000	440.0000	0.3823	1153.0000
753	0.4878	0.8208	0.5770	0.8041	0.0445	0.6889	37.1053	0.3343	1125.0000	429.0000	0.3813	1127.0000
754	0.4756	0.8243	0.5795	0.7938	0.0433	0.6963	37.0526	0.3157	1161.0000	424.0000	0.3652	1163.0000
755	0.5058	0.8215	0.5767	0.8102	0.0453	0.7080	37.0000	0.3147	1148.0000	405.0000	0.3528	1150.0000
756	0.4704	0.8261	0.5793	0.7982	0.0439	0.7035	37.0526	0.3320	1135.0000	428.0000	0.3771	1137.0000
757	0.5001	0.8233	0.5771	0.7915	0.0429	0.6981	37.0000	0.3171	1152.0000	422.0000	0.3663	1154.0000
758	0.4788	0.8226	0.5786	0.7902	0.0447	0.7062	37.0526	0.3218	1175.0000	426.0000	0.3626	1177.0000
759	0.4759	0.8180	0.5745	0.7874	0.0427	0.6943	36.8947	0.3383	1161.0000	429.0000	0.3695	1163.0000
760	0.4971	0.8250	0.5759	0.7941	0.0453	0.7055	37.1053	0.3089	1182.0000	419.0000	0.3545	1184.0000
761	0.4875	0.8254	0.5770	0.7985	0.0438	0.6945	37.0000	0.3194	1149.0000	424.0000	0.3690	1151.0000
762	0.4953	0.8240	0.5770	0.7897	0.0437	0.6948	37.0526	0.3270	1154.0000	423.0000	0.3666	1156.0000
763	0.4836	0.8212	0.5770	0.7961	0.0439	0.6945	37.0000	0.3228	1136.0000	425.0000	0.3741	1138.0000
764	0.4913	0.8254	0.5776	0.7929	0.0428	0.7028	36.8947	0.3166	1175.0000	427.0000	0.3634	1177.0000
765	0.4798	0.8208	0.5769	0.7949	0.0437	0.7003	37.1053	0.3228	1173.0000	423.0000	0.3606	1175.0000
766	0.4859	0.8238	0.5798	0.8097	0.0451	0.6991	37.0526	0.3186	1160.0000	417.0000	0.3595	1162.0000
767	0.4989	0.8308	0.5829	0.7909	0.0443	0.6944	37.1053	0.3262	1177.0000	433.0000	0.3679	1179.0000
768	0.5136	0.8215	0.5764	0.8023	0.0453	0.7114	37.0526	0.2944	1158.0000	413.0000	0.3566	1160.0000
769	0.4893	0.8250	0.5770	0.7913	0.0436	0.7005	37.0526	0.3238	1180.0000	429.0000	0.3636	1182.0000
770	0.4901	0.8229	0.5799	0.7971	0.0443	0.7001	36.9474	0.3158	1149.0000	418.0000	0.3638	1151.0000
771	0.4852	0.8275	0.5797	0.8053	0.0460	0.6973	37.0526	0.3198	1134.0000	418.0000	0.3686	1136.0000
772	0.4964	0.8261	0.5797	0.7956	0.0453	0.7198	37.0526	0.2972	1170.0000	417.0000	0.3564	1172.0000
773	0.4904	0.8150	0.5732	0.7924	0.0425	0.6993	36.9474	0.3225	1152.0000	422.0000	0.3663	1154.0000
774	0.4908	0.8231	0.5774	0.7987	0.0432	0.6973	37.0526	0.3087	1119.0000	423.0000	0.3780	1121.0000
775	0.4796	0.8233	0.5785	0.7859	0.0433	0.6925	37.0000	0.3383	1160.0000	438.0000	0.3776	1162.0000
776	0.4807	0.8215	0.5789	0.7947	0.0443	0.7064	37.1053	0.3421	1161.0000	427.0000	0.3678	1163.0000
777	0.4834	0.8250	0.5754	0.7786	0.0439	0.6993	37.0526	0.3243	1170.0000	426.0000	0.3641	1172.0000
778	0.4854	0.8166	0.5749	0.7968	0.0436	0.7061	37.0526	0.3235	1149.0000	414.0000	0.3603	1151.0000
779	0.4863	0.8201	0.5773	0.7864	0.0440	0.7001	37.0526	0.3127	1163.0000	415.0000	0.3568	1165.0000
780	0.4929	0.8236	0.5775	0.8038	0.0431	0.7066	37.0000	0.3101	1128.0000	417.0000	0.3697	1130.0000
781	0.4875	0.8205	0.5752	0.7895	0.0426	0.7103	36.9474	0.3144	1163.0000	424.0000	0.3646	1165.0000
782	0.4887	0.8173	0.5745	0.8013	0.0436	0.6897	37.1053	0.3258	1146.0000	422.0000	0.3682	1148.0000
783	0.4956	0.8201	0.5763	0.7975	0.0431	0.6848	37.1579	0.3216	1151.0000	429.0000	0.3727	1153.0000
784	0.5024	0.8252	0.5780	0.8030	0.0454	0.7102	37.0000	0.3061	1165.0000	415.0000	0.3562	1167.0000
785	0.4901	0.8261	0.5758	0.7904	0.0428	0.6946	36.9474	0.3271	1161.0000	440.0000	0.3790	1163.0000
786	0.4861	0.8222	0.5766	0.7946	0.0432	0.6908	36.8947	0.3170	1150.0000	430.0000	0.3739	1152.0000
787	0.4793	0.8236	0.5803	0.7983	0.0453	0.6914	37.0526	0.3152	1159.0000	428.0000	0.3693	1161.0000
788	0.4741	0.8252	0.5766	0.7970	0.0441	0.6937	37.2105	0.3367	1169.0000	429.0000	0.3670	1171.0000
789	0.5082	0.8196	0.5782	0.7881	0.0424	0.7142	37.0526	0.3028	1163.0000	422.0000	0.3629	1166.0000
790	0.4972	0.8257	0.5793	0.7967	0.0436	0.7028	36.8421	0.3143	1155.0000	433.0000	0.3749	1157.0000
791	0.4787	0.8294	0.5799	0.7941	0.0444	0.6982	36.9474	0.3391	1152.0000	425.0000	0.3689	1154.0000
792	0.4852	0.8201	0.5759	0.7997	0.0441	0.7034	37.1579	0.3248	1140.0000	415.0000	0.3640	1143.0000
793	0.4863	0.8224	0.5806	0.7993	0.0438	0.6976	37.0000	0.3191	1166.0000	428.0000	0.3671	1168.0000
794	0.4784	0.8175	0.5758	0.7978	0.0431	0.6980	36.8947	0.3270	1169.0000	424.0000	0.3627	1171.0000
795	0.4838	0.8243	0.5773	0.7882	0.0422	0.6988	37.1053	0.3293	1146.0000	430.0000	0.3752	1148.0000
796	0.4779	0.8254	0.5808	0.7956	0.0450	0.6986	37.0000	0.3180	1170.0000	428.0000	0.3658	1172.0000
797	0.4968	0.8203	0.5782	0.7991	0.0439	0.6935	36.9474	0.3175	1161.0000	423.0000	0.3643	1163.0000
798	0.4944	0.8259	0.5780	0.8035	0.0441	0.7051	37.1053	0.3073	1156.0000	419.0000	0.3625	1158.0000
799	0.4903	0.8150	0.5737	0.7968	0.0433	0.6937	36.9474	0.3215	1126.0000	428.0000	0.3801	1128.0000
800	0.5100	0.8261	0.5776	0.8022	0.0447	0.7033	37.1579	0.3030	1154.0000	421.0000	0.3648	1156.0000
801	0.4788	0.8240	0.5747	0.7941	0.0452	0.7012	37.0000	0.3177	1165.0000	415.0000	0.3562	1167.0000
802	0.5030	0.8254	0.5785	0.7979	0.0455	0.7141	36.8421	0.2810	1172.0000	409.0000	0.3490	1174.0000
803	0.4978	0.8201	0.5780	0.8018	0.0432	0.7021	36.7895	0.3185	1163.0000	422.0000	0.3629	1165.0000
804	0.4922	0.8238	0.5743	0.7984	0.0459	0.7053	37.1053	0.3002	1167.0000	414.0000	0.3548	1169.0000
805	0.4710	0.8238	0.5761	0.8021	0.0446	0.6946	37.1053	0.3317	1161.0000	432.0000	0.3721	1163.0000
806	0.4900	0.8238	0.5764	0.8113	0.0435	0.6903	36.9474	0.3331	1139.0000	431.0000	0.3784	1141.0000
807	0.4822	0.8282	0.5761	0.8030	0.0448	0.6920	37.0526	0.3349	1143.0000	428.0000	0.3745	1145.0000
808	0.4776	0.8268	0.5795	0.7910	0.0422	0.6971	37.1053	0.3275	1154.0000	432.0000	0.3744	1156.0000
809	0.5034	0.8233	0.5779	0.8075	0.0457	0.7158	37.0000	0.3014	1169.0000	401.0000	0.3430	1171.0000
810	0.4767	0.8243	0.5796	0.8053	0.0448	0.6959	36.9474	0.3306	1143.0000	428.0000	0.3745	1145.0000
811	0.4873	0.8226	0.5761	0.7981	0.0447	0.6987	37.0526	0.3131	1143.0000	416.0000	0.3640	1145.0000
812	0.4983	0.8261	0.5784	0.7854	0.0438	0.6854	37.0526	0.3307	1162.0000	440.0000	0.3787	1164.0000
813	0.5041	0.8261	0.5789	0.7993	0.0428	0.6940	37.1579	0.3134	1150.0000	430.0000	0.3739	1152.0000
814	0.5098	0.8180	0.5753	0.7868	0.0437	0.7017	36.7368	0.3091	1178.0000	417.0000	0.3540	1180.0000
815	0.4882	0.8196	0.5782	0.7937	0.0445	0.7056	36.7895	0.3223	1176.0000	419.0000	0.3563	1178.0000
816	0.4931	0.8217	0.5764	0.7936	0.0445	0.7139	37.0526	0.3051	1161.0000	409.0000	0.3523	1163.0000
817	0.4812	0.8226	0.5760	0.7966	0.0432	0.7037	36.9474	0.3182	1174.0000	423.0000	0.3603	1176.0000
818	0.4860	0.8245	0.5756	0.7931	0.0437	0.7088	37.1053	0.3060	1168.0000	432.0000	0.3699	1170.0000
819	0.4725	0.8222	0.5715	0.7965	0.0441	0.6897	37.1053	0.3214	1128.0000	428.0000	0.3794	1130.0000
820	0.4827	0.8224	0.5787	0.7958	0.0449	0.7000	36.8421	0.3338	1175.0000	426.0000	0.3626	1178.0000
821	0.5006	0.8224	0.5788	0.7899	0.0443	0.6950	36.7895	0.3107	1146.0000	424.0000	0.3700	1148.0000
822	0.4951	0.8250	0.5752	0.7979	0.0429	0.7031	37.1053	0.3159	1143.0000	418.0000	0.3657	1145.0000
823	0.4805	0.8243	0.5758	0.7849	0.0444	0.6965	37.0000	0.3167	1170.0000	425.0000	0.3632	1172.0000
824	0.5029	0.8196	0.5770	0.7970	0.0454	0.7072	37.0000	0.3075	1159.0000	414.0000	0.3572	1161.0000
825	0.4892	0.8243	0.5803	0.7906	0.0439	0.6864	37.2105	0.3410	1156.0000	440.0000	0.3806	1158.0000
826	0.4757	0.8178	0.5759	0.8032	0.0433	0.6955	37.1579	0.3267	1138.0000	419.0000	0.3682	1140.0000
827	0.5012	0.8229	0.5788	0.7973	0.0434	0.7047	36.8421	0.3242	1178.0000	426.0000	0.3616	1180.0000
828	0.5119	0.8273	0.5806	0.7932	0.0448	0.7125	37.0000	0.2989	1175.0000	420.0000	0.3574	1177.0000
829	0.4823	0.8236	0.5766	0.7959	0.0444	0.6902	37.0526	0.3252	1148.0000	429.0000	0.3737	1150.0000
830	0.4888	0.8243	0.5777	0.7903	0.0436	0.6997	37.0526	0.3210	1161.0000	427.0000	0.3678	1163.0000
831	0.4738	0.8273	0.5774	0.7954	0.0431	0.6842	37.0526	0.3345	1146.0000	440.0000	0.3839	1148.0000
832	0.4677	0.8212	0.5775	0.7864	0.0419	0.6849	36.9474	0.3446	1134.0000	441.0000	0.3889	1136.0000
833	0.4937	0.8238	0.5772	0.7903	0.0428	0.7082	37.1053	0.3157	1181.0000	426.0000	0.3607	1183.0000
834	0.4999	0.8196	0.5771	0.7933	0.0441	0.7011	37.1579	0.3157	1159.0000	421.0000	0.3632	1161.0000
835	0.4814	0.8268	0.5810	0.8053	0.0458	0.6949	37.0526	0.3142	1159.0000	426.0000	0.3676	1161.0000
836	0.4918	0.8271	0.5792	0.7902	0.0456	0.6924	36.9474	0.3201	1163.0000	435.0000	0.3740	1165.0000
837	0.4854	0.8243	0.5791	0.7870	0.0436	0.7095	37.1579	0.3040	1191.0000	419.0000	0.3518	1193.0000
838	0.4895	0.8231	0.5777	0.7972	0.0439	0.7099	37.0000	0.3223	1172.0000	422.0000	0.3601	1174.0000
839	0.4817	0.8208	0.5772	0.7880	0.0429	0.6978	37.0000	0.3223	1159.0000	421.0000	0.3632	1161.0000
840	0.4872	0.8189	0.5750	0.7931	0.0433	0.6834	37.0000	0.3394	1144.0000	433.0000	0.3785	1146.0000
841	0.5032	0.8212	0.5764	0.7968	0.0444	0.7167	37.0526	0.3001	1163.0000	405.0000	0.3482	1165.0000
842	0.4875	0.8199	0.5770	0.7932	0.0436	0.6952	36.9474	0.3219	1156.0000	423.0000	0.3659	1158.0000
843	0.4717	0.8185	0.5773	0.7924	0.0445	0.6967	37.0000	0.3401	1141.0000	415.0000	0.3637	1144.0000
844	0.4855	0.8189	0.5754	0.8021	0.0433	0.6985	37.1053	0.3213	1132.0000	422.0000	0.3728	1134.0000
845	0.4851	0.8245	0.5799	0.7934	0.0434	0.6961	36.9474	0.3205	1179.0000	435.0000	0.3690	1181.0000
846	0.4858	0.8231	0.5748	0.7984	0.0445	0.7108	37.2105	0.3046	1154.0000	411.0000	0.3562	1156.0000
847	0.4684	0.8254	0.5767	0.7901	0.0434	0.6968	37.1053	0.3362	1144.0000	427.0000	0.3733	1146.0000
848	0.4862	0.8264	0.5804	0.7987	0.0435	0.7083	36.9474	0.3147	1158.0000	415.0000	0.3584	1160.0000
849	0.5065	0.8275	0.5779	0.7942	0.0441	0.7006	37.1053	0.3076	1178.0000	430.0000	0.3650	1180.0000
850	0.4842	0.8164	0.5761	0.7979	0.0431	0.7023	37.0000	0.3397	1143.0000	419.0000	0.3666	1145.0000
851	0.4956	0.8245	0.5789	0.7990	0.0444	0.6950	37.1053	0.3254	1169.0000	425.0000	0.3636	1171.0000
852	0.4806	0.8185	0.5767	0.7860	0.0413	0.6961	37.1579	0.3296	1168.0000	436.0000	0.3733	1170.0000
853	0.4903	0.8199	0.5757	0.7999	0.0434	0.6984	37.1053	0.3270	1121.0000	427.0000	0.3809	1123.0000
854	0.4973	0.8224	0.5777	0.7827	0.0438	0.7030	37.0000	0.3091	1174.0000	426.0000	0.3629	1176.0000
855	0.5010	0.8285	0.5767	0.7948	0.0454	0.7047	37.0526	0.2989	1172.0000	423.0000	0.3609	1174.0000
856	0.4869	0.8201	0.5763	0.8063	0.0434	0.6928	36.8947	0.3221	1139.0000	429.0000	0.3766	1141.0000
857	0.4940	0.8192	0.5766	0.8039	0.0438	0.6946	36.8947	0.3300	1140.0000	418.0000	0.3667	1142.0000
858	0.5130	0.8196	0.5752	0.8008	0.0454	0.6962	36.9474	0.2966	1130.0000	415.0000	0.3673	1132.0000
859	0.4742	0.8192	0.5768	0.7909	0.0423	0.6887	37.0000	0.3316	1156.0000	431.0000	0.3728	1159.0000
860	0.5043	0.8205	0.5763	0.7964	0.0444	0.7092	36.8421	0.2927	1140.0000	414.0000	0.3632	1142.0000
861	0.4888	0.8238	0.5776	0.7925	0.0434	0.7009	37.0526	0.3208	1148.0000	432.0000	0.3763	1150.0000
862	0.5041	0.8222	0.5758	0.8020	0.0452	0.7123	36.9474	0.2913	1168.0000	413.0000	0.3536	1171.0000
863	0.4727	0.8250	0.5773	0.8062	0.0448	0.7021	36.8947	0.3271	1144.0000	417.0000	0.3645	1146.0000
864	0.4846	0.8250	0.5811	0.7980	0.0449	0.6976	36.8947	0.3220	1165.0000	433.0000	0.3717	1167.0000
865	0.4876	0.8203	0.5757	0.7964	0.0429	0.7092	36.7895	0.3224	1142.0000	417.0000	0.3651	1144.0000
866	0.4893	0.8205	0.5751	0.8030	0.0451	0.7094	36.8947	0.3102	1154.0000	411.0000	0.3562	1156.0000
867	0.5009	0.8233	0.5781	0.8041	0.0451	0.7008	37.0000	0.3109	1151.0000	420.0000	0.3649	1153.0000
868	0.4968	0.8208	0.5749	0.7997	0.0432	0.7115	37.1053	0.3021	1149.0000	408.0000	0.3551	1151.0000
869	0.4959	0.8282	0.5800	0.7894	0.0441	0.7010	37.1579	0.3145	1162.0000	427.0000	0.3675	1164.0000
870	0.4791	0.8229	0.5746	0.7986	0.0435	0.6956	37.0526	0.3212	1144.0000	424.0000	0.3706	1146.0000
871	0.4942	0.8180	0.5763	0.7976	0.0432	0.7002	37.1053	0.3178	1147.0000	414.0000	0.3609	1149.0000
872	0.4921	0.8185	0.5753	0.7984	0.0448	0.7075	37.0000	0.3208	1187.0000	410.0000	0.3454	1189.0000
873	0.4875	0.8180	0.5776	0.7878	0.0426	0.7041	37.1579	0.3298	1166.0000	417.0000	0.3576	1168.0000
874	0.5152	0.8210	0.5775	0.8028	0.0436	0.7226	37.1053	0.2938	1147.0000	408.0000	0.3557	1149.0000
875	0.4938	0.8217	0.5759	0.7962	0.0441	0.7061	36.9474	0.3129	1168.0000	417.0000	0.3570	1171.0000
876	0.5111	0.8236	0.5769	0.7875	0.0429	0.6927	37.0526	0.3112	1164.0000	431.0000	0.3703	1166.0000
877	0.5064	0.8266	0.5811	0.8113	0.0446	0.6993	37.0000	0.3091	1127.0000	422.0000	0.3744	1129.0000
878	0.4829	0.8210	0.5754	0.7904	0.0450	0.6987	36.9474	0.3232	1142.0000	416.0000	0.3643	1144.0000
879	0.5274	0.8261	0.5757	0.7984	0.0448	0.7173	36.9474	0.2874	1174.0000	408.0000	0.3475	1176.0000
880	0.5114	0.8196	0.5737	0.7926	0.0441	0.6960	36.9474	0.3097	1158.0000	430.0000	0.3713	1160.0000
881	0.4927	0.8250	0.5789	0.8037	0.0447	0.6913	37.2105	0.3291	1119.0000	426.0000	0.3807	1121.0000
882	0.4900	0.8199	0.5721	0.7959	0.0434	0.7055	37.1579	0.3182	1152.0000	417.0000	0.3620	1154.0000
883	0.4935	0.8238	0.5771	0.8076	0.0449	0.7000	37.0526	0.3219	1138.0000	419.0000	0.3682	1140.0000
884	0.4873	0.8266	0.5753	0.7942	0.0443	0.7048	37.0000	0.3098	1192.0000	419.0000	0.3515	1194.0000
885	0.4727	0.8224	0.5793	0.7965	0.0437	0.6872	36.9474	0.3415	1142.0000	438.0000	0.3835	1144.0000
886	0.4940	0.8210	0.5754	0.7956	0.0434	0.6966	36.8421	0.3168	1145.0000	424.0000	0.3703	1147.0000
887	0.5035	0.8180	0.5758	0.7974	0.0437	0.7084	36.8947	0.3042	1148.0000	413.0000	0.3598	1150.0000
888	0.4852	0.8196	0.5749	0.7947	0.0435	0.7033	37.0526	0.3204	1170.0000	421.0000	0.3598	1172.0000
889	0.4979	0.8252	0.5769	0.7915	0.0453	0.7064	36.9474	0.3111	1177.0000	431.0000	0.3662	1179.0000
890	0.4781	0.8254	0.5783	0.7909	0.0439	0.7013	36.9474	0.3242	1195.0000	422.0000	0.3531	1197.0000
891	0.4736	0.8205	0.5751	0.7586	0.0415	0.6885	37.1053	0.3351	1221.0000	441.0000	0.3612	1223.0000
892	0.4911	0.8164	0.5750	0.8019	0.0435	0.6985	37.0000	0.3248	1143.0000	416.0000	0.3640	1145.0000
893	0.4980	0.8194	0.5748	0.7958	0.0428	0.6973	37.2632	0.3047	1158.0000	425.0000	0.3670	1160.0000
894	0.4926	0.8285	0.5780	0.7879	0.0454	0.7142	37.0526	0.2990	1192.0000	417.0000	0.3498	1194.0000
895	0.4863	0.8236	0.5793	0.7968	0.0433	0.6960	37.1579	0.3207	1154.0000	426.0000	0.3692	1156.0000
896	0.4951	0.8266	0.5776	0.7976	0.0443	0.7092	37.2105	0.3133	1161.0000	416.0000	0.3583	1163.0000
897	0.5018	0.8245	0.5782	0.7944	0.0439	0.7128	37.0000	0.2980	1160.0000	414.0000	0.3569	1163.0000
898	0.4699	0.8215	0.5750	0.7948	0.0455	0.7070	37.0526	0.3054	1144.0000	410.0000	0.3584	1146.0000
899	0.4848	0.8247	0.5808	0.7985	0.0446	0.7004	37.0000	0.3240	1152.0000	420.0000	0.3646	1154.0000
900	0.4757	0.8199	0.5765	0.7960	0.0423	0.6952	36.8947	0.3275	1154.0000	425.0000	0.3683	1156.0000
901	0.4974	0.8252	0.5778	0.8021	0.0462	0.7097	36.9474	0.2976	1161.0000	414.0000	0.3566	1163.0000
902	0.4812	0.8231	0.5805	0.7825	0.0426	0.6897	37.0000	0.3402	1173.0000	438.0000	0.3734	1175.0000
903	0.4960	0.8257	0.5758	0.7956	0.0450	0.7084	37.0000	0.2977	1161.0000	419.0000	0.3609	1163.0000
904	0.5007	0.8236	0.5761	0.8015	0.0443	0.7038	37.1579	0.3073	1176.0000	419.0000	0.3563	1178.0000
905	0.4913	0.8296	0.5782	0.7816	0.0441	0.7132	36.8947	0.3074	1192.0000	421.0000	0.3532	1194.0000
906	0.4842	0.8282	0.5791	0.7963	0.0444	0.7043	37.0526	0.3181	1167.0000	426.0000	0.3650	1169.0000
907	0.5110	0.8238	0.5788	0.7849	0.0436	0.7079	37.1579	0.3122	1192.0000	424.0000	0.3557	1194.0000
908	0.5040	0.8215	0.5792	0.7923	0.0430	0.7017	36.9474	0.3088	1153.0000	421.0000	0.3651	1155.0000
909	0.4898	0.8196	0.5758	0.8012	0.0451	0.7051	37.0000	0.3087	1155.0000	415.0000	0.3593	1157.0000
910	0.4947	0.8166	0.5756	0.7991	0.0437	0.6925	37.0000	0.3330	1150.0000	424.0000	0.3687	1152.0000
911	0.5025	0.8219	0.5772	0.8018	0.0443	0.7013	36.8947	0.3128	1137.0000	418.0000	0.3676	1139.0000
912	0.5012	0.8238	0.5750	0.7907	0.0445	0.6977	36.6316	0.3173	1152.0000	426.0000	0.3698	1154.0000
913	0.4889	0.8233	0.5769	0.7995	0.0432	0.7017	36.8421	0.3101	1168.0000	422.0000	0.3613	1170.0000
914	0.4834	0.8268	0.5790	0.7915	0.0455	0.7007	37.1053	0.3220	1179.0000	423.0000	0.3588	1181.0000
915	0.5016	0.8264	0.5823	0.7976	0.0448	0.6969	37.1053	0.3100	1140.0000	430.0000	0.3772	1142.0000
916	0.4935	0.8238	0.5795	0.8025	0.0442	0.7122	36.9474	0.3247	1161.0000	416.0000	0.3583	1163.0000
917	0.4965	0.8254	0.5786	0.7983	0.0463	0.7143	36.7895	0.2947	1169.0000	412.0000	0.3524	1171.0000
918	0.4883	0.8192	0.5755	0.7935	0.0440	0.6942	37.1053	0.3176	1142.0000	421.0000	0.3687	1144.0000
919	0.4787	0.8257	0.5792	0.7950	0.0455	0.6893	37.0526	0.3401	1127.0000	424.0000	0.3762	1129.0000
920	0.4775	0.8231	0.5786	0.7889	0.0435	0.6965	37.0000	0.3183	1171.0000	421.0000	0.3595	1173.0000
921	0.4839	0.8185	0.5774	0.7945	0.0427	0.6992	36.9474	0.3191	1154.0000	428.0000	0.3709	1156.0000
922	0.4727	0.8238	0.5750	0.7833	0.0432	0.6884	37.0526	0.3320	1139.0000	436.0000	0.3828	1141.0000
923	0.4799	0.8187	0.5763	0.7935	0.0425	0.6940	37.0526	0.3411	1159.0000	431.0000	0.3719	1161.0000
924	0.4834	0.8164	0.5737	0.7938	0.0439	0.6973	36.7895	0.3235	1163.0000	415.0000	0.3568	1165.0000
925	0.4945	0.8236	0.5786	0.8061	0.0445	0.6955	37.0526	0.3155	1158.0000	422.0000	0.3644	1160.0000
926	0.4787	0.8287	0.5780	0.7894	0.0444	0.7069	36.8947	0.3269	1175.0000	431.0000	0.3668	1177.0000
927	0.5043	0.8196	0.5775	0.7852	0.0432	0.7031	37.0526	0.3060	1155.0000	430.0000	0.3723	1157.0000
928	0.4972	0.8215	0.5763	0.7849	0.0416	0.7021	37.1053	0.3125	1170.0000	421.0000	0.3598	1172.0000
929	0.4857	0.8245	0.5767	0.7860	0.0430	0.6985	37.1053	0.3213	1177.0000	427.0000	0.3628	1179.0000
930	0.4985	0.8240	0.5792	0.8058	0.0456	0.7096	37.1053	0.3005	1139.0000	418.0000	0.3670	1141.0000
931	0.4942	0.8173	0.5766	0.8011	0.0448	0.7066	36.9474	0.3189	1134.0000	411.0000	0.3624	1136.0000
932	0.4898	0.8217	0.5757	0.7980	0.0430	0.7051	37.1053	0.3115	1161.0000	422.0000	0.3635	1163.0000
933	0.4891	0.8173	0.5743	0.7983	0.0431	0.7021	36.9474	0.3092	1148.0000	419.0000	0.3650	1150.0000
934	0.4972	0.8212	0.5750	0.7964	0.0440	0.7110	37.2632	0.3071	1174.0000	415.0000	0.3535	1176.0000
935	0.4860	0.8266	0.5791	0.7979	0.0437	0.6933	37.0000	0.3188	1156.0000	431.0000	0.3728	1158.0000
936	0.4936	0.8240	0.5780	0.7955	0.0442	0.7041	36.9474	0.3103	1165.0000	420.0000	0.3605	1167.0000
937	0.4942	0.8222	0.5754	0.7859	0.0443	0.6892	37.0000	0.3236	1173.0000	431.0000	0.3674	1175.0000
938	0.5130	0.8229	0.5780	0.8008	0.0449	0.7214	36.9474	0.2843	1143.0000	401.0000	0.3508	1145.0000
939	0.4923	0.8196	0.5742	0.7942	0.0442	0.7032	37.0526	0.3139	1156.0000	418.0000	0.3616	1158.0000
940	0.4918	0.8192	0.5767	0.7914	0.0436	0.6963	37.0000	0.3211	1140.0000	423.0000	0.3711	1142.0000
941	0.4882	0.8178	0.5764	0.7801	0.0436	0.7026	37.1053	0.3191	1180.0000	421.0000	0.3568	1182.0000
942	0.4977	0.8196	0.5744	0.8044	0.0444	0.7063	37.1053	0.3129	1143.0000	408.0000	0.3570	1145.0000
943	0.4713	0.8231	0.5779	0.8014	0.0432	0.6944	37.1053	0.3306	1146.0000	427.0000	0.3726	1148.0000
944	0.4941	0.8212	0.5778	0.7934	0.0454	0.7136	36.8947	0.3017	1157.0000	416.0000	0.3596	1159.0000
945	0.4806	0.8145	0.5754	0.7946	0.0440	0.6936	36.9474	0.3341	1144.0000	421.0000	0.3680	1146.0000
946	0.5040	0.8212	0.5753	0.7919	0.0423	0.6969	37.0526	0.3209	1147.0000	424.0000	0.3697	1149.0000
947	0.4713	0.8171	0.5755	0.8142	0.0439	0.6877	36.9474	0.3474	1119.0000	423.0000	0.3780	1121.0000
948	0.5134	0.8240	0.5769	0.7990	0.0442	0.7044	37.0526	0.3029	1141.0000	419.0000	0.3672	1143.0000
949	0.4905	0.8145	0.5729	0.7867	0.0439	0.6953	37.0526	0.3256	1176.0000	425.0000	0.3614	1178.0000
950	0.4921	0.8298	0.5791	0.8018	0.0455	0.6945	37.0526	0.3189	1164.0000	429.0000	0.3686	1166.0000
951	0.4988	0.8257	0.5763	0.7955	0.0448	0.7121	37.0526	0.3096	1171.0000	419.0000	0.3578	1173.0000
952	0.5030	0.8182	0.5773	0.7988	0.0445	0.7013	37.0000	0.3126	1153.0000	416.0000	0.3608	1155.0000
953	0.4757	0.8259	0.5797	0.7860	0.0427	0.6906	36.9474	0.3313	1156.0000	433.0000	0.3746	1158.0000
954	0.4959	0.8219	0.5772	0.7999	0.0438	0.6975	37.0526	0.3276	1116.0000	424.0000	0.3799	1118.0000
955	0.4784	0.8257	0.5785	0.7868	0.0438	0.6968	37.0526	0.3222	1174.0000	434.0000	0.3697	1176.0000
956	0.4816	0.8254	0.5785	0.7931	0.0427	0.6912	37.0526	0.3338	1156.0000	438.0000	0.3789	1158.0000
957	0.4907	0.8271	0.5783	0.7884	0.0436	0.7009	37.0000	0.3274	1188.0000	428.0000	0.3603	1190.0000
958	0.4804	0.8259	0.5771	0.8038	0.0431	0.6805	36.8947	0.3328	1116.0000	441.0000	0.3952	1118.0000
959	0.5171	0.8245	0.5774	0.7975	0.0458	0.7186	37.1579	0.2988	1171.0000	406.0000	0.3467	1173.0000
960	0.4814	0.8143	0.5731	0.7945	0.0413	0.6897	37.0526	0.3397	1127.0000	428.0000	0.3798	1129.0000
961	0.4982	0.8205	0.5755	0.7973	0.0445	0.6973	36.8947	0.3126	1153.0000	421.0000	0.3651	1155.0000
962	0.4886	0.8208	0.5755	0.7929	0.0441	0.7015	37.0000	0.3130	1169.0000	419.0000	0.3584	1171.0000
963	0.5077	0.8224	0.5778	0.8029	0.0446	0.7069	37.0000	0.2922	1170.0000	413.0000	0.3530	1172.0000
964	0.4993	0.8175	0.5783	0.7967	0.0444	0.7077	36.8947	0.3136	1162.0000	411.0000	0.3537	1164.0000
965	0.5028	0.8245	0.5795	0.7961	0.0432	0.6976	37.1053	0.3136	1158.0000	433.0000	0.3739	1160.0000
966	0.4798	0.8192	0.5738	0.7859	0.0436	0.7039	37.0526	0.3219	1161.0000	422.0000	0.3635	1163.0000
967	0.4770	0.8199	0.5753	0.7942	0.0442	0.7013	37.0000	0.3156	1168.0000	424.0000	0.3630	1170.0000
968	0.4939	0.8275	0.5786	0.7894	0.0447	0.7006	37.0000	0.3193	1138.0000	432.0000	0.3796	1140.0000
969	0.4987	0.8229	0.5740	0.8032	0.0440	0.6986	37.0000	0.2985	1134.0000	421.0000	0.3713	1136.0000
970	0.4990	0.8291	0.5814	0.7894	0.0430	0.7068	37.0000	0.3065	1193.0000	426.0000	0.3571	1195.0000
971	0.4877	0.8205	0.5763	0.7940	0.0429	0.6981	37.1053	0.3208	1170.0000	422.0000	0.3607	1172.0000
972	0.5029	0.8199	0.5763	0.7948	0.0432	0.7032	36.8947	0.3096	1175.0000	421.0000	0.3583	1177.0000
973	0.4841	0.8264	0.5789	0.8095	0.0462	0.6800	37.0526	0.3215	1116.0000	432.0000	0.3871	1118.0000
974	0.4796	0.8229	0.5789	0.7957	0.0447	0.7038	37.0526	0.3129	1167.0000	417.0000	0.3573	1169.0000
975	0.4941	0.8261	0.5799	0.8036	0.0446	0.6851	36.9474	0.3289	1125.0000	431.0000	0.3831	1127.0000
976	0.5023	0.8196	0.5768	0.8032	0.0437	0.7064	37.0000	0.3055	1136.0000	412.0000	0.3627	1138.0000
977	0.4892	0.8233	0.5746	0.7930	0.0434	0.7173	37.1053	0.3152	1193.0000	416.0000	0.3487	1195.0000
978	0.4755	0.8247	0.5768	0.7956	0.0457	0.7015	36.9474	0.3284	1174.0000	426.0000	0.3629	1176.0000
979	0.5068	0.8205	0.5756	0.7958	0.0428	0.6964	37.0526	0.3142	1155.0000	429.0000	0.3714	1158.0000
980	0.4851	0.8298	0.5779	0.7907	0.0447	0.6899	37.1053	0.3401	1187.0000	438.0000	0.3690	1189.0000
981	0.4969	0.8229	0.5779	0.8075	0.0441	0.6898	36.9474	0.3222	1160.0000	425.0000	0.3664	1162.0000
982	0.4927	0.8229	0.5751	0.7945	0.0444	0.7049	37.1053	0.3104	1142.0000	421.0000	0.3687	1144.0000
983	0.4765	0.8196	0.5743	0.8032	0.0443	0.6962	36.9474	0.3224	1145.0000	419.0000	0.3659	1147.0000
984	0.4973	0.8243	0.5796	0.8070	0.0445	0.7057	37.0000	0.2971	1158.0000	412.0000	0.3558	1160.0000
985	0.4860	0.8254	0.5769	0.7831	0.0434	0.7070	37.1053	0.3184	1186.0000	428.0000	0.3609	1188.0000
986	0.4975	0.8252	0.5787	0.7931	0.0447	0.7044	36.9474	0.3066	1179.0000	425.0000	0.3605	1181.0000
987	0.4870	0.8254	0.5772	0.7928	0.0431	0.7089	37.1053	0.3067	1191.0000	413.0000	0.3468	1193.0000
988	0.4954	0.8182	0.5757	0.8011	0.0432	0.6936	36.8947	0.3284	1138.0000	429.0000	0.3770	1140.0000
989	0.5034	0.8236	0.5775	0.7947	0.0433	0.6953	37.0526	0.3264	1147.0000	441.0000	0.3845	1149.0000
990	0.4818	0.8219	0.5761	0.8121	0.0447	0.7016	37.2105	0.3146	1145.0000	414.0000	0.3616	1147.0000
991	0.4804	0.8192	0.5764	0.8044	0.0442	0.7039	37.0526	0.3182	1152.0000	408.0000	0.3542	1155.0000
992	0.5087	0.8254	0.5773	0.7933	0.0440	0.7147	37.0000	0.2996	1164.0000	424.0000	0.3643	1166.0000
993	0.4920	0.8271	0.5789	0.8004	0.0445	0.7110	37.1053	0.3174	1146.0000	423.0000	0.3691	1148.0000
994	0.4904	0.8298	0.5809	0.7984	0.0449	0.7037	37.1579	0.3137	1178.0000	433.0000	0.3676	1180.0000
995	0.5116	0.8224	0.5768	0.7989	0.0450	0.7102	36.8421	0.2993	1166.0000	414.0000	0.3551	1168.0000
996	0.4854	0.8219	0.5770	0.7929	0.0432	0.6990	37.1053	0.3243	1156.0000	427.0000	0.3694	1158.0000
997	0.4818	0.8222	0.5783	0.8008	0.0445	0.7016	36.9474	0.3184	1151.0000	420.0000	0.3649	1153.0000
998	0.4904	0.8222	0.5750	0.7955	0.0436	0.7014	36.8947	0.3213	1175.0000	428.0000	0.3643	1177.0000
999	0.4707	0.8215	0.5763	0.8004	0.0428	0.6894	37.0000	0.3313	1129.0000	422.0000	0.3738	1131.0000
1000	0.4937	0.8205	0.5756	0.8053	0.0429	0.6921	37.0000	0.3170	1146.0000	424.0000	0.3700	1148.0000
