accuracy	proportion	density	fuzziness	coverage	purity	sounds	missing	ubound	clusters	props	patterns
1	0.4207	0.4954	0.3711	0.8075	0.0125	0.6860	36.5789	0.2630	969.0000	237.0000	0.2446	990.0000
2	0.4252	0.4868	0.3682	0.8232	0.0101	0.6707	36.7368	0.2837	812.0000	205.0000	0.2525	835.0000
3	0.4116	0.4777	0.3508	0.8507	0.0093	0.6501	36.3158	0.3098	743.0000	194.0000	0.2611	762.0000
4	0.3967	0.4737	0.3605	0.8305	0.0088	0.6422	36.0526	0.3305	720.0000	199.0000	0.2764	741.0000
5	0.3974	0.4779	0.3629	0.8453	0.0091	0.6301	36.0526	0.3177	717.0000	198.0000	0.2762	735.0000
6	0.3754	0.4698	0.3446	0.8448	0.0087	0.6072	36.2105	0.3489	674.0000	195.0000	0.2893	691.0000
7	0.4083	0.4668	0.3526	0.8495	0.0093	0.6363	36.1579	0.3279	675.0000	186.0000	0.2756	695.0000
8	0.4204	0.4675	0.3441	0.8418	0.0079	0.6694	36.3158	0.2829	676.0000	176.0000	0.2604	698.0000
9	0.4037	0.4754	0.3581	0.8486	0.0091	0.6366	36.1579	0.3182	704.0000	194.0000	0.2756	724.0000
10	0.4049	0.4684	0.3513	0.8461	0.0088	0.6369	36.1053	0.3292	666.0000	190.0000	0.2853	685.0000
11	0.4062	0.4691	0.3532	0.8354	0.0082	0.6542	35.8947	0.2965	751.0000	188.0000	0.2503	776.0000
12	0.3994	0.4695	0.3613	0.8381	0.0094	0.6394	36.1579	0.3278	698.0000	194.0000	0.2779	713.0000
13	0.3971	0.4682	0.3500	0.8541	0.0089	0.6331	35.9474	0.3238	685.0000	184.0000	0.2686	704.0000
14	0.3836	0.4689	0.3547	0.8523	0.0087	0.6285	36.1053	0.3271	713.0000	191.0000	0.2679	733.0000
15	0.4157	0.4698	0.3571	0.8559	0.0086	0.6459	36.0526	0.3150	718.0000	188.0000	0.2618	737.0000
16	0.4093	0.4737	0.3587	0.8537	0.0094	0.6443	35.8947	0.3101	702.0000	192.0000	0.2735	721.0000
17	0.4008	0.4675	0.3499	0.8486	0.0085	0.6382	36.0000	0.3230	681.0000	182.0000	0.2673	702.0000
18	0.4028	0.4640	0.3515	0.8452	0.0089	0.6193	35.8947	0.3260	662.0000	185.0000	0.2795	677.0000
19	0.3735	0.4702	0.3513	0.8396	0.0090	0.6312	35.9474	0.3328	691.0000	188.0000	0.2721	711.0000
20	0.4042	0.4723	0.3662	0.8414	0.0093	0.6405	35.7895	0.3241	699.0000	186.0000	0.2661	713.0000
21	0.3877	0.4679	0.3527	0.8513	0.0090	0.6186	36.2105	0.3437	664.0000	188.0000	0.2831	683.0000
22	0.3799	0.4593	0.3465	0.8557	0.0080	0.6412	35.9474	0.3210	692.0000	172.0000	0.2486	705.0000
23	0.3801	0.4686	0.3421	0.8337	0.0086	0.6308	35.7368	0.3298	656.0000	178.0000	0.2713	674.0000
24	0.3714	0.4619	0.3413	0.8522	0.0086	0.6267	36.1579	0.3302	658.0000	179.0000	0.2720	670.0000
25	0.4173	0.4661	0.3468	0.8506	0.0087	0.6420	36.0526	0.3155	688.0000	179.0000	0.2602	710.0000
26	0.4086	0.4707	0.3632	0.8530	0.0092	0.6312	35.8421	0.3230	671.0000	183.0000	0.2727	682.0000
27	0.4056	0.4658	0.3507	0.8553	0.0087	0.6486	35.6842	0.3212	660.0000	175.0000	0.2652	680.0000
28	0.4039	0.4707	0.3544	0.8528	0.0091	0.6425	36.3684	0.3226	681.0000	180.0000	0.2643	695.0000
29	0.4272	0.4719	0.3441	0.8370	0.0092	0.6493	35.8421	0.3152	652.0000	178.0000	0.2730	670.0000
30	0.3777	0.4651	0.3450	0.8653	0.0082	0.6280	35.8947	0.3395	665.0000	187.0000	0.2812	685.0000
31	0.3907	0.4714	0.3378	0.8595	0.0083	0.6434	36.1579	0.3208	667.0000	179.0000	0.2684	685.0000
32	0.3963	0.4677	0.3387	0.8423	0.0082	0.6346	35.5263	0.3263	664.0000	188.0000	0.2831	685.0000
33	0.3676	0.4691	0.3376	0.8553	0.0092	0.6173	36.0000	0.3506	688.0000	185.0000	0.2689	698.0000
34	0.3977	0.4633	0.3397	0.8519	0.0089	0.6383	35.7895	0.3287	660.0000	174.0000	0.2636	674.0000
35	0.3958	0.4640	0.3463	0.8467	0.0084	0.6249	35.8947	0.3373	667.0000	186.0000	0.2789	684.0000
36	0.3767	0.4654	0.3474	0.8329	0.0085	0.6161	36.0526	0.3390	699.0000	192.0000	0.2747	716.0000
37	0.4007	0.4707	0.3504	0.8487	0.0089	0.6416	36.1579	0.3118	687.0000	181.0000	0.2635	708.0000
38	0.3918	0.4730	0.3571	0.8435	0.0087	0.6331	36.2105	0.3183	694.0000	189.0000	0.2723	717.0000
39	0.4030	0.4721	0.3624	0.8371	0.0095	0.6400	36.0526	0.3190	665.0000	179.0000	0.2692	673.0000
40	0.3744	0.4642	0.3448	0.8455	0.0079	0.6216	36.0526	0.3432	717.0000	194.0000	0.2706	746.0000
41	0.3874	0.4644	0.3416	0.8456	0.0081	0.6450	36.2105	0.3227	673.0000	184.0000	0.2734	692.0000
42	0.3812	0.4709	0.3600	0.8446	0.0093	0.6453	35.7895	0.3180	726.0000	185.0000	0.2548	741.0000
43	0.4025	0.4665	0.3513	0.8580	0.0088	0.6475	36.2632	0.3060	668.0000	180.0000	0.2695	687.0000
44	0.3836	0.4651	0.3541	0.8356	0.0082	0.6364	36.0000	0.3237	669.0000	182.0000	0.2720	687.0000
45	0.3952	0.4735	0.3667	0.8422	0.0088	0.6434	36.3684	0.3179	733.0000	196.0000	0.2674	747.0000
46	0.3751	0.4670	0.3512	0.8453	0.0084	0.6211	35.9474	0.3439	682.0000	190.0000	0.2786	708.0000
47	0.4044	0.4689	0.3573	0.8414	0.0092	0.6287	36.2105	0.3346	700.0000	196.0000	0.2800	717.0000
48	0.4017	0.4693	0.3591	0.8482	0.0089	0.6343	36.1053	0.3328	700.0000	194.0000	0.2771	721.0000
49	0.4030	0.4721	0.3553	0.8463	0.0091	0.6349	36.4211	0.3210	682.0000	188.0000	0.2757	690.0000
50	0.3793	0.4612	0.3422	0.8463	0.0077	0.6366	36.1053	0.3333	687.0000	182.0000	0.2649	710.0000
51	0.4098	0.4672	0.3461	0.8494	0.0089	0.6437	36.3158	0.3268	682.0000	180.0000	0.2639	699.0000
52	0.3956	0.4623	0.3459	0.8526	0.0080	0.6300	35.9474	0.3394	657.0000	172.0000	0.2618	675.0000
53	0.4099	0.4651	0.3565	0.8453	0.0084	0.6403	36.2105	0.3124	668.0000	173.0000	0.2590	692.0000
54	0.3715	0.4675	0.3558	0.8464	0.0084	0.6249	36.0000	0.3243	705.0000	189.0000	0.2681	720.0000
55	0.4053	0.4684	0.3571	0.8529	0.0084	0.6466	36.0000	0.3005	696.0000	186.0000	0.2672	714.0000
56	0.3526	0.4663	0.3469	0.8597	0.0088	0.5915	35.9474	0.3781	651.0000	185.0000	0.2842	669.0000
57	0.3792	0.4640	0.3439	0.8569	0.0093	0.6088	36.0526	0.3502	629.0000	183.0000	0.2909	638.0000
58	0.3932	0.4684	0.3505	0.8442	0.0090	0.6239	36.0000	0.3401	705.0000	194.0000	0.2752	728.0000
59	0.3745	0.4768	0.3729	0.8286	0.0096	0.6232	35.7368	0.3308	710.0000	202.0000	0.2845	730.0000
60	0.4077	0.4689	0.3518	0.8596	0.0094	0.6298	36.0000	0.3331	680.0000	187.0000	0.2750	695.0000
61	0.3752	0.4735	0.3553	0.8488	0.0083	0.6298	36.2105	0.3289	702.0000	198.0000	0.2821	716.0000
62	0.4178	0.4716	0.3531	0.8461	0.0096	0.6329	36.4737	0.3321	656.0000	185.0000	0.2820	670.0000
63	0.4110	0.4712	0.3611	0.8425	0.0091	0.6323	36.3158	0.3277	679.0000	191.0000	0.2813	691.0000
64	0.4110	0.4721	0.3677	0.8481	0.0094	0.6389	36.2632	0.3192	703.0000	195.0000	0.2774	718.0000
65	0.4373	0.4709	0.3656	0.8480	0.0091	0.6587	36.1579	0.3052	680.0000	180.0000	0.2647	701.0000
66	0.4007	0.4684	0.3561	0.8480	0.0092	0.6291	36.0526	0.3284	656.0000	182.0000	0.2774	672.0000
67	0.3686	0.4672	0.3551	0.8517	0.0088	0.6162	35.8947	0.3368	696.0000	198.0000	0.2845	715.0000
68	0.3885	0.4668	0.3607	0.8399	0.0083	0.6471	35.8947	0.3074	733.0000	184.0000	0.2510	755.0000
69	0.3948	0.4682	0.3465	0.8614	0.0084	0.6588	35.8421	0.3096	659.0000	179.0000	0.2716	672.0000
70	0.4279	0.4654	0.3534	0.8599	0.0083	0.6440	36.0000	0.3116	673.0000	186.0000	0.2764	690.0000
71	0.3699	0.4679	0.3473	0.8396	0.0089	0.6154	36.0000	0.3566	709.0000	194.0000	0.2736	730.0000
72	0.3886	0.4682	0.3509	0.8459	0.0084	0.6405	35.9474	0.3306	671.0000	178.0000	0.2653	687.0000
73	0.3949	0.4707	0.3449	0.8400	0.0086	0.6453	35.9474	0.3175	716.0000	182.0000	0.2542	729.0000
74	0.4039	0.4700	0.3577	0.8280	0.0090	0.6427	36.2632	0.3212	710.0000	188.0000	0.2648	725.0000
75	0.3899	0.4656	0.3403	0.8451	0.0082	0.6261	36.0526	0.3315	674.0000	186.0000	0.2760	697.0000
76	0.4041	0.4668	0.3540	0.8615	0.0087	0.6197	36.4737	0.3427	636.0000	185.0000	0.2909	652.0000
77	0.4034	0.4714	0.3558	0.8328	0.0088	0.6413	35.9474	0.3107	692.0000	185.0000	0.2673	709.0000
78	0.4123	0.4709	0.3596	0.8517	0.0083	0.6513	36.2632	0.3198	703.0000	185.0000	0.2632	724.0000
79	0.3980	0.4651	0.3461	0.8534	0.0090	0.6454	36.1579	0.3162	663.0000	180.0000	0.2715	683.0000
80	0.3933	0.4654	0.3539	0.8559	0.0088	0.6372	35.7895	0.3295	647.0000	174.0000	0.2689	659.0000
81	0.3940	0.4700	0.3566	0.8347	0.0084	0.6506	35.8947	0.3070	697.0000	177.0000	0.2539	720.0000
82	0.4004	0.4702	0.3612	0.8433	0.0090	0.6387	36.0000	0.3218	692.0000	189.0000	0.2731	712.0000
83	0.3854	0.4705	0.3509	0.8572	0.0094	0.6447	36.1053	0.3155	697.0000	174.0000	0.2496	711.0000
84	0.4078	0.4644	0.3429	0.8568	0.0090	0.6338	35.9474	0.3307	673.0000	183.0000	0.2719	684.0000
85	0.3935	0.4684	0.3587	0.8378	0.0093	0.6493	35.8947	0.3064	705.0000	179.0000	0.2539	714.0000
86	0.3712	0.4651	0.3528	0.8450	0.0081	0.6210	36.1579	0.3398	679.0000	191.0000	0.2813	704.0000
87	0.3968	0.4684	0.3547	0.8543	0.0086	0.6323	36.2632	0.3290	676.0000	187.0000	0.2766	691.0000
88	0.3773	0.4658	0.3411	0.8411	0.0087	0.6215	35.8947	0.3379	666.0000	189.0000	0.2838	682.0000
89	0.4073	0.4679	0.3566	0.8554	0.0086	0.6483	35.6316	0.3138	703.0000	172.0000	0.2447	723.0000
90	0.3918	0.4670	0.3552	0.8547	0.0089	0.6437	35.8421	0.3189	679.0000	176.0000	0.2592	697.0000
91	0.4397	0.4742	0.3548	0.8534	0.0090	0.6562	36.4211	0.3020	675.0000	178.0000	0.2637	689.0000
92	0.4039	0.4702	0.3530	0.8475	0.0090	0.6373	35.8421	0.3263	686.0000	182.0000	0.2653	697.0000
93	0.3723	0.4684	0.3539	0.8399	0.0087	0.6253	36.0000	0.3323	657.0000	190.0000	0.2892	677.0000
94	0.3923	0.4772	0.3640	0.8446	0.0098	0.6278	36.0526	0.3360	674.0000	192.0000	0.2849	692.0000
95	0.4166	0.4700	0.3548	0.8362	0.0091	0.6513	35.6842	0.3094	703.0000	182.0000	0.2589	724.0000
96	0.3804	0.4640	0.3471	0.8539	0.0085	0.6311	36.0000	0.3306	702.0000	185.0000	0.2635	727.0000
97	0.4100	0.4656	0.3586	0.8421	0.0092	0.6305	36.0000	0.3307	692.0000	187.0000	0.2702	703.0000
98	0.3951	0.4633	0.3324	0.8487	0.0086	0.6429	36.1579	0.3139	635.0000	166.0000	0.2614	651.0000
99	0.4142	0.4675	0.3519	0.8294	0.0088	0.6481	36.0526	0.3158	684.0000	185.0000	0.2705	708.0000
100	0.3979	0.4707	0.3469	0.8499	0.0093	0.6396	36.0000	0.3177	706.0000	183.0000	0.2592	724.0000
101	0.3960	0.4684	0.3533	0.8450	0.0089	0.6449	35.9474	0.3233	674.0000	177.0000	0.2626	697.0000
102	0.3907	0.4663	0.3541	0.8506	0.0084	0.6466	35.8947	0.3078	700.0000	177.0000	0.2529	722.0000
103	0.3773	0.4682	0.3458	0.8401	0.0088	0.6121	35.7368	0.3544	705.0000	196.0000	0.2780	724.0000
104	0.3818	0.4644	0.3375	0.8531	0.0082	0.6184	35.8947	0.3499	692.0000	192.0000	0.2775	711.0000
105	0.3883	0.4658	0.3459	0.8417	0.0086	0.6289	36.1053	0.3161	694.0000	191.0000	0.2752	712.0000
106	0.3972	0.4661	0.3543	0.8520	0.0086	0.6325	35.9474	0.3226	690.0000	187.0000	0.2710	708.0000
107	0.4007	0.4668	0.3367	0.8478	0.0080	0.6415	36.3684	0.3092	674.0000	177.0000	0.2626	695.0000
108	0.3975	0.4684	0.3511	0.8433	0.0090	0.6467	36.0000	0.3172	687.0000	175.0000	0.2547	706.0000
109	0.4042	0.4781	0.3635	0.8339	0.0094	0.6500	36.1053	0.3033	742.0000	190.0000	0.2561	758.0000
110	0.3902	0.4635	0.3417	0.8403	0.0080	0.6395	36.0000	0.3223	719.0000	188.0000	0.2615	740.0000
111	0.4078	0.4707	0.3623	0.8325	0.0090	0.6396	35.9474	0.3189	687.0000	188.0000	0.2737	708.0000
112	0.3913	0.4693	0.3584	0.8577	0.0086	0.6471	36.2105	0.3212	682.0000	180.0000	0.2639	700.0000
113	0.3935	0.4686	0.3572	0.8504	0.0084	0.6394	36.0000	0.3306	696.0000	188.0000	0.2701	717.0000
114	0.3837	0.4675	0.3585	0.8245	0.0093	0.6120	36.1053	0.3529	664.0000	192.0000	0.2892	671.0000
115	0.3851	0.4663	0.3646	0.8449	0.0084	0.6334	36.1579	0.3134	691.0000	185.0000	0.2677	712.0000
116	0.4066	0.4670	0.3557	0.8469	0.0087	0.6546	36.0000	0.3043	687.0000	181.0000	0.2635	700.0000
117	0.3890	0.4712	0.3552	0.8496	0.0087	0.6461	36.0000	0.3171	723.0000	187.0000	0.2586	739.0000
118	0.4398	0.4728	0.3650	0.8291	0.0094	0.6506	35.8947	0.3024	694.0000	186.0000	0.2680	712.0000
119	0.4048	0.4684	0.3646	0.8396	0.0094	0.6362	36.2105	0.3215	658.0000	184.0000	0.2796	669.0000
120	0.3617	0.4672	0.3575	0.8505	0.0084	0.6357	35.8947	0.3209	679.0000	188.0000	0.2769	697.0000
121	0.4183	0.4649	0.3473	0.8513	0.0084	0.6418	36.0000	0.3163	637.0000	175.0000	0.2747	657.0000
122	0.3839	0.4630	0.3484	0.8356	0.0093	0.6297	36.3158	0.3327	688.0000	185.0000	0.2689	704.0000
123	0.3945	0.4693	0.3480	0.8483	0.0091	0.6372	36.0000	0.3126	694.0000	181.0000	0.2608	712.0000
124	0.3999	0.4651	0.3366	0.8465	0.0083	0.6466	35.9474	0.3078	663.0000	172.0000	0.2594	677.0000
125	0.4012	0.4670	0.3524	0.8535	0.0084	0.6544	35.7895	0.3105	670.0000	175.0000	0.2612	688.0000
126	0.3873	0.4677	0.3463	0.8428	0.0084	0.6433	36.0526	0.3139	665.0000	177.0000	0.2662	685.0000
127	0.3607	0.4644	0.3519	0.8369	0.0087	0.6118	35.9474	0.3522	708.0000	191.0000	0.2698	730.0000
128	0.3703	0.4693	0.3541	0.8436	0.0087	0.6260	36.0526	0.3290	700.0000	190.0000	0.2714	720.0000
129	0.3843	0.4637	0.3509	0.8626	0.0082	0.6536	35.7368	0.3171	663.0000	174.0000	0.2624	680.0000
130	0.4184	0.4719	0.3519	0.8521	0.0087	0.6569	36.2105	0.3070	679.0000	176.0000	0.2592	696.0000
131	0.3979	0.4665	0.3606	0.8431	0.0087	0.6386	36.2632	0.3204	678.0000	179.0000	0.2640	699.0000
132	0.4164	0.4712	0.3583	0.8370	0.0091	0.6375	36.1053	0.3254	694.0000	189.0000	0.2723	716.0000
133	0.3864	0.4635	0.3570	0.8299	0.0086	0.6197	36.0526	0.3428	677.0000	196.0000	0.2895	696.0000
134	0.4045	0.4665	0.3477	0.8529	0.0086	0.6155	36.1579	0.3431	691.0000	182.0000	0.2634	709.0000
135	0.4070	0.4654	0.3551	0.8453	0.0086	0.6474	35.8947	0.3126	675.0000	174.0000	0.2578	690.0000
136	0.3968	0.4672	0.3496	0.8553	0.0087	0.6312	35.8421	0.3188	685.0000	185.0000	0.2701	702.0000
137	0.3614	0.4654	0.3549	0.8428	0.0086	0.6158	36.0000	0.3471	682.0000	193.0000	0.2830	698.0000
138	0.4078	0.4695	0.3615	0.8365	0.0091	0.6413	35.8421	0.3175	708.0000	188.0000	0.2655	730.0000
139	0.4120	0.4672	0.3493	0.8339	0.0089	0.6448	35.9474	0.3044	706.0000	181.0000	0.2564	719.0000
140	0.4028	0.4630	0.3429	0.8477	0.0081	0.6511	36.1579	0.3084	691.0000	177.0000	0.2562	712.0000
141	0.4009	0.4693	0.3624	0.8411	0.0090	0.6353	35.8421	0.3242	698.0000	189.0000	0.2708	718.0000
142	0.3754	0.4661	0.3380	0.8443	0.0090	0.6241	36.1579	0.3267	680.0000	184.0000	0.2706	693.0000
143	0.4087	0.4712	0.3533	0.8614	0.0086	0.6521	36.4737	0.3070	685.0000	184.0000	0.2686	700.0000
144	0.4169	0.4707	0.3630	0.8427	0.0090	0.6486	35.9474	0.3142	716.0000	189.0000	0.2640	731.0000
145	0.3953	0.4665	0.3571	0.8354	0.0085	0.6384	36.0000	0.3181	671.0000	182.0000	0.2712	693.0000
146	0.3869	0.4635	0.3393	0.8578	0.0090	0.6145	36.2632	0.3521	633.0000	180.0000	0.2844	651.0000
147	0.3853	0.4661	0.3496	0.8445	0.0083	0.6365	36.0526	0.3245	689.0000	180.0000	0.2612	709.0000
148	0.4103	0.4721	0.3546	0.8510	0.0093	0.6514	36.0526	0.3086	706.0000	175.0000	0.2479	725.0000
149	0.3840	0.4668	0.3456	0.8497	0.0084	0.6318	35.8947	0.3305	662.0000	183.0000	0.2764	686.0000
150	0.4000	0.4709	0.3624	0.8497	0.0099	0.6246	35.9474	0.3340	701.0000	192.0000	0.2739	716.0000
151	0.4146	0.4665	0.3522	0.8530	0.0084	0.6414	36.2105	0.3236	688.0000	182.0000	0.2645	704.0000
152	0.3714	0.4684	0.3477	0.8525	0.0086	0.6289	36.1053	0.3270	681.0000	189.0000	0.2775	692.0000
153	0.3777	0.4635	0.3460	0.8482	0.0077	0.6373	36.4211	0.3206	682.0000	191.0000	0.2801	699.0000
154	0.3890	0.4691	0.3660	0.8361	0.0089	0.6272	35.9474	0.3330	727.0000	200.0000	0.2751	744.0000
155	0.3875	0.4642	0.3474	0.8421	0.0086	0.6213	35.9474	0.3461	686.0000	193.0000	0.2813	702.0000
156	0.4008	0.4642	0.3520	0.8342	0.0083	0.6253	36.2632	0.3305	672.0000	186.0000	0.2768	692.0000
157	0.3679	0.4679	0.3493	0.8520	0.0091	0.6192	35.9474	0.3420	646.0000	185.0000	0.2864	654.0000
158	0.4104	0.4691	0.3571	0.8425	0.0085	0.6532	36.3158	0.3164	679.0000	182.0000	0.2680	700.0000
159	0.4176	0.4677	0.3463	0.8437	0.0088	0.6432	36.2632	0.3168	659.0000	187.0000	0.2838	669.0000
160	0.4054	0.4661	0.3547	0.8567	0.0088	0.6653	35.8421	0.2880	690.0000	163.0000	0.2362	703.0000
161	0.3714	0.4628	0.3506	0.8358	0.0082	0.6342	36.1053	0.3264	673.0000	184.0000	0.2734	688.0000
162	0.4125	0.4749	0.3572	0.8442	0.0085	0.6569	36.1053	0.3060	725.0000	193.0000	0.2662	746.0000
163	0.3755	0.4705	0.3530	0.8476	0.0088	0.6203	36.3684	0.3419	720.0000	195.0000	0.2708	735.0000
164	0.3894	0.4658	0.3509	0.8402	0.0087	0.6438	36.1053	0.3172	645.0000	179.0000	0.2775	660.0000
165	0.3695	0.4670	0.3453	0.8460	0.0089	0.6035	35.6842	0.3633	675.0000	194.0000	0.2874	687.0000
166	0.3718	0.4723	0.3471	0.8503	0.0087	0.6384	36.3158	0.3274	631.0000	179.0000	0.2837	642.0000
167	0.4151	0.4693	0.3560	0.8494	0.0089	0.6396	36.0000	0.3170	736.0000	186.0000	0.2527	757.0000
168	0.3898	0.4726	0.3611	0.8279	0.0089	0.6566	35.8421	0.3069	736.0000	183.0000	0.2486	754.0000
169	0.3961	0.4719	0.3502	0.8270	0.0091	0.6122	36.0000	0.3477	687.0000	202.0000	0.2940	708.0000
170	0.4133	0.4735	0.3504	0.8399	0.0094	0.6541	36.3158	0.3030	700.0000	172.0000	0.2457	714.0000
171	0.4096	0.4716	0.3595	0.8581	0.0091	0.6457	36.0526	0.3185	673.0000	184.0000	0.2734	686.0000
172	0.3839	0.4698	0.3627	0.8457	0.0084	0.6184	36.2632	0.3407	695.0000	198.0000	0.2849	715.0000
173	0.3993	0.4656	0.3564	0.8378	0.0085	0.6416	36.0000	0.3144	684.0000	182.0000	0.2661	700.0000
174	0.4177	0.4742	0.3592	0.8520	0.0097	0.6586	36.0000	0.3134	665.0000	176.0000	0.2647	682.0000
175	0.3862	0.4656	0.3570	0.8449	0.0089	0.6295	35.7895	0.3310	675.0000	185.0000	0.2741	691.0000
176	0.3728	0.4698	0.3601	0.8564	0.0088	0.6414	36.1053	0.3251	687.0000	183.0000	0.2664	706.0000
177	0.4173	0.4668	0.3456	0.8533	0.0084	0.6408	35.8947	0.3108	670.0000	180.0000	0.2687	685.0000
178	0.4032	0.4679	0.3536	0.8398	0.0090	0.6359	36.4211	0.3237	678.0000	183.0000	0.2699	694.0000
179	0.4115	0.4686	0.3640	0.8492	0.0087	0.6425	36.1579	0.3207	706.0000	185.0000	0.2620	714.0000
180	0.3816	0.4637	0.3423	0.8401	0.0081	0.6130	35.6316	0.3390	690.0000	197.0000	0.2855	712.0000
181	0.4154	0.4698	0.3517	0.8453	0.0092	0.6502	36.1579	0.3105	669.0000	180.0000	0.2691	686.0000
182	0.3838	0.4693	0.3503	0.8416	0.0090	0.6251	35.9474	0.3281	671.0000	189.0000	0.2817	685.0000
183	0.3939	0.4730	0.3597	0.8435	0.0091	0.6360	35.7895	0.3174	711.0000	189.0000	0.2658	729.0000
184	0.4102	0.4693	0.3533	0.8368	0.0089	0.6417	35.8947	0.3112	683.0000	188.0000	0.2753	698.0000
185	0.4013	0.4693	0.3528	0.8582	0.0089	0.6480	36.1053	0.3081	687.0000	189.0000	0.2751	703.0000
186	0.3876	0.4684	0.3548	0.8432	0.0087	0.6366	36.2105	0.3341	698.0000	186.0000	0.2665	711.0000
187	0.3840	0.4716	0.3426	0.8199	0.0089	0.6337	36.1579	0.3111	705.0000	198.0000	0.2809	725.0000
188	0.3989	0.4630	0.3483	0.8496	0.0082	0.6204	36.2105	0.3441	664.0000	186.0000	0.2801	683.0000
189	0.3977	0.4684	0.3504	0.8432	0.0088	0.6287	35.7368	0.3341	670.0000	191.0000	0.2851	689.0000
190	0.3955	0.4695	0.3629	0.8629	0.0085	0.6443	36.2632	0.3131	693.0000	181.0000	0.2612	708.0000
191	0.3878	0.4695	0.3493	0.8533	0.0089	0.6216	36.0526	0.3382	715.0000	197.0000	0.2755	734.0000
192	0.4191	0.4689	0.3477	0.8371	0.0088	0.6443	36.0000	0.3197	670.0000	191.0000	0.2851	689.0000
193	0.3893	0.4726	0.3538	0.8507	0.0088	0.6367	36.1579	0.3272	675.0000	189.0000	0.2800	696.0000
194	0.3962	0.4728	0.3597	0.8488	0.0095	0.6357	36.0000	0.3252	670.0000	188.0000	0.2806	682.0000
195	0.4225	0.4702	0.3614	0.8380	0.0090	0.6351	36.3158	0.3314	707.0000	200.0000	0.2829	721.0000
196	0.3737	0.4700	0.3462	0.8477	0.0087	0.6316	36.0526	0.3312	692.0000	183.0000	0.2645	711.0000
197	0.3908	0.4661	0.3392	0.8509	0.0086	0.6435	36.2105	0.3196	668.0000	174.0000	0.2605	688.0000
198	0.3735	0.4702	0.3567	0.8456	0.0092	0.6140	36.0000	0.3453	716.0000	201.0000	0.2807	732.0000
199	0.4186	0.4677	0.3504	0.8518	0.0091	0.6244	36.3158	0.3391	663.0000	179.0000	0.2700	676.0000
200	0.3920	0.4665	0.3469	0.8605	0.0086	0.6310	35.8947	0.3200	698.0000	181.0000	0.2593	722.0000
201	0.4088	0.4698	0.3536	0.8455	0.0084	0.6271	36.3684	0.3300	715.0000	190.0000	0.2657	731.0000
202	0.3998	0.4684	0.3541	0.8385	0.0089	0.6287	36.0526	0.3215	693.0000	191.0000	0.2756	712.0000
203	0.3893	0.4654	0.3526	0.8645	0.0088	0.6290	36.2632	0.3387	682.0000	181.0000	0.2654	704.0000
204	0.3546	0.4679	0.3485	0.8564	0.0082	0.6200	35.8947	0.3372	663.0000	185.0000	0.2790	678.0000
205	0.4066	0.4665	0.3563	0.8394	0.0087	0.6375	36.0000	0.3214	679.0000	182.0000	0.2680	698.0000
206	0.3862	0.4709	0.3555	0.8437	0.0086	0.6170	35.8421	0.3324	666.0000	185.0000	0.2778	684.0000
207	0.3724	0.4672	0.3489	0.8446	0.0093	0.6270	35.8421	0.3305	702.0000	194.0000	0.2764	721.0000
208	0.3829	0.4723	0.3665	0.8368	0.0093	0.6185	35.7895	0.3421	703.0000	204.0000	0.2902	722.0000
209	0.3859	0.4712	0.3530	0.8399	0.0087	0.6465	35.8421	0.3117	689.0000	189.0000	0.2743	709.0000
210	0.3708	0.4716	0.3563	0.8363	0.0093	0.6178	36.1579	0.3371	677.0000	187.0000	0.2762	693.0000
211	0.4029	0.4700	0.3520	0.8462	0.0089	0.6373	36.1053	0.3209	672.0000	177.0000	0.2634	692.0000
212	0.3821	0.4705	0.3535	0.8459	0.0086	0.6222	35.9474	0.3385	688.0000	195.0000	0.2834	706.0000
213	0.4041	0.4628	0.3560	0.8378	0.0083	0.6373	35.7895	0.3172	672.0000	183.0000	0.2723	697.0000
214	0.3919	0.4630	0.3379	0.8435	0.0082	0.6232	36.1579	0.3353	662.0000	190.0000	0.2870	678.0000
215	0.4182	0.4677	0.3451	0.8371	0.0085	0.6426	36.3158	0.3111	667.0000	182.0000	0.2729	687.0000
216	0.3788	0.4656	0.3484	0.8480	0.0084	0.6144	36.2105	0.3491	694.0000	198.0000	0.2853	713.0000
217	0.4045	0.4658	0.3575	0.8479	0.0091	0.6394	35.8421	0.3230	676.0000	184.0000	0.2722	690.0000
218	0.3890	0.4740	0.3489	0.8435	0.0090	0.6240	36.2632	0.3480	702.0000	197.0000	0.2806	720.0000
219	0.4206	0.4747	0.3652	0.8520	0.0088	0.6434	36.0526	0.3116	693.0000	190.0000	0.2742	706.0000
220	0.4023	0.4689	0.3537	0.8465	0.0090	0.6553	35.8947	0.3063	678.0000	178.0000	0.2625	694.0000
221	0.4015	0.4707	0.3488	0.8438	0.0092	0.6252	35.7368	0.3364	673.0000	186.0000	0.2764	685.0000
222	0.4230	0.4698	0.3575	0.8773	0.0091	0.6630	35.7895	0.3085	684.0000	174.0000	0.2544	701.0000
223	0.4053	0.4656	0.3560	0.8424	0.0081	0.6427	36.3684	0.3151	709.0000	186.0000	0.2623	722.0000
224	0.4119	0.4747	0.3537	0.8405	0.0089	0.6516	35.9474	0.3116	710.0000	185.0000	0.2606	729.0000
225	0.3985	0.4716	0.3558	0.8399	0.0092	0.6327	36.3158	0.3193	724.0000	205.0000	0.2831	734.0000
226	0.3919	0.4663	0.3420	0.8422	0.0090	0.6484	36.0000	0.3116	678.0000	174.0000	0.2566	690.0000
227	0.4098	0.4705	0.3608	0.8540	0.0095	0.6391	35.6842	0.3219	659.0000	190.0000	0.2883	676.0000
228	0.3897	0.4695	0.3623	0.8403	0.0088	0.6303	36.1053	0.3272	704.0000	195.0000	0.2770	724.0000
229	0.3964	0.4665	0.3486	0.8427	0.0084	0.6305	36.0000	0.3315	671.0000	182.0000	0.2712	690.0000
230	0.3922	0.4640	0.3513	0.8380	0.0090	0.6368	35.8421	0.3244	683.0000	181.0000	0.2650	701.0000
231	0.3956	0.4665	0.3479	0.8494	0.0085	0.6173	35.8947	0.3399	694.0000	195.0000	0.2810	711.0000
232	0.3681	0.4707	0.3539	0.8378	0.0091	0.6131	36.2632	0.3401	683.0000	196.0000	0.2870	703.0000
233	0.3863	0.4663	0.3444	0.8533	0.0087	0.6397	35.8421	0.3256	700.0000	192.0000	0.2743	714.0000
234	0.3871	0.4689	0.3461	0.8436	0.0086	0.6272	36.2632	0.3227	706.0000	196.0000	0.2776	727.0000
235	0.3926	0.4686	0.3546	0.8390	0.0089	0.6194	36.1579	0.3335	674.0000	199.0000	0.2953	695.0000
236	0.3846	0.4686	0.3552	0.8418	0.0087	0.6472	35.9474	0.3111	677.0000	182.0000	0.2688	697.0000
237	0.3754	0.4719	0.3640	0.8527	0.0089	0.6186	36.2105	0.3356	684.0000	200.0000	0.2924	702.0000
238	0.4054	0.4716	0.3590	0.8473	0.0087	0.6421	36.1053	0.3127	721.0000	188.0000	0.2607	739.0000
239	0.3865	0.4726	0.3510	0.8383	0.0086	0.6466	36.0526	0.3173	732.0000	181.0000	0.2473	753.0000
240	0.3821	0.4682	0.3554	0.8460	0.0083	0.6344	36.0526	0.3288	720.0000	187.0000	0.2597	744.0000
241	0.3745	0.4665	0.3608	0.8490	0.0085	0.6399	35.9474	0.3155	691.0000	177.0000	0.2562	711.0000
242	0.3740	0.4663	0.3417	0.8586	0.0081	0.6284	36.0526	0.3433	669.0000	181.0000	0.2706	694.0000
243	0.4019	0.4698	0.3419	0.8413	0.0089	0.6348	35.8421	0.3277	686.0000	182.0000	0.2653	706.0000
244	0.3855	0.4705	0.3564	0.8520	0.0089	0.6349	36.0526	0.3355	668.0000	186.0000	0.2784	685.0000
245	0.4097	0.4661	0.3482	0.8421	0.0083	0.6467	35.9474	0.3127	686.0000	183.0000	0.2668	709.0000
246	0.3723	0.4672	0.3476	0.8427	0.0086	0.6119	35.8947	0.3466	669.0000	189.0000	0.2825	685.0000
247	0.3872	0.4684	0.3489	0.8567	0.0087	0.6332	36.0000	0.3348	688.0000	189.0000	0.2747	707.0000
248	0.3835	0.4668	0.3586	0.8375	0.0088	0.6353	36.2105	0.3277	671.0000	195.0000	0.2906	682.0000
249	0.4115	0.4719	0.3550	0.8579	0.0091	0.6485	36.0526	0.3104	676.0000	181.0000	0.2678	691.0000
250	0.4106	0.4663	0.3481	0.8374	0.0084	0.6336	36.3158	0.3157	698.0000	186.0000	0.2665	716.0000
251	0.3710	0.4654	0.3556	0.8384	0.0085	0.6267	36.2105	0.3414	702.0000	192.0000	0.2735	728.0000
252	0.3997	0.4695	0.3484	0.8492	0.0089	0.6351	35.9474	0.3296	675.0000	186.0000	0.2756	690.0000
253	0.3782	0.4693	0.3462	0.8590	0.0084	0.6230	36.0526	0.3416	683.0000	180.0000	0.2635	702.0000
254	0.3960	0.4663	0.3420	0.8440	0.0093	0.6180	35.9474	0.3550	632.0000	183.0000	0.2896	648.0000
255	0.4024	0.4644	0.3530	0.8587	0.0084	0.6459	36.3158	0.3191	655.0000	173.0000	0.2641	673.0000
256	0.3598	0.4665	0.3504	0.8472	0.0081	0.6305	36.1579	0.3389	681.0000	184.0000	0.2702	696.0000
257	0.3997	0.4682	0.3586	0.8427	0.0093	0.6323	36.3158	0.3284	665.0000	185.0000	0.2782	679.0000
258	0.3896	0.4621	0.3479	0.8517	0.0076	0.6425	35.9474	0.3167	673.0000	172.0000	0.2556	697.0000
259	0.3828	0.4598	0.3358	0.8545	0.0078	0.6476	36.1579	0.3141	687.0000	182.0000	0.2649	707.0000
260	0.3861	0.4726	0.3612	0.8450	0.0090	0.6390	36.2105	0.3229	695.0000	194.0000	0.2791	716.0000
261	0.3823	0.4744	0.3531	0.8288	0.0088	0.6349	35.7895	0.3213	688.0000	195.0000	0.2834	707.0000
262	0.3995	0.4693	0.3495	0.8423	0.0090	0.6331	35.8421	0.3227	684.0000	189.0000	0.2763	699.0000
263	0.3862	0.4695	0.3625	0.8449	0.0088	0.6092	36.1579	0.3450	686.0000	197.0000	0.2872	706.0000
264	0.3887	0.4719	0.3596	0.8476	0.0087	0.6478	36.0526	0.3168	721.0000	187.0000	0.2594	740.0000
265	0.3817	0.4721	0.3592	0.8414	0.0093	0.6397	36.2105	0.3188	712.0000	192.0000	0.2697	722.0000
266	0.3801	0.4623	0.3493	0.8381	0.0080	0.6347	36.1579	0.3274	706.0000	186.0000	0.2635	731.0000
267	0.4007	0.4656	0.3307	0.8533	0.0085	0.6294	36.0526	0.3317	655.0000	181.0000	0.2763	679.0000
268	0.3770	0.4691	0.3493	0.8367	0.0088	0.6337	35.8421	0.3341	690.0000	191.0000	0.2768	703.0000
269	0.4244	0.4689	0.3471	0.8496	0.0093	0.6538	36.2632	0.3052	659.0000	174.0000	0.2640	674.0000
270	0.3938	0.4672	0.3464	0.8469	0.0085	0.6352	36.1579	0.3234	679.0000	182.0000	0.2680	695.0000
271	0.3887	0.4661	0.3395	0.8387	0.0078	0.6325	36.1579	0.3197	705.0000	187.0000	0.2652	719.0000
272	0.3582	0.4642	0.3357	0.8439	0.0076	0.6336	35.9474	0.3299	697.0000	183.0000	0.2626	716.0000
273	0.3974	0.4684	0.3531	0.8406	0.0083	0.6287	35.8421	0.3264	670.0000	191.0000	0.2851	686.0000
274	0.3872	0.4651	0.3409	0.8273	0.0079	0.6331	36.1053	0.3166	672.0000	185.0000	0.2753	694.0000
275	0.3935	0.4661	0.3457	0.8416	0.0082	0.6440	35.8947	0.3183	695.0000	197.0000	0.2835	708.0000
276	0.4227	0.4719	0.3634	0.8425	0.0092	0.6381	36.3158	0.3197	690.0000	183.0000	0.2652	700.0000
277	0.3888	0.4656	0.3516	0.8417	0.0079	0.6550	35.8947	0.3018	697.0000	179.0000	0.2568	714.0000
278	0.4147	0.4712	0.3663	0.8409	0.0091	0.6459	36.1579	0.3190	711.0000	183.0000	0.2574	733.0000
279	0.3892	0.4644	0.3521	0.8587	0.0091	0.6264	36.1579	0.3387	707.0000	181.0000	0.2560	729.0000
280	0.4010	0.4644	0.3412	0.8401	0.0081	0.6548	36.2105	0.2972	691.0000	177.0000	0.2562	701.0000
281	0.3845	0.4702	0.3507	0.8468	0.0087	0.6366	36.2632	0.3252	672.0000	187.0000	0.2783	688.0000
282	0.4088	0.4737	0.3676	0.8463	0.0093	0.6382	35.8947	0.3142	707.0000	192.0000	0.2716	722.0000
283	0.3977	0.4707	0.3470	0.8378	0.0089	0.6438	36.0526	0.3243	670.0000	190.0000	0.2836	684.0000
284	0.4040	0.4684	0.3560	0.8435	0.0091	0.6466	36.2632	0.3079	675.0000	174.0000	0.2578	696.0000
285	0.3832	0.4689	0.3612	0.8399	0.0088	0.6149	36.0526	0.3458	699.0000	197.0000	0.2818	719.0000
286	0.4140	0.4691	0.3530	0.8673	0.0090	0.6436	36.1053	0.3102	673.0000	182.0000	0.2704	688.0000
287	0.3894	0.4675	0.3533	0.8394	0.0086	0.6360	36.1053	0.3254	704.0000	181.0000	0.2571	715.0000
288	0.4044	0.4630	0.3482	0.8445	0.0081	0.6365	36.0526	0.3264	690.0000	176.0000	0.2551	705.0000
289	0.3914	0.4640	0.3477	0.8460	0.0084	0.6342	36.0526	0.3372	704.0000	188.0000	0.2670	715.0000
290	0.4012	0.4721	0.3639	0.8415	0.0092	0.6566	35.7368	0.3000	691.0000	184.0000	0.2663	704.0000
291	0.3963	0.4675	0.3545	0.8378	0.0089	0.6268	36.2105	0.3404	670.0000	195.0000	0.2910	687.0000
292	0.3932	0.4668	0.3492	0.8411	0.0086	0.6264	35.8421	0.3297	722.0000	190.0000	0.2632	733.0000
293	0.4122	0.4658	0.3457	0.8457	0.0088	0.6610	35.7368	0.2964	681.0000	175.0000	0.2570	698.0000
294	0.3735	0.4682	0.3479	0.8337	0.0086	0.6318	36.0000	0.3304	682.0000	182.0000	0.2669	705.0000
295	0.3967	0.4677	0.3567	0.8384	0.0086	0.6371	36.1579	0.3268	683.0000	185.0000	0.2709	701.0000
296	0.3968	0.4623	0.3374	0.8587	0.0080	0.6260	35.9474	0.3274	696.0000	183.0000	0.2629	720.0000
297	0.3721	0.4663	0.3403	0.8433	0.0087	0.6312	36.4737	0.3346	706.0000	188.0000	0.2663	733.0000
298	0.3769	0.4672	0.3460	0.8545	0.0087	0.6323	36.2105	0.3300	682.0000	179.0000	0.2625	700.0000
299	0.3800	0.4642	0.3446	0.8531	0.0084	0.6124	36.1053	0.3454	700.0000	187.0000	0.2671	721.0000
300	0.4095	0.4623	0.3457	0.8432	0.0086	0.6275	35.9474	0.3331	676.0000	192.0000	0.2840	692.0000
301	0.4001	0.4654	0.3402	0.8498	0.0084	0.6481	35.9474	0.3091	704.0000	182.0000	0.2585	724.0000
302	0.3860	0.4735	0.3524	0.8316	0.0086	0.6268	35.8421	0.3345	727.0000	195.0000	0.2682	749.0000
303	0.3908	0.4712	0.3528	0.8264	0.0095	0.6172	36.0000	0.3487	664.0000	195.0000	0.2937	682.0000
304	0.4033	0.4761	0.3631	0.8306	0.0088	0.6377	36.4211	0.3176	694.0000	197.0000	0.2839	714.0000
305	0.4032	0.4684	0.3512	0.8325	0.0082	0.6382	35.8421	0.3175	694.0000	187.0000	0.2695	719.0000
306	0.4043	0.4723	0.3570	0.8451	0.0090	0.6467	36.0000	0.3152	694.0000	186.0000	0.2680	716.0000
307	0.3537	0.4665	0.3447	0.8444	0.0085	0.6148	36.1053	0.3403	688.0000	192.0000	0.2791	702.0000
308	0.3915	0.4649	0.3495	0.8397	0.0087	0.6293	36.0000	0.3361	693.0000	193.0000	0.2785	714.0000
309	0.4128	0.4698	0.3566	0.8481	0.0085	0.6537	35.8421	0.3048	691.0000	170.0000	0.2460	718.0000
310	0.4234	0.4742	0.3481	0.8419	0.0090	0.6360	36.1579	0.3314	697.0000	195.0000	0.2798	710.0000
311	0.4013	0.4630	0.3520	0.8415	0.0080	0.6427	36.2105	0.3067	680.0000	177.0000	0.2603	704.0000
312	0.3635	0.4698	0.3510	0.8376	0.0095	0.6164	36.1053	0.3484	654.0000	192.0000	0.2936	668.0000
313	0.4072	0.4723	0.3561	0.8424	0.0088	0.6293	36.3158	0.3352	732.0000	197.0000	0.2691	756.0000
314	0.4099	0.4714	0.3550	0.8490	0.0093	0.6199	36.0526	0.3411	676.0000	192.0000	0.2840	691.0000
315	0.3868	0.4647	0.3521	0.8454	0.0083	0.6159	35.7895	0.3477	692.0000	184.0000	0.2659	718.0000
316	0.4017	0.4709	0.3517	0.8441	0.0091	0.6254	36.1053	0.3384	667.0000	188.0000	0.2819	680.0000
317	0.3819	0.4693	0.3508	0.8387	0.0086	0.6341	35.9474	0.3193	687.0000	181.0000	0.2635	704.0000
318	0.3841	0.4679	0.3511	0.8452	0.0087	0.6335	36.1053	0.3244	697.0000	188.0000	0.2697	715.0000
319	0.3686	0.4684	0.3559	0.8360	0.0087	0.6269	36.0526	0.3313	671.0000	183.0000	0.2727	686.0000
320	0.3956	0.4742	0.3630	0.8477	0.0091	0.6420	36.0526	0.3217	697.0000	197.0000	0.2826	716.0000
321	0.4203	0.4689	0.3507	0.8366	0.0087	0.6564	36.1579	0.3023	679.0000	172.0000	0.2533	697.0000
322	0.4003	0.4661	0.3512	0.8417	0.0082	0.6331	36.2632	0.3267	661.0000	179.0000	0.2708	677.0000
323	0.3777	0.4700	0.3571	0.8385	0.0088	0.6273	36.3684	0.3334	714.0000	192.0000	0.2689	736.0000
324	0.4235	0.4695	0.3537	0.8318	0.0090	0.6677	36.4211	0.2922	700.0000	181.0000	0.2586	716.0000
325	0.3856	0.4675	0.3505	0.8383	0.0083	0.6470	36.0000	0.3029	713.0000	184.0000	0.2581	738.0000
326	0.4185	0.4684	0.3480	0.8442	0.0088	0.6498	36.2632	0.3048	712.0000	178.0000	0.2500	720.0000
327	0.4034	0.4742	0.3607	0.8511	0.0091	0.6433	35.8947	0.3175	707.0000	190.0000	0.2687	727.0000
328	0.4020	0.4693	0.3593	0.8397	0.0087	0.6343	36.3158	0.3236	697.0000	193.0000	0.2769	716.0000
329	0.3902	0.4705	0.3546	0.8506	0.0088	0.6407	36.0526	0.3209	683.0000	179.0000	0.2621	699.0000
330	0.4183	0.4621	0.3345	0.8429	0.0089	0.6329	35.8947	0.3281	670.0000	182.0000	0.2716	689.0000
331	0.3691	0.4684	0.3512	0.8415	0.0090	0.6386	35.9474	0.3185	678.0000	181.0000	0.2670	697.0000
332	0.3893	0.4670	0.3384	0.8509	0.0084	0.6255	36.0000	0.3265	666.0000	185.0000	0.2778	680.0000
333	0.4032	0.4705	0.3581	0.8383	0.0091	0.6450	35.8947	0.3170	717.0000	192.0000	0.2678	738.0000
334	0.4064	0.4656	0.3421	0.8409	0.0082	0.6479	36.2105	0.3142	675.0000	172.0000	0.2548	687.0000
335	0.3853	0.4670	0.3569	0.8416	0.0086	0.6431	35.8947	0.3197	665.0000	183.0000	0.2752	681.0000
336	0.3835	0.4695	0.3508	0.8425	0.0085	0.6275	36.1053	0.3366	663.0000	181.0000	0.2730	682.0000
337	0.3972	0.4677	0.3496	0.8465	0.0090	0.6280	36.0000	0.3368	689.0000	185.0000	0.2685	705.0000
338	0.4045	0.4665	0.3501	0.8488	0.0085	0.6525	36.0526	0.3057	699.0000	178.0000	0.2546	724.0000
339	0.4156	0.4691	0.3497	0.8546	0.0087	0.6472	35.9474	0.3193	661.0000	176.0000	0.2663	680.0000
340	0.4255	0.4679	0.3457	0.8599	0.0087	0.6601	36.0000	0.3031	684.0000	173.0000	0.2529	692.0000
341	0.3906	0.4663	0.3470	0.8419	0.0084	0.6232	36.0000	0.3351	645.0000	182.0000	0.2822	657.0000
342	0.3989	0.4723	0.3507	0.8441	0.0090	0.6254	36.0526	0.3270	663.0000	195.0000	0.2941	679.0000
343	0.3791	0.4675	0.3543	0.8381	0.0085	0.5987	36.1579	0.3689	674.0000	195.0000	0.2893	687.0000
344	0.3825	0.4712	0.3582	0.8551	0.0092	0.6238	36.4211	0.3306	696.0000	189.0000	0.2716	707.0000
345	0.3734	0.4698	0.3496	0.8467	0.0094	0.6022	35.8947	0.3609	669.0000	193.0000	0.2885	688.0000
346	0.3863	0.4651	0.3471	0.8507	0.0089	0.6090	36.1053	0.3497	685.0000	193.0000	0.2818	698.0000
347	0.3776	0.4689	0.3504	0.8478	0.0090	0.6335	36.0000	0.3341	726.0000	185.0000	0.2548	740.0000
348	0.3934	0.4668	0.3580	0.8391	0.0085	0.6312	36.4211	0.3200	704.0000	189.0000	0.2685	727.0000
349	0.3960	0.4654	0.3446	0.8592	0.0088	0.6307	36.1053	0.3356	656.0000	180.0000	0.2744	668.0000
350	0.3901	0.4714	0.3490	0.8423	0.0082	0.6392	36.0526	0.3281	698.0000	188.0000	0.2693	719.0000
351	0.3817	0.4642	0.3424	0.8575	0.0088	0.6128	35.7895	0.3418	656.0000	185.0000	0.2820	671.0000
352	0.3947	0.4698	0.3581	0.8526	0.0088	0.6474	35.6842	0.3151	724.0000	190.0000	0.2624	744.0000
353	0.3724	0.4698	0.3585	0.8585	0.0087	0.6420	36.2105	0.3170	712.0000	187.0000	0.2626	728.0000
354	0.3866	0.4628	0.3437	0.8458	0.0081	0.6530	36.2105	0.3049	673.0000	174.0000	0.2585	700.0000
355	0.3927	0.4637	0.3502	0.8564	0.0087	0.6356	36.0000	0.3263	662.0000	184.0000	0.2779	683.0000
356	0.4010	0.4714	0.3641	0.8537	0.0087	0.6587	35.9474	0.2989	719.0000	185.0000	0.2573	738.0000
357	0.3927	0.4668	0.3428	0.8488	0.0086	0.6471	36.0526	0.3172	674.0000	172.0000	0.2552	686.0000
358	0.4137	0.4733	0.3627	0.8489	0.0086	0.6415	36.1579	0.3177	698.0000	194.0000	0.2779	713.0000
359	0.3763	0.4758	0.3612	0.8438	0.0089	0.6326	35.7895	0.3158	705.0000	186.0000	0.2638	722.0000
360	0.3972	0.4668	0.3379	0.8436	0.0091	0.6354	36.0000	0.3214	652.0000	178.0000	0.2730	669.0000
361	0.3953	0.4684	0.3477	0.8517	0.0090	0.6325	36.0526	0.3386	671.0000	182.0000	0.2712	680.0000
362	0.3964	0.4656	0.3581	0.8549	0.0088	0.6421	36.1579	0.3208	676.0000	171.0000	0.2530	690.0000
363	0.4109	0.4733	0.3630	0.8506	0.0092	0.6441	36.1579	0.3229	704.0000	183.0000	0.2599	730.0000
364	0.3898	0.4716	0.3523	0.8389	0.0089	0.6331	35.7895	0.3239	702.0000	196.0000	0.2792	722.0000
365	0.3819	0.4651	0.3505	0.8492	0.0086	0.6248	35.8947	0.3423	691.0000	187.0000	0.2706	714.0000
366	0.4074	0.4712	0.3403	0.8423	0.0089	0.6390	36.0000	0.3169	700.0000	183.0000	0.2614	714.0000
367	0.4000	0.4716	0.3594	0.8364	0.0092	0.6495	36.1579	0.3203	711.0000	187.0000	0.2630	726.0000
368	0.3971	0.4709	0.3510	0.8455	0.0083	0.6535	35.8421	0.3120	711.0000	185.0000	0.2602	734.0000
369	0.3776	0.4670	0.3546	0.8352	0.0078	0.6470	35.5263	0.3096	703.0000	183.0000	0.2603	729.0000
370	0.3875	0.4649	0.3472	0.8503	0.0088	0.6329	36.0000	0.3362	682.0000	181.0000	0.2654	697.0000
371	0.3874	0.4721	0.3480	0.8376	0.0088	0.6295	36.0526	0.3337	715.0000	191.0000	0.2671	734.0000
372	0.3707	0.4675	0.3527	0.8386	0.0086	0.6174	36.0000	0.3514	687.0000	198.0000	0.2882	709.0000
373	0.3937	0.4682	0.3476	0.8492	0.0088	0.6460	36.3158	0.3168	691.0000	183.0000	0.2648	705.0000
374	0.3890	0.4654	0.3489	0.8430	0.0086	0.6242	36.0000	0.3311	671.0000	185.0000	0.2757	692.0000
375	0.3805	0.4668	0.3479	0.8529	0.0087	0.6311	35.8947	0.3346	679.0000	185.0000	0.2725	694.0000
376	0.3731	0.4654	0.3548	0.8427	0.0082	0.6423	36.0000	0.3211	701.0000	183.0000	0.2611	723.0000
377	0.3743	0.4651	0.3526	0.8401	0.0089	0.6288	36.0526	0.3357	691.0000	189.0000	0.2735	707.0000
378	0.3743	0.4654	0.3386	0.8384	0.0085	0.6322	35.9474	0.3345	670.0000	189.0000	0.2821	685.0000
379	0.4017	0.4665	0.3481	0.8485	0.0085	0.6126	36.1053	0.3533	672.0000	194.0000	0.2887	688.0000
380	0.3772	0.4686	0.3520	0.8527	0.0089	0.6146	36.1579	0.3362	684.0000	188.0000	0.2749	699.0000
381	0.4201	0.4651	0.3475	0.8287	0.0087	0.6465	36.1053	0.3178	690.0000	189.0000	0.2739	714.0000
382	0.3871	0.4663	0.3417	0.8371	0.0089	0.6221	36.0526	0.3397	697.0000	189.0000	0.2712	716.0000
383	0.3735	0.4686	0.3578	0.8470	0.0082	0.6377	35.7895	0.3266	718.0000	195.0000	0.2716	742.0000
384	0.4167	0.4637	0.3489	0.8287	0.0086	0.6414	36.1579	0.3197	673.0000	184.0000	0.2734	685.0000
385	0.3863	0.4647	0.3451	0.8568	0.0082	0.6265	36.1053	0.3324	693.0000	181.0000	0.2612	715.0000
386	0.3895	0.4670	0.3527	0.8519	0.0094	0.6446	36.1053	0.3082	668.0000	176.0000	0.2635	685.0000
387	0.3949	0.4719	0.3541	0.8487	0.0089	0.6320	36.1053	0.3293	697.0000	193.0000	0.2769	721.0000
388	0.3782	0.4644	0.3467	0.8546	0.0079	0.6182	36.1579	0.3397	710.0000	193.0000	0.2718	726.0000
389	0.4084	0.4693	0.3541	0.8429	0.0088	0.6433	35.9474	0.3146	699.0000	186.0000	0.2661	716.0000
390	0.3843	0.4719	0.3439	0.8352	0.0090	0.6386	36.2105	0.3288	678.0000	175.0000	0.2581	692.0000
391	0.4227	0.4712	0.3596	0.8378	0.0090	0.6553	36.1579	0.2928	709.0000	178.0000	0.2511	730.0000
392	0.3925	0.4679	0.3398	0.8552	0.0089	0.6281	36.1579	0.3222	701.0000	184.0000	0.2625	722.0000
393	0.3981	0.4705	0.3502	0.8509	0.0087	0.6509	36.2632	0.3082	694.0000	182.0000	0.2622	712.0000
394	0.3993	0.4658	0.3489	0.8385	0.0091	0.6186	35.9474	0.3285	656.0000	186.0000	0.2835	672.0000
395	0.4085	0.4640	0.3443	0.8510	0.0087	0.6384	35.8421	0.3249	663.0000	179.0000	0.2700	682.0000
396	0.3774	0.4721	0.3532	0.8508	0.0088	0.6269	36.2632	0.3417	706.0000	193.0000	0.2734	722.0000
397	0.3884	0.4672	0.3519	0.8435	0.0087	0.6391	36.1053	0.3185	665.0000	178.0000	0.2677	679.0000
398	0.3801	0.4663	0.3448	0.8370	0.0081	0.6139	36.2632	0.3323	687.0000	195.0000	0.2838	701.0000
399	0.4062	0.4658	0.3516	0.8397	0.0083	0.6435	35.9474	0.3282	696.0000	185.0000	0.2658	715.0000
400	0.3834	0.4691	0.3463	0.8453	0.0083	0.6427	36.1579	0.3188	660.0000	178.0000	0.2697	679.0000
401	0.4052	0.4716	0.3542	0.8414	0.0090	0.6425	36.0000	0.3283	676.0000	191.0000	0.2825	691.0000
402	0.3922	0.4670	0.3474	0.8400	0.0086	0.6178	36.1053	0.3298	724.0000	193.0000	0.2666	746.0000
403	0.4025	0.4700	0.3583	0.8522	0.0081	0.6426	36.2632	0.3215	739.0000	190.0000	0.2571	761.0000
404	0.4153	0.4728	0.3517	0.8306	0.0092	0.6471	36.0000	0.3144	694.0000	181.0000	0.2608	706.0000
405	0.3853	0.4672	0.3406	0.8227	0.0084	0.6228	36.1053	0.3214	717.0000	194.0000	0.2706	734.0000
406	0.3881	0.4677	0.3538	0.8475	0.0089	0.6024	36.3158	0.3618	665.0000	193.0000	0.2902	680.0000
407	0.4091	0.4719	0.3537	0.8464	0.0095	0.6534	36.1579	0.3007	688.0000	180.0000	0.2616	701.0000
408	0.4025	0.4698	0.3573	0.8474	0.0087	0.6670	36.0526	0.2887	695.0000	185.0000	0.2662	711.0000
409	0.3836	0.4658	0.3609	0.8513	0.0086	0.6295	36.0526	0.3424	685.0000	189.0000	0.2759	709.0000
410	0.3618	0.4630	0.3423	0.8472	0.0084	0.6113	36.3684	0.3584	686.0000	189.0000	0.2755	705.0000
411	0.3956	0.4633	0.3520	0.8431	0.0083	0.6480	36.1579	0.3160	660.0000	169.0000	0.2561	675.0000
412	0.4057	0.4672	0.3441	0.8542	0.0085	0.6273	36.1053	0.3363	657.0000	190.0000	0.2892	675.0000
413	0.3992	0.4726	0.3500	0.8340	0.0086	0.6386	36.1579	0.3106	691.0000	193.0000	0.2793	714.0000
414	0.4125	0.4702	0.3565	0.8354	0.0088	0.6537	35.8947	0.3143	704.0000	185.0000	0.2628	721.0000
415	0.3935	0.4695	0.3541	0.8440	0.0084	0.6427	36.0526	0.3181	699.0000	187.0000	0.2675	714.0000
416	0.4260	0.4679	0.3458	0.8650	0.0090	0.6541	35.7368	0.3055	656.0000	168.0000	0.2561	666.0000
417	0.3842	0.4661	0.3482	0.8475	0.0087	0.6321	36.1579	0.3321	678.0000	182.0000	0.2684	693.0000
418	0.3896	0.4677	0.3561	0.8546	0.0085	0.6168	36.0000	0.3464	674.0000	196.0000	0.2908	697.0000
419	0.3936	0.4654	0.3490	0.8431	0.0084	0.6178	35.7895	0.3390	683.0000	190.0000	0.2782	702.0000
420	0.3961	0.4665	0.3535	0.8434	0.0090	0.6379	36.2105	0.3267	676.0000	183.0000	0.2707	691.0000
421	0.3910	0.4672	0.3495	0.8440	0.0086	0.6354	36.0000	0.3351	697.0000	177.0000	0.2539	710.0000
422	0.3862	0.4730	0.3566	0.8364	0.0084	0.6301	36.1579	0.3180	707.0000	198.0000	0.2801	721.0000
423	0.3898	0.4642	0.3498	0.8568	0.0082	0.6373	36.3684	0.3197	657.0000	176.0000	0.2679	670.0000
424	0.3884	0.4686	0.3509	0.8380	0.0088	0.6249	35.9474	0.3528	649.0000	189.0000	0.2912	671.0000
425	0.3991	0.4642	0.3488	0.8577	0.0083	0.6545	35.8947	0.3006	667.0000	172.0000	0.2579	688.0000
426	0.3936	0.4700	0.3548	0.8468	0.0089	0.6396	36.2632	0.3131	695.0000	177.0000	0.2547	714.0000
427	0.4032	0.4647	0.3456	0.8459	0.0081	0.6173	35.8947	0.3309	681.0000	196.0000	0.2878	697.0000
428	0.3975	0.4677	0.3505	0.8444	0.0081	0.6277	36.2105	0.3323	695.0000	182.0000	0.2619	720.0000
429	0.3922	0.4747	0.3666	0.8464	0.0091	0.6691	36.0526	0.2943	725.0000	188.0000	0.2593	740.0000
430	0.3965	0.4716	0.3586	0.8418	0.0088	0.6241	35.8421	0.3375	716.0000	201.0000	0.2807	737.0000
431	0.3943	0.4656	0.3547	0.8605	0.0085	0.6264	35.8947	0.3369	697.0000	191.0000	0.2740	713.0000
432	0.4247	0.4691	0.3581	0.8453	0.0093	0.6521	35.8421	0.3001	640.0000	173.0000	0.2703	660.0000
433	0.3909	0.4686	0.3504	0.8399	0.0086	0.6381	35.9474	0.3215	701.0000	187.0000	0.2668	720.0000
434	0.3926	0.4712	0.3619	0.8465	0.0088	0.6583	36.1053	0.2925	738.0000	182.0000	0.2466	757.0000
435	0.4133	0.4723	0.3526	0.8516	0.0088	0.6585	35.7895	0.2949	713.0000	182.0000	0.2553	728.0000
436	0.3864	0.4675	0.3530	0.8448	0.0084	0.6448	35.9474	0.3149	698.0000	179.0000	0.2564	717.0000
437	0.3842	0.4651	0.3519	0.8433	0.0081	0.6233	36.1579	0.3351	686.0000	192.0000	0.2799	701.0000
438	0.3992	0.4686	0.3439	0.8469	0.0088	0.6377	36.2105	0.3268	681.0000	180.0000	0.2643	696.0000
439	0.3782	0.4684	0.3519	0.8632	0.0090	0.6332	35.9474	0.3354	648.0000	186.0000	0.2870	663.0000
440	0.4103	0.4640	0.3445	0.8373	0.0085	0.6357	35.7895	0.3351	687.0000	187.0000	0.2722	706.0000
441	0.3860	0.4712	0.3544	0.8296	0.0090	0.6491	36.0526	0.3105	698.0000	182.0000	0.2607	713.0000
442	0.4039	0.4700	0.3532	0.8418	0.0089	0.6612	36.1579	0.3054	695.0000	179.0000	0.2576	706.0000
443	0.3899	0.4642	0.3493	0.8502	0.0082	0.6440	35.6842	0.3210	680.0000	181.0000	0.2662	695.0000
444	0.3797	0.4665	0.3557	0.8428	0.0088	0.6271	36.2632	0.3307	648.0000	182.0000	0.2809	666.0000
445	0.4053	0.4716	0.3643	0.8538	0.0091	0.6537	36.0000	0.3075	734.0000	184.0000	0.2507	752.0000
446	0.3864	0.4733	0.3583	0.8472	0.0089	0.6492	36.2105	0.3032	703.0000	180.0000	0.2560	729.0000
447	0.4061	0.4693	0.3559	0.8398	0.0086	0.6350	36.3158	0.3235	703.0000	190.0000	0.2703	722.0000
448	0.3972	0.4651	0.3534	0.8341	0.0083	0.6229	36.2105	0.3276	693.0000	192.0000	0.2771	712.0000
449	0.4161	0.4702	0.3513	0.8488	0.0088	0.6481	35.8421	0.3073	692.0000	177.0000	0.2558	708.0000
450	0.3889	0.4682	0.3476	0.8380	0.0091	0.6103	36.2105	0.3507	699.0000	203.0000	0.2904	715.0000
451	0.4096	0.4691	0.3539	0.8430	0.0086	0.6428	36.3158	0.3130	692.0000	185.0000	0.2673	712.0000
452	0.3893	0.4684	0.3508	0.8611	0.0088	0.6498	35.8421	0.3205	706.0000	181.0000	0.2564	724.0000
453	0.4118	0.4635	0.3536	0.8574	0.0084	0.6423	35.9474	0.3176	642.0000	172.0000	0.2679	657.0000
454	0.4033	0.4682	0.3457	0.8639	0.0088	0.6440	35.8421	0.3144	685.0000	173.0000	0.2526	702.0000
455	0.4065	0.4684	0.3490	0.8475	0.0095	0.6378	35.7368	0.3217	679.0000	184.0000	0.2710	689.0000
456	0.4227	0.4695	0.3640	0.8529	0.0094	0.6521	36.2632	0.3113	693.0000	174.0000	0.2511	704.0000
457	0.3958	0.4647	0.3440	0.8439	0.0085	0.6082	35.8947	0.3627	669.0000	199.0000	0.2975	694.0000
458	0.4043	0.4675	0.3537	0.8451	0.0091	0.6360	36.1579	0.3252	674.0000	183.0000	0.2715	691.0000
459	0.4015	0.4730	0.3532	0.8513	0.0088	0.6341	35.7895	0.3242	721.0000	186.0000	0.2580	741.0000
460	0.3821	0.4712	0.3522	0.8314	0.0092	0.6371	36.2632	0.3289	682.0000	186.0000	0.2727	691.0000
461	0.3766	0.4647	0.3471	0.8601	0.0082	0.6305	36.3158	0.3231	696.0000	184.0000	0.2644	716.0000
462	0.4103	0.4728	0.3587	0.8431	0.0096	0.6412	36.1579	0.3163	682.0000	187.0000	0.2742	696.0000
463	0.3719	0.4628	0.3526	0.8338	0.0083	0.6342	35.9474	0.3239	680.0000	183.0000	0.2691	701.0000
464	0.4001	0.4712	0.3600	0.8459	0.0089	0.6608	36.1579	0.3025	702.0000	188.0000	0.2678	712.0000
465	0.3747	0.4663	0.3539	0.8458	0.0085	0.6249	35.8421	0.3349	671.0000	188.0000	0.2802	689.0000
466	0.4159	0.4654	0.3567	0.8548	0.0088	0.6563	36.0000	0.3078	704.0000	175.0000	0.2486	728.0000
467	0.3793	0.4616	0.3371	0.8540	0.0083	0.6232	35.8947	0.3393	647.0000	185.0000	0.2859	663.0000
468	0.3789	0.4656	0.3570	0.8430	0.0086	0.6227	36.0526	0.3405	682.0000	189.0000	0.2771	703.0000
469	0.4092	0.4689	0.3529	0.8368	0.0091	0.6529	36.0526	0.3081	688.0000	182.0000	0.2645	701.0000
470	0.4012	0.4677	0.3477	0.8463	0.0084	0.6538	36.3158	0.2999	690.0000	178.0000	0.2580	708.0000
471	0.4086	0.4658	0.3554	0.8648	0.0084	0.6381	36.0000	0.3230	653.0000	174.0000	0.2665	676.0000
472	0.3684	0.4656	0.3422	0.8420	0.0083	0.6184	35.9474	0.3453	677.0000	190.0000	0.2806	701.0000
473	0.3974	0.4656	0.3427	0.8414	0.0085	0.6294	36.1579	0.3239	660.0000	180.0000	0.2727	673.0000
474	0.3870	0.4709	0.3590	0.8211	0.0101	0.6237	35.7368	0.3366	701.0000	195.0000	0.2782	713.0000
475	0.3970	0.4693	0.3601	0.8401	0.0091	0.6250	35.6316	0.3359	692.0000	193.0000	0.2789	706.0000
476	0.4247	0.4677	0.3556	0.8383	0.0088	0.6517	36.1053	0.3026	731.0000	185.0000	0.2531	754.0000
477	0.3939	0.4658	0.3459	0.8643	0.0085	0.6216	36.4211	0.3456	671.0000	187.0000	0.2787	691.0000
478	0.4141	0.4728	0.3586	0.8460	0.0089	0.6441	36.0526	0.3111	676.0000	180.0000	0.2663	691.0000
479	0.3956	0.4682	0.3537	0.8602	0.0088	0.6300	36.3158	0.3357	684.0000	179.0000	0.2617	701.0000
480	0.3965	0.4709	0.3555	0.8507	0.0090	0.6332	36.1579	0.3254	710.0000	183.0000	0.2577	725.0000
481	0.3937	0.4635	0.3471	0.8427	0.0082	0.6452	36.0526	0.3090	702.0000	185.0000	0.2635	714.0000
482	0.4016	0.4721	0.3568	0.8494	0.0088	0.6349	36.1053	0.3231	685.0000	188.0000	0.2745	704.0000
483	0.3921	0.4689	0.3536	0.8450	0.0084	0.6612	36.1579	0.2968	709.0000	178.0000	0.2511	738.0000
484	0.4192	0.4698	0.3569	0.8525	0.0095	0.6404	36.5789	0.3232	666.0000	180.0000	0.2703	680.0000
485	0.3956	0.4679	0.3515	0.8398	0.0093	0.6228	36.2632	0.3330	685.0000	192.0000	0.2803	710.0000
486	0.3982	0.4726	0.3591	0.8476	0.0091	0.6461	36.0526	0.3170	682.0000	179.0000	0.2625	704.0000
487	0.3885	0.4682	0.3476	0.8517	0.0085	0.6291	36.0526	0.3336	663.0000	183.0000	0.2760	681.0000
488	0.4143	0.4672	0.3483	0.8577	0.0084	0.6441	35.8421	0.3127	689.0000	184.0000	0.2671	709.0000
489	0.3734	0.4679	0.3574	0.8539	0.0081	0.6374	35.8421	0.3159	711.0000	183.0000	0.2574	724.0000
490	0.4274	0.4689	0.3423	0.8599	0.0095	0.6376	36.0526	0.3273	652.0000	175.0000	0.2684	665.0000
491	0.4104	0.4698	0.3638	0.8464	0.0090	0.6384	35.9474	0.3276	651.0000	178.0000	0.2734	672.0000
492	0.3801	0.4698	0.3567	0.8422	0.0085	0.6474	35.8947	0.3129	666.0000	177.0000	0.2658	686.0000
493	0.4061	0.4740	0.3620	0.8520	0.0095	0.6605	36.2632	0.2949	710.0000	184.0000	0.2592	727.0000
494	0.4063	0.4686	0.3534	0.8516	0.0088	0.6352	36.0000	0.3212	646.0000	178.0000	0.2755	663.0000
495	0.4054	0.4679	0.3643	0.8346	0.0083	0.6347	36.1053	0.3192	719.0000	189.0000	0.2629	738.0000
496	0.3889	0.4691	0.3574	0.8652	0.0092	0.6348	36.1579	0.3291	677.0000	177.0000	0.2614	696.0000
497	0.4282	0.4684	0.3542	0.8490	0.0089	0.6356	35.8947	0.3235	667.0000	179.0000	0.2684	693.0000
498	0.3813	0.4712	0.3677	0.8411	0.0091	0.6293	36.1053	0.3342	713.0000	193.0000	0.2707	730.0000
499	0.4107	0.4668	0.3459	0.8631	0.0087	0.6461	36.0000	0.3211	664.0000	169.0000	0.2545	680.0000
500	0.3984	0.4742	0.3584	0.8394	0.0092	0.6445	36.2105	0.3158	722.0000	201.0000	0.2784	731.0000
501	0.4314	0.4675	0.3520	0.8358	0.0084	0.6590	35.8947	0.3046	681.0000	180.0000	0.2643	701.0000
502	0.4014	0.4707	0.3641	0.8327	0.0094	0.6328	35.7895	0.3210	687.0000	189.0000	0.2751	707.0000
503	0.4177	0.4700	0.3653	0.8439	0.0090	0.6435	36.0526	0.3248	719.0000	195.0000	0.2712	734.0000
504	0.4023	0.4640	0.3514	0.8464	0.0089	0.6331	35.8421	0.3265	687.0000	180.0000	0.2620	704.0000
505	0.4006	0.4675	0.3601	0.8457	0.0084	0.6261	35.7368	0.3366	687.0000	189.0000	0.2751	703.0000
506	0.4140	0.4735	0.3559	0.8452	0.0092	0.6564	35.9474	0.3049	675.0000	183.0000	0.2711	687.0000
507	0.4138	0.4651	0.3590	0.8462	0.0095	0.6413	36.0526	0.3124	651.0000	180.0000	0.2765	662.0000
508	0.3916	0.4670	0.3461	0.8312	0.0086	0.6197	35.9474	0.3418	661.0000	192.0000	0.2905	682.0000
509	0.4080	0.4686	0.3624	0.8583	0.0085	0.6358	35.9474	0.3305	718.0000	188.0000	0.2618	729.0000
510	0.3986	0.4647	0.3536	0.8477	0.0088	0.6347	36.0000	0.3281	652.0000	184.0000	0.2822	664.0000
511	0.4241	0.4682	0.3492	0.8513	0.0085	0.6440	36.1053	0.3125	683.0000	178.0000	0.2606	703.0000
512	0.4437	0.4716	0.3665	0.8348	0.0094	0.6627	36.1579	0.2889	706.0000	182.0000	0.2578	725.0000
513	0.4145	0.4663	0.3458	0.8538	0.0086	0.6629	35.9474	0.2977	666.0000	172.0000	0.2583	685.0000
514	0.3907	0.4716	0.3422	0.8545	0.0093	0.6288	36.1579	0.3351	655.0000	187.0000	0.2855	669.0000
515	0.3841	0.4712	0.3639	0.8501	0.0088	0.6427	36.1053	0.3212	684.0000	184.0000	0.2690	703.0000
516	0.4026	0.4651	0.3526	0.8369	0.0085	0.6356	36.0526	0.3298	694.0000	191.0000	0.2752	713.0000
517	0.3951	0.4658	0.3430	0.8520	0.0083	0.6228	36.2105	0.3332	691.0000	191.0000	0.2764	711.0000
518	0.3954	0.4714	0.3602	0.8372	0.0086	0.6497	36.1053	0.3088	731.0000	189.0000	0.2585	748.0000
519	0.3697	0.4700	0.3490	0.8376	0.0083	0.6148	36.2632	0.3427	715.0000	202.0000	0.2825	727.0000
520	0.4093	0.4682	0.3475	0.8423	0.0089	0.6432	35.9474	0.3214	662.0000	181.0000	0.2734	681.0000
521	0.4136	0.4668	0.3509	0.8514	0.0084	0.6349	35.7368	0.3307	680.0000	188.0000	0.2765	705.0000
522	0.3886	0.4675	0.3490	0.8635	0.0086	0.6465	36.0526	0.3132	680.0000	178.0000	0.2618	701.0000
523	0.4134	0.4733	0.3617	0.8461	0.0092	0.6488	36.1579	0.3155	693.0000	180.0000	0.2597	712.0000
524	0.4083	0.4691	0.3518	0.8278	0.0084	0.6406	35.8421	0.3199	691.0000	190.0000	0.2750	713.0000
525	0.3895	0.4740	0.3619	0.8325	0.0090	0.6410	36.0526	0.3211	713.0000	192.0000	0.2693	738.0000
526	0.3780	0.4661	0.3450	0.8477	0.0083	0.6320	35.8947	0.3381	681.0000	189.0000	0.2775	698.0000
527	0.4036	0.4677	0.3541	0.8459	0.0090	0.6343	35.8947	0.3332	693.0000	189.0000	0.2727	705.0000
528	0.3930	0.4714	0.3652	0.8503	0.0096	0.6287	36.1579	0.3400	676.0000	180.0000	0.2663	692.0000
529	0.4330	0.4726	0.3707	0.8355	0.0091	0.6737	35.7895	0.2840	725.0000	183.0000	0.2524	738.0000
530	0.3760	0.4658	0.3493	0.8387	0.0081	0.6545	36.1053	0.3114	685.0000	174.0000	0.2540	704.0000
531	0.4142	0.4707	0.3582	0.8470	0.0095	0.6608	36.0526	0.3015	686.0000	175.0000	0.2551	704.0000
532	0.4099	0.4672	0.3515	0.8509	0.0093	0.6378	36.0000	0.3229	688.0000	177.0000	0.2573	704.0000
533	0.4109	0.4698	0.3603	0.8447	0.0088	0.6558	36.1053	0.3043	684.0000	182.0000	0.2661	705.0000
534	0.3861	0.4675	0.3531	0.8451	0.0088	0.6312	36.0526	0.3286	678.0000	188.0000	0.2773	699.0000
535	0.4191	0.4633	0.3512	0.8487	0.0081	0.6599	36.1053	0.3026	685.0000	168.0000	0.2453	703.0000
536	0.4013	0.4679	0.3504	0.8572	0.0089	0.6632	35.9474	0.2940	692.0000	167.0000	0.2413	708.0000
537	0.4070	0.4635	0.3417	0.8703	0.0087	0.6531	36.2105	0.3220	677.0000	165.0000	0.2437	698.0000
538	0.4046	0.4730	0.3493	0.8352	0.0093	0.6317	36.0526	0.3260	710.0000	187.0000	0.2634	729.0000
539	0.3827	0.4665	0.3582	0.8481	0.0083	0.6482	35.8947	0.3178	700.0000	184.0000	0.2629	720.0000
540	0.3861	0.4689	0.3495	0.8518	0.0086	0.6474	36.0526	0.3153	671.0000	181.0000	0.2697	683.0000
541	0.3690	0.4684	0.3624	0.8494	0.0084	0.6225	36.3158	0.3407	708.0000	195.0000	0.2754	731.0000
542	0.4340	0.4691	0.3515	0.8364	0.0086	0.6458	36.0000	0.3045	689.0000	183.0000	0.2656	710.0000
543	0.4274	0.4684	0.3560	0.8331	0.0087	0.6743	35.6842	0.2869	699.0000	172.0000	0.2461	716.0000
544	0.3975	0.4702	0.3636	0.8435	0.0089	0.6395	36.0000	0.3228	729.0000	188.0000	0.2579	748.0000
545	0.4056	0.4707	0.3494	0.8510	0.0091	0.6397	36.3684	0.3147	701.0000	183.0000	0.2611	718.0000
546	0.4071	0.4647	0.3361	0.8476	0.0082	0.6459	36.0526	0.3064	680.0000	175.0000	0.2574	689.0000
547	0.3703	0.4605	0.3406	0.8498	0.0076	0.6273	35.9474	0.3384	678.0000	184.0000	0.2714	704.0000
548	0.4072	0.4623	0.3491	0.8601	0.0084	0.6354	36.4211	0.3251	697.0000	178.0000	0.2554	715.0000
549	0.3888	0.4684	0.3509	0.8490	0.0088	0.6234	36.1053	0.3307	665.0000	184.0000	0.2767	685.0000
550	0.3880	0.4716	0.3594	0.8412	0.0091	0.6496	35.8421	0.3221	713.0000	180.0000	0.2525	726.0000
551	0.3970	0.4691	0.3562	0.8539	0.0092	0.6459	36.2105	0.3159	700.0000	180.0000	0.2571	709.0000
552	0.4145	0.4675	0.3526	0.8583	0.0086	0.6324	36.2632	0.3228	688.0000	182.0000	0.2645	706.0000
553	0.3867	0.4642	0.3474	0.8524	0.0083	0.6342	36.0000	0.3297	694.0000	184.0000	0.2651	716.0000
554	0.4216	0.4751	0.3685	0.8333	0.0091	0.6524	35.9474	0.3082	709.0000	185.0000	0.2609	726.0000
555	0.3892	0.4661	0.3501	0.8526	0.0083	0.6386	36.1053	0.3165	704.0000	180.0000	0.2557	728.0000
556	0.4069	0.4668	0.3519	0.8326	0.0090	0.6434	35.7895	0.3224	708.0000	194.0000	0.2740	722.0000
557	0.3737	0.4637	0.3374	0.8458	0.0083	0.6183	36.1579	0.3442	696.0000	193.0000	0.2773	712.0000
558	0.4107	0.4682	0.3507	0.8537	0.0088	0.6395	35.7368	0.3214	669.0000	182.0000	0.2720	685.0000
559	0.3950	0.4716	0.3484	0.8450	0.0098	0.6286	35.7895	0.3310	696.0000	188.0000	0.2701	708.0000
560	0.3831	0.4698	0.3577	0.8401	0.0092	0.6331	36.2632	0.3332	701.0000	189.0000	0.2696	716.0000
561	0.4067	0.4712	0.3511	0.8499	0.0094	0.6266	35.8947	0.3225	689.0000	189.0000	0.2743	701.0000
562	0.3892	0.4677	0.3446	0.8449	0.0094	0.6291	36.2105	0.3395	688.0000	189.0000	0.2747	702.0000
563	0.3916	0.4716	0.3628	0.8446	0.0093	0.6308	36.0526	0.3308	694.0000	190.0000	0.2738	708.0000
564	0.3868	0.4686	0.3489	0.8423	0.0086	0.6477	36.0000	0.3133	713.0000	190.0000	0.2665	726.0000
565	0.3622	0.4656	0.3490	0.8458	0.0087	0.6185	35.6316	0.3387	724.0000	193.0000	0.2666	736.0000
566	0.4008	0.4693	0.3557	0.8430	0.0089	0.6448	36.0526	0.3202	708.0000	187.0000	0.2641	731.0000
567	0.3885	0.4654	0.3553	0.8477	0.0090	0.6374	36.4211	0.3332	674.0000	180.0000	0.2671	681.0000
568	0.3987	0.4654	0.3532	0.8518	0.0086	0.6239	36.0526	0.3391	683.0000	182.0000	0.2665	709.0000
569	0.4285	0.4665	0.3465	0.8481	0.0087	0.6549	36.0526	0.3019	684.0000	184.0000	0.2690	706.0000
570	0.3985	0.4700	0.3519	0.8392	0.0090	0.6401	36.2105	0.3110	665.0000	183.0000	0.2752	680.0000
571	0.3664	0.4707	0.3493	0.8243	0.0090	0.6234	36.0526	0.3302	709.0000	190.0000	0.2680	730.0000
572	0.4158	0.4677	0.3564	0.8432	0.0087	0.6427	36.2632	0.3045	720.0000	186.0000	0.2583	742.0000
573	0.4003	0.4695	0.3652	0.8335	0.0090	0.6534	35.8947	0.3154	732.0000	185.0000	0.2527	746.0000
574	0.3834	0.4675	0.3441	0.8513	0.0081	0.6414	36.3158	0.3203	677.0000	179.0000	0.2644	703.0000
575	0.3999	0.4649	0.3493	0.8527	0.0087	0.6225	35.8947	0.3346	677.0000	185.0000	0.2733	698.0000
576	0.3862	0.4712	0.3569	0.8427	0.0088	0.6494	35.7895	0.3120	697.0000	186.0000	0.2669	718.0000
577	0.4002	0.4637	0.3427	0.8461	0.0088	0.6373	36.1579	0.3164	664.0000	177.0000	0.2666	677.0000
578	0.4236	0.4723	0.3581	0.8456	0.0092	0.6570	36.0526	0.2971	697.0000	179.0000	0.2568	719.0000
579	0.3943	0.4649	0.3489	0.8566	0.0085	0.6391	36.1579	0.3209	678.0000	177.0000	0.2611	695.0000
580	0.3912	0.4723	0.3573	0.8365	0.0089	0.6415	35.9474	0.3178	717.0000	195.0000	0.2720	738.0000
581	0.3754	0.4656	0.3442	0.8566	0.0082	0.6219	36.0000	0.3392	682.0000	189.0000	0.2771	697.0000
582	0.3960	0.4712	0.3554	0.8520	0.0088	0.6428	36.2632	0.3126	701.0000	182.0000	0.2596	723.0000
583	0.3880	0.4714	0.3544	0.8524	0.0087	0.6334	35.7368	0.3309	677.0000	194.0000	0.2866	695.0000
584	0.4178	0.4663	0.3491	0.8373	0.0089	0.6514	36.2105	0.3105	693.0000	179.0000	0.2583	710.0000
585	0.4106	0.4682	0.3495	0.8552	0.0086	0.6394	35.8947	0.3196	675.0000	186.0000	0.2756	696.0000
586	0.4056	0.4693	0.3546	0.8394	0.0090	0.6500	36.0000	0.3253	694.0000	186.0000	0.2680	704.0000
587	0.3892	0.4705	0.3544	0.8477	0.0087	0.6439	36.0526	0.3255	715.0000	192.0000	0.2685	736.0000
588	0.3707	0.4665	0.3445	0.8363	0.0084	0.6216	36.1053	0.3401	668.0000	187.0000	0.2799	683.0000
589	0.3975	0.4658	0.3457	0.8497	0.0089	0.6371	36.1053	0.3229	701.0000	186.0000	0.2653	722.0000
590	0.3954	0.4712	0.3562	0.8360	0.0084	0.6461	35.8421	0.3213	685.0000	189.0000	0.2759	705.0000
591	0.4021	0.4707	0.3533	0.8431	0.0087	0.6454	36.0526	0.3145	705.0000	185.0000	0.2624	729.0000
592	0.3845	0.4721	0.3547	0.8384	0.0094	0.6209	36.1053	0.3341	693.0000	194.0000	0.2799	710.0000
593	0.3967	0.4705	0.3599	0.8404	0.0091	0.6455	35.7895	0.3127	702.0000	184.0000	0.2621	712.0000
594	0.4110	0.4686	0.3498	0.8452	0.0089	0.6347	36.0000	0.3237	662.0000	187.0000	0.2825	677.0000
595	0.3755	0.4714	0.3563	0.8578	0.0094	0.6022	36.2105	0.3559	674.0000	204.0000	0.3027	687.0000
596	0.3935	0.4716	0.3478	0.8362	0.0091	0.6357	36.2105	0.3165	670.0000	188.0000	0.2806	684.0000
597	0.3947	0.4661	0.3579	0.8388	0.0090	0.6267	36.0000	0.3217	687.0000	185.0000	0.2693	710.0000
598	0.3912	0.4651	0.3512	0.8589	0.0086	0.6374	35.9474	0.3282	701.0000	180.0000	0.2568	718.0000
599	0.3750	0.4707	0.3519	0.8526	0.0088	0.6451	35.9474	0.3150	678.0000	184.0000	0.2714	696.0000
600	0.3933	0.4675	0.3458	0.8443	0.0090	0.6305	36.1053	0.3200	698.0000	190.0000	0.2722	709.0000
601	0.4193	0.4709	0.3427	0.8473	0.0095	0.6395	36.1579	0.3159	687.0000	188.0000	0.2737	697.0000
602	0.4038	0.4705	0.3567	0.8423	0.0089	0.6363	35.8947	0.3128	732.0000	185.0000	0.2527	744.0000
603	0.3948	0.4700	0.3510	0.8304	0.0088	0.6398	36.1579	0.3099	725.0000	191.0000	0.2634	746.0000
604	0.3991	0.4682	0.3531	0.8391	0.0086	0.6398	35.9474	0.3182	702.0000	191.0000	0.2721	727.0000
605	0.3966	0.4700	0.3530	0.8445	0.0086	0.6307	36.0526	0.3314	661.0000	181.0000	0.2738	680.0000
606	0.3975	0.4709	0.3586	0.8375	0.0087	0.6499	36.3158	0.3112	713.0000	184.0000	0.2581	732.0000
607	0.4028	0.4716	0.3522	0.8384	0.0091	0.6434	35.8421	0.3235	734.0000	196.0000	0.2670	746.0000
608	0.4186	0.4691	0.3529	0.8410	0.0090	0.6424	36.0526	0.3186	705.0000	184.0000	0.2610	721.0000
609	0.3875	0.4684	0.3553	0.8454	0.0081	0.6425	36.1579	0.3149	694.0000	186.0000	0.2680	711.0000
610	0.3795	0.4679	0.3648	0.8489	0.0085	0.6369	36.0526	0.3279	698.0000	195.0000	0.2794	719.0000
611	0.4095	0.4714	0.3629	0.8427	0.0090	0.6542	36.1053	0.3124	711.0000	188.0000	0.2644	728.0000
612	0.4024	0.4712	0.3629	0.8472	0.0093	0.6427	35.6842	0.3115	690.0000	185.0000	0.2681	713.0000
613	0.3831	0.4719	0.3583	0.8440	0.0085	0.6171	35.9474	0.3439	707.0000	204.0000	0.2885	731.0000
614	0.4044	0.4640	0.3359	0.8517	0.0081	0.6545	35.7368	0.3016	682.0000	168.0000	0.2463	702.0000
615	0.3885	0.4647	0.3449	0.8446	0.0087	0.6360	36.0000	0.3294	628.0000	177.0000	0.2818	647.0000
616	0.3805	0.4658	0.3439	0.8403	0.0080	0.6377	36.0000	0.3178	674.0000	179.0000	0.2656	693.0000
617	0.3978	0.4700	0.3577	0.8408	0.0093	0.6451	35.7895	0.3172	726.0000	186.0000	0.2562	743.0000
618	0.3871	0.4728	0.3539	0.8474	0.0089	0.6142	36.5263	0.3600	727.0000	203.0000	0.2792	741.0000
619	0.3862	0.4637	0.3460	0.8448	0.0086	0.6233	35.7368	0.3362	703.0000	187.0000	0.2660	726.0000
620	0.4104	0.4695	0.3572	0.8434	0.0087	0.6427	36.0000	0.3154	663.0000	181.0000	0.2730	677.0000
621	0.3848	0.4675	0.3542	0.8375	0.0086	0.6298	35.9474	0.3377	688.0000	190.0000	0.2762	703.0000
622	0.3787	0.4702	0.3452	0.8460	0.0088	0.6308	36.0000	0.3398	671.0000	182.0000	0.2712	687.0000
623	0.4185	0.4698	0.3516	0.8395	0.0088	0.6403	36.1053	0.3162	694.0000	181.0000	0.2608	717.0000
624	0.3941	0.4668	0.3406	0.8463	0.0088	0.6326	36.2105	0.3343	667.0000	186.0000	0.2789	687.0000
625	0.3977	0.4661	0.3438	0.8415	0.0087	0.6301	36.1579	0.3246	667.0000	185.0000	0.2774	689.0000
626	0.3874	0.4689	0.3455	0.8434	0.0082	0.6295	36.0000	0.3226	688.0000	186.0000	0.2703	708.0000
627	0.4121	0.4630	0.3433	0.8533	0.0085	0.6450	36.3158	0.3208	655.0000	171.0000	0.2611	667.0000
628	0.3789	0.4730	0.3532	0.8276	0.0090	0.6241	36.2105	0.3409	691.0000	194.0000	0.2808	707.0000
629	0.3606	0.4668	0.3520	0.8374	0.0090	0.6360	36.2632	0.3298	661.0000	182.0000	0.2753	679.0000
630	0.4209	0.4640	0.3526	0.8454	0.0088	0.6317	36.1579	0.3377	653.0000	184.0000	0.2818	670.0000
631	0.3954	0.4682	0.3650	0.8506	0.0091	0.6391	36.1053	0.3212	678.0000	189.0000	0.2788	695.0000
632	0.3764	0.4693	0.3520	0.8511	0.0086	0.6270	36.3684	0.3278	694.0000	189.0000	0.2723	713.0000
633	0.3790	0.4654	0.3485	0.8490	0.0087	0.6302	36.1579	0.3334	701.0000	191.0000	0.2725	711.0000
634	0.4057	0.4735	0.3616	0.8406	0.0086	0.6463	35.8421	0.3094	701.0000	188.0000	0.2682	719.0000
635	0.3704	0.4702	0.3597	0.8415	0.0084	0.6387	35.6316	0.3134	686.0000	193.0000	0.2813	704.0000
636	0.3776	0.4637	0.3487	0.8409	0.0084	0.6230	36.1053	0.3455	667.0000	188.0000	0.2819	680.0000
637	0.4007	0.4672	0.3551	0.8467	0.0089	0.6370	36.3158	0.3163	657.0000	181.0000	0.2755	671.0000
638	0.4020	0.4663	0.3584	0.8336	0.0090	0.6353	35.8947	0.3171	697.0000	188.0000	0.2697	718.0000
639	0.3985	0.4644	0.3546	0.8536	0.0083	0.6450	35.8421	0.3181	678.0000	178.0000	0.2625	695.0000
640	0.3994	0.4647	0.3497	0.8390	0.0084	0.6364	35.9474	0.3237	666.0000	181.0000	0.2718	689.0000
641	0.3814	0.4716	0.3497	0.8442	0.0089	0.6383	36.0000	0.3176	676.0000	187.0000	0.2766	694.0000
642	0.3940	0.4695	0.3530	0.8396	0.0085	0.6234	36.2105	0.3273	710.0000	197.0000	0.2775	732.0000
643	0.4080	0.4716	0.3513	0.8554	0.0090	0.6349	36.1053	0.3125	715.0000	188.0000	0.2629	734.0000
644	0.4004	0.4656	0.3425	0.8556	0.0092	0.6451	36.2105	0.3172	667.0000	175.0000	0.2624	678.0000
645	0.3970	0.4670	0.3557	0.8594	0.0084	0.6378	35.9474	0.3255	671.0000	180.0000	0.2683	690.0000
646	0.3694	0.4682	0.3528	0.8317	0.0081	0.6211	36.1579	0.3443	694.0000	192.0000	0.2767	720.0000
647	0.3920	0.4714	0.3524	0.8368	0.0088	0.6235	35.9474	0.3400	711.0000	195.0000	0.2743	732.0000
648	0.3777	0.4656	0.3461	0.8482	0.0083	0.6343	36.1053	0.3331	669.0000	180.0000	0.2691	684.0000
649	0.4053	0.4719	0.3656	0.8305	0.0087	0.6435	36.1053	0.3072	696.0000	185.0000	0.2658	712.0000
650	0.4028	0.4700	0.3595	0.8421	0.0089	0.6355	36.1053	0.3251	659.0000	187.0000	0.2838	675.0000
651	0.3892	0.4626	0.3423	0.8534	0.0077	0.6255	35.8947	0.3380	689.0000	179.0000	0.2598	712.0000
652	0.3886	0.4665	0.3451	0.8270	0.0086	0.6551	36.2105	0.3026	702.0000	180.0000	0.2564	723.0000
653	0.3895	0.4689	0.3560	0.8394	0.0091	0.6213	36.2105	0.3514	694.0000	195.0000	0.2810	710.0000
654	0.4080	0.4698	0.3589	0.8409	0.0085	0.6422	36.0000	0.3173	704.0000	187.0000	0.2656	717.0000
655	0.3983	0.4740	0.3554	0.8349	0.0096	0.6370	35.9474	0.3278	698.0000	191.0000	0.2736	712.0000
656	0.3852	0.4665	0.3544	0.8397	0.0089	0.6152	36.3158	0.3458	673.0000	198.0000	0.2942	688.0000
657	0.3822	0.4691	0.3540	0.8556	0.0088	0.6130	35.7895	0.3496	665.0000	191.0000	0.2872	686.0000
658	0.3932	0.4679	0.3453	0.8440	0.0085	0.6279	36.0526	0.3363	700.0000	189.0000	0.2700	722.0000
659	0.3962	0.4665	0.3507	0.8596	0.0091	0.6255	35.8947	0.3266	638.0000	175.0000	0.2743	656.0000
660	0.3836	0.4647	0.3537	0.8451	0.0085	0.6355	35.8947	0.3255	669.0000	185.0000	0.2765	680.0000
661	0.3960	0.4682	0.3516	0.8561	0.0084	0.6220	35.9474	0.3388	645.0000	184.0000	0.2853	657.0000
662	0.4032	0.4684	0.3610	0.8422	0.0084	0.6533	36.1579	0.3214	697.0000	182.0000	0.2611	709.0000
663	0.4123	0.4756	0.3584	0.8389	0.0088	0.6458	36.1579	0.3099	705.0000	183.0000	0.2596	720.0000
664	0.3964	0.4672	0.3594	0.8373	0.0084	0.6253	36.1053	0.3372	686.0000	194.0000	0.2828	706.0000
665	0.3788	0.4698	0.3475	0.8409	0.0085	0.6338	35.7895	0.3364	668.0000	186.0000	0.2784	685.0000
666	0.3964	0.4682	0.3626	0.8442	0.0083	0.6342	36.0526	0.3141	703.0000	188.0000	0.2674	728.0000
667	0.4033	0.4691	0.3591	0.8243	0.0088	0.6302	36.0000	0.3224	689.0000	189.0000	0.2743	709.0000
668	0.3815	0.4682	0.3561	0.8430	0.0090	0.6247	35.8947	0.3423	668.0000	188.0000	0.2814	688.0000
669	0.3908	0.4744	0.3582	0.8384	0.0088	0.6303	35.9474	0.3398	738.0000	199.0000	0.2696	755.0000
670	0.4052	0.4686	0.3523	0.8554	0.0086	0.6527	36.2105	0.3093	682.0000	181.0000	0.2654	696.0000
671	0.3926	0.4730	0.3611	0.8495	0.0089	0.6365	36.4211	0.3161	695.0000	191.0000	0.2748	713.0000
672	0.4281	0.4647	0.3352	0.8551	0.0087	0.6388	35.8947	0.3216	647.0000	175.0000	0.2705	666.0000
673	0.4090	0.4709	0.3568	0.8470	0.0086	0.6505	35.9474	0.3010	712.0000	189.0000	0.2654	729.0000
674	0.4261	0.4707	0.3515	0.8489	0.0089	0.6578	36.2632	0.3016	684.0000	176.0000	0.2573	694.0000
675	0.3911	0.4668	0.3451	0.8633	0.0089	0.6356	35.7895	0.3229	681.0000	181.0000	0.2658	697.0000
676	0.4020	0.4675	0.3491	0.8549	0.0088	0.6155	36.0526	0.3388	674.0000	190.0000	0.2819	695.0000
677	0.3899	0.4682	0.3539	0.8395	0.0088	0.6347	36.1053	0.3280	719.0000	201.0000	0.2796	732.0000
678	0.4066	0.4668	0.3569	0.8338	0.0083	0.6425	35.8947	0.3235	689.0000	186.0000	0.2700	706.0000
679	0.4037	0.4698	0.3573	0.8471	0.0089	0.6627	35.9474	0.2952	698.0000	179.0000	0.2564	718.0000
680	0.3840	0.4691	0.3556	0.8514	0.0089	0.6224	36.2632	0.3355	679.0000	184.0000	0.2710	705.0000
681	0.4259	0.4707	0.3440	0.8460	0.0088	0.6700	36.1053	0.2933	685.0000	172.0000	0.2511	697.0000
682	0.4108	0.4682	0.3482	0.8587	0.0092	0.6553	35.8947	0.3071	681.0000	174.0000	0.2555	693.0000
683	0.3836	0.4658	0.3407	0.8445	0.0082	0.6460	35.8421	0.3202	648.0000	178.0000	0.2747	671.0000
684	0.3882	0.4670	0.3398	0.8474	0.0084	0.6251	36.1579	0.3548	692.0000	180.0000	0.2601	709.0000
685	0.4020	0.4672	0.3538	0.8448	0.0089	0.6524	36.1579	0.2946	694.0000	181.0000	0.2608	712.0000
686	0.4157	0.4682	0.3421	0.8538	0.0087	0.6425	35.9474	0.3252	640.0000	181.0000	0.2828	652.0000
687	0.4367	0.4677	0.3463	0.8458	0.0091	0.6491	36.0000	0.3187	674.0000	176.0000	0.2611	687.0000
688	0.3926	0.4705	0.3495	0.8551	0.0086	0.6379	35.7368	0.3242	685.0000	178.0000	0.2599	710.0000
689	0.3858	0.4691	0.3480	0.8545	0.0083	0.6380	36.0526	0.3336	688.0000	192.0000	0.2791	712.0000
690	0.4006	0.4686	0.3528	0.8347	0.0085	0.6319	36.1579	0.3314	686.0000	188.0000	0.2741	706.0000
691	0.4092	0.4721	0.3562	0.8417	0.0087	0.6442	36.2105	0.3173	715.0000	189.0000	0.2643	734.0000
692	0.3862	0.4665	0.3512	0.8497	0.0092	0.6300	36.1579	0.3296	684.0000	191.0000	0.2792	696.0000
693	0.3820	0.4679	0.3473	0.8565	0.0086	0.6352	35.9474	0.3281	670.0000	186.0000	0.2776	689.0000
694	0.4071	0.4665	0.3527	0.8512	0.0087	0.6248	36.3158	0.3368	652.0000	181.0000	0.2776	670.0000
695	0.3738	0.4640	0.3474	0.8383	0.0082	0.6274	36.0526	0.3240	714.0000	193.0000	0.2703	737.0000
696	0.3846	0.4719	0.3579	0.8360	0.0089	0.6317	36.2632	0.3213	718.0000	195.0000	0.2716	733.0000
697	0.3943	0.4730	0.3671	0.8433	0.0092	0.6546	36.1579	0.3042	727.0000	184.0000	0.2531	742.0000
698	0.3997	0.4603	0.3406	0.8478	0.0076	0.6355	36.1053	0.3275	642.0000	172.0000	0.2679	664.0000
699	0.4023	0.4719	0.3570	0.8458	0.0089	0.6503	35.9474	0.3001	684.0000	175.0000	0.2558	702.0000
700	0.3833	0.4623	0.3540	0.8569	0.0089	0.6123	35.8947	0.3507	678.0000	192.0000	0.2832	700.0000
701	0.4005	0.4712	0.3577	0.8520	0.0091	0.6435	36.0526	0.3180	719.0000	186.0000	0.2587	730.0000
702	0.3670	0.4670	0.3478	0.8446	0.0087	0.6163	35.9474	0.3349	693.0000	194.0000	0.2799	713.0000
703	0.3967	0.4684	0.3424	0.8461	0.0086	0.6330	36.3158	0.3179	690.0000	189.0000	0.2739	708.0000
704	0.3871	0.4705	0.3523	0.8436	0.0088	0.6406	36.0526	0.3189	694.0000	184.0000	0.2651	709.0000
705	0.3773	0.4689	0.3526	0.8502	0.0092	0.6233	36.0000	0.3432	673.0000	195.0000	0.2897	679.0000
706	0.4067	0.4658	0.3413	0.8391	0.0084	0.6525	36.1579	0.3082	689.0000	174.0000	0.2525	711.0000
707	0.3833	0.4670	0.3480	0.8616	0.0084	0.6439	36.1053	0.3204	690.0000	178.0000	0.2580	712.0000
708	0.3957	0.4651	0.3534	0.8416	0.0088	0.6264	35.9474	0.3346	675.0000	184.0000	0.2726	685.0000
709	0.3831	0.4698	0.3537	0.8439	0.0091	0.6385	36.1053	0.3181	688.0000	185.0000	0.2689	701.0000
710	0.4023	0.4665	0.3507	0.8494	0.0086	0.6373	36.0000	0.3229	697.0000	184.0000	0.2640	716.0000
711	0.3578	0.4651	0.3506	0.8538	0.0085	0.6152	35.8421	0.3415	673.0000	196.0000	0.2912	695.0000
712	0.4045	0.4670	0.3547	0.8519	0.0086	0.6428	36.1579	0.3147	680.0000	187.0000	0.2750	695.0000
713	0.4093	0.4677	0.3477	0.8453	0.0085	0.6308	35.9474	0.3218	677.0000	191.0000	0.2821	689.0000
714	0.3951	0.4723	0.3565	0.8472	0.0095	0.6302	36.0000	0.3338	665.0000	191.0000	0.2872	682.0000
715	0.3845	0.4630	0.3494	0.8546	0.0081	0.6347	36.0526	0.3279	667.0000	182.0000	0.2729	689.0000
716	0.3579	0.4695	0.3467	0.8458	0.0085	0.6188	35.8947	0.3388	691.0000	188.0000	0.2721	709.0000
717	0.3988	0.4702	0.3627	0.8449	0.0093	0.6283	35.8421	0.3323	716.0000	190.0000	0.2654	740.0000
718	0.3708	0.4668	0.3487	0.8480	0.0084	0.6371	36.0526	0.3108	693.0000	179.0000	0.2583	715.0000
719	0.4071	0.4672	0.3580	0.8345	0.0086	0.6566	36.0000	0.3089	696.0000	185.0000	0.2658	711.0000
720	0.4048	0.4686	0.3471	0.8476	0.0087	0.6424	36.1053	0.3177	667.0000	179.0000	0.2684	687.0000
721	0.4114	0.4698	0.3550	0.8543	0.0089	0.6510	35.7895	0.3190	689.0000	181.0000	0.2627	712.0000
722	0.3604	0.4635	0.3480	0.8521	0.0081	0.6337	35.8421	0.3301	673.0000	178.0000	0.2645	698.0000
723	0.4128	0.4749	0.3561	0.8364	0.0094	0.6459	36.1053	0.3090	691.0000	184.0000	0.2663	703.0000
724	0.3948	0.4663	0.3471	0.8680	0.0089	0.6340	35.8421	0.3306	688.0000	179.0000	0.2602	701.0000
725	0.4154	0.4716	0.3517	0.8483	0.0091	0.6333	36.0526	0.3201	681.0000	185.0000	0.2717	700.0000
726	0.4220	0.4677	0.3561	0.8547	0.0090	0.6549	36.1579	0.3087	665.0000	172.0000	0.2586	679.0000
727	0.3975	0.4682	0.3511	0.8501	0.0093	0.6286	35.8421	0.3252	648.0000	181.0000	0.2793	661.0000
728	0.4039	0.4635	0.3517	0.8445	0.0083	0.6342	35.9474	0.3163	682.0000	185.0000	0.2713	702.0000
729	0.4111	0.4707	0.3557	0.8436	0.0085	0.6538	36.4211	0.3033	702.0000	180.0000	0.2564	724.0000
730	0.3928	0.4698	0.3531	0.8528	0.0089	0.6450	36.2105	0.3145	681.0000	180.0000	0.2643	694.0000
731	0.4016	0.4651	0.3608	0.8467	0.0091	0.6447	35.7368	0.3120	671.0000	179.0000	0.2668	688.0000
732	0.4168	0.4700	0.3563	0.8436	0.0090	0.6348	36.1579	0.3102	695.0000	186.0000	0.2676	712.0000
733	0.3973	0.4628	0.3481	0.8387	0.0084	0.6476	36.2105	0.3169	687.0000	186.0000	0.2707	710.0000
734	0.3816	0.4679	0.3584	0.8376	0.0090	0.6252	36.1053	0.3341	722.0000	192.0000	0.2659	744.0000
735	0.4044	0.4761	0.3549	0.8452	0.0095	0.6484	36.3684	0.3050	692.0000	182.0000	0.2630	709.0000
736	0.4149	0.4686	0.3534	0.8408	0.0090	0.6507	36.1053	0.3099	692.0000	180.0000	0.2601	706.0000
737	0.3686	0.4621	0.3374	0.8494	0.0078	0.6149	36.0000	0.3511	718.0000	197.0000	0.2744	736.0000
738	0.3805	0.4758	0.3530	0.8341	0.0096	0.6403	36.1579	0.3113	711.0000	185.0000	0.2602	724.0000
739	0.3926	0.4682	0.3517	0.8330	0.0088	0.6494	36.0000	0.3212	708.0000	185.0000	0.2613	724.0000
740	0.3754	0.4679	0.3508	0.8428	0.0086	0.6315	35.9474	0.3204	701.0000	185.0000	0.2639	723.0000
741	0.4177	0.4689	0.3517	0.8472	0.0086	0.6478	36.3684	0.3142	700.0000	185.0000	0.2643	720.0000
742	0.4017	0.4640	0.3442	0.8523	0.0084	0.6453	35.8947	0.3176	653.0000	173.0000	0.2649	674.0000
743	0.4077	0.4665	0.3468	0.8544	0.0084	0.6300	36.2632	0.3230	665.0000	185.0000	0.2782	686.0000
744	0.4059	0.4658	0.3592	0.8434	0.0091	0.6294	35.9474	0.3282	679.0000	187.0000	0.2754	699.0000
745	0.4209	0.4716	0.3619	0.8432	0.0097	0.6404	36.0000	0.3293	691.0000	187.0000	0.2706	710.0000
746	0.3884	0.4691	0.3643	0.8597	0.0087	0.6356	36.0526	0.3146	707.0000	188.0000	0.2659	720.0000
747	0.3855	0.4677	0.3498	0.8349	0.0084	0.6341	36.0000	0.3241	716.0000	196.0000	0.2737	735.0000
748	0.3874	0.4668	0.3474	0.8474	0.0084	0.6353	36.1053	0.3305	711.0000	186.0000	0.2616	730.0000
749	0.3774	0.4679	0.3589	0.8481	0.0091	0.6183	36.3684	0.3469	656.0000	191.0000	0.2912	672.0000
750	0.3658	0.4728	0.3609	0.8409	0.0090	0.6255	36.1579	0.3269	701.0000	183.0000	0.2611	716.0000
751	0.4074	0.4726	0.3544	0.8525	0.0096	0.6449	36.1579	0.3093	681.0000	179.0000	0.2628	693.0000
752	0.4021	0.4686	0.3561	0.8475	0.0084	0.6374	36.2632	0.3266	669.0000	184.0000	0.2750	689.0000
753	0.4059	0.4684	0.3558	0.8494	0.0088	0.6545	36.0000	0.3150	680.0000	172.0000	0.2529	701.0000
754	0.3903	0.4651	0.3498	0.8480	0.0083	0.6385	36.2105	0.3168	695.0000	189.0000	0.2719	708.0000
755	0.4035	0.4728	0.3548	0.8525	0.0093	0.6393	35.8947	0.3174	695.0000	185.0000	0.2662	714.0000
756	0.3925	0.4686	0.3429	0.8524	0.0085	0.6225	36.1053	0.3416	660.0000	184.0000	0.2788	681.0000
757	0.3910	0.4658	0.3454	0.8505	0.0088	0.6340	35.9474	0.3274	684.0000	184.0000	0.2690	702.0000
758	0.3847	0.4689	0.3582	0.8384	0.0087	0.6533	36.0000	0.2970	694.0000	184.0000	0.2651	711.0000
759	0.3897	0.4663	0.3468	0.8471	0.0080	0.6353	35.7895	0.3202	695.0000	185.0000	0.2662	723.0000
760	0.4129	0.4698	0.3555	0.8367	0.0091	0.6216	35.9474	0.3323	695.0000	192.0000	0.2763	711.0000
761	0.3782	0.4663	0.3461	0.8498	0.0084	0.6239	36.2105	0.3385	665.0000	190.0000	0.2857	678.0000
762	0.4175	0.4709	0.3548	0.8448	0.0092	0.6406	36.0526	0.3267	684.0000	182.0000	0.2661	700.0000
763	0.3752	0.4682	0.3572	0.8417	0.0087	0.6438	36.0526	0.3160	689.0000	184.0000	0.2671	701.0000
764	0.3710	0.4689	0.3491	0.8403	0.0084	0.6129	36.1579	0.3430	691.0000	198.0000	0.2865	710.0000
765	0.4182	0.4670	0.3527	0.8277	0.0089	0.6341	36.1579	0.3314	692.0000	190.0000	0.2746	711.0000
766	0.3863	0.4709	0.3640	0.8428	0.0092	0.6273	35.7368	0.3369	684.0000	188.0000	0.2749	701.0000
767	0.4086	0.4682	0.3511	0.8451	0.0082	0.6379	36.0526	0.3187	686.0000	187.0000	0.2726	699.0000
768	0.3962	0.4712	0.3664	0.8407	0.0092	0.6330	35.8421	0.3224	705.0000	196.0000	0.2780	721.0000
769	0.3854	0.4668	0.3480	0.8509	0.0088	0.6223	36.1579	0.3364	696.0000	195.0000	0.2802	712.0000
770	0.4027	0.4647	0.3488	0.8485	0.0090	0.6198	35.6316	0.3392	647.0000	178.0000	0.2751	662.0000
771	0.3855	0.4642	0.3413	0.8483	0.0081	0.6399	35.8421	0.3129	699.0000	183.0000	0.2618	720.0000
772	0.4028	0.4689	0.3541	0.8584	0.0083	0.6383	36.0526	0.3252	691.0000	179.0000	0.2590	702.0000
773	0.4217	0.4712	0.3613	0.8470	0.0094	0.6510	36.0526	0.3036	692.0000	177.0000	0.2558	712.0000
774	0.3979	0.4700	0.3519	0.8382	0.0093	0.6185	36.0526	0.3381	661.0000	185.0000	0.2799	678.0000
775	0.3900	0.4672	0.3481	0.8461	0.0084	0.6304	36.0526	0.3312	687.0000	187.0000	0.2722	715.0000
776	0.3851	0.4651	0.3532	0.8352	0.0084	0.6287	36.1579	0.3350	670.0000	187.0000	0.2791	692.0000
777	0.4081	0.4665	0.3459	0.8446	0.0085	0.6516	36.0526	0.3056	696.0000	183.0000	0.2629	720.0000
778	0.3790	0.4682	0.3512	0.8380	0.0085	0.6233	36.1053	0.3282	685.0000	193.0000	0.2818	702.0000
779	0.3812	0.4668	0.3515	0.8366	0.0092	0.6072	36.1053	0.3539	679.0000	193.0000	0.2842	693.0000
780	0.4047	0.4761	0.3700	0.8496	0.0095	0.6234	36.1053	0.3309	728.0000	196.0000	0.2692	742.0000
781	0.3955	0.4695	0.3567	0.8471	0.0088	0.6311	36.4737	0.3302	694.0000	193.0000	0.2781	717.0000
782	0.3917	0.4677	0.3501	0.8550	0.0089	0.6277	36.0000	0.3338	669.0000	181.0000	0.2706	686.0000
783	0.3952	0.4693	0.3504	0.8493	0.0090	0.6543	35.8947	0.3074	652.0000	179.0000	0.2745	665.0000
784	0.3722	0.4661	0.3479	0.8403	0.0082	0.6052	36.1579	0.3435	701.0000	204.0000	0.2910	720.0000
785	0.3773	0.4716	0.3498	0.8449	0.0086	0.6403	36.3158	0.3201	707.0000	191.0000	0.2702	724.0000
786	0.4137	0.4654	0.3569	0.8471	0.0085	0.6497	36.0526	0.3023	687.0000	183.0000	0.2664	706.0000
787	0.4015	0.4686	0.3567	0.8354	0.0090	0.6261	36.1579	0.3363	641.0000	180.0000	0.2808	655.0000
788	0.3841	0.4714	0.3482	0.8455	0.0094	0.6289	36.1579	0.3364	677.0000	191.0000	0.2821	694.0000
789	0.4119	0.4693	0.3640	0.8319	0.0085	0.6509	36.0000	0.3062	676.0000	184.0000	0.2722	695.0000
790	0.3977	0.4672	0.3476	0.8514	0.0091	0.6429	36.1053	0.3214	666.0000	179.0000	0.2688	687.0000
791	0.3975	0.4651	0.3510	0.8504	0.0083	0.6388	35.8421	0.3136	696.0000	179.0000	0.2572	702.0000
792	0.4325	0.4721	0.3471	0.8475	0.0085	0.6465	36.0526	0.3089	695.0000	177.0000	0.2547	714.0000
793	0.3876	0.4691	0.3586	0.8386	0.0086	0.6212	36.1053	0.3452	677.0000	196.0000	0.2895	696.0000
794	0.3925	0.4714	0.3486	0.8534	0.0090	0.6310	36.1053	0.3316	688.0000	195.0000	0.2834	706.0000
795	0.4350	0.4665	0.3459	0.8338	0.0092	0.6453	36.0000	0.3166	664.0000	185.0000	0.2786	676.0000
796	0.3852	0.4640	0.3483	0.8503	0.0086	0.6396	36.1579	0.3229	680.0000	190.0000	0.2794	702.0000
797	0.3903	0.4670	0.3568	0.8561	0.0086	0.6440	36.1053	0.3182	706.0000	187.0000	0.2649	727.0000
798	0.3497	0.4630	0.3476	0.8530	0.0079	0.6194	35.7368	0.3337	692.0000	188.0000	0.2717	716.0000
799	0.3789	0.4709	0.3552	0.8418	0.0093	0.6437	36.0000	0.3084	722.0000	188.0000	0.2604	738.0000
800	0.3753	0.4640	0.3445	0.8509	0.0083	0.6444	35.9474	0.3194	670.0000	173.0000	0.2582	697.0000
801	0.3922	0.4675	0.3542	0.8550	0.0087	0.6269	36.2632	0.3407	666.0000	190.0000	0.2853	679.0000
802	0.4107	0.4682	0.3512	0.8490	0.0086	0.6405	36.0526	0.3192	674.0000	179.0000	0.2656	691.0000
803	0.4004	0.4656	0.3454	0.8500	0.0089	0.6265	36.1053	0.3283	673.0000	183.0000	0.2719	691.0000
804	0.3941	0.4733	0.3639	0.8443	0.0094	0.6170	36.3158	0.3457	694.0000	197.0000	0.2839	714.0000
805	0.3988	0.4742	0.3479	0.8347	0.0096	0.6248	36.0526	0.3376	663.0000	194.0000	0.2926	675.0000
806	0.3980	0.4668	0.3448	0.8626	0.0083	0.6294	36.0000	0.3356	680.0000	192.0000	0.2824	694.0000
807	0.3910	0.4684	0.3540	0.8458	0.0085	0.6522	35.8421	0.3089	711.0000	183.0000	0.2574	730.0000
808	0.3988	0.4737	0.3516	0.8458	0.0091	0.6504	36.4211	0.3110	722.0000	179.0000	0.2479	734.0000
809	0.3590	0.4661	0.3515	0.8636	0.0088	0.6275	36.1053	0.3389	706.0000	189.0000	0.2677	725.0000
810	0.4073	0.4684	0.3525	0.8453	0.0084	0.6463	36.0000	0.3280	658.0000	180.0000	0.2736	674.0000
811	0.3872	0.4723	0.3596	0.8505	0.0086	0.6336	36.1053	0.3343	706.0000	182.0000	0.2578	728.0000
812	0.4147	0.4742	0.3637	0.8353	0.0091	0.6447	36.1053	0.3016	729.0000	189.0000	0.2593	744.0000
813	0.3820	0.4689	0.3584	0.8503	0.0090	0.6381	36.1053	0.3146	687.0000	183.0000	0.2664	704.0000
814	0.3670	0.4656	0.3395	0.8463	0.0084	0.6249	36.0526	0.3398	692.0000	194.0000	0.2803	718.0000
815	0.3629	0.4651	0.3406	0.8458	0.0085	0.6069	35.9474	0.3464	689.0000	189.0000	0.2743	707.0000
816	0.3888	0.4668	0.3519	0.8363	0.0087	0.6273	35.9474	0.3338	677.0000	189.0000	0.2792	692.0000
817	0.3959	0.4723	0.3572	0.8463	0.0094	0.6345	35.8947	0.3321	671.0000	185.0000	0.2757	688.0000
818	0.3916	0.4675	0.3488	0.8420	0.0089	0.6299	35.9474	0.3318	673.0000	183.0000	0.2719	693.0000
819	0.3908	0.4677	0.3481	0.8474	0.0088	0.6333	35.7368	0.3287	722.0000	191.0000	0.2645	729.0000
820	0.3923	0.4684	0.3573	0.8414	0.0089	0.6410	35.8947	0.3052	706.0000	179.0000	0.2535	723.0000
821	0.3950	0.4684	0.3513	0.8413	0.0078	0.6445	36.1053	0.3099	717.0000	186.0000	0.2594	734.0000
822	0.3822	0.4626	0.3502	0.8484	0.0080	0.6341	35.8947	0.3309	673.0000	181.0000	0.2689	690.0000
823	0.3790	0.4651	0.3553	0.8497	0.0087	0.6351	36.0526	0.3187	708.0000	194.0000	0.2740	732.0000
824	0.3874	0.4658	0.3512	0.8288	0.0085	0.6226	35.7895	0.3381	704.0000	191.0000	0.2713	723.0000
825	0.3814	0.4668	0.3499	0.8408	0.0086	0.6322	35.9474	0.3247	697.0000	183.0000	0.2626	718.0000
826	0.3748	0.4679	0.3506	0.8519	0.0091	0.6183	35.8947	0.3526	683.0000	191.0000	0.2796	695.0000
827	0.3980	0.4740	0.3548	0.8443	0.0097	0.6187	36.0526	0.3459	696.0000	198.0000	0.2845	703.0000
828	0.3949	0.4654	0.3411	0.8402	0.0086	0.6323	36.1053	0.3345	638.0000	182.0000	0.2853	657.0000
829	0.3827	0.4714	0.3699	0.8444	0.0092	0.6389	36.2632	0.3226	706.0000	185.0000	0.2620	719.0000
830	0.3991	0.4695	0.3517	0.8382	0.0091	0.6307	35.7895	0.3265	711.0000	189.0000	0.2658	733.0000
831	0.3816	0.4691	0.3518	0.8388	0.0089	0.6250	36.0000	0.3265	665.0000	186.0000	0.2797	682.0000
832	0.4079	0.4728	0.3663	0.8378	0.0091	0.6377	36.2105	0.3292	705.0000	197.0000	0.2794	719.0000
833	0.3976	0.4686	0.3455	0.8417	0.0086	0.6471	36.1053	0.3223	672.0000	175.0000	0.2604	696.0000
834	0.4004	0.4640	0.3417	0.8397	0.0089	0.6196	36.1579	0.3333	682.0000	184.0000	0.2698	693.0000
835	0.3754	0.4682	0.3604	0.8444	0.0086	0.6276	36.0526	0.3333	707.0000	187.0000	0.2645	727.0000
836	0.4035	0.4672	0.3507	0.8457	0.0092	0.6248	36.1579	0.3321	653.0000	183.0000	0.2802	672.0000
837	0.3793	0.4695	0.3507	0.8285	0.0088	0.6271	36.1053	0.3195	740.0000	193.0000	0.2608	758.0000
838	0.3878	0.4665	0.3493	0.8370	0.0082	0.6243	36.0526	0.3367	699.0000	187.0000	0.2675	723.0000
839	0.3981	0.4707	0.3420	0.8435	0.0092	0.6322	36.2105	0.3150	689.0000	188.0000	0.2729	701.0000
840	0.3700	0.4651	0.3491	0.8494	0.0082	0.6372	35.8947	0.3145	681.0000	179.0000	0.2628	699.0000
841	0.3917	0.4677	0.3480	0.8326	0.0083	0.6367	36.0000	0.3138	740.0000	190.0000	0.2568	767.0000
842	0.4007	0.4686	0.3616	0.8445	0.0093	0.6457	36.2105	0.3170	680.0000	183.0000	0.2691	704.0000
843	0.4008	0.4670	0.3379	0.8513	0.0081	0.6469	36.1579	0.3206	696.0000	179.0000	0.2572	721.0000
844	0.3773	0.4700	0.3575	0.8547	0.0087	0.6558	36.2105	0.2990	715.0000	177.0000	0.2476	733.0000
845	0.3873	0.4644	0.3411	0.8461	0.0080	0.6166	36.1053	0.3338	676.0000	186.0000	0.2751	695.0000
846	0.3954	0.4663	0.3422	0.8563	0.0087	0.6530	36.0000	0.3038	663.0000	173.0000	0.2609	680.0000
847	0.3765	0.4675	0.3512	0.8510	0.0086	0.6164	36.1053	0.3437	678.0000	192.0000	0.2832	692.0000
848	0.3848	0.4677	0.3541	0.8400	0.0088	0.6381	36.3684	0.3315	658.0000	177.0000	0.2690	674.0000
849	0.4016	0.4663	0.3544	0.8512	0.0084	0.6283	36.1053	0.3373	707.0000	192.0000	0.2716	716.0000
850	0.3819	0.4647	0.3535	0.8488	0.0082	0.6426	36.0000	0.3239	670.0000	175.0000	0.2612	693.0000
851	0.3755	0.4630	0.3410	0.8299	0.0087	0.6166	36.1053	0.3382	666.0000	185.0000	0.2778	689.0000
852	0.4148	0.4675	0.3551	0.8425	0.0084	0.6645	36.0526	0.2987	669.0000	171.0000	0.2556	685.0000
853	0.4039	0.4693	0.3621	0.8361	0.0090	0.6378	35.9474	0.3234	683.0000	185.0000	0.2709	700.0000
854	0.4181	0.4663	0.3487	0.8376	0.0087	0.6478	36.0526	0.3122	679.0000	186.0000	0.2739	696.0000
855	0.3961	0.4712	0.3502	0.8529	0.0081	0.6555	36.0000	0.3046	704.0000	185.0000	0.2628	725.0000
856	0.4113	0.4779	0.3776	0.8352	0.0096	0.6484	36.0526	0.3110	720.0000	189.0000	0.2625	739.0000
857	0.4114	0.4675	0.3597	0.8494	0.0089	0.6548	35.7895	0.3075	672.0000	177.0000	0.2634	689.0000
858	0.3938	0.4679	0.3553	0.8608	0.0090	0.6440	35.9474	0.3285	704.0000	182.0000	0.2585	721.0000
859	0.3992	0.4647	0.3542	0.8456	0.0082	0.6225	36.3158	0.3408	663.0000	185.0000	0.2790	684.0000
860	0.3896	0.4689	0.3502	0.8637	0.0086	0.6328	36.2105	0.3245	687.0000	179.0000	0.2606	704.0000
861	0.3507	0.4663	0.3438	0.8492	0.0079	0.5996	36.0000	0.3580	678.0000	200.0000	0.2950	703.0000
862	0.4008	0.4705	0.3554	0.8465	0.0089	0.6494	36.0526	0.2982	688.0000	173.0000	0.2515	704.0000
863	0.3937	0.4689	0.3560	0.8548	0.0081	0.6328	36.1053	0.3330	664.0000	181.0000	0.2726	686.0000
864	0.4101	0.4647	0.3398	0.8529	0.0084	0.6522	36.0526	0.3134	664.0000	171.0000	0.2575	676.0000
865	0.3920	0.4651	0.3559	0.8288	0.0085	0.6440	36.1053	0.3167	697.0000	183.0000	0.2626	711.0000
866	0.3780	0.4684	0.3568	0.8521	0.0089	0.6321	36.0000	0.3361	677.0000	184.0000	0.2718	699.0000
867	0.4017	0.4723	0.3519	0.8490	0.0085	0.6502	36.1053	0.3012	704.0000	177.0000	0.2514	727.0000
868	0.3927	0.4733	0.3591	0.8467	0.0092	0.6416	36.2105	0.3170	682.0000	185.0000	0.2713	702.0000
869	0.3737	0.4658	0.3487	0.8497	0.0086	0.6339	36.4211	0.3206	679.0000	177.0000	0.2607	699.0000
870	0.3795	0.4663	0.3604	0.8450	0.0088	0.6399	36.0526	0.3194	667.0000	180.0000	0.2699	685.0000
871	0.3954	0.4651	0.3511	0.8471	0.0085	0.6264	35.9474	0.3287	666.0000	186.0000	0.2793	683.0000
872	0.4048	0.4686	0.3523	0.8479	0.0088	0.6517	36.0526	0.3089	668.0000	180.0000	0.2695	686.0000
873	0.4066	0.4670	0.3439	0.8422	0.0084	0.6427	35.8947	0.3259	654.0000	182.0000	0.2783	675.0000
874	0.4123	0.4668	0.3474	0.8498	0.0091	0.6189	36.0526	0.3384	676.0000	188.0000	0.2781	694.0000
875	0.3941	0.4661	0.3454	0.8413	0.0085	0.6497	36.1579	0.3137	651.0000	177.0000	0.2719	668.0000
876	0.4204	0.4723	0.3510	0.8492	0.0094	0.6392	36.2105	0.3174	706.0000	187.0000	0.2649	724.0000
877	0.4116	0.4656	0.3496	0.8450	0.0085	0.6315	35.8421	0.3252	698.0000	181.0000	0.2593	719.0000
878	0.4136	0.4716	0.3603	0.8465	0.0091	0.6525	36.1053	0.3064	695.0000	185.0000	0.2662	714.0000
879	0.3827	0.4661	0.3457	0.8554	0.0087	0.6109	36.0526	0.3549	699.0000	194.0000	0.2775	715.0000
880	0.3949	0.4695	0.3516	0.8415	0.0086	0.6362	35.8947	0.3318	679.0000	186.0000	0.2739	697.0000
881	0.3774	0.4698	0.3530	0.8504	0.0087	0.6131	36.1053	0.3477	670.0000	194.0000	0.2896	688.0000
882	0.3932	0.4677	0.3420	0.8495	0.0086	0.6319	36.0000	0.3354	646.0000	190.0000	0.2941	660.0000
883	0.3920	0.4656	0.3489	0.8382	0.0083	0.6220	35.9474	0.3361	700.0000	194.0000	0.2771	723.0000
884	0.4045	0.4593	0.3370	0.8575	0.0080	0.6419	36.1053	0.3322	689.0000	173.0000	0.2511	709.0000
885	0.4089	0.4654	0.3401	0.8469	0.0085	0.6403	36.0000	0.3150	670.0000	175.0000	0.2612	691.0000
886	0.4101	0.4679	0.3452	0.8496	0.0088	0.6402	36.2105	0.3239	680.0000	179.0000	0.2632	693.0000
887	0.3911	0.4630	0.3428	0.8425	0.0087	0.6234	36.5263	0.3363	657.0000	186.0000	0.2831	669.0000
888	0.3759	0.4658	0.3374	0.8482	0.0089	0.6229	36.0000	0.3328	693.0000	190.0000	0.2742	708.0000
889	0.3971	0.4644	0.3497	0.8354	0.0084	0.6281	35.7895	0.3283	658.0000	184.0000	0.2796	674.0000
890	0.3926	0.4630	0.3416	0.8593	0.0083	0.6281	35.8947	0.3306	661.0000	177.0000	0.2678	681.0000
891	0.3943	0.4695	0.3568	0.8486	0.0093	0.6181	36.1579	0.3410	686.0000	189.0000	0.2755	698.0000
892	0.4115	0.4698	0.3541	0.8474	0.0095	0.6280	36.0526	0.3337	680.0000	183.0000	0.2691	694.0000
893	0.4114	0.4698	0.3485	0.8503	0.0094	0.6280	35.7368	0.3265	676.0000	182.0000	0.2692	694.0000
894	0.4104	0.4642	0.3601	0.8485	0.0088	0.6543	36.1053	0.3092	688.0000	177.0000	0.2573	710.0000
895	0.3622	0.4695	0.3612	0.8539	0.0088	0.6257	35.8421	0.3443	699.0000	188.0000	0.2690	720.0000
896	0.3878	0.4677	0.3558	0.8301	0.0086	0.6426	35.7368	0.3168	707.0000	194.0000	0.2744	727.0000
897	0.3857	0.4665	0.3465	0.8555	0.0084	0.6381	35.8947	0.3308	694.0000	179.0000	0.2579	714.0000
898	0.4100	0.4698	0.3494	0.8347	0.0094	0.6361	36.1053	0.3236	688.0000	182.0000	0.2645	700.0000
899	0.3645	0.4644	0.3494	0.8378	0.0087	0.6150	36.2105	0.3403	658.0000	187.0000	0.2842	680.0000
900	0.3797	0.4663	0.3503	0.8457	0.0083	0.6204	36.1579	0.3410	690.0000	194.0000	0.2812	710.0000
901	0.3876	0.4607	0.3421	0.8328	0.0086	0.6355	36.0526	0.3188	691.0000	186.0000	0.2692	709.0000
902	0.3782	0.4672	0.3529	0.8485	0.0084	0.6386	36.1579	0.3257	704.0000	186.0000	0.2642	724.0000
903	0.4014	0.4691	0.3471	0.8406	0.0089	0.6244	35.8421	0.3342	673.0000	184.0000	0.2734	688.0000
904	0.3759	0.4689	0.3493	0.8333	0.0082	0.6260	36.0526	0.3347	709.0000	192.0000	0.2708	736.0000
905	0.3866	0.4684	0.3505	0.8550	0.0085	0.6427	35.8421	0.3224	663.0000	181.0000	0.2730	682.0000
906	0.3769	0.4691	0.3513	0.8468	0.0088	0.6306	36.2105	0.3258	679.0000	184.0000	0.2710	697.0000
907	0.4022	0.4740	0.3441	0.8459	0.0089	0.6447	36.1579	0.3290	706.0000	185.0000	0.2620	724.0000
908	0.3723	0.4654	0.3421	0.8394	0.0080	0.6150	35.9474	0.3481	682.0000	196.0000	0.2874	702.0000
909	0.3882	0.4654	0.3554	0.8566	0.0088	0.6360	36.1579	0.3217	709.0000	178.0000	0.2511	718.0000
910	0.4032	0.4635	0.3486	0.8475	0.0087	0.6223	35.8421	0.3308	649.0000	180.0000	0.2773	670.0000
911	0.3875	0.4635	0.3426	0.8528	0.0078	0.6499	36.1053	0.3133	684.0000	176.0000	0.2573	706.0000
912	0.3919	0.4709	0.3558	0.8426	0.0088	0.6358	35.8947	0.3219	674.0000	185.0000	0.2745	693.0000
913	0.3855	0.4654	0.3484	0.8458	0.0085	0.6215	36.2632	0.3454	673.0000	190.0000	0.2823	688.0000
914	0.3789	0.4698	0.3454	0.8538	0.0091	0.6421	35.7368	0.3126	679.0000	178.0000	0.2622	693.0000
915	0.3681	0.4637	0.3449	0.8546	0.0081	0.6384	35.8947	0.3250	654.0000	172.0000	0.2630	666.0000
916	0.3771	0.4668	0.3550	0.8533	0.0084	0.6346	36.1579	0.3273	689.0000	193.0000	0.2801	702.0000
917	0.3699	0.4623	0.3468	0.8381	0.0082	0.6166	35.8947	0.3374	689.0000	188.0000	0.2729	710.0000
918	0.3835	0.4598	0.3355	0.8621	0.0080	0.6319	35.7895	0.3336	653.0000	174.0000	0.2665	671.0000
919	0.3900	0.4677	0.3495	0.8356	0.0084	0.6324	36.2632	0.3233	712.0000	195.0000	0.2739	728.0000
920	0.4012	0.4654	0.3518	0.8392	0.0078	0.6518	35.9474	0.3074	677.0000	177.0000	0.2614	695.0000
921	0.3857	0.4682	0.3517	0.8498	0.0088	0.6293	36.1579	0.3407	659.0000	185.0000	0.2807	672.0000
922	0.3872	0.4637	0.3441	0.8440	0.0082	0.6320	36.1053	0.3299	670.0000	186.0000	0.2776	685.0000
923	0.4241	0.4619	0.3371	0.8538	0.0080	0.6453	35.8947	0.3143	660.0000	176.0000	0.2667	677.0000
924	0.3761	0.4647	0.3488	0.8532	0.0085	0.6302	35.8421	0.3338	665.0000	180.0000	0.2707	685.0000
925	0.3669	0.4726	0.3588	0.8568	0.0090	0.6300	36.2105	0.3338	702.0000	189.0000	0.2692	717.0000
926	0.3958	0.4644	0.3561	0.8436	0.0084	0.6601	36.2105	0.3105	712.0000	181.0000	0.2542	735.0000
927	0.4220	0.4698	0.3522	0.8355	0.0093	0.6411	35.8421	0.3311	700.0000	185.0000	0.2643	719.0000
928	0.3911	0.4651	0.3536	0.8535	0.0087	0.6358	35.9474	0.3207	681.0000	189.0000	0.2775	700.0000
929	0.3901	0.4670	0.3527	0.8416	0.0082	0.6406	36.1053	0.3215	674.0000	178.0000	0.2641	697.0000
930	0.4029	0.4695	0.3456	0.8412	0.0085	0.6435	35.7895	0.3157	703.0000	182.0000	0.2589	723.0000
931	0.3915	0.4679	0.3529	0.8585	0.0089	0.6129	35.9474	0.3480	679.0000	185.0000	0.2725	702.0000
932	0.3962	0.4709	0.3554	0.8462	0.0088	0.6514	36.1579	0.3033	701.0000	189.0000	0.2696	720.0000
933	0.3753	0.4689	0.3481	0.8512	0.0085	0.6282	36.1053	0.3399	701.0000	190.0000	0.2710	715.0000
934	0.3868	0.4647	0.3353	0.8484	0.0087	0.6326	36.0000	0.3207	673.0000	185.0000	0.2749	691.0000
935	0.3838	0.4693	0.3508	0.8382	0.0082	0.6348	36.0000	0.3231	709.0000	189.0000	0.2666	725.0000
936	0.4066	0.4691	0.3537	0.8454	0.0097	0.6317	36.0526	0.3362	673.0000	184.0000	0.2734	685.0000
937	0.4082	0.4670	0.3535	0.8484	0.0091	0.6366	36.0526	0.3290	668.0000	180.0000	0.2695	681.0000
938	0.3979	0.4695	0.3464	0.8389	0.0090	0.6604	35.8421	0.2943	686.0000	180.0000	0.2624	697.0000
939	0.3945	0.4740	0.3574	0.8258	0.0092	0.6206	36.1579	0.3394	699.0000	201.0000	0.2876	715.0000
940	0.3774	0.4684	0.3562	0.8451	0.0085	0.6319	36.0526	0.3179	716.0000	197.0000	0.2751	734.0000
941	0.3867	0.4677	0.3467	0.8506	0.0092	0.6211	36.0000	0.3414	665.0000	181.0000	0.2722	678.0000
942	0.3957	0.4654	0.3477	0.8494	0.0087	0.6356	36.2105	0.3187	663.0000	173.0000	0.2609	683.0000
943	0.4193	0.4728	0.3623	0.8458	0.0092	0.6499	36.0000	0.3019	717.0000	193.0000	0.2692	736.0000
944	0.4028	0.4677	0.3512	0.8438	0.0085	0.6446	36.1579	0.3119	685.0000	175.0000	0.2555	705.0000
945	0.3961	0.4642	0.3466	0.8199	0.0084	0.6386	35.9474	0.3189	703.0000	188.0000	0.2674	719.0000
946	0.3956	0.4642	0.3430	0.8421	0.0080	0.6467	36.2105	0.3275	690.0000	178.0000	0.2580	706.0000
947	0.3949	0.4695	0.3530	0.8352	0.0091	0.6276	36.0000	0.3264	702.0000	190.0000	0.2707	720.0000
948	0.4026	0.4682	0.3524	0.8437	0.0090	0.6394	36.2105	0.3215	662.0000	184.0000	0.2779	669.0000
949	0.3976	0.4658	0.3437	0.8538	0.0087	0.6357	36.0526	0.3249	663.0000	183.0000	0.2760	678.0000
950	0.3924	0.4684	0.3533	0.8316	0.0090	0.6397	35.8947	0.3248	689.0000	179.0000	0.2598	712.0000
951	0.3882	0.4661	0.3509	0.8420	0.0083	0.6367	36.1053	0.3279	706.0000	189.0000	0.2677	723.0000
952	0.3868	0.4698	0.3567	0.8324	0.0092	0.6344	36.2105	0.3217	674.0000	188.0000	0.2789	687.0000
953	0.3950	0.4654	0.3444	0.8422	0.0085	0.6398	35.8947	0.3176	657.0000	179.0000	0.2725	675.0000
954	0.3958	0.4637	0.3470	0.8593	0.0087	0.6286	36.0000	0.3289	692.0000	181.0000	0.2616	707.0000
955	0.3949	0.4677	0.3508	0.8454	0.0086	0.6412	35.7895	0.3319	684.0000	173.0000	0.2529	706.0000
956	0.4216	0.4698	0.3547	0.8546	0.0092	0.6407	35.7895	0.3230	703.0000	179.0000	0.2546	714.0000
957	0.3856	0.4682	0.3531	0.8388	0.0085	0.6432	36.1053	0.3130	714.0000	189.0000	0.2647	734.0000
958	0.3790	0.4735	0.3569	0.8458	0.0089	0.6417	36.3158	0.3233	734.0000	191.0000	0.2602	746.0000
959	0.3978	0.4677	0.3432	0.8485	0.0084	0.6424	35.8947	0.3088	673.0000	179.0000	0.2660	691.0000
960	0.4076	0.4665	0.3466	0.8454	0.0084	0.6540	35.6316	0.3071	679.0000	175.0000	0.2577	701.0000
961	0.3998	0.4749	0.3470	0.8236	0.0089	0.6481	36.0000	0.3074	729.0000	188.0000	0.2579	753.0000
962	0.3909	0.4716	0.3638	0.8506	0.0087	0.6509	36.1579	0.3228	729.0000	187.0000	0.2565	747.0000
963	0.4037	0.4742	0.3552	0.8545	0.0089	0.6392	36.4737	0.3268	691.0000	189.0000	0.2735	705.0000
964	0.4034	0.4628	0.3260	0.8604	0.0089	0.6162	35.8421	0.3476	634.0000	184.0000	0.2902	646.0000
965	0.3904	0.4658	0.3483	0.8441	0.0083	0.6251	35.9474	0.3353	683.0000	184.0000	0.2694	699.0000
966	0.3913	0.4665	0.3574	0.8476	0.0086	0.6407	36.2105	0.3201	695.0000	188.0000	0.2705	721.0000
967	0.4060	0.4684	0.3507	0.8413	0.0090	0.6298	36.0526	0.3305	691.0000	191.0000	0.2764	706.0000
968	0.4185	0.4695	0.3500	0.8479	0.0087	0.6389	36.0526	0.3194	672.0000	185.0000	0.2753	692.0000
969	0.4076	0.4672	0.3527	0.8305	0.0091	0.6490	36.2632	0.3171	721.0000	189.0000	0.2621	728.0000
970	0.4195	0.4691	0.3566	0.8465	0.0089	0.6486	36.0000	0.3117	677.0000	177.0000	0.2614	693.0000
971	0.3918	0.4677	0.3530	0.8455	0.0088	0.6209	36.1053	0.3429	685.0000	190.0000	0.2774	703.0000
972	0.4082	0.4726	0.3529	0.8439	0.0094	0.6358	35.8947	0.3313	695.0000	186.0000	0.2676	709.0000
973	0.3954	0.4698	0.3534	0.8381	0.0086	0.6385	36.2105	0.3268	680.0000	182.0000	0.2676	698.0000
974	0.4023	0.4700	0.3454	0.8507	0.0087	0.6532	36.2632	0.3082	693.0000	188.0000	0.2713	712.0000
975	0.3885	0.4649	0.3397	0.8519	0.0085	0.6094	35.8947	0.3608	691.0000	198.0000	0.2865	708.0000
976	0.4114	0.4686	0.3537	0.8313	0.0094	0.6424	35.8947	0.3133	687.0000	187.0000	0.2722	705.0000
977	0.4235	0.4668	0.3551	0.8332	0.0093	0.6386	36.1053	0.3243	666.0000	189.0000	0.2838	683.0000
978	0.4049	0.4670	0.3570	0.8379	0.0094	0.6276	36.2632	0.3302	655.0000	189.0000	0.2885	673.0000
979	0.4020	0.4672	0.3464	0.8419	0.0087	0.6359	36.0526	0.3329	678.0000	178.0000	0.2625	699.0000
980	0.4169	0.4691	0.3556	0.8374	0.0086	0.6528	36.0000	0.2944	677.0000	192.0000	0.2836	689.0000
981	0.4275	0.4728	0.3516	0.8357	0.0095	0.6444	36.0526	0.3193	727.0000	192.0000	0.2641	740.0000
982	0.4020	0.4682	0.3538	0.8359	0.0086	0.6357	35.9474	0.3209	688.0000	194.0000	0.2820	709.0000
983	0.3977	0.4670	0.3621	0.8429	0.0091	0.6190	36.2105	0.3455	626.0000	187.0000	0.2987	638.0000
984	0.3952	0.4705	0.3486	0.8438	0.0097	0.6279	35.6842	0.3364	677.0000	187.0000	0.2762	692.0000
985	0.4126	0.4707	0.3477	0.8593	0.0093	0.6152	36.0526	0.3422	668.0000	184.0000	0.2754	685.0000
986	0.3774	0.4644	0.3467	0.8595	0.0084	0.6114	36.0000	0.3484	679.0000	177.0000	0.2607	696.0000
987	0.3992	0.4693	0.3560	0.8460	0.0085	0.6426	36.4211	0.3305	694.0000	186.0000	0.2680	709.0000
988	0.3968	0.4677	0.3539	0.8368	0.0086	0.6044	36.0000	0.3509	680.0000	197.0000	0.2897	694.0000
989	0.3919	0.4675	0.3511	0.8481	0.0088	0.6361	36.1053	0.3194	692.0000	179.0000	0.2587	707.0000
990	0.4041	0.4719	0.3653	0.8400	0.0093	0.6362	36.0526	0.3336	686.0000	184.0000	0.2682	701.0000
991	0.4049	0.4651	0.3490	0.8653	0.0087	0.6403	36.0000	0.3182	677.0000	174.0000	0.2570	701.0000
992	0.3893	0.4619	0.3469	0.8426	0.0084	0.6286	36.2632	0.3277	662.0000	175.0000	0.2644	679.0000
993	0.4116	0.4754	0.3543	0.8399	0.0091	0.6351	36.0000	0.3195	700.0000	185.0000	0.2643	714.0000
994	0.3915	0.4665	0.3501	0.8374	0.0090	0.6337	36.1579	0.3326	700.0000	188.0000	0.2686	718.0000
995	0.3803	0.4672	0.3398	0.8460	0.0088	0.6339	36.1053	0.3244	720.0000	181.0000	0.2514	733.0000
996	0.3899	0.4693	0.3596	0.8362	0.0085	0.6201	35.9474	0.3425	687.0000	200.0000	0.2911	697.0000
997	0.3943	0.4702	0.3570	0.8516	0.0089	0.6410	35.7368	0.3187	683.0000	192.0000	0.2811	699.0000
998	0.4188	0.4679	0.3642	0.8381	0.0089	0.6511	36.0000	0.3127	674.0000	183.0000	0.2715	697.0000
999	0.3745	0.4728	0.3587	0.8448	0.0090	0.6066	36.2632	0.3461	701.0000	204.0000	0.2910	723.0000
1000	0.3929	0.4723	0.3487	0.8379	0.0089	0.6402	36.1579	0.3175	713.0000	190.0000	0.2665	732.0000
