accuracy	proportion	density	fuzziness	coverage	purity	sounds	missing	ubound	clusters	props	patterns
1	0.6757	0.5000	0.8456	0.7637	0.2402	0.8039	33.8667	0.1336	2809.0000	711.0000	0.2531	2811.0000
2	0.6806	0.5000	0.8473	0.7756	0.2380	0.8130	33.8667	0.1302	2823.0000	701.0000	0.2483	2825.0000
3	0.6748	0.5000	0.8485	0.7846	0.2373	0.8122	34.0000	0.1292	2824.0000	704.0000	0.2493	2826.0000
4	0.6717	0.5000	0.8484	0.7775	0.2405	0.8111	33.9333	0.1280	2837.0000	705.0000	0.2485	2839.0000
5	0.6776	0.5000	0.8498	0.7813	0.2368	0.8089	34.0000	0.1337	2814.0000	710.0000	0.2523	2816.0000
6	0.6795	0.5000	0.8466	0.7826	0.2391	0.8156	33.6667	0.1275	2820.0000	693.0000	0.2457	2822.0000
7	0.6866	0.5000	0.8498	0.7765	0.2393	0.8172	33.7333	0.1237	2819.0000	693.0000	0.2458	2821.0000
8	0.6835	0.5000	0.8485	0.7824	0.2407	0.8179	33.8000	0.1258	2821.0000	690.0000	0.2446	2823.0000
9	0.6747	0.5000	0.8485	0.7754	0.2376	0.8067	33.7333	0.1326	2812.0000	703.0000	0.2500	2814.0000
10	0.6744	0.5000	0.8456	0.7764	0.2397	0.8050	34.0667	0.1318	2814.0000	701.0000	0.2491	2816.0000
11	0.6770	0.5000	0.8465	0.7681	0.2391	0.8036	33.7333	0.1309	2812.0000	722.0000	0.2568	2814.0000
12	0.6821	0.5000	0.8487	0.7721	0.2386	0.8123	33.8667	0.1258	2830.0000	694.0000	0.2452	2832.0000
13	0.6802	0.5000	0.8473	0.7878	0.2402	0.8141	33.8000	0.1285	2809.0000	685.0000	0.2439	2811.0000
14	0.6828	0.5000	0.8485	0.7842	0.2386	0.8107	33.5333	0.1310	2824.0000	696.0000	0.2465	2826.0000
15	0.6793	0.5000	0.8496	0.7769	0.2365	0.8128	33.6667	0.1273	2842.0000	690.0000	0.2428	2845.0000
16	0.6663	0.5000	0.8464	0.7745	0.2410	0.8121	33.8000	0.1281	2809.0000	706.0000	0.2513	2811.0000
17	0.6624	0.5000	0.8483	0.7653	0.2367	0.8006	33.6667	0.1356	2822.0000	725.0000	0.2569	2824.0000
18	0.6775	0.5000	0.8487	0.7747	0.2386	0.8070	34.0000	0.1334	2832.0000	699.0000	0.2468	2834.0000
19	0.6826	0.5000	0.8458	0.7673	0.2388	0.8113	33.6000	0.1286	2806.0000	682.0000	0.2431	2808.0000
20	0.6783	0.5000	0.8473	0.7780	0.2396	0.8139	34.0000	0.1274	2812.0000	688.0000	0.2447	2814.0000
21	0.6785	0.5000	0.8483	0.7742	0.2399	0.8113	33.8667	0.1276	2812.0000	694.0000	0.2468	2814.0000
22	0.6834	0.5000	0.8482	0.7735	0.2389	0.8128	33.6000	0.1278	2810.0000	697.0000	0.2480	2812.0000
23	0.6838	0.5000	0.8485	0.7821	0.2407	0.8146	33.8667	0.1283	2813.0000	684.0000	0.2432	2815.0000
24	0.6819	0.5000	0.8491	0.7674	0.2372	0.8097	33.6667	0.1283	2822.0000	708.0000	0.2509	2824.0000
25	0.6856	0.5000	0.8467	0.7804	0.2413	0.8075	33.5333	0.1308	2811.0000	692.0000	0.2462	2813.0000
26	0.6916	0.5000	0.8475	0.7770	0.2415	0.8180	33.7333	0.1227	2825.0000	680.0000	0.2407	2827.0000
27	0.6817	0.5000	0.8488	0.7783	0.2380	0.8142	33.6667	0.1293	2825.0000	704.0000	0.2492	2827.0000
28	0.6762	0.5000	0.8491	0.7707	0.2386	0.8170	33.6667	0.1240	2819.0000	692.0000	0.2455	2821.0000
29	0.6764	0.5000	0.8486	0.7840	0.2386	0.8120	33.7333	0.1311	2828.0000	705.0000	0.2493	2830.0000
30	0.6772	0.5000	0.8490	0.7697	0.2387	0.8075	33.7333	0.1323	2823.0000	713.0000	0.2526	2825.0000
31	0.6831	0.5000	0.8481	0.7766	0.2379	0.8144	33.9333	0.1256	2835.0000	694.0000	0.2448	2837.0000
32	0.6713	0.5000	0.8489	0.7807	0.2397	0.8154	33.7333	0.1269	2816.0000	702.0000	0.2493	2818.0000
33	0.6755	0.5000	0.8484	0.7872	0.2389	0.8124	33.6000	0.1294	2826.0000	707.0000	0.2502	2828.0000
34	0.6838	0.5000	0.8507	0.7893	0.2367	0.8178	34.0000	0.1280	2829.0000	691.0000	0.2443	2831.0000
35	0.6793	0.5000	0.8497	0.7752	0.2367	0.8085	33.6667	0.1325	2808.0000	691.0000	0.2461	2810.0000
36	0.6758	0.5000	0.8506	0.7750	0.2367	0.8050	33.7333	0.1336	2808.0000	720.0000	0.2564	2810.0000
37	0.6773	0.5000	0.8465	0.7768	0.2394	0.8083	33.8667	0.1315	2800.0000	708.0000	0.2529	2802.0000
38	0.6786	0.5000	0.8462	0.7672	0.2374	0.8081	33.6000	0.1293	2817.0000	692.0000	0.2457	2819.0000
39	0.6756	0.5000	0.8495	0.7798	0.2393	0.8194	33.8000	0.1251	2830.0000	691.0000	0.2442	2832.0000
40	0.6700	0.5000	0.8495	0.7703	0.2371	0.8058	33.7333	0.1331	2832.0000	722.0000	0.2549	2834.0000
41	0.6835	0.5000	0.8487	0.7726	0.2388	0.8126	33.8667	0.1294	2823.0000	697.0000	0.2469	2825.0000
42	0.6722	0.5000	0.8492	0.7819	0.2384	0.8097	33.6667	0.1296	2836.0000	708.0000	0.2496	2838.0000
43	0.6830	0.5000	0.8497	0.7654	0.2355	0.8090	33.6667	0.1294	2831.0000	707.0000	0.2497	2833.0000
44	0.6716	0.5000	0.8498	0.7810	0.2373	0.8125	33.6000	0.1302	2820.0000	686.0000	0.2433	2822.0000
45	0.6776	0.5000	0.8490	0.7852	0.2372	0.8072	33.7333	0.1354	2842.0000	702.0000	0.2470	2844.0000
46	0.6779	0.5000	0.8474	0.7664	0.2376	0.8085	33.8667	0.1290	2828.0000	700.0000	0.2475	2830.0000
47	0.6790	0.5000	0.8495	0.7689	0.2370	0.8141	34.0000	0.1239	2822.0000	683.0000	0.2420	2824.0000
48	0.6759	0.5000	0.8477	0.7660	0.2400	0.8121	33.7333	0.1255	2820.0000	704.0000	0.2496	2822.0000
49	0.6823	0.5000	0.8469	0.7822	0.2383	0.8134	33.6667	0.1301	2832.0000	701.0000	0.2475	2834.0000
50	0.6804	0.5000	0.8491	0.7845	0.2372	0.8169	33.6000	0.1275	2821.0000	694.0000	0.2460	2823.0000
51	0.6722	0.5000	0.8487	0.7729	0.2375	0.8098	33.6000	0.1280	2828.0000	701.0000	0.2479	2830.0000
52	0.6779	0.5000	0.8482	0.7748	0.2387	0.8130	33.8667	0.1234	2825.0000	696.0000	0.2464	2827.0000
53	0.6721	0.5000	0.8474	0.7721	0.2404	0.8081	33.6667	0.1282	2826.0000	700.0000	0.2477	2828.0000
54	0.6817	0.5000	0.8492	0.7740	0.2393	0.8163	33.7333	0.1243	2815.0000	693.0000	0.2462	2817.0000
55	0.6814	0.5000	0.8484	0.7730	0.2376	0.8125	33.7333	0.1263	2827.0000	697.0000	0.2466	2829.0000
56	0.6843	0.5000	0.8485	0.7761	0.2386	0.8118	33.6000	0.1253	2819.0000	693.0000	0.2458	2821.0000
57	0.6843	0.5000	0.8460	0.7745	0.2410	0.8101	34.0000	0.1300	2831.0000	703.0000	0.2483	2833.0000
58	0.6845	0.5000	0.8488	0.7664	0.2361	0.8071	33.6667	0.1303	2834.0000	721.0000	0.2544	2836.0000
59	0.6893	0.5000	0.8497	0.7809	0.2366	0.8119	33.6667	0.1287	2820.0000	711.0000	0.2521	2822.0000
60	0.6755	0.5000	0.8488	0.7860	0.2393	0.8077	33.8000	0.1309	2821.0000	711.0000	0.2520	2823.0000
61	0.6734	0.5000	0.8496	0.7700	0.2369	0.8079	33.5333	0.1333	2825.0000	712.0000	0.2520	2827.0000
62	0.6797	0.5000	0.8505	0.7744	0.2369	0.8027	34.2000	0.1407	2831.0000	710.0000	0.2508	2833.0000
63	0.6751	0.5000	0.8501	0.7903	0.2390	0.8097	33.9333	0.1318	2820.0000	709.0000	0.2514	2822.0000
64	0.6764	0.5000	0.8472	0.7811	0.2419	0.8106	33.8000	0.1294	2820.0000	695.0000	0.2465	2822.0000
65	0.6708	0.5000	0.8479	0.7778	0.2391	0.8086	33.9333	0.1297	2840.0000	698.0000	0.2458	2842.0000
66	0.6692	0.5000	0.8496	0.7724	0.2394	0.8132	33.6667	0.1234	2807.0000	695.0000	0.2476	2809.0000
67	0.6789	0.5000	0.8490	0.7821	0.2401	0.8155	33.6000	0.1246	2828.0000	690.0000	0.2440	2830.0000
68	0.6702	0.5000	0.8490	0.7697	0.2361	0.8094	33.8667	0.1299	2824.0000	700.0000	0.2479	2826.0000
69	0.6734	0.5000	0.8468	0.7892	0.2401	0.8084	34.0000	0.1313	2818.0000	700.0000	0.2484	2820.0000
70	0.6795	0.5000	0.8486	0.7624	0.2357	0.8053	33.9333	0.1334	2816.0000	710.0000	0.2521	2818.0000
71	0.6761	0.5000	0.8488	0.7858	0.2387	0.8149	33.8000	0.1246	2841.0000	689.0000	0.2425	2843.0000
72	0.6910	0.5000	0.8457	0.7687	0.2388	0.8134	33.8000	0.1278	2819.0000	691.0000	0.2451	2821.0000
73	0.6793	0.5000	0.8489	0.7758	0.2385	0.8101	33.9333	0.1298	2812.0000	707.0000	0.2514	2814.0000
74	0.6816	0.5000	0.8484	0.7826	0.2397	0.8161	34.0667	0.1235	2818.0000	689.0000	0.2445	2820.0000
75	0.6765	0.5000	0.8479	0.7844	0.2387	0.8117	34.0000	0.1298	2826.0000	703.0000	0.2488	2828.0000
76	0.6660	0.5000	0.8498	0.7664	0.2350	0.8030	33.9333	0.1354	2838.0000	721.0000	0.2541	2840.0000
77	0.6757	0.5000	0.8482	0.7829	0.2403	0.8125	33.9333	0.1283	2820.0000	706.0000	0.2504	2822.0000
78	0.6911	0.5000	0.8469	0.7826	0.2413	0.8192	33.5333	0.1204	2829.0000	677.0000	0.2393	2831.0000
79	0.6817	0.5000	0.8492	0.7821	0.2387	0.8125	33.6000	0.1290	2814.0000	692.0000	0.2459	2816.0000
80	0.6888	0.5000	0.8470	0.7722	0.2381	0.8163	33.9333	0.1241	2820.0000	700.0000	0.2482	2822.0000
81	0.6748	0.5000	0.8491	0.7700	0.2372	0.8057	33.4667	0.1311	2828.0000	709.0000	0.2507	2830.0000
82	0.6675	0.5000	0.8471	0.7860	0.2411	0.8120	33.8667	0.1278	2814.0000	684.0000	0.2431	2816.0000
83	0.6768	0.5000	0.8496	0.7754	0.2357	0.8098	33.8667	0.1315	2825.0000	701.0000	0.2481	2827.0000
84	0.6854	0.5000	0.8479	0.7845	0.2391	0.8199	33.8000	0.1218	2822.0000	693.0000	0.2456	2824.0000
85	0.6800	0.5000	0.8478	0.7704	0.2390	0.8156	33.6667	0.1250	2806.0000	689.0000	0.2455	2808.0000
86	0.6706	0.5000	0.8500	0.7639	0.2367	0.8069	33.7333	0.1323	2825.0000	704.0000	0.2492	2827.0000
87	0.6814	0.5000	0.8479	0.7751	0.2417	0.8104	33.8667	0.1278	2814.0000	688.0000	0.2445	2816.0000
88	0.6843	0.5000	0.8464	0.7725	0.2409	0.8128	33.8667	0.1277	2808.0000	690.0000	0.2457	2810.0000
89	0.6801	0.5000	0.8476	0.7815	0.2408	0.8151	33.7333	0.1248	2822.0000	695.0000	0.2463	2824.0000
90	0.6693	0.5000	0.8497	0.7711	0.2371	0.8085	33.9333	0.1289	2832.0000	710.0000	0.2507	2834.0000
91	0.6758	0.5000	0.8478	0.7880	0.2377	0.8072	33.8000	0.1338	2811.0000	706.0000	0.2512	2813.0000
92	0.6799	0.5000	0.8481	0.7777	0.2382	0.8043	33.8000	0.1334	2827.0000	706.0000	0.2497	2829.0000
93	0.6888	0.5000	0.8499	0.7813	0.2378	0.8139	33.6000	0.1276	2823.0000	699.0000	0.2476	2825.0000
94	0.6790	0.5000	0.8478	0.7820	0.2403	0.8195	33.6667	0.1182	2804.0000	672.0000	0.2397	2806.0000
95	0.6779	0.5000	0.8484	0.7748	0.2391	0.8063	33.8000	0.1311	2823.0000	712.0000	0.2522	2825.0000
96	0.6803	0.5000	0.8490	0.7727	0.2371	0.8104	34.0000	0.1287	2819.0000	703.0000	0.2494	2821.0000
97	0.6706	0.5000	0.8458	0.7672	0.2388	0.8023	33.8667	0.1338	2830.0000	714.0000	0.2523	2832.0000
98	0.6841	0.5000	0.8489	0.7715	0.2363	0.8031	34.0000	0.1307	2820.0000	735.0000	0.2606	2822.0000
99	0.6834	0.5000	0.8483	0.7767	0.2397	0.8168	34.0000	0.1211	2825.0000	688.0000	0.2435	2827.0000
100	0.6700	0.5000	0.8471	0.7718	0.2397	0.8079	33.6667	0.1317	2808.0000	698.0000	0.2486	2810.0000
101	0.6781	0.5000	0.8483	0.7799	0.2407	0.8183	33.7333	0.1217	2823.0000	694.0000	0.2458	2825.0000
102	0.6727	0.5000	0.8483	0.7898	0.2416	0.8139	33.8667	0.1304	2821.0000	689.0000	0.2442	2823.0000
103	0.6813	0.5000	0.8472	0.7787	0.2420	0.8092	33.6000	0.1306	2827.0000	705.0000	0.2494	2829.0000
104	0.6740	0.5000	0.8479	0.7752	0.2390	0.8088	33.8000	0.1320	2819.0000	709.0000	0.2515	2821.0000
105	0.6822	0.5000	0.8474	0.7810	0.2372	0.8097	33.9333	0.1318	2811.0000	710.0000	0.2526	2813.0000
106	0.6749	0.5000	0.8482	0.7879	0.2425	0.8136	33.6000	0.1282	2809.0000	704.0000	0.2506	2811.0000
107	0.6889	0.5000	0.8502	0.7798	0.2382	0.8221	33.7333	0.1209	2826.0000	690.0000	0.2442	2828.0000
108	0.6709	0.5000	0.8509	0.7754	0.2358	0.8021	33.7333	0.1375	2809.0000	723.0000	0.2574	2811.0000
109	0.6729	0.5000	0.8481	0.7718	0.2386	0.8028	34.1333	0.1372	2814.0000	708.0000	0.2516	2816.0000
110	0.6738	0.5000	0.8455	0.7664	0.2398	0.8060	33.8000	0.1309	2814.0000	708.0000	0.2516	2816.0000
111	0.6692	0.5000	0.8490	0.7708	0.2393	0.8056	33.8000	0.1292	2816.0000	713.0000	0.2532	2818.0000
112	0.6645	0.5000	0.8491	0.7775	0.2373	0.8013	33.8000	0.1388	2824.0000	727.0000	0.2574	2826.0000
113	0.6621	0.5000	0.8487	0.7778	0.2383	0.8028	33.8000	0.1372	2802.0000	719.0000	0.2566	2804.0000
114	0.6686	0.5000	0.8481	0.7713	0.2377	0.8057	33.8000	0.1330	2832.0000	704.0000	0.2486	2834.0000
115	0.6839	0.5000	0.8486	0.7767	0.2387	0.8161	33.8667	0.1232	2824.0000	698.0000	0.2472	2826.0000
116	0.6741	0.5000	0.8496	0.7782	0.2410	0.8138	33.4000	0.1290	2825.0000	695.0000	0.2460	2827.0000
117	0.6755	0.5000	0.8493	0.7726	0.2368	0.8089	33.4000	0.1276	2835.0000	702.0000	0.2476	2837.0000
118	0.6846	0.5000	0.8488	0.7783	0.2378	0.8100	33.6000	0.1285	2830.0000	704.0000	0.2488	2832.0000
119	0.6868	0.5000	0.8479	0.7775	0.2413	0.8132	33.8000	0.1263	2819.0000	683.0000	0.2423	2821.0000
120	0.6762	0.5000	0.8480	0.7863	0.2362	0.8080	33.8000	0.1347	2823.0000	698.0000	0.2473	2825.0000
121	0.6709	0.5000	0.8488	0.7857	0.2384	0.8103	33.7333	0.1325	2804.0000	708.0000	0.2525	2806.0000
122	0.6756	0.5000	0.8500	0.7808	0.2366	0.8143	34.1333	0.1281	2811.0000	712.0000	0.2533	2813.0000
123	0.6777	0.5000	0.8474	0.7703	0.2423	0.8081	33.6667	0.1281	2816.0000	713.0000	0.2532	2818.0000
124	0.6855	0.5000	0.8484	0.7675	0.2354	0.8089	33.5333	0.1313	2826.0000	704.0000	0.2491	2828.0000
125	0.6820	0.5000	0.8472	0.7794	0.2410	0.8152	33.6667	0.1251	2809.0000	696.0000	0.2478	2811.0000
126	0.6804	0.5000	0.8484	0.7630	0.2382	0.8038	33.9333	0.1347	2813.0000	715.0000	0.2542	2815.0000
127	0.6812	0.5000	0.8483	0.7708	0.2364	0.8083	33.9333	0.1314	2831.0000	709.0000	0.2504	2833.0000
128	0.6784	0.5000	0.8465	0.7757	0.2393	0.8131	33.5333	0.1282	2800.0000	690.0000	0.2464	2802.0000
129	0.6795	0.5000	0.8491	0.7824	0.2403	0.8124	33.6000	0.1258	2821.0000	688.0000	0.2439	2823.0000
130	0.6788	0.5000	0.8494	0.7882	0.2400	0.8128	33.4667	0.1304	2828.0000	692.0000	0.2447	2830.0000
131	0.6777	0.5000	0.8501	0.7750	0.2370	0.8127	33.9333	0.1277	2827.0000	700.0000	0.2476	2829.0000
132	0.6781	0.5000	0.8502	0.7737	0.2363	0.8146	34.0667	0.1256	2830.0000	703.0000	0.2484	2832.0000
133	0.6707	0.5000	0.8479	0.7782	0.2378	0.8072	33.8667	0.1319	2816.0000	702.0000	0.2493	2818.0000
134	0.6644	0.5000	0.8481	0.7711	0.2381	0.7972	33.8000	0.1436	2815.0000	723.0000	0.2568	2817.0000
135	0.6716	0.5000	0.8498	0.7690	0.2385	0.8167	33.4667	0.1239	2824.0000	689.0000	0.2440	2826.0000
136	0.6671	0.5000	0.8479	0.7867	0.2395	0.8080	33.8667	0.1336	2809.0000	698.0000	0.2485	2811.0000
137	0.6793	0.5000	0.8467	0.7819	0.2408	0.8118	33.6667	0.1264	2819.0000	698.0000	0.2476	2821.0000
138	0.6713	0.5000	0.8497	0.7785	0.2391	0.8165	33.6667	0.1264	2811.0000	690.0000	0.2455	2813.0000
139	0.6776	0.5000	0.8503	0.7823	0.2378	0.8083	33.9333	0.1338	2819.0000	699.0000	0.2480	2821.0000
140	0.6773	0.5000	0.8465	0.7734	0.2404	0.8123	33.8000	0.1267	2821.0000	690.0000	0.2446	2823.0000
141	0.6791	0.5000	0.8502	0.7820	0.2374	0.8117	33.5333	0.1263	2827.0000	693.0000	0.2451	2829.0000
142	0.6714	0.5000	0.8481	0.7708	0.2358	0.8056	33.7333	0.1327	2812.0000	709.0000	0.2521	2814.0000
143	0.6664	0.5000	0.8470	0.7791	0.2391	0.8160	33.7333	0.1243	2818.0000	702.0000	0.2491	2820.0000
144	0.6809	0.5000	0.8492	0.7799	0.2377	0.8177	33.6000	0.1254	2813.0000	686.0000	0.2439	2815.0000
145	0.6608	0.5000	0.8497	0.7863	0.2378	0.8098	33.6000	0.1298	2822.0000	708.0000	0.2509	2824.0000
146	0.6764	0.5000	0.8469	0.7775	0.2396	0.8157	33.7333	0.1263	2820.0000	701.0000	0.2486	2822.0000
147	0.6821	0.5000	0.8471	0.7685	0.2349	0.8069	33.8000	0.1318	2820.0000	712.0000	0.2525	2822.0000
148	0.6781	0.5000	0.8485	0.7799	0.2393	0.8129	33.9333	0.1312	2836.0000	692.0000	0.2440	2838.0000
149	0.6713	0.5000	0.8476	0.7752	0.2381	0.8074	33.8000	0.1323	2826.0000	717.0000	0.2537	2828.0000
150	0.6831	0.5000	0.8474	0.7755	0.2388	0.8199	33.8000	0.1209	2812.0000	687.0000	0.2443	2814.0000
151	0.6718	0.5000	0.8482	0.7813	0.2379	0.8062	33.4667	0.1342	2826.0000	717.0000	0.2537	2828.0000
152	0.6857	0.5000	0.8480	0.7725	0.2356	0.8116	33.8667	0.1271	2823.0000	707.0000	0.2504	2825.0000
153	0.6795	0.5000	0.8483	0.7759	0.2381	0.8073	33.7333	0.1317	2811.0000	709.0000	0.2522	2813.0000
154	0.6762	0.5000	0.8487	0.7710	0.2356	0.8068	33.8667	0.1332	2823.0000	723.0000	0.2561	2825.0000
155	0.6665	0.5000	0.8503	0.7738	0.2380	0.8038	33.5333	0.1354	2823.0000	719.0000	0.2547	2825.0000
156	0.6807	0.5000	0.8466	0.7835	0.2414	0.8130	33.4667	0.1288	2822.0000	700.0000	0.2481	2824.0000
157	0.6812	0.5000	0.8480	0.7779	0.2396	0.8139	34.0667	0.1255	2817.0000	693.0000	0.2460	2819.0000
158	0.6733	0.5000	0.8483	0.7659	0.2365	0.8040	34.0000	0.1375	2814.0000	707.0000	0.2512	2816.0000
159	0.6748	0.5000	0.8483	0.7736	0.2366	0.8012	33.9333	0.1372	2812.0000	715.0000	0.2543	2814.0000
160	0.6749	0.5000	0.8482	0.7783	0.2375	0.8104	33.6000	0.1285	2830.0000	713.0000	0.2519	2832.0000
161	0.6890	0.5000	0.8479	0.7746	0.2373	0.8150	34.1333	0.1233	2824.0000	695.0000	0.2461	2826.0000
162	0.6780	0.5000	0.8495	0.7891	0.2380	0.8059	33.6667	0.1362	2825.0000	708.0000	0.2506	2827.0000
163	0.6767	0.5000	0.8513	0.7821	0.2376	0.8102	33.6667	0.1321	2825.0000	688.0000	0.2435	2827.0000
164	0.6835	0.5000	0.8487	0.7696	0.2370	0.8139	33.6000	0.1246	2822.0000	694.0000	0.2459	2824.0000
165	0.6737	0.5000	0.8477	0.7755	0.2394	0.8061	33.8000	0.1314	2808.0000	704.0000	0.2507	2810.0000
166	0.6763	0.5000	0.8500	0.7769	0.2353	0.8073	33.8000	0.1349	2828.0000	715.0000	0.2528	2830.0000
167	0.6853	0.5000	0.8501	0.7845	0.2369	0.8153	33.8667	0.1250	2823.0000	680.0000	0.2409	2825.0000
168	0.6849	0.5000	0.8485	0.7771	0.2366	0.8067	33.6667	0.1327	2825.0000	706.0000	0.2499	2827.0000
169	0.6781	0.5000	0.8483	0.7855	0.2396	0.8190	34.1333	0.1226	2825.0000	678.0000	0.2400	2827.0000
170	0.6701	0.5000	0.8496	0.7818	0.2393	0.8075	33.6667	0.1301	2838.0000	706.0000	0.2488	2840.0000
171	0.6684	0.5000	0.8501	0.7619	0.2364	0.8055	33.6667	0.1303	2815.0000	723.0000	0.2568	2817.0000
172	0.6856	0.5000	0.8494	0.7735	0.2387	0.8114	33.8000	0.1288	2814.0000	708.0000	0.2516	2816.0000
173	0.6838	0.5000	0.8471	0.7831	0.2399	0.8163	33.5333	0.1247	2810.0000	694.0000	0.2470	2812.0000
174	0.6720	0.5000	0.8473	0.7797	0.2375	0.8129	33.7333	0.1286	2827.0000	706.0000	0.2497	2829.0000
175	0.6842	0.5000	0.8491	0.7575	0.2349	0.7990	33.8667	0.1411	2824.0000	717.0000	0.2539	2826.0000
176	0.6751	0.5000	0.8484	0.7840	0.2394	0.8102	33.6000	0.1312	2812.0000	696.0000	0.2475	2814.0000
177	0.6797	0.5000	0.8458	0.7699	0.2376	0.8060	34.0667	0.1318	2813.0000	707.0000	0.2513	2815.0000
178	0.6797	0.5000	0.8486	0.7767	0.2379	0.8105	33.9333	0.1285	2818.0000	696.0000	0.2470	2820.0000
179	0.6764	0.5000	0.8486	0.7817	0.2407	0.8118	33.5333	0.1294	2813.0000	707.0000	0.2513	2815.0000
180	0.6681	0.5000	0.8472	0.7746	0.2382	0.8048	33.9333	0.1337	2811.0000	704.0000	0.2504	2813.0000
181	0.6793	0.5000	0.8474	0.7824	0.2383	0.8156	33.9333	0.1258	2814.0000	697.0000	0.2477	2816.0000
182	0.6821	0.5000	0.8490	0.7876	0.2410	0.8164	33.6667	0.1264	2833.0000	701.0000	0.2474	2835.0000
183	0.6751	0.5000	0.8483	0.7738	0.2388	0.8145	33.7333	0.1244	2813.0000	699.0000	0.2485	2815.0000
184	0.6687	0.5000	0.8484	0.7773	0.2393	0.8041	33.8000	0.1325	2831.0000	718.0000	0.2536	2833.0000
185	0.6810	0.5000	0.8484	0.7727	0.2392	0.8109	33.6000	0.1274	2812.0000	692.0000	0.2461	2814.0000
186	0.6762	0.5000	0.8495	0.7786	0.2378	0.8130	33.7333	0.1276	2829.0000	705.0000	0.2492	2831.0000
187	0.6814	0.5000	0.8480	0.7680	0.2381	0.8081	33.8000	0.1283	2824.0000	700.0000	0.2479	2826.0000
188	0.6757	0.5000	0.8481	0.7808	0.2391	0.8128	33.9333	0.1248	2824.0000	700.0000	0.2479	2826.0000
189	0.6806	0.5000	0.8493	0.7749	0.2379	0.8108	33.8000	0.1281	2822.0000	690.0000	0.2445	2824.0000
190	0.6855	0.5000	0.8489	0.7810	0.2373	0.8192	33.8667	0.1220	2817.0000	679.0000	0.2410	2819.0000
191	0.6780	0.5000	0.8487	0.7804	0.2395	0.8170	33.7333	0.1250	2838.0000	693.0000	0.2442	2840.0000
192	0.6775	0.5000	0.8486	0.7779	0.2391	0.8161	33.7333	0.1252	2826.0000	702.0000	0.2484	2828.0000
193	0.6752	0.5000	0.8484	0.7891	0.2387	0.8141	33.9333	0.1274	2834.0000	689.0000	0.2431	2836.0000
194	0.6729	0.5000	0.8487	0.7677	0.2366	0.8123	33.5333	0.1251	2829.0000	710.0000	0.2510	2831.0000
195	0.6684	0.5000	0.8480	0.7785	0.2371	0.8013	33.9333	0.1381	2822.0000	710.0000	0.2516	2824.0000
196	0.6825	0.5000	0.8476	0.7821	0.2402	0.8096	34.0000	0.1291	2818.0000	700.0000	0.2484	2820.0000
197	0.6820	0.5000	0.8478	0.7612	0.2374	0.8075	33.9333	0.1303	2813.0000	709.0000	0.2520	2815.0000
198	0.6727	0.5000	0.8492	0.7713	0.2353	0.8022	33.9333	0.1358	2812.0000	718.0000	0.2553	2814.0000
199	0.6857	0.5000	0.8496	0.7794	0.2375	0.8143	33.9333	0.1276	2816.0000	695.0000	0.2468	2818.0000
200	0.6757	0.5000	0.8480	0.7733	0.2384	0.8127	33.6667	0.1251	2818.0000	687.0000	0.2438	2820.0000
201	0.6715	0.5000	0.8464	0.7838	0.2402	0.8171	33.5333	0.1230	2825.0000	680.0000	0.2407	2827.0000
202	0.6704	0.5000	0.8484	0.7838	0.2371	0.8106	33.9333	0.1314	2820.0000	706.0000	0.2504	2822.0000
203	0.6744	0.5000	0.8486	0.7785	0.2386	0.8025	34.0000	0.1367	2819.0000	710.0000	0.2519	2821.0000
204	0.6731	0.5000	0.8481	0.7680	0.2375	0.8009	33.8667	0.1361	2825.0000	732.0000	0.2591	2827.0000
205	0.6727	0.5000	0.8455	0.7730	0.2416	0.8076	33.7333	0.1282	2808.0000	697.0000	0.2482	2810.0000
206	0.6809	0.5000	0.8482	0.7757	0.2373	0.8118	34.0000	0.1300	2824.0000	705.0000	0.2496	2826.0000
207	0.6762	0.5000	0.8450	0.7741	0.2392	0.8064	33.5333	0.1308	2825.0000	716.0000	0.2535	2827.0000
208	0.6765	0.5000	0.8504	0.7860	0.2359	0.8099	33.9333	0.1337	2841.0000	708.0000	0.2492	2843.0000
209	0.6812	0.5000	0.8482	0.7811	0.2404	0.8137	34.0000	0.1260	2824.0000	696.0000	0.2465	2826.0000
210	0.6699	0.5000	0.8487	0.7802	0.2376	0.8094	34.0667	0.1334	2827.0000	710.0000	0.2511	2829.0000
211	0.6759	0.5000	0.8487	0.7690	0.2381	0.8093	33.5333	0.1296	2827.0000	709.0000	0.2508	2829.0000
212	0.6821	0.5000	0.8465	0.7781	0.2392	0.8132	33.8000	0.1279	2818.0000	692.0000	0.2456	2820.0000
213	0.6782	0.5000	0.8480	0.7743	0.2379	0.8129	33.4000	0.1239	2825.0000	696.0000	0.2464	2827.0000
214	0.6746	0.5000	0.8483	0.7791	0.2387	0.8115	33.4667	0.1293	2819.0000	697.0000	0.2473	2821.0000
215	0.6757	0.5000	0.8484	0.7739	0.2385	0.8068	33.8000	0.1315	2832.0000	721.0000	0.2546	2834.0000
216	0.6772	0.5000	0.8500	0.7834	0.2383	0.8127	33.8000	0.1297	2820.0000	702.0000	0.2489	2822.0000
217	0.6767	0.5000	0.8498	0.7795	0.2380	0.8131	33.8000	0.1267	2823.0000	688.0000	0.2437	2825.0000
218	0.6769	0.5000	0.8487	0.7727	0.2374	0.8059	33.8000	0.1317	2817.0000	704.0000	0.2499	2819.0000
219	0.6601	0.5000	0.8482	0.7672	0.2378	0.8042	33.7333	0.1311	2833.0000	707.0000	0.2496	2835.0000
220	0.6775	0.5000	0.8459	0.7815	0.2375	0.8044	33.8000	0.1345	2815.0000	725.0000	0.2575	2817.0000
221	0.6807	0.5000	0.8478	0.7785	0.2389	0.8158	33.6667	0.1245	2832.0000	701.0000	0.2475	2834.0000
222	0.6822	0.5000	0.8473	0.7812	0.2391	0.8116	33.9333	0.1294	2824.0000	704.0000	0.2493	2826.0000
223	0.6841	0.5000	0.8485	0.7760	0.2391	0.8112	33.8000	0.1286	2830.0000	698.0000	0.2466	2832.0000
224	0.6816	0.5000	0.8482	0.7724	0.2388	0.8127	33.9333	0.1241	2819.0000	690.0000	0.2448	2821.0000
225	0.6764	0.5000	0.8469	0.7714	0.2403	0.8075	33.5333	0.1309	2822.0000	702.0000	0.2488	2824.0000
226	0.6706	0.5000	0.8499	0.7690	0.2369	0.8069	33.6667	0.1305	2825.0000	711.0000	0.2517	2827.0000
227	0.6740	0.5000	0.8459	0.7675	0.2430	0.8068	33.6000	0.1291	2810.0000	707.0000	0.2516	2812.0000
228	0.6765	0.5000	0.8466	0.7745	0.2372	0.8071	33.9333	0.1314	2815.0000	712.0000	0.2529	2817.0000
229	0.6677	0.5000	0.8490	0.7815	0.2372	0.8091	33.6667	0.1317	2837.0000	718.0000	0.2531	2839.0000
230	0.6738	0.5000	0.8475	0.7699	0.2384	0.8093	33.8000	0.1279	2831.0000	704.0000	0.2487	2833.0000
231	0.6704	0.5000	0.8490	0.7739	0.2386	0.8051	33.6000	0.1343	2821.0000	703.0000	0.2492	2823.0000
232	0.6674	0.5000	0.8472	0.7609	0.2393	0.8024	33.9333	0.1315	2809.0000	716.0000	0.2549	2811.0000
233	0.6821	0.5000	0.8448	0.7738	0.2399	0.8125	33.7333	0.1284	2809.0000	695.0000	0.2474	2811.0000
234	0.6823	0.5000	0.8485	0.7787	0.2356	0.8100	33.6667	0.1322	2830.0000	697.0000	0.2463	2832.0000
235	0.6816	0.5000	0.8459	0.7682	0.2396	0.8076	34.0667	0.1304	2823.0000	701.0000	0.2483	2825.0000
236	0.6713	0.5000	0.8479	0.7700	0.2400	0.8041	34.0667	0.1294	2816.0000	709.0000	0.2518	2818.0000
237	0.6801	0.5000	0.8484	0.7686	0.2394	0.8094	33.6667	0.1290	2833.0000	705.0000	0.2489	2835.0000
238	0.6670	0.5000	0.8449	0.7730	0.2407	0.8036	33.7333	0.1332	2809.0000	714.0000	0.2542	2811.0000
239	0.6792	0.5000	0.8491	0.7743	0.2395	0.8146	33.6667	0.1223	2834.0000	677.0000	0.2389	2836.0000
240	0.6835	0.5000	0.8490	0.7838	0.2371	0.8132	33.6667	0.1256	2814.0000	681.0000	0.2420	2816.0000
241	0.6766	0.5000	0.8482	0.7821	0.2385	0.8157	34.0667	0.1255	2811.0000	695.0000	0.2472	2813.0000
242	0.6723	0.5000	0.8516	0.7769	0.2342	0.8083	33.7333	0.1303	2828.0000	716.0000	0.2532	2830.0000
243	0.6708	0.5000	0.8493	0.7836	0.2376	0.8070	34.0667	0.1339	2836.0000	716.0000	0.2525	2838.0000
244	0.6807	0.5000	0.8472	0.7762	0.2403	0.8115	34.1333	0.1277	2829.0000	692.0000	0.2446	2831.0000
245	0.6790	0.5000	0.8488	0.7719	0.2389	0.8099	33.9333	0.1276	2836.0000	701.0000	0.2472	2838.0000
246	0.6783	0.5000	0.8477	0.7655	0.2390	0.8002	34.0667	0.1378	2828.0000	724.0000	0.2560	2830.0000
247	0.6815	0.5000	0.8496	0.7674	0.2367	0.8112	33.8000	0.1277	2834.0000	700.0000	0.2470	2836.0000
248	0.6825	0.5000	0.8490	0.7795	0.2367	0.8148	33.6667	0.1295	2824.0000	699.0000	0.2475	2826.0000
249	0.6832	0.5000	0.8480	0.7671	0.2355	0.8045	33.6667	0.1309	2816.0000	716.0000	0.2543	2818.0000
250	0.6765	0.5000	0.8482	0.7781	0.2400	0.8123	33.6667	0.1289	2811.0000	703.0000	0.2501	2813.0000
251	0.6869	0.5000	0.8472	0.7860	0.2388	0.8138	33.8000	0.1288	2813.0000	698.0000	0.2481	2815.0000
252	0.6838	0.5000	0.8464	0.7774	0.2430	0.8111	33.6667	0.1292	2820.0000	699.0000	0.2479	2822.0000
253	0.6753	0.5000	0.8477	0.7737	0.2376	0.8047	33.8667	0.1343	2832.0000	722.0000	0.2549	2834.0000
254	0.6696	0.5000	0.8498	0.7776	0.2379	0.8058	33.8000	0.1318	2818.0000	717.0000	0.2544	2820.0000
255	0.6857	0.5000	0.8495	0.7749	0.2381	0.8166	33.8667	0.1233	2820.0000	684.0000	0.2426	2822.0000
256	0.6788	0.5000	0.8488	0.7854	0.2365	0.8081	33.6667	0.1328	2821.0000	710.0000	0.2517	2823.0000
257	0.6899	0.5000	0.8473	0.7733	0.2382	0.8126	33.9333	0.1263	2837.0000	703.0000	0.2478	2839.0000
258	0.6780	0.5000	0.8493	0.7829	0.2377	0.8045	33.7333	0.1348	2807.0000	711.0000	0.2533	2809.0000
259	0.6821	0.5000	0.8484	0.7807	0.2405	0.8099	33.4667	0.1287	2822.0000	698.0000	0.2473	2824.0000
260	0.6830	0.5000	0.8508	0.7838	0.2384	0.8183	33.7333	0.1211	2822.0000	697.0000	0.2470	2824.0000
261	0.6799	0.5000	0.8487	0.7741	0.2385	0.8084	34.2000	0.1314	2837.0000	708.0000	0.2496	2839.0000
262	0.6877	0.5000	0.8492	0.7818	0.2375	0.8172	33.6667	0.1243	2827.0000	701.0000	0.2480	2829.0000
263	0.6763	0.5000	0.8473	0.7819	0.2376	0.8143	34.0000	0.1275	2808.0000	687.0000	0.2447	2810.0000
264	0.6822	0.5000	0.8458	0.7640	0.2388	0.8033	33.6000	0.1338	2811.0000	714.0000	0.2540	2813.0000
265	0.6726	0.5000	0.8472	0.7738	0.2403	0.8058	33.7333	0.1300	2815.0000	710.0000	0.2522	2817.0000
266	0.6698	0.5000	0.8471	0.7697	0.2377	0.8033	33.8667	0.1334	2820.0000	735.0000	0.2606	2822.0000
267	0.6736	0.5000	0.8482	0.7691	0.2402	0.8131	34.0000	0.1251	2824.0000	708.0000	0.2507	2826.0000
268	0.6754	0.5000	0.8494	0.7773	0.2385	0.8107	33.7333	0.1315	2815.0000	690.0000	0.2451	2817.0000
269	0.6798	0.5000	0.8464	0.7803	0.2398	0.8075	33.4000	0.1324	2811.0000	701.0000	0.2494	2813.0000
270	0.6814	0.5000	0.8467	0.7737	0.2395	0.8121	33.6667	0.1289	2799.0000	701.0000	0.2504	2801.0000
271	0.6754	0.5000	0.8471	0.7756	0.2417	0.8106	33.8667	0.1281	2825.0000	697.0000	0.2467	2827.0000
272	0.6855	0.5000	0.8479	0.7754	0.2377	0.8112	33.6667	0.1273	2815.0000	694.0000	0.2465	2817.0000
273	0.6747	0.5000	0.8480	0.7776	0.2399	0.8097	33.6000	0.1288	2825.0000	706.0000	0.2499	2827.0000
274	0.6828	0.5000	0.8469	0.7755	0.2383	0.8160	33.7333	0.1258	2813.0000	683.0000	0.2428	2815.0000
275	0.6797	0.5000	0.8473	0.7821	0.2401	0.8166	33.8000	0.1260	2793.0000	692.0000	0.2478	2795.0000
276	0.6816	0.5000	0.8473	0.7798	0.2404	0.8152	33.9333	0.1255	2838.0000	701.0000	0.2470	2840.0000
277	0.6768	0.5000	0.8477	0.7744	0.2386	0.8126	33.5333	0.1295	2819.0000	689.0000	0.2444	2821.0000
278	0.6743	0.5000	0.8476	0.7566	0.2359	0.8058	33.6000	0.1297	2826.0000	721.0000	0.2551	2828.0000
279	0.6705	0.5000	0.8482	0.7655	0.2385	0.8082	34.0000	0.1285	2833.0000	700.0000	0.2471	2835.0000
280	0.6767	0.5000	0.8481	0.7793	0.2397	0.8088	34.0667	0.1319	2826.0000	702.0000	0.2484	2828.0000
281	0.6815	0.5000	0.8458	0.7739	0.2375	0.8117	33.8667	0.1264	2822.0000	697.0000	0.2470	2824.0000
282	0.6797	0.5000	0.8477	0.7797	0.2382	0.8129	33.8000	0.1255	2834.0000	689.0000	0.2431	2836.0000
283	0.6694	0.5000	0.8502	0.7720	0.2345	0.8098	33.8000	0.1317	2810.0000	702.0000	0.2498	2812.0000
284	0.6780	0.5000	0.8464	0.7830	0.2388	0.8085	33.8000	0.1319	2818.0000	710.0000	0.2520	2820.0000
285	0.6857	0.5000	0.8484	0.7724	0.2378	0.8154	33.6000	0.1253	2819.0000	682.0000	0.2419	2821.0000
286	0.6861	0.5000	0.8460	0.7781	0.2391	0.8080	33.6667	0.1336	2796.0000	699.0000	0.2500	2798.0000
287	0.6769	0.5000	0.8477	0.7747	0.2406	0.8059	33.8000	0.1320	2830.0000	723.0000	0.2555	2832.0000
288	0.6702	0.5000	0.8490	0.7886	0.2390	0.8076	33.9333	0.1333	2815.0000	709.0000	0.2519	2817.0000
289	0.6723	0.5000	0.8497	0.7810	0.2377	0.8054	33.8000	0.1351	2824.0000	717.0000	0.2539	2826.0000
290	0.6803	0.5000	0.8480	0.7642	0.2371	0.8099	33.6000	0.1292	2832.0000	710.0000	0.2507	2834.0000
291	0.6724	0.5000	0.8499	0.7732	0.2381	0.8157	33.7333	0.1243	2817.0000	695.0000	0.2467	2819.0000
292	0.6724	0.5000	0.8482	0.7692	0.2376	0.8033	33.9333	0.1316	2828.0000	725.0000	0.2564	2830.0000
293	0.6846	0.5000	0.8486	0.7610	0.2370	0.8076	33.5333	0.1291	2831.0000	713.0000	0.2519	2833.0000
294	0.6815	0.5000	0.8492	0.7763	0.2384	0.8065	33.8000	0.1319	2824.0000	703.0000	0.2489	2826.0000
295	0.6819	0.5000	0.8456	0.7726	0.2400	0.8133	33.6667	0.1254	2817.0000	704.0000	0.2499	2819.0000
296	0.6703	0.5000	0.8491	0.7873	0.2387	0.8099	33.6000	0.1308	2835.0000	708.0000	0.2497	2837.0000
297	0.6729	0.5000	0.8491	0.7690	0.2377	0.8057	33.7333	0.1354	2817.0000	710.0000	0.2520	2819.0000
298	0.6729	0.5000	0.8470	0.7706	0.2408	0.8107	33.8667	0.1295	2834.0000	697.0000	0.2459	2836.0000
299	0.6876	0.5000	0.8468	0.7818	0.2394	0.8188	33.8000	0.1235	2798.0000	686.0000	0.2452	2800.0000
300	0.6821	0.5000	0.8457	0.7776	0.2404	0.8067	33.2667	0.1320	2814.0000	698.0000	0.2480	2816.0000
301	0.6809	0.5000	0.8495	0.7726	0.2373	0.8112	33.9333	0.1265	2842.0000	703.0000	0.2474	2844.0000
302	0.6827	0.5000	0.8495	0.7675	0.2370	0.8103	33.8000	0.1282	2822.0000	698.0000	0.2473	2824.0000
303	0.6792	0.5000	0.8486	0.7776	0.2379	0.8101	33.5333	0.1273	2819.0000	702.0000	0.2490	2821.0000
304	0.6749	0.5000	0.8490	0.7723	0.2377	0.8104	33.6000	0.1285	2824.0000	709.0000	0.2511	2826.0000
305	0.6777	0.5000	0.8493	0.7753	0.2378	0.8119	33.6667	0.1280	2819.0000	708.0000	0.2512	2821.0000
306	0.6768	0.5000	0.8496	0.7756	0.2381	0.8134	33.7333	0.1287	2816.0000	694.0000	0.2464	2818.0000
307	0.6800	0.5000	0.8485	0.7763	0.2385	0.8166	33.8000	0.1239	2821.0000	703.0000	0.2492	2823.0000
308	0.6796	0.5000	0.8452	0.7687	0.2384	0.8116	33.5333	0.1263	2820.0000	706.0000	0.2504	2822.0000
309	0.6821	0.5000	0.8483	0.7744	0.2378	0.8134	33.8000	0.1269	2845.0000	690.0000	0.2425	2847.0000
310	0.6851	0.5000	0.8478	0.7758	0.2379	0.8089	33.6667	0.1278	2822.0000	692.0000	0.2452	2824.0000
311	0.6749	0.5000	0.8464	0.7769	0.2395	0.8045	33.8667	0.1308	2820.0000	714.0000	0.2532	2822.0000
312	0.6839	0.5000	0.8494	0.7798	0.2384	0.8190	33.9333	0.1244	2812.0000	688.0000	0.2447	2814.0000
313	0.6740	0.5000	0.8484	0.7739	0.2387	0.8056	33.7333	0.1319	2837.0000	714.0000	0.2517	2839.0000
314	0.6813	0.5000	0.8480	0.7843	0.2374	0.8067	33.7333	0.1337	2834.0000	713.0000	0.2516	2836.0000
315	0.6778	0.5000	0.8494	0.7738	0.2367	0.8126	33.6667	0.1270	2826.0000	704.0000	0.2491	2828.0000
316	0.6823	0.5000	0.8482	0.7726	0.2380	0.8093	33.6667	0.1277	2824.0000	703.0000	0.2489	2826.0000
317	0.6789	0.5000	0.8478	0.7769	0.2390	0.8095	33.8000	0.1287	2818.0000	709.0000	0.2516	2820.0000
318	0.6723	0.5000	0.8489	0.7705	0.2384	0.8055	33.8000	0.1320	2817.0000	714.0000	0.2535	2819.0000
319	0.6887	0.5000	0.8492	0.7735	0.2379	0.8156	33.9333	0.1246	2819.0000	694.0000	0.2462	2821.0000
320	0.6743	0.5000	0.8482	0.7726	0.2378	0.8105	33.6667	0.1284	2834.0000	709.0000	0.2502	2836.0000
321	0.6765	0.5000	0.8496	0.7783	0.2373	0.8127	33.6667	0.1279	2829.0000	703.0000	0.2485	2831.0000
322	0.6647	0.5000	0.8502	0.7814	0.2366	0.8043	33.8000	0.1341	2811.0000	713.0000	0.2536	2813.0000
323	0.6766	0.5000	0.8462	0.7621	0.2388	0.8046	33.4667	0.1332	2812.0000	715.0000	0.2543	2814.0000
324	0.6762	0.5000	0.8481	0.7741	0.2387	0.8092	33.9333	0.1308	2819.0000	709.0000	0.2515	2821.0000
325	0.6665	0.5000	0.8469	0.7783	0.2387	0.8028	33.8000	0.1404	2814.0000	708.0000	0.2516	2816.0000
326	0.6766	0.5000	0.8504	0.7619	0.2373	0.8082	33.6667	0.1290	2830.0000	696.0000	0.2459	2832.0000
327	0.6844	0.5000	0.8471	0.7825	0.2396	0.8140	33.8000	0.1255	2823.0000	702.0000	0.2487	2825.0000
328	0.6825	0.5000	0.8484	0.7727	0.2379	0.8173	33.8667	0.1235	2811.0000	688.0000	0.2448	2813.0000
329	0.6821	0.5000	0.8498	0.7792	0.2395	0.8170	33.5333	0.1265	2824.0000	691.0000	0.2447	2826.0000
330	0.6786	0.5000	0.8508	0.7772	0.2371	0.8131	33.7333	0.1267	2828.0000	697.0000	0.2465	2830.0000
331	0.6802	0.5000	0.8471	0.7625	0.2403	0.8082	33.6667	0.1297	2826.0000	701.0000	0.2481	2828.0000
332	0.6727	0.5000	0.8474	0.7888	0.2390	0.8071	33.4000	0.1341	2819.0000	700.0000	0.2483	2821.0000
333	0.6805	0.5000	0.8479	0.7898	0.2386	0.8148	33.8000	0.1267	2831.0000	700.0000	0.2473	2833.0000
334	0.6733	0.5000	0.8503	0.7691	0.2357	0.8055	34.0667	0.1322	2833.0000	718.0000	0.2534	2835.0000
335	0.6707	0.5000	0.8450	0.7729	0.2388	0.8005	33.6667	0.1359	2809.0000	721.0000	0.2567	2811.0000
336	0.6850	0.5000	0.8483	0.7743	0.2388	0.8088	33.8667	0.1286	2829.0000	712.0000	0.2517	2831.0000
337	0.6769	0.5000	0.8495	0.7765	0.2364	0.8110	33.8000	0.1272	2813.0000	698.0000	0.2481	2815.0000
338	0.6755	0.5000	0.8493	0.7755	0.2373	0.8128	33.8667	0.1263	2817.0000	705.0000	0.2503	2819.0000
339	0.6733	0.5000	0.8444	0.7643	0.2413	0.8066	33.5333	0.1313	2818.0000	699.0000	0.2480	2820.0000
340	0.6767	0.5000	0.8505	0.7774	0.2371	0.8114	33.8667	0.1293	2822.0000	710.0000	0.2516	2824.0000
341	0.6702	0.5000	0.8485	0.7721	0.2370	0.8077	34.0000	0.1292	2823.0000	714.0000	0.2529	2825.0000
342	0.6730	0.5000	0.8485	0.7782	0.2363	0.8046	33.7333	0.1365	2823.0000	719.0000	0.2547	2825.0000
343	0.6822	0.5000	0.8511	0.7801	0.2372	0.8097	33.6000	0.1352	2819.0000	702.0000	0.2490	2821.0000
344	0.6723	0.5000	0.8480	0.7690	0.2382	0.8065	33.9333	0.1274	2830.0000	704.0000	0.2488	2832.0000
345	0.6883	0.5000	0.8456	0.7784	0.2395	0.8103	33.6000	0.1305	2820.0000	707.0000	0.2507	2822.0000
346	0.6783	0.5000	0.8458	0.7703	0.2411	0.8115	33.9333	0.1275	2796.0000	709.0000	0.2536	2798.0000
347	0.6773	0.5000	0.8473	0.7723	0.2373	0.8019	33.8667	0.1343	2839.0000	724.0000	0.2550	2841.0000
348	0.6742	0.5000	0.8486	0.7877	0.2377	0.8140	34.0000	0.1309	2819.0000	703.0000	0.2494	2821.0000
349	0.6699	0.5000	0.8480	0.7764	0.2398	0.8094	34.0000	0.1303	2814.0000	720.0000	0.2559	2816.0000
350	0.6762	0.5000	0.8483	0.7720	0.2389	0.8067	33.6667	0.1312	2817.0000	707.0000	0.2510	2819.0000
351	0.6892	0.5000	0.8482	0.7834	0.2411	0.8211	33.6000	0.1213	2818.0000	684.0000	0.2427	2820.0000
352	0.6801	0.5000	0.8501	0.7719	0.2370	0.8102	33.8667	0.1308	2821.0000	707.0000	0.2506	2823.0000
353	0.6789	0.5000	0.8482	0.7701	0.2368	0.8117	34.0000	0.1280	2827.0000	686.0000	0.2427	2829.0000
354	0.6735	0.5000	0.8460	0.7730	0.2404	0.8049	33.8667	0.1337	2824.0000	717.0000	0.2539	2826.0000
355	0.6724	0.5000	0.8478	0.7740	0.2393	0.8071	33.7333	0.1318	2833.0000	711.0000	0.2510	2835.0000
356	0.6867	0.5000	0.8493	0.7856	0.2392	0.8160	33.8667	0.1266	2812.0000	692.0000	0.2461	2814.0000
357	0.6806	0.5000	0.8453	0.7744	0.2398	0.8112	33.6000	0.1273	2816.0000	703.0000	0.2496	2818.0000
358	0.6821	0.5000	0.8465	0.7768	0.2400	0.8095	33.9333	0.1287	2803.0000	713.0000	0.2544	2805.0000
359	0.6766	0.5000	0.8496	0.7876	0.2377	0.8112	33.6667	0.1298	2812.0000	694.0000	0.2468	2814.0000
360	0.6756	0.5000	0.8503	0.7718	0.2360	0.8103	33.5333	0.1288	2817.0000	705.0000	0.2503	2819.0000
361	0.6828	0.5000	0.8496	0.7775	0.2368	0.8178	33.8667	0.1220	2820.0000	691.0000	0.2450	2822.0000
362	0.6818	0.5000	0.8480	0.7665	0.2361	0.8064	33.7333	0.1315	2816.0000	715.0000	0.2539	2818.0000
363	0.6760	0.5000	0.8490	0.7827	0.2383	0.8112	34.0667	0.1305	2824.0000	701.0000	0.2482	2826.0000
364	0.6762	0.5000	0.8486	0.7742	0.2379	0.8089	33.8000	0.1294	2827.0000	715.0000	0.2529	2829.0000
365	0.6771	0.5000	0.8478	0.7731	0.2400	0.8071	33.8667	0.1316	2814.0000	711.0000	0.2527	2816.0000
366	0.6791	0.5000	0.8479	0.7700	0.2372	0.8115	33.7333	0.1275	2829.0000	704.0000	0.2489	2831.0000
367	0.6806	0.5000	0.8493	0.7679	0.2365	0.8096	33.8000	0.1285	2817.0000	701.0000	0.2488	2819.0000
368	0.6749	0.5000	0.8466	0.7735	0.2393	0.8101	33.6000	0.1293	2829.0000	711.0000	0.2513	2831.0000
369	0.6684	0.5000	0.8491	0.7766	0.2358	0.8049	33.6000	0.1356	2818.0000	714.0000	0.2534	2820.0000
370	0.6770	0.5000	0.8489	0.7990	0.2394	0.8137	34.1333	0.1303	2830.0000	697.0000	0.2463	2832.0000
371	0.6696	0.5000	0.8481	0.7809	0.2400	0.8067	33.7333	0.1292	2824.0000	709.0000	0.2511	2826.0000
372	0.6756	0.5000	0.8481	0.7784	0.2375	0.8101	33.8667	0.1291	2811.0000	714.0000	0.2540	2813.0000
373	0.6720	0.5000	0.8483	0.7722	0.2381	0.8076	33.6000	0.1323	2818.0000	713.0000	0.2530	2820.0000
374	0.6766	0.5000	0.8486	0.7714	0.2379	0.8082	33.5333	0.1293	2826.0000	708.0000	0.2505	2828.0000
375	0.6799	0.5000	0.8491	0.7774	0.2380	0.8124	33.6667	0.1275	2824.0000	693.0000	0.2454	2826.0000
376	0.6789	0.5000	0.8496	0.7739	0.2383	0.8127	33.8667	0.1278	2840.0000	710.0000	0.2500	2842.0000
377	0.6819	0.5000	0.8479	0.7809	0.2399	0.8154	33.4667	0.1249	2829.0000	697.0000	0.2464	2831.0000
378	0.6704	0.5000	0.8470	0.7597	0.2357	0.7957	34.0000	0.1371	2821.0000	724.0000	0.2566	2823.0000
379	0.6855	0.5000	0.8480	0.7874	0.2398	0.8133	33.7333	0.1290	2821.0000	700.0000	0.2481	2823.0000
380	0.6733	0.5000	0.8487	0.7719	0.2371	0.8111	34.0667	0.1238	2820.0000	697.0000	0.2472	2822.0000
381	0.6738	0.5000	0.8466	0.7729	0.2367	0.7978	33.8667	0.1391	2827.0000	722.0000	0.2554	2829.0000
382	0.6738	0.5000	0.8475	0.7736	0.2369	0.8028	33.8667	0.1363	2839.0000	729.0000	0.2568	2841.0000
383	0.6831	0.5000	0.8477	0.7712	0.2374	0.8035	33.8667	0.1344	2821.0000	727.0000	0.2577	2823.0000
384	0.6633	0.5000	0.8469	0.7637	0.2430	0.8053	33.6000	0.1292	2807.0000	705.0000	0.2512	2809.0000
385	0.6790	0.5000	0.8485	0.7741	0.2403	0.8114	34.0000	0.1277	2812.0000	697.0000	0.2479	2814.0000
386	0.6758	0.5000	0.8483	0.7655	0.2345	0.8078	33.7333	0.1311	2816.0000	717.0000	0.2546	2818.0000
387	0.6785	0.5000	0.8494	0.7793	0.2378	0.8146	33.7333	0.1254	2816.0000	698.0000	0.2479	2818.0000
388	0.6668	0.5000	0.8493	0.7754	0.2374	0.8089	33.8667	0.1295	2840.0000	719.0000	0.2532	2842.0000
389	0.6812	0.5000	0.8486	0.7916	0.2392	0.8179	34.0000	0.1226	2828.0000	689.0000	0.2436	2830.0000
390	0.6705	0.5000	0.8489	0.7800	0.2363	0.8063	34.0667	0.1336	2819.0000	715.0000	0.2536	2821.0000
391	0.6864	0.5000	0.8471	0.7816	0.2388	0.8136	33.6000	0.1271	2811.0000	691.0000	0.2458	2813.0000
392	0.6866	0.5000	0.8503	0.7788	0.2367	0.8157	34.0000	0.1243	2830.0000	700.0000	0.2473	2832.0000
393	0.6771	0.5000	0.8495	0.7688	0.2399	0.8165	33.7333	0.1249	2822.0000	703.0000	0.2491	2824.0000
394	0.6872	0.5000	0.8482	0.7705	0.2366	0.8142	33.6667	0.1250	2827.0000	705.0000	0.2494	2829.0000
395	0.6717	0.5000	0.8485	0.7732	0.2371	0.8044	33.9333	0.1373	2822.0000	727.0000	0.2576	2824.0000
396	0.6687	0.5000	0.8484	0.7866	0.2393	0.8089	33.8000	0.1346	2808.0000	700.0000	0.2493	2810.0000
397	0.6744	0.5000	0.8481	0.7703	0.2385	0.8107	34.0000	0.1259	2829.0000	712.0000	0.2517	2831.0000
398	0.6807	0.5000	0.8486	0.7843	0.2400	0.8200	34.0000	0.1222	2822.0000	681.0000	0.2413	2824.0000
399	0.6782	0.5000	0.8487	0.7869	0.2400	0.8110	34.0000	0.1301	2811.0000	694.0000	0.2469	2813.0000
400	0.6709	0.5000	0.8489	0.7787	0.2371	0.8034	34.0000	0.1354	2840.0000	705.0000	0.2482	2842.0000
401	0.6761	0.5000	0.8465	0.7719	0.2399	0.8105	33.8000	0.1281	2810.0000	700.0000	0.2491	2812.0000
402	0.6831	0.5000	0.8483	0.7784	0.2378	0.8116	33.8667	0.1281	2819.0000	705.0000	0.2501	2821.0000
403	0.6736	0.5000	0.8488	0.7740	0.2382	0.8133	33.8000	0.1274	2817.0000	702.0000	0.2492	2819.0000
404	0.6820	0.5000	0.8470	0.7761	0.2407	0.8088	33.6667	0.1308	2818.0000	700.0000	0.2484	2820.0000
405	0.6760	0.5000	0.8496	0.7761	0.2388	0.8114	33.7333	0.1271	2824.0000	705.0000	0.2496	2826.0000
406	0.6802	0.5000	0.8499	0.7855	0.2371	0.8114	33.7333	0.1331	2834.0000	704.0000	0.2484	2836.0000
407	0.6771	0.5000	0.8487	0.7711	0.2380	0.8068	33.7333	0.1304	2818.0000	705.0000	0.2502	2820.0000
408	0.6867	0.5000	0.8481	0.7665	0.2379	0.8181	33.7333	0.1229	2818.0000	692.0000	0.2456	2820.0000
409	0.6794	0.5000	0.8479	0.7823	0.2383	0.8080	33.8667	0.1348	2824.0000	704.0000	0.2493	2826.0000
410	0.6736	0.5000	0.8467	0.7783	0.2407	0.8093	33.8667	0.1313	2811.0000	707.0000	0.2515	2813.0000
411	0.6851	0.5000	0.8496	0.7841	0.2393	0.8200	33.9333	0.1217	2827.0000	690.0000	0.2441	2829.0000
412	0.6838	0.5000	0.8467	0.7818	0.2406	0.8097	33.6667	0.1334	2815.0000	704.0000	0.2501	2817.0000
413	0.6723	0.5000	0.8488	0.7817	0.2379	0.8116	34.0667	0.1285	2837.0000	716.0000	0.2524	2839.0000
414	0.6824	0.5000	0.8460	0.7673	0.2393	0.8119	33.9333	0.1259	2814.0000	707.0000	0.2512	2816.0000
415	0.6762	0.5000	0.8485	0.7701	0.2368	0.8052	33.7333	0.1332	2824.0000	711.0000	0.2518	2826.0000
416	0.6707	0.5000	0.8493	0.7779	0.2350	0.8098	33.8667	0.1302	2827.0000	704.0000	0.2490	2829.0000
417	0.6777	0.5000	0.8498	0.7710	0.2357	0.8056	33.7333	0.1331	2828.0000	705.0000	0.2493	2830.0000
418	0.6746	0.5000	0.8486	0.7655	0.2375	0.8045	33.6667	0.1337	2829.0000	718.0000	0.2538	2831.0000
419	0.6741	0.5000	0.8491	0.7699	0.2372	0.8074	33.8667	0.1340	2820.0000	702.0000	0.2489	2822.0000
420	0.6814	0.5000	0.8463	0.7797	0.2406	0.8093	33.7333	0.1297	2814.0000	706.0000	0.2509	2816.0000
421	0.6799	0.5000	0.8480	0.7731	0.2379	0.8117	33.8667	0.1270	2824.0000	706.0000	0.2500	2826.0000
422	0.6748	0.5000	0.8480	0.7767	0.2409	0.8150	33.8000	0.1246	2825.0000	696.0000	0.2464	2827.0000
423	0.6707	0.5000	0.8487	0.7772	0.2377	0.8058	33.8667	0.1359	2827.0000	726.0000	0.2568	2829.0000
424	0.6702	0.5000	0.8467	0.7760	0.2407	0.8106	33.8000	0.1310	2817.0000	703.0000	0.2496	2819.0000
425	0.6759	0.5000	0.8475	0.7739	0.2384	0.8137	33.7333	0.1283	2823.0000	710.0000	0.2515	2825.0000
426	0.6837	0.5000	0.8478	0.7830	0.2407	0.8148	33.7333	0.1277	2804.0000	698.0000	0.2489	2806.0000
427	0.6740	0.5000	0.8471	0.7650	0.2383	0.8085	33.8667	0.1295	2821.0000	705.0000	0.2499	2823.0000
428	0.6719	0.5000	0.8476	0.7749	0.2395	0.8057	33.7333	0.1317	2833.0000	719.0000	0.2538	2835.0000
429	0.6710	0.5000	0.8468	0.7786	0.2387	0.8107	33.4667	0.1285	2817.0000	716.0000	0.2542	2819.0000
430	0.6844	0.5000	0.8488	0.7775	0.2384	0.8129	33.6667	0.1277	2836.0000	712.0000	0.2511	2838.0000
431	0.6685	0.5000	0.8483	0.7726	0.2382	0.8050	33.8000	0.1342	2807.0000	711.0000	0.2533	2809.0000
432	0.6770	0.5000	0.8457	0.7737	0.2404	0.8097	34.0000	0.1299	2835.0000	696.0000	0.2455	2837.0000
433	0.6834	0.5000	0.8454	0.7657	0.2402	0.8127	33.6000	0.1259	2804.0000	688.0000	0.2454	2806.0000
434	0.6769	0.5000	0.8489	0.7720	0.2388	0.8100	34.0000	0.1315	2824.0000	711.0000	0.2518	2826.0000
435	0.6835	0.5000	0.8484	0.7799	0.2383	0.8106	33.8667	0.1330	2828.0000	708.0000	0.2504	2830.0000
436	0.6890	0.5000	0.8483	0.7851	0.2378	0.8140	33.8667	0.1293	2825.0000	687.0000	0.2432	2827.0000
437	0.6704	0.5000	0.8479	0.7707	0.2394	0.8113	33.6667	0.1280	2835.0000	703.0000	0.2480	2837.0000
438	0.6720	0.5000	0.8496	0.7856	0.2390	0.8087	33.8000	0.1323	2835.0000	702.0000	0.2476	2837.0000
439	0.6725	0.5000	0.8462	0.7664	0.2365	0.8024	33.8667	0.1363	2828.0000	732.0000	0.2588	2830.0000
440	0.6811	0.5000	0.8506	0.7670	0.2351	0.8063	33.4000	0.1316	2806.0000	701.0000	0.2498	2808.0000
441	0.6683	0.5000	0.8489	0.7761	0.2391	0.8024	34.0000	0.1361	2822.0000	722.0000	0.2558	2824.0000
442	0.6738	0.5000	0.8485	0.7690	0.2342	0.8073	33.9333	0.1298	2837.0000	716.0000	0.2524	2839.0000
443	0.6713	0.5000	0.8487	0.7801	0.2409	0.8071	33.6667	0.1313	2822.0000	708.0000	0.2509	2824.0000
444	0.6831	0.5000	0.8479	0.7811	0.2404	0.8149	33.8667	0.1258	2812.0000	690.0000	0.2454	2814.0000
445	0.6812	0.5000	0.8482	0.7708	0.2392	0.8128	33.8000	0.1270	2828.0000	697.0000	0.2465	2830.0000
446	0.6736	0.5000	0.8501	0.7798	0.2367	0.8076	33.8000	0.1304	2824.0000	708.0000	0.2507	2826.0000
447	0.6642	0.5000	0.8473	0.7665	0.2377	0.8047	33.7333	0.1300	2817.0000	724.0000	0.2570	2819.0000
448	0.6712	0.5000	0.8497	0.7763	0.2378	0.8065	33.8000	0.1325	2818.0000	715.0000	0.2537	2820.0000
449	0.6832	0.5000	0.8488	0.7897	0.2380	0.8167	34.0000	0.1276	2836.0000	680.0000	0.2398	2838.0000
450	0.6823	0.5000	0.8477	0.7708	0.2399	0.8103	33.6667	0.1254	2833.0000	694.0000	0.2450	2835.0000
451	0.6733	0.5000	0.8500	0.7803	0.2383	0.8172	33.8000	0.1247	2833.0000	686.0000	0.2421	2835.0000
452	0.6809	0.5000	0.8496	0.7745	0.2359	0.8175	33.6000	0.1245	2821.0000	688.0000	0.2439	2823.0000
453	0.6823	0.5000	0.8476	0.7820	0.2395	0.8199	34.0667	0.1204	2814.0000	684.0000	0.2431	2816.0000
454	0.6823	0.5000	0.8487	0.7810	0.2380	0.8121	33.7333	0.1286	2832.0000	690.0000	0.2436	2834.0000
455	0.6753	0.5000	0.8488	0.7606	0.2378	0.8070	34.0000	0.1292	2830.0000	710.0000	0.2509	2832.0000
456	0.6780	0.5000	0.8486	0.7735	0.2368	0.8020	34.0667	0.1371	2828.0000	713.0000	0.2521	2830.0000
457	0.6785	0.5000	0.8491	0.7742	0.2397	0.8088	33.3333	0.1305	2832.0000	700.0000	0.2472	2834.0000
458	0.6820	0.5000	0.8485	0.7812	0.2383	0.8174	33.4000	0.1238	2824.0000	702.0000	0.2486	2826.0000
459	0.6718	0.5000	0.8493	0.7658	0.2366	0.8070	33.6667	0.1314	2834.0000	721.0000	0.2544	2836.0000
460	0.6789	0.5000	0.8493	0.7836	0.2391	0.8128	33.5333	0.1280	2826.0000	691.0000	0.2445	2828.0000
461	0.6712	0.5000	0.8483	0.7789	0.2383	0.8078	33.7333	0.1335	2814.0000	700.0000	0.2488	2816.0000
462	0.6863	0.5000	0.8474	0.7852	0.2373	0.8112	33.8000	0.1293	2817.0000	701.0000	0.2488	2819.0000
463	0.6772	0.5000	0.8489	0.7785	0.2381	0.8078	33.8000	0.1344	2818.0000	700.0000	0.2484	2820.0000
464	0.6800	0.5000	0.8474	0.7699	0.2393	0.8095	33.4000	0.1308	2826.0000	712.0000	0.2519	2828.0000
465	0.6733	0.5000	0.8498	0.7762	0.2375	0.8084	33.5333	0.1318	2819.0000	698.0000	0.2476	2821.0000
466	0.6842	0.5000	0.8495	0.7740	0.2332	0.8153	33.6000	0.1265	2830.0000	704.0000	0.2488	2832.0000
467	0.6761	0.5000	0.8499	0.7783	0.2398	0.8142	33.6000	0.1286	2826.0000	687.0000	0.2431	2828.0000
468	0.6759	0.5000	0.8475	0.7734	0.2365	0.8091	33.6000	0.1317	2816.0000	697.0000	0.2475	2819.0000
469	0.6809	0.5000	0.8465	0.7768	0.2384	0.8168	33.8000	0.1278	2812.0000	688.0000	0.2447	2814.0000
470	0.6793	0.5000	0.8482	0.7802	0.2401	0.8161	33.7333	0.1241	2828.0000	683.0000	0.2415	2830.0000
471	0.6785	0.5000	0.8486	0.7829	0.2391	0.8104	33.6000	0.1290	2816.0000	699.0000	0.2482	2818.0000
472	0.6762	0.5000	0.8487	0.7733	0.2376	0.8035	33.7333	0.1349	2823.0000	705.0000	0.2497	2825.0000
473	0.6853	0.5000	0.8468	0.7786	0.2398	0.8161	34.0000	0.1274	2813.0000	673.0000	0.2392	2815.0000
474	0.6759	0.5000	0.8490	0.7759	0.2381	0.8095	33.8667	0.1290	2830.0000	712.0000	0.2516	2832.0000
475	0.6751	0.5000	0.8487	0.7723	0.2368	0.8060	34.0000	0.1293	2842.0000	708.0000	0.2491	2844.0000
476	0.6769	0.5000	0.8479	0.7750	0.2375	0.8051	33.6667	0.1335	2815.0000	708.0000	0.2515	2817.0000
477	0.6735	0.5000	0.8481	0.7681	0.2355	0.8048	33.5333	0.1351	2817.0000	715.0000	0.2538	2819.0000
478	0.6779	0.5000	0.8469	0.7799	0.2397	0.8065	33.4667	0.1338	2808.0000	715.0000	0.2546	2810.0000
479	0.6727	0.5000	0.8498	0.7688	0.2356	0.8041	33.8000	0.1358	2827.0000	707.0000	0.2501	2829.0000
480	0.6761	0.5000	0.8482	0.7766	0.2381	0.8061	33.9333	0.1332	2829.0000	700.0000	0.2474	2831.0000
481	0.6700	0.5000	0.8449	0.7631	0.2403	0.8035	33.4667	0.1328	2805.0000	715.0000	0.2549	2807.0000
482	0.6893	0.5000	0.8470	0.7700	0.2403	0.8154	33.8000	0.1244	2813.0000	694.0000	0.2467	2815.0000
483	0.6852	0.5000	0.8486	0.7731	0.2388	0.8124	34.0000	0.1295	2812.0000	687.0000	0.2443	2814.0000
484	0.6858	0.5000	0.8480	0.7805	0.2390	0.8166	33.7333	0.1252	2823.0000	694.0000	0.2458	2825.0000
485	0.6805	0.5000	0.8486	0.7836	0.2383	0.8102	33.6667	0.1305	2830.0000	702.0000	0.2481	2832.0000
486	0.6895	0.5000	0.8486	0.7699	0.2382	0.8158	33.6000	0.1242	2822.0000	689.0000	0.2442	2824.0000
487	0.6793	0.5000	0.8484	0.7788	0.2390	0.8139	33.5333	0.1243	2822.0000	708.0000	0.2509	2824.0000
488	0.6733	0.5000	0.8490	0.7721	0.2376	0.8111	33.6667	0.1307	2822.0000	696.0000	0.2466	2824.0000
489	0.6777	0.5000	0.8500	0.7717	0.2376	0.8085	34.1333	0.1334	2828.0000	713.0000	0.2521	2830.0000
490	0.6700	0.5000	0.8497	0.7692	0.2364	0.8092	33.7333	0.1318	2816.0000	711.0000	0.2525	2818.0000
491	0.6810	0.5000	0.8473	0.7820	0.2392	0.8121	34.0000	0.1275	2823.0000	698.0000	0.2473	2825.0000
492	0.6757	0.5000	0.8469	0.7752	0.2382	0.8093	33.8667	0.1286	2812.0000	709.0000	0.2521	2814.0000
493	0.6836	0.5000	0.8457	0.7695	0.2395	0.8102	33.5333	0.1275	2806.0000	694.0000	0.2473	2808.0000
494	0.6755	0.5000	0.8489	0.7698	0.2381	0.8085	33.5333	0.1291	2818.0000	704.0000	0.2498	2820.0000
495	0.6762	0.5000	0.8480	0.7707	0.2384	0.8083	34.0000	0.1293	2826.0000	718.0000	0.2541	2828.0000
496	0.6838	0.5000	0.8462	0.7769	0.2386	0.8137	33.6667	0.1242	2815.0000	698.0000	0.2480	2817.0000
497	0.6697	0.5000	0.8474	0.7689	0.2364	0.7976	33.6667	0.1373	2817.0000	723.0000	0.2567	2819.0000
498	0.6732	0.5000	0.8485	0.7714	0.2370	0.8100	33.9333	0.1296	2821.0000	700.0000	0.2481	2823.0000
499	0.6721	0.5000	0.8464	0.7629	0.2378	0.8003	33.8667	0.1334	2800.0000	714.0000	0.2550	2802.0000
500	0.6797	0.5000	0.8490	0.7847	0.2395	0.8119	34.0667	0.1292	2822.0000	699.0000	0.2477	2824.0000
501	0.6772	0.5000	0.8484	0.7789	0.2387	0.8088	33.3333	0.1288	2800.0000	703.0000	0.2511	2802.0000
502	0.6835	0.5000	0.8472	0.7760	0.2369	0.8128	34.0000	0.1299	2814.0000	694.0000	0.2466	2816.0000
503	0.6773	0.5000	0.8479	0.7754	0.2388	0.8062	33.8000	0.1316	2831.0000	720.0000	0.2543	2833.0000
504	0.6686	0.5000	0.8498	0.7730	0.2368	0.8010	33.6667	0.1359	2815.0000	718.0000	0.2551	2817.0000
505	0.6834	0.5000	0.8466	0.7749	0.2406	0.8160	33.8667	0.1203	2814.0000	693.0000	0.2463	2816.0000
506	0.6792	0.5000	0.8479	0.7788	0.2401	0.8129	33.6667	0.1268	2825.0000	704.0000	0.2492	2827.0000
507	0.6816	0.5000	0.8483	0.7707	0.2381	0.8098	34.0667	0.1299	2823.0000	698.0000	0.2473	2825.0000
508	0.6670	0.5000	0.8482	0.7676	0.2381	0.8017	33.6667	0.1387	2839.0000	727.0000	0.2561	2841.0000
509	0.6759	0.5000	0.8462	0.7752	0.2403	0.8044	33.8000	0.1333	2817.0000	711.0000	0.2524	2819.0000
510	0.6760	0.5000	0.8466	0.7794	0.2392	0.8065	33.4667	0.1320	2822.0000	713.0000	0.2527	2824.0000
511	0.6715	0.5000	0.8487	0.7864	0.2389	0.8161	34.0667	0.1271	2817.0000	689.0000	0.2446	2819.0000
512	0.6855	0.5000	0.8470	0.7783	0.2387	0.8080	33.5333	0.1314	2833.0000	708.0000	0.2499	2835.0000
513	0.6781	0.5000	0.8471	0.7793	0.2390	0.8162	33.5333	0.1245	2808.0000	691.0000	0.2461	2810.0000
514	0.6733	0.5000	0.8480	0.7723	0.2368	0.8058	33.8667	0.1314	2809.0000	707.0000	0.2517	2811.0000
515	0.6753	0.5000	0.8485	0.7720	0.2384	0.8094	33.7333	0.1264	2822.0000	706.0000	0.2502	2824.0000
516	0.6793	0.5000	0.8493	0.7703	0.2370	0.8100	33.4667	0.1347	2818.0000	700.0000	0.2484	2820.0000
517	0.6789	0.5000	0.8485	0.7784	0.2407	0.8158	33.6000	0.1236	2818.0000	684.0000	0.2427	2820.0000
518	0.6826	0.5000	0.8493	0.7744	0.2372	0.8116	33.8000	0.1259	2817.0000	701.0000	0.2488	2819.0000
519	0.6816	0.5000	0.8490	0.7748	0.2388	0.8161	34.0000	0.1258	2834.0000	687.0000	0.2424	2836.0000
520	0.6830	0.5000	0.8474	0.7821	0.2405	0.8130	33.4667	0.1296	2818.0000	697.0000	0.2473	2820.0000
521	0.6843	0.5000	0.8492	0.7803	0.2386	0.8198	33.9333	0.1222	2818.0000	682.0000	0.2420	2820.0000
522	0.6769	0.5000	0.8473	0.7698	0.2396	0.8099	34.2667	0.1296	2809.0000	693.0000	0.2467	2811.0000
523	0.6844	0.5000	0.8467	0.7862	0.2391	0.8165	33.7333	0.1233	2823.0000	687.0000	0.2434	2825.0000
524	0.6862	0.5000	0.8477	0.7757	0.2367	0.8069	33.6667	0.1333	2820.0000	714.0000	0.2532	2822.0000
525	0.6795	0.5000	0.8498	0.7753	0.2393	0.8123	33.6000	0.1275	2827.0000	694.0000	0.2455	2829.0000
526	0.6650	0.5000	0.8474	0.7703	0.2378	0.8062	33.6667	0.1302	2834.0000	714.0000	0.2519	2836.0000
527	0.6710	0.5000	0.8485	0.7798	0.2370	0.8055	33.9333	0.1351	2827.0000	704.0000	0.2490	2829.0000
528	0.6876	0.5000	0.8480	0.7757	0.2380	0.8189	34.1333	0.1243	2830.0000	689.0000	0.2435	2832.0000
529	0.6693	0.5000	0.8490	0.7752	0.2376	0.8048	33.7333	0.1338	2819.0000	714.0000	0.2533	2821.0000
530	0.6718	0.5000	0.8479	0.7734	0.2393	0.8078	33.6667	0.1273	2831.0000	705.0000	0.2490	2833.0000
531	0.6850	0.5000	0.8479	0.7831	0.2382	0.8188	33.9333	0.1236	2826.0000	694.0000	0.2456	2828.0000
532	0.6764	0.5000	0.8489	0.7690	0.2347	0.8051	33.8000	0.1344	2817.0000	716.0000	0.2542	2819.0000
533	0.6728	0.5000	0.8477	0.7771	0.2369	0.8140	33.8000	0.1290	2824.0000	703.0000	0.2489	2826.0000
534	0.6731	0.5000	0.8482	0.7857	0.2377	0.8106	33.4667	0.1308	2822.0000	710.0000	0.2516	2824.0000
535	0.6845	0.5000	0.8489	0.7790	0.2383	0.8143	33.6667	0.1254	2821.0000	684.0000	0.2425	2823.0000
536	0.6764	0.5000	0.8500	0.7800	0.2377	0.8142	33.6667	0.1268	2829.0000	703.0000	0.2485	2831.0000
537	0.6765	0.5000	0.8482	0.7640	0.2376	0.8097	33.8000	0.1310	2820.0000	717.0000	0.2543	2822.0000
538	0.6720	0.5000	0.8484	0.7741	0.2391	0.8054	33.7333	0.1326	2829.0000	708.0000	0.2503	2831.0000
539	0.6723	0.5000	0.8481	0.7795	0.2397	0.8159	33.8000	0.1257	2824.0000	691.0000	0.2447	2826.0000
540	0.6774	0.5000	0.8486	0.7827	0.2401	0.8132	33.8667	0.1278	2813.0000	704.0000	0.2503	2815.0000
541	0.6767	0.5000	0.8478	0.7622	0.2354	0.8002	33.6000	0.1356	2825.0000	731.0000	0.2588	2827.0000
542	0.6749	0.5000	0.8470	0.7823	0.2421	0.8128	33.8000	0.1266	2816.0000	695.0000	0.2468	2818.0000
543	0.6762	0.5000	0.8482	0.7926	0.2389	0.8108	33.8000	0.1323	2812.0000	705.0000	0.2507	2814.0000
544	0.6690	0.5000	0.8488	0.7703	0.2373	0.8024	33.8000	0.1371	2819.0000	717.0000	0.2543	2821.0000
545	0.6834	0.5000	0.8493	0.7762	0.2395	0.8148	33.8000	0.1245	2825.0000	684.0000	0.2421	2827.0000
546	0.6822	0.5000	0.8504	0.7858	0.2381	0.8153	33.6667	0.1288	2801.0000	689.0000	0.2460	2803.0000
547	0.6775	0.5000	0.8480	0.7632	0.2387	0.8058	33.8000	0.1323	2824.0000	712.0000	0.2521	2826.0000
548	0.6831	0.5000	0.8491	0.7698	0.2377	0.8093	33.5333	0.1314	2829.0000	712.0000	0.2517	2831.0000
549	0.6720	0.5000	0.8493	0.7848	0.2396	0.8095	33.8000	0.1272	2830.0000	701.0000	0.2477	2832.0000
550	0.6904	0.5000	0.8456	0.7766	0.2409	0.8086	33.5333	0.1269	2808.0000	714.0000	0.2543	2810.0000
551	0.6835	0.5000	0.8492	0.7828	0.2367	0.8135	33.7333	0.1281	2825.0000	692.0000	0.2450	2827.0000
552	0.6663	0.5000	0.8495	0.7897	0.2378	0.8101	33.7333	0.1309	2821.0000	704.0000	0.2496	2823.0000
553	0.6719	0.5000	0.8478	0.7736	0.2366	0.8084	33.9333	0.1304	2811.0000	708.0000	0.2519	2813.0000
554	0.6771	0.5000	0.8482	0.7785	0.2381	0.8102	33.8000	0.1318	2831.0000	721.0000	0.2547	2833.0000
555	0.6834	0.5000	0.8485	0.7760	0.2394	0.8156	33.6667	0.1248	2829.0000	690.0000	0.2439	2831.0000
556	0.6859	0.5000	0.8474	0.7812	0.2382	0.8148	33.7333	0.1243	2814.0000	685.0000	0.2434	2816.0000
557	0.6771	0.5000	0.8503	0.7712	0.2382	0.8135	33.6667	0.1263	2811.0000	696.0000	0.2476	2813.0000
558	0.6752	0.5000	0.8487	0.7713	0.2384	0.8107	33.9333	0.1270	2836.0000	707.0000	0.2493	2838.0000
559	0.6778	0.5000	0.8478	0.7874	0.2403	0.8114	33.9333	0.1279	2824.0000	700.0000	0.2479	2826.0000
560	0.6700	0.5000	0.8496	0.7813	0.2393	0.8101	34.0000	0.1291	2818.0000	708.0000	0.2512	2820.0000
561	0.6819	0.5000	0.8488	0.7825	0.2389	0.8127	34.0000	0.1292	2832.0000	700.0000	0.2472	2834.0000
562	0.6778	0.5000	0.8496	0.7664	0.2357	0.8094	33.8667	0.1313	2816.0000	697.0000	0.2475	2818.0000
563	0.6858	0.5000	0.8473	0.7750	0.2387	0.8121	33.8000	0.1271	2807.0000	686.0000	0.2444	2809.0000
564	0.6675	0.5000	0.8487	0.7710	0.2393	0.8026	33.8000	0.1318	2826.0000	717.0000	0.2537	2828.0000
565	0.6747	0.5000	0.8467	0.7725	0.2381	0.8086	34.0000	0.1292	2825.0000	699.0000	0.2474	2827.0000
566	0.6747	0.5000	0.8459	0.7754	0.2405	0.8078	33.8000	0.1288	2819.0000	706.0000	0.2504	2821.0000
567	0.6744	0.5000	0.8473	0.7684	0.2389	0.8077	33.7333	0.1274	2817.0000	716.0000	0.2542	2819.0000
568	0.6825	0.5000	0.8470	0.7691	0.2426	0.8090	33.8667	0.1278	2820.0000	702.0000	0.2489	2822.0000
569	0.6710	0.5000	0.8461	0.7756	0.2412	0.8026	33.9333	0.1320	2821.0000	728.0000	0.2581	2823.0000
570	0.6798	0.5000	0.8470	0.7711	0.2381	0.8105	33.7333	0.1275	2824.0000	712.0000	0.2521	2826.0000
571	0.6809	0.5000	0.8465	0.7818	0.2398	0.8112	33.9333	0.1260	2814.0000	700.0000	0.2488	2816.0000
572	0.6785	0.5000	0.8488	0.7789	0.2403	0.8150	33.8667	0.1248	2826.0000	696.0000	0.2463	2828.0000
573	0.6721	0.5000	0.8481	0.7649	0.2359	0.8007	33.8000	0.1368	2815.0000	724.0000	0.2572	2817.0000
574	0.6793	0.5000	0.8496	0.7768	0.2394	0.8103	34.0667	0.1301	2824.0000	703.0000	0.2489	2826.0000
575	0.6827	0.5000	0.8490	0.7871	0.2386	0.8251	33.8000	0.1154	2823.0000	680.0000	0.2409	2825.0000
576	0.6843	0.5000	0.8494	0.7743	0.2383	0.8117	33.9333	0.1280	2813.0000	706.0000	0.2510	2816.0000
577	0.6726	0.5000	0.8512	0.7788	0.2382	0.8141	33.7333	0.1257	2807.0000	700.0000	0.2494	2809.0000
578	0.6699	0.5000	0.8477	0.7713	0.2364	0.8006	33.5333	0.1383	2831.0000	730.0000	0.2579	2833.0000
579	0.6719	0.5000	0.8492	0.7799	0.2393	0.8088	33.6667	0.1299	2818.0000	715.0000	0.2537	2820.0000
580	0.6682	0.5000	0.8500	0.7763	0.2378	0.8121	33.6000	0.1280	2814.0000	713.0000	0.2534	2816.0000
581	0.6864	0.5000	0.8502	0.7862	0.2353	0.8171	33.8000	0.1260	2841.0000	698.0000	0.2457	2843.0000
582	0.6696	0.5000	0.8485	0.7788	0.2381	0.8091	33.7333	0.1293	2820.0000	709.0000	0.2514	2822.0000
583	0.6824	0.5000	0.8482	0.7783	0.2380	0.8095	33.8000	0.1304	2817.0000	700.0000	0.2485	2819.0000
584	0.6691	0.5000	0.8491	0.7811	0.2374	0.8084	34.0667	0.1309	2822.0000	702.0000	0.2488	2824.0000
585	0.6867	0.5000	0.8477	0.7810	0.2398	0.8131	33.6667	0.1294	2825.0000	694.0000	0.2457	2827.0000
586	0.6809	0.5000	0.8473	0.7829	0.2393	0.8116	33.8667	0.1295	2829.0000	696.0000	0.2460	2831.0000
587	0.6770	0.5000	0.8482	0.7659	0.2370	0.8051	33.8000	0.1322	2831.0000	709.0000	0.2504	2833.0000
588	0.6773	0.5000	0.8484	0.7762	0.2391	0.8070	33.8667	0.1302	2831.0000	701.0000	0.2476	2834.0000
589	0.6834	0.5000	0.8476	0.7848	0.2391	0.8152	34.0000	0.1265	2826.0000	678.0000	0.2399	2828.0000
590	0.6778	0.5000	0.8485	0.7791	0.2389	0.8153	33.8667	0.1254	2831.0000	687.0000	0.2427	2833.0000
591	0.6740	0.5000	0.8471	0.7632	0.2362	0.7984	33.9333	0.1381	2810.0000	732.0000	0.2605	2812.0000
592	0.6819	0.5000	0.8479	0.7751	0.2392	0.8137	33.6667	0.1244	2814.0000	697.0000	0.2477	2816.0000
593	0.6797	0.5000	0.8485	0.7749	0.2408	0.8132	33.5333	0.1282	2812.0000	706.0000	0.2511	2814.0000
594	0.6901	0.5000	0.8478	0.7773	0.2415	0.8283	33.6667	0.1124	2824.0000	664.0000	0.2351	2826.0000
595	0.6780	0.5000	0.8478	0.7792	0.2381	0.8129	33.9333	0.1293	2816.0000	696.0000	0.2472	2818.0000
596	0.6753	0.5000	0.8492	0.7808	0.2395	0.8131	33.7333	0.1267	2827.0000	704.0000	0.2490	2829.0000
597	0.6692	0.5000	0.8496	0.7720	0.2376	0.8102	34.0667	0.1314	2830.0000	702.0000	0.2481	2832.0000
598	0.6723	0.5000	0.8484	0.7783	0.2367	0.8058	33.8000	0.1305	2813.0000	717.0000	0.2549	2815.0000
599	0.6731	0.5000	0.8472	0.7726	0.2398	0.8027	33.7333	0.1360	2822.0000	710.0000	0.2516	2824.0000
600	0.6785	0.5000	0.8473	0.7668	0.2403	0.8030	33.8000	0.1312	2829.0000	717.0000	0.2534	2831.0000
601	0.6879	0.5000	0.8481	0.7814	0.2403	0.8199	33.6000	0.1161	2816.0000	680.0000	0.2415	2818.0000
602	0.6779	0.5000	0.8485	0.7846	0.2389	0.8160	33.8000	0.1259	2826.0000	698.0000	0.2470	2828.0000
603	0.6708	0.5000	0.8493	0.7713	0.2375	0.8070	33.7333	0.1320	2831.0000	711.0000	0.2511	2833.0000
604	0.6722	0.5000	0.8478	0.7855	0.2395	0.8102	33.8000	0.1266	2832.0000	711.0000	0.2511	2834.0000
605	0.6695	0.5000	0.8455	0.7718	0.2398	0.8035	33.7333	0.1386	2814.0000	717.0000	0.2548	2816.0000
606	0.6681	0.5000	0.8480	0.7736	0.2381	0.8042	33.6667	0.1375	2815.0000	715.0000	0.2540	2817.0000
607	0.6755	0.5000	0.8502	0.7820	0.2401	0.8141	33.8000	0.1267	2826.0000	705.0000	0.2495	2828.0000
608	0.6732	0.5000	0.8490	0.7739	0.2410	0.8087	33.6000	0.1295	2830.0000	705.0000	0.2491	2832.0000
609	0.6746	0.5000	0.8481	0.7652	0.2387	0.8049	33.8667	0.1327	2822.0000	718.0000	0.2544	2824.0000
610	0.6820	0.5000	0.8498	0.7779	0.2375	0.8143	33.5333	0.1231	2821.0000	692.0000	0.2453	2823.0000
611	0.6822	0.5000	0.8493	0.7755	0.2373	0.8135	33.5333	0.1295	2828.0000	699.0000	0.2472	2830.0000
612	0.6718	0.5000	0.8490	0.7788	0.2382	0.8088	33.8667	0.1342	2825.0000	718.0000	0.2542	2827.0000
613	0.6740	0.5000	0.8485	0.7849	0.2388	0.8135	33.6667	0.1290	2820.0000	698.0000	0.2475	2822.0000
614	0.6749	0.5000	0.8493	0.7782	0.2391	0.8133	33.6667	0.1280	2824.0000	697.0000	0.2468	2826.0000
615	0.6785	0.5000	0.8492	0.7728	0.2375	0.8080	33.8667	0.1309	2819.0000	708.0000	0.2512	2821.0000
616	0.6766	0.5000	0.8460	0.7730	0.2370	0.8106	33.5333	0.1267	2823.0000	705.0000	0.2497	2825.0000
617	0.6845	0.5000	0.8495	0.7737	0.2383	0.8122	33.8000	0.1279	2824.0000	698.0000	0.2472	2826.0000
618	0.6670	0.5000	0.8485	0.7826	0.2386	0.8058	33.7333	0.1325	2822.0000	712.0000	0.2523	2824.0000
619	0.6778	0.5000	0.8493	0.7741	0.2344	0.8084	33.9333	0.1324	2821.0000	701.0000	0.2485	2823.0000
620	0.6786	0.5000	0.8474	0.7714	0.2387	0.8069	33.8000	0.1321	2817.0000	705.0000	0.2503	2819.0000
621	0.6825	0.5000	0.8486	0.7827	0.2397	0.8148	33.7333	0.1245	2812.0000	689.0000	0.2450	2814.0000
622	0.6725	0.5000	0.8491	0.7718	0.2380	0.8051	33.6667	0.1319	2817.0000	719.0000	0.2552	2819.0000
623	0.6815	0.5000	0.8495	0.7741	0.2380	0.8139	33.6000	0.1259	2830.0000	699.0000	0.2470	2832.0000
624	0.6886	0.5000	0.8497	0.7782	0.2355	0.8162	33.4667	0.1240	2819.0000	689.0000	0.2444	2821.0000
625	0.6836	0.5000	0.8494	0.7662	0.2383	0.8137	33.6000	0.1250	2829.0000	694.0000	0.2453	2831.0000
626	0.6821	0.5000	0.8474	0.7800	0.2387	0.8102	33.8667	0.1236	2818.0000	691.0000	0.2452	2820.0000
627	0.6753	0.5000	0.8472	0.7713	0.2395	0.8045	33.7333	0.1305	2824.0000	724.0000	0.2564	2826.0000
628	0.6804	0.5000	0.8472	0.7838	0.2395	0.8110	33.8667	0.1319	2811.0000	694.0000	0.2469	2813.0000
629	0.6753	0.5000	0.8507	0.7870	0.2387	0.8154	33.8000	0.1283	2826.0000	688.0000	0.2435	2828.0000
630	0.6805	0.5000	0.8464	0.7655	0.2403	0.8144	33.8667	0.1236	2805.0000	692.0000	0.2467	2807.0000
631	0.6800	0.5000	0.8499	0.7649	0.2369	0.8012	33.6000	0.1365	2810.0000	709.0000	0.2523	2812.0000
632	0.6688	0.5000	0.8484	0.7835	0.2404	0.8150	33.4667	0.1273	2815.0000	706.0000	0.2508	2817.0000
633	0.6735	0.5000	0.8489	0.7718	0.2381	0.8143	33.6000	0.1270	2823.0000	697.0000	0.2469	2825.0000
634	0.6703	0.5000	0.8483	0.7854	0.2397	0.8155	33.7333	0.1264	2825.0000	698.0000	0.2471	2827.0000
635	0.6731	0.5000	0.8494	0.7638	0.2359	0.8055	33.8000	0.1330	2830.0000	718.0000	0.2537	2832.0000
636	0.6786	0.5000	0.8489	0.7822	0.2386	0.8106	33.8667	0.1309	2828.0000	700.0000	0.2475	2830.0000
637	0.6716	0.5000	0.8485	0.7853	0.2385	0.8094	34.0000	0.1291	2823.0000	710.0000	0.2515	2825.0000
638	0.6789	0.5000	0.8481	0.7736	0.2385	0.8066	34.0667	0.1293	2813.0000	700.0000	0.2488	2815.0000
639	0.6838	0.5000	0.8472	0.7827	0.2386	0.8175	33.6667	0.1238	2817.0000	699.0000	0.2481	2819.0000
640	0.6776	0.5000	0.8504	0.7788	0.2357	0.8073	33.6000	0.1328	2819.0000	710.0000	0.2519	2821.0000
641	0.6701	0.5000	0.8469	0.7796	0.2421	0.8115	33.6667	0.1284	2826.0000	713.0000	0.2523	2828.0000
642	0.6755	0.5000	0.8485	0.7755	0.2385	0.8123	34.0667	0.1269	2828.0000	702.0000	0.2482	2830.0000
643	0.6720	0.5000	0.8484	0.7815	0.2399	0.8156	33.6667	0.1231	2837.0000	697.0000	0.2457	2839.0000
644	0.6731	0.5000	0.8477	0.7743	0.2395	0.8057	33.8000	0.1335	2821.0000	717.0000	0.2542	2823.0000
645	0.6780	0.5000	0.8481	0.7703	0.2387	0.8126	33.6667	0.1252	2827.0000	693.0000	0.2451	2829.0000
646	0.6710	0.5000	0.8478	0.7766	0.2405	0.8059	33.8000	0.1359	2818.0000	708.0000	0.2512	2820.0000
647	0.6656	0.5000	0.8474	0.7756	0.2383	0.8083	33.9333	0.1338	2808.0000	697.0000	0.2482	2810.0000
648	0.6762	0.5000	0.8469	0.7762	0.2374	0.8100	33.6667	0.1334	2818.0000	699.0000	0.2480	2820.0000
649	0.6847	0.5000	0.8464	0.7694	0.2379	0.8099	33.8000	0.1274	2811.0000	691.0000	0.2458	2813.0000
650	0.6837	0.5000	0.8493	0.7802	0.2409	0.8155	33.8667	0.1240	2828.0000	685.0000	0.2422	2830.0000
651	0.6828	0.5000	0.8492	0.7831	0.2381	0.8156	34.1333	0.1275	2805.0000	689.0000	0.2456	2807.0000
652	0.6771	0.5000	0.8476	0.7863	0.2398	0.8180	33.7333	0.1219	2817.0000	687.0000	0.2439	2819.0000
653	0.6744	0.5000	0.8487	0.7723	0.2379	0.8074	33.9333	0.1330	2825.0000	703.0000	0.2488	2827.0000
654	0.6766	0.5000	0.8489	0.7781	0.2387	0.8114	33.8667	0.1300	2820.0000	709.0000	0.2514	2822.0000
655	0.6788	0.5000	0.8485	0.7725	0.2387	0.8108	34.0000	0.1277	2824.0000	713.0000	0.2525	2826.0000
656	0.6753	0.5000	0.8491	0.7658	0.2382	0.8059	33.9333	0.1290	2819.0000	706.0000	0.2504	2821.0000
657	0.6682	0.5000	0.8492	0.7806	0.2367	0.8045	33.8000	0.1343	2820.0000	715.0000	0.2535	2822.0000
658	0.6814	0.5000	0.8488	0.7754	0.2352	0.8054	33.9333	0.1334	2832.0000	725.0000	0.2560	2834.0000
659	0.6725	0.5000	0.8491	0.7646	0.2346	0.7976	33.8667	0.1367	2821.0000	724.0000	0.2566	2823.0000
660	0.6745	0.5000	0.8477	0.7821	0.2390	0.8042	33.8000	0.1372	2828.0000	708.0000	0.2504	2830.0000
661	0.6707	0.5000	0.8474	0.7689	0.2374	0.8053	33.5333	0.1341	2832.0000	718.0000	0.2535	2834.0000
662	0.6833	0.5000	0.8492	0.7739	0.2387	0.8078	34.0000	0.1297	2835.0000	706.0000	0.2490	2837.0000
663	0.6713	0.5000	0.8498	0.7770	0.2378	0.8034	33.6000	0.1340	2831.0000	719.0000	0.2540	2833.0000
664	0.6802	0.5000	0.8467	0.7790	0.2391	0.8126	34.0000	0.1285	2817.0000	699.0000	0.2481	2819.0000
665	0.6655	0.5000	0.8482	0.7764	0.2360	0.8050	33.8000	0.1353	2802.0000	720.0000	0.2570	2804.0000
666	0.6755	0.5000	0.8476	0.7697	0.2367	0.8098	33.8000	0.1298	2806.0000	693.0000	0.2470	2808.0000
667	0.6762	0.5000	0.8501	0.7645	0.2374	0.8043	33.7333	0.1325	2831.0000	704.0000	0.2487	2833.0000
668	0.6775	0.5000	0.8475	0.7793	0.2418	0.8186	33.6667	0.1220	2812.0000	684.0000	0.2432	2814.0000
669	0.6895	0.5000	0.8487	0.7755	0.2387	0.8179	33.7333	0.1203	2824.0000	690.0000	0.2443	2826.0000
670	0.6843	0.5000	0.8496	0.7826	0.2378	0.8095	33.7333	0.1298	2836.0000	721.0000	0.2542	2838.0000
671	0.6768	0.5000	0.8490	0.7897	0.2378	0.8175	33.8000	0.1226	2830.0000	698.0000	0.2466	2832.0000
672	0.6909	0.5000	0.8473	0.7767	0.2415	0.8207	33.9333	0.1181	2826.0000	690.0000	0.2442	2828.0000
673	0.6694	0.5000	0.8485	0.7661	0.2380	0.8009	34.0667	0.1372	2829.0000	717.0000	0.2534	2831.0000
674	0.6867	0.5000	0.8500	0.7872	0.2379	0.8193	33.9333	0.1234	2826.0000	687.0000	0.2431	2828.0000
675	0.6770	0.5000	0.8492	0.7826	0.2390	0.8136	33.7333	0.1268	2836.0000	705.0000	0.2486	2838.0000
676	0.6763	0.5000	0.8466	0.8016	0.2401	0.8150	34.0000	0.1294	2815.0000	704.0000	0.2501	2817.0000
677	0.6668	0.5000	0.8502	0.7718	0.2372	0.8070	33.6667	0.1289	2827.0000	711.0000	0.2515	2829.0000
678	0.6833	0.5000	0.8471	0.7826	0.2385	0.8106	33.6000	0.1337	2829.0000	710.0000	0.2510	2831.0000
679	0.6899	0.5000	0.8490	0.7810	0.2401	0.8207	33.7333	0.1189	2809.0000	662.0000	0.2357	2811.0000
680	0.6671	0.5000	0.8481	0.7807	0.2395	0.8059	33.9333	0.1359	2835.0000	705.0000	0.2487	2837.0000
681	0.6722	0.5000	0.8482	0.7698	0.2366	0.8044	33.8000	0.1321	2827.0000	706.0000	0.2497	2829.0000
682	0.6656	0.5000	0.8476	0.7749	0.2396	0.8070	34.0667	0.1347	2824.0000	713.0000	0.2525	2826.0000
683	0.6723	0.5000	0.8498	0.7867	0.2378	0.8175	33.8667	0.1250	2822.0000	689.0000	0.2442	2824.0000
684	0.6851	0.5000	0.8490	0.7807	0.2375	0.8179	34.1333	0.1275	2827.0000	693.0000	0.2451	2829.0000
685	0.6592	0.5000	0.8479	0.7813	0.2407	0.8051	33.8000	0.1336	2803.0000	707.0000	0.2522	2805.0000
686	0.6666	0.5000	0.8485	0.7682	0.2381	0.8009	33.7333	0.1353	2832.0000	726.0000	0.2564	2834.0000
687	0.6742	0.5000	0.8484	0.7787	0.2387	0.8057	33.8667	0.1327	2827.0000	705.0000	0.2494	2829.0000
688	0.6761	0.5000	0.8499	0.7874	0.2377	0.8133	33.7333	0.1302	2820.0000	689.0000	0.2443	2822.0000
689	0.6815	0.5000	0.8461	0.7671	0.2392	0.8060	33.7333	0.1317	2822.0000	714.0000	0.2530	2824.0000
690	0.6767	0.5000	0.8498	0.7750	0.2367	0.8098	33.5333	0.1316	2802.0000	705.0000	0.2516	2804.0000
691	0.6815	0.5000	0.8488	0.7863	0.2397	0.8169	33.8000	0.1225	2838.0000	699.0000	0.2463	2840.0000
692	0.6687	0.5000	0.8480	0.7749	0.2395	0.8082	34.1333	0.1297	2825.0000	721.0000	0.2552	2827.0000
693	0.6788	0.5000	0.8488	0.7639	0.2378	0.8078	33.8000	0.1297	2820.0000	720.0000	0.2553	2822.0000
694	0.6790	0.5000	0.8490	0.7757	0.2368	0.8046	33.8667	0.1337	2832.0000	721.0000	0.2546	2834.0000
695	0.6813	0.5000	0.8484	0.7908	0.2374	0.8110	33.7333	0.1312	2819.0000	698.0000	0.2476	2821.0000
696	0.6805	0.5000	0.8501	0.7899	0.2373	0.8170	33.6667	0.1261	2820.0000	692.0000	0.2454	2822.0000
697	0.6722	0.5000	0.8479	0.7795	0.2369	0.8021	33.9333	0.1365	2824.0000	724.0000	0.2564	2826.0000
698	0.6886	0.5000	0.8479	0.7733	0.2383	0.8148	33.9333	0.1261	2807.0000	696.0000	0.2480	2809.0000
699	0.6780	0.5000	0.8498	0.7709	0.2362	0.7993	33.9333	0.1381	2812.0000	715.0000	0.2543	2814.0000
700	0.6768	0.5000	0.8489	0.7665	0.2379	0.8045	34.0667	0.1354	2826.0000	732.0000	0.2590	2828.0000
701	0.6696	0.5000	0.8503	0.7683	0.2353	0.8086	33.8667	0.1332	2826.0000	702.0000	0.2484	2828.0000
702	0.6726	0.5000	0.8487	0.7696	0.2384	0.8099	33.6667	0.1268	2810.0000	702.0000	0.2498	2812.0000
703	0.6849	0.5000	0.8451	0.7824	0.2411	0.8197	33.8000	0.1213	2809.0000	690.0000	0.2456	2811.0000
704	0.6735	0.5000	0.8479	0.7819	0.2398	0.8136	34.0000	0.1301	2830.0000	689.0000	0.2435	2832.0000
705	0.6808	0.5000	0.8483	0.7884	0.2380	0.8147	33.9333	0.1261	2809.0000	687.0000	0.2446	2811.0000
706	0.6742	0.5000	0.8504	0.7744	0.2380	0.8133	33.6667	0.1299	2806.0000	703.0000	0.2505	2808.0000
707	0.6764	0.5000	0.8462	0.7761	0.2401	0.8088	33.6000	0.1308	2829.0000	703.0000	0.2485	2831.0000
708	0.6704	0.5000	0.8470	0.7695	0.2359	0.8005	34.0667	0.1412	2826.0000	735.0000	0.2601	2828.0000
709	0.6811	0.5000	0.8483	0.7723	0.2344	0.8042	33.5333	0.1367	2813.0000	717.0000	0.2549	2815.0000
710	0.6829	0.5000	0.8473	0.7724	0.2390	0.8129	33.6000	0.1252	2827.0000	722.0000	0.2554	2829.0000
711	0.6722	0.5000	0.8486	0.7575	0.2367	0.8008	33.8667	0.1357	2830.0000	717.0000	0.2534	2832.0000
712	0.6741	0.5000	0.8471	0.7670	0.2390	0.8088	33.6000	0.1274	2831.0000	713.0000	0.2519	2833.0000
713	0.6748	0.5000	0.8469	0.7766	0.2369	0.8107	33.5333	0.1264	2813.0000	706.0000	0.2510	2815.0000
714	0.6694	0.5000	0.8478	0.7777	0.2380	0.8096	33.9333	0.1301	2826.0000	714.0000	0.2527	2828.0000
715	0.6727	0.5000	0.8496	0.7873	0.2410	0.8178	33.8667	0.1248	2824.0000	692.0000	0.2450	2826.0000
716	0.6846	0.5000	0.8493	0.7787	0.2389	0.8168	33.8000	0.1245	2825.0000	698.0000	0.2471	2827.0000
717	0.6720	0.5000	0.8488	0.7795	0.2391	0.8117	33.8000	0.1301	2821.0000	701.0000	0.2485	2823.0000
718	0.6744	0.5000	0.8483	0.7799	0.2390	0.8128	33.8667	0.1276	2827.0000	697.0000	0.2466	2829.0000
719	0.6689	0.5000	0.8483	0.7686	0.2371	0.8115	33.7333	0.1294	2815.0000	709.0000	0.2519	2817.0000
720	0.6786	0.5000	0.8469	0.7780	0.2397	0.8130	33.7333	0.1293	2815.0000	697.0000	0.2476	2817.0000
721	0.6764	0.5000	0.8439	0.7736	0.2425	0.8136	33.7333	0.1255	2813.0000	695.0000	0.2471	2815.0000
722	0.6740	0.5000	0.8461	0.7630	0.2392	0.8005	33.9333	0.1346	2804.0000	724.0000	0.2582	2806.0000
723	0.6776	0.5000	0.8487	0.7735	0.2375	0.8035	33.8000	0.1351	2815.0000	731.0000	0.2597	2817.0000
724	0.6812	0.5000	0.8473	0.7739	0.2394	0.8092	34.0667	0.1273	2809.0000	701.0000	0.2496	2811.0000
725	0.6728	0.5000	0.8486	0.7783	0.2380	0.8064	33.8000	0.1321	2832.0000	713.0000	0.2518	2834.0000
726	0.6746	0.5000	0.8467	0.7743	0.2399	0.8090	34.0000	0.1301	2840.0000	708.0000	0.2493	2842.0000
727	0.6844	0.5000	0.8488	0.7785	0.2397	0.8108	33.5333	0.1295	2826.0000	701.0000	0.2481	2828.0000
728	0.6886	0.5000	0.8478	0.7805	0.2372	0.8184	34.0000	0.1269	2825.0000	694.0000	0.2457	2827.0000
729	0.6769	0.5000	0.8444	0.7737	0.2400	0.8043	33.8667	0.1348	2811.0000	729.0000	0.2593	2813.0000
730	0.6725	0.5000	0.8474	0.7741	0.2404	0.8045	33.7333	0.1354	2828.0000	700.0000	0.2475	2830.0000
731	0.6814	0.5000	0.8473	0.7800	0.2392	0.8108	34.0000	0.1282	2830.0000	712.0000	0.2516	2832.0000
732	0.6791	0.5000	0.8481	0.7889	0.2396	0.8174	33.6667	0.1211	2826.0000	693.0000	0.2452	2828.0000
733	0.6769	0.5000	0.8475	0.7783	0.2379	0.8118	33.8667	0.1278	2836.0000	700.0000	0.2468	2838.0000
734	0.6745	0.5000	0.8470	0.7776	0.2386	0.8096	34.0000	0.1288	2826.0000	713.0000	0.2523	2828.0000
735	0.6801	0.5000	0.8509	0.7818	0.2378	0.8173	33.8000	0.1255	2823.0000	686.0000	0.2430	2825.0000
736	0.6717	0.5000	0.8499	0.7827	0.2381	0.8118	34.0000	0.1304	2825.0000	706.0000	0.2499	2827.0000
737	0.6742	0.5000	0.8485	0.7818	0.2386	0.8146	33.6000	0.1262	2809.0000	694.0000	0.2471	2811.0000
738	0.6724	0.5000	0.8481	0.7718	0.2356	0.8084	33.8000	0.1285	2833.0000	710.0000	0.2506	2835.0000
739	0.6802	0.5000	0.8464	0.7635	0.2391	0.8033	33.9333	0.1343	2824.0000	720.0000	0.2550	2826.0000
740	0.6797	0.5000	0.8483	0.7669	0.2380	0.8089	34.2667	0.1294	2825.0000	707.0000	0.2503	2827.0000
741	0.6783	0.5000	0.8492	0.7862	0.2381	0.8131	34.0000	0.1300	2820.0000	698.0000	0.2475	2822.0000
742	0.6729	0.5000	0.8489	0.7744	0.2359	0.8087	33.6000	0.1293	2807.0000	707.0000	0.2519	2809.0000
743	0.6797	0.5000	0.8451	0.7757	0.2425	0.8122	33.5333	0.1236	2808.0000	701.0000	0.2496	2810.0000
744	0.6824	0.5000	0.8478	0.7787	0.2386	0.8158	34.0667	0.1259	2821.0000	699.0000	0.2478	2823.0000
745	0.6698	0.5000	0.8471	0.7739	0.2406	0.8062	33.9333	0.1323	2827.0000	714.0000	0.2526	2829.0000
746	0.6784	0.5000	0.8499	0.7672	0.2361	0.8118	33.7333	0.1278	2826.0000	699.0000	0.2473	2828.0000
747	0.6826	0.5000	0.8486	0.7592	0.2373	0.8066	33.8667	0.1289	2820.0000	716.0000	0.2539	2822.0000
748	0.6809	0.5000	0.8491	0.7948	0.2405	0.8189	33.6000	0.1202	2818.0000	690.0000	0.2449	2820.0000
749	0.6811	0.5000	0.8466	0.7828	0.2411	0.8139	33.9333	0.1269	2812.0000	689.0000	0.2450	2814.0000
750	0.6729	0.5000	0.8483	0.7785	0.2378	0.8082	33.7333	0.1282	2819.0000	715.0000	0.2536	2821.0000
751	0.6867	0.5000	0.8479	0.7780	0.2383	0.8169	34.0000	0.1250	2818.0000	685.0000	0.2431	2820.0000
752	0.6843	0.5000	0.8476	0.7730	0.2387	0.8102	33.5333	0.1267	2825.0000	697.0000	0.2467	2827.0000
753	0.6777	0.5000	0.8488	0.7747	0.2383	0.8091	33.8000	0.1296	2821.0000	716.0000	0.2538	2823.0000
754	0.6830	0.5000	0.8481	0.7719	0.2397	0.8172	33.5333	0.1204	2822.0000	690.0000	0.2445	2824.0000
755	0.6762	0.5000	0.8478	0.7789	0.2403	0.8123	33.6000	0.1259	2820.0000	703.0000	0.2493	2822.0000
756	0.6720	0.5000	0.8490	0.7789	0.2383	0.8142	33.8667	0.1258	2820.0000	697.0000	0.2472	2822.0000
757	0.6809	0.5000	0.8494	0.7928	0.2381	0.8203	33.5333	0.1212	2829.0000	684.0000	0.2418	2831.0000
758	0.6705	0.5000	0.8465	0.7684	0.2401	0.8088	33.8000	0.1264	2822.0000	710.0000	0.2516	2824.0000
759	0.6745	0.5000	0.8483	0.7831	0.2391	0.8078	33.7333	0.1309	2829.0000	703.0000	0.2485	2831.0000
760	0.6746	0.5000	0.8488	0.7677	0.2357	0.8055	33.7333	0.1320	2829.0000	713.0000	0.2520	2831.0000
761	0.6805	0.5000	0.8484	0.7693	0.2384	0.8103	33.5333	0.1293	2818.0000	692.0000	0.2456	2820.0000
762	0.6724	0.5000	0.8462	0.7619	0.2401	0.8039	34.0000	0.1317	2831.0000	719.0000	0.2540	2833.0000
763	0.6780	0.5000	0.8459	0.7749	0.2388	0.8064	34.0000	0.1322	2828.0000	717.0000	0.2535	2830.0000
764	0.6830	0.5000	0.8497	0.7818	0.2377	0.8093	33.6000	0.1314	2818.0000	698.0000	0.2477	2820.0000
765	0.6699	0.5000	0.8463	0.7870	0.2397	0.8144	33.6000	0.1246	2821.0000	707.0000	0.2506	2823.0000
766	0.6800	0.5000	0.8496	0.7796	0.2404	0.8089	33.9333	0.1304	2823.0000	696.0000	0.2465	2825.0000
767	0.6819	0.5000	0.8459	0.7692	0.2385	0.8108	33.9333	0.1286	2824.0000	705.0000	0.2496	2826.0000
768	0.6777	0.5000	0.8490	0.7678	0.2371	0.8049	33.9333	0.1322	2822.0000	715.0000	0.2534	2824.0000
769	0.6872	0.5000	0.8477	0.7766	0.2396	0.8123	33.6667	0.1281	2819.0000	704.0000	0.2497	2821.0000
770	0.6722	0.5000	0.8475	0.7776	0.2379	0.8114	33.9333	0.1271	2811.0000	704.0000	0.2504	2813.0000
771	0.6822	0.5000	0.8475	0.7767	0.2393	0.8152	33.8000	0.1253	2808.0000	688.0000	0.2450	2810.0000
772	0.6802	0.5000	0.8493	0.7812	0.2384	0.8105	33.6667	0.1270	2833.0000	704.0000	0.2485	2835.0000
773	0.6785	0.5000	0.8466	0.7776	0.2430	0.8105	33.8000	0.1313	2819.0000	699.0000	0.2480	2821.0000
774	0.6788	0.5000	0.8484	0.7662	0.2383	0.8087	34.0000	0.1299	2812.0000	706.0000	0.2511	2814.0000
775	0.6896	0.5000	0.8499	0.7908	0.2392	0.8220	33.3333	0.1243	2828.0000	683.0000	0.2415	2830.0000
776	0.6754	0.5000	0.8464	0.7694	0.2398	0.8080	33.8000	0.1311	2807.0000	709.0000	0.2526	2809.0000
777	0.6869	0.5000	0.8490	0.7664	0.2378	0.8063	34.0000	0.1294	2827.0000	713.0000	0.2522	2829.0000
778	0.6796	0.5000	0.8493	0.7805	0.2360	0.8087	33.3333	0.1337	2821.0000	707.0000	0.2506	2823.0000
779	0.6776	0.5000	0.8486	0.7762	0.2366	0.8081	33.9333	0.1316	2818.0000	698.0000	0.2477	2820.0000
780	0.6786	0.5000	0.8482	0.7766	0.2388	0.8097	33.6000	0.1313	2825.0000	697.0000	0.2467	2827.0000
781	0.6706	0.5000	0.8495	0.7832	0.2360	0.8102	33.8667	0.1336	2832.0000	722.0000	0.2549	2834.0000
782	0.6816	0.5000	0.8487	0.7845	0.2412	0.8122	33.5333	0.1271	2825.0000	697.0000	0.2467	2827.0000
783	0.6674	0.5000	0.8483	0.7727	0.2399	0.8078	33.6667	0.1312	2831.0000	707.0000	0.2497	2833.0000
784	0.6731	0.5000	0.8498	0.7744	0.2379	0.8058	33.6667	0.1343	2824.0000	710.0000	0.2514	2826.0000
785	0.6753	0.5000	0.8490	0.7741	0.2368	0.8038	33.8000	0.1319	2815.0000	708.0000	0.2515	2817.0000
786	0.6745	0.5000	0.8445	0.7736	0.2414	0.8092	33.7333	0.1323	2805.0000	698.0000	0.2488	2807.0000
787	0.6825	0.5000	0.8488	0.7782	0.2393	0.8135	33.6667	0.1255	2813.0000	697.0000	0.2478	2815.0000
788	0.6788	0.5000	0.8493	0.7802	0.2374	0.8092	33.6000	0.1287	2834.0000	710.0000	0.2505	2836.0000
789	0.6745	0.5000	0.8481	0.7842	0.2398	0.8036	34.1333	0.1353	2820.0000	714.0000	0.2532	2822.0000
790	0.6735	0.5000	0.8489	0.7730	0.2375	0.8107	33.8667	0.1266	2810.0000	708.0000	0.2520	2812.0000
791	0.6744	0.5000	0.8480	0.7686	0.2398	0.8092	33.9333	0.1276	2817.0000	708.0000	0.2513	2819.0000
792	0.6684	0.5000	0.8498	0.7738	0.2365	0.8007	33.8000	0.1399	2808.0000	724.0000	0.2578	2810.0000
793	0.6769	0.5000	0.8471	0.7714	0.2390	0.8097	33.7333	0.1290	2816.0000	704.0000	0.2500	2818.0000
794	0.6752	0.5000	0.8484	0.7699	0.2389	0.8055	33.8667	0.1294	2828.0000	711.0000	0.2514	2830.0000
795	0.6738	0.5000	0.8469	0.7716	0.2387	0.8107	33.6667	0.1274	2811.0000	703.0000	0.2501	2813.0000
796	0.6843	0.5000	0.8496	0.7850	0.2392	0.8137	33.7333	0.1292	2833.0000	695.0000	0.2453	2835.0000
797	0.6811	0.5000	0.8483	0.7743	0.2383	0.8057	33.7333	0.1322	2812.0000	704.0000	0.2504	2814.0000
798	0.6765	0.5000	0.8480	0.7770	0.2390	0.8157	33.8667	0.1246	2825.0000	688.0000	0.2435	2827.0000
799	0.6743	0.5000	0.8472	0.7796	0.2369	0.8062	33.6667	0.1329	2799.0000	704.0000	0.2515	2801.0000
800	0.6786	0.5000	0.8463	0.7766	0.2374	0.8073	33.9333	0.1325	2806.0000	698.0000	0.2488	2808.0000
801	0.6815	0.5000	0.8494	0.7791	0.2368	0.8161	33.7333	0.1250	2818.0000	694.0000	0.2463	2820.0000
802	0.6808	0.5000	0.8471	0.7880	0.2387	0.8045	33.6667	0.1327	2817.0000	719.0000	0.2552	2819.0000
803	0.6719	0.5000	0.8486	0.7934	0.2402	0.8125	33.8000	0.1311	2831.0000	703.0000	0.2483	2833.0000
804	0.6814	0.5000	0.8477	0.7658	0.2367	0.8076	33.9333	0.1328	2814.0000	711.0000	0.2527	2816.0000
805	0.6802	0.5000	0.8486	0.7732	0.2377	0.8104	33.6667	0.1296	2830.0000	706.0000	0.2495	2832.0000
806	0.6789	0.5000	0.8493	0.7805	0.2369	0.8094	33.7333	0.1284	2814.0000	716.0000	0.2544	2816.0000
807	0.6784	0.5000	0.8492	0.7737	0.2375	0.8096	33.8000	0.1297	2821.0000	705.0000	0.2499	2823.0000
808	0.6628	0.5000	0.8501	0.7752	0.2360	0.8021	33.6667	0.1364	2809.0000	721.0000	0.2567	2811.0000
809	0.6772	0.5000	0.8470	0.7703	0.2401	0.8075	33.7333	0.1313	2826.0000	702.0000	0.2484	2828.0000
810	0.6831	0.5000	0.8494	0.7922	0.2390	0.8169	33.8667	0.1252	2825.0000	681.0000	0.2411	2827.0000
811	0.6789	0.5000	0.8474	0.7752	0.2404	0.8112	33.8000	0.1274	2833.0000	705.0000	0.2489	2835.0000
812	0.6875	0.5000	0.8491	0.7676	0.2375	0.8109	33.7333	0.1258	2825.0000	702.0000	0.2485	2827.0000
813	0.6766	0.5000	0.8501	0.7810	0.2361	0.8062	33.7333	0.1335	2814.0000	716.0000	0.2544	2816.0000
814	0.6836	0.5000	0.8476	0.7743	0.2388	0.8177	33.7333	0.1244	2820.0000	693.0000	0.2457	2822.0000
815	0.6638	0.5000	0.8491	0.7886	0.2400	0.8136	33.6000	0.1288	2826.0000	695.0000	0.2459	2828.0000
816	0.6805	0.5000	0.8492	0.7717	0.2362	0.8097	34.0667	0.1278	2822.0000	705.0000	0.2498	2824.0000
817	0.6769	0.5000	0.8505	0.7804	0.2385	0.8097	33.8667	0.1320	2818.0000	714.0000	0.2534	2820.0000
818	0.6799	0.5000	0.8489	0.7671	0.2394	0.8115	34.0000	0.1299	2818.0000	690.0000	0.2449	2820.0000
819	0.6896	0.5000	0.8485	0.7816	0.2381	0.8135	33.8667	0.1262	2841.0000	699.0000	0.2460	2843.0000
820	0.6851	0.5000	0.8456	0.7737	0.2403	0.8051	33.6667	0.1324	2814.0000	704.0000	0.2502	2816.0000
821	0.6767	0.5000	0.8494	0.7819	0.2400	0.8140	33.8667	0.1261	2828.0000	697.0000	0.2465	2830.0000
822	0.6751	0.5000	0.8483	0.7710	0.2397	0.8083	34.0667	0.1304	2824.0000	704.0000	0.2493	2826.0000
823	0.6683	0.5000	0.8485	0.7812	0.2387	0.8037	33.9333	0.1348	2818.0000	707.0000	0.2509	2820.0000
824	0.6796	0.5000	0.8500	0.7664	0.2347	0.8087	33.5333	0.1307	2830.0000	711.0000	0.2512	2832.0000
825	0.6824	0.5000	0.8498	0.7740	0.2376	0.8137	33.8667	0.1243	2830.0000	698.0000	0.2466	2832.0000
826	0.6780	0.5000	0.8477	0.7776	0.2410	0.8093	33.7333	0.1322	2817.0000	707.0000	0.2510	2819.0000
827	0.6872	0.5000	0.8473	0.7678	0.2372	0.8070	33.8000	0.1275	2816.0000	702.0000	0.2493	2818.0000
828	0.6757	0.5000	0.8494	0.7813	0.2408	0.8183	33.7333	0.1246	2833.0000	685.0000	0.2418	2835.0000
829	0.6704	0.5000	0.8481	0.7697	0.2365	0.7984	33.7333	0.1386	2824.0000	726.0000	0.2571	2826.0000
830	0.6751	0.5000	0.8493	0.7703	0.2358	0.8038	33.8000	0.1347	2830.0000	731.0000	0.2583	2832.0000
831	0.6914	0.5000	0.8486	0.7780	0.2387	0.8158	33.7333	0.1273	2831.0000	686.0000	0.2423	2833.0000
832	0.6769	0.5000	0.8492	0.7701	0.2367	0.8098	33.8000	0.1306	2813.0000	699.0000	0.2485	2815.0000
833	0.6670	0.5000	0.8481	0.7689	0.2387	0.8135	33.8000	0.1245	2830.0000	700.0000	0.2473	2832.0000
834	0.6719	0.5000	0.8494	0.7785	0.2363	0.8101	33.7333	0.1311	2812.0000	714.0000	0.2539	2814.0000
835	0.6733	0.5000	0.8472	0.7746	0.2386	0.8088	34.0000	0.1294	2822.0000	705.0000	0.2498	2824.0000
836	0.6808	0.5000	0.8488	0.7800	0.2388	0.8062	33.8667	0.1341	2834.0000	692.0000	0.2442	2836.0000
837	0.6840	0.5000	0.8471	0.7831	0.2403	0.8123	34.0667	0.1316	2820.0000	698.0000	0.2475	2822.0000
838	0.6766	0.5000	0.8489	0.7740	0.2352	0.8059	33.5333	0.1333	2816.0000	719.0000	0.2553	2818.0000
839	0.6760	0.5000	0.8474	0.7885	0.2379	0.8075	34.1333	0.1312	2823.0000	713.0000	0.2526	2825.0000
840	0.6670	0.5000	0.8449	0.7739	0.2416	0.8071	33.6667	0.1284	2801.0000	713.0000	0.2546	2803.0000
841	0.6696	0.5000	0.8505	0.7902	0.2389	0.8137	33.8667	0.1302	2826.0000	691.0000	0.2445	2828.0000
842	0.6848	0.5000	0.8498	0.7690	0.2346	0.8142	33.8000	0.1265	2818.0000	701.0000	0.2488	2820.0000
843	0.6783	0.5000	0.8478	0.7804	0.2413	0.8145	33.9333	0.1255	2824.0000	697.0000	0.2468	2826.0000
844	0.6813	0.5000	0.8481	0.7700	0.2391	0.8121	33.6000	0.1288	2830.0000	688.0000	0.2431	2832.0000
845	0.6760	0.5000	0.8482	0.7785	0.2392	0.8119	33.7333	0.1269	2811.0000	706.0000	0.2512	2813.0000
846	0.6824	0.5000	0.8485	0.7743	0.2367	0.8119	33.8000	0.1293	2812.0000	693.0000	0.2464	2814.0000
847	0.6790	0.5000	0.8461	0.7754	0.2379	0.8071	33.7333	0.1335	2819.0000	719.0000	0.2551	2821.0000
848	0.6797	0.5000	0.8472	0.7684	0.2378	0.8044	33.8667	0.1338	2834.0000	724.0000	0.2555	2836.0000
849	0.6849	0.5000	0.8477	0.7810	0.2384	0.8139	33.8000	0.1274	2823.0000	696.0000	0.2465	2825.0000
850	0.6751	0.5000	0.8463	0.7912	0.2420	0.8125	33.8000	0.1297	2823.0000	692.0000	0.2451	2825.0000
851	0.6784	0.5000	0.8482	0.7765	0.2379	0.8086	33.8667	0.1332	2821.0000	705.0000	0.2499	2823.0000
852	0.6757	0.5000	0.8471	0.7681	0.2369	0.8007	33.7333	0.1367	2820.0000	723.0000	0.2564	2822.0000
853	0.6798	0.5000	0.8463	0.7811	0.2395	0.8129	33.8000	0.1264	2815.0000	687.0000	0.2440	2817.0000
854	0.6721	0.5000	0.8485	0.7685	0.2385	0.8128	33.6667	0.1251	2816.0000	696.0000	0.2472	2818.0000
855	0.6795	0.5000	0.8511	0.7670	0.2368	0.8070	33.5333	0.1295	2833.0000	710.0000	0.2506	2835.0000
856	0.6849	0.5000	0.8474	0.7844	0.2395	0.8172	33.8667	0.1239	2810.0000	695.0000	0.2473	2812.0000
857	0.6794	0.5000	0.8495	0.7860	0.2383	0.8115	33.6667	0.1319	2834.0000	705.0000	0.2488	2836.0000
858	0.6689	0.5000	0.8482	0.7683	0.2378	0.8015	33.8667	0.1369	2823.0000	724.0000	0.2565	2825.0000
859	0.6843	0.5000	0.8462	0.7846	0.2408	0.8141	34.1333	0.1268	2815.0000	691.0000	0.2455	2817.0000
860	0.6746	0.5000	0.8488	0.7761	0.2351	0.8092	33.6667	0.1285	2837.0000	708.0000	0.2496	2839.0000
861	0.6722	0.5000	0.8487	0.7802	0.2381	0.8168	33.8000	0.1262	2821.0000	686.0000	0.2432	2823.0000
862	0.6825	0.5000	0.8504	0.7748	0.2362	0.8064	33.9333	0.1344	2813.0000	703.0000	0.2499	2815.0000
863	0.6770	0.5000	0.8466	0.7677	0.2376	0.8116	33.7333	0.1299	2820.0000	707.0000	0.2507	2822.0000
864	0.6843	0.5000	0.8470	0.7778	0.2382	0.8044	33.7333	0.1374	2817.0000	708.0000	0.2513	2819.0000
865	0.6712	0.5000	0.8499	0.7804	0.2372	0.8096	33.8667	0.1307	2823.0000	719.0000	0.2547	2825.0000
866	0.6823	0.5000	0.8492	0.7630	0.2391	0.8075	33.8000	0.1292	2814.0000	707.0000	0.2512	2817.0000
867	0.6785	0.5000	0.8455	0.7744	0.2400	0.8081	33.4667	0.1297	2831.0000	701.0000	0.2476	2833.0000
868	0.6859	0.5000	0.8495	0.7799	0.2378	0.8165	33.8000	0.1250	2823.0000	694.0000	0.2458	2825.0000
869	0.6814	0.5000	0.8485	0.7675	0.2366	0.8117	33.8667	0.1281	2835.0000	705.0000	0.2487	2837.0000
870	0.6698	0.5000	0.8477	0.7787	0.2383	0.8090	33.6667	0.1313	2813.0000	689.0000	0.2449	2815.0000
871	0.6815	0.5000	0.8496	0.7685	0.2377	0.8109	33.8667	0.1266	2841.0000	693.0000	0.2439	2843.0000
872	0.6811	0.5000	0.8488	0.7771	0.2371	0.8103	33.7333	0.1317	2825.0000	703.0000	0.2488	2827.0000
873	0.6801	0.5000	0.8496	0.7846	0.2378	0.8175	33.6667	0.1246	2833.0000	683.0000	0.2411	2835.0000
874	0.6808	0.5000	0.8474	0.7675	0.2386	0.8114	33.9333	0.1288	2819.0000	697.0000	0.2473	2821.0000
875	0.6713	0.5000	0.8459	0.7779	0.2407	0.8045	33.8667	0.1333	2818.0000	719.0000	0.2551	2820.0000
876	0.6849	0.5000	0.8459	0.7739	0.2406	0.8091	33.7333	0.1301	2823.0000	707.0000	0.2504	2825.0000
877	0.6822	0.5000	0.8456	0.7813	0.2410	0.8139	33.6667	0.1290	2804.0000	691.0000	0.2464	2806.0000
878	0.6718	0.5000	0.8477	0.7772	0.2390	0.8125	33.6000	0.1268	2831.0000	692.0000	0.2444	2833.0000
879	0.6761	0.5000	0.8495	0.7810	0.2383	0.8094	33.7333	0.1327	2817.0000	708.0000	0.2513	2819.0000
880	0.6755	0.5000	0.8487	0.7864	0.2396	0.8133	33.9333	0.1289	2800.0000	696.0000	0.2486	2802.0000
881	0.6803	0.5000	0.8484	0.7824	0.2399	0.8164	33.8000	0.1255	2815.0000	688.0000	0.2444	2817.0000
882	0.6753	0.5000	0.8477	0.7833	0.2400	0.8139	33.7333	0.1269	2815.0000	696.0000	0.2472	2817.0000
883	0.6689	0.5000	0.8498	0.7661	0.2350	0.8021	33.8000	0.1349	2825.0000	721.0000	0.2552	2827.0000
884	0.6851	0.5000	0.8493	0.7780	0.2373	0.8106	33.9333	0.1292	2827.0000	713.0000	0.2522	2829.0000
885	0.6673	0.5000	0.8493	0.7665	0.2355	0.8028	33.6667	0.1328	2824.0000	715.0000	0.2532	2826.0000
886	0.6742	0.5000	0.8492	0.7831	0.2367	0.8058	33.8000	0.1345	2839.0000	724.0000	0.2550	2841.0000
887	0.6822	0.5000	0.8484	0.7771	0.2396	0.8135	33.6667	0.1252	2810.0000	689.0000	0.2452	2812.0000
888	0.6710	0.5000	0.8509	0.7693	0.2352	0.7994	33.7333	0.1399	2831.0000	739.0000	0.2610	2833.0000
889	0.6784	0.5000	0.8475	0.7757	0.2395	0.8119	33.5333	0.1288	2824.0000	698.0000	0.2472	2826.0000
890	0.6745	0.5000	0.8491	0.7728	0.2394	0.8104	33.6667	0.1288	2829.0000	706.0000	0.2496	2831.0000
891	0.6732	0.5000	0.8494	0.7910	0.2398	0.8208	33.7333	0.1243	2812.0000	679.0000	0.2415	2814.0000
892	0.6759	0.5000	0.8472	0.7731	0.2396	0.8084	33.7333	0.1332	2802.0000	702.0000	0.2505	2804.0000
893	0.6828	0.5000	0.8471	0.7722	0.2391	0.8121	33.4000	0.1266	2810.0000	692.0000	0.2463	2812.0000
894	0.6763	0.5000	0.8472	0.7815	0.2412	0.8145	34.0000	0.1246	2822.0000	692.0000	0.2452	2824.0000
895	0.6600	0.5000	0.8476	0.7705	0.2383	0.8017	33.8000	0.1352	2815.0000	728.0000	0.2586	2817.0000
896	0.6787	0.5000	0.8482	0.7797	0.2396	0.8112	33.8667	0.1302	2802.0000	694.0000	0.2477	2804.0000
897	0.6730	0.5000	0.8496	0.7928	0.2387	0.8119	33.8667	0.1304	2817.0000	683.0000	0.2425	2819.0000
898	0.6793	0.5000	0.8485	0.7693	0.2360	0.8124	33.6000	0.1262	2840.0000	701.0000	0.2468	2842.0000
899	0.6743	0.5000	0.8486	0.7890	0.2364	0.8103	33.6667	0.1302	2814.0000	702.0000	0.2495	2816.0000
900	0.6743	0.5000	0.8484	0.7840	0.2397	0.8091	33.6000	0.1296	2817.0000	712.0000	0.2528	2819.0000
901	0.6747	0.5000	0.8478	0.7761	0.2386	0.8107	33.7333	0.1298	2820.0000	708.0000	0.2511	2822.0000
902	0.6751	0.5000	0.8493	0.7844	0.2395	0.8120	33.9333	0.1297	2823.0000	701.0000	0.2483	2825.0000
903	0.6700	0.5000	0.8483	0.7755	0.2370	0.8092	33.6000	0.1328	2820.0000	704.0000	0.2496	2822.0000
904	0.6743	0.5000	0.8495	0.7739	0.2365	0.8085	33.9333	0.1322	2820.0000	708.0000	0.2511	2822.0000
905	0.6771	0.5000	0.8463	0.7686	0.2378	0.8090	34.0667	0.1266	2815.0000	715.0000	0.2540	2817.0000
906	0.6755	0.5000	0.8473	0.7685	0.2371	0.8075	33.8667	0.1317	2816.0000	710.0000	0.2521	2818.0000
907	0.6807	0.5000	0.8472	0.7620	0.2398	0.8019	33.8667	0.1330	2825.0000	711.0000	0.2517	2827.0000
908	0.6897	0.5000	0.8475	0.7806	0.2396	0.8194	33.8000	0.1208	2818.0000	679.0000	0.2410	2820.0000
909	0.6833	0.5000	0.8479	0.7797	0.2376	0.8103	33.6667	0.1300	2828.0000	702.0000	0.2482	2830.0000
910	0.6681	0.5000	0.8494	0.7873	0.2392	0.8112	33.7333	0.1304	2833.0000	706.0000	0.2492	2835.0000
911	0.6836	0.5000	0.8493	0.7861	0.2397	0.8184	34.0000	0.1248	2819.0000	688.0000	0.2441	2821.0000
912	0.6755	0.5000	0.8490	0.7789	0.2392	0.8155	33.8000	0.1232	2825.0000	699.0000	0.2474	2827.0000
913	0.6873	0.5000	0.8471	0.7816	0.2394	0.8160	33.8000	0.1256	2811.0000	688.0000	0.2448	2813.0000
914	0.6760	0.5000	0.8487	0.7792	0.2383	0.8107	33.5333	0.1280	2830.0000	703.0000	0.2484	2832.0000
915	0.6778	0.5000	0.8471	0.7710	0.2383	0.8103	33.6667	0.1297	2813.0000	707.0000	0.2513	2815.0000
916	0.6768	0.5000	0.8489	0.7805	0.2390	0.8067	34.0000	0.1333	2817.0000	716.0000	0.2542	2819.0000
917	0.6784	0.5000	0.8464	0.7698	0.2389	0.8059	33.8667	0.1313	2821.0000	722.0000	0.2559	2823.0000
918	0.6777	0.5000	0.8491	0.7720	0.2367	0.8033	33.6000	0.1333	2813.0000	713.0000	0.2535	2815.0000
919	0.6822	0.5000	0.8490	0.7814	0.2368	0.8142	33.8000	0.1265	2827.0000	686.0000	0.2427	2829.0000
920	0.6811	0.5000	0.8484	0.7747	0.2396	0.8090	33.5333	0.1299	2815.0000	705.0000	0.2504	2817.0000
921	0.6792	0.5000	0.8459	0.7772	0.2391	0.8125	33.6000	0.1275	2812.0000	702.0000	0.2496	2814.0000
922	0.6757	0.5000	0.8471	0.7835	0.2405	0.8129	33.6667	0.1254	2812.0000	702.0000	0.2496	2814.0000
923	0.6788	0.5000	0.8492	0.7755	0.2392	0.8165	33.6000	0.1224	2820.0000	683.0000	0.2422	2822.0000
924	0.6819	0.5000	0.8472	0.7782	0.2397	0.8116	33.9333	0.1292	2811.0000	703.0000	0.2501	2813.0000
925	0.6816	0.5000	0.8484	0.7788	0.2417	0.8170	33.6000	0.1235	2819.0000	684.0000	0.2426	2821.0000
926	0.6771	0.5000	0.8473	0.7769	0.2375	0.8074	33.7333	0.1336	2820.0000	713.0000	0.2528	2822.0000
927	0.6761	0.5000	0.8457	0.7856	0.2417	0.8117	33.7333	0.1279	2810.0000	695.0000	0.2473	2812.0000
928	0.6714	0.5000	0.8505	0.7753	0.2368	0.8072	33.6667	0.1287	2826.0000	704.0000	0.2491	2828.0000
929	0.6791	0.5000	0.8479	0.7790	0.2389	0.8104	33.6000	0.1303	2814.0000	712.0000	0.2530	2816.0000
930	0.6792	0.5000	0.8481	0.7744	0.2377	0.8098	33.8667	0.1317	2807.0000	703.0000	0.2504	2809.0000
931	0.6814	0.5000	0.8482	0.7804	0.2396	0.8113	33.8000	0.1256	2821.0000	705.0000	0.2499	2823.0000
932	0.6809	0.5000	0.8491	0.7726	0.2371	0.8116	33.8667	0.1293	2813.0000	690.0000	0.2453	2815.0000
933	0.6742	0.5000	0.8470	0.7625	0.2388	0.8061	33.6667	0.1336	2821.0000	714.0000	0.2531	2823.0000
934	0.6839	0.5000	0.8464	0.7710	0.2392	0.8067	33.9333	0.1304	2804.0000	713.0000	0.2543	2806.0000
935	0.6753	0.5000	0.8481	0.7719	0.2365	0.8107	33.7333	0.1298	2814.0000	714.0000	0.2537	2816.0000
936	0.6751	0.5000	0.8472	0.7782	0.2392	0.8048	33.8667	0.1336	2830.0000	709.0000	0.2505	2832.0000
937	0.6767	0.5000	0.8475	0.7814	0.2385	0.8110	33.6000	0.1311	2811.0000	700.0000	0.2490	2813.0000
938	0.6791	0.5000	0.8482	0.7807	0.2391	0.8167	33.8667	0.1229	2827.0000	692.0000	0.2448	2829.0000
939	0.6726	0.5000	0.8504	0.7717	0.2353	0.8095	33.8000	0.1306	2831.0000	702.0000	0.2480	2833.0000
940	0.6853	0.5000	0.8484	0.7808	0.2390	0.8090	33.6667	0.1319	2819.0000	699.0000	0.2480	2821.0000
941	0.6826	0.5000	0.8478	0.7823	0.2409	0.8182	33.6667	0.1215	2829.0000	690.0000	0.2439	2831.0000
942	0.6752	0.5000	0.8490	0.7720	0.2365	0.8067	33.9333	0.1334	2814.0000	714.0000	0.2537	2816.0000
943	0.6804	0.5000	0.8473	0.7846	0.2381	0.8055	33.7333	0.1333	2819.0000	719.0000	0.2551	2821.0000
944	0.6716	0.5000	0.8478	0.7841	0.2399	0.8127	33.7333	0.1262	2822.0000	696.0000	0.2466	2824.0000
945	0.6782	0.5000	0.8496	0.7833	0.2380	0.8099	33.5333	0.1312	2816.0000	695.0000	0.2468	2818.0000
946	0.6752	0.5000	0.8469	0.7738	0.2386	0.8047	33.6667	0.1349	2815.0000	713.0000	0.2533	2817.0000
947	0.6803	0.5000	0.8507	0.7595	0.2347	0.8057	33.9333	0.1343	2839.0000	717.0000	0.2526	2841.0000
948	0.6853	0.5000	0.8498	0.7838	0.2378	0.8148	33.8000	0.1269	2818.0000	699.0000	0.2480	2820.0000
949	0.6795	0.5000	0.8474	0.7759	0.2379	0.8052	34.0000	0.1327	2816.0000	718.0000	0.2550	2818.0000
950	0.6719	0.5000	0.8492	0.7742	0.2380	0.8056	33.6000	0.1349	2832.0000	709.0000	0.2504	2834.0000
951	0.6776	0.5000	0.8487	0.7787	0.2388	0.8109	33.6667	0.1273	2818.0000	692.0000	0.2456	2820.0000
952	0.6787	0.5000	0.8476	0.7658	0.2366	0.8050	33.9333	0.1314	2822.0000	714.0000	0.2530	2824.0000
953	0.6731	0.5000	0.8474	0.7715	0.2397	0.8084	33.6000	0.1273	2822.0000	704.0000	0.2495	2824.0000
954	0.6792	0.5000	0.8474	0.7850	0.2403	0.8163	33.4667	0.1245	2814.0000	683.0000	0.2427	2816.0000
955	0.6791	0.5000	0.8467	0.7674	0.2407	0.8077	33.9333	0.1308	2818.0000	694.0000	0.2463	2820.0000
956	0.6760	0.5000	0.8500	0.7801	0.2379	0.8103	33.9333	0.1297	2819.0000	705.0000	0.2501	2821.0000
957	0.6772	0.5000	0.8489	0.7718	0.2384	0.8119	33.9333	0.1283	2824.0000	703.0000	0.2489	2826.0000
958	0.6799	0.5000	0.8487	0.7784	0.2369	0.8153	33.6667	0.1255	2817.0000	693.0000	0.2460	2819.0000
959	0.6677	0.5000	0.8492	0.7814	0.2377	0.8084	33.6667	0.1292	2824.0000	705.0000	0.2496	2826.0000
960	0.6865	0.5000	0.8484	0.7825	0.2382	0.8135	33.7333	0.1318	2821.0000	706.0000	0.2503	2823.0000
961	0.6782	0.5000	0.8477	0.7742	0.2380	0.8137	33.6000	0.1248	2818.0000	703.0000	0.2495	2820.0000
962	0.6734	0.5000	0.8478	0.7627	0.2381	0.8076	33.9333	0.1282	2830.0000	719.0000	0.2541	2832.0000
963	0.6730	0.5000	0.8486	0.7779	0.2409	0.8126	33.9333	0.1273	2835.0000	700.0000	0.2469	2837.0000
964	0.6809	0.5000	0.8468	0.7662	0.2385	0.8051	34.0000	0.1318	2835.0000	719.0000	0.2536	2837.0000
965	0.6764	0.5000	0.8490	0.7687	0.2369	0.8072	33.8667	0.1307	2821.0000	709.0000	0.2513	2823.0000
966	0.6749	0.5000	0.8460	0.7693	0.2396	0.8047	33.7333	0.1322	2812.0000	718.0000	0.2553	2814.0000
967	0.6681	0.5000	0.8490	0.7776	0.2380	0.8087	33.9333	0.1301	2833.0000	707.0000	0.2496	2835.0000
968	0.6833	0.5000	0.8466	0.7742	0.2385	0.8149	33.3333	0.1263	2808.0000	707.0000	0.2518	2810.0000
969	0.6766	0.5000	0.8493	0.7733	0.2370	0.8088	33.8000	0.1333	2814.0000	703.0000	0.2498	2816.0000
970	0.6848	0.5000	0.8476	0.7784	0.2403	0.8101	33.8000	0.1288	2802.0000	696.0000	0.2484	2804.0000
971	0.6790	0.5000	0.8478	0.7801	0.2390	0.8119	33.5333	0.1263	2815.0000	697.0000	0.2476	2817.0000
972	0.6753	0.5000	0.8480	0.7690	0.2383	0.8121	33.8000	0.1273	2826.0000	705.0000	0.2495	2828.0000
973	0.6755	0.5000	0.8461	0.7743	0.2376	0.8113	33.8667	0.1302	2824.0000	710.0000	0.2514	2826.0000
974	0.6776	0.5000	0.8504	0.7794	0.2386	0.8113	33.4000	0.1305	2844.0000	703.0000	0.2472	2846.0000
975	0.6723	0.5000	0.8474	0.7789	0.2387	0.8111	33.6000	0.1268	2826.0000	706.0000	0.2498	2828.0000
976	0.6778	0.5000	0.8493	0.7777	0.2379	0.8086	33.8667	0.1343	2833.0000	703.0000	0.2481	2835.0000
977	0.6801	0.5000	0.8484	0.7770	0.2372	0.8072	33.8667	0.1332	2816.0000	700.0000	0.2486	2818.0000
978	0.6641	0.5000	0.8491	0.7620	0.2366	0.8001	33.6667	0.1369	2831.0000	723.0000	0.2554	2833.0000
979	0.6876	0.5000	0.8462	0.7703	0.2414	0.8043	33.7333	0.1321	2819.0000	719.0000	0.2551	2821.0000
980	0.6869	0.5000	0.8494	0.7835	0.2379	0.8208	33.8000	0.1231	2830.0000	674.0000	0.2382	2832.0000
981	0.6776	0.5000	0.8479	0.7697	0.2397	0.8060	33.7333	0.1308	2819.0000	704.0000	0.2497	2821.0000
982	0.6793	0.5000	0.8474	0.7781	0.2390	0.8067	33.9333	0.1309	2801.0000	700.0000	0.2499	2803.0000
983	0.6753	0.5000	0.8497	0.7796	0.2394	0.8120	33.6000	0.1289	2820.0000	683.0000	0.2422	2822.0000
984	0.6777	0.5000	0.8482	0.7722	0.2364	0.8054	33.6667	0.1332	2825.0000	722.0000	0.2556	2827.0000
985	0.6832	0.5000	0.8459	0.7800	0.2426	0.8094	33.9333	0.1312	2821.0000	699.0000	0.2478	2823.0000
986	0.6817	0.5000	0.8460	0.7759	0.2398	0.8090	33.7333	0.1294	2824.0000	699.0000	0.2475	2826.0000
987	0.6804	0.5000	0.8503	0.7799	0.2378	0.8112	33.8667	0.1295	2810.0000	693.0000	0.2466	2812.0000
988	0.6723	0.5000	0.8490	0.7845	0.2398	0.8127	34.0000	0.1272	2815.0000	706.0000	0.2508	2817.0000
989	0.6765	0.5000	0.8481	0.7794	0.2367	0.8069	34.2667	0.1313	2820.0000	704.0000	0.2496	2822.0000
990	0.6715	0.5000	0.8485	0.7755	0.2400	0.8094	33.5333	0.1280	2824.0000	701.0000	0.2482	2826.0000
991	0.6728	0.5000	0.8475	0.7754	0.2376	0.8051	34.0000	0.1335	2823.0000	721.0000	0.2554	2825.0000
992	0.6820	0.5000	0.8477	0.7705	0.2385	0.8062	33.8667	0.1335	2830.0000	713.0000	0.2519	2832.0000
993	0.6718	0.5000	0.8486	0.7810	0.2393	0.8078	33.4667	0.1315	2820.0000	701.0000	0.2486	2822.0000
994	0.6794	0.5000	0.8479	0.7792	0.2410	0.8172	33.6667	0.1238	2824.0000	682.0000	0.2415	2826.0000
995	0.6745	0.5000	0.8477	0.7789	0.2395	0.8104	33.6000	0.1313	2823.0000	696.0000	0.2465	2825.0000
996	0.6750	0.5000	0.8490	0.7751	0.2372	0.8062	33.8000	0.1314	2838.0000	712.0000	0.2509	2840.0000
997	0.6767	0.5000	0.8458	0.7786	0.2420	0.8095	33.8000	0.1232	2828.0000	701.0000	0.2479	2830.0000
998	0.6736	0.5000	0.8493	0.7721	0.2388	0.8109	33.9333	0.1297	2812.0000	714.0000	0.2539	2814.0000
999	0.6762	0.5000	0.8498	0.7877	0.2366	0.8112	33.8667	0.1297	2827.0000	716.0000	0.2533	2829.0000
1000	0.6786	0.5000	0.8487	0.7814	0.2387	0.8121	33.7333	0.1272	2822.0000	691.0000	0.2449	2824.0000
