accuracy	proportion	density	fuzziness	coverage	purity	sounds	missing	ubound	clusters	props	patterns
1	0.4389	0.8482	0.5727	0.7608	0.1869	0.6739	37.6842	0.4059	1519.0000	653.0000	0.4299	1521.0000
2	0.4448	0.8424	0.5697	0.7644	0.1753	0.6790	37.5789	0.3802	1426.0000	589.0000	0.4130	1428.0000
3	0.4568	0.8312	0.5647	0.7600	0.1703	0.6889	37.6316	0.3636	1362.0000	545.0000	0.4001	1364.0000
4	0.4803	0.8305	0.5694	0.7692	0.1635	0.6937	37.6842	0.3532	1317.0000	525.0000	0.3986	1319.0000
5	0.4766	0.8271	0.5702	0.7683	0.1587	0.7112	37.5789	0.3231	1269.0000	495.0000	0.3901	1271.0000
6	0.4588	0.8215	0.5734	0.7633	0.1570	0.7079	37.4211	0.3389	1238.0000	478.0000	0.3861	1240.0000
7	0.4767	0.8203	0.5728	0.7683	0.1558	0.7126	37.3684	0.3100	1233.0000	463.0000	0.3755	1235.0000
8	0.4762	0.8222	0.5723	0.7610	0.1482	0.7128	37.2632	0.3088	1219.0000	469.0000	0.3847	1221.0000
9	0.4789	0.8215	0.5763	0.7737	0.1551	0.7097	36.9474	0.3229	1204.0000	459.0000	0.3812	1206.0000
10	0.4712	0.8215	0.5803	0.7522	0.1503	0.7044	37.1053	0.3217	1197.0000	462.0000	0.3860	1199.0000
11	0.4484	0.8247	0.5816	0.7467	0.1513	0.7079	37.1053	0.3454	1225.0000	464.0000	0.3788	1227.0000
12	0.4618	0.8199	0.5794	0.7687	0.1497	0.7113	36.8947	0.3245	1177.0000	451.0000	0.3832	1179.0000
13	0.4590	0.8187	0.5777	0.7676	0.1481	0.7024	37.1579	0.3406	1184.0000	458.0000	0.3868	1186.0000
14	0.4590	0.8287	0.5808	0.7625	0.1493	0.7115	37.0000	0.3349	1198.0000	459.0000	0.3831	1200.0000
15	0.4671	0.8259	0.5838	0.7680	0.1518	0.7212	37.0000	0.3235	1182.0000	443.0000	0.3748	1185.0000
16	0.4687	0.8187	0.5765	0.7600	0.1478	0.7017	37.0526	0.3302	1183.0000	451.0000	0.3812	1185.0000
17	0.4751	0.8278	0.5832	0.7661	0.1484	0.6988	36.8947	0.3422	1189.0000	461.0000	0.3877	1191.0000
18	0.4709	0.8226	0.5804	0.7656	0.1522	0.7210	37.0000	0.3145	1185.0000	435.0000	0.3671	1187.0000
19	0.4774	0.8226	0.5779	0.7672	0.1463	0.7110	37.0000	0.3260	1169.0000	443.0000	0.3790	1171.0000
20	0.4710	0.8282	0.5822	0.7626	0.1446	0.7057	36.8421	0.3436	1191.0000	468.0000	0.3929	1193.0000
21	0.4736	0.8180	0.5785	0.7648	0.1471	0.7144	36.8947	0.3269	1175.0000	443.0000	0.3770	1177.0000
22	0.4503	0.8217	0.5809	0.7580	0.1486	0.7027	37.0000	0.3580	1198.0000	464.0000	0.3873	1200.0000
23	0.4670	0.8159	0.5759	0.7568	0.1477	0.7087	37.0000	0.3320	1167.0000	449.0000	0.3847	1169.0000
24	0.4714	0.8210	0.5799	0.7649	0.1470	0.7162	37.0000	0.3200	1162.0000	443.0000	0.3812	1164.0000
25	0.4593	0.8224	0.5753	0.7778	0.1481	0.7052	37.1579	0.3389	1162.0000	447.0000	0.3847	1164.0000
26	0.4547	0.8273	0.5806	0.7549	0.1454	0.7025	37.0526	0.3360	1161.0000	462.0000	0.3979	1163.0000
27	0.4760	0.8273	0.5801	0.7653	0.1513	0.7067	36.8947	0.3279	1192.0000	455.0000	0.3817	1194.0000
28	0.4662	0.8247	0.5793	0.7639	0.1495	0.7016	36.8947	0.3341	1157.0000	456.0000	0.3941	1159.0000
29	0.4568	0.8268	0.5833	0.7444	0.1436	0.7044	37.0000	0.3268	1185.0000	468.0000	0.3949	1187.0000
30	0.4633	0.8245	0.5827	0.7572	0.1475	0.7065	36.8421	0.3357	1182.0000	456.0000	0.3858	1184.0000
31	0.4658	0.8243	0.5814	0.7683	0.1514	0.7006	36.9474	0.3435	1160.0000	451.0000	0.3888	1162.0000
32	0.4505	0.8212	0.5787	0.7608	0.1451	0.6960	36.8947	0.3575	1156.0000	456.0000	0.3945	1158.0000
33	0.4538	0.8203	0.5800	0.7418	0.1409	0.6976	37.1053	0.3613	1204.0000	471.0000	0.3912	1206.0000
34	0.4647	0.8240	0.5826	0.7631	0.1473	0.6897	36.8947	0.3494	1171.0000	478.0000	0.4082	1173.0000
35	0.4613	0.8212	0.5768	0.7646	0.1470	0.7086	37.0526	0.3529	1170.0000	451.0000	0.3855	1172.0000
36	0.4421	0.8205	0.5811	0.7654	0.1451	0.7100	37.1053	0.3491	1182.0000	455.0000	0.3849	1184.0000
37	0.4418	0.8264	0.5800	0.7551	0.1468	0.7051	37.1579	0.3376	1181.0000	460.0000	0.3895	1183.0000
38	0.4672	0.8243	0.5797	0.7615	0.1425	0.7064	37.0000	0.3315	1178.0000	460.0000	0.3905	1180.0000
39	0.4585	0.8182	0.5796	0.7615	0.1454	0.6973	37.0000	0.3425	1179.0000	459.0000	0.3893	1181.0000
40	0.4559	0.8224	0.5785	0.7508	0.1502	0.7082	37.1579	0.3352	1203.0000	458.0000	0.3807	1205.0000
41	0.4670	0.8212	0.5796	0.7709	0.1484	0.7152	37.0526	0.3287	1182.0000	439.0000	0.3714	1184.0000
42	0.4790	0.8189	0.5808	0.7651	0.1495	0.7102	37.1579	0.3206	1167.0000	446.0000	0.3822	1169.0000
43	0.4640	0.8236	0.5821	0.7650	0.1471	0.6967	36.9474	0.3407	1177.0000	453.0000	0.3849	1179.0000
44	0.4618	0.8205	0.5773	0.7682	0.1450	0.7002	36.7895	0.3341	1155.0000	450.0000	0.3896	1157.0000
45	0.4789	0.8296	0.5832	0.7609	0.1478	0.7058	37.1053	0.3289	1198.0000	458.0000	0.3823	1201.0000
46	0.4575	0.8243	0.5811	0.7620	0.1499	0.7093	37.1053	0.3463	1184.0000	457.0000	0.3860	1186.0000
47	0.4645	0.8203	0.5774	0.7562	0.1457	0.7058	36.9474	0.3430	1189.0000	451.0000	0.3793	1191.0000
48	0.4510	0.8240	0.5786	0.7594	0.1450	0.7098	37.0000	0.3262	1167.0000	450.0000	0.3856	1169.0000
49	0.4615	0.8229	0.5793	0.7660	0.1400	0.7021	36.9474	0.3485	1143.0000	464.0000	0.4059	1145.0000
50	0.4792	0.8212	0.5813	0.7792	0.1491	0.7058	37.0526	0.3385	1136.0000	443.0000	0.3900	1138.0000
51	0.4698	0.8180	0.5787	0.7692	0.1460	0.7039	37.1053	0.3375	1162.0000	450.0000	0.3873	1164.0000
52	0.4494	0.8231	0.5823	0.7544	0.1476	0.7075	37.1053	0.3360	1188.0000	453.0000	0.3813	1190.0000
53	0.4697	0.8259	0.5822	0.7637	0.1510	0.7048	36.9474	0.3340	1195.0000	460.0000	0.3849	1197.0000
54	0.4522	0.8275	0.5799	0.7612	0.1488	0.6909	37.0526	0.3379	1171.0000	467.0000	0.3988	1173.0000
55	0.4744	0.8261	0.5814	0.7603	0.1516	0.7207	37.1053	0.3171	1206.0000	440.0000	0.3648	1208.0000
56	0.4520	0.8203	0.5804	0.7675	0.1481	0.7058	36.7895	0.3346	1164.0000	448.0000	0.3849	1166.0000
57	0.4434	0.8247	0.5813	0.7730	0.1462	0.6962	37.1579	0.3591	1152.0000	457.0000	0.3967	1154.0000
58	0.4716	0.8296	0.5815	0.7642	0.1468	0.7037	37.2105	0.3192	1158.0000	463.0000	0.3998	1160.0000
59	0.4720	0.8236	0.5812	0.7566	0.1455	0.7090	37.1053	0.3267	1183.0000	460.0000	0.3888	1185.0000
60	0.4766	0.8222	0.5769	0.7654	0.1426	0.7013	37.1053	0.3343	1164.0000	457.0000	0.3926	1166.0000
61	0.4589	0.8254	0.5819	0.7694	0.1464	0.7030	37.0000	0.3345	1175.0000	456.0000	0.3881	1177.0000
62	0.4761	0.8222	0.5825	0.7591	0.1476	0.7051	37.1579	0.3315	1178.0000	457.0000	0.3879	1180.0000
63	0.4439	0.8178	0.5787	0.7609	0.1474	0.6983	36.7895	0.3469	1158.0000	454.0000	0.3921	1160.0000
64	0.4570	0.8245	0.5810	0.7585	0.1457	0.7024	36.9474	0.3362	1167.0000	456.0000	0.3907	1169.0000
65	0.4571	0.8240	0.5795	0.7577	0.1429	0.7046	37.0000	0.3459	1182.0000	459.0000	0.3883	1184.0000
66	0.4543	0.8229	0.5789	0.7590	0.1444	0.7073	36.8421	0.3441	1183.0000	455.0000	0.3846	1185.0000
67	0.4565	0.8254	0.5814	0.7675	0.1454	0.7014	37.0526	0.3543	1159.0000	463.0000	0.3995	1161.0000
68	0.4738	0.8238	0.5820	0.7712	0.1483	0.7081	37.1579	0.3211	1159.0000	452.0000	0.3900	1161.0000
69	0.4767	0.8224	0.5784	0.7616	0.1481	0.7108	37.2632	0.3253	1181.0000	450.0000	0.3810	1183.0000
70	0.4741	0.8233	0.5813	0.7833	0.1512	0.7191	36.8947	0.3321	1126.0000	438.0000	0.3890	1128.0000
71	0.4477	0.8210	0.5788	0.7711	0.1423	0.7019	36.9474	0.3587	1145.0000	458.0000	0.4000	1147.0000
72	0.4541	0.8254	0.5811	0.7544	0.1418	0.7032	37.1053	0.3589	1201.0000	464.0000	0.3863	1203.0000
73	0.4764	0.8210	0.5801	0.7540	0.1481	0.7115	37.0526	0.3222	1204.0000	444.0000	0.3688	1206.0000
74	0.4578	0.8254	0.5800	0.7571	0.1456	0.7051	37.1579	0.3447	1185.0000	456.0000	0.3848	1187.0000
75	0.4518	0.8173	0.5791	0.7586	0.1446	0.7085	37.0000	0.3542	1158.0000	448.0000	0.3869	1160.0000
76	0.4574	0.8273	0.5809	0.7648	0.1481	0.6946	37.2632	0.3586	1158.0000	461.0000	0.3981	1160.0000
77	0.4484	0.8229	0.5791	0.7645	0.1442	0.6910	37.0000	0.3637	1139.0000	461.0000	0.4047	1141.0000
78	0.4581	0.8261	0.5790	0.7670	0.1464	0.6985	37.0000	0.3215	1151.0000	461.0000	0.4005	1153.0000
79	0.4728	0.8196	0.5774	0.7676	0.1464	0.7151	37.0000	0.3315	1157.0000	442.0000	0.3820	1160.0000
80	0.4626	0.8266	0.5791	0.7634	0.1494	0.7033	37.2105	0.3197	1172.0000	452.0000	0.3857	1174.0000
81	0.4529	0.8259	0.5816	0.7630	0.1452	0.6996	37.0000	0.3631	1165.0000	467.0000	0.4009	1167.0000
82	0.4656	0.8196	0.5771	0.7610	0.1481	0.7067	37.1053	0.3326	1164.0000	448.0000	0.3849	1166.0000
83	0.4801	0.8280	0.5817	0.7688	0.1512	0.7015	37.1053	0.3358	1180.0000	461.0000	0.3907	1182.0000
84	0.4540	0.8208	0.5797	0.7617	0.1476	0.7014	37.1579	0.3409	1180.0000	454.0000	0.3847	1182.0000
85	0.4907	0.8182	0.5752	0.7663	0.1535	0.7194	36.7368	0.3122	1173.0000	430.0000	0.3666	1175.0000
86	0.4699	0.8164	0.5799	0.7676	0.1511	0.7110	37.2105	0.3236	1147.0000	438.0000	0.3819	1149.0000
87	0.4808	0.8236	0.5819	0.7592	0.1469	0.7193	37.0000	0.3110	1173.0000	444.0000	0.3785	1175.0000
88	0.4651	0.8236	0.5793	0.7615	0.1449	0.7210	36.9474	0.3258	1178.0000	450.0000	0.3820	1180.0000
89	0.4733	0.8238	0.5812	0.7713	0.1503	0.7118	36.9474	0.3230	1154.0000	444.0000	0.3847	1156.0000
90	0.4618	0.8222	0.5798	0.7660	0.1537	0.6953	37.1579	0.3344	1185.0000	460.0000	0.3882	1187.0000
91	0.4742	0.8298	0.5815	0.7671	0.1468	0.6980	37.0000	0.3492	1192.0000	462.0000	0.3876	1194.0000
92	0.4708	0.8312	0.5811	0.7523	0.1414	0.7026	37.0526	0.3434	1176.0000	472.0000	0.4014	1178.0000
93	0.4752	0.8257	0.5789	0.7652	0.1434	0.7075	37.0000	0.3313	1155.0000	451.0000	0.3905	1157.0000
94	0.4657	0.8199	0.5778	0.7644	0.1447	0.7016	37.0000	0.3450	1138.0000	459.0000	0.4033	1140.0000
95	0.4731	0.8245	0.5802	0.7698	0.1482	0.7064	36.8947	0.3202	1147.0000	450.0000	0.3923	1149.0000
96	0.4700	0.8208	0.5799	0.7686	0.1489	0.7118	36.9474	0.3331	1157.0000	440.0000	0.3803	1159.0000
97	0.4550	0.8226	0.5765	0.7644	0.1461	0.7010	36.9474	0.3478	1160.0000	459.0000	0.3957	1162.0000
98	0.4608	0.8266	0.5804	0.7733	0.1526	0.7198	37.0000	0.3276	1184.0000	446.0000	0.3767	1186.0000
99	0.4613	0.8238	0.5780	0.7486	0.1460	0.7160	37.0526	0.3296	1204.0000	446.0000	0.3704	1207.0000
100	0.4425	0.8185	0.5779	0.7716	0.1474	0.6944	37.0526	0.3604	1178.0000	462.0000	0.3922	1181.0000
101	0.4549	0.8203	0.5805	0.7603	0.1495	0.7089	36.9474	0.3294	1202.0000	445.0000	0.3702	1204.0000
102	0.4693	0.8275	0.5803	0.7565	0.1533	0.7080	36.9474	0.3155	1199.0000	454.0000	0.3786	1201.0000
103	0.4621	0.8245	0.5802	0.7572	0.1465	0.7076	37.1053	0.3417	1208.0000	469.0000	0.3882	1210.0000
104	0.4729	0.8275	0.5839	0.7706	0.1507	0.7038	37.1053	0.3334	1172.0000	448.0000	0.3823	1174.0000
105	0.4662	0.8275	0.5827	0.7554	0.1460	0.7031	37.1579	0.3261	1172.0000	463.0000	0.3951	1174.0000
106	0.4349	0.8224	0.5817	0.7635	0.1443	0.6959	36.8947	0.3586	1169.0000	467.0000	0.3995	1171.0000
107	0.4653	0.8233	0.5828	0.7595	0.1503	0.7149	36.9474	0.3387	1180.0000	451.0000	0.3822	1182.0000
108	0.4715	0.8196	0.5781	0.7656	0.1469	0.7077	37.0000	0.3300	1160.0000	449.0000	0.3871	1162.0000
109	0.4598	0.8226	0.5771	0.7624	0.1482	0.7027	36.8947	0.3367	1145.0000	447.0000	0.3904	1147.0000
110	0.4746	0.8261	0.5811	0.7562	0.1489	0.7109	37.0000	0.3342	1195.0000	453.0000	0.3791	1197.0000
111	0.4671	0.8245	0.5779	0.7559	0.1447	0.7086	36.9474	0.3324	1183.0000	459.0000	0.3880	1185.0000
112	0.4616	0.8243	0.5812	0.7599	0.1516	0.7123	36.7895	0.3338	1178.0000	448.0000	0.3803	1180.0000
113	0.4533	0.8268	0.5811	0.7600	0.1453	0.6981	37.1053	0.3444	1170.0000	465.0000	0.3974	1172.0000
114	0.4516	0.8240	0.5783	0.7565	0.1450	0.7114	37.1579	0.3460	1183.0000	464.0000	0.3922	1185.0000
115	0.4503	0.8294	0.5834	0.7723	0.1534	0.7084	36.8421	0.3417	1179.0000	455.0000	0.3859	1181.0000
116	0.4631	0.8280	0.5806	0.7497	0.1459	0.7047	37.1053	0.3239	1168.0000	469.0000	0.4015	1170.0000
117	0.4641	0.8201	0.5786	0.7461	0.1439	0.7051	37.0526	0.3425	1193.0000	462.0000	0.3873	1195.0000
118	0.4566	0.8240	0.5801	0.7675	0.1463	0.6974	36.8421	0.3362	1162.0000	458.0000	0.3941	1164.0000
119	0.4555	0.8226	0.5820	0.7563	0.1456	0.7058	36.7368	0.3371	1181.0000	452.0000	0.3827	1183.0000
120	0.4586	0.8245	0.5765	0.7628	0.1491	0.7113	37.0000	0.3300	1155.0000	448.0000	0.3879	1157.0000
121	0.4688	0.8250	0.5786	0.7606	0.1458	0.7053	36.9474	0.3198	1183.0000	455.0000	0.3846	1185.0000
122	0.4379	0.8157	0.5778	0.7600	0.1459	0.7009	37.0526	0.3501	1174.0000	451.0000	0.3842	1176.0000
123	0.4543	0.8261	0.5816	0.7664	0.1514	0.7064	36.8947	0.3357	1167.0000	457.0000	0.3916	1169.0000
124	0.4764	0.8238	0.5815	0.7571	0.1476	0.7110	37.0000	0.3290	1170.0000	453.0000	0.3872	1172.0000
125	0.4515	0.8215	0.5803	0.7697	0.1481	0.6969	37.1579	0.3304	1133.0000	460.0000	0.4060	1135.0000
126	0.4457	0.8201	0.5824	0.7599	0.1475	0.7096	37.0000	0.3343	1194.0000	452.0000	0.3786	1196.0000
127	0.4461	0.8199	0.5778	0.7503	0.1437	0.7012	37.0000	0.3509	1208.0000	470.0000	0.3891	1210.0000
128	0.4653	0.8224	0.5792	0.7729	0.1476	0.7118	37.0000	0.3363	1156.0000	455.0000	0.3936	1158.0000
129	0.4659	0.8266	0.5838	0.7695	0.1461	0.7004	36.8947	0.3338	1146.0000	455.0000	0.3970	1148.0000
130	0.4722	0.8222	0.5829	0.7668	0.1465	0.7106	37.1053	0.3332	1173.0000	454.0000	0.3870	1175.0000
131	0.4320	0.8236	0.5783	0.7567	0.1413	0.7007	37.1579	0.3629	1147.0000	459.0000	0.4002	1149.0000
132	0.4434	0.8268	0.5806	0.7657	0.1410	0.6980	37.0526	0.3553	1148.0000	470.0000	0.4094	1150.0000
133	0.4526	0.8173	0.5788	0.7533	0.1444	0.7077	37.0000	0.3434	1164.0000	457.0000	0.3926	1166.0000
134	0.4693	0.8222	0.5812	0.7668	0.1511	0.6989	36.8947	0.3435	1175.0000	455.0000	0.3872	1177.0000
135	0.4554	0.8231	0.5797	0.7611	0.1450	0.6985	37.0526	0.3442	1164.0000	460.0000	0.3952	1166.0000
136	0.4515	0.8178	0.5753	0.7630	0.1482	0.6981	37.0526	0.3268	1180.0000	452.0000	0.3831	1182.0000
137	0.4666	0.8240	0.5795	0.7632	0.1498	0.7051	37.1053	0.3364	1182.0000	456.0000	0.3858	1184.0000
138	0.4658	0.8229	0.5785	0.7617	0.1465	0.7143	37.0000	0.3179	1158.0000	450.0000	0.3886	1160.0000
139	0.4609	0.8264	0.5804	0.7626	0.1480	0.7060	37.1053	0.3436	1166.0000	457.0000	0.3919	1168.0000
140	0.4720	0.8217	0.5768	0.7629	0.1462	0.7097	37.0526	0.3162	1178.0000	453.0000	0.3846	1181.0000
141	0.4650	0.8252	0.5824	0.7618	0.1476	0.7056	37.0000	0.3239	1178.0000	456.0000	0.3871	1180.0000
142	0.4482	0.8268	0.5795	0.7624	0.1415	0.6935	37.1053	0.3606	1167.0000	474.0000	0.4062	1169.0000
143	0.4563	0.8231	0.5816	0.7634	0.1506	0.7037	36.8947	0.3332	1171.0000	448.0000	0.3826	1173.0000
144	0.4435	0.8210	0.5784	0.7653	0.1427	0.6847	37.0526	0.3747	1173.0000	466.0000	0.3973	1175.0000
145	0.4467	0.8201	0.5773	0.7643	0.1491	0.7068	37.2105	0.3360	1191.0000	451.0000	0.3787	1193.0000
146	0.4831	0.8298	0.5825	0.7751	0.1504	0.7168	37.0000	0.3148	1148.0000	443.0000	0.3859	1150.0000
147	0.4578	0.8273	0.5780	0.7538	0.1420	0.7073	37.1053	0.3351	1197.0000	458.0000	0.3826	1199.0000
148	0.4631	0.8261	0.5825	0.7666	0.1469	0.7014	37.0000	0.3417	1154.0000	453.0000	0.3925	1156.0000
149	0.4894	0.8194	0.5802	0.7719	0.1499	0.7079	37.0526	0.3222	1168.0000	448.0000	0.3836	1170.0000
150	0.4672	0.8222	0.5791	0.7689	0.1496	0.7135	37.0526	0.3375	1154.0000	445.0000	0.3856	1156.0000
151	0.4581	0.8287	0.5795	0.7767	0.1444	0.6976	37.0000	0.3440	1152.0000	460.0000	0.3993	1154.0000
152	0.4686	0.8231	0.5816	0.7671	0.1486	0.7003	37.0526	0.3367	1184.0000	449.0000	0.3792	1186.0000
153	0.4523	0.8266	0.5824	0.7670	0.1492	0.7026	37.1579	0.3396	1172.0000	448.0000	0.3823	1174.0000
154	0.4679	0.8233	0.5798	0.7593	0.1522	0.7197	37.2105	0.3117	1190.0000	449.0000	0.3773	1192.0000
155	0.4551	0.8259	0.5775	0.7621	0.1464	0.7018	36.8947	0.3488	1159.0000	453.0000	0.3909	1161.0000
156	0.4667	0.8247	0.5796	0.7711	0.1499	0.7023	37.0000	0.3394	1146.0000	452.0000	0.3944	1148.0000
157	0.4586	0.8250	0.5784	0.7484	0.1394	0.7048	37.0000	0.3301	1171.0000	462.0000	0.3945	1173.0000
158	0.4694	0.8236	0.5799	0.7632	0.1505	0.7072	36.8947	0.3285	1181.0000	449.0000	0.3802	1183.0000
159	0.4440	0.8243	0.5798	0.7671	0.1457	0.7018	37.1579	0.3473	1173.0000	458.0000	0.3905	1175.0000
160	0.4680	0.8261	0.5802	0.7656	0.1477	0.7134	37.2105	0.3212	1196.0000	443.0000	0.3704	1198.0000
161	0.4695	0.8219	0.5768	0.7659	0.1392	0.6873	37.0000	0.3536	1132.0000	469.0000	0.4143	1134.0000
162	0.4509	0.8196	0.5787	0.7575	0.1464	0.7062	36.9474	0.3262	1174.0000	453.0000	0.3859	1176.0000
163	0.4544	0.8192	0.5796	0.7622	0.1468	0.6977	37.1053	0.3536	1169.0000	456.0000	0.3901	1171.0000
164	0.4591	0.8212	0.5780	0.7586	0.1447	0.6991	36.8947	0.3241	1174.0000	458.0000	0.3901	1176.0000
165	0.4640	0.8210	0.5787	0.7540	0.1470	0.7079	36.8947	0.3428	1190.0000	456.0000	0.3832	1192.0000
166	0.4470	0.8236	0.5799	0.7533	0.1432	0.7001	36.8421	0.3577	1191.0000	463.0000	0.3887	1193.0000
167	0.4626	0.8210	0.5810	0.7676	0.1459	0.6942	37.0000	0.3511	1150.0000	459.0000	0.3991	1152.0000
168	0.4502	0.8287	0.5825	0.7556	0.1422	0.6974	37.0526	0.3567	1166.0000	473.0000	0.4057	1168.0000
169	0.4768	0.8252	0.5791	0.7662	0.1472	0.7089	37.1579	0.3238	1184.0000	449.0000	0.3792	1186.0000
170	0.4607	0.8175	0.5764	0.7529	0.1448	0.7070	37.0000	0.3381	1173.0000	448.0000	0.3819	1175.0000
171	0.4549	0.8264	0.5809	0.7627	0.1422	0.7066	37.1053	0.3404	1151.0000	465.0000	0.4040	1153.0000
172	0.4677	0.8240	0.5822	0.7687	0.1451	0.7046	36.8421	0.3303	1127.0000	446.0000	0.3957	1129.0000
173	0.4578	0.8219	0.5806	0.7649	0.1491	0.7048	37.1579	0.3480	1153.0000	451.0000	0.3912	1155.0000
174	0.4600	0.8254	0.5805	0.7573	0.1490	0.7094	36.8947	0.3295	1182.0000	451.0000	0.3816	1184.0000
175	0.4734	0.8282	0.5840	0.7614	0.1483	0.7057	36.8421	0.3476	1188.0000	465.0000	0.3914	1191.0000
176	0.4492	0.8219	0.5820	0.7622	0.1416	0.6980	37.1579	0.3492	1152.0000	464.0000	0.4028	1154.0000
177	0.4556	0.8138	0.5765	0.7669	0.1475	0.7144	36.9474	0.3299	1162.0000	438.0000	0.3769	1165.0000
178	0.4439	0.8259	0.5808	0.7662	0.1459	0.7001	37.2105	0.3571	1165.0000	461.0000	0.3957	1167.0000
179	0.4434	0.8224	0.5781	0.7630	0.1433	0.7007	37.1053	0.3393	1159.0000	447.0000	0.3857	1161.0000
180	0.4476	0.8222	0.5795	0.7505	0.1441	0.7015	37.0526	0.3365	1179.0000	462.0000	0.3919	1182.0000
181	0.4474	0.8247	0.5810	0.7627	0.1490	0.7011	37.1053	0.3382	1166.0000	459.0000	0.3937	1168.0000
182	0.4653	0.8208	0.5787	0.7678	0.1490	0.6946	37.0526	0.3410	1151.0000	457.0000	0.3970	1153.0000
183	0.4317	0.8287	0.5806	0.7489	0.1438	0.6998	37.0526	0.3489	1191.0000	471.0000	0.3955	1193.0000
184	0.4553	0.8196	0.5770	0.7669	0.1490	0.7027	36.8947	0.3497	1153.0000	448.0000	0.3886	1155.0000
185	0.4622	0.8247	0.5800	0.7688	0.1474	0.7052	36.8947	0.3373	1155.0000	458.0000	0.3965	1157.0000
186	0.4687	0.8189	0.5813	0.7673	0.1523	0.7155	37.0000	0.3338	1171.0000	440.0000	0.3757	1174.0000
187	0.4548	0.8194	0.5793	0.7616	0.1444	0.6994	37.0526	0.3486	1146.0000	458.0000	0.3997	1148.0000
188	0.4451	0.8273	0.5813	0.7656	0.1439	0.6932	37.0000	0.3663	1178.0000	468.0000	0.3973	1180.0000
189	0.4706	0.8245	0.5795	0.7676	0.1462	0.7106	37.0000	0.3257	1154.0000	453.0000	0.3925	1156.0000
190	0.4740	0.8252	0.5813	0.7522	0.1482	0.7047	37.1053	0.3331	1184.0000	464.0000	0.3919	1186.0000
191	0.4731	0.8189	0.5826	0.7762	0.1479	0.7103	37.1053	0.3292	1150.0000	439.0000	0.3817	1152.0000
192	0.4668	0.8203	0.5767	0.7753	0.1463	0.7041	36.8947	0.3473	1138.0000	445.0000	0.3910	1140.0000
193	0.4618	0.8219	0.5792	0.7633	0.1420	0.7001	37.0000	0.3355	1167.0000	458.0000	0.3925	1169.0000
194	0.4756	0.8238	0.5788	0.7629	0.1524	0.7131	37.0526	0.3138	1192.0000	449.0000	0.3767	1194.0000
195	0.4759	0.8180	0.5807	0.7654	0.1515	0.7112	36.8421	0.3242	1155.0000	440.0000	0.3810	1157.0000
196	0.4577	0.8203	0.5775	0.7648	0.1488	0.7030	37.1053	0.3347	1173.0000	451.0000	0.3845	1176.0000
197	0.4633	0.8222	0.5779	0.7802	0.1460	0.7006	36.9474	0.3383	1139.0000	448.0000	0.3933	1141.0000
198	0.4557	0.8250	0.5763	0.7519	0.1452	0.6993	37.1053	0.3225	1192.0000	457.0000	0.3834	1194.0000
199	0.4628	0.8208	0.5805	0.7578	0.1427	0.7012	37.1053	0.3440	1178.0000	461.0000	0.3913	1180.0000
200	0.4702	0.8215	0.5795	0.7637	0.1494	0.7142	36.8947	0.3277	1179.0000	441.0000	0.3740	1181.0000
201	0.4566	0.8296	0.5786	0.7499	0.1457	0.7128	37.1579	0.3312	1211.0000	457.0000	0.3774	1213.0000
202	0.4754	0.8224	0.5800	0.7544	0.1453	0.7128	37.0526	0.3113	1179.0000	448.0000	0.3800	1181.0000
203	0.4714	0.8203	0.5808	0.7630	0.1449	0.6925	37.0000	0.3283	1147.0000	460.0000	0.4010	1149.0000
204	0.4563	0.8224	0.5804	0.7523	0.1471	0.7065	37.0000	0.3422	1177.0000	455.0000	0.3866	1179.0000
205	0.4538	0.8203	0.5789	0.7540	0.1466	0.7096	37.0526	0.3540	1184.0000	455.0000	0.3843	1186.0000
206	0.4717	0.8273	0.5827	0.7672	0.1514	0.7189	37.0000	0.3210	1170.0000	440.0000	0.3761	1172.0000
207	0.4668	0.8222	0.5786	0.7637	0.1474	0.7059	37.0000	0.3414	1169.0000	448.0000	0.3832	1171.0000
208	0.4634	0.8238	0.5800	0.7696	0.1466	0.6974	37.0000	0.3478	1145.0000	454.0000	0.3965	1147.0000
209	0.4750	0.8240	0.5792	0.7835	0.1509	0.7092	36.8947	0.3319	1130.0000	438.0000	0.3876	1132.0000
210	0.4731	0.8212	0.5778	0.7625	0.1445	0.7043	37.0526	0.3430	1148.0000	448.0000	0.3902	1150.0000
211	0.4576	0.8259	0.5820	0.7757	0.1482	0.6988	36.8947	0.3474	1121.0000	460.0000	0.4103	1123.0000
212	0.4657	0.8175	0.5772	0.7559	0.1452	0.7031	37.0000	0.3339	1160.0000	454.0000	0.3914	1162.0000
213	0.4467	0.8280	0.5825	0.7588	0.1429	0.6886	37.1579	0.3426	1154.0000	478.0000	0.4142	1156.0000
214	0.4530	0.8226	0.5805	0.7597	0.1462	0.7000	37.1053	0.3594	1178.0000	457.0000	0.3879	1180.0000
215	0.4521	0.8261	0.5823	0.7505	0.1500	0.7076	37.0526	0.3502	1218.0000	460.0000	0.3777	1220.0000
216	0.4631	0.8180	0.5774	0.7653	0.1478	0.7055	36.8947	0.3364	1163.0000	445.0000	0.3826	1165.0000
217	0.4641	0.8208	0.5801	0.7653	0.1447	0.6949	37.0526	0.3452	1170.0000	459.0000	0.3923	1172.0000
218	0.4710	0.8229	0.5779	0.7654	0.1478	0.7173	36.8947	0.3301	1181.0000	448.0000	0.3793	1183.0000
219	0.4774	0.8240	0.5803	0.7670	0.1473	0.7130	37.0526	0.3251	1164.0000	456.0000	0.3918	1166.0000
220	0.4475	0.8194	0.5759	0.7481	0.1433	0.7011	37.0000	0.3536	1176.0000	459.0000	0.3903	1178.0000
221	0.4685	0.8261	0.5810	0.7631	0.1456	0.7001	37.0000	0.3328	1166.0000	459.0000	0.3937	1168.0000
222	0.4521	0.8217	0.5799	0.7542	0.1456	0.7004	36.9474	0.3368	1174.0000	462.0000	0.3935	1176.0000
223	0.4635	0.8187	0.5803	0.7771	0.1503	0.6979	36.6316	0.3460	1145.0000	448.0000	0.3913	1147.0000
224	0.4496	0.8247	0.5800	0.7648	0.1471	0.7094	36.9474	0.3172	1154.0000	446.0000	0.3865	1156.0000
225	0.4586	0.8192	0.5808	0.7668	0.1448	0.7083	37.1053	0.3440	1149.0000	445.0000	0.3873	1151.0000
226	0.4515	0.8217	0.5808	0.7678	0.1473	0.6961	36.8421	0.3455	1144.0000	455.0000	0.3977	1146.0000
227	0.4588	0.8243	0.5795	0.7594	0.1432	0.7057	37.1053	0.3361	1165.0000	454.0000	0.3897	1167.0000
228	0.4674	0.8222	0.5794	0.7688	0.1471	0.6960	37.0000	0.3418	1159.0000	458.0000	0.3952	1161.0000
229	0.4880	0.8250	0.5782	0.7638	0.1449	0.7053	37.1053	0.3315	1153.0000	456.0000	0.3955	1155.0000
230	0.4519	0.8215	0.5765	0.7607	0.1442	0.7000	36.9474	0.3435	1164.0000	462.0000	0.3969	1166.0000
231	0.4669	0.8294	0.5827	0.7583	0.1467	0.7062	36.9474	0.3331	1181.0000	467.0000	0.3954	1183.0000
232	0.4691	0.8219	0.5834	0.7573	0.1483	0.7043	37.1053	0.3190	1201.0000	452.0000	0.3764	1203.0000
233	0.4345	0.8168	0.5805	0.7598	0.1438	0.6909	37.0526	0.3716	1157.0000	459.0000	0.3967	1159.0000
234	0.4663	0.8152	0.5758	0.7615	0.1441	0.6947	37.0526	0.3470	1149.0000	454.0000	0.3951	1151.0000
235	0.4642	0.8252	0.5797	0.7605	0.1489	0.7113	37.0000	0.3299	1188.0000	457.0000	0.3847	1190.0000
236	0.4820	0.8271	0.5841	0.7664	0.1500	0.7037	37.0526	0.3252	1176.0000	458.0000	0.3895	1178.0000
237	0.4560	0.8210	0.5791	0.7619	0.1440	0.7072	37.0000	0.3396	1156.0000	453.0000	0.3919	1158.0000
238	0.4641	0.8229	0.5774	0.7571	0.1449	0.7096	36.9474	0.3358	1183.0000	453.0000	0.3829	1185.0000
239	0.4793	0.8257	0.5817	0.7691	0.1491	0.7047	37.0526	0.3535	1164.0000	454.0000	0.3900	1166.0000
240	0.4717	0.8229	0.5781	0.7508	0.1473	0.7080	36.9474	0.3157	1178.0000	454.0000	0.3854	1180.0000
241	0.4796	0.8250	0.5794	0.7723	0.1480	0.7089	37.1053	0.3156	1165.0000	447.0000	0.3837	1167.0000
242	0.4620	0.8192	0.5802	0.7637	0.1478	0.7039	37.0526	0.3366	1166.0000	447.0000	0.3834	1169.0000
243	0.4544	0.8226	0.5805	0.7600	0.1490	0.7135	36.8947	0.3219	1173.0000	443.0000	0.3777	1175.0000
244	0.4559	0.8254	0.5792	0.7616	0.1445	0.7046	37.1579	0.3408	1174.0000	461.0000	0.3927	1176.0000
245	0.4756	0.8229	0.5797	0.7667	0.1526	0.7181	37.0526	0.3021	1179.0000	443.0000	0.3757	1181.0000
246	0.4683	0.8189	0.5773	0.7724	0.1518	0.7125	37.0000	0.3400	1168.0000	441.0000	0.3776	1170.0000
247	0.4639	0.8231	0.5825	0.7574	0.1489	0.7152	37.1053	0.3288	1182.0000	452.0000	0.3824	1184.0000
248	0.4577	0.8317	0.5833	0.7600	0.1500	0.7206	36.8947	0.3267	1184.0000	455.0000	0.3843	1186.0000
249	0.4594	0.8273	0.5831	0.7534	0.1501	0.7001	37.1053	0.3434	1173.0000	452.0000	0.3853	1175.0000
250	0.4748	0.8199	0.5762	0.7616	0.1469	0.7186	37.0000	0.3406	1202.0000	453.0000	0.3769	1204.0000
251	0.4675	0.8159	0.5785	0.7598	0.1457	0.7120	36.9474	0.3335	1143.0000	452.0000	0.3955	1145.0000
252	0.4505	0.8236	0.5813	0.7612	0.1505	0.7029	37.1053	0.3460	1185.0000	452.0000	0.3814	1187.0000
253	0.4517	0.8217	0.5776	0.7714	0.1414	0.6892	37.1579	0.3580	1114.0000	465.0000	0.4174	1116.0000
254	0.4743	0.8268	0.5824	0.7688	0.1532	0.7113	36.8947	0.3223	1167.0000	450.0000	0.3856	1169.0000
255	0.4637	0.8224	0.5798	0.7698	0.1435	0.6928	36.9474	0.3503	1131.0000	455.0000	0.4023	1133.0000
256	0.4641	0.8189	0.5792	0.7652	0.1462	0.7005	37.1579	0.3436	1170.0000	458.0000	0.3915	1172.0000
257	0.4624	0.8268	0.5816	0.7495	0.1433	0.6983	37.0526	0.3392	1189.0000	461.0000	0.3877	1191.0000
258	0.4625	0.8229	0.5803	0.7715	0.1486	0.6957	37.1053	0.3497	1164.0000	457.0000	0.3926	1166.0000
259	0.4461	0.8201	0.5808	0.7510	0.1456	0.7029	37.1053	0.3394	1200.0000	458.0000	0.3817	1202.0000
260	0.4454	0.8199	0.5794	0.7551	0.1430	0.6994	36.8947	0.3490	1171.0000	456.0000	0.3894	1173.0000
261	0.4703	0.8192	0.5798	0.7572	0.1484	0.7102	37.0000	0.3302	1190.0000	447.0000	0.3756	1192.0000
262	0.4571	0.8182	0.5815	0.7559	0.1475	0.7008	37.0526	0.3481	1190.0000	455.0000	0.3824	1193.0000
263	0.4685	0.8229	0.5776	0.7695	0.1474	0.7046	37.0000	0.3412	1140.0000	454.0000	0.3982	1142.0000
264	0.4622	0.8150	0.5785	0.7577	0.1414	0.6879	37.0526	0.3543	1141.0000	463.0000	0.4058	1143.0000
265	0.4615	0.8178	0.5776	0.7636	0.1481	0.7003	37.2105	0.3566	1186.0000	453.0000	0.3820	1188.0000
266	0.4460	0.8231	0.5822	0.7556	0.1452	0.6936	37.0526	0.3580	1180.0000	459.0000	0.3890	1182.0000
267	0.4849	0.8243	0.5814	0.7659	0.1495	0.7089	37.0526	0.3333	1168.0000	453.0000	0.3878	1170.0000
268	0.4560	0.8243	0.5828	0.7593	0.1450	0.7104	37.0526	0.3288	1183.0000	454.0000	0.3838	1185.0000
269	0.4628	0.8252	0.5817	0.7794	0.1463	0.6934	37.0000	0.3455	1154.0000	458.0000	0.3969	1156.0000
270	0.4591	0.8217	0.5799	0.7671	0.1526	0.7064	37.0526	0.3280	1185.0000	449.0000	0.3789	1187.0000
271	0.4616	0.8273	0.5801	0.7492	0.1425	0.7062	36.8947	0.3429	1190.0000	469.0000	0.3941	1192.0000
272	0.4652	0.8215	0.5800	0.7625	0.1486	0.7018	36.9474	0.3401	1172.0000	453.0000	0.3865	1174.0000
273	0.4496	0.8250	0.5832	0.7658	0.1512	0.7006	37.0526	0.3392	1165.0000	455.0000	0.3906	1167.0000
274	0.4586	0.8196	0.5766	0.7550	0.1439	0.7140	36.9474	0.3167	1168.0000	449.0000	0.3844	1170.0000
275	0.4558	0.8271	0.5822	0.7588	0.1440	0.7054	37.1053	0.3417	1164.0000	464.0000	0.3986	1166.0000
276	0.4619	0.8208	0.5770	0.7662	0.1485	0.7114	37.1579	0.3253	1174.0000	441.0000	0.3756	1176.0000
277	0.4533	0.8182	0.5758	0.7543	0.1451	0.7145	37.0526	0.3367	1181.0000	448.0000	0.3793	1183.0000
278	0.4640	0.8187	0.5795	0.7598	0.1480	0.7099	37.1053	0.3320	1169.0000	444.0000	0.3798	1171.0000
279	0.4545	0.8245	0.5820	0.7530	0.1461	0.7151	37.0000	0.3420	1210.0000	456.0000	0.3769	1212.0000
280	0.4586	0.8187	0.5809	0.7673	0.1490	0.7020	37.0526	0.3370	1167.0000	452.0000	0.3873	1169.0000
281	0.4665	0.8252	0.5809	0.7694	0.1475	0.7063	36.8947	0.3464	1183.0000	459.0000	0.3880	1185.0000
282	0.4457	0.8217	0.5773	0.7571	0.1436	0.7063	37.0526	0.3364	1172.0000	453.0000	0.3865	1174.0000
283	0.4487	0.8245	0.5790	0.7722	0.1441	0.7087	36.8947	0.3397	1144.0000	447.0000	0.3907	1146.0000
284	0.4543	0.8282	0.5803	0.7700	0.1469	0.7096	36.9474	0.3259	1148.0000	444.0000	0.3868	1150.0000
285	0.4708	0.8238	0.5778	0.7662	0.1456	0.7020	36.9474	0.3450	1160.0000	457.0000	0.3940	1162.0000
286	0.4521	0.8264	0.5802	0.7647	0.1493	0.6959	36.9474	0.3528	1179.0000	469.0000	0.3978	1181.0000
287	0.4717	0.8264	0.5799	0.7590	0.1463	0.7070	36.8421	0.3373	1176.0000	459.0000	0.3903	1178.0000
288	0.4451	0.8185	0.5779	0.7548	0.1380	0.7070	37.0526	0.3622	1162.0000	465.0000	0.4002	1164.0000
289	0.4533	0.8233	0.5809	0.7742	0.1500	0.7067	37.0526	0.3419	1169.0000	452.0000	0.3867	1171.0000
290	0.4586	0.8243	0.5833	0.7636	0.1487	0.7055	37.1053	0.3381	1164.0000	461.0000	0.3960	1166.0000
291	0.4825	0.8254	0.5773	0.7627	0.1482	0.7010	37.0526	0.3329	1150.0000	459.0000	0.3991	1152.0000
292	0.4578	0.8196	0.5793	0.7568	0.1415	0.6950	37.1053	0.3521	1158.0000	468.0000	0.4041	1160.0000
293	0.4575	0.8194	0.5773	0.7556	0.1407	0.7018	37.0000	0.3502	1170.0000	460.0000	0.3932	1172.0000
294	0.4572	0.8226	0.5817	0.7620	0.1445	0.6970	36.8947	0.3540	1163.0000	458.0000	0.3938	1165.0000
295	0.4822	0.8157	0.5764	0.7650	0.1431	0.7024	37.0526	0.3148	1135.0000	448.0000	0.3947	1137.0000
296	0.4562	0.8199	0.5790	0.7688	0.1448	0.7037	37.0526	0.3370	1154.0000	448.0000	0.3882	1156.0000
297	0.4531	0.8259	0.5808	0.7582	0.1459	0.7110	37.0526	0.3453	1188.0000	461.0000	0.3880	1190.0000
298	0.4582	0.8285	0.5827	0.7565	0.1443	0.7103	37.0526	0.3377	1188.0000	457.0000	0.3847	1190.0000
299	0.4504	0.8250	0.5806	0.7684	0.1457	0.7029	37.1053	0.3485	1162.0000	459.0000	0.3950	1164.0000
300	0.4467	0.8203	0.5766	0.7602	0.1460	0.7109	37.0000	0.3303	1162.0000	446.0000	0.3838	1164.0000
301	0.4582	0.8222	0.5797	0.7623	0.1473	0.7142	36.9474	0.3304	1178.0000	446.0000	0.3786	1181.0000
302	0.4709	0.8280	0.5802	0.7559	0.1478	0.7109	37.0526	0.3284	1184.0000	458.0000	0.3868	1186.0000
303	0.4538	0.8164	0.5785	0.7664	0.1479	0.6958	37.1579	0.3603	1168.0000	453.0000	0.3878	1170.0000
304	0.4482	0.8264	0.5808	0.7552	0.1442	0.6958	36.8947	0.3538	1178.0000	466.0000	0.3956	1180.0000
305	0.4612	0.8178	0.5774	0.7561	0.1484	0.7086	37.1053	0.3471	1177.0000	447.0000	0.3798	1179.0000
306	0.4733	0.8217	0.5820	0.7630	0.1498	0.7077	37.2105	0.3322	1168.0000	452.0000	0.3870	1170.0000
307	0.4658	0.8199	0.5803	0.7490	0.1478	0.7105	36.7895	0.3309	1204.0000	457.0000	0.3796	1206.0000
308	0.4552	0.8291	0.5813	0.7548	0.1444	0.7078	36.9474	0.3265	1197.0000	461.0000	0.3851	1199.0000
309	0.4592	0.8210	0.5794	0.7682	0.1406	0.7014	37.0526	0.3377	1139.0000	463.0000	0.4065	1141.0000
310	0.4704	0.8215	0.5771	0.7666	0.1392	0.7008	37.0000	0.3405	1155.0000	463.0000	0.4009	1157.0000
311	0.4558	0.8208	0.5783	0.7563	0.1451	0.7042	37.2632	0.3409	1177.0000	449.0000	0.3815	1179.0000
312	0.4245	0.8185	0.5797	0.7626	0.1457	0.6986	36.8421	0.3730	1173.0000	460.0000	0.3922	1175.0000
313	0.4683	0.8247	0.5793	0.7655	0.1470	0.7050	37.0000	0.3450	1161.0000	453.0000	0.3902	1163.0000
314	0.4569	0.8222	0.5784	0.7661	0.1436	0.7057	37.1053	0.3451	1150.0000	454.0000	0.3948	1152.0000
315	0.4650	0.8264	0.5764	0.7394	0.1470	0.7025	37.1579	0.3289	1210.0000	471.0000	0.3893	1213.0000
316	0.4538	0.8233	0.5791	0.7551	0.1447	0.7019	37.0526	0.3395	1180.0000	457.0000	0.3873	1182.0000
317	0.4657	0.8224	0.5802	0.7599	0.1429	0.6993	36.8947	0.3556	1163.0000	462.0000	0.3972	1165.0000
318	0.4661	0.8226	0.5788	0.7586	0.1534	0.7151	36.9474	0.3187	1183.0000	446.0000	0.3770	1185.0000
319	0.4734	0.8273	0.5824	0.7691	0.1437	0.6948	37.2105	0.3365	1155.0000	462.0000	0.4000	1157.0000
320	0.4741	0.8199	0.5792	0.7549	0.1464	0.7060	36.9474	0.3228	1175.0000	444.0000	0.3779	1177.0000
321	0.4746	0.8266	0.5831	0.7675	0.1543	0.7069	37.0526	0.3184	1187.0000	447.0000	0.3766	1189.0000
322	0.4740	0.8178	0.5771	0.7612	0.1470	0.7098	37.0526	0.3086	1167.0000	436.0000	0.3736	1169.0000
323	0.4626	0.8240	0.5801	0.7581	0.1395	0.6930	36.8947	0.3631	1142.0000	459.0000	0.4019	1144.0000
324	0.4555	0.8189	0.5798	0.7495	0.1393	0.7079	37.0526	0.3345	1190.0000	457.0000	0.3840	1192.0000
325	0.4621	0.8222	0.5791	0.7624	0.1510	0.7137	37.1579	0.3172	1185.0000	447.0000	0.3772	1187.0000
326	0.4595	0.8171	0.5784	0.7632	0.1459	0.7009	37.1579	0.3359	1175.0000	453.0000	0.3855	1177.0000
327	0.4661	0.8243	0.5793	0.7667	0.1476	0.6962	37.0526	0.3406	1152.0000	456.0000	0.3958	1154.0000
328	0.4522	0.8271	0.5792	0.7658	0.1454	0.7053	37.0000	0.3428	1159.0000	454.0000	0.3917	1161.0000
329	0.4800	0.8240	0.5768	0.7635	0.1475	0.7213	37.0526	0.3097	1181.0000	441.0000	0.3734	1183.0000
330	0.4586	0.8243	0.5778	0.7634	0.1473	0.7082	37.0526	0.3293	1178.0000	453.0000	0.3846	1180.0000
331	0.4623	0.8236	0.5778	0.7651	0.1445	0.7039	37.0526	0.3323	1162.0000	460.0000	0.3959	1164.0000
332	0.4722	0.8243	0.5815	0.7654	0.1462	0.7119	36.9474	0.3200	1177.0000	444.0000	0.3772	1179.0000
333	0.4667	0.8226	0.5779	0.7678	0.1528	0.7201	37.0526	0.3050	1168.0000	440.0000	0.3767	1170.0000
334	0.4375	0.8217	0.5800	0.7622	0.1463	0.7047	37.0526	0.3542	1173.0000	461.0000	0.3930	1175.0000
335	0.4601	0.8168	0.5802	0.7662	0.1436	0.7050	37.0000	0.3468	1163.0000	456.0000	0.3921	1165.0000
336	0.4611	0.8161	0.5799	0.7606	0.1459	0.7049	37.1053	0.3528	1180.0000	446.0000	0.3780	1182.0000
337	0.4527	0.8236	0.5809	0.7762	0.1489	0.7048	36.8421	0.3415	1151.0000	452.0000	0.3927	1153.0000
338	0.4590	0.8182	0.5778	0.7603	0.1414	0.7076	37.0000	0.3350	1140.0000	451.0000	0.3956	1142.0000
339	0.4864	0.8212	0.5774	0.7673	0.1480	0.7063	37.0526	0.3266	1172.0000	454.0000	0.3874	1174.0000
340	0.4662	0.8229	0.5776	0.7578	0.1475	0.7143	37.1579	0.3209	1166.0000	448.0000	0.3842	1168.0000
341	0.4785	0.8268	0.5825	0.7628	0.1508	0.7110	37.0526	0.3289	1199.0000	452.0000	0.3770	1201.0000
342	0.4594	0.8266	0.5802	0.7705	0.1470	0.7104	37.1053	0.3361	1189.0000	462.0000	0.3886	1191.0000
343	0.4547	0.8222	0.5800	0.7587	0.1400	0.7054	37.1053	0.3378	1164.0000	464.0000	0.3986	1166.0000
344	0.4502	0.8217	0.5767	0.7673	0.1474	0.7043	36.9474	0.3450	1167.0000	448.0000	0.3839	1169.0000
345	0.4669	0.8157	0.5785	0.7602	0.1479	0.7030	36.8421	0.3334	1172.0000	448.0000	0.3823	1174.0000
346	0.4755	0.8231	0.5785	0.7540	0.1509	0.7108	36.8947	0.3164	1206.0000	457.0000	0.3789	1208.0000
347	0.4827	0.8229	0.5813	0.7634	0.1489	0.7018	37.2105	0.3400	1170.0000	454.0000	0.3880	1172.0000
348	0.4730	0.8173	0.5778	0.7687	0.1473	0.7030	37.1579	0.3270	1165.0000	448.0000	0.3845	1167.0000
349	0.4878	0.8291	0.5794	0.7659	0.1437	0.7182	36.8421	0.3152	1142.0000	446.0000	0.3905	1144.0000
350	0.4520	0.8252	0.5826	0.7735	0.1488	0.7006	37.1053	0.3455	1161.0000	452.0000	0.3893	1163.0000
351	0.4670	0.8229	0.5824	0.7624	0.1487	0.7094	36.9474	0.3390	1163.0000	447.0000	0.3844	1165.0000
352	0.4765	0.8194	0.5776	0.7628	0.1437	0.6996	36.8947	0.3413	1157.0000	460.0000	0.3976	1159.0000
353	0.4792	0.8229	0.5790	0.7678	0.1528	0.7061	36.7368	0.3194	1181.0000	448.0000	0.3793	1183.0000
354	0.4666	0.8145	0.5742	0.7580	0.1443	0.7148	37.2105	0.3215	1152.0000	441.0000	0.3828	1154.0000
355	0.4564	0.8266	0.5821	0.7473	0.1477	0.7033	36.9474	0.3409	1213.0000	463.0000	0.3817	1215.0000
356	0.4521	0.8301	0.5847	0.7583	0.1484	0.6974	37.1053	0.3285	1175.0000	473.0000	0.4026	1177.0000
357	0.4721	0.8273	0.5804	0.7696	0.1499	0.7065	37.0000	0.3320	1159.0000	456.0000	0.3934	1161.0000
358	0.4569	0.8219	0.5813	0.7613	0.1464	0.7082	37.0526	0.3317	1166.0000	455.0000	0.3902	1168.0000
359	0.4658	0.8236	0.5816	0.7750	0.1479	0.6995	36.9474	0.3229	1153.0000	453.0000	0.3929	1155.0000
360	0.4601	0.8247	0.5793	0.7706	0.1452	0.7051	37.1579	0.3332	1158.0000	461.0000	0.3981	1160.0000
361	0.4678	0.8222	0.5817	0.7617	0.1477	0.7043	37.1053	0.3401	1162.0000	457.0000	0.3933	1164.0000
362	0.4733	0.8231	0.5803	0.7594	0.1462	0.7117	36.9474	0.3348	1170.0000	452.0000	0.3863	1172.0000
363	0.4657	0.8245	0.5780	0.7605	0.1494	0.7070	36.9474	0.3142	1184.0000	448.0000	0.3784	1186.0000
364	0.4559	0.8243	0.5788	0.7566	0.1453	0.7065	37.1053	0.3352	1186.0000	451.0000	0.3803	1188.0000
365	0.4704	0.8308	0.5834	0.7595	0.1484	0.7140	36.8947	0.3338	1198.0000	449.0000	0.3748	1200.0000
366	0.4703	0.8212	0.5815	0.7724	0.1503	0.7066	36.9474	0.3281	1174.0000	439.0000	0.3739	1177.0000
367	0.4652	0.8247	0.5786	0.7583	0.1444	0.7157	37.0526	0.3284	1187.0000	447.0000	0.3766	1189.0000
368	0.4437	0.8257	0.5793	0.7505	0.1466	0.7075	37.0526	0.3404	1177.0000	458.0000	0.3891	1179.0000
369	0.4586	0.8217	0.5780	0.7685	0.1483	0.7014	37.0526	0.3347	1145.0000	443.0000	0.3869	1147.0000
370	0.4689	0.8217	0.5801	0.7564	0.1465	0.7079	37.0000	0.3228	1189.0000	462.0000	0.3886	1191.0000
371	0.4601	0.8159	0.5761	0.7557	0.1449	0.6967	37.1053	0.3582	1177.0000	461.0000	0.3917	1179.0000
372	0.4727	0.8212	0.5784	0.7649	0.1407	0.6960	37.0526	0.3389	1124.0000	454.0000	0.4039	1126.0000
373	0.4536	0.8215	0.5779	0.7550	0.1457	0.7084	37.0526	0.3302	1200.0000	452.0000	0.3767	1202.0000
374	0.4767	0.8173	0.5773	0.7595	0.1474	0.7041	36.8421	0.3279	1163.0000	451.0000	0.3878	1165.0000
375	0.4738	0.8236	0.5795	0.7585	0.1442	0.7014	36.6316	0.3357	1164.0000	463.0000	0.3978	1166.0000
376	0.4800	0.8238	0.5802	0.7624	0.1451	0.7088	37.1579	0.3168	1172.0000	457.0000	0.3899	1174.0000
377	0.4479	0.8222	0.5822	0.7681	0.1534	0.7037	37.1053	0.3320	1171.0000	453.0000	0.3868	1173.0000
378	0.4437	0.8222	0.5786	0.7598	0.1444	0.7073	37.0526	0.3544	1161.0000	458.0000	0.3945	1163.0000
379	0.4628	0.8252	0.5816	0.7709	0.1488	0.7141	37.0526	0.3305	1173.0000	448.0000	0.3819	1175.0000
380	0.4585	0.8231	0.5788	0.7792	0.1470	0.7102	36.8947	0.3307	1132.0000	441.0000	0.3896	1134.0000
381	0.4531	0.8243	0.5820	0.7494	0.1517	0.7047	37.0000	0.3417	1192.0000	455.0000	0.3817	1194.0000
382	0.4655	0.8219	0.5783	0.7597	0.1439	0.6963	37.2105	0.3483	1164.0000	469.0000	0.4029	1166.0000
383	0.4795	0.8215	0.5801	0.7631	0.1466	0.7134	37.1053	0.3247	1193.0000	453.0000	0.3797	1195.0000
384	0.4598	0.8231	0.5798	0.7727	0.1487	0.7030	36.8947	0.3305	1150.0000	449.0000	0.3904	1152.0000
385	0.4662	0.8245	0.5793	0.7644	0.1453	0.7039	37.0526	0.3451	1160.0000	457.0000	0.3940	1162.0000
386	0.4325	0.8280	0.5828	0.7577	0.1465	0.7004	37.0526	0.3626	1182.0000	467.0000	0.3951	1184.0000
387	0.4807	0.8264	0.5792	0.7714	0.1439	0.7036	36.8947	0.3256	1146.0000	450.0000	0.3927	1148.0000
388	0.4709	0.8275	0.5839	0.7575	0.1501	0.7080	36.7895	0.3206	1189.0000	455.0000	0.3827	1191.0000
389	0.4621	0.8217	0.5785	0.7629	0.1462	0.7016	36.8421	0.3455	1162.0000	459.0000	0.3950	1164.0000
390	0.4582	0.8252	0.5803	0.7751	0.1494	0.7073	37.0000	0.3304	1141.0000	451.0000	0.3953	1143.0000
391	0.4610	0.8233	0.5789	0.7546	0.1426	0.7065	37.0000	0.3377	1182.0000	455.0000	0.3849	1184.0000
392	0.4567	0.8261	0.5824	0.7605	0.1533	0.7033	36.8947	0.3431	1202.0000	454.0000	0.3777	1204.0000
393	0.4698	0.8273	0.5821	0.7625	0.1491	0.7086	37.0526	0.3175	1162.0000	446.0000	0.3838	1164.0000
394	0.4792	0.8238	0.5800	0.7583	0.1460	0.7098	36.8947	0.3240	1172.0000	449.0000	0.3831	1174.0000
395	0.4772	0.8224	0.5809	0.7623	0.1517	0.7090	37.0526	0.3301	1169.0000	447.0000	0.3824	1171.0000
396	0.4517	0.8173	0.5751	0.7554	0.1472	0.7075	37.0000	0.3296	1182.0000	450.0000	0.3807	1184.0000
397	0.4791	0.8229	0.5782	0.7673	0.1467	0.7115	37.1053	0.3281	1155.0000	445.0000	0.3853	1158.0000
398	0.4729	0.8215	0.5782	0.7770	0.1511	0.7121	36.8421	0.3180	1148.0000	438.0000	0.3815	1150.0000
399	0.4467	0.8268	0.5813	0.7595	0.1459	0.6959	36.8947	0.3525	1162.0000	463.0000	0.3985	1164.0000
400	0.4597	0.8217	0.5809	0.7595	0.1451	0.6989	36.8421	0.3426	1157.0000	458.0000	0.3959	1159.0000
401	0.4393	0.8208	0.5799	0.7615	0.1370	0.6906	37.0000	0.3652	1155.0000	464.0000	0.4017	1157.0000
402	0.4554	0.8273	0.5815	0.7702	0.1454	0.6997	37.0000	0.3513	1151.0000	465.0000	0.4040	1153.0000
403	0.4440	0.8245	0.5803	0.7570	0.1430	0.7089	37.1579	0.3355	1183.0000	459.0000	0.3880	1185.0000
404	0.4739	0.8261	0.5811	0.7626	0.1453	0.7100	36.9474	0.3424	1159.0000	443.0000	0.3822	1161.0000
405	0.4421	0.8199	0.5783	0.7495	0.1471	0.7033	37.1053	0.3462	1178.0000	448.0000	0.3803	1180.0000
406	0.4530	0.8259	0.5816	0.7665	0.1509	0.7139	36.8947	0.3371	1179.0000	447.0000	0.3791	1181.0000
407	0.4578	0.8229	0.5795	0.7588	0.1474	0.7113	36.9474	0.3342	1170.0000	441.0000	0.3769	1172.0000
408	0.4516	0.8185	0.5791	0.7663	0.1458	0.7033	36.8947	0.3435	1161.0000	458.0000	0.3945	1163.0000
409	0.4512	0.8226	0.5835	0.7599	0.1497	0.7000	37.1053	0.3517	1185.0000	461.0000	0.3890	1187.0000
410	0.4690	0.8240	0.5819	0.7539	0.1424	0.6982	36.9474	0.3398	1165.0000	463.0000	0.3974	1167.0000
411	0.4543	0.8185	0.5795	0.7573	0.1448	0.6988	37.1053	0.3343	1184.0000	458.0000	0.3868	1186.0000
412	0.4520	0.8233	0.5825	0.7664	0.1459	0.6992	37.0526	0.3522	1154.0000	464.0000	0.4021	1156.0000
413	0.4792	0.8243	0.5796	0.7746	0.1525	0.7024	37.0526	0.3226	1149.0000	443.0000	0.3856	1151.0000
414	0.4436	0.8226	0.5791	0.7837	0.1486	0.6941	36.8947	0.3561	1118.0000	454.0000	0.4061	1120.0000
415	0.4719	0.8196	0.5766	0.7665	0.1497	0.7021	36.9474	0.3241	1175.0000	454.0000	0.3864	1177.0000
416	0.4730	0.8166	0.5783	0.7694	0.1444	0.7090	36.7895	0.3514	1147.0000	448.0000	0.3906	1149.0000
417	0.4695	0.8231	0.5801	0.7654	0.1465	0.7028	37.0526	0.3310	1157.0000	451.0000	0.3898	1159.0000
418	0.4505	0.8250	0.5798	0.7634	0.1455	0.6974	37.1579	0.3437	1139.0000	462.0000	0.4056	1141.0000
419	0.4547	0.8210	0.5795	0.7645	0.1459	0.7021	37.0000	0.3493	1166.0000	455.0000	0.3902	1168.0000
420	0.4605	0.8215	0.5803	0.7660	0.1496	0.7115	37.0000	0.3313	1172.0000	450.0000	0.3840	1174.0000
421	0.4498	0.8257	0.5820	0.7556	0.1482	0.7099	37.2632	0.3316	1179.0000	454.0000	0.3851	1181.0000
422	0.4614	0.8285	0.5845	0.7754	0.1481	0.6945	37.1053	0.3375	1143.0000	467.0000	0.4086	1145.0000
423	0.4884	0.8208	0.5786	0.7655	0.1502	0.7175	36.9474	0.3091	1186.0000	438.0000	0.3693	1188.0000
424	0.4574	0.8185	0.5776	0.7680	0.1479	0.7080	36.8421	0.3453	1163.0000	451.0000	0.3878	1165.0000
425	0.4803	0.8212	0.5808	0.7616	0.1518	0.7136	37.0526	0.3009	1193.0000	449.0000	0.3764	1195.0000
426	0.4774	0.8280	0.5825	0.7687	0.1524	0.7081	37.1053	0.3226	1180.0000	449.0000	0.3805	1182.0000
427	0.4668	0.8157	0.5812	0.7644	0.1456	0.6970	37.1053	0.3439	1151.0000	449.0000	0.3901	1153.0000
428	0.4661	0.8205	0.5787	0.7614	0.1474	0.7053	36.8421	0.3321	1175.0000	448.0000	0.3813	1177.0000
429	0.4659	0.8219	0.5782	0.7622	0.1467	0.7015	37.1053	0.3440	1178.0000	462.0000	0.3922	1180.0000
430	0.4585	0.8231	0.5794	0.7624	0.1431	0.7128	37.0526	0.3347	1177.0000	455.0000	0.3866	1179.0000
431	0.4517	0.8210	0.5799	0.7561	0.1490	0.7016	36.8947	0.3336	1173.0000	449.0000	0.3828	1175.0000
432	0.4490	0.8247	0.5791	0.7527	0.1463	0.7088	36.8947	0.3410	1197.0000	461.0000	0.3851	1199.0000
433	0.4394	0.8280	0.5836	0.7582	0.1469	0.6957	36.8947	0.3462	1175.0000	462.0000	0.3932	1177.0000
434	0.4650	0.8212	0.5768	0.7675	0.1506	0.7089	37.1053	0.3316	1156.0000	446.0000	0.3858	1158.0000
435	0.4815	0.8245	0.5793	0.7641	0.1485	0.7152	37.0526	0.3204	1182.0000	445.0000	0.3765	1184.0000
436	0.4711	0.8229	0.5799	0.7761	0.1511	0.7042	37.1053	0.3332	1140.0000	447.0000	0.3921	1142.0000
437	0.4546	0.8233	0.5823	0.7639	0.1500	0.7086	36.8947	0.3490	1179.0000	455.0000	0.3859	1181.0000
438	0.4659	0.8252	0.5844	0.7691	0.1512	0.6998	36.9474	0.3384	1154.0000	456.0000	0.3951	1156.0000
439	0.4616	0.8196	0.5813	0.7632	0.1510	0.7062	37.0000	0.3368	1199.0000	448.0000	0.3736	1201.0000
440	0.4555	0.8208	0.5792	0.7658	0.1446	0.6987	37.0526	0.3507	1174.0000	460.0000	0.3918	1176.0000
441	0.4518	0.8222	0.5803	0.7520	0.1441	0.7117	36.8947	0.3435	1174.0000	450.0000	0.3833	1176.0000
442	0.4625	0.8224	0.5797	0.7733	0.1498	0.7019	37.1579	0.3472	1143.0000	454.0000	0.3972	1145.0000
443	0.4603	0.8212	0.5807	0.7698	0.1456	0.6995	36.9474	0.3484	1151.0000	455.0000	0.3953	1153.0000
444	0.4461	0.8298	0.5819	0.7625	0.1481	0.7148	37.0000	0.3374	1177.0000	456.0000	0.3874	1179.0000
445	0.4725	0.8175	0.5786	0.7580	0.1481	0.7177	37.1053	0.3141	1176.0000	440.0000	0.3741	1178.0000
446	0.4743	0.8224	0.5770	0.7748	0.1455	0.7056	37.1053	0.3354	1134.0000	448.0000	0.3951	1136.0000
447	0.4690	0.8261	0.5790	0.7685	0.1499	0.7023	37.0526	0.3258	1164.0000	460.0000	0.3952	1166.0000
448	0.4405	0.8203	0.5806	0.7689	0.1446	0.6908	36.9474	0.3545	1140.0000	460.0000	0.4035	1142.0000
449	0.4674	0.8185	0.5767	0.7609	0.1504	0.7101	37.1053	0.3307	1167.0000	444.0000	0.3805	1169.0000
450	0.4848	0.8243	0.5794	0.7674	0.1492	0.6992	37.0000	0.3321	1163.0000	454.0000	0.3904	1165.0000
451	0.4533	0.8231	0.5769	0.7482	0.1452	0.7053	36.8947	0.3388	1197.0000	455.0000	0.3801	1199.0000
452	0.4716	0.8266	0.5801	0.7612	0.1505	0.7108	36.9474	0.3111	1175.0000	447.0000	0.3804	1177.0000
453	0.4497	0.8210	0.5784	0.7620	0.1458	0.7027	36.8947	0.3498	1155.0000	457.0000	0.3957	1157.0000
454	0.4498	0.8238	0.5813	0.7601	0.1481	0.7003	37.1579	0.3453	1182.0000	462.0000	0.3909	1184.0000
455	0.4684	0.8243	0.5830	0.7704	0.1521	0.7076	37.1053	0.3255	1158.0000	450.0000	0.3886	1160.0000
456	0.4638	0.8203	0.5791	0.7718	0.1483	0.7057	37.0526	0.3355	1140.0000	445.0000	0.3904	1142.0000
457	0.4467	0.8175	0.5781	0.7550	0.1377	0.6868	37.0526	0.3639	1148.0000	475.0000	0.4138	1150.0000
458	0.4694	0.8222	0.5803	0.7599	0.1514	0.7044	37.0526	0.3252	1168.0000	451.0000	0.3861	1170.0000
459	0.4810	0.8201	0.5816	0.7579	0.1444	0.7097	37.1579	0.3209	1169.0000	453.0000	0.3875	1171.0000
460	0.4531	0.8185	0.5770	0.7503	0.1423	0.6986	36.8421	0.3382	1175.0000	454.0000	0.3864	1177.0000
461	0.4529	0.8238	0.5795	0.7609	0.1468	0.6966	37.0526	0.3576	1168.0000	453.0000	0.3878	1170.0000
462	0.4551	0.8229	0.5841	0.7631	0.1438	0.7009	37.0000	0.3545	1159.0000	458.0000	0.3952	1161.0000
463	0.4598	0.8273	0.5801	0.7698	0.1505	0.7149	37.0526	0.3244	1166.0000	445.0000	0.3816	1168.0000
464	0.4658	0.8268	0.5839	0.7646	0.1408	0.7083	37.2105	0.3230	1138.0000	462.0000	0.4060	1140.0000
465	0.4816	0.8187	0.5771	0.7645	0.1524	0.7093	36.8947	0.3168	1189.0000	449.0000	0.3776	1192.0000
466	0.4553	0.8205	0.5801	0.7585	0.1459	0.7017	36.9474	0.3360	1173.0000	458.0000	0.3905	1175.0000
467	0.4721	0.8205	0.5793	0.7637	0.1462	0.7156	37.1579	0.3263	1155.0000	444.0000	0.3844	1157.0000
468	0.4663	0.8208	0.5802	0.7500	0.1415	0.7085	37.1053	0.3313	1174.0000	455.0000	0.3876	1176.0000
469	0.4734	0.8296	0.5831	0.7734	0.1528	0.7182	37.1053	0.3162	1161.0000	436.0000	0.3755	1163.0000
470	0.4785	0.8247	0.5817	0.7699	0.1468	0.7054	37.1579	0.3322	1147.0000	458.0000	0.3993	1149.0000
471	0.4616	0.8222	0.5819	0.7669	0.1490	0.6976	37.0526	0.3346	1156.0000	459.0000	0.3971	1158.0000
472	0.4814	0.8264	0.5790	0.7560	0.1515	0.7150	37.0526	0.3030	1203.0000	449.0000	0.3732	1205.0000
473	0.4563	0.8185	0.5787	0.7585	0.1443	0.7099	37.1579	0.3474	1154.0000	450.0000	0.3899	1156.0000
474	0.4515	0.8236	0.5812	0.7580	0.1495	0.7009	36.8947	0.3364	1173.0000	456.0000	0.3887	1175.0000
475	0.4450	0.8238	0.5792	0.7559	0.1472	0.7052	36.9474	0.3425	1184.0000	459.0000	0.3877	1186.0000
476	0.4608	0.8229	0.5805	0.7667	0.1520	0.7112	36.8947	0.3356	1194.0000	448.0000	0.3752	1196.0000
477	0.4674	0.8275	0.5797	0.7561	0.1449	0.7069	36.8947	0.3304	1150.0000	455.0000	0.3957	1152.0000
478	0.4540	0.8238	0.5804	0.7569	0.1484	0.7097	36.8421	0.3355	1188.0000	450.0000	0.3788	1190.0000
479	0.4670	0.8187	0.5765	0.7575	0.1457	0.7122	37.0000	0.3309	1184.0000	449.0000	0.3792	1186.0000
480	0.4505	0.8173	0.5809	0.7682	0.1429	0.7164	36.8421	0.3389	1145.0000	442.0000	0.3860	1147.0000
481	0.4559	0.8171	0.5801	0.7637	0.1413	0.6855	37.0526	0.3646	1163.0000	464.0000	0.3990	1165.0000
482	0.4845	0.8194	0.5790	0.7738	0.1436	0.7088	37.0000	0.3253	1140.0000	448.0000	0.3930	1142.0000
483	0.4880	0.8210	0.5819	0.7584	0.1496	0.7121	37.1579	0.3236	1165.0000	450.0000	0.3863	1167.0000
484	0.4662	0.8275	0.5831	0.7570	0.1503	0.7069	36.8947	0.3259	1201.0000	456.0000	0.3797	1203.0000
485	0.4618	0.8194	0.5785	0.7673	0.1436	0.7047	36.9474	0.3341	1144.0000	454.0000	0.3969	1146.0000
486	0.4734	0.8233	0.5799	0.7669	0.1510	0.7137	37.0526	0.3254	1180.0000	447.0000	0.3788	1182.0000
487	0.4621	0.8215	0.5813	0.7708	0.1431	0.6875	37.1053	0.3605	1141.0000	465.0000	0.4075	1143.0000
488	0.4584	0.8245	0.5801	0.7596	0.1498	0.7082	36.8421	0.3358	1170.0000	449.0000	0.3838	1172.0000
489	0.4582	0.8259	0.5815	0.7593	0.1452	0.7024	37.0000	0.3496	1182.0000	457.0000	0.3866	1184.0000
490	0.4834	0.8212	0.5772	0.7717	0.1531	0.7123	36.7368	0.3170	1166.0000	440.0000	0.3774	1168.0000
491	0.4594	0.8178	0.5789	0.7560	0.1434	0.7029	36.9474	0.3441	1174.0000	456.0000	0.3884	1176.0000
492	0.4727	0.8185	0.5792	0.7595	0.1435	0.7024	36.7895	0.3400	1170.0000	457.0000	0.3906	1172.0000
493	0.4475	0.8301	0.5809	0.7541	0.1481	0.7054	37.0000	0.3362	1186.0000	455.0000	0.3836	1188.0000
494	0.4653	0.8257	0.5819	0.7701	0.1498	0.7099	37.0000	0.3354	1174.0000	452.0000	0.3850	1176.0000
495	0.4622	0.8210	0.5767	0.7596	0.1438	0.7073	37.0000	0.3450	1167.0000	455.0000	0.3899	1169.0000
496	0.4481	0.8185	0.5788	0.7683	0.1497	0.7034	36.9474	0.3480	1166.0000	444.0000	0.3808	1168.0000
497	0.4963	0.8261	0.5781	0.7615	0.1476	0.7114	36.9474	0.3137	1164.0000	445.0000	0.3823	1166.0000
498	0.4729	0.8247	0.5829	0.7653	0.1522	0.7052	37.0526	0.3349	1179.0000	451.0000	0.3825	1181.0000
499	0.4509	0.8208	0.5805	0.7507	0.1460	0.7025	37.0000	0.3430	1158.0000	453.0000	0.3912	1160.0000
500	0.4580	0.8208	0.5790	0.7600	0.1457	0.7140	36.8947	0.3284	1167.0000	449.0000	0.3847	1169.0000
501	0.4645	0.8229	0.5805	0.7671	0.1450	0.6977	37.0526	0.3519	1144.0000	457.0000	0.3995	1146.0000
502	0.4671	0.8224	0.5799	0.7667	0.1472	0.7042	37.0000	0.3388	1154.0000	448.0000	0.3882	1156.0000
503	0.4861	0.8180	0.5777	0.7600	0.1457	0.7214	36.8947	0.3226	1166.0000	438.0000	0.3756	1168.0000
504	0.4905	0.8282	0.5800	0.7688	0.1513	0.7090	36.8421	0.3191	1176.0000	454.0000	0.3861	1178.0000
505	0.4601	0.8254	0.5792	0.7615	0.1468	0.7116	36.9474	0.3227	1172.0000	456.0000	0.3891	1174.0000
506	0.4795	0.8210	0.5769	0.7691	0.1455	0.7059	36.9474	0.3352	1173.0000	457.0000	0.3896	1175.0000
507	0.4664	0.8208	0.5796	0.7577	0.1474	0.6967	36.7895	0.3395	1181.0000	459.0000	0.3887	1183.0000
508	0.4633	0.8173	0.5765	0.7670	0.1439	0.7029	37.1053	0.3480	1155.0000	455.0000	0.3939	1157.0000
509	0.4620	0.8280	0.5826	0.7737	0.1503	0.7123	37.0526	0.3310	1173.0000	447.0000	0.3811	1175.0000
510	0.4491	0.8159	0.5787	0.7630	0.1443	0.6976	36.8421	0.3425	1147.0000	450.0000	0.3923	1149.0000
511	0.4773	0.8257	0.5801	0.7709	0.1496	0.7040	36.9474	0.3372	1173.0000	452.0000	0.3853	1175.0000
512	0.4565	0.8224	0.5795	0.7625	0.1434	0.7035	37.2105	0.3312	1158.0000	452.0000	0.3903	1160.0000
513	0.4376	0.8271	0.5817	0.7592	0.1449	0.7039	37.0526	0.3568	1174.0000	466.0000	0.3969	1176.0000
514	0.4516	0.8250	0.5823	0.7659	0.1460	0.7091	36.9474	0.3330	1166.0000	456.0000	0.3911	1168.0000
515	0.4606	0.8226	0.5804	0.7539	0.1508	0.6992	36.7895	0.3511	1197.0000	458.0000	0.3826	1199.0000
516	0.4819	0.8250	0.5820	0.7493	0.1493	0.7027	37.1579	0.3380	1224.0000	462.0000	0.3775	1226.0000
517	0.4724	0.8231	0.5779	0.7581	0.1460	0.7070	36.8947	0.3353	1156.0000	452.0000	0.3910	1158.0000
518	0.4842	0.8250	0.5829	0.7743	0.1515	0.7205	37.1053	0.3063	1176.0000	438.0000	0.3724	1178.0000
519	0.4535	0.8240	0.5815	0.7581	0.1447	0.7132	37.0000	0.3325	1174.0000	454.0000	0.3867	1176.0000
520	0.4462	0.8257	0.5809	0.7581	0.1445	0.6928	37.0526	0.3593	1174.0000	462.0000	0.3935	1176.0000
521	0.4437	0.8217	0.5787	0.7656	0.1447	0.7027	36.7895	0.3524	1161.0000	454.0000	0.3910	1163.0000
522	0.4643	0.8268	0.5828	0.7595	0.1443	0.6971	36.8421	0.3335	1182.0000	462.0000	0.3909	1184.0000
523	0.4510	0.8196	0.5791	0.7605	0.1451	0.7020	36.9474	0.3413	1168.0000	461.0000	0.3947	1170.0000
524	0.4737	0.8257	0.5778	0.7631	0.1478	0.7171	36.9474	0.3220	1157.0000	440.0000	0.3803	1159.0000
525	0.4795	0.8252	0.5829	0.7632	0.1522	0.7149	36.8421	0.3230	1171.0000	448.0000	0.3826	1173.0000
526	0.4551	0.8203	0.5808	0.7534	0.1479	0.7019	36.9474	0.3409	1192.0000	452.0000	0.3792	1194.0000
527	0.4536	0.8226	0.5805	0.7581	0.1442	0.6988	36.8947	0.3445	1188.0000	455.0000	0.3830	1190.0000
528	0.4710	0.8203	0.5790	0.7596	0.1414	0.6979	37.0000	0.3375	1162.0000	460.0000	0.3959	1164.0000
529	0.4731	0.8252	0.5803	0.7655	0.1462	0.7037	36.8421	0.3408	1147.0000	460.0000	0.4010	1149.0000
530	0.4450	0.8187	0.5785	0.7596	0.1460	0.6977	36.9474	0.3581	1160.0000	455.0000	0.3922	1162.0000
531	0.4652	0.8192	0.5794	0.7701	0.1428	0.7054	37.1053	0.3341	1146.0000	459.0000	0.4005	1148.0000
532	0.4598	0.8205	0.5783	0.7525	0.1416	0.7050	37.1053	0.3319	1172.0000	460.0000	0.3925	1174.0000
533	0.4648	0.8194	0.5784	0.7634	0.1507	0.7127	37.1053	0.3316	1188.0000	450.0000	0.3788	1190.0000
534	0.4576	0.8226	0.5793	0.7731	0.1462	0.6950	37.0000	0.3488	1150.0000	462.0000	0.4017	1152.0000
535	0.4422	0.8250	0.5780	0.7557	0.1455	0.7089	37.0000	0.3514	1184.0000	460.0000	0.3885	1186.0000
536	0.4919	0.8217	0.5788	0.7677	0.1462	0.7121	37.0526	0.3173	1160.0000	448.0000	0.3862	1162.0000
537	0.4687	0.8229	0.5807	0.7694	0.1479	0.7007	36.9474	0.3304	1157.0000	451.0000	0.3898	1159.0000
538	0.4633	0.8291	0.5834	0.7549	0.1452	0.7015	37.0000	0.3406	1187.0000	469.0000	0.3951	1189.0000
539	0.4741	0.8194	0.5770	0.7612	0.1490	0.6953	36.7895	0.3326	1173.0000	455.0000	0.3879	1175.0000
540	0.4594	0.8212	0.5786	0.7679	0.1520	0.7183	37.1579	0.3256	1186.0000	441.0000	0.3718	1188.0000
541	0.4695	0.8210	0.5823	0.7647	0.1504	0.7134	37.0526	0.3208	1173.0000	449.0000	0.3828	1175.0000
542	0.4561	0.8189	0.5774	0.7613	0.1416	0.6950	37.2632	0.3545	1171.0000	461.0000	0.3937	1173.0000
543	0.4566	0.8219	0.5781	0.7727	0.1458	0.7224	37.2105	0.3405	1141.0000	443.0000	0.3883	1143.0000
544	0.4505	0.8243	0.5799	0.7553	0.1427	0.6938	37.1053	0.3518	1164.0000	468.0000	0.4021	1166.0000
545	0.4637	0.8219	0.5798	0.7747	0.1454	0.7173	37.0000	0.3289	1154.0000	448.0000	0.3882	1156.0000
546	0.4589	0.8212	0.5804	0.7471	0.1418	0.7114	36.8947	0.3305	1181.0000	456.0000	0.3861	1183.0000
547	0.4654	0.8212	0.5793	0.7724	0.1467	0.7030	37.1053	0.3337	1151.0000	451.0000	0.3918	1153.0000
548	0.4545	0.8252	0.5823	0.7491	0.1496	0.7105	37.1053	0.3339	1210.0000	459.0000	0.3793	1212.0000
549	0.4389	0.8231	0.5788	0.7682	0.1459	0.6953	37.0000	0.3638	1163.0000	465.0000	0.3998	1165.0000
550	0.4656	0.8212	0.5779	0.7606	0.1443	0.7096	36.8421	0.3327	1181.0000	443.0000	0.3751	1183.0000
551	0.4492	0.8240	0.5787	0.7457	0.1443	0.7091	37.2105	0.3436	1181.0000	462.0000	0.3912	1183.0000
552	0.4583	0.8268	0.5813	0.7699	0.1475	0.6984	36.7895	0.3535	1145.0000	462.0000	0.4035	1147.0000
553	0.4606	0.8229	0.5802	0.7570	0.1485	0.7075	36.9474	0.3273	1176.0000	454.0000	0.3861	1178.0000
554	0.4661	0.8208	0.5781	0.7523	0.1447	0.7070	37.0000	0.3404	1157.0000	456.0000	0.3941	1159.0000
555	0.4660	0.8208	0.5776	0.7598	0.1465	0.7068	37.0526	0.3290	1174.0000	450.0000	0.3833	1176.0000
556	0.4716	0.8224	0.5783	0.7562	0.1420	0.6927	36.8947	0.3455	1168.0000	465.0000	0.3981	1170.0000
557	0.4746	0.8210	0.5810	0.7637	0.1535	0.7110	37.1053	0.3193	1168.0000	438.0000	0.3750	1170.0000
558	0.4416	0.8268	0.5795	0.7618	0.1446	0.6989	36.9474	0.3671	1170.0000	464.0000	0.3966	1172.0000
559	0.4597	0.8205	0.5821	0.7663	0.1427	0.7015	37.0526	0.3469	1174.0000	460.0000	0.3918	1176.0000
560	0.4719	0.8240	0.5798	0.7639	0.1496	0.7080	37.0526	0.3331	1173.0000	453.0000	0.3862	1175.0000
561	0.4727	0.8229	0.5824	0.7686	0.1467	0.6943	36.9474	0.3446	1147.0000	462.0000	0.4028	1149.0000
562	0.4555	0.8222	0.5803	0.7530	0.1452	0.7077	37.0526	0.3299	1170.0000	448.0000	0.3829	1172.0000
563	0.4702	0.8252	0.5809	0.7574	0.1482	0.7000	36.8421	0.3356	1181.0000	461.0000	0.3903	1183.0000
564	0.4631	0.8240	0.5803	0.7813	0.1482	0.7053	37.1579	0.3411	1166.0000	452.0000	0.3877	1168.0000
565	0.4470	0.8222	0.5812	0.7459	0.1456	0.6980	37.0000	0.3511	1191.0000	466.0000	0.3913	1193.0000
566	0.4433	0.8212	0.5797	0.7589	0.1392	0.7030	37.1053	0.3484	1146.0000	463.0000	0.4040	1148.0000
567	0.4394	0.8229	0.5753	0.7667	0.1441	0.7020	36.8947	0.3482	1144.0000	455.0000	0.3977	1146.0000
568	0.4460	0.8275	0.5816	0.7689	0.1446	0.6899	36.8947	0.3669	1151.0000	465.0000	0.4040	1153.0000
569	0.4755	0.8229	0.5808	0.7691	0.1521	0.7164	37.0000	0.3191	1175.0000	439.0000	0.3736	1177.0000
570	0.4568	0.8145	0.5780	0.7622	0.1433	0.6949	36.8421	0.3546	1163.0000	458.0000	0.3938	1165.0000
571	0.4586	0.8157	0.5791	0.7566	0.1449	0.7078	37.0526	0.3465	1156.0000	447.0000	0.3867	1158.0000
572	0.4569	0.8282	0.5823	0.7622	0.1453	0.7056	37.1053	0.3393	1182.0000	464.0000	0.3926	1184.0000
573	0.4455	0.8247	0.5820	0.7616	0.1498	0.7058	37.0526	0.3452	1172.0000	459.0000	0.3916	1174.0000
574	0.4619	0.8212	0.5803	0.7637	0.1483	0.7041	37.0000	0.3420	1175.0000	453.0000	0.3855	1177.0000
575	0.4622	0.8171	0.5780	0.7683	0.1436	0.7064	37.0000	0.3338	1145.0000	453.0000	0.3956	1147.0000
576	0.4357	0.8194	0.5811	0.7612	0.1451	0.6999	37.0000	0.3612	1161.0000	460.0000	0.3962	1163.0000
577	0.4541	0.8217	0.5813	0.7570	0.1472	0.7105	37.0000	0.3403	1189.0000	456.0000	0.3835	1191.0000
578	0.4558	0.8264	0.5816	0.7597	0.1459	0.7033	37.0000	0.3405	1173.0000	462.0000	0.3939	1175.0000
579	0.4531	0.8215	0.5794	0.7655	0.1480	0.6984	36.9474	0.3513	1153.0000	446.0000	0.3868	1155.0000
580	0.4798	0.8201	0.5763	0.7678	0.1460	0.6973	37.1579	0.3227	1163.0000	461.0000	0.3964	1165.0000
581	0.4755	0.8231	0.5797	0.7669	0.1465	0.7169	37.1579	0.3217	1143.0000	449.0000	0.3928	1145.0000
582	0.4563	0.8182	0.5797	0.7683	0.1479	0.7057	37.1579	0.3204	1192.0000	443.0000	0.3716	1194.0000
583	0.4677	0.8236	0.5812	0.7729	0.1491	0.6998	37.0526	0.3399	1166.0000	460.0000	0.3945	1168.0000
584	0.4605	0.8222	0.5800	0.7567	0.1478	0.6991	36.9474	0.3461	1194.0000	461.0000	0.3861	1196.0000
585	0.4744	0.8215	0.5824	0.7695	0.1457	0.7109	36.8947	0.3292	1153.0000	451.0000	0.3912	1155.0000
586	0.4779	0.8212	0.5799	0.7780	0.1458	0.6942	36.7895	0.3377	1151.0000	451.0000	0.3918	1153.0000
587	0.4612	0.8259	0.5784	0.7619	0.1493	0.7139	37.0000	0.3278	1203.0000	456.0000	0.3791	1205.0000
588	0.4665	0.8210	0.5790	0.7597	0.1436	0.7069	36.9474	0.3316	1154.0000	451.0000	0.3908	1156.0000
589	0.4648	0.8271	0.5833	0.7702	0.1484	0.7042	36.9474	0.3220	1149.0000	447.0000	0.3890	1151.0000
590	0.4661	0.8247	0.5788	0.7573	0.1488	0.7077	36.9474	0.3366	1197.0000	456.0000	0.3810	1199.0000
591	0.4569	0.8182	0.5759	0.7604	0.1481	0.7038	37.1053	0.3402	1182.0000	449.0000	0.3799	1184.0000
592	0.4576	0.8217	0.5810	0.7643	0.1483	0.7010	37.0000	0.3496	1186.0000	460.0000	0.3879	1188.0000
593	0.4554	0.8203	0.5784	0.7579	0.1471	0.7063	36.8421	0.3359	1173.0000	449.0000	0.3828	1175.0000
594	0.4548	0.8187	0.5799	0.7623	0.1502	0.7102	37.0000	0.3456	1175.0000	448.0000	0.3813	1177.0000
595	0.4805	0.8245	0.5788	0.7620	0.1505	0.7112	36.9474	0.3179	1186.0000	444.0000	0.3744	1188.0000
596	0.4679	0.8164	0.5788	0.7671	0.1414	0.7075	36.9474	0.3508	1162.0000	457.0000	0.3933	1164.0000
597	0.4532	0.8201	0.5781	0.7583	0.1480	0.7107	37.0000	0.3442	1188.0000	452.0000	0.3805	1190.0000
598	0.4706	0.8282	0.5796	0.7594	0.1444	0.7055	37.1579	0.3206	1177.0000	467.0000	0.3968	1179.0000
599	0.4747	0.8201	0.5791	0.7644	0.1516	0.7079	37.0000	0.3154	1173.0000	438.0000	0.3734	1175.0000
600	0.4647	0.8257	0.5843	0.7643	0.1527	0.7040	37.1579	0.3323	1164.0000	457.0000	0.3926	1166.0000
601	0.4738	0.8233	0.5816	0.7604	0.1441	0.7036	37.1053	0.3348	1180.0000	462.0000	0.3915	1182.0000
602	0.4571	0.8189	0.5779	0.7723	0.1467	0.6937	37.0000	0.3428	1161.0000	452.0000	0.3893	1163.0000
603	0.4569	0.8257	0.5800	0.7629	0.1493	0.6940	37.0000	0.3536	1177.0000	463.0000	0.3934	1179.0000
604	0.4634	0.8259	0.5783	0.7635	0.1434	0.7032	37.1579	0.3334	1169.0000	454.0000	0.3884	1171.0000
605	0.4517	0.8257	0.5818	0.7666	0.1506	0.7111	37.0000	0.3334	1182.0000	449.0000	0.3799	1184.0000
606	0.4654	0.8231	0.5817	0.7603	0.1517	0.7157	36.8947	0.3317	1197.0000	449.0000	0.3751	1199.0000
607	0.4704	0.8266	0.5799	0.7644	0.1504	0.7076	37.1053	0.3246	1182.0000	449.0000	0.3799	1184.0000
608	0.4744	0.8233	0.5804	0.7629	0.1453	0.6981	37.0526	0.3431	1148.0000	456.0000	0.3972	1150.0000
609	0.4763	0.8231	0.5770	0.7565	0.1459	0.7129	36.8947	0.3226	1166.0000	453.0000	0.3885	1168.0000
610	0.4542	0.8245	0.5781	0.7580	0.1446	0.6946	37.0526	0.3452	1156.0000	461.0000	0.3988	1158.0000
611	0.4622	0.8264	0.5796	0.7601	0.1457	0.7076	36.9474	0.3537	1190.0000	456.0000	0.3832	1192.0000
612	0.4627	0.8254	0.5790	0.7610	0.1432	0.7034	37.1053	0.3429	1168.0000	461.0000	0.3947	1170.0000
613	0.4672	0.8278	0.5834	0.7573	0.1413	0.6941	37.1053	0.3433	1156.0000	466.0000	0.4031	1158.0000
614	0.4405	0.8208	0.5794	0.7650	0.1421	0.6861	37.0526	0.3605	1137.0000	462.0000	0.4063	1139.0000
615	0.4555	0.8236	0.5841	0.7590	0.1493	0.7059	36.9474	0.3259	1173.0000	454.0000	0.3870	1175.0000
616	0.4690	0.8240	0.5783	0.7637	0.1476	0.7025	37.1053	0.3357	1152.0000	455.0000	0.3950	1154.0000
617	0.4607	0.8289	0.5829	0.7686	0.1488	0.7064	37.0526	0.3326	1175.0000	454.0000	0.3864	1177.0000
618	0.4683	0.8233	0.5813	0.7530	0.1432	0.7050	36.8421	0.3369	1181.0000	459.0000	0.3887	1183.0000
619	0.4620	0.8229	0.5807	0.7696	0.1502	0.7167	37.1579	0.3355	1198.0000	449.0000	0.3748	1200.0000
620	0.4601	0.8250	0.5817	0.7717	0.1463	0.7086	37.0000	0.3315	1157.0000	448.0000	0.3872	1159.0000
621	0.4680	0.8268	0.5832	0.7695	0.1526	0.7070	37.0000	0.3273	1195.0000	461.0000	0.3858	1197.0000
622	0.4511	0.8215	0.5786	0.7730	0.1444	0.6974	37.1053	0.3505	1130.0000	455.0000	0.4027	1132.0000
623	0.4561	0.8257	0.5839	0.7561	0.1469	0.7047	37.0526	0.3485	1175.0000	462.0000	0.3932	1177.0000
624	0.4494	0.8250	0.5798	0.7656	0.1419	0.7071	37.1579	0.3532	1162.0000	458.0000	0.3941	1164.0000
625	0.4884	0.8226	0.5773	0.7678	0.1448	0.7142	37.0000	0.3073	1159.0000	449.0000	0.3874	1161.0000
626	0.4640	0.8231	0.5807	0.7592	0.1458	0.7149	36.9474	0.3286	1190.0000	449.0000	0.3773	1192.0000
627	0.4616	0.8224	0.5828	0.7681	0.1507	0.7069	36.9474	0.3493	1173.0000	453.0000	0.3862	1175.0000
628	0.4558	0.8205	0.5788	0.7598	0.1489	0.6998	37.0000	0.3444	1169.0000	464.0000	0.3969	1171.0000
629	0.4507	0.8201	0.5782	0.7524	0.1418	0.7087	36.8947	0.3401	1180.0000	458.0000	0.3881	1182.0000
630	0.4382	0.8250	0.5812	0.7687	0.1529	0.7111	37.0000	0.3451	1173.0000	448.0000	0.3819	1175.0000
631	0.4559	0.8208	0.5786	0.7793	0.1497	0.6949	37.1053	0.3435	1145.0000	462.0000	0.4035	1147.0000
632	0.4632	0.8205	0.5772	0.7680	0.1461	0.7100	36.9474	0.3391	1180.0000	457.0000	0.3873	1182.0000
633	0.4868	0.8233	0.5774	0.7809	0.1494	0.7018	37.0526	0.3146	1122.0000	444.0000	0.3957	1124.0000
634	0.4723	0.8238	0.5805	0.7657	0.1491	0.7130	37.1579	0.3145	1178.0000	451.0000	0.3829	1180.0000
635	0.4674	0.8196	0.5804	0.7549	0.1456	0.7048	37.1053	0.3308	1177.0000	457.0000	0.3883	1179.0000
636	0.4579	0.8205	0.5783	0.7597	0.1473	0.7122	37.1053	0.3365	1181.0000	445.0000	0.3768	1183.0000
637	0.4685	0.8243	0.5791	0.7605	0.1394	0.7031	37.0526	0.3584	1154.0000	464.0000	0.4021	1156.0000
638	0.4486	0.8231	0.5798	0.7752	0.1491	0.7029	37.0526	0.3501	1149.0000	453.0000	0.3943	1151.0000
639	0.4550	0.8271	0.5819	0.7709	0.1479	0.7057	37.0000	0.3295	1155.0000	456.0000	0.3948	1157.0000
640	0.4712	0.8257	0.5815	0.7682	0.1518	0.7120	37.0000	0.3203	1149.0000	442.0000	0.3847	1151.0000
641	0.4529	0.8217	0.5816	0.7520	0.1463	0.7027	37.0526	0.3453	1170.0000	453.0000	0.3872	1172.0000
642	0.4596	0.8278	0.5809	0.7642	0.1476	0.6977	37.1053	0.3492	1165.0000	462.0000	0.3966	1167.0000
643	0.4505	0.8280	0.5819	0.7649	0.1477	0.6995	37.0000	0.3520	1193.0000	466.0000	0.3906	1195.0000
644	0.4707	0.8285	0.5842	0.7710	0.1495	0.7081	36.8947	0.3255	1159.0000	447.0000	0.3857	1161.0000
645	0.4473	0.8168	0.5794	0.7541	0.1480	0.6984	36.9474	0.3533	1188.0000	459.0000	0.3864	1190.0000
646	0.4587	0.8224	0.5798	0.7670	0.1460	0.6917	37.1053	0.3507	1160.0000	461.0000	0.3974	1162.0000
647	0.4655	0.8212	0.5796	0.7618	0.1486	0.7020	36.7895	0.3249	1155.0000	444.0000	0.3844	1157.0000
648	0.4655	0.8271	0.5819	0.7607	0.1450	0.6982	36.9474	0.3566	1178.0000	464.0000	0.3939	1180.0000
649	0.4670	0.8233	0.5798	0.7566	0.1423	0.7021	37.0000	0.3345	1164.0000	455.0000	0.3909	1166.0000
650	0.4602	0.8224	0.5778	0.7564	0.1452	0.7065	37.0526	0.3433	1173.0000	460.0000	0.3922	1175.0000
651	0.4381	0.8201	0.5779	0.7659	0.1410	0.7013	37.0526	0.3501	1170.0000	464.0000	0.3966	1172.0000
652	0.4446	0.8233	0.5824	0.7617	0.1471	0.6858	37.0526	0.3586	1156.0000	470.0000	0.4066	1158.0000
653	0.4613	0.8259	0.5814	0.7662	0.1490	0.7088	37.2105	0.3480	1173.0000	459.0000	0.3913	1176.0000
654	0.4775	0.8226	0.5796	0.7779	0.1536	0.7182	36.7895	0.3217	1171.0000	439.0000	0.3749	1173.0000
655	0.4567	0.8185	0.5782	0.7719	0.1463	0.7019	37.0000	0.3523	1140.0000	453.0000	0.3974	1142.0000
656	0.4652	0.8245	0.5788	0.7738	0.1502	0.7089	37.1053	0.3340	1166.0000	445.0000	0.3816	1168.0000
657	0.4624	0.8208	0.5765	0.7623	0.1478	0.7009	37.0000	0.3460	1170.0000	453.0000	0.3872	1172.0000
658	0.4704	0.8259	0.5805	0.7609	0.1478	0.7011	37.1053	0.3261	1169.0000	456.0000	0.3901	1171.0000
659	0.4588	0.8240	0.5788	0.7627	0.1463	0.7078	37.1579	0.3383	1190.0000	462.0000	0.3882	1192.0000
660	0.4495	0.8226	0.5797	0.7599	0.1467	0.7045	37.1053	0.3518	1171.0000	455.0000	0.3886	1173.0000
661	0.4663	0.8171	0.5774	0.7649	0.1471	0.6994	36.8947	0.3514	1174.0000	455.0000	0.3876	1176.0000
662	0.4626	0.8215	0.5777	0.7594	0.1462	0.7005	36.8947	0.3375	1181.0000	456.0000	0.3861	1183.0000
663	0.4580	0.8252	0.5790	0.7658	0.1431	0.6910	36.8421	0.3459	1151.0000	463.0000	0.4023	1153.0000
664	0.4585	0.8240	0.5810	0.7668	0.1491	0.7120	36.9474	0.3386	1179.0000	451.0000	0.3825	1181.0000
665	0.4622	0.8217	0.5778	0.7620	0.1437	0.7049	36.9474	0.3325	1160.0000	458.0000	0.3948	1162.0000
666	0.4543	0.8203	0.5784	0.7494	0.1445	0.7080	37.0526	0.3434	1181.0000	450.0000	0.3810	1183.0000
667	0.4659	0.8219	0.5808	0.7554	0.1457	0.7076	37.2632	0.3426	1171.0000	452.0000	0.3860	1174.0000
668	0.4481	0.8257	0.5787	0.7589	0.1445	0.7025	37.1579	0.3336	1161.0000	461.0000	0.3971	1163.0000
669	0.4908	0.8243	0.5825	0.7704	0.1452	0.7087	37.1053	0.3397	1147.0000	457.0000	0.3984	1149.0000
670	0.4521	0.8238	0.5771	0.7692	0.1468	0.7012	37.0526	0.3423	1167.0000	451.0000	0.3865	1169.0000
671	0.4628	0.8243	0.5802	0.7626	0.1476	0.7053	36.7895	0.3384	1195.0000	456.0000	0.3816	1197.0000
672	0.4578	0.8231	0.5811	0.7704	0.1472	0.7027	36.8947	0.3406	1167.0000	450.0000	0.3856	1169.0000
673	0.4545	0.8196	0.5823	0.7656	0.1479	0.7154	37.1579	0.3350	1178.0000	447.0000	0.3795	1180.0000
674	0.4519	0.8205	0.5802	0.7616	0.1498	0.7153	36.8947	0.3308	1170.0000	444.0000	0.3795	1173.0000
675	0.4416	0.8285	0.5837	0.7613	0.1493	0.7004	36.7368	0.3501	1179.0000	457.0000	0.3876	1181.0000
676	0.4686	0.8201	0.5785	0.7597	0.1467	0.7116	36.7895	0.3279	1175.0000	442.0000	0.3762	1177.0000
677	0.4582	0.8222	0.5809	0.7631	0.1496	0.7025	37.0526	0.3417	1174.0000	453.0000	0.3859	1177.0000
678	0.4635	0.8250	0.5795	0.7722	0.1476	0.7080	36.8947	0.3368	1157.0000	448.0000	0.3872	1159.0000
679	0.4507	0.8287	0.5814	0.7654	0.1476	0.7004	37.1053	0.3603	1157.0000	463.0000	0.4002	1159.0000
680	0.4689	0.8226	0.5790	0.7687	0.1461	0.7111	37.1579	0.3276	1158.0000	442.0000	0.3817	1160.0000
681	0.4541	0.8278	0.5800	0.7490	0.1460	0.7124	36.9474	0.3336	1208.0000	454.0000	0.3758	1210.0000
682	0.4767	0.8168	0.5742	0.7594	0.1491	0.7047	36.7368	0.3202	1179.0000	441.0000	0.3740	1181.0000
683	0.4701	0.8231	0.5824	0.7612	0.1464	0.6986	36.8947	0.3426	1166.0000	464.0000	0.3979	1168.0000
684	0.4664	0.8266	0.5814	0.7702	0.1448	0.7067	37.1579	0.3418	1166.0000	459.0000	0.3937	1168.0000
685	0.4758	0.8261	0.5795	0.7638	0.1448	0.6994	37.2105	0.3279	1139.0000	453.0000	0.3977	1141.0000
686	0.4806	0.8240	0.5788	0.7627	0.1474	0.7054	37.0526	0.3276	1197.0000	456.0000	0.3810	1199.0000
687	0.4556	0.8245	0.5795	0.7563	0.1425	0.7036	36.6842	0.3369	1177.0000	456.0000	0.3874	1179.0000
688	0.4644	0.8164	0.5781	0.7747	0.1503	0.7053	36.8947	0.3326	1159.0000	447.0000	0.3857	1161.0000
689	0.4698	0.8236	0.5790	0.7719	0.1492	0.7014	36.8421	0.3434	1150.0000	458.0000	0.3983	1152.0000
690	0.4496	0.8210	0.5795	0.7648	0.1399	0.6975	37.0526	0.3468	1157.0000	465.0000	0.4019	1159.0000
691	0.4673	0.8205	0.5772	0.7687	0.1473	0.7170	36.9474	0.3324	1160.0000	447.0000	0.3853	1162.0000
692	0.4458	0.8261	0.5814	0.7566	0.1451	0.6963	37.1579	0.3474	1178.0000	467.0000	0.3964	1180.0000
693	0.4370	0.8192	0.5807	0.7541	0.1439	0.6909	36.8421	0.3667	1185.0000	472.0000	0.3983	1187.0000
694	0.4482	0.8178	0.5784	0.7529	0.1482	0.7066	37.0526	0.3424	1189.0000	449.0000	0.3776	1191.0000
695	0.4631	0.8257	0.5802	0.7654	0.1500	0.7033	37.0526	0.3316	1158.0000	458.0000	0.3955	1160.0000
696	0.4595	0.8224	0.5806	0.7650	0.1485	0.6943	36.8421	0.3354	1176.0000	462.0000	0.3929	1178.0000
697	0.4618	0.8175	0.5797	0.7709	0.1498	0.7051	37.0526	0.3277	1169.0000	447.0000	0.3824	1171.0000
698	0.4732	0.8231	0.5817	0.7784	0.1495	0.7016	36.9474	0.3311	1131.0000	450.0000	0.3979	1133.0000
699	0.4669	0.8282	0.5824	0.7582	0.1451	0.6863	36.7895	0.3430	1151.0000	461.0000	0.4005	1153.0000
700	0.4459	0.8250	0.5828	0.7575	0.1488	0.7010	36.8421	0.3445	1193.0000	460.0000	0.3856	1195.0000
701	0.4595	0.8205	0.5773	0.7775	0.1434	0.6901	36.7895	0.3347	1119.0000	454.0000	0.4057	1121.0000
702	0.4648	0.8215	0.5783	0.7535	0.1408	0.7001	37.1579	0.3490	1152.0000	465.0000	0.4036	1154.0000
703	0.4563	0.8212	0.5789	0.7651	0.1490	0.7127	37.0526	0.3362	1161.0000	438.0000	0.3773	1163.0000
704	0.4722	0.8201	0.5763	0.7615	0.1457	0.7123	36.7368	0.3325	1159.0000	442.0000	0.3814	1161.0000
705	0.4711	0.8224	0.5780	0.7566	0.1469	0.7055	36.7895	0.3222	1190.0000	456.0000	0.3832	1192.0000
706	0.4473	0.8182	0.5776	0.7537	0.1455	0.7046	36.8421	0.3432	1187.0000	454.0000	0.3825	1189.0000
707	0.4618	0.8189	0.5795	0.7685	0.1498	0.6979	37.1579	0.3459	1154.0000	456.0000	0.3951	1156.0000
708	0.4592	0.8233	0.5795	0.7567	0.1468	0.6990	37.0526	0.3527	1174.0000	457.0000	0.3893	1176.0000
709	0.4733	0.8294	0.5812	0.7643	0.1468	0.7066	37.1053	0.3302	1190.0000	461.0000	0.3874	1192.0000
710	0.4682	0.8219	0.5811	0.7686	0.1505	0.7053	37.1053	0.3395	1167.0000	452.0000	0.3873	1169.0000
711	0.4660	0.8180	0.5794	0.7586	0.1493	0.7094	36.8421	0.3154	1149.0000	441.0000	0.3838	1151.0000
712	0.4644	0.8282	0.5823	0.7744	0.1523	0.7088	37.1053	0.3290	1165.0000	446.0000	0.3828	1167.0000
713	0.4591	0.8171	0.5776	0.7612	0.1466	0.7064	36.9474	0.3222	1179.0000	452.0000	0.3834	1181.0000
714	0.4512	0.8266	0.5819	0.7548	0.1450	0.6964	37.2632	0.3509	1168.0000	467.0000	0.3998	1170.0000
715	0.4623	0.8189	0.5770	0.7744	0.1458	0.7091	37.1053	0.3481	1140.0000	447.0000	0.3921	1142.0000
716	0.4610	0.8215	0.5810	0.7583	0.1492	0.7074	36.9474	0.3529	1196.0000	452.0000	0.3779	1198.0000
717	0.4599	0.8250	0.5818	0.7562	0.1452	0.7045	37.0000	0.3469	1188.0000	462.0000	0.3889	1190.0000
718	0.4458	0.8168	0.5812	0.7589	0.1450	0.6968	37.0000	0.3557	1156.0000	460.0000	0.3979	1158.0000
719	0.4477	0.8236	0.5786	0.7733	0.1481	0.7094	36.9474	0.3345	1158.0000	446.0000	0.3851	1160.0000
720	0.4492	0.8217	0.5794	0.7636	0.1498	0.7116	37.0526	0.3412	1180.0000	448.0000	0.3797	1182.0000
721	0.4643	0.8203	0.5772	0.7659	0.1462	0.6927	36.9474	0.3422	1156.0000	457.0000	0.3953	1158.0000
722	0.4601	0.8247	0.5825	0.7616	0.1493	0.7065	37.0000	0.3287	1187.0000	451.0000	0.3799	1189.0000
723	0.4572	0.8189	0.5802	0.7766	0.1453	0.6941	37.0526	0.3556	1132.0000	454.0000	0.4011	1134.0000
724	0.4616	0.8264	0.5806	0.7668	0.1485	0.7138	36.9474	0.3377	1165.0000	455.0000	0.3906	1167.0000
725	0.4633	0.8257	0.5821	0.7617	0.1483	0.7069	37.0000	0.3352	1190.0000	458.0000	0.3849	1192.0000
726	0.4680	0.8224	0.5797	0.7644	0.1516	0.7134	37.2105	0.3302	1177.0000	445.0000	0.3781	1179.0000
727	0.4828	0.8278	0.5808	0.7604	0.1530	0.7230	37.1053	0.3004	1174.0000	447.0000	0.3807	1176.0000
728	0.4650	0.8217	0.5810	0.7638	0.1470	0.7142	36.9474	0.3269	1168.0000	453.0000	0.3878	1170.0000
729	0.4671	0.8229	0.5774	0.7665	0.1452	0.7030	36.8947	0.3361	1152.0000	457.0000	0.3967	1154.0000
730	0.4506	0.8168	0.5768	0.7577	0.1418	0.6889	36.9474	0.3520	1145.0000	464.0000	0.4052	1147.0000
731	0.4421	0.8219	0.5776	0.7593	0.1448	0.7016	37.1053	0.3437	1187.0000	465.0000	0.3917	1189.0000
732	0.4659	0.8215	0.5756	0.7608	0.1485	0.7145	37.0000	0.3218	1176.0000	445.0000	0.3784	1179.0000
733	0.4677	0.8219	0.5787	0.7612	0.1529	0.7097	36.8947	0.3234	1187.0000	452.0000	0.3808	1189.0000
734	0.4545	0.8264	0.5813	0.7691	0.1471	0.6973	37.1053	0.3567	1170.0000	464.0000	0.3966	1172.0000
735	0.4514	0.8229	0.5789	0.7654	0.1479	0.7028	37.1579	0.3451	1166.0000	446.0000	0.3825	1168.0000
736	0.4937	0.8222	0.5785	0.7617	0.1462	0.7147	37.2105	0.3106	1171.0000	446.0000	0.3809	1173.0000
737	0.4683	0.8287	0.5814	0.7567	0.1490	0.7092	37.0000	0.3275	1189.0000	454.0000	0.3818	1191.0000
738	0.4783	0.8271	0.5843	0.7644	0.1479	0.7113	36.9474	0.3198	1177.0000	451.0000	0.3832	1179.0000
739	0.4452	0.8210	0.5796	0.7586	0.1463	0.6935	36.8947	0.3500	1161.0000	465.0000	0.4005	1163.0000
740	0.4472	0.8192	0.5804	0.7626	0.1493	0.7049	37.1053	0.3455	1162.0000	447.0000	0.3847	1164.0000
741	0.4660	0.8245	0.5795	0.7537	0.1473	0.7079	37.1053	0.3342	1179.0000	451.0000	0.3825	1181.0000
742	0.4482	0.8189	0.5793	0.7672	0.1499	0.7026	37.1053	0.3467	1165.0000	447.0000	0.3837	1167.0000
743	0.4501	0.8203	0.5782	0.7506	0.1427	0.7012	36.8947	0.3412	1178.0000	464.0000	0.3939	1180.0000
744	0.4386	0.8212	0.5807	0.7674	0.1479	0.6970	37.0526	0.3571	1155.0000	448.0000	0.3879	1157.0000
745	0.4671	0.8257	0.5816	0.7664	0.1451	0.7012	37.1053	0.3376	1154.0000	456.0000	0.3951	1156.0000
746	0.4553	0.8217	0.5805	0.7602	0.1473	0.6923	37.0000	0.3561	1176.0000	463.0000	0.3937	1178.0000
747	0.4794	0.8215	0.5795	0.7648	0.1461	0.7079	36.9474	0.3384	1159.0000	447.0000	0.3857	1161.0000
748	0.4542	0.8264	0.5811	0.7645	0.1481	0.7019	37.1053	0.3332	1188.0000	463.0000	0.3897	1190.0000
749	0.4662	0.8180	0.5783	0.7562	0.1492	0.7073	36.9474	0.3424	1184.0000	448.0000	0.3784	1186.0000
750	0.4711	0.8259	0.5800	0.7661	0.1502	0.7066	37.0526	0.3368	1169.0000	444.0000	0.3798	1171.0000
751	0.4740	0.8252	0.5801	0.7689	0.1471	0.7074	37.0526	0.3336	1152.0000	449.0000	0.3898	1154.0000
752	0.4460	0.8236	0.5792	0.7623	0.1433	0.6884	37.0000	0.3585	1161.0000	468.0000	0.4031	1163.0000
753	0.4611	0.8217	0.5786	0.7563	0.1495	0.6973	36.8947	0.3416	1172.0000	458.0000	0.3908	1174.0000
754	0.4806	0.8203	0.5767	0.7750	0.1471	0.7089	37.0000	0.3307	1147.0000	447.0000	0.3897	1149.0000
755	0.4506	0.8266	0.5781	0.7456	0.1395	0.7099	36.9474	0.3361	1184.0000	455.0000	0.3843	1186.0000
756	0.4664	0.8231	0.5800	0.7796	0.1515	0.7113	37.0526	0.3263	1153.0000	442.0000	0.3833	1155.0000
757	0.4581	0.8252	0.5802	0.7691	0.1480	0.7012	36.7895	0.3478	1149.0000	459.0000	0.3995	1151.0000
758	0.4613	0.8250	0.5805	0.7612	0.1465	0.7122	37.1053	0.3425	1172.0000	454.0000	0.3874	1174.0000
759	0.4517	0.8192	0.5786	0.7633	0.1465	0.7062	37.0000	0.3416	1178.0000	451.0000	0.3829	1180.0000
760	0.4539	0.8203	0.5779	0.7484	0.1451	0.6992	37.1053	0.3427	1186.0000	460.0000	0.3879	1188.0000
761	0.4830	0.8224	0.5766	0.7597	0.1467	0.7132	36.8947	0.3266	1193.0000	443.0000	0.3713	1195.0000
762	0.4662	0.8261	0.5835	0.7686	0.1471	0.7023	37.0526	0.3328	1159.0000	459.0000	0.3960	1162.0000
763	0.4629	0.8261	0.5809	0.7741	0.1449	0.6919	37.0000	0.3526	1144.0000	469.0000	0.4100	1146.0000
764	0.4384	0.8217	0.5803	0.7573	0.1466	0.6970	36.8421	0.3621	1182.0000	458.0000	0.3875	1184.0000
765	0.4573	0.8224	0.5792	0.7676	0.1457	0.6992	36.8421	0.3507	1170.0000	454.0000	0.3880	1172.0000
766	0.4613	0.8245	0.5794	0.7614	0.1479	0.7053	37.1053	0.3319	1173.0000	454.0000	0.3870	1175.0000
767	0.4822	0.8222	0.5780	0.7530	0.1491	0.7109	36.8947	0.3281	1180.0000	449.0000	0.3805	1182.0000
768	0.4531	0.8219	0.5804	0.7614	0.1460	0.7030	37.0000	0.3405	1185.0000	457.0000	0.3857	1187.0000
769	0.4538	0.8247	0.5809	0.7594	0.1433	0.6929	36.9474	0.3567	1167.0000	463.0000	0.3967	1169.0000
770	0.4761	0.8212	0.5797	0.7568	0.1483	0.7205	37.0526	0.3292	1183.0000	438.0000	0.3702	1185.0000
771	0.4569	0.8187	0.5805	0.7514	0.1486	0.7099	36.8947	0.3194	1172.0000	452.0000	0.3857	1174.0000
772	0.4603	0.8233	0.5798	0.7612	0.1512	0.7040	37.0526	0.3320	1158.0000	451.0000	0.3895	1160.0000
773	0.4776	0.8285	0.5802	0.7588	0.1439	0.7153	37.0526	0.3207	1182.0000	465.0000	0.3934	1184.0000
774	0.4554	0.8231	0.5813	0.7571	0.1455	0.7069	37.2105	0.3345	1175.0000	460.0000	0.3915	1177.0000
775	0.4611	0.8245	0.5826	0.7689	0.1507	0.6886	37.0526	0.3498	1174.0000	470.0000	0.4003	1176.0000
776	0.4782	0.8257	0.5804	0.7608	0.1461	0.7132	36.9474	0.3286	1191.0000	457.0000	0.3837	1193.0000
777	0.4463	0.8194	0.5813	0.7619	0.1451	0.6923	36.9474	0.3653	1167.0000	461.0000	0.3950	1169.0000
778	0.4601	0.8254	0.5813	0.7535	0.1536	0.7140	37.0526	0.3171	1219.0000	445.0000	0.3651	1221.0000
779	0.4700	0.8233	0.5804	0.7630	0.1438	0.7123	37.2105	0.3351	1176.0000	455.0000	0.3869	1178.0000
780	0.4464	0.8194	0.5780	0.7715	0.1436	0.6919	36.8947	0.3658	1119.0000	459.0000	0.4102	1121.0000
781	0.4571	0.8243	0.5810	0.7598	0.1467	0.7018	37.1053	0.3350	1161.0000	457.0000	0.3936	1163.0000
782	0.4620	0.8215	0.5805	0.7529	0.1453	0.7067	37.0000	0.3352	1191.0000	460.0000	0.3862	1193.0000
783	0.4612	0.8238	0.5778	0.7638	0.1477	0.7035	37.1053	0.3410	1150.0000	459.0000	0.3991	1152.0000
784	0.4601	0.8243	0.5803	0.7711	0.1460	0.7040	36.9474	0.3463	1149.0000	454.0000	0.3951	1151.0000
785	0.4757	0.8219	0.5819	0.7691	0.1552	0.7172	36.7368	0.3155	1179.0000	438.0000	0.3715	1181.0000
786	0.4530	0.8252	0.5825	0.7576	0.1491	0.7126	36.9474	0.3358	1198.0000	449.0000	0.3748	1200.0000
787	0.4572	0.8217	0.5816	0.7521	0.1417	0.7004	37.1579	0.3434	1160.0000	460.0000	0.3966	1162.0000
788	0.4765	0.8231	0.5820	0.7714	0.1469	0.6954	37.0000	0.3460	1141.0000	458.0000	0.4014	1143.0000
789	0.4718	0.8236	0.5815	0.7635	0.1495	0.7028	36.9474	0.3390	1168.0000	451.0000	0.3861	1170.0000
790	0.4654	0.8194	0.5810	0.7785	0.1510	0.7003	37.0000	0.3478	1163.0000	446.0000	0.3835	1165.0000
791	0.4507	0.8238	0.5778	0.7587	0.1437	0.6889	37.0526	0.3602	1165.0000	463.0000	0.3974	1167.0000
792	0.4722	0.8219	0.5801	0.7573	0.1487	0.7187	37.0000	0.3221	1198.0000	446.0000	0.3723	1200.0000
793	0.4574	0.8254	0.5821	0.7771	0.1478	0.6936	37.0526	0.3569	1152.0000	467.0000	0.4054	1154.0000
794	0.4627	0.8245	0.5804	0.7591	0.1453	0.7000	36.6842	0.3348	1155.0000	455.0000	0.3939	1157.0000
795	0.4567	0.8247	0.5768	0.7737	0.1534	0.7134	37.0000	0.3128	1161.0000	435.0000	0.3747	1163.0000
796	0.4554	0.8159	0.5769	0.7655	0.1405	0.7058	37.0000	0.3474	1157.0000	454.0000	0.3924	1159.0000
797	0.4551	0.8217	0.5808	0.7570	0.1491	0.7133	37.1053	0.3324	1198.0000	447.0000	0.3731	1200.0000
798	0.4593	0.8275	0.5808	0.7584	0.1431	0.7059	36.9474	0.3324	1188.0000	470.0000	0.3956	1190.0000
799	0.4506	0.8196	0.5799	0.7612	0.1472	0.7012	37.0000	0.3456	1175.0000	457.0000	0.3889	1177.0000
800	0.4583	0.8210	0.5811	0.7650	0.1476	0.7102	36.8947	0.3408	1186.0000	455.0000	0.3836	1188.0000
801	0.4503	0.8240	0.5807	0.7609	0.1476	0.7151	36.8947	0.3448	1183.0000	448.0000	0.3787	1185.0000
802	0.4608	0.8192	0.5792	0.7643	0.1433	0.7075	36.9474	0.3395	1162.0000	450.0000	0.3873	1164.0000
803	0.4562	0.8203	0.5775	0.7824	0.1471	0.6921	37.0526	0.3603	1139.0000	456.0000	0.4004	1142.0000
804	0.4395	0.8203	0.5777	0.7560	0.1443	0.7028	37.0526	0.3536	1179.0000	465.0000	0.3944	1181.0000
805	0.4539	0.8257	0.5805	0.7640	0.1511	0.7056	36.8947	0.3338	1196.0000	447.0000	0.3737	1198.0000
806	0.4617	0.8187	0.5757	0.7634	0.1426	0.7065	37.1053	0.3289	1149.0000	447.0000	0.3890	1151.0000
807	0.4739	0.8194	0.5790	0.7549	0.1444	0.7111	36.8947	0.3264	1183.0000	445.0000	0.3762	1185.0000
808	0.4770	0.8212	0.5783	0.7445	0.1447	0.7211	37.1579	0.3201	1185.0000	452.0000	0.3814	1187.0000
809	0.4636	0.8185	0.5774	0.7628	0.1439	0.7030	37.0526	0.3467	1150.0000	456.0000	0.3965	1152.0000
810	0.4524	0.8254	0.5823	0.7630	0.1439	0.6966	37.0526	0.3526	1162.0000	468.0000	0.4028	1164.0000
811	0.4808	0.8178	0.5790	0.7627	0.1491	0.7128	36.7895	0.3238	1174.0000	451.0000	0.3842	1176.0000
812	0.4561	0.8231	0.5812	0.7690	0.1444	0.7137	36.8421	0.3314	1128.0000	447.0000	0.3963	1130.0000
813	0.4535	0.8247	0.5833	0.7627	0.1471	0.7022	37.1579	0.3456	1160.0000	454.0000	0.3914	1162.0000
814	0.4589	0.8278	0.5799	0.7707	0.1482	0.6993	36.9474	0.3442	1149.0000	459.0000	0.3995	1151.0000
815	0.4571	0.8287	0.5814	0.7651	0.1487	0.7036	36.8421	0.3415	1170.0000	457.0000	0.3906	1172.0000
816	0.4526	0.8233	0.5794	0.7625	0.1470	0.7025	37.0000	0.3419	1175.0000	450.0000	0.3830	1177.0000
817	0.4450	0.8205	0.5789	0.7647	0.1473	0.6992	37.0000	0.3442	1163.0000	460.0000	0.3955	1165.0000
818	0.4608	0.8250	0.5820	0.7631	0.1495	0.7115	36.9474	0.3295	1181.0000	452.0000	0.3827	1183.0000
819	0.4761	0.8245	0.5799	0.7719	0.1472	0.7154	36.9474	0.3297	1163.0000	453.0000	0.3895	1165.0000
820	0.4468	0.8219	0.5812	0.7647	0.1472	0.7110	36.8947	0.3397	1193.0000	448.0000	0.3755	1195.0000
821	0.4733	0.8208	0.5777	0.7672	0.1489	0.6943	37.1579	0.3299	1135.0000	453.0000	0.3991	1137.0000
822	0.4646	0.8271	0.5799	0.7608	0.1497	0.7142	37.1053	0.3265	1190.0000	447.0000	0.3756	1192.0000
823	0.4576	0.8243	0.5789	0.7585	0.1421	0.7010	37.1053	0.3520	1144.0000	456.0000	0.3986	1146.0000
824	0.4641	0.8250	0.5773	0.7535	0.1424	0.6996	37.0000	0.3497	1184.0000	468.0000	0.3953	1186.0000
825	0.4694	0.8180	0.5754	0.7503	0.1439	0.6990	37.0526	0.3448	1198.0000	463.0000	0.3865	1200.0000
826	0.4624	0.8236	0.5795	0.7570	0.1444	0.7018	37.1579	0.3335	1182.0000	459.0000	0.3883	1184.0000
827	0.4660	0.8215	0.5787	0.7554	0.1492	0.7157	37.1053	0.3374	1178.0000	447.0000	0.3795	1180.0000
828	0.4587	0.8194	0.5807	0.7665	0.1453	0.6984	37.1053	0.3432	1153.0000	449.0000	0.3894	1155.0000
829	0.4582	0.8203	0.5787	0.7618	0.1492	0.7070	37.2105	0.3376	1191.0000	446.0000	0.3745	1194.0000
830	0.4632	0.8271	0.5822	0.7603	0.1479	0.7042	37.0000	0.3249	1185.0000	457.0000	0.3857	1187.0000
831	0.4603	0.8192	0.5773	0.7620	0.1456	0.7077	37.1053	0.3466	1168.0000	446.0000	0.3818	1170.0000
832	0.4489	0.8175	0.5797	0.7519	0.1514	0.6951	37.0000	0.3634	1202.0000	466.0000	0.3877	1204.0000
833	0.4628	0.8243	0.5813	0.7613	0.1486	0.7065	37.0000	0.3341	1191.0000	451.0000	0.3787	1193.0000
834	0.4776	0.8222	0.5806	0.7655	0.1513	0.7188	37.1053	0.3166	1171.0000	436.0000	0.3723	1173.0000
835	0.4613	0.8171	0.5772	0.7616	0.1456	0.7102	36.8421	0.3314	1168.0000	449.0000	0.3844	1170.0000
836	0.4508	0.8236	0.5793	0.7665	0.1473	0.6940	37.0526	0.3470	1159.0000	465.0000	0.4012	1161.0000
837	0.4541	0.8229	0.5803	0.7538	0.1462	0.7082	37.0526	0.3316	1182.0000	455.0000	0.3849	1185.0000
838	0.4845	0.8226	0.5794	0.7650	0.1436	0.7059	37.2105	0.3174	1180.0000	454.0000	0.3847	1182.0000
839	0.4607	0.8236	0.5792	0.7649	0.1460	0.7081	36.9474	0.3366	1170.0000	451.0000	0.3855	1172.0000
840	0.4896	0.8259	0.5821	0.7543	0.1483	0.7046	36.9474	0.3377	1166.0000	462.0000	0.3962	1168.0000
841	0.4631	0.8236	0.5798	0.7633	0.1438	0.7092	37.0000	0.3366	1171.0000	451.0000	0.3851	1173.0000
842	0.4684	0.8264	0.5812	0.7644	0.1470	0.7024	37.0526	0.3420	1174.0000	459.0000	0.3910	1176.0000
843	0.4569	0.8226	0.5805	0.7555	0.1457	0.7019	37.1579	0.3369	1181.0000	457.0000	0.3870	1183.0000
844	0.4479	0.8233	0.5808	0.7710	0.1471	0.6836	37.0000	0.3598	1149.0000	468.0000	0.4073	1151.0000
845	0.4563	0.8208	0.5811	0.7697	0.1485	0.7025	36.8947	0.3410	1168.0000	451.0000	0.3861	1170.0000
846	0.4745	0.8240	0.5794	0.7536	0.1426	0.7035	37.0526	0.3296	1178.0000	465.0000	0.3947	1180.0000
847	0.4445	0.8196	0.5767	0.7593	0.1487	0.7005	37.1053	0.3418	1172.0000	453.0000	0.3865	1174.0000
848	0.4536	0.8175	0.5802	0.7574	0.1464	0.7010	37.0000	0.3568	1162.0000	455.0000	0.3916	1165.0000
849	0.4393	0.8212	0.5801	0.7604	0.1497	0.6991	36.8947	0.3517	1162.0000	454.0000	0.3907	1164.0000
850	0.4651	0.8238	0.5812	0.7639	0.1436	0.7054	37.0000	0.3436	1183.0000	467.0000	0.3948	1185.0000
851	0.4683	0.8252	0.5798	0.7602	0.1450	0.7009	37.0526	0.3316	1165.0000	454.0000	0.3897	1167.0000
852	0.4565	0.8240	0.5808	0.7571	0.1476	0.7062	37.2105	0.3363	1212.0000	464.0000	0.3828	1214.0000
853	0.4759	0.8233	0.5825	0.7644	0.1528	0.7022	37.0000	0.3322	1186.0000	444.0000	0.3744	1188.0000
854	0.4773	0.8192	0.5796	0.7698	0.1472	0.7111	37.1579	0.3301	1154.0000	446.0000	0.3865	1156.0000
855	0.4451	0.8173	0.5784	0.7632	0.1477	0.7114	37.0526	0.3379	1169.0000	447.0000	0.3824	1171.0000
856	0.4701	0.8212	0.5809	0.7657	0.1512	0.7128	37.0526	0.3369	1182.0000	449.0000	0.3799	1184.0000
857	0.4504	0.8208	0.5826	0.7666	0.1459	0.7051	36.9474	0.3533	1159.0000	458.0000	0.3952	1161.0000
858	0.4380	0.8219	0.5818	0.7635	0.1475	0.7049	36.9474	0.3419	1166.0000	450.0000	0.3859	1168.0000
859	0.4730	0.8245	0.5852	0.7596	0.1509	0.7118	37.1053	0.3297	1168.0000	449.0000	0.3844	1170.0000
860	0.4433	0.8254	0.5814	0.7675	0.1447	0.6955	36.9474	0.3511	1181.0000	461.0000	0.3903	1183.0000
861	0.4695	0.8219	0.5785	0.7642	0.1457	0.6936	37.0526	0.3490	1163.0000	463.0000	0.3981	1165.0000
862	0.4486	0.8203	0.5789	0.7561	0.1392	0.6874	37.0526	0.3635	1180.0000	476.0000	0.4034	1182.0000
863	0.4617	0.8215	0.5776	0.7565	0.1436	0.7057	37.0000	0.3442	1165.0000	454.0000	0.3897	1167.0000
864	0.4749	0.8219	0.5790	0.7558	0.1443	0.7059	37.0000	0.3194	1172.0000	453.0000	0.3865	1174.0000
865	0.4699	0.8175	0.5787	0.7796	0.1518	0.7116	36.8947	0.3364	1143.0000	436.0000	0.3815	1145.0000
866	0.4582	0.8215	0.5784	0.7631	0.1503	0.7088	36.8947	0.3155	1181.0000	448.0000	0.3793	1183.0000
867	0.4645	0.8254	0.5823	0.7604	0.1468	0.7107	36.9474	0.3351	1189.0000	458.0000	0.3852	1191.0000
868	0.4552	0.8229	0.5802	0.7541	0.1468	0.6918	37.0526	0.3543	1192.0000	469.0000	0.3935	1194.0000
869	0.4917	0.8273	0.5804	0.7817	0.1512	0.7197	37.2105	0.3023	1140.0000	437.0000	0.3833	1142.0000
870	0.4579	0.8308	0.5826	0.7711	0.1480	0.6971	37.1053	0.3397	1158.0000	471.0000	0.4067	1160.0000
871	0.4798	0.8217	0.5796	0.7696	0.1479	0.7108	36.8421	0.3253	1165.0000	445.0000	0.3820	1167.0000
872	0.4606	0.8192	0.5816	0.7691	0.1502	0.7133	36.8947	0.3448	1189.0000	450.0000	0.3785	1191.0000
873	0.4715	0.8254	0.5808	0.7583	0.1456	0.7133	37.0000	0.3360	1176.0000	460.0000	0.3912	1178.0000
874	0.4687	0.8264	0.5785	0.7756	0.1505	0.6959	36.8947	0.3481	1162.0000	459.0000	0.3950	1164.0000
875	0.4613	0.8254	0.5825	0.7650	0.1497	0.7041	37.0526	0.3295	1160.0000	454.0000	0.3914	1162.0000
876	0.4674	0.8247	0.5803	0.7671	0.1520	0.7227	37.1579	0.3127	1166.0000	443.0000	0.3799	1168.0000
877	0.4665	0.8303	0.5799	0.7639	0.1494	0.7110	37.0526	0.3307	1183.0000	453.0000	0.3829	1185.0000
878	0.4546	0.8231	0.5800	0.7608	0.1453	0.6912	37.0526	0.3539	1160.0000	464.0000	0.4000	1162.0000
879	0.4576	0.8226	0.5796	0.7674	0.1510	0.7075	37.0526	0.3328	1141.0000	442.0000	0.3874	1143.0000
880	0.4577	0.8166	0.5781	0.7639	0.1475	0.7038	36.7895	0.3333	1144.0000	451.0000	0.3942	1147.0000
881	0.4572	0.8226	0.5813	0.7633	0.1446	0.7025	36.8421	0.3458	1158.0000	464.0000	0.4007	1160.0000
882	0.4659	0.8226	0.5806	0.7609	0.1489	0.7017	37.2105	0.3374	1166.0000	458.0000	0.3928	1168.0000
883	0.4306	0.8194	0.5786	0.7665	0.1473	0.7002	37.1579	0.3519	1159.0000	449.0000	0.3874	1162.0000
884	0.4668	0.8252	0.5808	0.7601	0.1440	0.7015	37.1053	0.3401	1148.0000	465.0000	0.4051	1150.0000
885	0.4650	0.8222	0.5791	0.7642	0.1467	0.7061	36.8947	0.3312	1173.0000	455.0000	0.3879	1175.0000
886	0.4553	0.8261	0.5823	0.7655	0.1466	0.7094	36.8947	0.3464	1170.0000	454.0000	0.3880	1172.0000
887	0.4687	0.8236	0.5809	0.7704	0.1534	0.7114	37.0000	0.3325	1188.0000	447.0000	0.3763	1190.0000
888	0.4620	0.8229	0.5786	0.7718	0.1497	0.7004	36.9474	0.3411	1166.0000	459.0000	0.3937	1168.0000
889	0.4643	0.8224	0.5786	0.7498	0.1428	0.7031	37.1053	0.3394	1164.0000	459.0000	0.3943	1166.0000
890	0.4544	0.8238	0.5791	0.7604	0.1452	0.7119	37.1053	0.3294	1160.0000	451.0000	0.3888	1162.0000
891	0.4670	0.8187	0.5771	0.7630	0.1458	0.7023	36.9474	0.3371	1154.0000	450.0000	0.3899	1156.0000
892	0.4450	0.8238	0.5801	0.7584	0.1463	0.6976	37.0526	0.3499	1165.0000	453.0000	0.3888	1167.0000
893	0.4591	0.8240	0.5829	0.7638	0.1495	0.7078	37.0526	0.3366	1164.0000	451.0000	0.3875	1166.0000
894	0.4861	0.8210	0.5770	0.7679	0.1464	0.7088	37.0526	0.3288	1156.0000	453.0000	0.3919	1158.0000
895	0.4445	0.8212	0.5792	0.7683	0.1449	0.6975	36.8947	0.3492	1158.0000	449.0000	0.3877	1160.0000
896	0.4626	0.8254	0.5785	0.7651	0.1443	0.7158	37.1053	0.3145	1168.0000	450.0000	0.3853	1170.0000
897	0.4639	0.8205	0.5763	0.7636	0.1449	0.6959	37.1053	0.3365	1180.0000	462.0000	0.3915	1182.0000
898	0.4468	0.8280	0.5809	0.7514	0.1425	0.6890	37.1053	0.3491	1181.0000	478.0000	0.4047	1183.0000
899	0.4691	0.8240	0.5824	0.7445	0.1481	0.7141	36.9474	0.3310	1197.0000	458.0000	0.3826	1199.0000
900	0.4580	0.8273	0.5801	0.7558	0.1438	0.7056	37.0526	0.3395	1189.0000	462.0000	0.3886	1191.0000
901	0.4405	0.8222	0.5795	0.7559	0.1436	0.7023	37.0526	0.3493	1159.0000	464.0000	0.4003	1161.0000
902	0.4635	0.8187	0.5779	0.7554	0.1450	0.7071	36.8421	0.3314	1187.0000	456.0000	0.3842	1189.0000
903	0.4759	0.8259	0.5814	0.7712	0.1518	0.7068	37.0000	0.3279	1173.0000	453.0000	0.3862	1176.0000
904	0.4855	0.8250	0.5790	0.7563	0.1508	0.7123	37.1053	0.3215	1182.0000	446.0000	0.3773	1184.0000
905	0.4633	0.8240	0.5809	0.7685	0.1452	0.7049	37.0526	0.3447	1162.0000	454.0000	0.3907	1164.0000
906	0.4463	0.8233	0.5816	0.7576	0.1443	0.7051	37.0526	0.3452	1180.0000	456.0000	0.3864	1182.0000
907	0.4490	0.8201	0.5798	0.7666	0.1464	0.7131	37.1053	0.3376	1145.0000	441.0000	0.3852	1147.0000
908	0.4570	0.8189	0.5776	0.7577	0.1429	0.6987	36.8947	0.3427	1148.0000	451.0000	0.3929	1150.0000
909	0.4653	0.8189	0.5772	0.7690	0.1504	0.7167	37.1053	0.3333	1167.0000	433.0000	0.3710	1169.0000
910	0.4612	0.8233	0.5798	0.7707	0.1468	0.7064	36.8421	0.3415	1154.0000	447.0000	0.3873	1156.0000
911	0.4592	0.8180	0.5806	0.7698	0.1445	0.7031	37.0526	0.3431	1173.0000	454.0000	0.3870	1175.0000
912	0.4553	0.8229	0.5828	0.7578	0.1486	0.6922	37.0526	0.3586	1166.0000	460.0000	0.3945	1168.0000
913	0.4592	0.8238	0.5778	0.7621	0.1458	0.7008	36.9474	0.3391	1177.0000	461.0000	0.3917	1179.0000
914	0.4616	0.8231	0.5789	0.7698	0.1475	0.7016	37.0526	0.3414	1149.0000	452.0000	0.3934	1152.0000
915	0.4663	0.8233	0.5790	0.7570	0.1436	0.7064	37.1053	0.3445	1184.0000	465.0000	0.3927	1186.0000
916	0.4847	0.8171	0.5765	0.7590	0.1493	0.7231	37.0526	0.3113	1184.0000	435.0000	0.3674	1186.0000
917	0.4456	0.8280	0.5836	0.7592	0.1463	0.7022	37.2105	0.3531	1180.0000	459.0000	0.3890	1182.0000
918	0.4724	0.8264	0.5805	0.7639	0.1478	0.7001	37.0526	0.3381	1173.0000	464.0000	0.3956	1175.0000
919	0.4711	0.8268	0.5824	0.7679	0.1448	0.7142	37.0526	0.3183	1160.0000	453.0000	0.3905	1162.0000
920	0.4711	0.8219	0.5824	0.7736	0.1491	0.7072	37.1053	0.3347	1155.0000	446.0000	0.3861	1157.0000
921	0.4414	0.8196	0.5819	0.7578	0.1435	0.6877	36.8421	0.3681	1168.0000	466.0000	0.3990	1170.0000
922	0.4465	0.8196	0.5785	0.7544	0.1444	0.6951	36.9474	0.3669	1196.0000	466.0000	0.3896	1198.0000
923	0.4655	0.8238	0.5775	0.7613	0.1419	0.6994	36.8947	0.3430	1161.0000	461.0000	0.3971	1163.0000
924	0.4473	0.8243	0.5799	0.7662	0.1464	0.7016	37.0526	0.3375	1174.0000	466.0000	0.3969	1176.0000
925	0.4508	0.8201	0.5777	0.7560	0.1422	0.7009	37.1579	0.3451	1166.0000	462.0000	0.3962	1168.0000
926	0.4651	0.8252	0.5828	0.7528	0.1451	0.7097	36.8947	0.3272	1192.0000	455.0000	0.3817	1194.0000
927	0.4361	0.8203	0.5787	0.7547	0.1449	0.7076	37.1053	0.3483	1169.0000	456.0000	0.3901	1172.0000
928	0.4592	0.8196	0.5819	0.7613	0.1477	0.7067	37.0000	0.3285	1151.0000	441.0000	0.3831	1153.0000
929	0.4637	0.8245	0.5814	0.7559	0.1445	0.7007	37.1053	0.3329	1179.0000	464.0000	0.3936	1181.0000
930	0.4505	0.8208	0.5789	0.7568	0.1439	0.6991	37.1579	0.3444	1175.0000	459.0000	0.3906	1177.0000
931	0.4530	0.8240	0.5781	0.7463	0.1477	0.7094	37.1053	0.3388	1198.0000	460.0000	0.3840	1200.0000
932	0.4625	0.8252	0.5802	0.7661	0.1439	0.7041	36.8947	0.3377	1163.0000	455.0000	0.3912	1165.0000
933	0.4486	0.8233	0.5820	0.7419	0.1461	0.7059	36.9474	0.3416	1206.0000	457.0000	0.3789	1208.0000
934	0.4521	0.8199	0.5784	0.7633	0.1445	0.7120	37.0000	0.3382	1157.0000	446.0000	0.3855	1159.0000
935	0.4544	0.8245	0.5825	0.7560	0.1464	0.7019	37.1053	0.3439	1188.0000	458.0000	0.3855	1190.0000
936	0.4530	0.8203	0.5775	0.7481	0.1433	0.7062	37.0526	0.3357	1185.0000	457.0000	0.3857	1187.0000
937	0.4545	0.8226	0.5791	0.7650	0.1461	0.7050	37.1053	0.3410	1172.0000	447.0000	0.3814	1174.0000
938	0.4554	0.8203	0.5768	0.7421	0.1466	0.7199	37.0526	0.3145	1225.0000	443.0000	0.3616	1227.0000
939	0.4611	0.8247	0.5781	0.7563	0.1477	0.7084	36.9474	0.3224	1168.0000	454.0000	0.3887	1170.0000
940	0.4752	0.8261	0.5810	0.7631	0.1430	0.7066	37.1053	0.3216	1163.0000	456.0000	0.3921	1165.0000
941	0.4635	0.8199	0.5812	0.7578	0.1496	0.7110	37.1053	0.3432	1179.0000	444.0000	0.3766	1181.0000
942	0.4764	0.8259	0.5789	0.7575	0.1461	0.7060	37.0526	0.3269	1176.0000	456.0000	0.3878	1178.0000
943	0.4519	0.8210	0.5791	0.7536	0.1427	0.7056	37.0526	0.3345	1181.0000	458.0000	0.3878	1183.0000
944	0.4579	0.8275	0.5825	0.7629	0.1472	0.6932	36.8947	0.3371	1182.0000	467.0000	0.3951	1184.0000
945	0.4583	0.8226	0.5781	0.7538	0.1433	0.7123	36.8947	0.3368	1185.0000	459.0000	0.3873	1187.0000
946	0.4742	0.8243	0.5807	0.7650	0.1494	0.7037	36.9474	0.3375	1187.0000	455.0000	0.3833	1189.0000
947	0.4410	0.8287	0.5821	0.7652	0.1520	0.6983	37.1053	0.3609	1163.0000	461.0000	0.3964	1165.0000
948	0.4517	0.8254	0.5792	0.7690	0.1494	0.6970	37.0000	0.3472	1182.0000	454.0000	0.3841	1184.0000
949	0.4622	0.8275	0.5783	0.7658	0.1473	0.6979	37.0000	0.3270	1157.0000	457.0000	0.3950	1159.0000
950	0.4552	0.8194	0.5825	0.7572	0.1431	0.6996	37.1053	0.3617	1173.0000	461.0000	0.3930	1175.0000
951	0.4648	0.8252	0.5810	0.7718	0.1496	0.7145	37.0000	0.3322	1181.0000	446.0000	0.3776	1183.0000
952	0.4663	0.8201	0.5793	0.7639	0.1435	0.7029	36.9474	0.3230	1153.0000	457.0000	0.3964	1155.0000
953	0.4535	0.8236	0.5787	0.7519	0.1428	0.6986	36.9474	0.3351	1163.0000	463.0000	0.3981	1166.0000
954	0.4661	0.8222	0.5788	0.7709	0.1467	0.7031	37.0526	0.3347	1157.0000	450.0000	0.3889	1159.0000
955	0.4501	0.8236	0.5808	0.7683	0.1494	0.7112	36.9474	0.3503	1187.0000	443.0000	0.3732	1189.0000
956	0.4741	0.8231	0.5801	0.7768	0.1435	0.7102	37.1053	0.3268	1140.0000	440.0000	0.3860	1142.0000
957	0.4536	0.8245	0.5829	0.7569	0.1452	0.7061	37.0526	0.3446	1182.0000	458.0000	0.3875	1184.0000
958	0.4506	0.8226	0.5776	0.7650	0.1470	0.6980	36.7895	0.3404	1157.0000	452.0000	0.3907	1159.0000
959	0.4559	0.8226	0.5762	0.7524	0.1425	0.7087	37.0000	0.3342	1172.0000	454.0000	0.3874	1174.0000
960	0.4730	0.8173	0.5785	0.7669	0.1463	0.7190	37.1053	0.3221	1177.0000	442.0000	0.3755	1179.0000
961	0.4644	0.8238	0.5815	0.7569	0.1442	0.7095	37.0526	0.3293	1177.0000	455.0000	0.3866	1179.0000
962	0.4535	0.8178	0.5773	0.7646	0.1483	0.7051	36.9474	0.3460	1180.0000	451.0000	0.3822	1182.0000
963	0.4661	0.8189	0.5754	0.7713	0.1469	0.7048	37.0526	0.3397	1134.0000	455.0000	0.4012	1136.0000
964	0.4908	0.8257	0.5777	0.7673	0.1469	0.7196	36.8947	0.3188	1147.0000	444.0000	0.3871	1149.0000
965	0.4586	0.8240	0.5802	0.7597	0.1483	0.6975	37.0526	0.3447	1177.0000	460.0000	0.3908	1179.0000
966	0.4527	0.8203	0.5771	0.7659	0.1420	0.6963	37.2105	0.3483	1150.0000	453.0000	0.3939	1152.0000
967	0.4651	0.8271	0.5839	0.7717	0.1534	0.7074	37.1579	0.3326	1178.0000	459.0000	0.3896	1180.0000
968	0.4733	0.8259	0.5800	0.7716	0.1467	0.7070	36.8947	0.3303	1161.0000	453.0000	0.3902	1163.0000
969	0.4657	0.8271	0.5840	0.7593	0.1512	0.7156	37.0526	0.3286	1196.0000	447.0000	0.3737	1199.0000
970	0.4650	0.8275	0.5808	0.7652	0.1440	0.6947	36.9474	0.3432	1158.0000	462.0000	0.3990	1160.0000
971	0.4459	0.8259	0.5793	0.7641	0.1433	0.6985	36.9474	0.3532	1153.0000	463.0000	0.4016	1155.0000
972	0.4655	0.8217	0.5775	0.7655	0.1444	0.7012	36.8947	0.3432	1159.0000	456.0000	0.3934	1161.0000
973	0.4474	0.8194	0.5784	0.7682	0.1440	0.6990	37.1053	0.3417	1157.0000	457.0000	0.3950	1159.0000
974	0.4582	0.8178	0.5801	0.7670	0.1473	0.7008	36.9474	0.3394	1152.0000	446.0000	0.3872	1154.0000
975	0.4604	0.8291	0.5822	0.7721	0.1478	0.6980	37.0526	0.3468	1177.0000	458.0000	0.3891	1179.0000
976	0.4624	0.8271	0.5822	0.7598	0.1477	0.7061	37.1579	0.3361	1201.0000	460.0000	0.3830	1203.0000
977	0.4506	0.8219	0.5814	0.7760	0.1485	0.6841	37.0000	0.3686	1143.0000	466.0000	0.4077	1145.0000
978	0.4654	0.8243	0.5790	0.7621	0.1424	0.7014	37.0000	0.3303	1174.0000	459.0000	0.3910	1176.0000
979	0.4711	0.8245	0.5793	0.7670	0.1515	0.7009	36.8947	0.3227	1150.0000	453.0000	0.3939	1152.0000
980	0.4566	0.8212	0.5792	0.7669	0.1468	0.6987	37.2105	0.3421	1181.0000	461.0000	0.3903	1183.0000
981	0.4473	0.8175	0.5751	0.7608	0.1481	0.7009	37.1053	0.3526	1161.0000	446.0000	0.3842	1163.0000
982	0.4527	0.8261	0.5794	0.7686	0.1434	0.7006	36.8421	0.3556	1157.0000	457.0000	0.3950	1160.0000
983	0.4768	0.8215	0.5840	0.7748	0.1483	0.7053	36.9474	0.3351	1150.0000	446.0000	0.3878	1152.0000
984	0.4538	0.8194	0.5785	0.7663	0.1450	0.6948	37.2105	0.3646	1164.0000	462.0000	0.3969	1166.0000
985	0.4604	0.8240	0.5829	0.7725	0.1510	0.6974	37.0526	0.3362	1169.0000	453.0000	0.3875	1172.0000
986	0.4485	0.8217	0.5788	0.7680	0.1450	0.7031	37.2632	0.3443	1140.0000	450.0000	0.3947	1142.0000
987	0.4762	0.8226	0.5811	0.7608	0.1448	0.7018	37.0000	0.3499	1169.0000	464.0000	0.3969	1171.0000
988	0.4747	0.8275	0.5816	0.7628	0.1473	0.7038	36.8421	0.3465	1176.0000	459.0000	0.3903	1178.0000
989	0.4605	0.8254	0.5793	0.7648	0.1476	0.7084	36.9474	0.3298	1159.0000	441.0000	0.3805	1161.0000
990	0.4651	0.8243	0.5805	0.7587	0.1492	0.7053	36.8947	0.3390	1188.0000	455.0000	0.3830	1190.0000
991	0.4646	0.8240	0.5809	0.7637	0.1496	0.7018	37.0526	0.3267	1182.0000	454.0000	0.3841	1184.0000
992	0.4470	0.8208	0.5794	0.7552	0.1465	0.7011	36.9474	0.3430	1184.0000	460.0000	0.3885	1186.0000
993	0.4728	0.8229	0.5787	0.7497	0.1452	0.7067	37.0000	0.3164	1194.0000	461.0000	0.3861	1196.0000
994	0.4582	0.8261	0.5808	0.7774	0.1480	0.6939	37.0526	0.3502	1143.0000	456.0000	0.3990	1145.0000
995	0.4638	0.8215	0.5794	0.7501	0.1431	0.7085	37.1053	0.3353	1186.0000	456.0000	0.3845	1188.0000
996	0.4732	0.8247	0.5795	0.7576	0.1483	0.7118	37.0526	0.3331	1189.0000	453.0000	0.3810	1191.0000
997	0.4615	0.8217	0.5800	0.7673	0.1516	0.7043	37.0000	0.3307	1166.0000	447.0000	0.3834	1168.0000
998	0.4542	0.8257	0.5787	0.7583	0.1473	0.6978	36.9474	0.3441	1194.0000	457.0000	0.3827	1196.0000
999	0.4638	0.8238	0.5800	0.7642	0.1503	0.7107	36.8947	0.3201	1173.0000	446.0000	0.3802	1175.0000
1000	0.4528	0.8224	0.5788	0.7587	0.1425	0.7006	37.1053	0.3518	1169.0000	454.0000	0.3884	1171.0000
