1	0.55	0.72	0.53	0.77	0.06	0.70	45.95	0.29	1516.00	576.00	0.38	1518.00
2	0.54	0.72	0.54	0.79	0.06	0.69	45.95	0.31	1510.00	580.00	0.38	1512.00
3	0.51	0.72	0.53	0.76	0.06	0.69	46.11	0.32	1551.00	599.00	0.39	1553.00
4	0.53	0.72	0.53	0.77	0.06	0.69	46.00	0.30	1525.00	592.00	0.39	1527.00
5	0.53	0.72	0.53	0.78	0.06	0.68	45.89	0.31	1511.00	588.00	0.39	1513.00
6	0.51	0.72	0.54	0.78	0.06	0.68	45.95	0.31	1519.00	594.00	0.39	1521.00
7	0.53	0.72	0.53	0.77	0.06	0.69	45.89	0.30	1536.00	592.00	0.39	1538.00
8	0.53	0.71	0.53	0.78	0.06	0.69	45.63	0.30	1520.00	591.00	0.39	1522.00
9	0.52	0.72	0.54	0.77	0.06	0.68	46.00	0.33	1528.00	598.00	0.39	1530.00
10	0.53	0.72	0.54	0.78	0.06	0.68	46.00	0.33	1517.00	598.00	0.39	1519.00
11	0.53	0.72	0.54	0.78	0.06	0.69	46.00	0.30	1507.00	596.00	0.40	1509.00
12	0.52	0.72	0.53	0.78	0.06	0.69	45.74	0.31	1531.00	589.00	0.38	1533.00
13	0.53	0.73	0.54	0.78	0.06	0.69	45.95	0.30	1554.00	592.00	0.38	1556.00
14	0.52	0.72	0.54	0.77	0.06	0.69	45.79	0.32	1529.00	599.00	0.39	1531.00
15	0.54	0.71	0.53	0.79	0.06	0.70	45.68	0.29	1505.00	571.00	0.38	1507.00
16	0.53	0.72	0.54	0.79	0.06	0.69	45.95	0.30	1502.00	584.00	0.39	1504.00
17	0.54	0.72	0.54	0.77	0.06	0.68	46.21	0.30	1516.00	598.00	0.39	1518.00
18	0.52	0.72	0.53	0.78	0.06	0.69	45.89	0.29	1513.00	586.00	0.39	1515.00
19	0.51	0.72	0.54	0.78	0.06	0.68	45.84	0.33	1551.00	598.00	0.39	1553.00
20	0.51	0.73	0.54	0.77	0.06	0.69	45.68	0.33	1550.00	602.00	0.39	1552.00
21	0.54	0.72	0.54	0.78	0.06	0.69	45.95	0.31	1537.00	585.00	0.38	1539.00
22	0.52	0.73	0.54	0.78	0.06	0.69	46.00	0.31	1541.00	588.00	0.38	1543.00
23	0.51	0.72	0.54	0.78	0.06	0.69	45.95	0.33	1508.00	591.00	0.39	1510.00
24	0.52	0.72	0.54	0.78	0.06	0.68	45.79	0.32	1505.00	593.00	0.39	1507.00
25	0.54	0.72	0.54	0.79	0.06	0.69	45.89	0.30	1501.00	591.00	0.39	1503.00
26	0.52	0.72	0.53	0.77	0.06	0.68	45.79	0.32	1504.00	598.00	0.40	1506.00
27	0.53	0.72	0.53	0.78	0.06	0.69	46.05	0.29	1523.00	591.00	0.39	1525.00
28	0.52	0.72	0.54	0.78	0.06	0.69	46.00	0.31	1510.00	590.00	0.39	1512.00
29	0.53	0.71	0.53	0.77	0.06	0.71	45.89	0.29	1553.00	578.00	0.37	1555.00
30	0.52	0.72	0.53	0.78	0.06	0.69	45.95	0.32	1507.00	599.00	0.40	1509.00
31	0.52	0.72	0.53	0.77	0.06	0.68	46.11	0.31	1511.00	593.00	0.39	1513.00
32	0.53	0.72	0.53	0.77	0.06	0.70	46.00	0.30	1576.00	584.00	0.37	1578.00
33	0.52	0.72	0.53	0.77	0.06	0.69	46.00	0.32	1533.00	592.00	0.39	1535.00
34	0.52	0.72	0.54	0.78	0.06	0.69	45.89	0.32	1514.00	594.00	0.39	1516.00
35	0.53	0.72	0.54	0.78	0.06	0.69	46.05	0.31	1541.00	597.00	0.39	1543.00
36	0.54	0.72	0.53	0.78	0.06	0.70	45.89	0.29	1530.00	585.00	0.38	1532.00
37	0.51	0.72	0.53	0.78	0.06	0.67	45.95	0.34	1507.00	600.00	0.40	1509.00
38	0.52	0.72	0.53	0.77	0.06	0.69	45.63	0.31	1529.00	583.00	0.38	1531.00
39	0.51	0.71	0.53	0.78	0.06	0.69	46.11	0.30	1504.00	585.00	0.39	1506.00
40	0.51	0.72	0.53	0.77	0.06	0.69	46.16	0.32	1564.00	591.00	0.38	1566.00
41	0.54	0.72	0.53	0.78	0.06	0.68	46.00	0.32	1498.00	598.00	0.40	1500.00
42	0.52	0.72	0.53	0.78	0.06	0.69	45.95	0.32	1515.00	596.00	0.39	1517.00
43	0.52	0.72	0.53	0.77	0.06	0.68	45.79	0.30	1530.00	601.00	0.39	1532.00
44	0.52	0.72	0.54	0.77	0.06	0.70	46.00	0.31	1544.00	587.00	0.38	1546.00
45	0.53	0.72	0.53	0.77	0.06	0.69	46.00	0.31	1539.00	587.00	0.38	1541.00
46	0.53	0.72	0.54	0.78	0.06	0.68	45.84	0.30	1517.00	596.00	0.39	1519.00
47	0.49	0.72	0.53	0.77	0.06	0.69	46.00	0.32	1546.00	594.00	0.38	1548.00
48	0.54	0.72	0.53	0.77	0.06	0.70	46.00	0.29	1538.00	583.00	0.38	1540.00
49	0.51	0.72	0.54	0.77	0.06	0.69	45.74	0.32	1549.00	599.00	0.39	1551.00
50	0.51	0.72	0.53	0.78	0.06	0.68	45.95	0.32	1517.00	599.00	0.39	1519.00
51	0.51	0.72	0.53	0.76	0.06	0.68	46.00	0.33	1541.00	598.00	0.39	1543.00
52	0.51	0.72	0.53	0.79	0.06	0.68	46.00	0.32	1498.00	592.00	0.40	1500.00
53	0.54	0.72	0.54	0.79	0.06	0.69	45.95	0.30	1509.00	583.00	0.39	1511.00
54	0.52	0.72	0.53	0.78	0.06	0.68	45.89	0.31	1529.00	593.00	0.39	1531.00
55	0.53	0.72	0.53	0.78	0.06	0.69	45.95	0.30	1516.00	592.00	0.39	1518.00
56	0.52	0.71	0.53	0.77	0.06	0.69	46.16	0.30	1523.00	580.00	0.38	1525.00
57	0.54	0.73	0.54	0.78	0.06	0.69	46.11	0.31	1530.00	595.00	0.39	1532.00
58	0.52	0.72	0.53	0.77	0.06	0.69	46.16	0.31	1544.00	595.00	0.39	1546.00
59	0.52	0.72	0.54	0.77	0.06	0.69	45.95	0.31	1531.00	585.00	0.38	1533.00
60	0.51	0.73	0.54	0.78	0.06	0.68	45.84	0.32	1535.00	596.00	0.39	1537.00
61	0.51	0.72	0.53	0.78	0.06	0.67	46.05	0.33	1501.00	612.00	0.41	1503.00
62	0.52	0.71	0.53	0.77	0.06	0.70	46.26	0.30	1550.00	582.00	0.38	1552.00
63	0.51	0.72	0.54	0.78	0.06	0.68	46.11	0.33	1513.00	599.00	0.40	1515.00
64	0.52	0.72	0.53	0.77	0.06	0.69	45.89	0.32	1567.00	597.00	0.38	1569.00
65	0.53	0.73	0.54	0.77	0.06	0.69	45.89	0.30	1522.00	585.00	0.38	1524.00
66	0.52	0.72	0.54	0.78	0.06	0.68	45.89	0.31	1517.00	601.00	0.40	1519.00
67	0.55	0.71	0.53	0.78	0.06	0.70	46.11	0.29	1514.00	577.00	0.38	1516.00
68	0.53	0.72	0.54	0.77	0.06	0.69	46.11	0.31	1527.00	598.00	0.39	1529.00
69	0.53	0.72	0.53	0.78	0.06	0.69	46.05	0.31	1512.00	584.00	0.39	1514.00
70	0.53	0.72	0.54	0.77	0.06	0.69	46.00	0.30	1533.00	592.00	0.39	1535.00
71	0.53	0.72	0.54	0.77	0.06	0.69	46.00	0.29	1529.00	585.00	0.38	1531.00
72	0.51	0.72	0.53	0.77	0.06	0.68	46.00	0.32	1536.00	598.00	0.39	1538.00
73	0.52	0.72	0.53	0.77	0.06	0.68	46.00	0.33	1524.00	604.00	0.40	1526.00
74	0.53	0.72	0.54	0.78	0.06	0.69	45.95	0.30	1513.00	587.00	0.39	1515.00
75	0.52	0.72	0.54	0.78	0.06	0.68	45.84	0.32	1502.00	592.00	0.39	1504.00
76	0.52	0.72	0.54	0.78	0.06	0.69	45.89	0.29	1511.00	588.00	0.39	1513.00
77	0.52	0.72	0.53	0.78	0.06	0.69	45.89	0.31	1537.00	589.00	0.38	1539.00
78	0.54	0.71	0.53	0.77	0.06	0.70	46.16	0.27	1522.00	567.00	0.37	1524.00
79	0.51	0.72	0.54	0.78	0.06	0.69	45.84	0.31	1536.00	587.00	0.38	1538.00
80	0.52	0.72	0.54	0.77	0.06	0.69	45.79	0.32	1524.00	598.00	0.39	1526.00
81	0.55	0.71	0.53	0.78	0.06	0.69	45.95	0.29	1512.00	580.00	0.38	1514.00
82	0.51	0.72	0.53	0.78	0.06	0.68	45.95	0.33	1511.00	599.00	0.40	1513.00
83	0.52	0.72	0.53	0.77	0.06	0.69	45.95	0.30	1512.00	590.00	0.39	1514.00
84	0.52	0.72	0.54	0.77	0.06	0.69	46.00	0.30	1535.00	582.00	0.38	1537.00
85	0.50	0.72	0.54	0.77	0.06	0.68	45.89	0.34	1516.00	601.00	0.40	1518.00
86	0.53	0.72	0.54	0.78	0.06	0.68	46.00	0.32	1488.00	590.00	0.40	1490.00
87	0.53	0.72	0.53	0.77	0.06	0.68	45.74	0.30	1519.00	595.00	0.39	1521.00
88	0.54	0.72	0.53	0.77	0.06	0.70	46.05	0.29	1553.00	581.00	0.37	1555.00
89	0.52	0.72	0.53	0.78	0.06	0.69	45.84	0.32	1527.00	590.00	0.39	1529.00
90	0.52	0.72	0.53	0.77	0.06	0.69	45.84	0.31	1540.00	591.00	0.38	1542.00
91	0.52	0.72	0.54	0.78	0.06	0.69	45.95	0.32	1540.00	588.00	0.38	1542.00
92	0.53	0.72	0.53	0.79	0.06	0.69	46.32	0.30	1523.00	587.00	0.39	1525.00
93	0.52	0.72	0.53	0.78	0.06	0.69	45.89	0.31	1515.00	588.00	0.39	1517.00
94	0.51	0.72	0.53	0.78	0.06	0.69	45.95	0.31	1506.00	585.00	0.39	1508.00
95	0.50	0.73	0.54	0.77	0.06	0.68	45.74	0.34	1532.00	604.00	0.39	1534.00
96	0.52	0.71	0.53	0.77	0.06	0.68	45.84	0.31	1541.00	600.00	0.39	1543.00
97	0.52	0.72	0.54	0.77	0.06	0.69	45.95	0.31	1535.00	591.00	0.39	1537.00
98	0.53	0.72	0.54	0.78	0.06	0.69	46.16	0.31	1519.00	598.00	0.39	1521.00
99	0.53	0.72	0.54	0.78	0.06	0.69	45.95	0.32	1501.00	593.00	0.40	1503.00
100	0.52	0.72	0.53	0.78	0.06	0.68	45.89	0.32	1495.00	587.00	0.39	1497.00
101	0.50	0.72	0.54	0.77	0.06	0.68	45.68	0.34	1528.00	608.00	0.40	1530.00
102	0.50	0.72	0.53	0.78	0.06	0.68	46.00	0.33	1528.00	604.00	0.40	1530.00
103	0.53	0.72	0.53	0.78	0.06	0.68	45.84	0.32	1518.00	601.00	0.40	1520.00
104	0.52	0.72	0.53	0.78	0.06	0.70	45.79	0.29	1527.00	584.00	0.38	1529.00
105	0.53	0.72	0.54	0.78	0.06	0.69	46.00	0.30	1535.00	589.00	0.38	1537.00
106	0.52	0.71	0.53	0.78	0.06	0.69	45.95	0.31	1523.00	590.00	0.39	1525.00
107	0.53	0.72	0.53	0.77	0.06	0.69	45.79	0.29	1553.00	590.00	0.38	1555.00
108	0.54	0.72	0.54	0.78	0.06	0.70	45.74	0.29	1506.00	578.00	0.38	1508.00
109	0.53	0.71	0.53	0.77	0.06	0.69	45.84	0.30	1536.00	580.00	0.38	1538.00
110	0.52	0.72	0.53	0.77	0.06	0.70	45.89	0.30	1555.00	582.00	0.37	1557.00
111	0.50	0.72	0.54	0.77	0.06	0.69	45.95	0.33	1534.00	598.00	0.39	1536.00
112	0.51	0.72	0.53	0.77	0.06	0.69	46.11	0.33	1509.00	599.00	0.40	1511.00
113	0.53	0.72	0.53	0.77	0.06	0.70	45.74	0.31	1547.00	582.00	0.38	1549.00
114	0.54	0.72	0.53	0.78	0.06	0.69	45.89	0.29	1529.00	575.00	0.38	1531.00
115	0.53	0.72	0.54	0.77	0.06	0.69	45.95	0.31	1549.00	593.00	0.38	1551.00
116	0.51	0.72	0.54	0.77	0.06	0.69	45.79	0.32	1516.00	583.00	0.38	1518.00
117	0.51	0.72	0.54	0.78	0.06	0.69	46.16	0.32	1519.00	594.00	0.39	1521.00
118	0.52	0.71	0.53	0.78	0.06	0.70	46.00	0.30	1526.00	580.00	0.38	1528.00
119	0.52	0.72	0.54	0.77	0.06	0.69	45.95	0.32	1518.00	590.00	0.39	1520.00
120	0.50	0.72	0.54	0.78	0.06	0.68	45.84	0.34	1523.00	598.00	0.39	1525.00
121	0.53	0.72	0.54	0.77	0.06	0.69	45.89	0.30	1526.00	589.00	0.39	1528.00
122	0.53	0.72	0.53	0.79	0.06	0.69	45.84	0.31	1524.00	585.00	0.38	1526.00
123	0.51	0.72	0.54	0.77	0.06	0.68	45.84	0.31	1532.00	598.00	0.39	1534.00
124	0.51	0.72	0.53	0.77	0.06	0.69	45.84	0.33	1545.00	591.00	0.38	1547.00
125	0.51	0.72	0.54	0.77	0.06	0.68	46.00	0.34	1522.00	601.00	0.39	1524.00
126	0.53	0.72	0.53	0.77	0.06	0.68	45.95	0.31	1509.00	602.00	0.40	1511.00
127	0.51	0.72	0.54	0.78	0.06	0.69	46.00	0.31	1536.00	594.00	0.39	1538.00
128	0.53	0.72	0.54	0.77	0.06	0.69	46.16	0.31	1539.00	594.00	0.39	1541.00
129	0.54	0.72	0.54	0.78	0.06	0.70	45.89	0.29	1537.00	584.00	0.38	1539.00
130	0.51	0.72	0.53	0.77	0.06	0.68	46.05	0.33	1514.00	605.00	0.40	1516.00
131	0.52	0.72	0.53	0.78	0.06	0.69	45.63	0.32	1516.00	590.00	0.39	1518.00
132	0.52	0.72	0.54	0.77	0.06	0.68	46.11	0.32	1528.00	605.00	0.40	1530.00
133	0.51	0.72	0.54	0.77	0.06	0.68	45.84	0.33	1525.00	607.00	0.40	1527.00
134	0.52	0.72	0.54	0.78	0.06	0.69	46.11	0.30	1510.00	586.00	0.39	1512.00
135	0.51	0.71	0.54	0.78	0.06	0.69	45.95	0.32	1514.00	584.00	0.39	1516.00
136	0.52	0.71	0.53	0.77	0.06	0.68	46.05	0.33	1537.00	601.00	0.39	1539.00
137	0.51	0.72	0.54	0.78	0.06	0.69	46.00	0.32	1515.00	595.00	0.39	1517.00
138	0.51	0.72	0.53	0.77	0.06	0.69	45.95	0.31	1525.00	596.00	0.39	1527.00
139	0.51	0.72	0.53	0.77	0.06	0.68	45.74	0.32	1535.00	593.00	0.39	1537.00
140	0.51	0.72	0.53	0.78	0.06	0.69	46.00	0.32	1519.00	587.00	0.39	1521.00
141	0.51	0.72	0.53	0.77	0.06	0.69	45.95	0.30	1540.00	588.00	0.38	1542.00
142	0.52	0.72	0.53	0.78	0.06	0.69	45.89	0.32	1529.00	587.00	0.38	1531.00
143	0.51	0.72	0.54	0.78	0.06	0.68	46.16	0.33	1537.00	604.00	0.39	1539.00
144	0.50	0.72	0.54	0.77	0.06	0.69	46.00	0.33	1535.00	590.00	0.38	1537.00
145	0.53	0.73	0.54	0.77	0.06	0.69	45.89	0.31	1544.00	593.00	0.38	1546.00
146	0.53	0.71	0.53	0.77	0.06	0.69	45.89	0.30	1533.00	581.00	0.38	1535.00
147	0.53	0.72	0.53	0.78	0.06	0.69	46.11	0.31	1514.00	585.00	0.39	1516.00
148	0.49	0.72	0.54	0.78	0.06	0.68	46.11	0.35	1521.00	607.00	0.40	1523.00
149	0.52	0.71	0.53	0.77	0.06	0.69	46.05	0.31	1526.00	586.00	0.38	1528.00
150	0.51	0.72	0.54	0.78	0.06	0.69	46.11	0.32	1517.00	589.00	0.39	1519.00
151	0.51	0.72	0.53	0.78	0.06	0.69	45.74	0.31	1528.00	583.00	0.38	1530.00
152	0.54	0.72	0.54	0.78	0.06	0.70	45.84	0.29	1537.00	579.00	0.38	1539.00
153	0.52	0.71	0.53	0.78	0.06	0.69	46.00	0.31	1534.00	587.00	0.38	1536.00
154	0.50	0.71	0.53	0.78	0.06	0.68	45.84	0.33	1506.00	594.00	0.39	1508.00
155	0.51	0.72	0.54	0.77	0.06	0.69	45.89	0.33	1528.00	604.00	0.40	1530.00
156	0.52	0.72	0.54	0.78	0.06	0.70	46.16	0.33	1532.00	589.00	0.38	1534.00
157	0.51	0.72	0.54	0.78	0.06	0.68	46.16	0.32	1513.00	602.00	0.40	1515.00
158	0.52	0.72	0.54	0.77	0.06	0.68	46.00	0.33	1520.00	605.00	0.40	1522.00
159	0.53	0.73	0.53	0.77	0.06	0.68	46.05	0.32	1542.00	602.00	0.39	1544.00
160	0.52	0.72	0.53	0.78	0.06	0.69	46.00	0.31	1516.00	588.00	0.39	1518.00
161	0.53	0.72	0.53	0.78	0.06	0.69	46.05	0.31	1530.00	591.00	0.39	1532.00
162	0.52	0.71	0.54	0.78	0.06	0.69	46.05	0.29	1542.00	582.00	0.38	1544.00
163	0.52	0.71	0.53	0.77	0.06	0.69	46.00	0.30	1547.00	582.00	0.38	1549.00
164	0.52	0.72	0.53	0.78	0.06	0.69	45.95	0.31	1519.00	584.00	0.38	1521.00
165	0.50	0.72	0.54	0.77	0.06	0.69	45.95	0.32	1542.00	595.00	0.39	1544.00
166	0.52	0.72	0.53	0.77	0.06	0.69	46.05	0.32	1535.00	598.00	0.39	1537.00
167	0.53	0.72	0.53	0.78	0.06	0.69	46.05	0.30	1522.00	590.00	0.39	1524.00
168	0.52	0.72	0.54	0.78	0.06	0.69	45.95	0.30	1528.00	588.00	0.38	1530.00
169	0.52	0.72	0.54	0.77	0.06	0.68	45.89	0.32	1535.00	597.00	0.39	1537.00
170	0.54	0.72	0.53	0.77	0.06	0.69	45.84	0.31	1536.00	596.00	0.39	1538.00
171	0.50	0.72	0.54	0.78	0.06	0.68	46.00	0.32	1518.00	597.00	0.39	1520.00
172	0.50	0.72	0.53	0.78	0.06	0.68	45.89	0.32	1502.00	593.00	0.39	1504.00
173	0.52	0.72	0.54	0.77	0.06	0.69	45.84	0.31	1534.00	595.00	0.39	1536.00
174	0.52	0.71	0.53	0.77	0.06	0.68	46.05	0.31	1512.00	590.00	0.39	1514.00
175	0.53	0.72	0.54	0.78	0.06	0.69	46.05	0.30	1497.00	581.00	0.39	1499.00
176	0.53	0.72	0.54	0.77	0.06	0.69	46.00	0.29	1542.00	578.00	0.37	1544.00
177	0.52	0.72	0.54	0.78	0.06	0.69	45.95	0.31	1525.00	581.00	0.38	1527.00
178	0.50	0.72	0.54	0.78	0.06	0.68	45.95	0.35	1511.00	602.00	0.40	1513.00
179	0.52	0.71	0.53	0.78	0.06	0.69	45.74	0.30	1502.00	571.00	0.38	1504.00
180	0.53	0.72	0.53	0.77	0.06	0.70	46.00	0.29	1523.00	579.00	0.38	1525.00
181	0.52	0.72	0.54	0.77	0.06	0.70	45.84	0.31	1534.00	584.00	0.38	1536.00
182	0.51	0.72	0.54	0.76	0.06	0.67	45.89	0.34	1530.00	606.00	0.40	1532.00
183	0.52	0.71	0.53	0.77	0.06	0.69	46.05	0.29	1515.00	583.00	0.38	1517.00
184	0.52	0.73	0.54	0.78	0.06	0.69	46.00	0.32	1538.00	597.00	0.39	1540.00
185	0.52	0.71	0.53	0.78	0.06	0.69	46.11	0.31	1517.00	587.00	0.39	1519.00
186	0.53	0.72	0.54	0.78	0.06	0.68	46.21	0.33	1512.00	604.00	0.40	1514.00
187	0.53	0.72	0.54	0.77	0.06	0.69	45.95	0.29	1535.00	591.00	0.39	1537.00
188	0.53	0.72	0.53	0.78	0.06	0.68	45.89	0.32	1506.00	586.00	0.39	1508.00
189	0.52	0.72	0.53	0.78	0.06	0.69	45.74	0.32	1521.00	593.00	0.39	1523.00
190	0.51	0.73	0.54	0.78	0.06	0.68	45.63	0.33	1511.00	594.00	0.39	1513.00
191	0.54	0.71	0.53	0.77	0.06	0.70	45.74	0.29	1551.00	572.00	0.37	1553.00
192	0.52	0.72	0.53	0.77	0.06	0.69	45.89	0.30	1520.00	584.00	0.38	1522.00
193	0.53	0.72	0.53	0.78	0.06	0.70	45.58	0.29	1517.00	579.00	0.38	1519.00
194	0.52	0.72	0.54	0.78	0.06	0.69	45.74	0.32	1525.00	588.00	0.39	1527.00
195	0.51	0.72	0.54	0.78	0.06	0.69	46.05	0.31	1511.00	598.00	0.40	1513.00
196	0.54	0.72	0.53	0.76	0.06	0.69	45.89	0.29	1551.00	590.00	0.38	1553.00
197	0.53	0.72	0.53	0.78	0.06	0.68	46.00	0.30	1512.00	594.00	0.39	1514.00
198	0.50	0.72	0.53	0.78	0.06	0.67	45.89	0.33	1514.00	597.00	0.39	1516.00
199	0.50	0.72	0.53	0.77	0.06	0.68	45.84	0.33	1516.00	600.00	0.40	1518.00
200	0.51	0.71	0.53	0.77	0.06	0.68	45.79	0.32	1531.00	596.00	0.39	1533.00
201	0.54	0.72	0.54	0.78	0.06	0.68	46.11	0.29	1499.00	595.00	0.40	1501.00
202	0.52	0.72	0.54	0.77	0.06	0.69	46.11	0.30	1534.00	590.00	0.38	1536.00
203	0.52	0.72	0.53	0.77	0.06	0.69	46.32	0.31	1524.00	593.00	0.39	1526.00
204	0.53	0.72	0.54	0.78	0.06	0.69	46.00	0.31	1521.00	595.00	0.39	1523.00
205	0.52	0.72	0.53	0.77	0.06	0.68	45.84	0.31	1513.00	599.00	0.40	1515.00
206	0.53	0.71	0.53	0.78	0.06	0.69	45.84	0.29	1505.00	589.00	0.39	1507.00
207	0.50	0.72	0.53	0.77	0.06	0.68	46.05	0.33	1523.00	599.00	0.39	1525.00
208	0.53	0.72	0.53	0.77	0.06	0.69	46.00	0.32	1543.00	594.00	0.38	1545.00
209	0.51	0.72	0.53	0.77	0.06	0.68	46.16	0.35	1535.00	617.00	0.40	1537.00
210	0.50	0.71	0.53	0.77	0.06	0.69	45.84	0.32	1532.00	591.00	0.39	1534.00
211	0.53	0.72	0.53	0.78	0.06	0.70	45.89	0.29	1550.00	575.00	0.37	1552.00
212	0.52	0.73	0.54	0.78	0.06	0.69	46.00	0.30	1533.00	596.00	0.39	1535.00
213	0.51	0.72	0.53	0.78	0.06	0.68	45.89	0.32	1514.00	601.00	0.40	1516.00
214	0.51	0.72	0.53	0.78	0.06	0.70	46.05	0.32	1532.00	587.00	0.38	1534.00
215	0.51	0.72	0.54	0.77	0.06	0.67	46.11	0.33	1524.00	609.00	0.40	1526.00
216	0.52	0.72	0.54	0.77	0.06	0.69	46.00	0.32	1535.00	594.00	0.39	1537.00
217	0.53	0.73	0.54	0.78	0.06	0.69	46.16	0.32	1550.00	590.00	0.38	1552.00
218	0.51	0.72	0.54	0.78	0.06	0.68	46.00	0.34	1526.00	606.00	0.40	1528.00
219	0.50	0.71	0.53	0.77	0.06	0.68	45.84	0.32	1492.00	597.00	0.40	1494.00
220	0.53	0.72	0.53	0.77	0.06	0.68	45.95	0.32	1537.00	603.00	0.39	1539.00
221	0.53	0.72	0.54	0.77	0.06	0.69	46.05	0.31	1523.00	589.00	0.39	1525.00
222	0.52	0.72	0.54	0.78	0.06	0.69	45.74	0.31	1511.00	592.00	0.39	1513.00
223	0.52	0.72	0.53	0.77	0.06	0.69	45.74	0.32	1517.00	595.00	0.39	1519.00
224	0.53	0.72	0.53	0.78	0.06	0.69	45.95	0.30	1514.00	590.00	0.39	1516.00
225	0.50	0.72	0.54	0.78	0.06	0.68	46.05	0.33	1512.00	609.00	0.40	1514.00
226	0.53	0.72	0.54	0.78	0.06	0.69	45.79	0.30	1524.00	573.00	0.38	1526.00
227	0.51	0.72	0.53	0.78	0.06	0.69	45.95	0.31	1544.00	586.00	0.38	1546.00
228	0.51	0.72	0.54	0.78	0.06	0.68	46.11	0.32	1521.00	591.00	0.39	1523.00
229	0.53	0.72	0.53	0.78	0.06	0.69	45.79	0.29	1517.00	581.00	0.38	1519.00
230	0.53	0.72	0.54	0.78	0.06	0.69	45.95	0.31	1534.00	591.00	0.39	1536.00
231	0.55	0.72	0.53	0.78	0.06	0.70	45.79	0.29	1532.00	575.00	0.38	1534.00
232	0.52	0.71	0.53	0.77	0.06	0.68	46.26	0.30	1543.00	586.00	0.38	1545.00
233	0.52	0.72	0.53	0.77	0.06	0.69	45.84	0.30	1516.00	597.00	0.39	1518.00
234	0.49	0.72	0.53	0.78	0.06	0.69	45.84	0.33	1531.00	591.00	0.39	1533.00
235	0.54	0.71	0.53	0.77	0.06	0.70	46.05	0.28	1540.00	577.00	0.37	1542.00
236	0.54	0.71	0.53	0.77	0.06	0.69	45.79	0.29	1513.00	589.00	0.39	1515.00
237	0.50	0.72	0.54	0.77	0.06	0.68	46.05	0.32	1506.00	599.00	0.40	1508.00
238	0.52	0.72	0.53	0.78	0.06	0.68	45.84	0.33	1511.00	594.00	0.39	1513.00
239	0.53	0.72	0.53	0.77	0.06	0.68	46.00	0.29	1493.00	592.00	0.40	1495.00
240	0.52	0.72	0.53	0.77	0.06	0.68	46.00	0.31	1507.00	604.00	0.40	1509.00
241	0.53	0.72	0.54	0.78	0.06	0.68	46.16	0.31	1529.00	598.00	0.39	1531.00
242	0.52	0.72	0.54	0.78	0.06	0.69	45.63	0.32	1522.00	597.00	0.39	1524.00
243	0.52	0.72	0.53	0.78	0.06	0.68	45.79	0.32	1491.00	593.00	0.40	1493.00
244	0.53	0.72	0.54	0.77	0.06	0.69	45.84	0.31	1528.00	593.00	0.39	1530.00
245	0.51	0.72	0.53	0.77	0.06	0.68	46.11	0.32	1510.00	598.00	0.40	1512.00
246	0.52	0.72	0.53	0.77	0.06	0.69	45.58	0.31	1523.00	581.00	0.38	1525.00
247	0.52	0.72	0.54	0.78	0.06	0.68	45.79	0.32	1511.00	590.00	0.39	1513.00
248	0.53	0.72	0.54	0.77	0.06	0.68	45.89	0.33	1511.00	602.00	0.40	1513.00
249	0.52	0.72	0.53	0.77	0.06	0.69	46.05	0.32	1522.00	594.00	0.39	1524.00
250	0.52	0.71	0.53	0.78	0.06	0.69	45.84	0.31	1502.00	588.00	0.39	1504.00
251	0.52	0.72	0.54	0.78	0.06	0.68	45.79	0.33	1503.00	601.00	0.40	1505.00
252	0.53	0.72	0.53	0.78	0.06	0.68	45.89	0.32	1521.00	604.00	0.40	1523.00
253	0.51	0.72	0.53	0.78	0.06	0.69	46.11	0.31	1534.00	581.00	0.38	1536.00
254	0.53	0.72	0.54	0.77	0.06	0.69	46.00	0.31	1510.00	589.00	0.39	1512.00
255	0.52	0.72	0.54	0.79	0.06	0.70	45.84	0.31	1514.00	581.00	0.38	1516.00
256	0.52	0.72	0.53	0.77	0.06	0.69	45.95	0.32	1552.00	602.00	0.39	1554.00
257	0.51	0.72	0.54	0.77	0.06	0.69	46.11	0.32	1546.00	599.00	0.39	1548.00
258	0.52	0.72	0.53	0.78	0.06	0.69	45.79	0.31	1520.00	591.00	0.39	1522.00
259	0.54	0.72	0.53	0.77	0.06	0.69	45.95	0.31	1519.00	599.00	0.39	1521.00
260	0.53	0.71	0.53	0.78	0.06	0.70	45.95	0.29	1507.00	583.00	0.39	1509.00
261	0.52	0.72	0.54	0.78	0.06	0.69	45.95	0.32	1538.00	595.00	0.39	1540.00
262	0.51	0.72	0.54	0.77	0.06	0.69	46.16	0.33	1544.00	599.00	0.39	1546.00
263	0.52	0.72	0.53	0.78	0.06	0.68	45.84	0.31	1526.00	583.00	0.38	1528.00
264	0.51	0.71	0.53	0.78	0.06	0.69	45.58	0.31	1514.00	580.00	0.38	1516.00
265	0.49	0.72	0.53	0.77	0.06	0.68	45.84	0.32	1507.00	609.00	0.40	1509.00
266	0.51	0.72	0.54	0.78	0.06	0.69	46.05	0.32	1511.00	590.00	0.39	1513.00
267	0.51	0.72	0.54	0.77	0.06	0.68	45.74	0.32	1532.00	604.00	0.39	1534.00
268	0.52	0.72	0.53	0.77	0.06	0.69	45.95	0.32	1556.00	590.00	0.38	1558.00
269	0.51	0.72	0.53	0.77	0.06	0.68	45.68	0.33	1547.00	602.00	0.39	1549.00
270	0.52	0.72	0.54	0.78	0.06	0.69	45.95	0.30	1527.00	589.00	0.39	1529.00
271	0.52	0.72	0.54	0.77	0.06	0.68	45.89	0.31	1521.00	596.00	0.39	1523.00
272	0.50	0.72	0.53	0.78	0.06	0.68	45.95	0.34	1504.00	595.00	0.40	1506.00
273	0.52	0.71	0.53	0.77	0.06	0.69	46.11	0.30	1527.00	588.00	0.39	1529.00
274	0.52	0.72	0.54	0.78	0.06	0.69	45.89	0.32	1526.00	585.00	0.38	1528.00
275	0.52	0.71	0.53	0.77	0.06	0.68	45.95	0.32	1530.00	594.00	0.39	1532.00
276	0.52	0.72	0.54	0.77	0.06	0.68	45.79	0.32	1529.00	594.00	0.39	1531.00
277	0.51	0.72	0.54	0.78	0.06	0.69	45.58	0.31	1504.00	595.00	0.40	1506.00
278	0.51	0.72	0.54	0.78	0.06	0.69	45.89	0.31	1523.00	585.00	0.38	1525.00
279	0.52	0.72	0.54	0.77	0.06	0.69	46.00	0.30	1524.00	591.00	0.39	1526.00
280	0.52	0.72	0.54	0.77	0.06	0.69	45.95	0.33	1538.00	597.00	0.39	1540.00
281	0.53	0.72	0.53	0.78	0.06	0.69	45.84	0.30	1520.00	587.00	0.39	1522.00
282	0.53	0.72	0.54	0.77	0.06	0.69	45.84	0.32	1526.00	594.00	0.39	1528.00
283	0.53	0.72	0.53	0.78	0.06	0.69	46.16	0.31	1523.00	590.00	0.39	1525.00
284	0.50	0.72	0.53	0.76	0.06	0.69	46.00	0.31	1532.00	597.00	0.39	1534.00
285	0.52	0.72	0.54	0.77	0.06	0.69	45.89	0.32	1540.00	590.00	0.38	1542.00
286	0.52	0.72	0.53	0.77	0.06	0.70	46.26	0.30	1528.00	579.00	0.38	1530.00
287	0.52	0.71	0.53	0.78	0.06	0.68	45.84	0.31	1509.00	584.00	0.39	1511.00
288	0.51	0.72	0.54	0.78	0.06	0.68	45.89	0.32	1517.00	600.00	0.40	1519.00
289	0.53	0.71	0.53	0.78	0.06	0.69	46.00	0.30	1484.00	584.00	0.39	1486.00
290	0.53	0.72	0.54	0.77	0.06	0.68	45.74	0.31	1520.00	588.00	0.39	1522.00
291	0.51	0.72	0.54	0.77	0.06	0.69	45.84	0.32	1537.00	598.00	0.39	1539.00
292	0.52	0.72	0.53	0.78	0.06	0.69	45.79	0.32	1515.00	591.00	0.39	1517.00
293	0.50	0.72	0.54	0.77	0.06	0.68	46.05	0.34	1526.00	601.00	0.39	1528.00
294	0.53	0.72	0.53	0.78	0.06	0.69	45.79	0.31	1528.00	592.00	0.39	1530.00
295	0.53	0.72	0.54	0.78	0.06	0.70	46.00	0.31	1522.00	584.00	0.38	1524.00
296	0.53	0.72	0.54	0.78	0.06	0.68	46.00	0.30	1514.00	587.00	0.39	1516.00
297	0.53	0.71	0.53	0.77	0.06	0.69	45.89	0.30	1521.00	591.00	0.39	1523.00
298	0.52	0.72	0.53	0.77	0.06	0.69	46.05	0.31	1522.00	595.00	0.39	1524.00
299	0.53	0.72	0.53	0.77	0.06	0.69	46.00	0.30	1520.00	593.00	0.39	1522.00
300	0.51	0.72	0.54	0.78	0.06	0.68	46.05	0.33	1525.00	587.00	0.38	1527.00
301	0.54	0.72	0.54	0.78	0.06	0.70	45.95	0.29	1519.00	581.00	0.38	1521.00
302	0.51	0.72	0.54	0.76	0.06	0.69	45.79	0.32	1544.00	605.00	0.39	1546.00
303	0.51	0.72	0.54	0.78	0.06	0.68	46.00	0.33	1529.00	608.00	0.40	1531.00
304	0.53	0.72	0.53	0.78	0.06	0.69	45.84	0.30	1525.00	583.00	0.38	1527.00
305	0.53	0.71	0.53	0.78	0.06	0.70	46.00	0.30	1512.00	580.00	0.38	1514.00
306	0.50	0.71	0.53	0.77	0.06	0.68	45.84	0.31	1524.00	592.00	0.39	1526.00
307	0.51	0.72	0.54	0.78	0.06	0.68	46.11	0.32	1516.00	592.00	0.39	1518.00
308	0.52	0.71	0.53	0.77	0.06	0.69	45.95	0.31	1548.00	587.00	0.38	1550.00
309	0.51	0.72	0.54	0.77	0.06	0.69	46.11	0.32	1519.00	597.00	0.39	1521.00
310	0.53	0.72	0.53	0.77	0.06	0.70	45.95	0.30	1552.00	585.00	0.38	1554.00
311	0.52	0.72	0.53	0.77	0.06	0.69	46.05	0.31	1558.00	593.00	0.38	1560.00
312	0.54	0.72	0.54	0.78	0.06	0.70	46.11	0.29	1514.00	579.00	0.38	1516.00
313	0.51	0.72	0.54	0.78	0.06	0.69	45.89	0.32	1536.00	596.00	0.39	1538.00
314	0.52	0.71	0.53	0.77	0.06	0.69	45.84	0.31	1550.00	594.00	0.38	1552.00
315	0.53	0.72	0.54	0.77	0.06	0.69	45.84	0.30	1538.00	598.00	0.39	1540.00
316	0.54	0.72	0.53	0.78	0.06	0.69	46.00	0.29	1535.00	587.00	0.38	1537.00
317	0.53	0.72	0.53	0.78	0.06	0.68	46.00	0.31	1511.00	589.00	0.39	1513.00
318	0.54	0.72	0.53	0.77	0.06	0.68	46.00	0.30	1518.00	591.00	0.39	1520.00
319	0.54	0.71	0.53	0.77	0.06	0.69	45.95	0.29	1509.00	585.00	0.39	1511.00
320	0.51	0.72	0.53	0.78	0.06	0.69	45.95	0.31	1537.00	580.00	0.38	1539.00
321	0.52	0.72	0.54	0.77	0.06	0.69	46.00	0.31	1541.00	590.00	0.38	1543.00
322	0.53	0.72	0.53	0.77	0.06	0.69	46.05	0.30	1550.00	592.00	0.38	1552.00
323	0.51	0.72	0.54	0.77	0.06	0.68	46.11	0.33	1539.00	604.00	0.39	1541.00
324	0.51	0.72	0.53	0.77	0.06	0.68	46.05	0.32	1550.00	596.00	0.38	1552.00
325	0.52	0.72	0.54	0.78	0.06	0.69	46.16	0.32	1534.00	590.00	0.38	1536.00
326	0.53	0.72	0.53	0.78	0.06	0.68	45.89	0.32	1527.00	592.00	0.39	1529.00
327	0.51	0.72	0.53	0.78	0.06	0.68	45.63	0.33	1512.00	602.00	0.40	1514.00
328	0.53	0.72	0.54	0.77	0.06	0.69	46.05	0.30	1520.00	590.00	0.39	1522.00
329	0.52	0.72	0.54	0.77	0.06	0.69	46.16	0.31	1535.00	583.00	0.38	1537.00
330	0.51	0.73	0.54	0.79	0.06	0.68	45.89	0.32	1499.00	602.00	0.40	1501.00
331	0.54	0.72	0.54	0.77	0.06	0.69	45.95	0.30	1534.00	594.00	0.39	1536.00
332	0.52	0.72	0.53	0.78	0.06	0.69	46.05	0.31	1509.00	601.00	0.40	1511.00
333	0.51	0.72	0.54	0.78	0.06	0.70	46.00	0.29	1542.00	576.00	0.37	1544.00
334	0.53	0.72	0.54	0.78	0.06	0.69	46.00	0.30	1524.00	588.00	0.39	1526.00
335	0.53	0.72	0.54	0.78	0.06	0.68	46.00	0.31	1526.00	589.00	0.39	1528.00
336	0.52	0.72	0.53	0.78	0.06	0.67	45.74	0.34	1510.00	607.00	0.40	1512.00
337	0.52	0.72	0.54	0.78	0.06	0.69	46.00	0.31	1511.00	591.00	0.39	1513.00
338	0.50	0.72	0.54	0.79	0.06	0.68	46.00	0.33	1494.00	599.00	0.40	1496.00
339	0.52	0.72	0.53	0.77	0.06	0.68	45.84	0.32	1539.00	598.00	0.39	1541.00
340	0.54	0.71	0.53	0.77	0.06	0.70	45.95	0.30	1527.00	575.00	0.38	1529.00
341	0.53	0.72	0.53	0.77	0.06	0.69	45.84	0.31	1548.00	598.00	0.39	1550.00
342	0.51	0.72	0.53	0.77	0.06	0.68	45.84	0.33	1537.00	607.00	0.39	1539.00
343	0.52	0.72	0.54	0.78	0.06	0.69	45.89	0.31	1522.00	594.00	0.39	1524.00
344	0.50	0.72	0.54	0.78	0.06	0.68	46.05	0.33	1492.00	597.00	0.40	1494.00
345	0.52	0.72	0.54	0.78	0.06	0.68	46.00	0.32	1509.00	593.00	0.39	1511.00
346	0.52	0.72	0.54	0.78	0.06	0.69	45.89	0.31	1545.00	588.00	0.38	1547.00
347	0.54	0.71	0.53	0.78	0.06	0.69	45.95	0.29	1513.00	580.00	0.38	1515.00
348	0.51	0.72	0.54	0.78	0.06	0.68	45.84	0.32	1524.00	599.00	0.39	1526.00
349	0.53	0.72	0.53	0.77	0.06	0.69	45.84	0.31	1532.00	592.00	0.39	1534.00
350	0.52	0.73	0.54	0.77	0.06	0.68	45.89	0.32	1522.00	606.00	0.40	1524.00
351	0.49	0.72	0.54	0.78	0.06	0.68	45.95	0.34	1513.00	600.00	0.40	1515.00
352	0.50	0.72	0.54	0.77	0.06	0.68	45.95	0.33	1523.00	607.00	0.40	1525.00
353	0.53	0.72	0.53	0.78	0.06	0.69	45.74	0.30	1516.00	580.00	0.38	1518.00
354	0.54	0.72	0.54	0.78	0.06	0.69	46.16	0.29	1510.00	586.00	0.39	1512.00
355	0.52	0.72	0.54	0.77	0.06	0.69	45.95	0.32	1536.00	598.00	0.39	1538.00
356	0.50	0.72	0.54	0.77	0.06	0.68	45.79	0.33	1523.00	597.00	0.39	1525.00
357	0.52	0.71	0.54	0.76	0.06	0.69	46.21	0.29	1526.00	587.00	0.38	1528.00
358	0.54	0.71	0.53	0.77	0.06	0.69	45.84	0.29	1529.00	583.00	0.38	1531.00
359	0.54	0.72	0.54	0.79	0.06	0.70	46.16	0.29	1526.00	576.00	0.38	1528.00
360	0.54	0.72	0.53	0.79	0.06	0.70	46.05	0.28	1505.00	577.00	0.38	1507.00
361	0.54	0.72	0.54	0.77	0.06	0.69	46.05	0.30	1540.00	595.00	0.39	1542.00
362	0.53	0.71	0.53	0.78	0.06	0.70	45.84	0.29	1529.00	577.00	0.38	1531.00
363	0.50	0.72	0.54	0.78	0.06	0.69	46.11	0.32	1546.00	596.00	0.39	1548.00
364	0.53	0.72	0.53	0.77	0.06	0.69	46.00	0.30	1518.00	592.00	0.39	1520.00
365	0.53	0.72	0.54	0.78	0.06	0.68	45.95	0.31	1483.00	594.00	0.40	1485.00
366	0.53	0.72	0.54	0.78	0.06	0.69	45.79	0.32	1523.00	584.00	0.38	1525.00
367	0.53	0.71	0.53	0.78	0.06	0.69	46.00	0.31	1540.00	586.00	0.38	1542.00
368	0.50	0.72	0.54	0.78	0.06	0.68	45.95	0.33	1506.00	590.00	0.39	1508.00
369	0.53	0.73	0.54	0.77	0.06	0.69	45.84	0.31	1537.00	594.00	0.39	1539.00
370	0.53	0.72	0.53	0.78	0.06	0.69	45.89	0.31	1540.00	593.00	0.39	1542.00
371	0.51	0.72	0.53	0.77	0.06	0.69	46.05	0.32	1539.00	596.00	0.39	1541.00
372	0.52	0.72	0.54	0.78	0.06	0.68	46.21	0.32	1509.00	594.00	0.39	1511.00
373	0.53	0.72	0.53	0.77	0.06	0.69	46.11	0.30	1545.00	593.00	0.38	1547.00
374	0.51	0.72	0.54	0.78	0.06	0.69	45.74	0.32	1528.00	591.00	0.39	1530.00
375	0.53	0.72	0.54	0.78	0.06	0.69	45.89	0.31	1497.00	587.00	0.39	1499.00
376	0.52	0.72	0.53	0.78	0.06	0.69	45.84	0.31	1523.00	591.00	0.39	1525.00
377	0.53	0.71	0.53	0.78	0.06	0.69	46.05	0.29	1535.00	581.00	0.38	1537.00
378	0.52	0.72	0.53	0.76	0.06	0.69	46.05	0.30	1553.00	589.00	0.38	1555.00
379	0.51	0.72	0.54	0.78	0.06	0.69	46.16	0.30	1529.00	589.00	0.39	1531.00
380	0.53	0.72	0.53	0.76	0.06	0.68	46.00	0.31	1534.00	604.00	0.39	1536.00
381	0.53	0.72	0.53	0.77	0.06	0.69	45.89	0.30	1522.00	588.00	0.39	1524.00
382	0.52	0.72	0.53	0.78	0.06	0.69	46.11	0.31	1517.00	588.00	0.39	1519.00
383	0.53	0.71	0.53	0.77	0.06	0.69	45.95	0.30	1543.00	581.00	0.38	1545.00
384	0.52	0.72	0.53	0.77	0.06	0.69	46.05	0.32	1514.00	584.00	0.39	1516.00
385	0.54	0.71	0.53	0.78	0.06	0.68	45.89	0.30	1495.00	586.00	0.39	1497.00
386	0.53	0.73	0.54	0.79	0.06	0.69	46.21	0.30	1513.00	591.00	0.39	1515.00
387	0.50	0.73	0.54	0.77	0.06	0.69	45.95	0.33	1533.00	596.00	0.39	1535.00
388	0.52	0.72	0.53	0.78	0.06	0.69	45.95	0.32	1523.00	592.00	0.39	1525.00
389	0.53	0.72	0.53	0.77	0.06	0.69	45.79	0.30	1530.00	597.00	0.39	1532.00
390	0.51	0.72	0.54	0.78	0.06	0.69	45.95	0.31	1547.00	578.00	0.37	1549.00
391	0.52	0.72	0.54	0.78	0.06	0.68	46.26	0.32	1529.00	599.00	0.39	1531.00
392	0.50	0.71	0.53	0.78	0.06	0.68	45.89	0.34	1523.00	603.00	0.40	1525.00
393	0.52	0.72	0.53	0.77	0.06	0.68	46.11	0.31	1547.00	595.00	0.38	1549.00
394	0.52	0.72	0.54	0.77	0.06	0.68	45.84	0.32	1532.00	600.00	0.39	1534.00
395	0.53	0.72	0.54	0.77	0.06	0.70	46.00	0.30	1552.00	586.00	0.38	1554.00
396	0.53	0.72	0.53	0.78	0.06	0.69	46.05	0.30	1523.00	583.00	0.38	1525.00
397	0.53	0.72	0.54	0.78	0.06	0.69	46.00	0.30	1517.00	584.00	0.38	1519.00
398	0.52	0.72	0.54	0.77	0.06	0.69	45.84	0.32	1534.00	605.00	0.39	1536.00
399	0.52	0.72	0.53	0.77	0.06	0.69	45.89	0.31	1540.00	590.00	0.38	1542.00
400	0.53	0.72	0.53	0.78	0.06	0.69	45.89	0.30	1520.00	582.00	0.38	1522.00
401	0.54	0.72	0.54	0.77	0.06	0.70	45.89	0.28	1544.00	579.00	0.38	1546.00
402	0.52	0.72	0.54	0.77	0.06	0.68	46.05	0.32	1537.00	599.00	0.39	1539.00
403	0.52	0.71	0.53	0.77	0.06	0.68	45.84	0.31	1534.00	584.00	0.38	1536.00
404	0.52	0.72	0.53	0.77	0.06	0.68	45.79	0.31	1523.00	592.00	0.39	1525.00
405	0.52	0.73	0.54	0.77	0.06	0.69	46.00	0.31	1513.00	600.00	0.40	1515.00
406	0.52	0.72	0.53	0.77	0.06	0.68	46.05	0.31	1540.00	595.00	0.39	1542.00
407	0.52	0.72	0.54	0.77	0.06	0.69	46.00	0.30	1538.00	584.00	0.38	1540.00
408	0.50	0.72	0.54	0.77	0.06	0.69	45.79	0.33	1538.00	595.00	0.39	1540.00
409	0.53	0.72	0.54	0.77	0.06	0.69	46.21	0.31	1539.00	591.00	0.38	1541.00
410	0.50	0.72	0.54	0.78	0.06	0.68	46.21	0.34	1511.00	599.00	0.40	1513.00
411	0.52	0.72	0.53	0.78	0.06	0.68	45.95	0.33	1509.00	605.00	0.40	1511.00
412	0.52	0.71	0.53	0.78	0.06	0.69	46.00	0.29	1509.00	584.00	0.39	1511.00
413	0.53	0.71	0.53	0.78	0.06	0.68	46.16	0.32	1515.00	595.00	0.39	1517.00
414	0.52	0.72	0.54	0.77	0.06	0.68	45.95	0.32	1534.00	593.00	0.39	1536.00
415	0.52	0.72	0.54	0.78	0.06	0.69	46.11	0.30	1545.00	590.00	0.38	1547.00
416	0.53	0.71	0.53	0.78	0.06	0.69	46.00	0.30	1516.00	595.00	0.39	1518.00
417	0.52	0.72	0.53	0.78	0.06	0.68	46.05	0.32	1510.00	596.00	0.39	1512.00
418	0.51	0.71	0.53	0.77	0.06	0.68	46.00	0.32	1527.00	595.00	0.39	1529.00
419	0.51	0.72	0.54	0.77	0.06	0.69	46.00	0.33	1533.00	596.00	0.39	1535.00
420	0.50	0.72	0.54	0.77	0.06	0.68	46.11	0.33	1534.00	598.00	0.39	1536.00
421	0.53	0.72	0.53	0.78	0.06	0.69	45.95	0.30	1510.00	594.00	0.39	1512.00
422	0.50	0.73	0.54	0.78	0.06	0.68	45.79	0.33	1518.00	605.00	0.40	1520.00
423	0.51	0.71	0.53	0.77	0.06	0.69	46.00	0.32	1536.00	583.00	0.38	1538.00
424	0.54	0.71	0.54	0.77	0.06	0.69	46.11	0.30	1538.00	593.00	0.39	1540.00
425	0.53	0.72	0.53	0.78	0.06	0.69	46.26	0.29	1513.00	591.00	0.39	1515.00
426	0.51	0.72	0.53	0.78	0.06	0.69	45.95	0.34	1535.00	593.00	0.39	1537.00
427	0.50	0.72	0.54	0.78	0.06	0.68	46.16	0.33	1530.00	608.00	0.40	1532.00
428	0.50	0.72	0.53	0.77	0.06	0.68	45.84	0.33	1520.00	602.00	0.40	1522.00
429	0.50	0.72	0.54	0.78	0.06	0.69	46.00	0.33	1508.00	589.00	0.39	1510.00
430	0.51	0.71	0.53	0.77	0.06	0.69	45.79	0.32	1525.00	588.00	0.39	1527.00
431	0.53	0.72	0.54	0.78	0.06	0.70	45.89	0.30	1528.00	586.00	0.38	1530.00
432	0.52	0.72	0.53	0.76	0.06	0.68	46.11	0.32	1530.00	604.00	0.39	1532.00
433	0.52	0.72	0.54	0.77	0.06	0.69	45.79	0.32	1551.00	598.00	0.39	1553.00
434	0.52	0.71	0.53	0.78	0.06	0.69	45.95	0.31	1552.00	585.00	0.38	1554.00
435	0.51	0.71	0.53	0.78	0.06	0.69	45.74	0.33	1531.00	585.00	0.38	1533.00
436	0.53	0.71	0.53	0.78	0.06	0.69	45.89	0.31	1511.00	593.00	0.39	1513.00
437	0.52	0.72	0.53	0.77	0.06	0.69	46.05	0.29	1528.00	578.00	0.38	1530.00
438	0.53	0.72	0.53	0.77	0.06	0.69	45.84	0.30	1509.00	588.00	0.39	1511.00
439	0.52	0.72	0.53	0.78	0.06	0.70	46.00	0.30	1547.00	582.00	0.38	1549.00
440	0.52	0.72	0.53	0.78	0.06	0.70	45.89	0.32	1526.00	580.00	0.38	1528.00
441	0.52	0.72	0.54	0.79	0.06	0.69	45.79	0.30	1490.00	590.00	0.40	1492.00
442	0.51	0.72	0.53	0.77	0.06	0.69	45.79	0.32	1536.00	583.00	0.38	1538.00
443	0.52	0.71	0.53	0.77	0.06	0.68	45.89	0.31	1505.00	596.00	0.40	1507.00
444	0.53	0.72	0.54	0.76	0.06	0.69	46.00	0.30	1534.00	598.00	0.39	1536.00
445	0.52	0.71	0.53	0.78	0.06	0.68	46.05	0.32	1508.00	590.00	0.39	1510.00
446	0.51	0.72	0.53	0.77	0.06	0.68	45.79	0.33	1543.00	594.00	0.38	1545.00
447	0.53	0.71	0.53	0.77	0.06	0.69	45.79	0.31	1553.00	587.00	0.38	1555.00
448	0.52	0.72	0.54	0.77	0.06	0.69	45.53	0.30	1554.00	584.00	0.38	1556.00
449	0.54	0.72	0.54	0.79	0.06	0.69	45.84	0.31	1502.00	585.00	0.39	1504.00
450	0.52	0.72	0.54	0.77	0.06	0.69	45.95	0.31	1523.00	594.00	0.39	1525.00
451	0.51	0.71	0.54	0.77	0.06	0.69	45.79	0.30	1517.00	589.00	0.39	1519.00
452	0.54	0.72	0.54	0.78	0.06	0.69	45.89	0.29	1524.00	584.00	0.38	1526.00
453	0.52	0.72	0.53	0.77	0.06	0.70	46.05	0.29	1549.00	581.00	0.38	1551.00
454	0.52	0.72	0.54	0.77	0.06	0.69	46.11	0.33	1547.00	599.00	0.39	1549.00
455	0.53	0.71	0.53	0.78	0.06	0.68	45.79	0.31	1511.00	593.00	0.39	1513.00
456	0.54	0.72	0.53	0.78	0.06	0.69	46.11	0.31	1523.00	588.00	0.39	1525.00
457	0.51	0.72	0.53	0.77	0.06	0.69	45.68	0.32	1532.00	589.00	0.38	1534.00
458	0.51	0.71	0.53	0.77	0.06	0.68	46.16	0.33	1531.00	605.00	0.40	1533.00
459	0.53	0.72	0.54	0.77	0.06	0.68	45.89	0.30	1513.00	596.00	0.39	1515.00
460	0.51	0.72	0.53	0.78	0.06	0.69	46.00	0.31	1540.00	589.00	0.38	1542.00
461	0.52	0.72	0.54	0.78	0.06	0.69	45.84	0.32	1518.00	592.00	0.39	1520.00
462	0.53	0.71	0.53	0.78	0.06	0.69	45.84	0.30	1500.00	587.00	0.39	1502.00
463	0.52	0.72	0.54	0.78	0.06	0.70	46.05	0.30	1527.00	579.00	0.38	1529.00
464	0.51	0.72	0.54	0.77	0.06	0.69	46.21	0.33	1552.00	599.00	0.39	1554.00
465	0.50	0.72	0.54	0.78	0.06	0.69	45.84	0.32	1528.00	588.00	0.38	1530.00
466	0.53	0.71	0.53	0.77	0.06	0.69	45.95	0.29	1531.00	588.00	0.38	1533.00
467	0.53	0.72	0.53	0.78	0.06	0.69	46.21	0.30	1516.00	590.00	0.39	1518.00
468	0.52	0.71	0.53	0.77	0.06	0.70	46.00	0.29	1556.00	584.00	0.38	1558.00
469	0.52	0.71	0.53	0.77	0.06	0.70	45.89	0.31	1543.00	581.00	0.38	1545.00
470	0.54	0.71	0.53	0.77	0.06	0.69	45.58	0.30	1526.00	584.00	0.38	1528.00
471	0.52	0.71	0.53	0.77	0.06	0.69	45.89	0.31	1526.00	585.00	0.38	1528.00
472	0.52	0.73	0.54	0.77	0.06	0.68	46.26	0.32	1522.00	601.00	0.39	1524.00
473	0.53	0.72	0.54	0.77	0.06	0.69	45.95	0.31	1523.00	594.00	0.39	1525.00
474	0.52	0.72	0.54	0.78	0.06	0.70	46.05	0.32	1512.00	587.00	0.39	1514.00
475	0.53	0.72	0.54	0.78	0.06	0.69	45.95	0.30	1511.00	596.00	0.39	1513.00
476	0.51	0.72	0.54	0.76	0.06	0.68	45.79	0.33	1555.00	599.00	0.39	1557.00
477	0.51	0.72	0.53	0.78	0.06	0.69	45.95	0.32	1524.00	591.00	0.39	1526.00
478	0.52	0.71	0.53	0.77	0.06	0.68	45.95	0.32	1515.00	595.00	0.39	1517.00
479	0.52	0.71	0.53	0.78	0.06	0.69	45.68	0.31	1522.00	586.00	0.39	1524.00
480	0.52	0.71	0.53	0.77	0.06	0.69	45.95	0.29	1527.00	575.00	0.38	1529.00
481	0.51	0.72	0.54	0.79	0.06	0.68	46.21	0.34	1502.00	601.00	0.40	1504.00
482	0.51	0.72	0.54	0.78	0.06	0.68	46.11	0.32	1517.00	595.00	0.39	1519.00
483	0.54	0.72	0.54	0.78	0.06	0.69	46.00	0.30	1509.00	591.00	0.39	1511.00
484	0.50	0.71	0.53	0.78	0.06	0.68	45.68	0.33	1491.00	596.00	0.40	1493.00
485	0.52	0.72	0.54	0.76	0.06	0.68	46.05	0.31	1559.00	606.00	0.39	1561.00
486	0.53	0.72	0.54	0.77	0.06	0.69	46.16	0.30	1541.00	594.00	0.39	1543.00
487	0.50	0.71	0.53	0.77	0.06	0.69	46.05	0.31	1531.00	589.00	0.38	1533.00
488	0.53	0.72	0.53	0.78	0.06	0.70	46.16	0.29	1524.00	571.00	0.37	1526.00
489	0.52	0.72	0.54	0.78	0.06	0.69	45.68	0.32	1536.00	592.00	0.39	1538.00
490	0.52	0.72	0.53	0.77	0.06	0.68	45.84	0.32	1523.00	604.00	0.40	1525.00
491	0.51	0.72	0.54	0.78	0.06	0.68	46.21	0.33	1523.00	600.00	0.39	1525.00
492	0.51	0.72	0.53	0.77	0.06	0.68	45.74	0.32	1564.00	597.00	0.38	1566.00
493	0.54	0.72	0.53	0.78	0.06	0.69	46.00	0.29	1509.00	585.00	0.39	1511.00
494	0.53	0.71	0.53	0.77	0.06	0.69	45.84	0.30	1532.00	588.00	0.38	1534.00
495	0.51	0.72	0.53	0.77	0.06	0.68	45.84	0.33	1547.00	595.00	0.38	1549.00
496	0.52	0.72	0.54	0.77	0.06	0.69	45.89	0.32	1530.00	593.00	0.39	1532.00
497	0.51	0.72	0.53	0.77	0.06	0.68	45.84	0.32	1517.00	597.00	0.39	1519.00
498	0.53	0.72	0.54	0.78	0.06	0.69	45.89	0.31	1496.00	593.00	0.40	1498.00
499	0.50	0.72	0.53	0.78	0.06	0.67	46.11	0.32	1514.00	602.00	0.40	1516.00
500	0.54	0.71	0.53	0.78	0.06	0.69	45.89	0.30	1483.00	585.00	0.39	1485.00
501	0.53	0.71	0.53	0.78	0.06	0.69	46.26	0.31	1498.00	586.00	0.39	1500.00
502	0.52	0.72	0.54	0.78	0.06	0.69	46.00	0.30	1514.00	597.00	0.39	1516.00
503	0.50	0.73	0.54	0.77	0.06	0.68	46.05	0.34	1518.00	612.00	0.40	1520.00
504	0.54	0.72	0.54	0.78	0.06	0.70	45.84	0.29	1517.00	584.00	0.38	1519.00
505	0.52	0.72	0.54	0.77	0.06	0.68	46.05	0.32	1523.00	601.00	0.39	1525.00
506	0.53	0.72	0.53	0.78	0.06	0.69	46.16	0.31	1514.00	593.00	0.39	1516.00
507	0.51	0.72	0.54	0.78	0.06	0.68	45.84	0.32	1526.00	596.00	0.39	1528.00
508	0.52	0.72	0.53	0.78	0.06	0.68	45.84	0.33	1490.00	586.00	0.39	1492.00
509	0.52	0.72	0.53	0.77	0.06	0.69	46.21	0.29	1523.00	592.00	0.39	1525.00
510	0.54	0.72	0.53	0.76	0.06	0.69	45.95	0.30	1524.00	588.00	0.39	1526.00
511	0.51	0.72	0.54	0.78	0.06	0.68	46.00	0.33	1536.00	597.00	0.39	1538.00
512	0.53	0.71	0.54	0.78	0.06	0.70	45.84	0.29	1533.00	582.00	0.38	1535.00
513	0.51	0.72	0.54	0.78	0.06	0.69	45.89	0.32	1514.00	590.00	0.39	1516.00
514	0.52	0.72	0.54	0.78	0.06	0.68	46.00	0.32	1513.00	606.00	0.40	1515.00
515	0.53	0.72	0.54	0.77	0.06	0.69	46.32	0.30	1518.00	590.00	0.39	1520.00
516	0.52	0.72	0.54	0.77	0.06	0.69	45.79	0.31	1549.00	601.00	0.39	1551.00
517	0.52	0.72	0.54	0.78	0.06	0.69	45.79	0.31	1521.00	583.00	0.38	1523.00
518	0.51	0.72	0.54	0.77	0.06	0.68	46.11	0.32	1538.00	594.00	0.39	1540.00
519	0.52	0.72	0.54	0.77	0.06	0.70	46.00	0.30	1535.00	595.00	0.39	1537.00
520	0.51	0.72	0.53	0.77	0.06	0.68	46.00	0.31	1534.00	595.00	0.39	1536.00
521	0.53	0.72	0.54	0.78	0.06	0.69	46.11	0.30	1504.00	592.00	0.39	1506.00
522	0.53	0.72	0.54	0.78	0.06	0.69	46.05	0.30	1518.00	589.00	0.39	1520.00
523	0.54	0.72	0.54	0.77	0.06	0.69	45.89	0.30	1517.00	590.00	0.39	1519.00
524	0.53	0.72	0.54	0.77	0.06	0.69	45.68	0.31	1542.00	592.00	0.38	1544.00
525	0.54	0.72	0.54	0.78	0.06	0.69	46.05	0.29	1506.00	589.00	0.39	1508.00
526	0.49	0.72	0.53	0.77	0.06	0.67	46.16	0.34	1511.00	609.00	0.40	1513.00
527	0.54	0.72	0.54	0.78	0.06	0.68	45.84	0.31	1517.00	599.00	0.39	1519.00
528	0.52	0.72	0.54	0.77	0.06	0.68	46.05	0.32	1520.00	607.00	0.40	1522.00
529	0.53	0.72	0.53	0.78	0.06	0.68	45.68	0.31	1513.00	595.00	0.39	1515.00
530	0.51	0.71	0.53	0.77	0.06	0.68	46.21	0.33	1508.00	598.00	0.40	1510.00
531	0.51	0.72	0.53	0.77	0.06	0.69	46.05	0.32	1551.00	591.00	0.38	1553.00
532	0.51	0.72	0.54	0.78	0.06	0.68	45.95	0.33	1516.00	599.00	0.40	1518.00
533	0.51	0.72	0.54	0.78	0.06	0.68	45.89	0.33	1509.00	597.00	0.40	1511.00
534	0.53	0.71	0.53	0.77	0.06	0.69	45.58	0.29	1509.00	578.00	0.38	1511.00
535	0.51	0.72	0.53	0.78	0.06	0.69	45.95	0.33	1535.00	590.00	0.38	1537.00
536	0.51	0.72	0.54	0.77	0.06	0.68	45.79	0.33	1534.00	600.00	0.39	1536.00
537	0.49	0.72	0.54	0.77	0.06	0.68	45.89	0.33	1505.00	604.00	0.40	1507.00
538	0.52	0.72	0.54	0.78	0.06	0.68	46.00	0.33	1517.00	603.00	0.40	1519.00
539	0.52	0.72	0.53	0.78	0.06	0.69	45.95	0.31	1537.00	585.00	0.38	1539.00
540	0.55	0.72	0.53	0.76	0.06	0.70	46.32	0.28	1546.00	587.00	0.38	1548.00
541	0.52	0.72	0.53	0.76	0.06	0.69	45.68	0.31	1528.00	590.00	0.39	1530.00
542	0.53	0.71	0.53	0.77	0.06	0.69	46.00	0.30	1518.00	585.00	0.39	1520.00
543	0.52	0.73	0.54	0.77	0.06	0.69	45.84	0.31	1553.00	587.00	0.38	1555.00
544	0.51	0.73	0.54	0.78	0.06	0.69	46.11	0.33	1536.00	599.00	0.39	1538.00
545	0.54	0.71	0.53	0.76	0.06	0.69	45.89	0.30	1541.00	595.00	0.39	1543.00
546	0.53	0.72	0.53	0.78	0.06	0.70	46.00	0.30	1521.00	582.00	0.38	1523.00
547	0.52	0.72	0.53	0.77	0.06	0.69	45.89	0.31	1523.00	587.00	0.39	1525.00
548	0.52	0.72	0.53	0.76	0.06	0.69	45.74	0.32	1538.00	597.00	0.39	1540.00
549	0.52	0.72	0.54	0.77	0.06	0.69	45.84	0.31	1531.00	583.00	0.38	1533.00
550	0.53	0.71	0.53	0.78	0.06	0.69	45.84	0.29	1526.00	576.00	0.38	1528.00
551	0.55	0.72	0.54	0.77	0.06	0.69	45.68	0.29	1523.00	587.00	0.39	1525.00
552	0.52	0.72	0.54	0.77	0.06	0.69	46.00	0.30	1547.00	589.00	0.38	1549.00
553	0.52	0.72	0.54	0.78	0.06	0.69	46.00	0.31	1514.00	590.00	0.39	1516.00
554	0.52	0.72	0.54	0.77	0.06	0.69	45.89	0.31	1523.00	585.00	0.38	1525.00
555	0.51	0.72	0.54	0.78	0.06	0.69	46.16	0.32	1518.00	598.00	0.39	1520.00
556	0.55	0.71	0.53	0.77	0.06	0.69	46.05	0.28	1537.00	571.00	0.37	1539.00
557	0.51	0.72	0.53	0.77	0.06	0.69	45.95	0.31	1514.00	591.00	0.39	1516.00
558	0.54	0.72	0.53	0.78	0.06	0.70	45.95	0.29	1509.00	580.00	0.38	1511.00
559	0.52	0.72	0.53	0.77	0.06	0.69	45.79	0.30	1525.00	584.00	0.38	1527.00
560	0.52	0.72	0.53	0.77	0.06	0.69	46.05	0.31	1532.00	605.00	0.39	1534.00
561	0.53	0.72	0.53	0.77	0.06	0.68	46.37	0.31	1537.00	603.00	0.39	1539.00
562	0.54	0.72	0.54	0.78	0.06	0.70	46.00	0.28	1505.00	579.00	0.38	1507.00
563	0.51	0.73	0.54	0.77	0.06	0.68	45.74	0.33	1519.00	599.00	0.39	1521.00
564	0.53	0.72	0.53	0.78	0.06	0.67	45.84	0.31	1484.00	606.00	0.41	1486.00
565	0.54	0.72	0.54	0.78	0.06	0.69	45.84	0.29	1537.00	585.00	0.38	1539.00
566	0.52	0.72	0.54	0.78	0.06	0.68	45.84	0.31	1521.00	596.00	0.39	1523.00
567	0.50	0.72	0.53	0.78	0.06	0.67	45.84	0.32	1506.00	597.00	0.40	1508.00
568	0.51	0.72	0.54	0.77	0.06	0.68	45.89	0.31	1516.00	595.00	0.39	1518.00
569	0.53	0.72	0.53	0.77	0.06	0.69	46.00	0.30	1523.00	584.00	0.38	1525.00
570	0.51	0.72	0.54	0.79	0.06	0.69	45.95	0.31	1502.00	593.00	0.39	1504.00
571	0.52	0.72	0.54	0.78	0.06	0.68	45.74	0.33	1532.00	597.00	0.39	1534.00
572	0.51	0.72	0.54	0.78	0.06	0.67	45.95	0.33	1506.00	604.00	0.40	1508.00
573	0.54	0.72	0.53	0.78	0.06	0.69	46.21	0.29	1509.00	585.00	0.39	1511.00
574	0.53	0.71	0.53	0.78	0.06	0.69	46.11	0.30	1511.00	582.00	0.39	1513.00
575	0.53	0.71	0.53	0.77	0.06	0.69	45.84	0.30	1538.00	584.00	0.38	1540.00
576	0.53	0.72	0.53	0.77	0.06	0.69	46.11	0.32	1527.00	599.00	0.39	1529.00
577	0.53	0.72	0.53	0.77	0.06	0.70	45.79	0.29	1544.00	588.00	0.38	1546.00
578	0.53	0.72	0.54	0.77	0.06	0.69	46.16	0.29	1554.00	592.00	0.38	1556.00
579	0.51	0.71	0.54	0.77	0.06	0.69	46.00	0.31	1509.00	584.00	0.39	1511.00
580	0.52	0.72	0.53	0.77	0.06	0.68	45.84	0.31	1516.00	601.00	0.40	1518.00
581	0.52	0.72	0.53	0.77	0.06	0.68	45.84	0.32	1547.00	599.00	0.39	1549.00
582	0.52	0.72	0.54	0.78	0.06	0.69	45.95	0.31	1537.00	589.00	0.38	1539.00
583	0.52	0.72	0.54	0.78	0.06	0.68	45.63	0.32	1505.00	594.00	0.39	1507.00
584	0.53	0.72	0.54	0.78	0.06	0.70	46.11	0.30	1542.00	589.00	0.38	1544.00
585	0.53	0.71	0.53	0.77	0.06	0.70	45.95	0.28	1528.00	569.00	0.37	1530.00
586	0.52	0.72	0.54	0.78	0.06	0.68	46.05	0.31	1538.00	595.00	0.39	1540.00
587	0.52	0.72	0.54	0.77	0.06	0.68	46.21	0.33	1523.00	605.00	0.40	1525.00
588	0.51	0.72	0.54	0.78	0.06	0.68	45.95	0.32	1529.00	606.00	0.40	1531.00
589	0.52	0.72	0.54	0.76	0.06	0.69	46.05	0.31	1563.00	599.00	0.38	1565.00
590	0.52	0.71	0.53	0.77	0.06	0.69	45.84	0.30	1522.00	584.00	0.38	1524.00
591	0.53	0.72	0.53	0.77	0.06	0.69	45.79	0.31	1532.00	599.00	0.39	1534.00
592	0.50	0.71	0.53	0.77	0.06	0.69	46.00	0.31	1523.00	586.00	0.38	1525.00
593	0.51	0.72	0.53	0.78	0.06	0.68	46.21	0.31	1545.00	598.00	0.39	1547.00
594	0.53	0.72	0.54	0.77	0.06	0.69	45.89	0.31	1529.00	598.00	0.39	1531.00
595	0.53	0.72	0.54	0.78	0.06	0.69	46.00	0.31	1514.00	591.00	0.39	1516.00
596	0.52	0.72	0.53	0.78	0.06	0.69	46.11	0.31	1497.00	585.00	0.39	1499.00
597	0.53	0.72	0.54	0.77	0.06	0.69	46.00	0.29	1559.00	593.00	0.38	1561.00
598	0.52	0.72	0.53	0.77	0.06	0.69	46.11	0.31	1526.00	590.00	0.39	1528.00
599	0.53	0.72	0.53	0.78	0.06	0.69	45.95	0.31	1511.00	579.00	0.38	1513.00
600	0.51	0.72	0.54	0.78	0.06	0.68	45.79	0.32	1527.00	596.00	0.39	1529.00
601	0.53	0.72	0.53	0.78	0.06	0.69	45.95	0.29	1500.00	583.00	0.39	1502.00
602	0.52	0.71	0.53	0.78	0.06	0.69	45.89	0.31	1525.00	584.00	0.38	1527.00
603	0.52	0.72	0.54	0.77	0.06	0.69	46.11	0.30	1540.00	590.00	0.38	1542.00
604	0.51	0.72	0.54	0.78	0.06	0.68	46.11	0.33	1516.00	603.00	0.40	1518.00
605	0.49	0.72	0.53	0.78	0.06	0.68	45.89	0.33	1537.00	599.00	0.39	1539.00
606	0.52	0.72	0.54	0.78	0.06	0.69	45.84	0.30	1515.00	581.00	0.38	1517.00
607	0.54	0.72	0.53	0.77	0.06	0.69	45.84	0.29	1532.00	586.00	0.38	1534.00
608	0.51	0.71	0.53	0.77	0.06	0.68	45.95	0.31	1525.00	599.00	0.39	1527.00
609	0.53	0.72	0.53	0.78	0.06	0.69	45.89	0.29	1504.00	585.00	0.39	1506.00
610	0.52	0.73	0.54	0.78	0.06	0.69	46.00	0.31	1514.00	588.00	0.39	1516.00
611	0.49	0.72	0.54	0.77	0.06	0.67	46.00	0.35	1524.00	607.00	0.40	1526.00
612	0.54	0.71	0.53	0.77	0.06	0.70	45.89	0.29	1536.00	584.00	0.38	1538.00
613	0.54	0.72	0.53	0.77	0.06	0.69	46.11	0.30	1535.00	590.00	0.38	1537.00
614	0.50	0.72	0.53	0.78	0.06	0.68	45.79	0.33	1514.00	592.00	0.39	1516.00
615	0.51	0.71	0.53	0.76	0.06	0.68	45.68	0.32	1548.00	604.00	0.39	1550.00
616	0.52	0.72	0.53	0.78	0.06	0.69	45.84	0.31	1532.00	584.00	0.38	1534.00
617	0.54	0.71	0.53	0.78	0.06	0.70	45.95	0.29	1552.00	581.00	0.37	1554.00
618	0.53	0.72	0.54	0.78	0.06	0.68	46.00	0.31	1529.00	602.00	0.39	1531.00
619	0.51	0.72	0.54	0.77	0.06	0.68	46.16	0.32	1505.00	601.00	0.40	1507.00
620	0.53	0.72	0.53	0.77	0.06	0.69	45.74	0.30	1513.00	587.00	0.39	1515.00
621	0.50	0.72	0.54	0.77	0.06	0.69	45.79	0.33	1527.00	595.00	0.39	1529.00
622	0.52	0.72	0.54	0.77	0.06	0.68	45.95	0.31	1527.00	596.00	0.39	1529.00
623	0.53	0.72	0.53	0.77	0.06	0.69	46.26	0.31	1543.00	591.00	0.38	1545.00
624	0.50	0.72	0.53	0.77	0.06	0.68	46.05	0.33	1533.00	600.00	0.39	1535.00
625	0.53	0.71	0.53	0.77	0.06	0.69	46.00	0.30	1542.00	586.00	0.38	1544.00
626	0.54	0.72	0.54	0.77	0.06	0.69	45.89	0.29	1511.00	586.00	0.39	1513.00
627	0.51	0.72	0.53	0.78	0.06	0.68	46.21	0.33	1523.00	602.00	0.40	1525.00
628	0.53	0.71	0.53	0.78	0.06	0.70	46.00	0.28	1511.00	565.00	0.37	1513.00
629	0.52	0.72	0.54	0.77	0.06	0.69	45.74	0.30	1529.00	591.00	0.39	1531.00
630	0.52	0.71	0.53	0.78	0.06	0.68	46.00	0.32	1510.00	591.00	0.39	1512.00
631	0.53	0.72	0.53	0.77	0.06	0.69	46.00	0.30	1536.00	586.00	0.38	1538.00
632	0.49	0.72	0.54	0.78	0.06	0.68	45.84	0.34	1510.00	600.00	0.40	1512.00
633	0.53	0.72	0.53	0.78	0.06	0.69	45.84	0.32	1534.00	593.00	0.39	1536.00
634	0.53	0.72	0.54	0.78	0.06	0.69	46.05	0.31	1510.00	592.00	0.39	1512.00
635	0.51	0.72	0.53	0.77	0.06	0.69	45.79	0.31	1543.00	597.00	0.39	1545.00
636	0.53	0.71	0.53	0.78	0.06	0.69	45.79	0.31	1524.00	588.00	0.39	1526.00
637	0.52	0.72	0.54	0.78	0.06	0.69	46.05	0.32	1514.00	587.00	0.39	1516.00
638	0.53	0.72	0.54	0.77	0.06	0.69	45.68	0.30	1550.00	591.00	0.38	1552.00
639	0.53	0.72	0.53	0.77	0.06	0.69	46.05	0.30	1525.00	593.00	0.39	1527.00
640	0.54	0.72	0.53	0.77	0.06	0.69	45.79	0.31	1524.00	598.00	0.39	1526.00
641	0.51	0.72	0.53	0.77	0.06	0.69	45.74	0.32	1541.00	589.00	0.38	1543.00
642	0.52	0.72	0.53	0.77	0.06	0.68	46.00	0.33	1541.00	599.00	0.39	1543.00
643	0.53	0.73	0.54	0.78	0.06	0.69	46.21	0.30	1507.00	596.00	0.40	1509.00
644	0.51	0.71	0.53	0.78	0.06	0.69	45.89	0.32	1539.00	597.00	0.39	1541.00
645	0.53	0.72	0.53	0.78	0.06	0.69	46.05	0.31	1517.00	593.00	0.39	1519.00
646	0.51	0.72	0.53	0.77	0.06	0.68	46.16	0.32	1547.00	594.00	0.38	1549.00
647	0.51	0.72	0.53	0.77	0.06	0.69	46.16	0.31	1535.00	594.00	0.39	1537.00
648	0.55	0.72	0.53	0.77	0.06	0.70	45.84	0.29	1511.00	584.00	0.39	1513.00
649	0.50	0.72	0.54	0.78	0.06	0.68	45.63	0.33	1530.00	600.00	0.39	1532.00
650	0.52	0.72	0.54	0.78	0.06	0.69	45.95	0.30	1516.00	578.00	0.38	1518.00
651	0.51	0.71	0.53	0.77	0.06	0.67	45.89	0.34	1504.00	606.00	0.40	1506.00
652	0.52	0.72	0.53	0.78	0.06	0.69	45.95	0.30	1535.00	590.00	0.38	1537.00
653	0.50	0.72	0.54	0.78	0.06	0.68	45.89	0.34	1492.00	596.00	0.40	1494.00
654	0.54	0.72	0.54	0.78	0.06	0.69	45.63	0.30	1512.00	581.00	0.38	1514.00
655	0.54	0.71	0.53	0.78	0.06	0.69	45.89	0.31	1533.00	584.00	0.38	1535.00
656	0.54	0.72	0.53	0.77	0.06	0.69	45.84	0.30	1522.00	599.00	0.39	1524.00
657	0.52	0.72	0.53	0.77	0.06	0.69	46.11	0.32	1532.00	602.00	0.39	1534.00
658	0.53	0.72	0.53	0.77	0.06	0.69	45.84	0.29	1518.00	595.00	0.39	1520.00
659	0.53	0.72	0.53	0.78	0.06	0.69	46.00	0.31	1509.00	588.00	0.39	1511.00
660	0.52	0.72	0.53	0.76	0.06	0.68	45.89	0.32	1555.00	596.00	0.38	1557.00
661	0.53	0.72	0.53	0.77	0.06	0.69	46.11	0.31	1522.00	594.00	0.39	1524.00
662	0.51	0.72	0.53	0.77	0.06	0.68	46.05	0.32	1513.00	596.00	0.39	1515.00
663	0.53	0.72	0.54	0.78	0.06	0.69	46.11	0.31	1509.00	584.00	0.39	1511.00
664	0.53	0.71	0.53	0.77	0.06	0.68	46.11	0.31	1526.00	599.00	0.39	1528.00
665	0.53	0.71	0.54	0.78	0.06	0.68	45.89	0.30	1520.00	583.00	0.38	1522.00
666	0.52	0.72	0.54	0.78	0.06	0.69	45.79	0.32	1537.00	596.00	0.39	1539.00
667	0.52	0.72	0.54	0.78	0.06	0.69	46.05	0.31	1506.00	588.00	0.39	1508.00
668	0.51	0.71	0.53	0.77	0.06	0.69	45.74	0.32	1515.00	588.00	0.39	1517.00
669	0.51	0.73	0.54	0.78	0.06	0.69	45.79	0.32	1523.00	592.00	0.39	1525.00
670	0.53	0.72	0.53	0.78	0.06	0.68	46.05	0.31	1508.00	596.00	0.40	1510.00
671	0.55	0.72	0.53	0.78	0.06	0.69	46.00	0.28	1524.00	583.00	0.38	1526.00
672	0.51	0.72	0.54	0.77	0.06	0.68	45.79	0.32	1521.00	590.00	0.39	1523.00
673	0.52	0.72	0.53	0.77	0.06	0.69	46.00	0.31	1545.00	591.00	0.38	1547.00
674	0.52	0.72	0.53	0.77	0.06	0.68	46.00	0.31	1538.00	603.00	0.39	1540.00
675	0.53	0.73	0.54	0.77	0.06	0.69	45.95	0.32	1519.00	594.00	0.39	1521.00
676	0.51	0.72	0.53	0.77	0.06	0.68	46.05	0.33	1515.00	599.00	0.40	1517.00
677	0.53	0.72	0.54	0.78	0.06	0.69	45.84	0.30	1496.00	586.00	0.39	1498.00
678	0.53	0.71	0.53	0.78	0.06	0.70	45.74	0.30	1517.00	569.00	0.38	1519.00
679	0.52	0.72	0.53	0.77	0.06	0.69	45.84	0.31	1540.00	591.00	0.38	1542.00
680	0.54	0.72	0.54	0.77	0.06	0.69	46.11	0.30	1528.00	596.00	0.39	1530.00
681	0.54	0.72	0.54	0.77	0.06	0.69	45.95	0.29	1540.00	587.00	0.38	1542.00
682	0.53	0.72	0.53	0.77	0.06	0.69	45.84	0.30	1536.00	592.00	0.39	1538.00
683	0.53	0.72	0.54	0.77	0.06	0.69	45.79	0.31	1555.00	600.00	0.39	1557.00
684	0.53	0.72	0.53	0.78	0.06	0.69	45.89	0.30	1539.00	587.00	0.38	1541.00
685	0.52	0.71	0.53	0.78	0.06	0.69	45.63	0.31	1513.00	582.00	0.38	1515.00
686	0.53	0.72	0.54	0.77	0.06	0.69	45.68	0.31	1519.00	596.00	0.39	1521.00
687	0.53	0.71	0.54	0.78	0.06	0.69	46.05	0.31	1525.00	586.00	0.38	1527.00
688	0.52	0.72	0.53	0.78	0.06	0.70	46.05	0.31	1529.00	584.00	0.38	1531.00
689	0.52	0.72	0.53	0.77	0.06	0.69	46.11	0.31	1523.00	591.00	0.39	1525.00
690	0.50	0.72	0.53	0.77	0.06	0.68	45.95	0.32	1532.00	589.00	0.38	1534.00
691	0.55	0.72	0.54	0.77	0.06	0.70	45.63	0.29	1545.00	582.00	0.38	1547.00
692	0.51	0.72	0.53	0.78	0.06	0.68	45.95	0.32	1497.00	599.00	0.40	1499.00
693	0.52	0.72	0.54	0.77	0.06	0.69	46.11	0.32	1524.00	597.00	0.39	1526.00
694	0.50	0.72	0.54	0.79	0.06	0.68	46.05	0.33	1499.00	599.00	0.40	1501.00
695	0.53	0.72	0.54	0.76	0.06	0.68	46.00	0.32	1513.00	599.00	0.40	1515.00
696	0.51	0.72	0.54	0.78	0.06	0.68	46.21	0.32	1510.00	601.00	0.40	1512.00
697	0.52	0.72	0.53	0.77	0.06	0.69	46.00	0.31	1526.00	588.00	0.39	1528.00
698	0.54	0.72	0.53	0.77	0.06	0.69	45.95	0.30	1546.00	591.00	0.38	1548.00
699	0.53	0.71	0.53	0.78	0.06	0.71	46.05	0.28	1552.00	572.00	0.37	1554.00
700	0.54	0.72	0.54	0.77	0.06	0.69	45.89	0.30	1526.00	595.00	0.39	1528.00
701	0.53	0.73	0.54	0.78	0.06	0.69	46.00	0.31	1535.00	592.00	0.39	1537.00
702	0.52	0.72	0.53	0.78	0.06	0.69	45.79	0.30	1518.00	591.00	0.39	1520.00
703	0.53	0.73	0.54	0.77	0.06	0.69	46.00	0.29	1537.00	587.00	0.38	1539.00
704	0.50	0.72	0.54	0.78	0.06	0.68	46.16	0.34	1519.00	606.00	0.40	1521.00
705	0.51	0.72	0.53	0.78	0.06	0.68	45.95	0.32	1523.00	597.00	0.39	1525.00
706	0.54	0.73	0.54	0.77	0.06	0.69	46.05	0.29	1541.00	600.00	0.39	1543.00
707	0.53	0.72	0.54	0.78	0.06	0.69	45.95	0.31	1536.00	586.00	0.38	1538.00
708	0.50	0.72	0.54	0.78	0.06	0.68	45.89	0.33	1515.00	605.00	0.40	1517.00
709	0.53	0.72	0.54	0.77	0.06	0.69	45.89	0.31	1529.00	594.00	0.39	1531.00
710	0.52	0.72	0.53	0.78	0.06	0.70	45.89	0.30	1532.00	579.00	0.38	1534.00
711	0.51	0.72	0.53	0.78	0.06	0.68	45.84	0.32	1506.00	595.00	0.40	1508.00
712	0.54	0.72	0.53	0.77	0.06	0.69	45.89	0.29	1521.00	592.00	0.39	1523.00
713	0.51	0.72	0.54	0.77	0.06	0.68	45.79	0.33	1514.00	600.00	0.40	1516.00
714	0.52	0.72	0.54	0.78	0.06	0.69	45.95	0.32	1520.00	591.00	0.39	1522.00
715	0.51	0.72	0.54	0.78	0.06	0.67	46.00	0.34	1506.00	600.00	0.40	1508.00
716	0.50	0.72	0.53	0.77	0.06	0.68	46.11	0.34	1538.00	606.00	0.39	1540.00
717	0.55	0.72	0.53	0.78	0.06	0.70	46.16	0.29	1518.00	579.00	0.38	1520.00
718	0.52	0.72	0.53	0.78	0.06	0.68	45.95	0.31	1505.00	592.00	0.39	1507.00
719	0.52	0.72	0.54	0.78	0.06	0.69	46.00	0.32	1514.00	596.00	0.39	1516.00
720	0.51	0.72	0.54	0.77	0.06	0.69	45.89	0.31	1546.00	597.00	0.39	1548.00
721	0.52	0.72	0.53	0.78	0.06	0.69	46.21	0.30	1546.00	581.00	0.38	1548.00
722	0.51	0.72	0.53	0.77	0.06	0.69	45.89	0.30	1527.00	587.00	0.38	1529.00
723	0.51	0.72	0.53	0.78	0.06	0.69	45.89	0.31	1507.00	585.00	0.39	1509.00
724	0.54	0.72	0.53	0.77	0.06	0.69	46.16	0.30	1523.00	583.00	0.38	1525.00
725	0.52	0.72	0.53	0.77	0.06	0.69	46.16	0.33	1551.00	600.00	0.39	1553.00
726	0.51	0.72	0.54	0.77	0.06	0.68	46.11	0.33	1544.00	604.00	0.39	1546.00
727	0.53	0.72	0.54	0.78	0.06	0.69	45.89	0.32	1529.00	594.00	0.39	1531.00
728	0.53	0.71	0.53	0.78	0.06	0.69	46.11	0.30	1504.00	584.00	0.39	1506.00
729	0.52	0.71	0.53	0.77	0.06	0.68	45.84	0.31	1512.00	590.00	0.39	1514.00
730	0.52	0.72	0.53	0.77	0.06	0.68	45.84	0.33	1526.00	603.00	0.40	1528.00
731	0.52	0.72	0.54	0.78	0.06	0.69	45.84	0.31	1525.00	587.00	0.38	1527.00
732	0.53	0.72	0.53	0.78	0.06	0.70	45.95	0.30	1533.00	585.00	0.38	1535.00
733	0.54	0.72	0.53	0.77	0.06	0.70	45.89	0.29	1547.00	584.00	0.38	1549.00
734	0.52	0.72	0.53	0.77	0.06	0.69	45.95	0.32	1526.00	595.00	0.39	1528.00
735	0.50	0.72	0.54	0.78	0.06	0.68	46.11	0.34	1515.00	604.00	0.40	1517.00
736	0.51	0.72	0.53	0.78	0.06	0.68	46.11	0.33	1513.00	594.00	0.39	1515.00
737	0.52	0.72	0.53	0.78	0.06	0.69	45.79	0.31	1511.00	587.00	0.39	1513.00
738	0.51	0.72	0.54	0.78	0.06	0.69	46.05	0.31	1518.00	592.00	0.39	1520.00
739	0.54	0.72	0.54	0.78	0.06	0.69	45.74	0.30	1538.00	585.00	0.38	1540.00
740	0.54	0.71	0.53	0.78	0.06	0.69	45.95	0.29	1532.00	581.00	0.38	1534.00
741	0.52	0.72	0.53	0.78	0.06	0.69	45.95	0.30	1536.00	594.00	0.39	1538.00
742	0.51	0.72	0.54	0.78	0.06	0.69	46.00	0.32	1520.00	593.00	0.39	1522.00
743	0.52	0.72	0.54	0.77	0.06	0.69	46.00	0.31	1513.00	586.00	0.39	1515.00
744	0.54	0.72	0.53	0.78	0.06	0.69	45.74	0.29	1516.00	583.00	0.38	1518.00
745	0.51	0.72	0.54	0.77	0.06	0.68	46.11	0.31	1550.00	594.00	0.38	1552.00
746	0.51	0.73	0.54	0.78	0.06	0.68	45.95	0.32	1516.00	605.00	0.40	1518.00
747	0.51	0.73	0.54	0.78	0.06	0.69	45.84	0.32	1517.00	593.00	0.39	1519.00
748	0.53	0.72	0.54	0.77	0.06	0.69	45.84	0.31	1529.00	582.00	0.38	1531.00
749	0.52	0.72	0.53	0.77	0.06	0.69	46.00	0.30	1519.00	598.00	0.39	1521.00
750	0.52	0.72	0.54	0.78	0.06	0.69	45.74	0.31	1509.00	582.00	0.39	1511.00
751	0.53	0.73	0.53	0.78	0.06	0.68	46.05	0.31	1533.00	598.00	0.39	1535.00
752	0.52	0.72	0.54	0.78	0.06	0.69	46.11	0.30	1537.00	583.00	0.38	1539.00
753	0.51	0.72	0.54	0.77	0.06	0.68	45.84	0.33	1513.00	601.00	0.40	1515.00
754	0.53	0.72	0.53	0.78	0.06	0.69	45.95	0.29	1512.00	587.00	0.39	1514.00
755	0.52	0.72	0.54	0.77	0.06	0.68	45.79	0.32	1535.00	598.00	0.39	1537.00
756	0.50	0.72	0.53	0.77	0.06	0.68	45.89	0.33	1532.00	600.00	0.39	1534.00
757	0.51	0.72	0.53	0.77	0.06	0.68	46.05	0.32	1533.00	602.00	0.39	1535.00
758	0.52	0.72	0.53	0.78	0.06	0.69	46.00	0.30	1555.00	584.00	0.38	1557.00
759	0.52	0.72	0.54	0.78	0.06	0.69	46.16	0.32	1518.00	590.00	0.39	1520.00
760	0.52	0.72	0.54	0.77	0.06	0.69	45.89	0.31	1532.00	584.00	0.38	1534.00
761	0.52	0.72	0.54	0.78	0.06	0.68	46.00	0.33	1516.00	602.00	0.40	1518.00
762	0.52	0.72	0.54	0.78	0.06	0.69	45.89	0.31	1517.00	595.00	0.39	1519.00
763	0.52	0.72	0.54	0.77	0.06	0.70	46.16	0.30	1548.00	584.00	0.38	1550.00
764	0.53	0.72	0.53	0.77	0.06	0.68	46.00	0.31	1527.00	592.00	0.39	1529.00
765	0.53	0.72	0.54	0.78	0.06	0.69	45.74	0.30	1533.00	585.00	0.38	1535.00
766	0.52	0.72	0.53	0.77	0.06	0.69	45.58	0.31	1516.00	587.00	0.39	1518.00
767	0.52	0.72	0.54	0.78	0.06	0.68	46.11	0.32	1532.00	597.00	0.39	1534.00
768	0.52	0.72	0.54	0.78	0.06	0.68	46.00	0.31	1496.00	582.00	0.39	1498.00
769	0.51	0.72	0.54	0.77	0.06	0.68	45.84	0.32	1526.00	597.00	0.39	1528.00
770	0.51	0.72	0.54	0.78	0.06	0.68	45.84	0.33	1501.00	597.00	0.40	1503.00
771	0.51	0.71	0.53	0.78	0.06	0.69	45.84	0.32	1524.00	585.00	0.38	1526.00
772	0.54	0.72	0.54	0.77	0.06	0.69	45.68	0.30	1534.00	602.00	0.39	1536.00
773	0.53	0.71	0.52	0.78	0.06	0.69	46.00	0.29	1499.00	580.00	0.39	1501.00
774	0.54	0.72	0.54	0.78	0.06	0.69	45.84	0.30	1524.00	586.00	0.38	1526.00
775	0.53	0.72	0.53	0.77	0.06	0.69	45.95	0.30	1538.00	596.00	0.39	1540.00
776	0.52	0.71	0.53	0.78	0.06	0.69	46.00	0.31	1521.00	582.00	0.38	1523.00
777	0.53	0.72	0.54	0.77	0.06	0.68	45.84	0.32	1540.00	605.00	0.39	1542.00
778	0.54	0.72	0.54	0.77	0.06	0.69	46.05	0.30	1542.00	591.00	0.38	1544.00
779	0.52	0.72	0.53	0.77	0.06	0.68	45.84	0.31	1532.00	590.00	0.39	1534.00
780	0.51	0.72	0.54	0.78	0.06	0.69	46.11	0.31	1508.00	589.00	0.39	1510.00
781	0.52	0.71	0.53	0.77	0.06	0.70	45.58	0.31	1531.00	582.00	0.38	1533.00
782	0.52	0.72	0.53	0.78	0.06	0.69	45.89	0.31	1520.00	589.00	0.39	1522.00
783	0.52	0.72	0.54	0.78	0.06	0.68	46.16	0.31	1515.00	594.00	0.39	1517.00
784	0.52	0.71	0.53	0.77	0.06	0.70	45.95	0.32	1533.00	587.00	0.38	1535.00
785	0.54	0.72	0.53	0.78	0.06	0.70	45.79	0.28	1544.00	575.00	0.37	1546.00
786	0.54	0.72	0.54	0.78	0.06	0.69	45.89	0.30	1512.00	586.00	0.39	1514.00
787	0.52	0.72	0.53	0.77	0.06	0.69	45.79	0.31	1531.00	593.00	0.39	1533.00
788	0.52	0.71	0.53	0.78	0.06	0.69	45.95	0.30	1497.00	582.00	0.39	1499.00
789	0.52	0.72	0.54	0.79	0.06	0.70	45.68	0.31	1503.00	584.00	0.39	1505.00
790	0.52	0.71	0.53	0.78	0.06	0.69	46.00	0.31	1525.00	580.00	0.38	1527.00
791	0.53	0.72	0.53	0.78	0.06	0.69	45.74	0.31	1525.00	587.00	0.38	1527.00
792	0.50	0.72	0.53	0.77	0.06	0.68	46.11	0.33	1526.00	599.00	0.39	1528.00
793	0.51	0.73	0.54	0.78	0.06	0.68	46.00	0.33	1511.00	603.00	0.40	1513.00
794	0.51	0.72	0.53	0.77	0.06	0.69	46.11	0.31	1512.00	588.00	0.39	1514.00
795	0.54	0.72	0.53	0.77	0.06	0.69	45.89	0.30	1540.00	595.00	0.39	1542.00
796	0.50	0.72	0.53	0.77	0.06	0.69	45.79	0.31	1530.00	587.00	0.38	1532.00
797	0.52	0.72	0.53	0.77	0.06	0.69	45.74	0.31	1517.00	586.00	0.39	1519.00
798	0.55	0.72	0.53	0.77	0.06	0.70	45.95	0.29	1537.00	590.00	0.38	1539.00
799	0.52	0.72	0.54	0.78	0.06	0.68	46.11	0.33	1498.00	601.00	0.40	1500.00
800	0.52	0.72	0.54	0.77	0.06	0.69	45.95	0.31	1535.00	588.00	0.38	1537.00
801	0.53	0.72	0.53	0.78	0.06	0.69	46.05	0.30	1519.00	577.00	0.38	1521.00
802	0.54	0.72	0.54	0.77	0.06	0.70	45.68	0.28	1557.00	590.00	0.38	1559.00
803	0.51	0.71	0.53	0.78	0.06	0.68	45.84	0.33	1514.00	595.00	0.39	1516.00
804	0.51	0.71	0.52	0.77	0.06	0.69	46.05	0.31	1524.00	586.00	0.38	1526.00
805	0.53	0.72	0.54	0.77	0.06	0.70	45.95	0.31	1550.00	590.00	0.38	1552.00
806	0.51	0.72	0.53	0.78	0.06	0.69	45.84	0.32	1532.00	585.00	0.38	1534.00
807	0.51	0.72	0.54	0.77	0.06	0.67	45.89	0.34	1523.00	611.00	0.40	1525.00
808	0.51	0.72	0.53	0.78	0.06	0.68	45.58	0.33	1505.00	598.00	0.40	1507.00
809	0.54	0.72	0.53	0.78	0.06	0.70	45.79	0.30	1507.00	579.00	0.38	1509.00
810	0.53	0.72	0.53	0.77	0.06	0.69	45.95	0.30	1522.00	584.00	0.38	1524.00
811	0.52	0.72	0.54	0.78	0.06	0.68	45.84	0.32	1504.00	602.00	0.40	1506.00
812	0.52	0.72	0.54	0.77	0.06	0.69	45.84	0.31	1543.00	593.00	0.38	1545.00
813	0.52	0.72	0.54	0.78	0.06	0.70	45.79	0.30	1536.00	583.00	0.38	1538.00
814	0.53	0.72	0.53	0.78	0.06	0.69	46.00	0.32	1535.00	586.00	0.38	1537.00
815	0.52	0.72	0.54	0.77	0.06	0.69	46.21	0.30	1520.00	592.00	0.39	1522.00
816	0.53	0.73	0.54	0.78	0.06	0.69	46.05	0.30	1539.00	592.00	0.38	1541.00
817	0.51	0.72	0.54	0.77	0.06	0.68	45.74	0.33	1527.00	603.00	0.39	1529.00
818	0.53	0.72	0.54	0.77	0.06	0.68	46.00	0.32	1552.00	592.00	0.38	1554.00
819	0.50	0.72	0.53	0.77	0.06	0.68	45.89	0.33	1530.00	594.00	0.39	1532.00
820	0.52	0.72	0.53	0.78	0.06	0.69	45.84	0.30	1515.00	594.00	0.39	1517.00
821	0.54	0.71	0.53	0.78	0.06	0.70	46.00	0.27	1517.00	567.00	0.37	1519.00
822	0.53	0.72	0.53	0.77	0.06	0.69	45.68	0.30	1531.00	584.00	0.38	1533.00
823	0.52	0.72	0.54	0.78	0.06	0.69	45.68	0.31	1498.00	595.00	0.40	1500.00
824	0.51	0.71	0.53	0.78	0.06	0.69	45.95	0.30	1506.00	583.00	0.39	1508.00
825	0.51	0.73	0.54	0.78	0.06	0.68	46.05	0.33	1501.00	597.00	0.40	1503.00
826	0.51	0.73	0.54	0.78	0.06	0.69	46.32	0.32	1504.00	598.00	0.40	1506.00
827	0.52	0.72	0.54	0.78	0.06	0.69	45.84	0.30	1532.00	584.00	0.38	1534.00
828	0.51	0.71	0.53	0.78	0.06	0.69	45.84	0.31	1527.00	590.00	0.39	1529.00
829	0.54	0.71	0.53	0.77	0.06	0.69	45.68	0.28	1528.00	584.00	0.38	1530.00
830	0.51	0.71	0.53	0.77	0.06	0.68	45.95	0.32	1529.00	600.00	0.39	1531.00
831	0.53	0.72	0.53	0.78	0.06	0.68	46.11	0.30	1525.00	593.00	0.39	1527.00
832	0.54	0.72	0.53	0.78	0.06	0.69	46.00	0.29	1516.00	592.00	0.39	1518.00
833	0.53	0.72	0.54	0.78	0.06	0.69	45.84	0.30	1511.00	589.00	0.39	1513.00
834	0.51	0.71	0.53	0.76	0.06	0.68	46.05	0.32	1550.00	594.00	0.38	1552.00
835	0.53	0.73	0.54	0.78	0.06	0.69	46.26	0.30	1495.00	590.00	0.39	1497.00
836	0.52	0.72	0.53	0.77	0.06	0.69	45.95	0.31	1539.00	600.00	0.39	1541.00
837	0.53	0.73	0.54	0.78	0.06	0.68	45.89	0.32	1509.00	604.00	0.40	1511.00
838	0.54	0.72	0.53	0.77	0.06	0.69	45.79	0.30	1546.00	592.00	0.38	1548.00
839	0.51	0.72	0.54	0.78	0.06	0.68	46.37	0.34	1514.00	604.00	0.40	1516.00
840	0.52	0.72	0.54	0.77	0.06	0.68	46.00	0.32	1509.00	602.00	0.40	1511.00
841	0.53	0.72	0.54	0.78	0.06	0.69	45.84	0.29	1519.00	578.00	0.38	1521.00
842	0.49	0.72	0.54	0.77	0.06	0.68	46.00	0.34	1532.00	596.00	0.39	1534.00
843	0.54	0.71	0.53	0.78	0.06	0.69	45.79	0.29	1516.00	586.00	0.39	1518.00
844	0.54	0.72	0.54	0.78	0.06	0.69	45.84	0.30	1516.00	585.00	0.39	1518.00
845	0.52	0.72	0.53	0.78	0.06	0.69	45.95	0.31	1519.00	581.00	0.38	1521.00
846	0.52	0.72	0.53	0.77	0.06	0.68	46.00	0.29	1526.00	591.00	0.39	1528.00
847	0.52	0.72	0.53	0.78	0.06	0.69	45.84	0.31	1517.00	591.00	0.39	1519.00
848	0.54	0.71	0.54	0.78	0.06	0.69	45.89	0.30	1519.00	588.00	0.39	1521.00
849	0.53	0.72	0.54	0.78	0.06	0.68	45.89	0.32	1495.00	593.00	0.40	1497.00
850	0.52	0.71	0.53	0.77	0.06	0.68	46.21	0.32	1522.00	596.00	0.39	1524.00
851	0.51	0.72	0.54	0.77	0.06	0.69	45.68	0.34	1536.00	593.00	0.39	1538.00
852	0.50	0.72	0.54	0.78	0.06	0.68	45.84	0.33	1525.00	606.00	0.40	1527.00
853	0.51	0.72	0.54	0.78	0.06	0.69	45.95	0.33	1516.00	591.00	0.39	1518.00
854	0.54	0.72	0.53	0.78	0.06	0.70	46.11	0.28	1528.00	575.00	0.38	1530.00
855	0.53	0.72	0.53	0.76	0.06	0.69	45.95	0.32	1556.00	595.00	0.38	1558.00
856	0.53	0.72	0.53	0.78	0.06	0.69	46.21	0.31	1528.00	596.00	0.39	1530.00
857	0.53	0.72	0.53	0.77	0.06	0.69	45.84	0.30	1521.00	585.00	0.38	1523.00
858	0.54	0.72	0.53	0.77	0.06	0.69	46.00	0.29	1527.00	583.00	0.38	1529.00
859	0.51	0.72	0.53	0.77	0.06	0.68	45.74	0.33	1534.00	599.00	0.39	1536.00
860	0.51	0.72	0.53	0.77	0.06	0.68	46.21	0.32	1536.00	597.00	0.39	1538.00
861	0.54	0.72	0.53	0.77	0.06	0.69	45.79	0.30	1528.00	595.00	0.39	1530.00
862	0.53	0.72	0.54	0.78	0.06	0.69	45.89	0.29	1539.00	584.00	0.38	1541.00
863	0.53	0.72	0.53	0.77	0.06	0.68	46.05	0.31	1507.00	587.00	0.39	1509.00
864	0.53	0.72	0.54	0.78	0.06	0.69	46.21	0.31	1509.00	584.00	0.39	1511.00
865	0.52	0.72	0.54	0.78	0.06	0.68	45.95	0.33	1536.00	600.00	0.39	1538.00
866	0.53	0.72	0.53	0.78	0.06	0.69	46.26	0.31	1510.00	589.00	0.39	1512.00
867	0.52	0.72	0.54	0.78	0.06	0.69	45.89	0.32	1505.00	592.00	0.39	1507.00
868	0.53	0.72	0.54	0.78	0.06	0.70	46.00	0.30	1527.00	586.00	0.38	1529.00
869	0.52	0.72	0.54	0.77	0.06	0.68	45.95	0.32	1533.00	599.00	0.39	1535.00
870	0.54	0.72	0.53	0.78	0.06	0.69	46.00	0.29	1499.00	581.00	0.39	1501.00
871	0.53	0.73	0.54	0.77	0.06	0.69	45.89	0.30	1559.00	593.00	0.38	1561.00
872	0.51	0.72	0.54	0.77	0.06	0.68	46.16	0.32	1545.00	601.00	0.39	1547.00
873	0.53	0.72	0.53	0.77	0.06	0.69	45.79	0.30	1519.00	596.00	0.39	1521.00
874	0.52	0.72	0.53	0.78	0.06	0.68	46.05	0.32	1501.00	600.00	0.40	1503.00
875	0.51	0.72	0.54	0.78	0.06	0.68	45.89	0.33	1536.00	599.00	0.39	1538.00
876	0.53	0.72	0.53	0.78	0.06	0.69	45.89	0.31	1544.00	598.00	0.39	1546.00
877	0.53	0.71	0.54	0.78	0.06	0.69	45.95	0.30	1525.00	583.00	0.38	1527.00
878	0.54	0.72	0.53	0.78	0.06	0.69	45.89	0.29	1522.00	581.00	0.38	1524.00
879	0.53	0.72	0.53	0.77	0.06	0.69	46.11	0.30	1544.00	595.00	0.39	1546.00
880	0.53	0.72	0.53	0.77	0.06	0.69	45.95	0.31	1545.00	592.00	0.38	1547.00
881	0.52	0.72	0.54	0.78	0.06	0.69	46.21	0.31	1525.00	585.00	0.38	1527.00
882	0.51	0.72	0.54	0.77	0.06	0.68	46.00	0.33	1537.00	604.00	0.39	1539.00
883	0.52	0.72	0.54	0.78	0.06	0.69	45.79	0.31	1500.00	586.00	0.39	1502.00
884	0.54	0.72	0.54	0.77	0.06	0.69	45.84	0.29	1523.00	585.00	0.38	1525.00
885	0.53	0.71	0.53	0.78	0.06	0.69	45.74	0.30	1514.00	580.00	0.38	1516.00
886	0.51	0.72	0.54	0.78	0.06	0.68	45.84	0.31	1505.00	593.00	0.39	1507.00
887	0.52	0.72	0.54	0.78	0.06	0.69	45.95	0.30	1519.00	594.00	0.39	1521.00
888	0.52	0.72	0.53	0.77	0.06	0.69	45.95	0.32	1529.00	592.00	0.39	1531.00
889	0.52	0.72	0.54	0.78	0.06	0.69	46.11	0.32	1514.00	595.00	0.39	1516.00
890	0.53	0.72	0.54	0.78	0.06	0.69	46.05	0.31	1529.00	585.00	0.38	1531.00
891	0.53	0.72	0.53	0.77	0.06	0.69	46.11	0.30	1527.00	589.00	0.39	1529.00
892	0.53	0.72	0.54	0.77	0.06	0.70	45.74	0.29	1522.00	586.00	0.39	1524.00
893	0.51	0.72	0.53	0.78	0.06	0.69	46.00	0.30	1530.00	584.00	0.38	1532.00
894	0.53	0.72	0.53	0.78	0.06	0.69	45.95	0.30	1521.00	586.00	0.39	1523.00
895	0.54	0.72	0.53	0.78	0.06	0.69	45.79	0.31	1531.00	592.00	0.39	1533.00
896	0.51	0.71	0.53	0.77	0.06	0.69	45.95	0.33	1537.00	595.00	0.39	1539.00
897	0.53	0.72	0.53	0.78	0.06	0.69	46.00	0.31	1516.00	592.00	0.39	1518.00
898	0.53	0.72	0.54	0.77	0.06	0.69	45.63	0.31	1530.00	600.00	0.39	1532.00
899	0.50	0.72	0.54	0.77	0.06	0.68	46.16	0.33	1560.00	604.00	0.39	1562.00
900	0.51	0.72	0.54	0.78	0.06	0.68	46.11	0.33	1503.00	604.00	0.40	1505.00
901	0.53	0.71	0.53	0.79	0.06	0.69	45.95	0.30	1509.00	580.00	0.38	1511.00
902	0.53	0.71	0.53	0.78	0.06	0.69	45.84	0.31	1545.00	585.00	0.38	1547.00
903	0.52	0.72	0.53	0.77	0.06	0.69	45.84	0.31	1515.00	584.00	0.39	1517.00
904	0.54	0.72	0.53	0.78	0.06	0.69	45.95	0.30	1526.00	583.00	0.38	1528.00
905	0.50	0.72	0.54	0.78	0.06	0.68	46.11	0.33	1533.00	601.00	0.39	1535.00
906	0.53	0.72	0.53	0.78	0.06	0.69	45.89	0.30	1528.00	584.00	0.38	1530.00
907	0.51	0.71	0.53	0.78	0.06	0.69	45.58	0.30	1519.00	581.00	0.38	1521.00
908	0.51	0.72	0.54	0.78	0.06	0.69	45.89	0.32	1502.00	592.00	0.39	1504.00
909	0.51	0.72	0.53	0.77	0.06	0.68	45.79	0.31	1512.00	594.00	0.39	1514.00
910	0.51	0.72	0.53	0.77	0.06	0.69	45.74	0.32	1524.00	582.00	0.38	1526.00
911	0.53	0.72	0.54	0.78	0.06	0.68	46.11	0.31	1537.00	595.00	0.39	1539.00
912	0.53	0.72	0.53	0.77	0.06	0.68	45.84	0.30	1509.00	589.00	0.39	1511.00
913	0.54	0.72	0.53	0.77	0.06	0.69	45.68	0.30	1541.00	586.00	0.38	1543.00
914	0.55	0.73	0.54	0.77	0.06	0.70	45.95	0.29	1550.00	587.00	0.38	1552.00
915	0.53	0.73	0.54	0.78	0.06	0.68	46.32	0.31	1515.00	598.00	0.39	1517.00
916	0.52	0.72	0.53	0.79	0.06	0.69	46.11	0.31	1507.00	581.00	0.39	1509.00
917	0.53	0.72	0.53	0.77	0.06	0.68	46.00	0.32	1523.00	608.00	0.40	1525.00
918	0.51	0.72	0.54	0.77	0.06	0.69	45.79	0.33	1524.00	600.00	0.39	1526.00
919	0.52	0.72	0.54	0.77	0.06	0.69	45.84	0.33	1528.00	597.00	0.39	1530.00
920	0.54	0.72	0.54	0.78	0.06	0.69	45.79	0.29	1527.00	590.00	0.39	1529.00
921	0.54	0.72	0.54	0.78	0.06	0.70	46.00	0.28	1523.00	580.00	0.38	1525.00
922	0.54	0.72	0.53	0.77	0.06	0.70	46.05	0.30	1551.00	596.00	0.38	1553.00
923	0.53	0.72	0.54	0.78	0.06	0.69	45.89	0.30	1512.00	584.00	0.39	1514.00
924	0.52	0.72	0.53	0.77	0.06	0.69	46.21	0.32	1526.00	590.00	0.39	1528.00
925	0.52	0.73	0.54	0.78	0.06	0.68	45.89	0.31	1527.00	602.00	0.39	1529.00
926	0.51	0.72	0.53	0.78	0.06	0.68	45.68	0.32	1491.00	589.00	0.40	1493.00
927	0.52	0.72	0.54	0.78	0.06	0.68	46.16	0.32	1500.00	594.00	0.40	1502.00
928	0.53	0.73	0.54	0.78	0.06	0.69	45.95	0.31	1536.00	591.00	0.38	1538.00
929	0.52	0.72	0.53	0.78	0.06	0.68	45.89	0.31	1522.00	591.00	0.39	1524.00
930	0.52	0.71	0.53	0.78	0.06	0.70	46.00	0.30	1523.00	571.00	0.37	1525.00
931	0.51	0.73	0.54	0.78	0.06	0.69	46.11	0.31	1514.00	587.00	0.39	1516.00
932	0.56	0.72	0.54	0.78	0.06	0.70	45.89	0.28	1521.00	587.00	0.39	1523.00
933	0.52	0.72	0.53	0.77	0.06	0.69	45.58	0.30	1537.00	585.00	0.38	1539.00
934	0.54	0.72	0.53	0.78	0.06	0.69	45.84	0.29	1502.00	584.00	0.39	1504.00
935	0.52	0.73	0.54	0.77	0.06	0.69	46.11	0.29	1544.00	594.00	0.38	1546.00
936	0.52	0.72	0.54	0.78	0.06	0.68	45.89	0.33	1524.00	598.00	0.39	1526.00
937	0.51	0.72	0.54	0.78	0.06	0.67	45.95	0.33	1514.00	605.00	0.40	1516.00
938	0.51	0.72	0.54	0.77	0.06	0.68	46.00	0.32	1519.00	597.00	0.39	1521.00
939	0.51	0.72	0.54	0.77	0.06	0.69	45.89	0.32	1525.00	592.00	0.39	1527.00
940	0.54	0.72	0.54	0.77	0.06	0.68	45.89	0.30	1524.00	608.00	0.40	1526.00
941	0.52	0.72	0.54	0.77	0.06	0.68	45.74	0.31	1513.00	593.00	0.39	1515.00
942	0.52	0.72	0.54	0.79	0.06	0.69	45.79	0.32	1518.00	597.00	0.39	1520.00
943	0.51	0.71	0.53	0.78	0.06	0.68	46.11	0.32	1502.00	585.00	0.39	1504.00
944	0.53	0.72	0.54	0.77	0.06	0.68	46.05	0.30	1536.00	588.00	0.38	1538.00
945	0.51	0.72	0.54	0.79	0.06	0.68	45.95	0.34	1505.00	598.00	0.40	1507.00
946	0.54	0.72	0.54	0.77	0.06	0.69	46.11	0.30	1533.00	594.00	0.39	1535.00
947	0.53	0.72	0.53	0.76	0.06	0.69	46.11	0.30	1538.00	594.00	0.39	1540.00
948	0.52	0.72	0.53	0.78	0.06	0.69	45.95	0.30	1507.00	580.00	0.38	1509.00
949	0.51	0.72	0.54	0.79	0.06	0.70	45.95	0.31	1495.00	581.00	0.39	1497.00
950	0.53	0.71	0.53	0.78	0.06	0.69	46.00	0.31	1495.00	582.00	0.39	1497.00
951	0.50	0.72	0.53	0.78	0.06	0.68	46.00	0.32	1521.00	599.00	0.39	1523.00
952	0.53	0.72	0.53	0.77	0.06	0.69	45.95	0.30	1529.00	586.00	0.38	1531.00
953	0.53	0.72	0.53	0.77	0.06	0.69	45.89	0.31	1528.00	592.00	0.39	1530.00
954	0.52	0.72	0.53	0.78	0.06	0.68	46.00	0.31	1515.00	588.00	0.39	1517.00
955	0.52	0.72	0.53	0.78	0.06	0.69	46.11	0.31	1505.00	592.00	0.39	1507.00
956	0.52	0.71	0.53	0.78	0.06	0.70	45.95	0.30	1553.00	579.00	0.37	1555.00
957	0.52	0.72	0.54	0.77	0.06	0.69	46.05	0.32	1522.00	596.00	0.39	1524.00
958	0.53	0.72	0.53	0.78	0.06	0.70	46.00	0.29	1537.00	579.00	0.38	1539.00
959	0.54	0.72	0.53	0.78	0.06	0.69	46.00	0.30	1522.00	592.00	0.39	1524.00
960	0.52	0.72	0.54	0.78	0.06	0.69	45.95	0.30	1523.00	585.00	0.38	1525.00
961	0.52	0.72	0.54	0.77	0.06	0.69	45.89	0.32	1511.00	590.00	0.39	1513.00
962	0.52	0.72	0.53	0.77	0.06	0.69	45.95	0.30	1540.00	586.00	0.38	1542.00
963	0.54	0.72	0.54	0.78	0.06	0.69	45.95	0.31	1500.00	587.00	0.39	1502.00
964	0.54	0.72	0.54	0.78	0.06	0.70	45.95	0.29	1537.00	575.00	0.37	1539.00
965	0.53	0.72	0.54	0.78	0.06	0.69	45.84	0.31	1523.00	595.00	0.39	1525.00
966	0.54	0.72	0.54	0.78	0.06	0.69	46.11	0.29	1532.00	587.00	0.38	1534.00
967	0.52	0.72	0.54	0.78	0.06	0.69	46.05	0.31	1503.00	589.00	0.39	1505.00
968	0.52	0.71	0.53	0.78	0.06	0.69	45.89	0.31	1508.00	580.00	0.38	1510.00
969	0.51	0.72	0.53	0.78	0.06	0.68	45.84	0.32	1523.00	591.00	0.39	1525.00
970	0.54	0.72	0.53	0.77	0.06	0.68	45.95	0.30	1522.00	596.00	0.39	1524.00
971	0.52	0.72	0.54	0.77	0.06	0.68	46.00	0.32	1534.00	603.00	0.39	1536.00
972	0.53	0.72	0.53	0.77	0.06	0.68	45.84	0.31	1497.00	597.00	0.40	1499.00
973	0.52	0.72	0.54	0.78	0.06	0.69	45.95	0.31	1524.00	595.00	0.39	1526.00
974	0.51	0.72	0.54	0.77	0.06	0.68	45.95	0.32	1529.00	598.00	0.39	1531.00
975	0.52	0.72	0.53	0.77	0.06	0.69	45.89	0.32	1545.00	593.00	0.38	1547.00
976	0.53	0.72	0.54	0.77	0.06	0.69	45.84	0.30	1522.00	594.00	0.39	1524.00
977	0.53	0.71	0.53	0.77	0.06	0.68	46.05	0.30	1518.00	593.00	0.39	1520.00
978	0.54	0.72	0.54	0.78	0.06	0.69	46.00	0.30	1506.00	583.00	0.39	1508.00
979	0.52	0.73	0.54	0.78	0.06	0.69	45.95	0.32	1534.00	598.00	0.39	1536.00
980	0.53	0.72	0.54	0.78	0.06	0.69	45.89	0.32	1538.00	591.00	0.38	1540.00
981	0.53	0.71	0.54	0.78	0.06	0.69	45.74	0.31	1543.00	590.00	0.38	1545.00
982	0.52	0.71	0.53	0.79	0.06	0.69	45.68	0.30	1536.00	583.00	0.38	1538.00
983	0.52	0.72	0.54	0.77	0.06	0.69	45.79	0.31	1542.00	603.00	0.39	1544.00
984	0.52	0.72	0.54	0.77	0.06	0.69	46.11	0.31	1521.00	588.00	0.39	1523.00
985	0.49	0.72	0.54	0.78	0.06	0.68	46.16	0.35	1539.00	601.00	0.39	1541.00
986	0.51	0.72	0.54	0.77	0.06	0.68	45.58	0.31	1515.00	589.00	0.39	1517.00
987	0.52	0.72	0.54	0.77	0.06	0.69	45.95	0.31	1517.00	584.00	0.38	1519.00
988	0.52	0.71	0.53	0.78	0.06	0.69	45.79	0.31	1530.00	588.00	0.38	1532.00
989	0.52	0.72	0.53	0.76	0.06	0.69	45.84	0.31	1553.00	585.00	0.38	1555.00
990	0.51	0.72	0.53	0.77	0.06	0.69	45.89	0.31	1528.00	591.00	0.39	1530.00
991	0.52	0.71	0.53	0.77	0.06	0.68	45.89	0.31	1518.00	591.00	0.39	1520.00
992	0.51	0.72	0.54	0.77	0.06	0.69	46.00	0.32	1547.00	593.00	0.38	1549.00
993	0.52	0.71	0.53	0.78	0.06	0.68	46.00	0.32	1490.00	592.00	0.40	1492.00
994	0.51	0.72	0.53	0.78	0.06	0.69	46.16	0.33	1526.00	594.00	0.39	1528.00
995	0.52	0.71	0.53	0.77	0.06	0.68	45.79	0.31	1521.00	591.00	0.39	1523.00
996	0.53	0.72	0.54	0.77	0.06	0.69	45.95	0.31	1547.00	596.00	0.39	1549.00
997	0.51	0.73	0.54	0.77	0.06	0.69	45.79	0.33	1543.00	599.00	0.39	1545.00
998	0.53	0.72	0.53	0.78	0.06	0.69	45.89	0.28	1529.00	592.00	0.39	1531.00
999	0.51	0.72	0.54	0.77	0.06	0.69	45.58	0.32	1523.00	591.00	0.39	1525.00
1000	0.49	0.72	0.54	0.78	0.06	0.68	46.11	0.33	1528.00	594.00	0.39	1530.00
