accuracy	proportion	density	fuzziness	coverage	purity	sounds	missing	ubound	clusters	props	patterns
1	0.4842	0.6785	0.5037	0.7503	0.1583	0.7060	37.5789	0.2825	1314.0000	437.0000	0.3326	1319.0000
2	0.4753	0.6634	0.5021	0.7677	0.1408	0.7068	37.4211	0.2694	1181.0000	386.0000	0.3268	1187.0000
3	0.4498	0.6564	0.5048	0.7704	0.1298	0.6981	37.0000	0.2788	1077.0000	348.0000	0.3231	1083.0000
4	0.4684	0.6518	0.5033	0.7666	0.1215	0.7040	37.1579	0.2691	1019.0000	327.0000	0.3209	1026.0000
5	0.4579	0.6453	0.5043	0.7646	0.1227	0.7025	36.8421	0.2779	1002.0000	322.0000	0.3214	1007.0000
6	0.4529	0.6467	0.4986	0.7606	0.1211	0.7019	36.9474	0.2920	1018.0000	326.0000	0.3202	1024.0000
7	0.4724	0.6427	0.4970	0.7626	0.1179	0.7038	36.6316	0.2695	990.0000	317.0000	0.3202	994.0000
8	0.4849	0.6441	0.5061	0.7868	0.1211	0.7180	36.6316	0.2603	979.0000	303.0000	0.3095	985.0000
9	0.4538	0.6413	0.5003	0.7768	0.1173	0.6799	36.6316	0.3056	984.0000	330.0000	0.3354	987.0000
10	0.4873	0.6485	0.5061	0.7825	0.1200	0.7030	36.5263	0.2856	954.0000	319.0000	0.3344	956.0000
11	0.4439	0.6439	0.5054	0.7658	0.1194	0.6939	36.5263	0.2887	984.0000	322.0000	0.3272	989.0000
12	0.4895	0.6455	0.5044	0.7732	0.1198	0.6999	36.8947	0.2759	957.0000	313.0000	0.3271	962.0000
13	0.4573	0.6409	0.5022	0.7772	0.1159	0.6844	36.4211	0.2912	973.0000	330.0000	0.3392	978.0000
14	0.4685	0.6439	0.5029	0.7738	0.1215	0.7057	36.5789	0.2700	984.0000	318.0000	0.3232	987.0000
15	0.4494	0.6471	0.5075	0.7633	0.1202	0.6983	36.6842	0.2897	1014.0000	325.0000	0.3205	1020.0000
16	0.4465	0.6490	0.5074	0.7677	0.1147	0.6781	36.5263	0.3012	969.0000	344.0000	0.3550	974.0000
17	0.4468	0.6388	0.5000	0.7866	0.1197	0.6913	36.5789	0.2917	948.0000	312.0000	0.3291	953.0000
18	0.4659	0.6441	0.5023	0.7775	0.1216	0.7038	36.6842	0.2788	984.0000	311.0000	0.3161	990.0000
19	0.4737	0.6471	0.5043	0.7760	0.1201	0.7038	36.8421	0.2782	983.0000	320.0000	0.3255	988.0000
20	0.4811	0.6374	0.4994	0.7851	0.1197	0.7195	36.5789	0.2543	976.0000	292.0000	0.2992	982.0000
21	0.4627	0.6434	0.5033	0.7588	0.1190	0.6947	36.4211	0.2870	1012.0000	326.0000	0.3221	1019.0000
22	0.4740	0.6430	0.5015	0.7810	0.1182	0.7042	36.6842	0.2771	960.0000	316.0000	0.3292	967.0000
23	0.4538	0.6416	0.5006	0.7813	0.1182	0.6864	36.4211	0.2953	955.0000	324.0000	0.3393	960.0000
24	0.4787	0.6439	0.5064	0.7656	0.1198	0.7007	36.6842	0.2773	979.0000	320.0000	0.3269	985.0000
25	0.4571	0.6397	0.5020	0.7768	0.1159	0.6869	36.8421	0.2975	937.0000	324.0000	0.3458	939.0000
26	0.4645	0.6437	0.4988	0.7709	0.1185	0.6899	36.6316	0.2853	981.0000	323.0000	0.3293	985.0000
27	0.4572	0.6485	0.5069	0.7739	0.1186	0.6924	36.3684	0.2967	951.0000	325.0000	0.3417	957.0000
28	0.4676	0.6467	0.5061	0.7662	0.1195	0.7029	36.6316	0.2832	991.0000	317.0000	0.3199	995.0000
29	0.4465	0.6509	0.5088	0.7569	0.1204	0.6880	36.4211	0.2855	1027.0000	333.0000	0.3242	1035.0000
30	0.4596	0.6497	0.5035	0.7722	0.1181	0.7008	36.4737	0.2840	980.0000	321.0000	0.3276	984.0000
31	0.4627	0.6455	0.5023	0.7742	0.1232	0.7128	36.5263	0.2679	996.0000	300.0000	0.3012	1002.0000
32	0.4603	0.6460	0.5046	0.7857	0.1225	0.6935	36.8421	0.2882	986.0000	320.0000	0.3245	990.0000
33	0.4567	0.6513	0.5102	0.7689	0.1185	0.6813	36.8947	0.3046	999.0000	339.0000	0.3393	1005.0000
34	0.4636	0.6402	0.5015	0.7628	0.1181	0.7028	36.5263	0.2778	1000.0000	319.0000	0.3190	1005.0000
35	0.4610	0.6453	0.5075	0.7873	0.1210	0.6924	36.5263	0.2951	982.0000	312.0000	0.3177	985.0000
36	0.4597	0.6423	0.5050	0.7870	0.1176	0.6965	36.4211	0.2837	929.0000	306.0000	0.3294	932.0000
37	0.4797	0.6434	0.5033	0.7825	0.1208	0.7026	36.7368	0.2692	962.0000	316.0000	0.3285	967.0000
38	0.4661	0.6418	0.4983	0.7676	0.1157	0.6983	36.7895	0.2832	960.0000	318.0000	0.3312	964.0000
39	0.4657	0.6406	0.5061	0.7730	0.1225	0.7208	36.5789	0.2607	997.0000	301.0000	0.3019	1000.0000
40	0.4474	0.6416	0.5012	0.7794	0.1181	0.6989	36.3684	0.2897	963.0000	313.0000	0.3250	969.0000
41	0.4565	0.6462	0.5032	0.7584	0.1157	0.6919	36.6842	0.2999	964.0000	322.0000	0.3340	970.0000
42	0.4511	0.6509	0.5135	0.7763	0.1241	0.6863	36.7368	0.2915	984.0000	329.0000	0.3343	988.0000
43	0.4747	0.6430	0.5061	0.7628	0.1160	0.7006	36.5789	0.2698	966.0000	314.0000	0.3251	973.0000
44	0.4579	0.6457	0.5026	0.7712	0.1163	0.6885	36.6316	0.3070	972.0000	332.0000	0.3416	975.0000
45	0.4650	0.6446	0.5033	0.7701	0.1199	0.7038	36.6316	0.2695	996.0000	313.0000	0.3143	999.0000
46	0.4570	0.6441	0.5043	0.7700	0.1176	0.6814	36.7368	0.3013	955.0000	325.0000	0.3403	961.0000
47	0.4607	0.6385	0.5038	0.7833	0.1204	0.7042	36.6316	0.2789	968.0000	309.0000	0.3192	973.0000
48	0.4671	0.6439	0.5032	0.7642	0.1170	0.7074	36.4211	0.2747	960.0000	313.0000	0.3260	964.0000
49	0.4790	0.6506	0.5078	0.7772	0.1197	0.6934	36.7368	0.2950	966.0000	324.0000	0.3354	970.0000
50	0.4753	0.6497	0.5087	0.7825	0.1220	0.7041	36.6842	0.2833	963.0000	314.0000	0.3261	965.0000
51	0.4665	0.6450	0.5068	0.7750	0.1221	0.7026	36.6316	0.2761	1011.0000	316.0000	0.3126	1019.0000
52	0.4664	0.6416	0.5036	0.7721	0.1198	0.7052	36.6316	0.2796	987.0000	317.0000	0.3212	994.0000
53	0.4635	0.6453	0.5045	0.7774	0.1191	0.6989	36.4211	0.2795	969.0000	319.0000	0.3292	973.0000
54	0.4749	0.6437	0.5076	0.7730	0.1199	0.7068	36.8421	0.2691	992.0000	318.0000	0.3206	994.0000
55	0.4663	0.6441	0.5058	0.7678	0.1194	0.7091	36.7895	0.2722	980.0000	315.0000	0.3214	987.0000
56	0.4624	0.6509	0.5100	0.7582	0.1181	0.6942	36.5789	0.2796	967.0000	330.0000	0.3413	973.0000
57	0.4414	0.6446	0.5133	0.7708	0.1205	0.6811	36.6842	0.3071	968.0000	332.0000	0.3430	973.0000
58	0.4598	0.6416	0.5017	0.7653	0.1161	0.6929	36.5789	0.2768	965.0000	320.0000	0.3316	968.0000
59	0.4628	0.6420	0.5021	0.7713	0.1210	0.6988	36.6316	0.2774	955.0000	307.0000	0.3215	959.0000
60	0.4770	0.6478	0.5056	0.7790	0.1212	0.7238	36.7895	0.2606	989.0000	308.0000	0.3114	993.0000
61	0.4821	0.6446	0.5046	0.7729	0.1217	0.7098	36.5263	0.2714	987.0000	311.0000	0.3151	992.0000
62	0.4789	0.6471	0.5067	0.7731	0.1208	0.7012	36.5789	0.2797	989.0000	315.0000	0.3185	993.0000
63	0.4530	0.6474	0.5084	0.7765	0.1232	0.6960	36.7368	0.2849	983.0000	321.0000	0.3266	985.0000
64	0.4686	0.6502	0.5063	0.7757	0.1208	0.7104	36.7368	0.2694	986.0000	321.0000	0.3256	989.0000
65	0.4545	0.6516	0.5077	0.7728	0.1221	0.6931	36.7895	0.2920	971.0000	316.0000	0.3254	975.0000
66	0.4566	0.6536	0.5076	0.7566	0.1184	0.7077	36.7368	0.2766	994.0000	321.0000	0.3229	997.0000
67	0.4569	0.6448	0.5089	0.7701	0.1194	0.6994	36.8421	0.2759	970.0000	325.0000	0.3351	975.0000
68	0.4570	0.6446	0.5050	0.7736	0.1210	0.6988	36.7368	0.2839	976.0000	315.0000	0.3227	979.0000
69	0.4646	0.6502	0.5067	0.7576	0.1167	0.6988	36.4211	0.2756	1019.0000	326.0000	0.3199	1025.0000
70	0.4727	0.6423	0.5056	0.7733	0.1192	0.7035	36.5789	0.2751	980.0000	317.0000	0.3235	984.0000
71	0.4765	0.6450	0.5060	0.7670	0.1216	0.7083	36.8421	0.2701	1000.0000	308.0000	0.3080	1004.0000
72	0.4631	0.6513	0.5066	0.7785	0.1216	0.6983	36.5789	0.2822	959.0000	328.0000	0.3420	964.0000
73	0.4741	0.6481	0.5020	0.7635	0.1197	0.7079	36.7895	0.2794	1007.0000	325.0000	0.3227	1011.0000
74	0.4627	0.6457	0.5024	0.7675	0.1182	0.7007	36.9474	0.2698	1021.0000	324.0000	0.3173	1025.0000
75	0.4763	0.6441	0.5045	0.7844	0.1227	0.7054	36.3684	0.2734	946.0000	310.0000	0.3277	950.0000
76	0.4723	0.6504	0.5101	0.7758	0.1215	0.7014	36.4211	0.2774	962.0000	320.0000	0.3326	965.0000
77	0.4578	0.6385	0.5052	0.7824	0.1189	0.6926	36.5263	0.3034	972.0000	323.0000	0.3323	976.0000
78	0.4523	0.6402	0.5017	0.7771	0.1194	0.6867	36.6316	0.2913	979.0000	321.0000	0.3279	983.0000
79	0.4501	0.6420	0.5006	0.7676	0.1169	0.6898	36.3158	0.2965	971.0000	320.0000	0.3296	975.0000
80	0.4681	0.6474	0.5061	0.7839	0.1194	0.6882	36.5789	0.2971	950.0000	325.0000	0.3421	953.0000
81	0.4568	0.6495	0.5098	0.7647	0.1190	0.7142	36.5789	0.2662	988.0000	318.0000	0.3219	991.0000
82	0.4715	0.6399	0.5008	0.7838	0.1183	0.7032	36.5789	0.2776	962.0000	316.0000	0.3285	966.0000
83	0.4685	0.6385	0.4984	0.7653	0.1158	0.7124	36.8421	0.2657	979.0000	305.0000	0.3115	983.0000
84	0.4635	0.6430	0.5033	0.7719	0.1204	0.7090	36.6316	0.2723	988.0000	316.0000	0.3198	993.0000
85	0.4861	0.6511	0.4983	0.7699	0.1167	0.6925	36.7895	0.2965	947.0000	327.0000	0.3453	953.0000
86	0.4661	0.6430	0.5073	0.7697	0.1178	0.6996	36.4211	0.2799	995.0000	322.0000	0.3236	1000.0000
87	0.4661	0.6432	0.4956	0.7564	0.1173	0.7020	36.6316	0.2711	995.0000	317.0000	0.3186	998.0000
88	0.4833	0.6455	0.5057	0.7734	0.1219	0.7030	36.7895	0.2774	962.0000	311.0000	0.3233	967.0000
89	0.4660	0.6432	0.5041	0.7767	0.1216	0.7109	36.5789	0.2632	987.0000	306.0000	0.3100	991.0000
90	0.4649	0.6371	0.4987	0.7737	0.1171	0.6960	36.6316	0.2857	989.0000	316.0000	0.3195	994.0000
91	0.4820	0.6457	0.5046	0.7700	0.1184	0.7029	36.8947	0.2793	975.0000	322.0000	0.3303	980.0000
92	0.4653	0.6425	0.5028	0.7548	0.1175	0.7015	36.7368	0.2829	1008.0000	325.0000	0.3224	1011.0000
93	0.4800	0.6471	0.5053	0.7710	0.1203	0.7043	36.4211	0.2807	986.0000	317.0000	0.3215	990.0000
94	0.4782	0.6460	0.4985	0.7588	0.1190	0.7037	36.4737	0.2816	1006.0000	323.0000	0.3211	1010.0000
95	0.4733	0.6511	0.5087	0.7661	0.1221	0.7085	36.7368	0.2800	993.0000	318.0000	0.3202	998.0000
96	0.4769	0.6444	0.5082	0.7584	0.1223	0.6935	36.6316	0.2869	1001.0000	322.0000	0.3217	1007.0000
97	0.4827	0.6471	0.5105	0.7921	0.1218	0.6977	36.5789	0.2819	934.0000	317.0000	0.3394	937.0000
98	0.4865	0.6432	0.5050	0.7779	0.1248	0.7086	36.6842	0.2595	983.0000	311.0000	0.3164	986.0000
99	0.4517	0.6490	0.5088	0.7693	0.1188	0.7034	36.8947	0.2844	984.0000	327.0000	0.3323	986.0000
100	0.4664	0.6469	0.5006	0.7774	0.1207	0.7087	36.9474	0.2872	1002.0000	312.0000	0.3114	1007.0000
101	0.4325	0.6450	0.5049	0.7694	0.1187	0.6919	36.7895	0.3062	981.0000	326.0000	0.3323	987.0000
102	0.4721	0.6453	0.5091	0.7803	0.1228	0.7025	36.5789	0.2674	992.0000	313.0000	0.3155	996.0000
103	0.4614	0.6432	0.5067	0.7751	0.1214	0.6907	36.7368	0.2905	1010.0000	326.0000	0.3228	1012.0000
104	0.4498	0.6427	0.5029	0.7797	0.1205	0.7005	36.6316	0.2884	997.0000	321.0000	0.3220	1000.0000
105	0.4621	0.6432	0.5024	0.7740	0.1211	0.6959	36.4737	0.2825	985.0000	320.0000	0.3249	989.0000
106	0.4612	0.6469	0.5018	0.7701	0.1204	0.7022	36.6316	0.2823	996.0000	325.0000	0.3263	998.0000
107	0.4714	0.6427	0.5047	0.7630	0.1154	0.7116	36.5789	0.2757	1005.0000	313.0000	0.3114	1010.0000
108	0.4606	0.6483	0.5046	0.7759	0.1168	0.6891	36.7368	0.2964	957.0000	327.0000	0.3417	962.0000
109	0.4756	0.6499	0.5103	0.7735	0.1224	0.6968	36.9474	0.2798	969.0000	320.0000	0.3302	974.0000
110	0.4483	0.6446	0.5043	0.7647	0.1198	0.7104	36.5263	0.2702	1008.0000	313.0000	0.3105	1011.0000
111	0.4643	0.6374	0.5010	0.7714	0.1162	0.7046	36.4737	0.2720	951.0000	309.0000	0.3249	954.0000
112	0.4571	0.6448	0.5031	0.7744	0.1143	0.6910	36.6842	0.2964	964.0000	328.0000	0.3402	968.0000
113	0.4725	0.6444	0.5055	0.7846	0.1193	0.7088	36.6842	0.2733	958.0000	307.0000	0.3205	964.0000
114	0.4392	0.6453	0.5051	0.7837	0.1214	0.6858	36.4737	0.2982	964.0000	317.0000	0.3288	971.0000
115	0.4599	0.6444	0.5076	0.7738	0.1202	0.6848	36.4211	0.3013	985.0000	325.0000	0.3299	989.0000
116	0.4741	0.6464	0.5049	0.7763	0.1175	0.6965	36.4211	0.2856	935.0000	315.0000	0.3369	938.0000
117	0.4783	0.6430	0.5034	0.7759	0.1175	0.7058	36.3684	0.2697	988.0000	305.0000	0.3087	991.0000
118	0.4787	0.6469	0.5044	0.7698	0.1165	0.6911	36.9474	0.2912	979.0000	330.0000	0.3371	982.0000
119	0.4681	0.6441	0.5016	0.7716	0.1157	0.7008	36.6316	0.2865	947.0000	324.0000	0.3421	949.0000
120	0.4653	0.6430	0.5058	0.7668	0.1211	0.6924	36.8421	0.2833	983.0000	322.0000	0.3276	987.0000
121	0.4808	0.6367	0.4979	0.7676	0.1174	0.7054	36.7368	0.2730	958.0000	306.0000	0.3194	963.0000
122	0.4798	0.6488	0.5007	0.7711	0.1200	0.7108	36.5789	0.2710	995.0000	320.0000	0.3216	998.0000
123	0.4578	0.6511	0.5045	0.7543	0.1210	0.7031	36.7368	0.2740	1025.0000	322.0000	0.3141	1031.0000
124	0.4703	0.6413	0.5041	0.7747	0.1196	0.6948	36.5263	0.2806	969.0000	314.0000	0.3240	973.0000
125	0.4652	0.6439	0.4994	0.7655	0.1204	0.6980	36.6316	0.2862	990.0000	316.0000	0.3192	995.0000
126	0.4650	0.6446	0.5097	0.7643	0.1200	0.7009	36.8421	0.2806	998.0000	323.0000	0.3236	1005.0000
127	0.4607	0.6453	0.5045	0.7674	0.1203	0.6923	36.5789	0.2735	977.0000	314.0000	0.3214	979.0000
128	0.4807	0.6427	0.5004	0.7690	0.1203	0.7078	36.6316	0.2723	968.0000	308.0000	0.3182	976.0000
129	0.4390	0.6506	0.5053	0.7562	0.1212	0.6941	36.7895	0.2980	1027.0000	328.0000	0.3194	1034.0000
130	0.4786	0.6420	0.5064	0.7745	0.1170	0.6981	36.6316	0.2830	987.0000	316.0000	0.3202	991.0000
131	0.4363	0.6499	0.5065	0.7698	0.1183	0.6834	36.7895	0.2980	969.0000	334.0000	0.3447	972.0000
132	0.4434	0.6423	0.5052	0.7756	0.1209	0.6904	36.7895	0.2815	994.0000	323.0000	0.3249	999.0000
133	0.4538	0.6423	0.5022	0.7636	0.1168	0.6868	36.7895	0.2959	987.0000	325.0000	0.3293	994.0000
134	0.4796	0.6448	0.5057	0.7781	0.1213	0.7070	36.8421	0.2641	972.0000	309.0000	0.3179	974.0000
135	0.4562	0.6397	0.5024	0.7626	0.1168	0.7049	36.3684	0.2800	1013.0000	315.0000	0.3110	1016.0000
136	0.4655	0.6434	0.5003	0.7653	0.1177	0.7079	36.4737	0.2685	978.0000	316.0000	0.3231	981.0000
137	0.4535	0.6457	0.5096	0.7844	0.1197	0.7087	36.6842	0.2785	956.0000	309.0000	0.3232	960.0000
138	0.4747	0.6448	0.5099	0.7779	0.1223	0.7067	36.5263	0.2842	946.0000	310.0000	0.3277	951.0000
139	0.4674	0.6399	0.5022	0.7793	0.1203	0.7107	36.7895	0.2634	976.0000	312.0000	0.3197	979.0000
140	0.4496	0.6439	0.5080	0.7696	0.1157	0.6892	36.6842	0.2993	946.0000	327.0000	0.3457	952.0000
141	0.4577	0.6490	0.5053	0.7649	0.1172	0.6922	36.5789	0.2855	1000.0000	331.0000	0.3310	1005.0000
142	0.4832	0.6390	0.5052	0.7826	0.1205	0.7135	36.5789	0.2645	983.0000	306.0000	0.3113	986.0000
143	0.4695	0.6485	0.5105	0.7805	0.1227	0.7029	36.5789	0.2695	959.0000	308.0000	0.3212	963.0000
144	0.4522	0.6448	0.5053	0.7691	0.1172	0.6882	36.6842	0.2975	985.0000	324.0000	0.3289	991.0000
145	0.4651	0.6453	0.5081	0.7591	0.1202	0.7022	36.5263	0.2714	984.0000	320.0000	0.3252	989.0000
146	0.4606	0.6464	0.5086	0.7680	0.1142	0.7027	36.8421	0.2836	975.0000	317.0000	0.3251	978.0000
147	0.4769	0.6478	0.5062	0.7841	0.1189	0.7038	36.5263	0.2761	961.0000	309.0000	0.3215	967.0000
148	0.4558	0.6555	0.5092	0.7673	0.1202	0.6938	36.3684	0.2921	1008.0000	334.0000	0.3313	1014.0000
149	0.4424	0.6504	0.5054	0.7652	0.1160	0.6817	36.7895	0.3073	969.0000	332.0000	0.3426	972.0000
150	0.4592	0.6485	0.5094	0.7710	0.1193	0.6957	36.8421	0.2842	969.0000	326.0000	0.3364	974.0000
151	0.4635	0.6457	0.5006	0.7671	0.1186	0.6966	36.8421	0.2774	997.0000	320.0000	0.3210	1001.0000
152	0.4674	0.6457	0.5076	0.7675	0.1203	0.6988	36.5789	0.2862	992.0000	324.0000	0.3266	996.0000
153	0.4527	0.6446	0.5021	0.7784	0.1210	0.6995	36.6316	0.2858	999.0000	320.0000	0.3203	1002.0000
154	0.4618	0.6430	0.5004	0.7761	0.1204	0.7056	36.6316	0.2731	971.0000	310.0000	0.3193	977.0000
155	0.4602	0.6478	0.5076	0.7644	0.1211	0.7031	36.6316	0.2887	1015.0000	320.0000	0.3153	1019.0000
156	0.4703	0.6469	0.5052	0.7704	0.1196	0.6929	36.5789	0.2826	977.0000	321.0000	0.3286	983.0000
157	0.4682	0.6446	0.5029	0.7678	0.1173	0.6983	36.6316	0.2872	985.0000	322.0000	0.3269	990.0000
158	0.4663	0.6525	0.5102	0.7703	0.1242	0.6963	36.3684	0.2833	980.0000	323.0000	0.3296	986.0000
159	0.4741	0.6406	0.5030	0.7639	0.1195	0.7013	36.6842	0.2809	1000.0000	311.0000	0.3110	1005.0000
160	0.4564	0.6495	0.5059	0.7627	0.1190	0.6981	36.6842	0.2869	993.0000	331.0000	0.3333	998.0000
161	0.4542	0.6448	0.4993	0.7602	0.1189	0.7045	36.6842	0.2722	1008.0000	320.0000	0.3175	1013.0000
162	0.4570	0.6427	0.5035	0.7726	0.1179	0.7086	36.6842	0.2835	1001.0000	319.0000	0.3187	1007.0000
163	0.4715	0.6457	0.5090	0.7827	0.1193	0.6975	36.6842	0.2812	945.0000	315.0000	0.3333	947.0000
164	0.4438	0.6457	0.5022	0.7746	0.1192	0.6896	36.5263	0.3040	981.0000	320.0000	0.3262	985.0000
165	0.4666	0.6469	0.5070	0.7552	0.1179	0.7041	36.5789	0.2824	992.0000	318.0000	0.3206	996.0000
166	0.4778	0.6469	0.5034	0.7824	0.1183	0.6923	36.7895	0.2888	975.0000	324.0000	0.3323	981.0000
167	0.4771	0.6455	0.5016	0.7700	0.1202	0.7133	36.7368	0.2591	1002.0000	311.0000	0.3104	1006.0000
168	0.4731	0.6420	0.5023	0.7893	0.1145	0.6908	36.6316	0.2990	924.0000	314.0000	0.3398	928.0000
169	0.4717	0.6530	0.5047	0.7652	0.1207	0.7075	36.8421	0.2752	1012.0000	318.0000	0.3142	1019.0000
170	0.4622	0.6399	0.5008	0.7651	0.1185	0.6934	36.5789	0.2890	975.0000	320.0000	0.3282	980.0000
171	0.4538	0.6453	0.4990	0.7582	0.1176	0.6995	36.5263	0.2861	988.0000	323.0000	0.3269	992.0000
172	0.4732	0.6525	0.5129	0.7624	0.1223	0.6939	36.5789	0.2753	992.0000	334.0000	0.3367	998.0000
173	0.4755	0.6434	0.5041	0.7683	0.1175	0.7081	36.6842	0.2721	961.0000	317.0000	0.3299	966.0000
174	0.4575	0.6434	0.5055	0.7833	0.1190	0.6929	36.8421	0.2950	965.0000	321.0000	0.3326	968.0000
175	0.4637	0.6453	0.5054	0.7808	0.1209	0.6918	36.5263	0.2860	953.0000	327.0000	0.3431	958.0000
176	0.4523	0.6543	0.5088	0.7665	0.1207	0.7145	36.5263	0.2730	1002.0000	311.0000	0.3104	1009.0000
177	0.4602	0.6397	0.5003	0.7677	0.1174	0.6946	36.6316	0.2848	973.0000	322.0000	0.3309	979.0000
178	0.4577	0.6444	0.5097	0.7779	0.1213	0.7053	36.6316	0.2755	991.0000	311.0000	0.3138	994.0000
179	0.4755	0.6502	0.5091	0.7711	0.1198	0.6981	36.6842	0.2735	979.0000	328.0000	0.3350	983.0000
180	0.4509	0.6425	0.5006	0.7736	0.1198	0.6912	36.7368	0.2917	992.0000	320.0000	0.3226	996.0000
181	0.4497	0.6427	0.5026	0.7614	0.1181	0.6921	36.7895	0.2969	983.0000	323.0000	0.3286	985.0000
182	0.4635	0.6495	0.5082	0.7669	0.1183	0.6956	36.6842	0.2801	997.0000	333.0000	0.3340	1004.0000
183	0.4741	0.6439	0.5032	0.7760	0.1215	0.7036	36.7368	0.2731	959.0000	308.0000	0.3212	963.0000
184	0.4515	0.6467	0.5026	0.7547	0.1183	0.7059	36.8421	0.2777	1025.0000	330.0000	0.3220	1031.0000
185	0.4534	0.6483	0.5058	0.7655	0.1233	0.6840	36.5263	0.3012	998.0000	338.0000	0.3387	1002.0000
186	0.4558	0.6348	0.4925	0.7685	0.1161	0.7020	36.8421	0.2829	975.0000	308.0000	0.3159	979.0000
187	0.4775	0.6439	0.5040	0.7637	0.1186	0.7026	36.6316	0.2775	984.0000	316.0000	0.3211	990.0000
188	0.4584	0.6411	0.5022	0.7657	0.1161	0.7062	36.9474	0.2710	972.0000	314.0000	0.3230	979.0000
189	0.4615	0.6495	0.5064	0.7744	0.1213	0.7007	36.6842	0.2840	993.0000	318.0000	0.3202	996.0000
190	0.4603	0.6485	0.5077	0.7787	0.1200	0.6855	36.8421	0.2908	985.0000	323.0000	0.3279	991.0000
191	0.4489	0.6476	0.5103	0.7863	0.1221	0.6937	36.7368	0.2955	1007.0000	323.0000	0.3208	1011.0000
192	0.4583	0.6434	0.5060	0.7953	0.1202	0.6900	36.6316	0.2907	946.0000	315.0000	0.3330	949.0000
193	0.4419	0.6460	0.5094	0.7759	0.1200	0.6929	36.7895	0.2904	983.0000	328.0000	0.3337	988.0000
194	0.4664	0.6432	0.4981	0.7565	0.1154	0.6927	36.5263	0.2845	988.0000	324.0000	0.3279	991.0000
195	0.4522	0.6418	0.5009	0.7579	0.1137	0.6977	36.7368	0.2790	992.0000	325.0000	0.3276	999.0000
196	0.4713	0.6474	0.5026	0.7622	0.1196	0.6956	36.8421	0.2872	978.0000	325.0000	0.3323	985.0000
197	0.4748	0.6427	0.4996	0.7743	0.1182	0.7003	36.5789	0.2779	961.0000	313.0000	0.3257	964.0000
198	0.4491	0.6388	0.4988	0.7736	0.1143	0.6984	36.4737	0.2984	985.0000	322.0000	0.3269	989.0000
199	0.4553	0.6434	0.5049	0.7705	0.1192	0.7034	36.8947	0.2854	994.0000	317.0000	0.3189	1002.0000
200	0.4769	0.6420	0.5013	0.7551	0.1199	0.6967	36.5789	0.2768	968.0000	317.0000	0.3275	976.0000
201	0.4417	0.6490	0.5104	0.7763	0.1219	0.6921	36.8421	0.2888	977.0000	330.0000	0.3378	984.0000
202	0.4630	0.6432	0.4975	0.7642	0.1187	0.6984	36.6316	0.2816	985.0000	312.0000	0.3168	991.0000
203	0.4668	0.6450	0.5070	0.7640	0.1196	0.6957	36.7895	0.2873	969.0000	321.0000	0.3313	974.0000
204	0.4654	0.6411	0.5043	0.7770	0.1223	0.7074	36.6842	0.2763	974.0000	303.0000	0.3111	979.0000
205	0.4640	0.6504	0.5025	0.7744	0.1206	0.6957	36.6842	0.2750	948.0000	320.0000	0.3376	951.0000
206	0.4598	0.6469	0.5076	0.7678	0.1185	0.6858	36.7895	0.3041	996.0000	326.0000	0.3273	1003.0000
207	0.4798	0.6476	0.5036	0.7799	0.1206	0.7037	36.5789	0.2802	976.0000	315.0000	0.3227	978.0000
208	0.4396	0.6485	0.5049	0.7572	0.1194	0.7030	36.6316	0.2769	1028.0000	322.0000	0.3132	1032.0000
209	0.4688	0.6495	0.5070	0.7547	0.1178	0.7022	36.5263	0.2831	994.0000	329.0000	0.3310	999.0000
210	0.4587	0.6513	0.5070	0.7643	0.1219	0.6964	36.5263	0.2913	994.0000	323.0000	0.3249	999.0000
211	0.4693	0.6420	0.4996	0.7740	0.1202	0.7033	36.6316	0.2730	933.0000	308.0000	0.3301	939.0000
212	0.4521	0.6444	0.5019	0.7718	0.1164	0.6966	36.4737	0.2857	980.0000	320.0000	0.3265	984.0000
213	0.4520	0.6511	0.5095	0.7730	0.1224	0.6864	36.5789	0.2982	998.0000	328.0000	0.3287	1003.0000
214	0.4730	0.6457	0.5049	0.7791	0.1211	0.7091	36.7895	0.2706	990.0000	311.0000	0.3141	993.0000
215	0.4672	0.6450	0.5016	0.7719	0.1206	0.7040	36.6842	0.2734	972.0000	312.0000	0.3210	976.0000
216	0.4673	0.6518	0.5101	0.7785	0.1205	0.6959	36.7368	0.2869	957.0000	322.0000	0.3365	962.0000
217	0.4407	0.6411	0.4999	0.7761	0.1186	0.6926	36.5263	0.2937	976.0000	318.0000	0.3258	980.0000
218	0.4519	0.6402	0.5003	0.7863	0.1165	0.6820	36.4737	0.3053	941.0000	318.0000	0.3379	946.0000
219	0.4656	0.6448	0.5060	0.7603	0.1178	0.6939	36.8421	0.2832	987.0000	320.0000	0.3242	992.0000
220	0.4648	0.6467	0.5036	0.7834	0.1213	0.7024	36.6842	0.2816	975.0000	312.0000	0.3200	978.0000
221	0.4729	0.6430	0.5062	0.7772	0.1169	0.7096	36.5263	0.2708	957.0000	309.0000	0.3229	962.0000
222	0.4749	0.6474	0.5082	0.7685	0.1184	0.7072	36.7368	0.2706	961.0000	314.0000	0.3267	965.0000
223	0.4616	0.6441	0.5094	0.7785	0.1200	0.6944	36.7368	0.2855	960.0000	318.0000	0.3312	964.0000
224	0.4646	0.6434	0.5035	0.7670	0.1190	0.7011	36.7895	0.2795	965.0000	310.0000	0.3212	968.0000
225	0.4699	0.6481	0.5097	0.7865	0.1197	0.6997	36.5263	0.2862	973.0000	321.0000	0.3299	976.0000
226	0.4466	0.6371	0.4995	0.7775	0.1192	0.6991	36.6316	0.2841	974.0000	309.0000	0.3172	980.0000
227	0.4622	0.6471	0.5080	0.7829	0.1204	0.7089	36.6316	0.2800	957.0000	308.0000	0.3218	962.0000
228	0.4457	0.6478	0.5071	0.7677	0.1209	0.7007	36.5789	0.2763	991.0000	323.0000	0.3259	996.0000
229	0.4670	0.6439	0.5007	0.7821	0.1223	0.7040	36.4211	0.2787	994.0000	316.0000	0.3179	1000.0000
230	0.4660	0.6434	0.5052	0.7681	0.1245	0.7063	36.5789	0.2720	997.0000	308.0000	0.3089	1002.0000
231	0.4802	0.6483	0.5082	0.7822	0.1209	0.6913	36.7895	0.2899	956.0000	317.0000	0.3316	960.0000
232	0.4739	0.6457	0.5034	0.7690	0.1169	0.7062	36.7368	0.2685	969.0000	318.0000	0.3282	971.0000
233	0.4614	0.6402	0.5006	0.7643	0.1180	0.6868	36.7895	0.2934	995.0000	327.0000	0.3286	1000.0000
234	0.4812	0.6434	0.5062	0.7771	0.1191	0.6991	36.6316	0.2800	958.0000	315.0000	0.3288	962.0000
235	0.4629	0.6471	0.5111	0.7872	0.1240	0.6990	36.6842	0.2914	986.0000	314.0000	0.3185	995.0000
236	0.4721	0.6464	0.5035	0.7719	0.1167	0.7038	36.4737	0.2801	976.0000	320.0000	0.3279	982.0000
237	0.4690	0.6395	0.5019	0.7638	0.1192	0.7011	36.7368	0.2841	969.0000	311.0000	0.3209	975.0000
238	0.4982	0.6518	0.5108	0.7851	0.1223	0.7194	36.3158	0.2554	957.0000	306.0000	0.3197	960.0000
239	0.4445	0.6460	0.5002	0.7562	0.1149	0.6984	36.7368	0.2895	992.0000	325.0000	0.3276	999.0000
240	0.4707	0.6474	0.5078	0.7708	0.1228	0.7047	36.3158	0.2689	1003.0000	318.0000	0.3170	1009.0000
241	0.4709	0.6441	0.5022	0.7622	0.1154	0.6978	36.6316	0.2792	979.0000	320.0000	0.3269	982.0000
242	0.4627	0.6455	0.5026	0.7819	0.1213	0.6830	37.1053	0.2901	978.0000	323.0000	0.3303	983.0000
243	0.4572	0.6453	0.5116	0.7686	0.1213	0.6858	36.4737	0.2898	988.0000	334.0000	0.3381	994.0000
244	0.4812	0.6404	0.5015	0.7616	0.1182	0.7040	36.6316	0.2702	950.0000	306.0000	0.3221	954.0000
245	0.4587	0.6485	0.5115	0.7731	0.1231	0.7033	36.5789	0.2811	990.0000	317.0000	0.3202	997.0000
246	0.4672	0.6430	0.5025	0.7663	0.1159	0.6970	36.8947	0.2838	959.0000	319.0000	0.3326	966.0000
247	0.4524	0.6423	0.5018	0.7652	0.1189	0.6915	36.5263	0.2850	983.0000	321.0000	0.3266	988.0000
248	0.4508	0.6399	0.5021	0.7718	0.1184	0.7040	36.6316	0.2889	963.0000	314.0000	0.3261	966.0000
249	0.4810	0.6434	0.5064	0.7777	0.1188	0.7069	36.8421	0.2690	982.0000	312.0000	0.3177	988.0000
250	0.4616	0.6397	0.5023	0.7713	0.1153	0.6951	36.6316	0.2850	948.0000	312.0000	0.3291	952.0000
251	0.4738	0.6511	0.5080	0.7668	0.1205	0.7084	36.6842	0.2791	1052.0000	326.0000	0.3099	1056.0000
252	0.4685	0.6518	0.5064	0.7703	0.1204	0.7052	36.5789	0.2807	984.0000	320.0000	0.3252	987.0000
253	0.4644	0.6453	0.5049	0.7586	0.1130	0.6927	36.6316	0.2904	1007.0000	337.0000	0.3347	1011.0000
254	0.4679	0.6439	0.5066	0.7767	0.1185	0.7092	36.5263	0.2848	947.0000	310.0000	0.3273	949.0000
255	0.4721	0.6462	0.5075	0.7699	0.1188	0.7030	36.6316	0.2781	992.0000	316.0000	0.3185	994.0000
256	0.4533	0.6450	0.5031	0.7768	0.1165	0.6829	36.5263	0.3080	938.0000	326.0000	0.3475	941.0000
257	0.4623	0.6418	0.5050	0.7707	0.1184	0.6876	36.5789	0.2915	982.0000	320.0000	0.3259	988.0000
258	0.4648	0.6462	0.5030	0.7520	0.1166	0.7110	36.7895	0.2704	1004.0000	315.0000	0.3137	1008.0000
259	0.4598	0.6423	0.5027	0.7836	0.1203	0.7011	36.8947	0.2773	951.0000	308.0000	0.3239	957.0000
260	0.4406	0.6411	0.5045	0.7672	0.1166	0.6917	36.6316	0.2942	971.0000	318.0000	0.3275	978.0000
261	0.4463	0.6416	0.5030	0.7705	0.1165	0.6852	36.5789	0.2978	976.0000	326.0000	0.3340	981.0000
262	0.4747	0.6439	0.5013	0.7736	0.1218	0.7175	36.7895	0.2595	1005.0000	304.0000	0.3025	1010.0000
263	0.4665	0.6448	0.5092	0.7786	0.1198	0.7071	36.5263	0.2823	953.0000	310.0000	0.3253	955.0000
264	0.4585	0.6464	0.5061	0.7750	0.1224	0.7013	36.8421	0.2804	972.0000	318.0000	0.3272	976.0000
265	0.4770	0.6497	0.5043	0.7624	0.1165	0.7035	36.8421	0.2875	990.0000	320.0000	0.3232	995.0000
266	0.4782	0.6441	0.4998	0.7677	0.1168	0.7072	36.5263	0.2637	992.0000	313.0000	0.3155	995.0000
267	0.4719	0.6439	0.5091	0.7622	0.1184	0.7039	36.5263	0.2863	1006.0000	315.0000	0.3131	1010.0000
268	0.4563	0.6423	0.5060	0.7889	0.1217	0.6957	36.7895	0.2893	963.0000	318.0000	0.3302	968.0000
269	0.4628	0.6434	0.5012	0.7845	0.1208	0.6910	36.6842	0.2960	984.0000	322.0000	0.3272	986.0000
270	0.4580	0.6427	0.5048	0.7611	0.1171	0.6945	36.9474	0.2824	985.0000	323.0000	0.3279	989.0000
271	0.4650	0.6437	0.5041	0.7708	0.1194	0.7128	36.6316	0.2694	984.0000	306.0000	0.3110	988.0000
272	0.4628	0.6453	0.5077	0.7792	0.1177	0.7073	36.5789	0.2769	982.0000	316.0000	0.3218	987.0000
273	0.4752	0.6385	0.4990	0.7789	0.1215	0.6981	36.5789	0.2745	953.0000	306.0000	0.3211	957.0000
274	0.4550	0.6476	0.5043	0.7647	0.1185	0.7085	36.6842	0.2682	995.0000	311.0000	0.3126	999.0000
275	0.4441	0.6532	0.5062	0.7669	0.1195	0.7005	36.6842	0.2820	1000.0000	328.0000	0.3280	1002.0000
276	0.4773	0.6518	0.5101	0.7736	0.1217	0.7051	36.9474	0.2834	975.0000	320.0000	0.3282	984.0000
277	0.4536	0.6485	0.5074	0.7843	0.1219	0.6970	36.6316	0.2858	974.0000	317.0000	0.3255	980.0000
278	0.4607	0.6467	0.5029	0.7648	0.1160	0.6981	36.6842	0.2886	984.0000	326.0000	0.3313	988.0000
279	0.4771	0.6488	0.5079	0.7661	0.1211	0.7141	36.5263	0.2637	1023.0000	313.0000	0.3060	1028.0000
280	0.4507	0.6385	0.4987	0.7802	0.1184	0.6919	36.2632	0.2923	967.0000	319.0000	0.3299	969.0000
281	0.4728	0.6439	0.5000	0.7659	0.1176	0.7022	36.6842	0.2703	995.0000	318.0000	0.3196	1000.0000
282	0.4487	0.6444	0.5057	0.7626	0.1189	0.7059	36.6842	0.2788	986.0000	320.0000	0.3245	988.0000
283	0.4740	0.6467	0.5003	0.7673	0.1159	0.6964	36.7368	0.2750	966.0000	320.0000	0.3313	970.0000
284	0.4610	0.6395	0.5032	0.7739	0.1199	0.6859	36.6316	0.2987	956.0000	320.0000	0.3347	960.0000
285	0.4634	0.6467	0.5037	0.7632	0.1183	0.6975	36.7368	0.2843	996.0000	322.0000	0.3233	999.0000
286	0.4775	0.6427	0.5036	0.7579	0.1179	0.7122	36.7895	0.2833	995.0000	318.0000	0.3196	1001.0000
287	0.4777	0.6532	0.5114	0.7744	0.1226	0.7104	36.8421	0.2681	987.0000	314.0000	0.3181	989.0000
288	0.4582	0.6478	0.5070	0.7697	0.1178	0.6911	36.6842	0.2872	977.0000	329.0000	0.3367	981.0000
289	0.4693	0.6434	0.5071	0.7669	0.1197	0.7070	36.6316	0.2768	973.0000	310.0000	0.3186	978.0000
290	0.4743	0.6374	0.5005	0.7794	0.1219	0.7169	36.4211	0.2583	974.0000	296.0000	0.3039	978.0000
291	0.4571	0.6527	0.5078	0.7606	0.1197	0.6961	36.6842	0.2880	986.0000	330.0000	0.3347	989.0000
292	0.4627	0.6418	0.5032	0.7656	0.1152	0.7022	36.5263	0.2852	965.0000	316.0000	0.3275	970.0000
293	0.4903	0.6406	0.5055	0.7740	0.1221	0.6962	36.7368	0.2693	977.0000	312.0000	0.3193	983.0000
294	0.4634	0.6437	0.5034	0.7668	0.1212	0.6988	36.6842	0.2846	986.0000	318.0000	0.3225	993.0000
295	0.4833	0.6427	0.5048	0.7699	0.1191	0.7111	36.5789	0.2608	958.0000	306.0000	0.3194	964.0000
296	0.4542	0.6534	0.5164	0.7809	0.1220	0.6963	36.7895	0.2799	974.0000	328.0000	0.3368	979.0000
297	0.4600	0.6378	0.4959	0.7677	0.1159	0.6940	36.6842	0.2885	997.0000	324.0000	0.3250	1004.0000
298	0.4556	0.6467	0.5061	0.7821	0.1219	0.6946	36.7895	0.2850	942.0000	313.0000	0.3323	949.0000
299	0.4766	0.6430	0.5007	0.7834	0.1162	0.7045	36.6842	0.2821	955.0000	315.0000	0.3298	959.0000
300	0.4573	0.6469	0.5034	0.7572	0.1162	0.7040	36.6842	0.2850	979.0000	319.0000	0.3258	986.0000
301	0.4801	0.6462	0.5071	0.7605	0.1230	0.7217	36.6316	0.2648	993.0000	303.0000	0.3051	1000.0000
302	0.4694	0.6402	0.4986	0.7774	0.1155	0.6955	36.5263	0.2814	966.0000	317.0000	0.3282	969.0000
303	0.4717	0.6469	0.5023	0.7581	0.1153	0.7045	36.5789	0.2788	971.0000	319.0000	0.3285	975.0000
304	0.4682	0.6488	0.5116	0.7815	0.1242	0.6955	36.5789	0.2873	977.0000	317.0000	0.3245	981.0000
305	0.4680	0.6495	0.5073	0.7745	0.1171	0.7023	36.4737	0.2842	967.0000	320.0000	0.3309	972.0000
306	0.4694	0.6434	0.5024	0.7735	0.1185	0.6922	36.7895	0.2871	962.0000	324.0000	0.3368	967.0000
307	0.4482	0.6474	0.5047	0.7628	0.1168	0.6994	36.7368	0.2880	1005.0000	329.0000	0.3274	1008.0000
308	0.4423	0.6513	0.5143	0.7778	0.1223	0.6768	36.6842	0.3077	994.0000	336.0000	0.3380	1000.0000
309	0.4651	0.6460	0.5023	0.7702	0.1201	0.6916	36.4211	0.2891	969.0000	322.0000	0.3323	975.0000
310	0.4580	0.6523	0.5061	0.7791	0.1195	0.6771	36.8421	0.2995	952.0000	330.0000	0.3466	955.0000
311	0.4704	0.6455	0.5001	0.7901	0.1169	0.6974	36.4737	0.2853	937.0000	314.0000	0.3351	940.0000
312	0.4704	0.6432	0.5030	0.7716	0.1178	0.7083	36.6316	0.2764	976.0000	309.0000	0.3166	981.0000
313	0.4591	0.6478	0.5044	0.7672	0.1161	0.6941	36.5263	0.2890	970.0000	327.0000	0.3371	976.0000
314	0.4531	0.6358	0.5018	0.7767	0.1142	0.6928	36.4211	0.2814	953.0000	313.0000	0.3284	959.0000
315	0.4493	0.6399	0.4970	0.7626	0.1196	0.6928	36.7368	0.2752	1001.0000	317.0000	0.3167	1006.0000
316	0.4753	0.6425	0.4986	0.7763	0.1216	0.7081	36.5263	0.2759	985.0000	310.0000	0.3147	991.0000
317	0.4595	0.6474	0.5065	0.7555	0.1185	0.6962	36.9474	0.2920	1013.0000	328.0000	0.3238	1019.0000
318	0.4628	0.6513	0.5103	0.7734	0.1207	0.6943	36.4737	0.2796	995.0000	326.0000	0.3276	999.0000
319	0.4600	0.6476	0.5090	0.7696	0.1187	0.7017	36.5789	0.2848	977.0000	322.0000	0.3296	981.0000
320	0.4536	0.6488	0.5076	0.7605	0.1208	0.6983	36.6842	0.2887	1003.0000	323.0000	0.3220	1006.0000
321	0.4640	0.6502	0.5061	0.7666	0.1199	0.6989	36.7368	0.2921	1002.0000	330.0000	0.3293	1007.0000
322	0.4542	0.6455	0.5048	0.7757	0.1176	0.6762	36.7368	0.3094	968.0000	324.0000	0.3347	972.0000
323	0.4415	0.6516	0.5077	0.7608	0.1199	0.6912	36.6316	0.2898	1010.0000	333.0000	0.3297	1012.0000
324	0.4626	0.6474	0.5071	0.7640	0.1184	0.6946	36.4737	0.2783	977.0000	328.0000	0.3357	982.0000
325	0.4587	0.6434	0.5072	0.7731	0.1178	0.6989	36.6316	0.2847	969.0000	321.0000	0.3313	971.0000
326	0.4796	0.6434	0.5026	0.7699	0.1185	0.7036	36.4211	0.2747	965.0000	313.0000	0.3244	969.0000
327	0.4805	0.6469	0.5045	0.7737	0.1169	0.6859	36.5789	0.2900	946.0000	329.0000	0.3478	949.0000
328	0.4596	0.6495	0.5075	0.7669	0.1191	0.6942	36.8947	0.2770	995.0000	323.0000	0.3246	1000.0000
329	0.4566	0.6453	0.5070	0.7784	0.1223	0.7119	36.8947	0.2688	980.0000	309.0000	0.3153	984.0000
330	0.4813	0.6548	0.5078	0.7731	0.1191	0.6945	36.8421	0.2807	977.0000	327.0000	0.3347	981.0000
331	0.4597	0.6467	0.5081	0.7818	0.1195	0.6934	36.6842	0.2895	955.0000	319.0000	0.3340	961.0000
332	0.4509	0.6448	0.5028	0.7730	0.1174	0.6921	36.6316	0.2895	967.0000	322.0000	0.3330	971.0000
333	0.4593	0.6450	0.5039	0.7646	0.1201	0.6960	36.7368	0.2825	972.0000	326.0000	0.3354	977.0000
334	0.4794	0.6495	0.5044	0.7680	0.1216	0.6994	36.6316	0.2799	990.0000	321.0000	0.3242	997.0000
335	0.4575	0.6460	0.5091	0.7872	0.1219	0.6840	36.6842	0.3009	951.0000	317.0000	0.3333	958.0000
336	0.4461	0.6462	0.5035	0.7613	0.1178	0.6935	36.9474	0.2883	1005.0000	329.0000	0.3274	1010.0000
337	0.4734	0.6504	0.5046	0.7679	0.1192	0.7019	36.8421	0.2790	988.0000	321.0000	0.3249	990.0000
338	0.4516	0.6455	0.5034	0.7709	0.1185	0.6898	36.5263	0.3005	989.0000	328.0000	0.3316	996.0000
339	0.4844	0.6453	0.5132	0.7746	0.1234	0.6994	36.5789	0.2762	974.0000	315.0000	0.3234	978.0000
340	0.4666	0.6462	0.5117	0.7795	0.1214	0.7010	36.6842	0.2792	986.0000	317.0000	0.3215	991.0000
341	0.4468	0.6448	0.5094	0.7668	0.1202	0.6900	36.7895	0.3057	1005.0000	326.0000	0.3244	1010.0000
342	0.4790	0.6406	0.5047	0.7716	0.1210	0.7108	36.5789	0.2725	994.0000	314.0000	0.3159	1001.0000
343	0.4604	0.6490	0.5064	0.7654	0.1197	0.7092	36.6316	0.2815	1005.0000	315.0000	0.3134	1011.0000
344	0.4721	0.6481	0.5057	0.7698	0.1198	0.7102	36.8421	0.2729	982.0000	309.0000	0.3147	987.0000
345	0.4584	0.6471	0.5067	0.7710	0.1189	0.6962	36.8947	0.2906	956.0000	323.0000	0.3379	962.0000
346	0.4747	0.6499	0.5064	0.7685	0.1198	0.7030	36.8947	0.2761	991.0000	318.0000	0.3209	994.0000
347	0.4807	0.6483	0.5065	0.7567	0.1206	0.7030	36.6842	0.2739	984.0000	324.0000	0.3293	991.0000
348	0.4706	0.6497	0.5069	0.7536	0.1166	0.7030	36.8421	0.2758	1019.0000	328.0000	0.3219	1022.0000
349	0.4612	0.6481	0.5060	0.7800	0.1194	0.6885	36.5263	0.2873	948.0000	328.0000	0.3460	951.0000
350	0.4638	0.6474	0.5113	0.7739	0.1182	0.6880	36.7368	0.3026	1002.0000	329.0000	0.3283	1005.0000
351	0.4756	0.6427	0.4985	0.7781	0.1168	0.7034	36.4737	0.2785	952.0000	307.0000	0.3225	956.0000
352	0.4595	0.6478	0.5029	0.7696	0.1205	0.7054	36.7368	0.2853	1024.0000	318.0000	0.3105	1032.0000
353	0.4784	0.6462	0.5036	0.7860	0.1203	0.7120	36.6842	0.2737	979.0000	305.0000	0.3115	984.0000
354	0.4668	0.6437	0.5099	0.7831	0.1229	0.7056	36.6316	0.2782	994.0000	308.0000	0.3099	1000.0000
355	0.4447	0.6460	0.5097	0.7725	0.1208	0.6850	36.7368	0.3076	987.0000	327.0000	0.3313	993.0000
356	0.4649	0.6455	0.5058	0.7799	0.1177	0.6998	36.8421	0.2947	942.0000	310.0000	0.3291	947.0000
357	0.4733	0.6490	0.5092	0.7646	0.1218	0.7026	36.3684	0.2728	1004.0000	318.0000	0.3167	1008.0000
358	0.4597	0.6450	0.5055	0.7720	0.1189	0.6960	36.5263	0.2754	969.0000	318.0000	0.3282	973.0000
359	0.4622	0.6378	0.5029	0.7643	0.1170	0.7004	36.8421	0.2778	986.0000	315.0000	0.3195	992.0000
360	0.4776	0.6453	0.5021	0.7672	0.1212	0.7064	36.6316	0.2667	991.0000	314.0000	0.3169	996.0000
361	0.4776	0.6437	0.5053	0.7825	0.1227	0.7036	36.7368	0.2726	988.0000	305.0000	0.3087	994.0000
362	0.4497	0.6434	0.5091	0.7621	0.1219	0.6969	36.6316	0.2925	992.0000	328.0000	0.3306	1000.0000
363	0.4693	0.6439	0.5041	0.7664	0.1184	0.7105	36.7895	0.2837	992.0000	314.0000	0.3165	997.0000
364	0.4632	0.6420	0.5006	0.7792	0.1189	0.6984	36.6316	0.2924	972.0000	316.0000	0.3251	975.0000
365	0.4668	0.6432	0.5011	0.7888	0.1208	0.7010	36.6316	0.2865	988.0000	300.0000	0.3036	991.0000
366	0.4654	0.6381	0.5019	0.7727	0.1190	0.6924	36.6842	0.2819	957.0000	312.0000	0.3260	962.0000
367	0.4714	0.6453	0.5072	0.7868	0.1217	0.7091	36.6316	0.2735	955.0000	310.0000	0.3246	959.0000
368	0.4472	0.6420	0.5031	0.7611	0.1135	0.6837	36.6316	0.3083	973.0000	338.0000	0.3474	978.0000
369	0.4559	0.6418	0.5043	0.7853	0.1189	0.6958	36.7368	0.2867	945.0000	313.0000	0.3312	951.0000
370	0.4673	0.6523	0.5060	0.7702	0.1210	0.7015	36.8421	0.2857	984.0000	322.0000	0.3272	986.0000
371	0.4668	0.6464	0.5079	0.7818	0.1217	0.7034	36.3158	0.2778	933.0000	318.0000	0.3408	937.0000
372	0.4527	0.6427	0.5031	0.7680	0.1184	0.6860	36.7368	0.3051	985.0000	331.0000	0.3360	987.0000
373	0.4378	0.6492	0.5093	0.7616	0.1193	0.6873	36.6316	0.2859	990.0000	336.0000	0.3394	997.0000
374	0.4810	0.6444	0.5041	0.7745	0.1187	0.6964	36.5263	0.2919	966.0000	320.0000	0.3313	970.0000
375	0.4836	0.6434	0.5077	0.7739	0.1168	0.7032	36.6316	0.2820	961.0000	312.0000	0.3247	966.0000
376	0.4788	0.6453	0.5088	0.7661	0.1165	0.7068	36.5789	0.2775	992.0000	324.0000	0.3266	998.0000
377	0.4658	0.6523	0.5105	0.7895	0.1252	0.7016	36.4737	0.2838	960.0000	319.0000	0.3323	962.0000
378	0.4539	0.6448	0.4997	0.7603	0.1153	0.6855	36.4737	0.3009	957.0000	324.0000	0.3386	962.0000
379	0.4612	0.6446	0.5067	0.7734	0.1182	0.6868	36.4737	0.3065	973.0000	324.0000	0.3330	976.0000
380	0.4629	0.6504	0.5099	0.7698	0.1224	0.7068	36.7368	0.2782	991.0000	317.0000	0.3199	996.0000
381	0.4576	0.6427	0.5038	0.7667	0.1178	0.6959	36.8421	0.2760	999.0000	326.0000	0.3263	1005.0000
382	0.4715	0.6418	0.5001	0.7914	0.1165	0.7055	36.7895	0.2881	962.0000	306.0000	0.3181	966.0000
383	0.4579	0.6395	0.5049	0.7771	0.1177	0.7022	36.6316	0.2840	954.0000	312.0000	0.3270	958.0000
384	0.4550	0.6478	0.5037	0.7701	0.1198	0.6899	36.2105	0.2862	1003.0000	323.0000	0.3220	1008.0000
385	0.4632	0.6518	0.5081	0.7602	0.1214	0.7059	36.6316	0.2882	1019.0000	325.0000	0.3189	1024.0000
386	0.4595	0.6481	0.5071	0.7658	0.1218	0.6971	36.2632	0.2874	974.0000	324.0000	0.3326	977.0000
387	0.4845	0.6464	0.5025	0.7763	0.1173	0.7007	36.8421	0.2750	990.0000	318.0000	0.3212	994.0000
388	0.4570	0.6504	0.5157	0.7661	0.1205	0.6886	36.8421	0.3056	964.0000	336.0000	0.3485	968.0000
389	0.4635	0.6485	0.5116	0.7782	0.1203	0.6890	36.4211	0.2968	976.0000	336.0000	0.3443	980.0000
390	0.4468	0.6446	0.5064	0.7776	0.1182	0.6913	36.7895	0.2946	975.0000	330.0000	0.3385	979.0000
391	0.4481	0.6455	0.5067	0.7588	0.1179	0.6920	36.4737	0.2947	999.0000	317.0000	0.3173	1004.0000
392	0.4473	0.6448	0.5121	0.7744	0.1204	0.6958	36.6842	0.2882	949.0000	317.0000	0.3340	953.0000
393	0.4482	0.6462	0.5059	0.7802	0.1193	0.6881	36.5789	0.2976	945.0000	321.0000	0.3397	949.0000
394	0.4528	0.6437	0.5045	0.7688	0.1209	0.6923	36.8421	0.2886	986.0000	327.0000	0.3316	991.0000
395	0.4779	0.6453	0.5017	0.7775	0.1220	0.7081	36.5789	0.2648	977.0000	308.0000	0.3153	982.0000
396	0.4526	0.6478	0.5032	0.7656	0.1221	0.7042	36.7368	0.2748	1002.0000	324.0000	0.3234	1006.0000
397	0.4426	0.6502	0.5060	0.7684	0.1183	0.6983	36.8421	0.2926	1005.0000	327.0000	0.3254	1007.0000
398	0.4717	0.6462	0.5045	0.7689	0.1183	0.7023	36.5263	0.2770	1006.0000	319.0000	0.3171	1012.0000
399	0.4473	0.6499	0.5068	0.7875	0.1219	0.6952	36.6842	0.3021	963.0000	317.0000	0.3292	967.0000
400	0.4628	0.6399	0.5036	0.7656	0.1155	0.6904	36.6842	0.2770	930.0000	315.0000	0.3387	936.0000
401	0.4692	0.6441	0.5020	0.7620	0.1206	0.6992	36.6316	0.2776	981.0000	321.0000	0.3272	987.0000
402	0.4677	0.6420	0.5004	0.7652	0.1173	0.6975	36.7368	0.2744	997.0000	322.0000	0.3230	1003.0000
403	0.4729	0.6485	0.5051	0.7737	0.1201	0.6934	36.5789	0.2760	971.0000	318.0000	0.3275	975.0000
404	0.4552	0.6464	0.5017	0.7835	0.1197	0.6969	36.6842	0.2825	972.0000	315.0000	0.3241	975.0000
405	0.4700	0.6446	0.5075	0.7867	0.1192	0.6883	36.5263	0.2958	934.0000	317.0000	0.3394	936.0000
406	0.4654	0.6418	0.5066	0.7647	0.1189	0.7103	36.5263	0.2707	994.0000	318.0000	0.3199	1000.0000
407	0.4788	0.6441	0.5066	0.7688	0.1158	0.7046	36.8421	0.2670	987.0000	320.0000	0.3242	991.0000
408	0.4837	0.6532	0.5075	0.7762	0.1236	0.7154	36.5789	0.2572	998.0000	315.0000	0.3156	1001.0000
409	0.4624	0.6471	0.5089	0.7709	0.1185	0.6884	36.8421	0.2875	960.0000	325.0000	0.3385	965.0000
410	0.4554	0.6444	0.5056	0.7745	0.1173	0.6914	36.5789	0.2889	989.0000	326.0000	0.3296	992.0000
411	0.4506	0.6492	0.5028	0.7553	0.1195	0.6947	36.6842	0.2925	1001.0000	332.0000	0.3317	1007.0000
412	0.4632	0.6490	0.5084	0.7705	0.1213	0.6990	36.6842	0.2806	999.0000	323.0000	0.3233	1004.0000
413	0.4648	0.6402	0.5062	0.7700	0.1200	0.6958	36.7895	0.2977	975.0000	318.0000	0.3262	982.0000
414	0.4562	0.6478	0.5084	0.7709	0.1210	0.6937	36.5789	0.2936	990.0000	324.0000	0.3273	995.0000
415	0.4454	0.6490	0.5070	0.7635	0.1206	0.6884	36.4737	0.2918	995.0000	327.0000	0.3286	1001.0000
416	0.4630	0.6439	0.5049	0.7650	0.1168	0.6964	36.6842	0.2856	1009.0000	324.0000	0.3211	1015.0000
417	0.4678	0.6432	0.5100	0.7719	0.1178	0.6965	36.5789	0.2805	963.0000	322.0000	0.3344	966.0000
418	0.4696	0.6460	0.5068	0.7733	0.1156	0.6883	36.7368	0.2934	969.0000	327.0000	0.3375	972.0000
419	0.4609	0.6464	0.5057	0.7680	0.1203	0.6910	36.4737	0.3008	969.0000	327.0000	0.3375	973.0000
420	0.4704	0.6523	0.5081	0.7572	0.1248	0.7062	36.7368	0.2645	997.0000	317.0000	0.3180	1004.0000
421	0.4603	0.6411	0.5004	0.7645	0.1136	0.6813	36.9474	0.2902	965.0000	333.0000	0.3451	970.0000
422	0.4684	0.6478	0.5093	0.7728	0.1206	0.7131	36.4211	0.2723	994.0000	312.0000	0.3139	999.0000
423	0.4774	0.6397	0.5036	0.7760	0.1169	0.7012	36.6842	0.2769	962.0000	313.0000	0.3254	964.0000
424	0.4725	0.6523	0.5105	0.7715	0.1247	0.7070	36.4737	0.2676	1001.0000	317.0000	0.3167	1004.0000
425	0.4464	0.6457	0.5006	0.7774	0.1191	0.6845	36.3158	0.3024	960.0000	324.0000	0.3375	965.0000
426	0.4682	0.6437	0.4990	0.7770	0.1190	0.6967	36.4211	0.2870	927.0000	313.0000	0.3376	932.0000
427	0.4591	0.6476	0.5088	0.7746	0.1204	0.6910	36.5263	0.2918	986.0000	322.0000	0.3266	992.0000
428	0.4607	0.6406	0.5052	0.7720	0.1195	0.6994	36.3684	0.2788	981.0000	322.0000	0.3282	987.0000
429	0.4588	0.6446	0.5035	0.7909	0.1218	0.6950	36.8421	0.2893	952.0000	312.0000	0.3277	956.0000
430	0.4841	0.6453	0.5037	0.7779	0.1148	0.7104	36.8947	0.2760	957.0000	317.0000	0.3312	960.0000
431	0.4661	0.6441	0.5084	0.7735	0.1203	0.7050	36.6842	0.2826	956.0000	309.0000	0.3232	962.0000
432	0.4567	0.6439	0.5071	0.7613	0.1169	0.6971	36.7368	0.2781	1001.0000	328.0000	0.3277	1006.0000
433	0.4528	0.6444	0.5007	0.7707	0.1151	0.6948	36.5263	0.2863	952.0000	324.0000	0.3403	954.0000
434	0.4683	0.6411	0.4986	0.7652	0.1137	0.6970	36.7368	0.2712	977.0000	322.0000	0.3296	981.0000
435	0.4496	0.6446	0.5064	0.7687	0.1165	0.6982	36.3684	0.2917	948.0000	317.0000	0.3344	954.0000
436	0.4523	0.6423	0.5012	0.7688	0.1157	0.6908	36.5789	0.2853	957.0000	326.0000	0.3406	961.0000
437	0.4407	0.6411	0.5012	0.7681	0.1210	0.6942	36.6316	0.2818	1023.0000	317.0000	0.3099	1026.0000
438	0.4394	0.6469	0.5016	0.7527	0.1170	0.6927	36.7368	0.3001	1008.0000	335.0000	0.3323	1013.0000
439	0.4629	0.6402	0.5047	0.7718	0.1183	0.6943	36.7895	0.2849	991.0000	320.0000	0.3229	997.0000
440	0.4690	0.6432	0.5109	0.7786	0.1213	0.7119	36.5263	0.2702	966.0000	315.0000	0.3261	969.0000
441	0.4628	0.6423	0.5041	0.7709	0.1203	0.7068	36.5789	0.2714	975.0000	312.0000	0.3200	979.0000
442	0.4829	0.6439	0.5025	0.7745	0.1183	0.7099	36.3684	0.2756	968.0000	308.0000	0.3182	971.0000
443	0.4596	0.6478	0.5040	0.7641	0.1191	0.6955	36.8947	0.2876	994.0000	331.0000	0.3330	999.0000
444	0.4606	0.6460	0.5039	0.7687	0.1192	0.7016	36.3684	0.2807	987.0000	315.0000	0.3191	993.0000
445	0.4586	0.6488	0.5089	0.7733	0.1211	0.6966	36.7895	0.2836	1014.0000	326.0000	0.3215	1019.0000
446	0.4550	0.6476	0.5080	0.7805	0.1219	0.6948	36.5263	0.2895	986.0000	326.0000	0.3306	991.0000
447	0.4730	0.6476	0.5068	0.7712	0.1231	0.7131	36.5263	0.2716	1006.0000	320.0000	0.3181	1011.0000
448	0.4563	0.6420	0.5048	0.7825	0.1206	0.6882	36.7895	0.2970	950.0000	314.0000	0.3305	953.0000
449	0.4637	0.6485	0.5035	0.7717	0.1190	0.6834	36.7895	0.3011	952.0000	319.0000	0.3351	958.0000
450	0.4695	0.6437	0.5067	0.7795	0.1187	0.6962	36.7368	0.2839	965.0000	315.0000	0.3264	969.0000
451	0.4741	0.6434	0.5042	0.7790	0.1211	0.7049	36.8421	0.2760	969.0000	314.0000	0.3240	973.0000
452	0.4636	0.6430	0.5011	0.7757	0.1193	0.6939	36.6842	0.2970	948.0000	317.0000	0.3344	952.0000
453	0.4499	0.6495	0.5054	0.7580	0.1174	0.7065	36.4211	0.2833	1010.0000	317.0000	0.3139	1012.0000
454	0.4523	0.6509	0.5092	0.7892	0.1221	0.6835	36.5263	0.3110	955.0000	327.0000	0.3424	957.0000
455	0.4614	0.6492	0.5069	0.7771	0.1184	0.6981	36.7368	0.2927	965.0000	321.0000	0.3326	970.0000
456	0.4577	0.6444	0.5060	0.7723	0.1180	0.6957	36.6316	0.2866	951.0000	316.0000	0.3323	957.0000
457	0.4803	0.6469	0.5047	0.7793	0.1182	0.7083	36.6316	0.2772	966.0000	313.0000	0.3240	970.0000
458	0.4741	0.6383	0.4953	0.7551	0.1154	0.7148	36.4211	0.2717	978.0000	303.0000	0.3098	984.0000
459	0.4524	0.6518	0.5108	0.7654	0.1233	0.7104	36.6842	0.2732	988.0000	313.0000	0.3168	993.0000
460	0.4805	0.6564	0.5087	0.7614	0.1234	0.7146	36.7895	0.2624	1017.0000	312.0000	0.3068	1020.0000
461	0.4578	0.6430	0.5011	0.7752	0.1191	0.7045	36.6842	0.2749	988.0000	311.0000	0.3148	993.0000
462	0.4747	0.6397	0.5059	0.7882	0.1191	0.6988	36.8421	0.2831	950.0000	314.0000	0.3305	954.0000
463	0.4855	0.6460	0.5092	0.7667	0.1188	0.6950	36.5789	0.2737	993.0000	319.0000	0.3212	998.0000
464	0.4624	0.6485	0.5046	0.7642	0.1165	0.7046	36.5789	0.2768	976.0000	318.0000	0.3258	985.0000
465	0.4641	0.6495	0.5113	0.7752	0.1199	0.7050	36.4211	0.2798	962.0000	316.0000	0.3285	967.0000
466	0.4810	0.6506	0.5047	0.7668	0.1210	0.7098	36.6842	0.2545	1015.0000	321.0000	0.3163	1021.0000
467	0.4670	0.6406	0.5034	0.7751	0.1161	0.6994	36.6842	0.2786	954.0000	313.0000	0.3281	960.0000
468	0.4745	0.6432	0.5039	0.7869	0.1194	0.6911	36.5789	0.2951	952.0000	319.0000	0.3351	956.0000
469	0.4481	0.6492	0.5064	0.7793	0.1175	0.6760	36.7368	0.3114	966.0000	336.0000	0.3478	969.0000
470	0.4664	0.6455	0.5033	0.7621	0.1193	0.7123	36.3684	0.2614	972.0000	308.0000	0.3169	977.0000
471	0.4383	0.6518	0.5052	0.7757	0.1211	0.6829	36.6842	0.3037	995.0000	332.0000	0.3337	997.0000
472	0.4765	0.6476	0.5051	0.7783	0.1258	0.7096	36.5789	0.2612	1002.0000	316.0000	0.3154	1005.0000
473	0.4689	0.6513	0.5057	0.7781	0.1203	0.6937	36.5263	0.2881	980.0000	328.0000	0.3347	985.0000
474	0.4584	0.6409	0.5001	0.7627	0.1170	0.6900	36.5789	0.2946	979.0000	324.0000	0.3309	984.0000
475	0.4625	0.6453	0.5032	0.7700	0.1193	0.6929	36.6842	0.2899	972.0000	319.0000	0.3282	975.0000
476	0.4809	0.6450	0.5048	0.7684	0.1182	0.7032	36.5263	0.2712	981.0000	316.0000	0.3221	985.0000
477	0.4387	0.6434	0.5048	0.7748	0.1172	0.6910	36.5263	0.2884	958.0000	315.0000	0.3288	966.0000
478	0.4666	0.6444	0.5073	0.7621	0.1187	0.7109	36.6842	0.2701	982.0000	309.0000	0.3147	988.0000
479	0.4741	0.6444	0.5055	0.7964	0.1223	0.6872	36.6842	0.2931	927.0000	318.0000	0.3430	931.0000
480	0.4450	0.6430	0.5076	0.7643	0.1202	0.7099	36.7368	0.2813	1013.0000	317.0000	0.3129	1018.0000
481	0.4663	0.6481	0.5029	0.7741	0.1211	0.6923	36.7895	0.2892	984.0000	315.0000	0.3201	990.0000
482	0.4654	0.6492	0.5105	0.7641	0.1191	0.6940	36.4737	0.2851	977.0000	326.0000	0.3337	983.0000
483	0.4725	0.6513	0.5110	0.7910	0.1228	0.7006	36.5789	0.2760	962.0000	318.0000	0.3306	966.0000
484	0.4512	0.6483	0.5069	0.7877	0.1245	0.6898	36.6316	0.2860	958.0000	315.0000	0.3288	963.0000
485	0.4765	0.6425	0.5015	0.7691	0.1189	0.6985	36.8421	0.2784	943.0000	313.0000	0.3319	946.0000
486	0.4749	0.6425	0.5068	0.7747	0.1186	0.6890	36.7368	0.2837	973.0000	321.0000	0.3299	978.0000
487	0.4753	0.6483	0.5035	0.7631	0.1180	0.7024	36.8421	0.2690	1003.0000	319.0000	0.3180	1009.0000
488	0.4602	0.6462	0.5064	0.7687	0.1174	0.6859	36.5263	0.3018	952.0000	328.0000	0.3445	955.0000
489	0.4612	0.6511	0.5121	0.7809	0.1225	0.6995	36.7895	0.2741	966.0000	321.0000	0.3323	970.0000
490	0.4703	0.6437	0.5059	0.7741	0.1173	0.7054	36.7368	0.2871	989.0000	315.0000	0.3185	994.0000
491	0.4709	0.6392	0.5013	0.7789	0.1202	0.7084	36.6842	0.2811	963.0000	304.0000	0.3157	967.0000
492	0.4590	0.6478	0.5091	0.7690	0.1233	0.6881	36.8421	0.2847	975.0000	320.0000	0.3282	980.0000
493	0.4681	0.6523	0.5057	0.7698	0.1185	0.6978	36.6316	0.2939	996.0000	327.0000	0.3283	1000.0000
494	0.4657	0.6490	0.5098	0.7700	0.1199	0.6951	36.4211	0.2942	956.0000	323.0000	0.3379	962.0000
495	0.4541	0.6446	0.5035	0.7648	0.1209	0.6944	36.7368	0.2825	984.0000	325.0000	0.3303	990.0000
496	0.4465	0.6467	0.5078	0.7761	0.1207	0.6874	36.8947	0.3031	996.0000	327.0000	0.3283	999.0000
497	0.4677	0.6450	0.5007	0.7665	0.1191	0.6937	36.6842	0.2861	997.0000	323.0000	0.3240	1002.0000
498	0.4588	0.6448	0.5006	0.7700	0.1185	0.7044	36.8947	0.2720	974.0000	316.0000	0.3244	978.0000
499	0.4860	0.6516	0.5086	0.7817	0.1190	0.6973	36.6842	0.2849	957.0000	323.0000	0.3375	959.0000
500	0.4649	0.6448	0.5024	0.7639	0.1210	0.6992	36.6842	0.2800	968.0000	316.0000	0.3264	971.0000
501	0.4549	0.6488	0.5045	0.7680	0.1219	0.7039	36.3684	0.2751	995.0000	320.0000	0.3216	999.0000
502	0.4683	0.6462	0.5038	0.7687	0.1159	0.6907	36.5789	0.2884	962.0000	327.0000	0.3399	966.0000
503	0.4641	0.6425	0.5069	0.7789	0.1221	0.7025	36.5789	0.2687	960.0000	310.0000	0.3229	963.0000
504	0.4657	0.6485	0.5085	0.7557	0.1190	0.7028	36.7895	0.2778	1004.0000	325.0000	0.3237	1009.0000
505	0.4560	0.6425	0.5052	0.7702	0.1205	0.6888	36.7368	0.2968	946.0000	321.0000	0.3393	951.0000
506	0.4690	0.6434	0.5032	0.7854	0.1207	0.6977	36.6842	0.2840	961.0000	310.0000	0.3226	967.0000
507	0.4693	0.6502	0.5076	0.7722	0.1191	0.6994	36.5789	0.2914	981.0000	328.0000	0.3344	985.0000
508	0.4712	0.6464	0.5103	0.7820	0.1220	0.7052	36.7368	0.2742	991.0000	318.0000	0.3209	997.0000
509	0.4696	0.6523	0.5127	0.7652	0.1204	0.7007	36.6316	0.2812	968.0000	320.0000	0.3306	972.0000
510	0.4468	0.6420	0.5023	0.7750	0.1185	0.7025	36.6842	0.2794	972.0000	314.0000	0.3230	976.0000
511	0.4616	0.6423	0.5052	0.7649	0.1199	0.6928	36.6316	0.2983	967.0000	323.0000	0.3340	971.0000
512	0.4406	0.6481	0.5085	0.7882	0.1184	0.6837	36.6842	0.2997	948.0000	321.0000	0.3386	952.0000
513	0.4636	0.6499	0.5099	0.7816	0.1233	0.7055	36.4737	0.2851	991.0000	311.0000	0.3138	998.0000
514	0.4774	0.6374	0.5011	0.7783	0.1188	0.7003	36.7368	0.2755	975.0000	312.0000	0.3200	978.0000
515	0.4768	0.6471	0.5048	0.7886	0.1217	0.6893	36.7895	0.2842	943.0000	314.0000	0.3330	946.0000
516	0.4781	0.6497	0.5071	0.7774	0.1203	0.7058	36.6842	0.2734	1004.0000	319.0000	0.3177	1007.0000
517	0.4648	0.6492	0.5121	0.7782	0.1235	0.7042	36.5789	0.2805	1000.0000	319.0000	0.3190	1005.0000
518	0.4629	0.6474	0.5080	0.7712	0.1192	0.7062	36.7368	0.2763	970.0000	321.0000	0.3309	974.0000
519	0.4726	0.6495	0.5053	0.7929	0.1221	0.6951	36.6316	0.2899	952.0000	324.0000	0.3403	954.0000
520	0.4474	0.6492	0.5097	0.7661	0.1213	0.7002	36.8421	0.2932	1018.0000	327.0000	0.3212	1023.0000
521	0.4593	0.6411	0.5031	0.7691	0.1177	0.7018	36.6316	0.2720	996.0000	324.0000	0.3253	999.0000
522	0.4908	0.6432	0.5084	0.7625	0.1193	0.7091	36.5789	0.2648	1011.0000	311.0000	0.3076	1016.0000
523	0.4510	0.6406	0.5001	0.7688	0.1133	0.6849	36.9474	0.2973	941.0000	321.0000	0.3411	946.0000
524	0.4641	0.6485	0.5046	0.7672	0.1172	0.6916	36.6842	0.2891	972.0000	320.0000	0.3292	979.0000
525	0.4567	0.6499	0.5099	0.7686	0.1196	0.6889	36.5789	0.2930	986.0000	339.0000	0.3438	989.0000
526	0.4794	0.6430	0.5072	0.7744	0.1205	0.7136	36.7368	0.2584	984.0000	311.0000	0.3161	986.0000
527	0.4690	0.6460	0.5031	0.7516	0.1188	0.7037	36.7368	0.2790	996.0000	326.0000	0.3273	1003.0000
528	0.4804	0.6453	0.5053	0.7661	0.1196	0.7145	36.6842	0.2591	988.0000	303.0000	0.3067	995.0000
529	0.4638	0.6483	0.5043	0.7707	0.1201	0.6993	36.6316	0.2793	963.0000	323.0000	0.3354	969.0000
530	0.4426	0.6397	0.5031	0.7777	0.1159	0.6857	36.6316	0.2870	961.0000	330.0000	0.3434	966.0000
531	0.4439	0.6411	0.5074	0.7806	0.1202	0.6983	36.5789	0.2951	984.0000	321.0000	0.3262	987.0000
532	0.4740	0.6432	0.5077	0.7699	0.1197	0.6926	36.7895	0.2770	954.0000	320.0000	0.3354	959.0000
533	0.4727	0.6418	0.5026	0.7644	0.1182	0.7036	36.6842	0.2704	999.0000	319.0000	0.3193	1004.0000
534	0.4635	0.6371	0.5031	0.7785	0.1194	0.6991	36.8947	0.2712	965.0000	314.0000	0.3254	973.0000
535	0.4579	0.6499	0.5024	0.7609	0.1179	0.7053	36.6842	0.2830	963.0000	320.0000	0.3323	968.0000
536	0.4593	0.6518	0.5078	0.7709	0.1208	0.6994	36.8421	0.2899	984.0000	325.0000	0.3303	987.0000
537	0.4678	0.6492	0.5071	0.7696	0.1184	0.6885	36.6316	0.2964	984.0000	333.0000	0.3384	990.0000
538	0.4517	0.6523	0.5083	0.7549	0.1193	0.6911	36.7368	0.2818	981.0000	327.0000	0.3333	983.0000
539	0.4641	0.6439	0.5031	0.7665	0.1179	0.7014	36.8947	0.2817	988.0000	317.0000	0.3209	992.0000
540	0.4745	0.6457	0.5120	0.7712	0.1223	0.7017	36.8947	0.2821	975.0000	318.0000	0.3262	980.0000
541	0.4622	0.6492	0.5074	0.7758	0.1212	0.7075	36.6316	0.2855	983.0000	313.0000	0.3184	987.0000
542	0.4546	0.6504	0.5043	0.7640	0.1198	0.6971	36.5789	0.2850	996.0000	330.0000	0.3313	999.0000
543	0.4572	0.6490	0.5108	0.7621	0.1225	0.6963	36.6842	0.2830	972.0000	323.0000	0.3323	977.0000
544	0.4782	0.6518	0.5088	0.7658	0.1200	0.7087	36.7368	0.2682	996.0000	316.0000	0.3173	1001.0000
545	0.4467	0.6476	0.5048	0.7621	0.1226	0.6977	36.5789	0.2986	1010.0000	323.0000	0.3198	1016.0000
546	0.4567	0.6420	0.4980	0.7582	0.1165	0.7043	36.5263	0.2830	985.0000	317.0000	0.3218	987.0000
547	0.4606	0.6441	0.5019	0.7713	0.1171	0.6991	36.7895	0.2821	989.0000	323.0000	0.3266	994.0000
548	0.4630	0.6439	0.5096	0.7689	0.1173	0.6924	36.6316	0.2805	964.0000	325.0000	0.3371	970.0000
549	0.4640	0.6471	0.5031	0.7800	0.1193	0.6965	36.5789	0.2893	964.0000	324.0000	0.3361	968.0000
550	0.4773	0.6450	0.5061	0.7789	0.1206	0.6940	36.6842	0.2864	953.0000	309.0000	0.3242	957.0000
551	0.4685	0.6411	0.5030	0.7758	0.1190	0.7002	36.7368	0.2753	965.0000	313.0000	0.3244	968.0000
552	0.4672	0.6425	0.5090	0.7738	0.1195	0.7217	36.6316	0.2507	991.0000	303.0000	0.3058	997.0000
553	0.4606	0.6478	0.5079	0.7777	0.1229	0.7031	36.5263	0.2830	997.0000	316.0000	0.3170	1002.0000
554	0.4842	0.6444	0.5033	0.7865	0.1200	0.6958	36.6842	0.2796	971.0000	313.0000	0.3223	974.0000
555	0.4602	0.6490	0.5080	0.7664	0.1213	0.6992	36.6316	0.2905	994.0000	328.0000	0.3300	999.0000
556	0.4623	0.6374	0.4995	0.7645	0.1198	0.6959	36.5789	0.2914	969.0000	316.0000	0.3261	978.0000
557	0.4602	0.6481	0.5013	0.7758	0.1163	0.6901	36.7895	0.2920	945.0000	324.0000	0.3429	949.0000
558	0.4578	0.6478	0.5068	0.7760	0.1200	0.6907	36.3684	0.2834	961.0000	317.0000	0.3299	965.0000
559	0.4498	0.6402	0.5007	0.7739	0.1160	0.6947	36.8421	0.2883	966.0000	316.0000	0.3271	971.0000
560	0.4573	0.6444	0.5044	0.7619	0.1203	0.6949	36.7895	0.2809	968.0000	319.0000	0.3295	973.0000
561	0.4526	0.6437	0.5073	0.7664	0.1203	0.6903	36.5263	0.2867	1002.0000	324.0000	0.3234	1008.0000
562	0.4710	0.6427	0.5006	0.7716	0.1132	0.6904	36.4737	0.3009	934.0000	322.0000	0.3448	937.0000
563	0.4719	0.6469	0.5054	0.7809	0.1167	0.7014	36.6842	0.2760	946.0000	316.0000	0.3340	949.0000
564	0.4726	0.6418	0.5029	0.7790	0.1186	0.6864	36.2632	0.2818	975.0000	322.0000	0.3303	977.0000
565	0.4699	0.6502	0.5054	0.7764	0.1206	0.6970	36.5789	0.2848	970.0000	327.0000	0.3371	974.0000
566	0.4509	0.6469	0.5054	0.7589	0.1181	0.7016	36.3684	0.2753	1037.0000	328.0000	0.3163	1039.0000
567	0.4479	0.6502	0.5093	0.7607	0.1199	0.7040	36.6316	0.2863	999.0000	326.0000	0.3263	1004.0000
568	0.4696	0.6511	0.5068	0.7680	0.1262	0.6910	36.6316	0.2861	972.0000	322.0000	0.3313	976.0000
569	0.4423	0.6506	0.5080	0.7727	0.1206	0.6862	36.8947	0.2977	976.0000	333.0000	0.3412	979.0000
570	0.4895	0.6497	0.5092	0.7772	0.1201	0.7030	36.7368	0.2761	935.0000	312.0000	0.3337	938.0000
571	0.4661	0.6453	0.5061	0.7672	0.1185	0.6956	36.5789	0.2930	972.0000	316.0000	0.3251	976.0000
572	0.4645	0.6437	0.5050	0.7695	0.1186	0.7076	36.5263	0.2747	986.0000	318.0000	0.3225	989.0000
573	0.4678	0.6381	0.5001	0.7735	0.1200	0.6983	36.5789	0.2741	993.0000	311.0000	0.3132	998.0000
574	0.4702	0.6353	0.4935	0.7495	0.1142	0.7012	36.6316	0.2771	991.0000	315.0000	0.3179	995.0000
575	0.4624	0.6423	0.5061	0.7718	0.1183	0.6912	36.4737	0.2812	961.0000	318.0000	0.3309	966.0000
576	0.4479	0.6469	0.5066	0.7761	0.1202	0.6951	36.5263	0.2924	965.0000	318.0000	0.3295	969.0000
577	0.4742	0.6446	0.5066	0.7740	0.1215	0.6991	36.7895	0.2796	966.0000	319.0000	0.3302	972.0000
578	0.4429	0.6471	0.4995	0.7849	0.1168	0.6794	36.4737	0.2998	935.0000	329.0000	0.3519	937.0000
579	0.4726	0.6444	0.5017	0.7575	0.1153	0.7095	36.6842	0.2774	970.0000	319.0000	0.3289	977.0000
580	0.4502	0.6385	0.5010	0.7687	0.1166	0.6864	36.6316	0.2968	936.0000	324.0000	0.3462	942.0000
581	0.4740	0.6450	0.5076	0.7706	0.1168	0.7013	36.4211	0.2835	966.0000	317.0000	0.3282	968.0000
582	0.4666	0.6441	0.5063	0.7622	0.1211	0.7027	36.6316	0.2837	995.0000	324.0000	0.3256	999.0000
583	0.4718	0.6390	0.4977	0.7711	0.1198	0.6961	36.8421	0.2826	968.0000	317.0000	0.3275	974.0000
584	0.4909	0.6441	0.5058	0.7705	0.1192	0.7078	36.7368	0.2682	973.0000	313.0000	0.3217	979.0000
585	0.4507	0.6483	0.5054	0.7670	0.1189	0.6796	36.8421	0.3059	985.0000	334.0000	0.3391	990.0000
586	0.4555	0.6430	0.5119	0.7796	0.1228	0.6963	36.5789	0.2924	979.0000	310.0000	0.3166	984.0000
587	0.4743	0.6497	0.5053	0.7695	0.1210	0.7137	36.8421	0.2654	997.0000	309.0000	0.3099	1002.0000
588	0.4868	0.6478	0.5077	0.7716	0.1231	0.6973	36.5789	0.2850	986.0000	323.0000	0.3276	991.0000
589	0.4482	0.6385	0.5044	0.7673	0.1166	0.6980	36.6316	0.2794	945.0000	316.0000	0.3344	949.0000
590	0.4641	0.6441	0.5057	0.7791	0.1233	0.6974	36.5789	0.2883	981.0000	316.0000	0.3221	986.0000
591	0.4684	0.6457	0.5017	0.7599	0.1176	0.7009	36.6316	0.2743	993.0000	322.0000	0.3243	999.0000
592	0.4358	0.6490	0.5076	0.7760	0.1225	0.6909	36.7895	0.2970	1002.0000	323.0000	0.3224	1008.0000
593	0.4672	0.6404	0.4997	0.7671	0.1163	0.6961	36.6316	0.2842	947.0000	317.0000	0.3347	950.0000
594	0.4836	0.6444	0.5091	0.7757	0.1219	0.7024	36.4737	0.2697	963.0000	313.0000	0.3250	969.0000
595	0.4680	0.6476	0.5090	0.7697	0.1226	0.7009	36.7895	0.2867	992.0000	328.0000	0.3306	996.0000
596	0.4427	0.6469	0.5070	0.7612	0.1186	0.6880	36.8947	0.2945	1000.0000	333.0000	0.3330	1003.0000
597	0.4579	0.6495	0.5064	0.7812	0.1230	0.6995	36.6842	0.2943	963.0000	319.0000	0.3313	966.0000
598	0.4605	0.6462	0.5081	0.7749	0.1174	0.6971	36.7368	0.2877	963.0000	322.0000	0.3344	969.0000
599	0.4798	0.6409	0.4989	0.7681	0.1201	0.7071	36.6842	0.2781	1020.0000	309.0000	0.3029	1024.0000
600	0.4550	0.6444	0.5081	0.7647	0.1198	0.6965	36.6316	0.2844	977.0000	324.0000	0.3316	986.0000
601	0.4479	0.6455	0.5036	0.7724	0.1216	0.6934	36.4211	0.2912	995.0000	316.0000	0.3176	1000.0000
602	0.4512	0.6437	0.5049	0.7620	0.1178	0.7011	36.7368	0.2792	990.0000	328.0000	0.3313	997.0000
603	0.4564	0.6457	0.5052	0.7722	0.1203	0.6924	36.4211	0.2898	959.0000	322.0000	0.3358	965.0000
604	0.4812	0.6437	0.5003	0.7656	0.1141	0.7001	36.5789	0.2859	995.0000	319.0000	0.3206	1001.0000
605	0.4628	0.6453	0.5085	0.7745	0.1195	0.6904	36.4211	0.2926	977.0000	321.0000	0.3286	982.0000
606	0.4439	0.6425	0.5040	0.7743	0.1212	0.6975	36.5263	0.2892	980.0000	312.0000	0.3184	986.0000
607	0.4654	0.6467	0.5057	0.7685	0.1209	0.6955	36.6316	0.2830	968.0000	323.0000	0.3337	972.0000
608	0.4630	0.6474	0.5098	0.7797	0.1197	0.6904	37.0000	0.2866	980.0000	328.0000	0.3347	983.0000
609	0.4646	0.6455	0.5038	0.7733	0.1181	0.7016	36.5263	0.2814	974.0000	313.0000	0.3214	977.0000
610	0.4681	0.6525	0.5066	0.7866	0.1188	0.6991	36.7895	0.2826	951.0000	314.0000	0.3302	956.0000
611	0.4650	0.6444	0.5104	0.7793	0.1225	0.7001	36.6316	0.2821	998.0000	321.0000	0.3216	1005.0000
612	0.4561	0.6457	0.5046	0.7656	0.1194	0.6940	36.5789	0.2880	984.0000	323.0000	0.3283	990.0000
613	0.4804	0.6420	0.5025	0.7657	0.1155	0.6950	36.5263	0.2898	955.0000	316.0000	0.3309	958.0000
614	0.4632	0.6492	0.5049	0.7757	0.1181	0.6934	37.0000	0.2943	989.0000	325.0000	0.3286	992.0000
615	0.4656	0.6492	0.5051	0.7657	0.1206	0.7030	36.6842	0.2725	1005.0000	322.0000	0.3204	1013.0000
616	0.4540	0.6441	0.5048	0.7849	0.1225	0.6926	36.6842	0.2898	971.0000	314.0000	0.3234	976.0000
617	0.4512	0.6437	0.5058	0.7713	0.1196	0.6961	36.6842	0.2836	995.0000	315.0000	0.3166	1000.0000
618	0.4480	0.6432	0.5068	0.7589	0.1169	0.6843	36.6842	0.3000	972.0000	334.0000	0.3436	976.0000
619	0.4554	0.6439	0.5084	0.7816	0.1193	0.6994	36.7895	0.2925	969.0000	318.0000	0.3282	975.0000
620	0.4641	0.6467	0.5045	0.7550	0.1167	0.6932	36.4211	0.2823	971.0000	324.0000	0.3337	975.0000
621	0.4709	0.6481	0.5027	0.7629	0.1163	0.6927	36.4737	0.2870	949.0000	330.0000	0.3477	951.0000
622	0.4759	0.6441	0.5031	0.7761	0.1178	0.7120	36.6842	0.2729	979.0000	308.0000	0.3146	983.0000
623	0.4444	0.6416	0.5090	0.7684	0.1227	0.6860	36.4737	0.2943	997.0000	320.0000	0.3210	1000.0000
624	0.4614	0.6499	0.5090	0.7725	0.1190	0.7058	36.7895	0.2856	996.0000	324.0000	0.3253	998.0000
625	0.4698	0.6444	0.5104	0.7769	0.1188	0.7071	36.4737	0.2770	987.0000	316.0000	0.3202	994.0000
626	0.4571	0.6390	0.5040	0.7666	0.1198	0.7050	36.7368	0.2808	990.0000	317.0000	0.3202	994.0000
627	0.4675	0.6497	0.5004	0.7700	0.1182	0.6968	36.7368	0.2766	972.0000	319.0000	0.3282	975.0000
628	0.4714	0.6434	0.5021	0.7669	0.1174	0.7020	36.6842	0.2812	986.0000	317.0000	0.3215	994.0000
629	0.4500	0.6416	0.5015	0.7715	0.1172	0.6939	36.6316	0.2933	959.0000	320.0000	0.3337	961.0000
630	0.4724	0.6481	0.5044	0.7719	0.1245	0.7081	36.5789	0.2797	1029.0000	315.0000	0.3061	1035.0000
631	0.4794	0.6418	0.4991	0.7663	0.1150	0.6948	36.6316	0.3001	972.0000	325.0000	0.3344	979.0000
632	0.4858	0.6499	0.5085	0.7771	0.1241	0.7049	36.6316	0.2779	961.0000	308.0000	0.3205	964.0000
633	0.4630	0.6490	0.5042	0.7727	0.1215	0.6887	36.6316	0.2984	984.0000	329.0000	0.3343	990.0000
634	0.4582	0.6432	0.5040	0.7739	0.1196	0.6899	36.6316	0.2925	957.0000	327.0000	0.3417	963.0000
635	0.4682	0.6441	0.5009	0.7674	0.1165	0.7109	36.7368	0.2710	982.0000	317.0000	0.3228	986.0000
636	0.4646	0.6427	0.5006	0.7615	0.1165	0.7026	36.7368	0.2756	1012.0000	324.0000	0.3202	1017.0000
637	0.4577	0.6481	0.5015	0.7607	0.1182	0.7137	36.5263	0.2699	1030.0000	313.0000	0.3039	1038.0000
638	0.4658	0.6467	0.5042	0.7701	0.1204	0.6948	36.8947	0.2907	1008.0000	328.0000	0.3254	1015.0000
639	0.4767	0.6469	0.5032	0.7576	0.1199	0.6969	36.6316	0.2877	995.0000	325.0000	0.3266	1001.0000
640	0.4925	0.6509	0.5089	0.7661	0.1195	0.7056	36.6842	0.2752	963.0000	317.0000	0.3292	966.0000
641	0.4510	0.6381	0.4991	0.7619	0.1174	0.6941	36.7895	0.2880	976.0000	312.0000	0.3197	983.0000
642	0.4507	0.6439	0.5022	0.7679	0.1188	0.6890	36.5789	0.2962	969.0000	326.0000	0.3364	971.0000
643	0.4728	0.6423	0.5049	0.7747	0.1166	0.7069	36.5789	0.2684	992.0000	313.0000	0.3155	997.0000
644	0.4525	0.6483	0.5058	0.7788	0.1185	0.6916	36.3158	0.2943	958.0000	326.0000	0.3403	961.0000
645	0.4745	0.6476	0.5045	0.7739	0.1203	0.7069	36.4737	0.2627	982.0000	316.0000	0.3218	988.0000
646	0.4646	0.6457	0.5048	0.7662	0.1181	0.7086	36.6842	0.2696	997.0000	322.0000	0.3230	1003.0000
647	0.4652	0.6525	0.5134	0.7688	0.1243	0.6947	36.6316	0.2937	998.0000	324.0000	0.3246	1003.0000
648	0.4679	0.6467	0.5069	0.7806	0.1198	0.6943	36.6842	0.2848	941.0000	318.0000	0.3379	943.0000
649	0.4678	0.6420	0.5034	0.7680	0.1172	0.6953	36.6842	0.2812	962.0000	321.0000	0.3337	967.0000
650	0.4506	0.6423	0.5023	0.7801	0.1198	0.6974	36.8421	0.2959	970.0000	319.0000	0.3289	973.0000
651	0.4591	0.6430	0.5058	0.7772	0.1200	0.6950	36.5789	0.2879	953.0000	317.0000	0.3326	955.0000
652	0.4599	0.6378	0.5001	0.7617	0.1120	0.6982	36.3684	0.2828	944.0000	323.0000	0.3422	948.0000
653	0.4662	0.6453	0.5024	0.7748	0.1180	0.7008	36.9474	0.2842	953.0000	312.0000	0.3274	956.0000
654	0.4530	0.6464	0.5037	0.7619	0.1178	0.7023	36.7895	0.2770	1022.0000	328.0000	0.3209	1027.0000
655	0.4691	0.6530	0.5066	0.7645	0.1215	0.6941	36.5789	0.2935	1005.0000	328.0000	0.3264	1008.0000
656	0.4580	0.6423	0.5072	0.7882	0.1203	0.6874	36.7368	0.2923	956.0000	318.0000	0.3326	961.0000
657	0.4430	0.6411	0.5003	0.7679	0.1233	0.6895	36.6842	0.2846	1024.0000	318.0000	0.3105	1026.0000
658	0.4781	0.6495	0.5116	0.7700	0.1220	0.7129	36.8947	0.2724	994.0000	310.0000	0.3119	996.0000
659	0.4459	0.6358	0.5015	0.7741	0.1173	0.6861	36.5263	0.2961	957.0000	316.0000	0.3302	962.0000
660	0.4733	0.6532	0.5078	0.7947	0.1256	0.6981	36.6316	0.2889	956.0000	320.0000	0.3347	958.0000
661	0.4789	0.6455	0.5024	0.7585	0.1218	0.7164	36.7368	0.2741	1027.0000	315.0000	0.3067	1031.0000
662	0.4874	0.6404	0.5050	0.7667	0.1191	0.7170	36.4737	0.2749	1018.0000	304.0000	0.2986	1024.0000
663	0.4554	0.6446	0.5035	0.7745	0.1182	0.6902	36.8947	0.2905	962.0000	319.0000	0.3316	966.0000
664	0.4628	0.6469	0.5022	0.7615	0.1162	0.6952	36.6842	0.2920	995.0000	328.0000	0.3296	998.0000
665	0.4538	0.6471	0.5021	0.7734	0.1172	0.6992	36.8421	0.2908	980.0000	315.0000	0.3214	986.0000
666	0.4743	0.6404	0.5059	0.7721	0.1186	0.6993	36.3684	0.2872	991.0000	316.0000	0.3189	994.0000
667	0.4603	0.6543	0.5105	0.7746	0.1219	0.7000	36.3684	0.2859	1010.0000	332.0000	0.3287	1017.0000
668	0.4718	0.6488	0.5037	0.7722	0.1212	0.7004	36.5789	0.2839	1029.0000	325.0000	0.3158	1036.0000
669	0.4683	0.6474	0.5093	0.7688	0.1192	0.6976	36.6316	0.2776	993.0000	325.0000	0.3273	998.0000
670	0.4553	0.6495	0.5051	0.7726	0.1188	0.6895	36.5263	0.3009	973.0000	329.0000	0.3381	980.0000
671	0.4601	0.6411	0.4989	0.7740	0.1190	0.7001	36.6316	0.2830	968.0000	308.0000	0.3182	973.0000
672	0.4554	0.6434	0.5044	0.7804	0.1185	0.7009	36.5789	0.2791	962.0000	314.0000	0.3264	966.0000
673	0.4523	0.6444	0.5057	0.7722	0.1201	0.6976	36.8947	0.2887	1002.0000	328.0000	0.3273	1008.0000
674	0.4694	0.6446	0.5058	0.7773	0.1198	0.6971	36.5789	0.2803	983.0000	316.0000	0.3215	988.0000
675	0.4750	0.6467	0.5030	0.7639	0.1189	0.7096	36.5789	0.2835	986.0000	314.0000	0.3185	990.0000
676	0.4523	0.6437	0.5084	0.7662	0.1185	0.6964	36.8421	0.2923	985.0000	323.0000	0.3279	988.0000
677	0.4859	0.6467	0.5039	0.7838	0.1206	0.7141	36.6316	0.2615	960.0000	310.0000	0.3229	965.0000
678	0.4551	0.6411	0.5025	0.7642	0.1184	0.6947	36.7368	0.2852	958.0000	322.0000	0.3361	964.0000
679	0.4565	0.6430	0.5054	0.7654	0.1153	0.6897	36.5263	0.2983	965.0000	323.0000	0.3347	972.0000
680	0.4621	0.6476	0.5072	0.7817	0.1214	0.6952	36.7895	0.2826	955.0000	317.0000	0.3319	957.0000
681	0.4705	0.6420	0.5010	0.7745	0.1200	0.7041	36.4737	0.2799	996.0000	312.0000	0.3133	999.0000
682	0.4415	0.6437	0.5058	0.7637	0.1173	0.6947	36.7368	0.3052	1003.0000	323.0000	0.3220	1009.0000
683	0.4526	0.6469	0.5045	0.7649	0.1184	0.7052	36.4211	0.2882	997.0000	317.0000	0.3180	1003.0000
684	0.4612	0.6471	0.5088	0.7718	0.1212	0.6851	36.6842	0.2994	980.0000	328.0000	0.3347	987.0000
685	0.4711	0.6474	0.5077	0.7583	0.1185	0.6957	36.5789	0.2874	985.0000	334.0000	0.3391	991.0000
686	0.4699	0.6418	0.5015	0.7835	0.1178	0.6957	36.5789	0.2800	966.0000	308.0000	0.3188	972.0000
687	0.4792	0.6397	0.5001	0.7717	0.1198	0.7176	36.6316	0.2588	984.0000	292.0000	0.2967	992.0000
688	0.4762	0.6502	0.5130	0.7744	0.1218	0.6961	36.7895	0.2812	965.0000	321.0000	0.3326	970.0000
689	0.4647	0.6462	0.5058	0.7720	0.1246	0.6997	36.8421	0.2795	1017.0000	318.0000	0.3127	1021.0000
690	0.4723	0.6404	0.5025	0.7748	0.1188	0.6963	36.5789	0.2833	956.0000	314.0000	0.3285	963.0000
691	0.4736	0.6448	0.5019	0.7675	0.1192	0.7062	36.6842	0.2740	973.0000	309.0000	0.3176	975.0000
692	0.4469	0.6467	0.5032	0.7464	0.1207	0.6978	36.5263	0.2732	1030.0000	332.0000	0.3223	1036.0000
693	0.4662	0.6506	0.5061	0.7801	0.1195	0.6974	36.8421	0.2969	955.0000	321.0000	0.3361	958.0000
694	0.4630	0.6481	0.5084	0.7628	0.1227	0.6877	36.4211	0.2883	998.0000	328.0000	0.3287	1000.0000
695	0.4598	0.6495	0.5078	0.7587	0.1197	0.7081	36.6316	0.2829	1026.0000	318.0000	0.3099	1030.0000
696	0.4592	0.6485	0.5055	0.7659	0.1171	0.6954	36.6842	0.2891	973.0000	330.0000	0.3392	976.0000
697	0.4575	0.6441	0.5038	0.7679	0.1183	0.6891	36.4737	0.2782	961.0000	321.0000	0.3340	966.0000
698	0.4550	0.6464	0.5113	0.7737	0.1206	0.6946	36.7895	0.2913	978.0000	325.0000	0.3323	984.0000
699	0.4683	0.6509	0.5045	0.7668	0.1184	0.6997	36.5789	0.2903	967.0000	319.0000	0.3299	974.0000
700	0.4657	0.6504	0.5091	0.7736	0.1219	0.7046	36.8421	0.2773	1019.0000	319.0000	0.3131	1021.0000
701	0.4726	0.6471	0.5054	0.7611	0.1175	0.6906	36.5789	0.3015	1001.0000	329.0000	0.3287	1003.0000
702	0.4432	0.6474	0.5034	0.7665	0.1149	0.6908	36.7368	0.2981	956.0000	328.0000	0.3431	959.0000
703	0.4563	0.6453	0.5017	0.7724	0.1165	0.6966	36.8421	0.2989	974.0000	319.0000	0.3275	980.0000
704	0.4751	0.6469	0.5047	0.7747	0.1226	0.7068	36.7895	0.2725	1014.0000	312.0000	0.3077	1020.0000
705	0.4627	0.6437	0.4981	0.7680	0.1165	0.7018	36.6316	0.2821	969.0000	316.0000	0.3261	972.0000
706	0.4539	0.6490	0.5062	0.7649	0.1190	0.6948	36.7368	0.2934	991.0000	317.0000	0.3199	997.0000
707	0.4675	0.6406	0.5013	0.7854	0.1182	0.7004	36.6842	0.2796	957.0000	308.0000	0.3218	960.0000
708	0.4564	0.6485	0.5047	0.7650	0.1203	0.6990	36.5789	0.2849	1001.0000	320.0000	0.3197	1007.0000
709	0.4585	0.6420	0.5032	0.7744	0.1157	0.6891	36.7368	0.2895	947.0000	318.0000	0.3358	953.0000
710	0.4714	0.6432	0.5045	0.7778	0.1203	0.7082	36.6316	0.2735	999.0000	315.0000	0.3153	1003.0000
711	0.4386	0.6390	0.5011	0.7681	0.1172	0.6873	36.5263	0.2915	942.0000	326.0000	0.3461	946.0000
712	0.4748	0.6423	0.5056	0.7758	0.1209	0.7014	36.6842	0.2743	982.0000	317.0000	0.3228	988.0000
713	0.4759	0.6418	0.5050	0.7895	0.1199	0.7065	36.3684	0.2672	950.0000	299.0000	0.3147	954.0000
714	0.4805	0.6434	0.5032	0.7592	0.1168	0.7101	36.6842	0.2700	1021.0000	318.0000	0.3115	1023.0000
715	0.4897	0.6509	0.5095	0.7653	0.1176	0.7027	36.5789	0.2786	989.0000	328.0000	0.3316	992.0000
716	0.4595	0.6432	0.5080	0.7639	0.1203	0.6937	36.7895	0.2797	1001.0000	322.0000	0.3217	1007.0000
717	0.4664	0.6404	0.5005	0.7666	0.1185	0.7001	36.3684	0.2802	972.0000	314.0000	0.3230	977.0000
718	0.4868	0.6411	0.5032	0.7539	0.1167	0.7155	36.5789	0.2646	976.0000	314.0000	0.3217	982.0000
719	0.4633	0.6488	0.5018	0.7635	0.1172	0.6903	36.6316	0.2881	984.0000	333.0000	0.3384	986.0000
720	0.4552	0.6534	0.5083	0.7698	0.1197	0.6923	36.7368	0.2918	991.0000	337.0000	0.3401	996.0000
721	0.4645	0.6457	0.5065	0.7743	0.1208	0.6951	36.3684	0.2792	970.0000	317.0000	0.3268	973.0000
722	0.4716	0.6474	0.5057	0.7811	0.1202	0.6944	36.7368	0.2840	935.0000	321.0000	0.3433	938.0000
723	0.4794	0.6457	0.5052	0.7861	0.1232	0.7170	36.5789	0.2533	995.0000	295.0000	0.2965	998.0000
724	0.4852	0.6392	0.5054	0.7700	0.1201	0.6999	36.5789	0.2831	983.0000	316.0000	0.3215	987.0000
725	0.4395	0.6367	0.5024	0.7707	0.1192	0.6900	36.4211	0.2987	997.0000	320.0000	0.3210	1005.0000
726	0.4565	0.6432	0.5043	0.7699	0.1185	0.6847	36.4737	0.2964	1001.0000	330.0000	0.3297	1003.0000
727	0.4631	0.6418	0.5025	0.7719	0.1203	0.6980	36.5789	0.2819	978.0000	315.0000	0.3221	984.0000
728	0.4683	0.6425	0.5023	0.7600	0.1170	0.6976	36.7368	0.2870	966.0000	319.0000	0.3302	969.0000
729	0.4733	0.6439	0.5056	0.7744	0.1202	0.7071	36.4737	0.2794	1038.0000	310.0000	0.2987	1043.0000
730	0.4473	0.6457	0.5040	0.7638	0.1187	0.7059	36.6842	0.2739	996.0000	314.0000	0.3153	1000.0000
731	0.4626	0.6495	0.5020	0.7690	0.1175	0.6960	36.9474	0.2889	960.0000	328.0000	0.3417	964.0000
732	0.4557	0.6413	0.5036	0.7672	0.1188	0.6861	36.6316	0.2890	963.0000	322.0000	0.3344	968.0000
733	0.4690	0.6430	0.5076	0.7723	0.1190	0.6947	36.4211	0.2885	1008.0000	320.0000	0.3175	1018.0000
734	0.4523	0.6562	0.5050	0.7782	0.1218	0.6962	36.8421	0.3000	980.0000	331.0000	0.3378	983.0000
735	0.4693	0.6411	0.5034	0.7697	0.1175	0.6998	36.7368	0.2786	975.0000	325.0000	0.3333	980.0000
736	0.4557	0.6467	0.5028	0.7690	0.1164	0.6901	36.4211	0.2969	976.0000	324.0000	0.3320	981.0000
737	0.4677	0.6478	0.5053	0.7826	0.1197	0.6994	36.6842	0.2811	975.0000	316.0000	0.3241	981.0000
738	0.4592	0.6492	0.5081	0.7725	0.1224	0.6959	36.7368	0.2886	982.0000	331.0000	0.3371	987.0000
739	0.4501	0.6411	0.5037	0.7774	0.1197	0.6949	36.5789	0.2974	959.0000	314.0000	0.3274	964.0000
740	0.4579	0.6457	0.5055	0.7868	0.1207	0.7025	36.5263	0.2788	961.0000	308.0000	0.3205	963.0000
741	0.4853	0.6474	0.5023	0.7795	0.1194	0.7087	36.6316	0.2690	977.0000	312.0000	0.3193	982.0000
742	0.4578	0.6371	0.5008	0.7829	0.1182	0.6878	36.5789	0.2937	938.0000	314.0000	0.3348	942.0000
743	0.4587	0.6432	0.5035	0.7776	0.1185	0.6927	36.6316	0.3016	964.0000	320.0000	0.3320	971.0000
744	0.4533	0.6518	0.5060	0.7665	0.1175	0.6976	36.5789	0.2872	982.0000	326.0000	0.3320	986.0000
745	0.4595	0.6437	0.5032	0.7745	0.1178	0.6838	36.7368	0.2915	972.0000	325.0000	0.3344	977.0000
746	0.4646	0.6467	0.5060	0.7559	0.1161	0.6962	36.5789	0.2848	997.0000	330.0000	0.3310	1000.0000
747	0.4739	0.6437	0.5068	0.7693	0.1193	0.7095	36.5789	0.2794	976.0000	315.0000	0.3227	981.0000
748	0.4586	0.6404	0.5041	0.7662	0.1171	0.6924	36.4211	0.2899	963.0000	324.0000	0.3364	968.0000
749	0.4764	0.6416	0.5020	0.7945	0.1188	0.6907	36.8421	0.2906	918.0000	306.0000	0.3333	922.0000
750	0.4709	0.6444	0.5093	0.7719	0.1198	0.7082	36.5789	0.2768	959.0000	312.0000	0.3253	965.0000
751	0.4545	0.6532	0.5138	0.7676	0.1181	0.6879	37.0000	0.3005	980.0000	332.0000	0.3388	983.0000
752	0.4685	0.6462	0.5068	0.7734	0.1230	0.7059	36.4737	0.2761	996.0000	320.0000	0.3213	1001.0000
753	0.4725	0.6455	0.4980	0.7811	0.1212	0.7030	36.5789	0.2759	959.0000	313.0000	0.3264	963.0000
754	0.4630	0.6464	0.5070	0.7762	0.1195	0.7052	36.7895	0.2845	961.0000	318.0000	0.3309	966.0000
755	0.4625	0.6485	0.5082	0.7894	0.1169	0.6873	36.6842	0.2979	968.0000	324.0000	0.3347	972.0000
756	0.4808	0.6385	0.5021	0.7805	0.1186	0.7090	36.6316	0.2703	958.0000	306.0000	0.3194	964.0000
757	0.4707	0.6444	0.5081	0.7863	0.1233	0.7069	36.7895	0.2760	970.0000	310.0000	0.3196	975.0000
758	0.4528	0.6469	0.5050	0.7677	0.1185	0.7014	36.6316	0.2785	999.0000	323.0000	0.3233	1004.0000
759	0.4599	0.6395	0.5029	0.7828	0.1187	0.6861	36.4211	0.2995	962.0000	326.0000	0.3389	969.0000
760	0.4526	0.6434	0.5032	0.7720	0.1181	0.6922	36.5789	0.2894	991.0000	325.0000	0.3280	996.0000
761	0.4753	0.6455	0.5098	0.7799	0.1241	0.6874	36.6316	0.2918	971.0000	324.0000	0.3337	976.0000
762	0.4645	0.6450	0.5058	0.7764	0.1182	0.6862	36.8421	0.2986	964.0000	322.0000	0.3340	968.0000
763	0.4655	0.6446	0.4994	0.7602	0.1187	0.6975	36.4211	0.2861	993.0000	323.0000	0.3253	1000.0000
764	0.4641	0.6409	0.5009	0.7698	0.1169	0.6993	36.5263	0.2837	989.0000	311.0000	0.3145	995.0000
765	0.4403	0.6485	0.5062	0.7869	0.1204	0.6875	36.5789	0.3087	978.0000	327.0000	0.3344	980.0000
766	0.4530	0.6481	0.5043	0.7644	0.1176	0.6979	36.7895	0.2841	994.0000	327.0000	0.3290	998.0000
767	0.4669	0.6439	0.5058	0.7715	0.1235	0.7059	36.7368	0.2727	977.0000	315.0000	0.3224	983.0000
768	0.4534	0.6492	0.5044	0.7554	0.1208	0.7026	36.4211	0.2744	1013.0000	322.0000	0.3179	1019.0000
769	0.4540	0.6485	0.5053	0.7756	0.1187	0.6789	36.7895	0.2940	971.0000	339.0000	0.3491	976.0000
770	0.4650	0.6474	0.4998	0.7653	0.1181	0.7079	36.8421	0.2845	974.0000	315.0000	0.3234	978.0000
771	0.4647	0.6476	0.5045	0.7714	0.1201	0.7060	36.6842	0.2691	1006.0000	316.0000	0.3141	1009.0000
772	0.4570	0.6423	0.5031	0.7633	0.1158	0.6938	36.6842	0.3015	999.0000	323.0000	0.3233	1007.0000
773	0.4593	0.6495	0.5105	0.7618	0.1218	0.6910	36.5789	0.2829	985.0000	324.0000	0.3289	989.0000
774	0.4683	0.6499	0.5053	0.7569	0.1169	0.6998	36.6316	0.2829	1012.0000	332.0000	0.3281	1018.0000
775	0.4597	0.6516	0.5029	0.7837	0.1184	0.6877	36.5789	0.3043	923.0000	322.0000	0.3489	926.0000
776	0.4776	0.6441	0.5042	0.7717	0.1196	0.7081	36.7368	0.2739	984.0000	316.0000	0.3211	988.0000
777	0.4707	0.6395	0.4986	0.7785	0.1154	0.6995	36.5263	0.2874	957.0000	313.0000	0.3271	962.0000
778	0.4658	0.6413	0.5030	0.7758	0.1178	0.7039	36.2632	0.2788	991.0000	316.0000	0.3189	996.0000
779	0.4845	0.6460	0.5010	0.7606	0.1190	0.7091	36.7895	0.2637	996.0000	312.0000	0.3133	999.0000
780	0.4644	0.6457	0.5082	0.7795	0.1196	0.6851	36.5263	0.2995	967.0000	326.0000	0.3371	971.0000
781	0.4633	0.6413	0.5003	0.7787	0.1179	0.6897	36.6316	0.2801	963.0000	320.0000	0.3323	968.0000
782	0.4492	0.6490	0.5073	0.7714	0.1215	0.6881	36.4211	0.2927	974.0000	325.0000	0.3337	980.0000
783	0.4743	0.6478	0.5089	0.7751	0.1212	0.7103	36.5789	0.2651	982.0000	314.0000	0.3198	985.0000
784	0.4595	0.6492	0.5110	0.7609	0.1213	0.6901	36.7368	0.2896	1014.0000	331.0000	0.3264	1020.0000
785	0.4680	0.6399	0.5041	0.7849	0.1195	0.6972	36.5263	0.2828	974.0000	310.0000	0.3183	977.0000
786	0.4608	0.6495	0.5107	0.7754	0.1205	0.7013	36.6842	0.2837	989.0000	317.0000	0.3205	994.0000
787	0.4615	0.6474	0.5034	0.7721	0.1181	0.6994	36.8947	0.2918	957.0000	320.0000	0.3344	961.0000
788	0.4579	0.6483	0.5025	0.7680	0.1164	0.7001	36.5263	0.2858	987.0000	333.0000	0.3374	992.0000
789	0.4667	0.6525	0.5080	0.7706	0.1217	0.7046	36.6316	0.2730	990.0000	313.0000	0.3162	993.0000
790	0.4764	0.6478	0.5056	0.7717	0.1204	0.6935	36.5789	0.2860	958.0000	318.0000	0.3319	962.0000
791	0.4427	0.6506	0.5110	0.7643	0.1226	0.6955	36.6316	0.2979	1001.0000	328.0000	0.3277	1004.0000
792	0.4641	0.6455	0.5090	0.7862	0.1201	0.6935	36.6842	0.2859	951.0000	317.0000	0.3333	955.0000
793	0.4831	0.6478	0.5093	0.7783	0.1239	0.7058	36.6316	0.2587	1006.0000	311.0000	0.3091	1009.0000
794	0.4703	0.6483	0.5085	0.7727	0.1206	0.7034	37.0000	0.2720	945.0000	312.0000	0.3302	949.0000
795	0.4665	0.6432	0.5016	0.7669	0.1159	0.6890	36.8421	0.2913	968.0000	330.0000	0.3409	973.0000
796	0.4643	0.6418	0.5051	0.7757	0.1150	0.6939	36.4737	0.2904	922.0000	312.0000	0.3384	926.0000
797	0.4829	0.6532	0.5083	0.7716	0.1241	0.7030	36.5789	0.2788	1005.0000	324.0000	0.3224	1010.0000
798	0.4625	0.6518	0.5095	0.7721	0.1225	0.7082	36.7368	0.2746	991.0000	314.0000	0.3169	995.0000
799	0.4761	0.6432	0.5006	0.7749	0.1186	0.6977	36.5263	0.2787	985.0000	319.0000	0.3239	990.0000
800	0.4574	0.6446	0.5068	0.7551	0.1172	0.6877	36.8947	0.2867	971.0000	329.0000	0.3388	978.0000
801	0.4663	0.6406	0.5058	0.7697	0.1201	0.6932	36.8947	0.2980	996.0000	320.0000	0.3213	1002.0000
802	0.4565	0.6483	0.5101	0.7704	0.1205	0.7035	36.6316	0.2703	1028.0000	317.0000	0.3084	1033.0000
803	0.4688	0.6416	0.5032	0.7582	0.1191	0.6983	36.8947	0.2811	1000.0000	315.0000	0.3150	1003.0000
804	0.4420	0.6441	0.5019	0.7779	0.1181	0.6907	36.5789	0.2961	944.0000	322.0000	0.3411	950.0000
805	0.4794	0.6460	0.5034	0.7722	0.1213	0.7122	36.5263	0.2663	1032.0000	312.0000	0.3023	1037.0000
806	0.4563	0.6478	0.5020	0.7597	0.1157	0.6963	36.6316	0.2831	987.0000	327.0000	0.3313	993.0000
807	0.4609	0.6455	0.5045	0.7644	0.1192	0.6956	36.6316	0.2793	987.0000	321.0000	0.3252	990.0000
808	0.4469	0.6453	0.5111	0.7451	0.1179	0.6934	36.6316	0.2811	1035.0000	336.0000	0.3246	1039.0000
809	0.4601	0.6439	0.5062	0.7802	0.1202	0.7014	36.5263	0.2817	969.0000	312.0000	0.3220	972.0000
810	0.4622	0.6536	0.5086	0.7814	0.1196	0.6965	36.4737	0.2785	963.0000	327.0000	0.3396	967.0000
811	0.4773	0.6453	0.5094	0.7776	0.1210	0.7158	36.8947	0.2724	1007.0000	307.0000	0.3049	1014.0000
812	0.4716	0.6450	0.5033	0.7614	0.1174	0.7064	36.7895	0.2753	994.0000	321.0000	0.3229	1000.0000
813	0.4608	0.6488	0.5054	0.7750	0.1191	0.6911	36.7895	0.2883	973.0000	317.0000	0.3258	977.0000
814	0.4694	0.6471	0.5057	0.7760	0.1185	0.6938	36.5263	0.2885	963.0000	317.0000	0.3292	969.0000
815	0.4677	0.6364	0.4963	0.7630	0.1178	0.7055	36.6316	0.2640	964.0000	314.0000	0.3257	968.0000
816	0.4596	0.6450	0.5057	0.7659	0.1194	0.6954	36.7368	0.2856	993.0000	318.0000	0.3202	1001.0000
817	0.4538	0.6402	0.5010	0.7722	0.1197	0.6867	36.6316	0.2890	993.0000	324.0000	0.3263	997.0000
818	0.4664	0.6427	0.5033	0.7718	0.1145	0.6861	36.7895	0.2953	949.0000	325.0000	0.3425	954.0000
819	0.4782	0.6404	0.5010	0.7674	0.1181	0.7062	36.4737	0.2658	979.0000	312.0000	0.3187	984.0000
820	0.4582	0.6416	0.5023	0.7761	0.1178	0.7035	36.6842	0.2847	954.0000	315.0000	0.3302	960.0000
821	0.4491	0.6432	0.5043	0.7719	0.1175	0.6956	36.8421	0.2886	1002.0000	326.0000	0.3253	1008.0000
822	0.4634	0.6453	0.5049	0.7642	0.1202	0.7052	36.5789	0.2741	1001.0000	321.0000	0.3207	1006.0000
823	0.4578	0.6455	0.5039	0.7671	0.1180	0.7027	36.6842	0.2842	985.0000	322.0000	0.3269	991.0000
824	0.4778	0.6406	0.5051	0.7789	0.1211	0.7145	36.3684	0.2723	1008.0000	311.0000	0.3085	1013.0000
825	0.4726	0.6460	0.5074	0.7763	0.1192	0.7018	36.4211	0.2731	987.0000	321.0000	0.3252	993.0000
826	0.4458	0.6439	0.5024	0.7748	0.1195	0.6865	36.5789	0.2956	1000.0000	327.0000	0.3270	1004.0000
827	0.4865	0.6478	0.5038	0.7799	0.1175	0.7060	36.7895	0.2752	956.0000	313.0000	0.3274	960.0000
828	0.4567	0.6453	0.5019	0.7656	0.1157	0.6848	36.5789	0.2939	980.0000	335.0000	0.3418	982.0000
829	0.4363	0.6434	0.5038	0.7698	0.1172	0.6905	36.4211	0.2972	1008.0000	332.0000	0.3294	1013.0000
830	0.4695	0.6439	0.5065	0.7725	0.1211	0.7077	36.7368	0.2683	974.0000	309.0000	0.3172	981.0000
831	0.4770	0.6467	0.5051	0.7691	0.1212	0.7022	36.7895	0.2830	996.0000	317.0000	0.3183	1001.0000
832	0.4983	0.6388	0.5072	0.7818	0.1218	0.7147	36.5789	0.2667	958.0000	304.0000	0.3173	962.0000
833	0.4526	0.6418	0.5046	0.7623	0.1160	0.6951	36.5789	0.2872	999.0000	329.0000	0.3293	1005.0000
834	0.4517	0.6564	0.5175	0.7809	0.1223	0.7055	36.6842	0.2897	984.0000	327.0000	0.3323	988.0000
835	0.4653	0.6450	0.5084	0.7738	0.1204	0.6912	36.4737	0.2931	964.0000	323.0000	0.3351	969.0000
836	0.4757	0.6413	0.4991	0.7678	0.1160	0.7068	36.6842	0.2710	979.0000	310.0000	0.3166	983.0000
837	0.4554	0.6430	0.5083	0.7940	0.1209	0.6964	36.3684	0.2881	951.0000	314.0000	0.3302	955.0000
838	0.4483	0.6432	0.5013	0.7706	0.1189	0.6980	36.6316	0.2891	966.0000	316.0000	0.3271	969.0000
839	0.4591	0.6450	0.5070	0.7760	0.1197	0.6928	36.6842	0.2770	965.0000	315.0000	0.3264	967.0000
840	0.4501	0.6502	0.5083	0.7797	0.1176	0.6884	36.8947	0.2980	937.0000	327.0000	0.3490	942.0000
841	0.4640	0.6467	0.5050	0.7871	0.1184	0.6979	36.7368	0.2842	943.0000	318.0000	0.3372	946.0000
842	0.4718	0.6481	0.5038	0.7649	0.1184	0.7043	36.6316	0.2716	992.0000	313.0000	0.3155	996.0000
843	0.4764	0.6399	0.4999	0.7574	0.1153	0.7009	36.6842	0.2723	942.0000	325.0000	0.3450	947.0000
844	0.4579	0.6474	0.5046	0.7738	0.1219	0.6995	36.8421	0.2793	994.0000	318.0000	0.3199	997.0000
845	0.4744	0.6427	0.5014	0.7637	0.1176	0.7084	36.6842	0.2699	995.0000	307.0000	0.3085	1000.0000
846	0.4686	0.6448	0.4989	0.7661	0.1171	0.6994	36.4737	0.2818	976.0000	318.0000	0.3258	981.0000
847	0.4567	0.6411	0.5054	0.7718	0.1170	0.6879	36.6842	0.2851	958.0000	326.0000	0.3403	960.0000
848	0.4554	0.6460	0.5043	0.7628	0.1180	0.7123	36.6316	0.2695	1020.0000	318.0000	0.3118	1025.0000
849	0.4527	0.6492	0.5118	0.7713	0.1179	0.6845	36.6316	0.2983	994.0000	337.0000	0.3390	997.0000
850	0.4442	0.6485	0.5114	0.7837	0.1218	0.6802	36.6316	0.3012	964.0000	338.0000	0.3506	967.0000
851	0.4704	0.6409	0.5037	0.7694	0.1203	0.7023	36.6842	0.2793	982.0000	308.0000	0.3136	988.0000
852	0.4640	0.6450	0.5075	0.7606	0.1193	0.6940	36.6842	0.2893	986.0000	328.0000	0.3327	990.0000
853	0.4629	0.6427	0.4998	0.7726	0.1132	0.6957	36.6842	0.2918	948.0000	328.0000	0.3460	950.0000
854	0.4506	0.6450	0.5036	0.7839	0.1175	0.6998	36.5789	0.2758	962.0000	317.0000	0.3295	964.0000
855	0.4453	0.6325	0.4951	0.7633	0.1152	0.6858	36.7895	0.2965	958.0000	324.0000	0.3382	963.0000
856	0.4667	0.6450	0.5062	0.7792	0.1221	0.6891	36.6842	0.2959	956.0000	319.0000	0.3337	960.0000
857	0.4476	0.6478	0.5033	0.7622	0.1211	0.7061	36.6316	0.2672	1010.0000	314.0000	0.3109	1013.0000
858	0.4411	0.6448	0.5035	0.7577	0.1137	0.6810	36.6316	0.3044	950.0000	335.0000	0.3526	952.0000
859	0.4694	0.6369	0.4984	0.7651	0.1176	0.7035	36.8421	0.2744	991.0000	311.0000	0.3138	995.0000
860	0.4611	0.6464	0.5069	0.7702	0.1218	0.7052	36.5789	0.2728	1002.0000	322.0000	0.3214	1008.0000
861	0.4773	0.6455	0.5064	0.7745	0.1245	0.7045	36.7895	0.2822	981.0000	316.0000	0.3221	984.0000
862	0.4675	0.6439	0.5040	0.7661	0.1184	0.6910	36.7368	0.2811	982.0000	321.0000	0.3269	987.0000
863	0.4568	0.6464	0.5072	0.7690	0.1175	0.6993	36.3158	0.2939	1001.0000	323.0000	0.3227	1005.0000
864	0.4695	0.6464	0.5067	0.7526	0.1197	0.7051	36.6316	0.2743	1019.0000	324.0000	0.3180	1022.0000
865	0.4552	0.6455	0.5046	0.7684	0.1160	0.6793	36.7895	0.2917	978.0000	336.0000	0.3436	984.0000
866	0.4810	0.6509	0.5091	0.7738	0.1198	0.7172	36.7895	0.2614	1003.0000	310.0000	0.3091	1010.0000
867	0.4586	0.6541	0.5078	0.7677	0.1166	0.6956	36.6316	0.2916	983.0000	327.0000	0.3327	987.0000
868	0.4430	0.6511	0.5096	0.7648	0.1202	0.7024	36.7368	0.2802	998.0000	336.0000	0.3367	1001.0000
869	0.4760	0.6483	0.5080	0.7724	0.1188	0.6999	36.7368	0.2742	988.0000	328.0000	0.3320	992.0000
870	0.4586	0.6502	0.5061	0.7826	0.1208	0.7024	36.4737	0.2848	968.0000	319.0000	0.3295	974.0000
871	0.4647	0.6439	0.5032	0.7708	0.1183	0.7003	36.7368	0.2767	989.0000	319.0000	0.3225	995.0000
872	0.4567	0.6474	0.5105	0.7828	0.1177	0.6920	36.5263	0.2881	980.0000	328.0000	0.3347	983.0000
873	0.4728	0.6450	0.4993	0.7767	0.1167	0.6997	36.4737	0.2814	962.0000	320.0000	0.3326	965.0000
874	0.4640	0.6476	0.5079	0.7635	0.1233	0.6981	36.4737	0.2845	1013.0000	324.0000	0.3198	1020.0000
875	0.4653	0.6390	0.5027	0.7746	0.1153	0.7017	36.8947	0.2767	988.0000	320.0000	0.3239	991.0000
876	0.4833	0.6376	0.5008	0.7704	0.1182	0.6950	36.5789	0.2826	972.0000	307.0000	0.3158	979.0000
877	0.4512	0.6506	0.5069	0.7627	0.1219	0.7011	36.5263	0.2897	962.0000	323.0000	0.3358	966.0000
878	0.4597	0.6462	0.5089	0.7704	0.1169	0.6988	36.5789	0.2798	983.0000	321.0000	0.3266	988.0000
879	0.4635	0.6460	0.5018	0.7773	0.1186	0.6855	36.6842	0.2884	953.0000	327.0000	0.3431	958.0000
880	0.4584	0.6462	0.5075	0.7728	0.1200	0.7031	36.3684	0.2804	977.0000	311.0000	0.3183	982.0000
881	0.4690	0.6506	0.5049	0.7647	0.1155	0.6893	36.5789	0.2905	927.0000	323.0000	0.3484	931.0000
882	0.4421	0.6437	0.5060	0.7701	0.1159	0.6845	36.6316	0.2991	965.0000	326.0000	0.3378	971.0000
883	0.4576	0.6430	0.5046	0.7742	0.1180	0.7010	36.7368	0.2847	999.0000	321.0000	0.3213	1003.0000
884	0.4607	0.6439	0.5020	0.7817	0.1187	0.7061	36.6316	0.2722	982.0000	309.0000	0.3147	988.0000
885	0.4678	0.6585	0.5107	0.7763	0.1223	0.7016	36.6316	0.2765	1002.0000	322.0000	0.3214	1006.0000
886	0.4853	0.6520	0.5071	0.7674	0.1220	0.7047	36.5263	0.2744	971.0000	321.0000	0.3306	975.0000
887	0.4684	0.6467	0.5078	0.7760	0.1226	0.7008	36.6842	0.2759	972.0000	314.0000	0.3230	975.0000
888	0.4574	0.6464	0.5065	0.7626	0.1200	0.6976	36.5789	0.2762	985.0000	323.0000	0.3279	992.0000
889	0.4655	0.6548	0.5089	0.7791	0.1250	0.6920	36.7895	0.2853	997.0000	329.0000	0.3300	1003.0000
890	0.4541	0.6457	0.5071	0.7724	0.1184	0.6974	36.7368	0.2834	956.0000	325.0000	0.3400	960.0000
891	0.4741	0.6413	0.5008	0.7568	0.1174	0.7066	36.5263	0.2693	987.0000	313.0000	0.3171	994.0000
892	0.4777	0.6395	0.4983	0.7759	0.1139	0.7027	36.5789	0.2733	948.0000	315.0000	0.3323	951.0000
893	0.4729	0.6450	0.5032	0.7871	0.1191	0.7075	36.6842	0.2680	970.0000	309.0000	0.3186	975.0000
894	0.4555	0.6388	0.4962	0.7796	0.1138	0.6891	36.3684	0.2959	954.0000	321.0000	0.3365	958.0000
895	0.4595	0.6457	0.5062	0.7796	0.1158	0.6896	36.7895	0.2960	959.0000	325.0000	0.3389	962.0000
896	0.4753	0.6411	0.5029	0.7612	0.1195	0.6988	36.7368	0.2863	985.0000	324.0000	0.3289	989.0000
897	0.4584	0.6478	0.5025	0.7725	0.1196	0.6956	36.7368	0.2998	972.0000	314.0000	0.3230	975.0000
898	0.4631	0.6411	0.5062	0.7783	0.1192	0.7072	36.5789	0.2747	1000.0000	320.0000	0.3200	1006.0000
899	0.4652	0.6488	0.5034	0.7810	0.1210	0.7076	36.2105	0.2805	962.0000	313.0000	0.3254	966.0000
900	0.4725	0.6457	0.5064	0.7667	0.1171	0.6864	36.4737	0.2893	960.0000	324.0000	0.3375	963.0000
901	0.4724	0.6397	0.5030	0.7916	0.1198	0.7045	36.7368	0.2774	1003.0000	310.0000	0.3091	1005.0000
902	0.4663	0.6469	0.5071	0.7735	0.1210	0.6933	36.5263	0.2862	984.0000	324.0000	0.3293	988.0000
903	0.4830	0.6437	0.5014	0.7683	0.1195	0.7080	36.5263	0.2689	980.0000	313.0000	0.3194	982.0000
904	0.4715	0.6474	0.5128	0.7806	0.1218	0.6947	36.8421	0.2843	976.0000	320.0000	0.3279	978.0000
905	0.4709	0.6427	0.5050	0.7703	0.1195	0.6975	36.7895	0.2783	993.0000	322.0000	0.3243	997.0000
906	0.4726	0.6406	0.5044	0.7689	0.1227	0.7050	36.6316	0.2742	990.0000	309.0000	0.3121	997.0000
907	0.4792	0.6420	0.5065	0.7698	0.1198	0.7067	36.7895	0.2765	997.0000	310.0000	0.3109	1005.0000
908	0.4584	0.6462	0.5058	0.7768	0.1182	0.6986	36.7368	0.2734	961.0000	320.0000	0.3330	963.0000
909	0.4647	0.6478	0.5048	0.7733	0.1149	0.6914	36.7895	0.2900	946.0000	326.0000	0.3446	952.0000
910	0.4588	0.6483	0.5069	0.7606	0.1171	0.6915	36.5263	0.2846	973.0000	327.0000	0.3361	978.0000
911	0.4560	0.6471	0.5071	0.7655	0.1195	0.7009	36.7895	0.2811	986.0000	317.0000	0.3215	992.0000
912	0.4632	0.6471	0.5000	0.7741	0.1202	0.6957	36.4737	0.2856	963.0000	318.0000	0.3302	969.0000
913	0.4740	0.6437	0.5026	0.7794	0.1197	0.6965	36.7368	0.2836	976.0000	313.0000	0.3207	982.0000
914	0.4724	0.6418	0.5020	0.7672	0.1186	0.7019	36.5263	0.2709	963.0000	310.0000	0.3219	970.0000
915	0.4697	0.6502	0.5059	0.7728	0.1190	0.7038	36.5263	0.2739	951.0000	322.0000	0.3386	955.0000
916	0.4700	0.6457	0.5026	0.7635	0.1181	0.6867	36.5789	0.2860	956.0000	333.0000	0.3483	963.0000
917	0.4604	0.6397	0.5051	0.7640	0.1212	0.6946	36.7895	0.2888	964.0000	316.0000	0.3278	969.0000
918	0.4755	0.6409	0.5068	0.7752	0.1191	0.7096	36.5789	0.2708	967.0000	309.0000	0.3195	973.0000
919	0.4687	0.6483	0.5058	0.7683	0.1203	0.6967	36.7895	0.2818	1004.0000	331.0000	0.3297	1008.0000
920	0.4506	0.6469	0.5047	0.7672	0.1179	0.6855	36.7368	0.2952	970.0000	333.0000	0.3433	972.0000
921	0.4647	0.6453	0.5035	0.7840	0.1213	0.7133	36.6316	0.2722	1009.0000	301.0000	0.2983	1013.0000
922	0.4768	0.6457	0.5037	0.7644	0.1198	0.7096	36.4211	0.2689	993.0000	315.0000	0.3172	997.0000
923	0.4599	0.6446	0.5074	0.7851	0.1189	0.6881	36.5263	0.2949	957.0000	320.0000	0.3344	962.0000
924	0.4599	0.6434	0.5020	0.7835	0.1193	0.6985	36.4737	0.2817	976.0000	314.0000	0.3217	980.0000
925	0.4412	0.6381	0.5009	0.7751	0.1186	0.7022	36.5789	0.2799	967.0000	314.0000	0.3247	974.0000
926	0.4722	0.6457	0.5046	0.7735	0.1191	0.7047	36.2105	0.2724	977.0000	318.0000	0.3255	981.0000
927	0.4540	0.6502	0.5075	0.7895	0.1206	0.6961	36.5789	0.2877	949.0000	326.0000	0.3435	953.0000
928	0.4530	0.6474	0.5100	0.7838	0.1214	0.6953	36.6316	0.2955	981.0000	319.0000	0.3252	989.0000
929	0.4627	0.6411	0.5007	0.7803	0.1181	0.6916	36.7368	0.2958	949.0000	322.0000	0.3393	954.0000
930	0.4549	0.6378	0.4989	0.7763	0.1187	0.6846	36.6842	0.2969	970.0000	325.0000	0.3351	973.0000
931	0.4523	0.6527	0.5117	0.7761	0.1235	0.7086	36.4737	0.2767	982.0000	316.0000	0.3218	988.0000
932	0.4767	0.6399	0.5003	0.7751	0.1163	0.7040	36.6842	0.2837	976.0000	321.0000	0.3289	982.0000
933	0.4640	0.6453	0.5046	0.7850	0.1199	0.7111	36.6316	0.2690	968.0000	305.0000	0.3151	974.0000
934	0.4512	0.6430	0.5046	0.7850	0.1197	0.6980	36.8421	0.2820	954.0000	319.0000	0.3344	959.0000
935	0.4850	0.6448	0.5067	0.7809	0.1232	0.7086	36.5789	0.2714	993.0000	311.0000	0.3132	997.0000
936	0.4627	0.6462	0.5087	0.7690	0.1194	0.7047	36.7368	0.2727	995.0000	321.0000	0.3226	997.0000
937	0.4791	0.6444	0.5019	0.7728	0.1168	0.6981	36.4211	0.2877	958.0000	316.0000	0.3299	960.0000
938	0.4702	0.6404	0.4990	0.7669	0.1180	0.7009	36.6316	0.2783	977.0000	316.0000	0.3234	985.0000
939	0.4625	0.6474	0.5069	0.7847	0.1215	0.7036	36.7368	0.2767	969.0000	321.0000	0.3313	975.0000
940	0.4656	0.6478	0.5066	0.7844	0.1208	0.6971	36.4211	0.2939	970.0000	319.0000	0.3289	972.0000
941	0.4660	0.6462	0.5054	0.7661	0.1216	0.6928	36.7368	0.2750	996.0000	323.0000	0.3243	1001.0000
942	0.4764	0.6511	0.5046	0.7727	0.1202	0.7090	36.4211	0.2649	990.0000	317.0000	0.3202	996.0000
943	0.4858	0.6525	0.5085	0.7825	0.1211	0.7035	36.6842	0.2768	951.0000	323.0000	0.3396	954.0000
944	0.4623	0.6467	0.5070	0.7729	0.1199	0.6934	36.5789	0.2776	941.0000	322.0000	0.3422	947.0000
945	0.4710	0.6481	0.5096	0.7602	0.1204	0.6866	36.3158	0.2821	986.0000	330.0000	0.3347	991.0000
946	0.4500	0.6378	0.5046	0.7804	0.1179	0.6888	36.6316	0.2921	964.0000	315.0000	0.3268	968.0000
947	0.4482	0.6460	0.5002	0.7770	0.1160	0.7023	36.7895	0.2971	986.0000	324.0000	0.3286	989.0000
948	0.4600	0.6467	0.5055	0.7649	0.1142	0.7017	36.5263	0.2775	955.0000	322.0000	0.3372	958.0000
949	0.4512	0.6383	0.5020	0.7677	0.1181	0.7027	36.3684	0.2784	999.0000	315.0000	0.3153	1004.0000
950	0.4841	0.6511	0.5093	0.7583	0.1206	0.7076	36.6842	0.2736	1032.0000	326.0000	0.3159	1037.0000
951	0.4696	0.6499	0.5044	0.7579	0.1183	0.7058	36.7368	0.2759	1006.0000	324.0000	0.3221	1010.0000
952	0.4710	0.6462	0.5071	0.7791	0.1192	0.6978	36.5789	0.2834	949.0000	320.0000	0.3372	955.0000
953	0.4517	0.6446	0.5063	0.7735	0.1223	0.6982	36.7368	0.2827	1010.0000	314.0000	0.3109	1014.0000
954	0.4474	0.6395	0.4991	0.7627	0.1170	0.6950	36.6842	0.2841	995.0000	319.0000	0.3206	1000.0000
955	0.4733	0.6455	0.5017	0.7741	0.1181	0.7008	36.6316	0.2703	971.0000	315.0000	0.3244	977.0000
956	0.4560	0.6376	0.4964	0.7630	0.1148	0.6955	36.3684	0.2881	975.0000	320.0000	0.3282	977.0000
957	0.4555	0.6460	0.5042	0.7671	0.1183	0.6967	36.6316	0.2882	992.0000	318.0000	0.3206	999.0000
958	0.4680	0.6474	0.5025	0.7583	0.1180	0.6962	36.5789	0.2817	984.0000	326.0000	0.3313	990.0000
959	0.4569	0.6464	0.5032	0.7636	0.1171	0.6999	36.6842	0.2851	973.0000	323.0000	0.3320	976.0000
960	0.4787	0.6474	0.5065	0.7640	0.1190	0.7049	36.5789	0.2684	981.0000	314.0000	0.3201	985.0000
961	0.4669	0.6509	0.5049	0.7676	0.1181	0.6997	36.9474	0.2820	955.0000	324.0000	0.3393	957.0000
962	0.4671	0.6499	0.5083	0.7715	0.1186	0.6859	36.7895	0.2942	975.0000	335.0000	0.3436	979.0000
963	0.4629	0.6446	0.5089	0.7671	0.1216	0.7019	36.7895	0.2767	977.0000	313.0000	0.3204	983.0000
964	0.4608	0.6476	0.5050	0.7782	0.1169	0.6849	36.7368	0.2956	967.0000	321.0000	0.3320	970.0000
965	0.4679	0.6397	0.5034	0.7680	0.1153	0.6953	36.6316	0.2805	964.0000	319.0000	0.3309	968.0000
966	0.4689	0.6485	0.5063	0.7687	0.1186	0.7009	36.6316	0.2801	1004.0000	319.0000	0.3177	1006.0000
967	0.4745	0.6434	0.5030	0.7698	0.1212	0.7058	36.7895	0.2707	999.0000	313.0000	0.3133	1004.0000
968	0.4608	0.6390	0.5018	0.7692	0.1157	0.6996	36.4737	0.2787	972.0000	316.0000	0.3251	975.0000
969	0.4635	0.6469	0.5045	0.7686	0.1168	0.6946	36.5789	0.2786	959.0000	324.0000	0.3379	963.0000
970	0.4676	0.6441	0.5052	0.7768	0.1184	0.6892	36.8421	0.3002	952.0000	324.0000	0.3403	956.0000
971	0.4638	0.6495	0.5081	0.7610	0.1190	0.6959	36.5263	0.2929	982.0000	325.0000	0.3310	984.0000
972	0.4686	0.6430	0.5027	0.7856	0.1212	0.7174	36.5789	0.2616	983.0000	303.0000	0.3082	986.0000
973	0.4521	0.6539	0.5113	0.7769	0.1216	0.6942	36.5789	0.3066	984.0000	331.0000	0.3364	988.0000
974	0.4520	0.6469	0.5047	0.7680	0.1163	0.6882	36.4737	0.2969	984.0000	335.0000	0.3404	989.0000
975	0.4754	0.6457	0.5037	0.7689	0.1207	0.6943	36.6316	0.2803	973.0000	319.0000	0.3279	978.0000
976	0.4577	0.6404	0.4991	0.7752	0.1191	0.6998	36.5263	0.2843	970.0000	312.0000	0.3216	975.0000
977	0.4744	0.6448	0.5022	0.7842	0.1157	0.7113	36.6842	0.2669	940.0000	305.0000	0.3245	945.0000
978	0.4508	0.6402	0.5015	0.7653	0.1149	0.6794	36.8421	0.3099	980.0000	335.0000	0.3418	986.0000
979	0.4573	0.6446	0.5086	0.7754	0.1190	0.7029	36.7895	0.2804	984.0000	320.0000	0.3252	989.0000
980	0.4706	0.6471	0.5097	0.7650	0.1187	0.7122	36.5263	0.2738	995.0000	314.0000	0.3156	1000.0000
981	0.4605	0.6464	0.5063	0.7703	0.1207	0.7153	36.5263	0.2672	999.0000	315.0000	0.3153	1001.0000
982	0.4686	0.6413	0.5018	0.7774	0.1194	0.6974	36.6842	0.2831	977.0000	319.0000	0.3265	981.0000
983	0.4581	0.6539	0.5161	0.7649	0.1191	0.6918	36.5789	0.2941	987.0000	343.0000	0.3475	990.0000
984	0.4564	0.6481	0.5071	0.7778	0.1226	0.6915	36.6842	0.3016	973.0000	323.0000	0.3320	978.0000
985	0.4789	0.6460	0.5088	0.7834	0.1231	0.7035	36.8947	0.2764	969.0000	315.0000	0.3251	973.0000
986	0.4692	0.6478	0.5074	0.7662	0.1161	0.6891	36.6316	0.2913	954.0000	326.0000	0.3417	958.0000
987	0.4632	0.6509	0.5086	0.7749	0.1232	0.7016	36.6316	0.2730	981.0000	315.0000	0.3211	986.0000
988	0.4765	0.6430	0.5070	0.7706	0.1209	0.7003	36.2632	0.2798	986.0000	321.0000	0.3256	990.0000
989	0.4676	0.6555	0.5122	0.7718	0.1250	0.7051	36.3684	0.2730	994.0000	325.0000	0.3270	997.0000
990	0.4713	0.6469	0.5025	0.7673	0.1197	0.7082	36.6842	0.2702	1000.0000	316.0000	0.3160	1004.0000
991	0.4713	0.6518	0.5046	0.7774	0.1206	0.7043	36.8421	0.2840	961.0000	314.0000	0.3267	965.0000
992	0.4729	0.6460	0.5047	0.7712	0.1205	0.6959	36.4737	0.2843	974.0000	323.0000	0.3316	980.0000
993	0.4846	0.6430	0.5046	0.7538	0.1208	0.7058	36.4737	0.2711	1018.0000	316.0000	0.3104	1024.0000
994	0.4485	0.6490	0.5031	0.7889	0.1192	0.6991	36.7895	0.2955	940.0000	311.0000	0.3309	945.0000
995	0.4619	0.6483	0.5046	0.7653	0.1208	0.6988	36.6842	0.2756	964.0000	321.0000	0.3330	968.0000
996	0.4558	0.6420	0.5048	0.7750	0.1174	0.7019	36.7368	0.2796	953.0000	314.0000	0.3295	955.0000
997	0.4675	0.6462	0.5070	0.7823	0.1226	0.6966	36.9474	0.2897	962.0000	321.0000	0.3337	967.0000
998	0.4636	0.6483	0.5060	0.7695	0.1200	0.6974	36.7895	0.2793	1002.0000	323.0000	0.3224	1005.0000
999	0.4756	0.6420	0.5051	0.7730	0.1190	0.7030	36.6316	0.2757	976.0000	314.0000	0.3217	982.0000
1000	0.4534	0.6478	0.5062	0.7702	0.1196	0.6880	36.7368	0.2973	979.0000	328.0000	0.3350	984.0000
