accuracy	proportion	density	fuzziness	coverage	purity	sounds	missing	ubound	clusters	props	patterns
1	0.5780	0.2499	0.6497	0.7129	0.0743	0.8028	33.1333	0.1054	2492.0000	367.0000	0.1473	2524.0000
2	0.5788	0.2499	0.6427	0.7317	0.0793	0.8039	32.9333	0.1101	2399.0000	354.0000	0.1476	2441.0000
3	0.5966	0.2499	0.6498	0.7420	0.0798	0.8217	33.2000	0.0949	2443.0000	340.0000	0.1392	2475.0000
4	0.5967	0.2499	0.6427	0.7197	0.0775	0.8131	32.8000	0.0998	2433.0000	353.0000	0.1451	2455.0000
5	0.5918	0.2499	0.6458	0.7353	0.0747	0.8157	33.0000	0.0976	2447.0000	349.0000	0.1426	2479.0000
6	0.5996	0.2499	0.6431	0.7417	0.0844	0.8179	33.0000	0.1023	2407.0000	339.0000	0.1408	2427.0000
7	0.6026	0.2499	0.6519	0.7413	0.0823	0.8265	32.8000	0.0901	2469.0000	334.0000	0.1353	2495.0000
8	0.5874	0.2499	0.6565	0.7179	0.0772	0.8094	33.3333	0.1043	2500.0000	361.0000	0.1444	2539.0000
9	0.5910	0.2499	0.6497	0.7309	0.0769	0.8092	33.0667	0.1041	2434.0000	356.0000	0.1463	2464.0000
10	0.6049	0.2499	0.6390	0.7311	0.0749	0.8227	33.1333	0.0907	2389.0000	341.0000	0.1427	2423.0000
11	0.5976	0.2499	0.6469	0.7275	0.0818	0.8179	33.0000	0.0977	2440.0000	345.0000	0.1414	2489.0000
12	0.5972	0.2499	0.6498	0.7364	0.0788	0.8125	33.0667	0.1022	2433.0000	353.0000	0.1451	2461.0000
13	0.6014	0.2499	0.6511	0.7434	0.0830	0.8173	32.8667	0.1040	2443.0000	350.0000	0.1433	2481.0000
14	0.6021	0.2499	0.6522	0.7365	0.0794	0.8144	33.1333	0.1045	2435.0000	344.0000	0.1413	2474.0000
15	0.6025	0.2499	0.6476	0.7180	0.0744	0.8098	33.0667	0.1048	2384.0000	360.0000	0.1510	2409.0000
16	0.5934	0.2499	0.6516	0.7352	0.0804	0.8138	33.0000	0.1064	2417.0000	360.0000	0.1489	2450.0000
17	0.6159	0.2499	0.6547	0.7401	0.0799	0.8190	33.2667	0.0999	2424.0000	346.0000	0.1427	2460.0000
18	0.6003	0.2499	0.6585	0.7412	0.0815	0.8205	33.4000	0.1000	2464.0000	349.0000	0.1416	2504.0000
19	0.5867	0.2499	0.6529	0.7436	0.0791	0.8171	33.2667	0.0975	2439.0000	345.0000	0.1415	2480.0000
20	0.6005	0.2499	0.6454	0.7327	0.0794	0.8159	32.6667	0.0971	2418.0000	348.0000	0.1439	2447.0000
21	0.5956	0.2499	0.6421	0.7388	0.0793	0.8144	32.8667	0.1012	2354.0000	342.0000	0.1453	2388.0000
22	0.5812	0.2499	0.6503	0.7178	0.0737	0.8070	33.0667	0.1032	2433.0000	368.0000	0.1513	2462.0000
23	0.5942	0.2499	0.6434	0.7503	0.0764	0.8197	33.1333	0.0969	2412.0000	344.0000	0.1426	2447.0000
24	0.6075	0.2499	0.6508	0.7409	0.0807	0.8188	32.8667	0.0992	2447.0000	345.0000	0.1410	2480.0000
25	0.5812	0.2499	0.6464	0.7378	0.0787	0.8130	32.8667	0.1032	2451.0000	359.0000	0.1465	2479.0000
26	0.5791	0.2499	0.6524	0.7267	0.0711	0.8100	33.0667	0.0985	2451.0000	355.0000	0.1448	2488.0000
27	0.5923	0.2499	0.6508	0.7341	0.0793	0.8089	33.1333	0.1060	2463.0000	351.0000	0.1425	2491.0000
28	0.5776	0.2499	0.6486	0.7344	0.0767	0.8106	33.2667	0.1012	2456.0000	352.0000	0.1433	2473.0000
29	0.5966	0.2499	0.6504	0.7232	0.0771	0.8107	33.1333	0.0997	2455.0000	356.0000	0.1450	2466.0000
30	0.5723	0.2499	0.6499	0.7265	0.0750	0.8066	32.9333	0.1021	2436.0000	354.0000	0.1453	2477.0000
31	0.5801	0.2499	0.6431	0.7243	0.0818	0.8078	33.4000	0.1048	2393.0000	363.0000	0.1517	2419.0000
32	0.5918	0.2499	0.6432	0.7289	0.0776	0.8152	33.0667	0.0996	2420.0000	347.0000	0.1434	2457.0000
33	0.5997	0.2499	0.6535	0.7273	0.0814	0.8108	32.9333	0.1053	2469.0000	357.0000	0.1446	2488.0000
34	0.5947	0.2499	0.6479	0.7363	0.0788	0.8150	32.8667	0.1028	2395.0000	350.0000	0.1461	2429.0000
35	0.6020	0.2499	0.6481	0.7419	0.0778	0.8207	32.8667	0.0995	2441.0000	346.0000	0.1417	2478.0000
36	0.5994	0.2499	0.6535	0.7468	0.0760	0.8207	32.9333	0.0939	2450.0000	344.0000	0.1404	2474.0000
37	0.5904	0.2499	0.6420	0.7371	0.0769	0.8170	32.8000	0.0970	2420.0000	343.0000	0.1417	2440.0000
38	0.5942	0.2499	0.6471	0.7374	0.0815	0.8166	33.0000	0.0996	2433.0000	342.0000	0.1406	2471.0000
39	0.5857	0.2499	0.6537	0.7231	0.0774	0.8092	32.8000	0.1067	2484.0000	358.0000	0.1441	2508.0000
40	0.6055	0.2499	0.6549	0.7379	0.0786	0.8267	32.8667	0.0945	2442.0000	347.0000	0.1421	2472.0000
41	0.5952	0.2499	0.6392	0.7353	0.0800	0.8158	33.2000	0.0970	2404.0000	349.0000	0.1452	2451.0000
42	0.6112	0.2499	0.6455	0.7500	0.0799	0.8223	33.0667	0.1018	2445.0000	342.0000	0.1399	2474.0000
43	0.6022	0.2499	0.6610	0.7343	0.0808	0.8257	32.7333	0.0957	2454.0000	334.0000	0.1361	2496.0000
44	0.5807	0.2499	0.6549	0.7443	0.0779	0.8123	32.4000	0.1022	2472.0000	347.0000	0.1404	2498.0000
45	0.5893	0.2499	0.6536	0.7252	0.0755	0.8139	33.2000	0.1007	2437.0000	356.0000	0.1461	2469.0000
46	0.5993	0.2499	0.6536	0.7333	0.0805	0.8134	33.0667	0.1072	2461.0000	353.0000	0.1434	2498.0000
47	0.6019	0.2499	0.6522	0.7284	0.0764	0.8154	33.0667	0.0967	2468.0000	347.0000	0.1406	2513.0000
48	0.5889	0.2499	0.6443	0.7354	0.0777	0.8145	32.7333	0.1015	2382.0000	349.0000	0.1465	2412.0000
49	0.6035	0.2499	0.6528	0.7358	0.0807	0.8162	33.4000	0.1014	2425.0000	348.0000	0.1435	2448.0000
50	0.5928	0.2499	0.6401	0.7415	0.0837	0.8124	32.8000	0.1081	2415.0000	352.0000	0.1458	2444.0000
51	0.5871	0.2499	0.6579	0.7358	0.0825	0.8158	32.8000	0.1007	2441.0000	344.0000	0.1409	2482.0000
52	0.5993	0.2499	0.6567	0.7280	0.0773	0.8229	32.8000	0.0975	2477.0000	345.0000	0.1393	2514.0000
53	0.5830	0.2499	0.6573	0.7304	0.0739	0.8133	33.1333	0.0994	2458.0000	350.0000	0.1424	2502.0000
54	0.5839	0.2499	0.6430	0.7501	0.0772	0.8163	33.2000	0.0982	2391.0000	336.0000	0.1405	2429.0000
55	0.5841	0.2499	0.6412	0.7430	0.0809	0.8149	33.0000	0.1052	2420.0000	352.0000	0.1455	2457.0000
56	0.5886	0.2499	0.6481	0.7253	0.0764	0.8085	32.8667	0.1039	2423.0000	358.0000	0.1478	2467.0000
57	0.5977	0.2499	0.6470	0.7401	0.0782	0.8185	33.0000	0.1009	2404.0000	348.0000	0.1448	2441.0000
58	0.6044	0.2499	0.6481	0.7386	0.0830	0.8213	33.2000	0.0971	2396.0000	345.0000	0.1440	2420.0000
59	0.5899	0.2499	0.6475	0.7293	0.0761	0.8184	32.5333	0.0976	2455.0000	351.0000	0.1430	2489.0000
60	0.5969	0.2499	0.6452	0.7403	0.0792	0.8210	32.8000	0.0998	2403.0000	342.0000	0.1423	2436.0000
61	0.6034	0.2499	0.6510	0.7313	0.0760	0.8160	32.8667	0.1003	2481.0000	351.0000	0.1415	2507.0000
62	0.5979	0.2499	0.6478	0.7377	0.0758	0.8140	32.7333	0.1020	2430.0000	345.0000	0.1420	2463.0000
63	0.5768	0.2499	0.6579	0.7174	0.0777	0.8042	32.6667	0.1064	2494.0000	366.0000	0.1468	2520.0000
64	0.5910	0.2499	0.6446	0.7318	0.0738	0.8064	33.0667	0.1068	2473.0000	359.0000	0.1452	2498.0000
65	0.5860	0.2499	0.6473	0.7381	0.0791	0.8045	32.9333	0.1105	2418.0000	366.0000	0.1514	2454.0000
66	0.5981	0.2499	0.6412	0.7275	0.0775	0.8115	33.2000	0.1021	2398.0000	360.0000	0.1501	2422.0000
67	0.5689	0.2499	0.6416	0.7222	0.0698	0.8037	33.1333	0.1089	2424.0000	371.0000	0.1531	2453.0000
68	0.5905	0.2499	0.6564	0.7392	0.0787	0.8185	33.2000	0.0979	2473.0000	346.0000	0.1399	2515.0000
69	0.5922	0.2499	0.6510	0.7437	0.0780	0.8132	32.9333	0.1049	2446.0000	344.0000	0.1406	2484.0000
70	0.6002	0.2499	0.6526	0.7442	0.0791	0.8209	33.0667	0.0954	2443.0000	344.0000	0.1408	2474.0000
71	0.5785	0.2499	0.6536	0.7482	0.0780	0.8193	33.0000	0.0971	2427.0000	355.0000	0.1463	2469.0000
72	0.6007	0.2499	0.6483	0.7167	0.0751	0.8081	32.6000	0.1014	2450.0000	348.0000	0.1420	2486.0000
73	0.5874	0.2499	0.6593	0.7219	0.0790	0.8144	33.2000	0.0982	2481.0000	352.0000	0.1419	2518.0000
74	0.5894	0.2499	0.6429	0.7410	0.0745	0.8188	33.0667	0.1006	2382.0000	347.0000	0.1457	2418.0000
75	0.6001	0.2499	0.6535	0.7338	0.0780	0.8210	33.4667	0.0957	2451.0000	349.0000	0.1424	2478.0000
76	0.6010	0.2499	0.6513	0.7241	0.0735	0.8115	32.8000	0.0989	2444.0000	349.0000	0.1428	2476.0000
77	0.5963	0.2499	0.6406	0.7353	0.0729	0.8158	32.8000	0.0973	2435.0000	340.0000	0.1396	2470.0000
78	0.6020	0.2499	0.6440	0.7476	0.0805	0.8178	33.2667	0.0997	2370.0000	347.0000	0.1464	2406.0000
79	0.5823	0.2499	0.6467	0.7201	0.0756	0.8066	32.5333	0.1048	2412.0000	359.0000	0.1488	2443.0000
80	0.5795	0.2499	0.6546	0.7303	0.0715	0.8134	32.4667	0.0929	2501.0000	346.0000	0.1383	2542.0000
81	0.5931	0.2499	0.6450	0.7371	0.0768	0.8102	33.0667	0.1027	2446.0000	354.0000	0.1447	2467.0000
82	0.5841	0.2499	0.6534	0.7358	0.0776	0.8103	33.0667	0.1016	2491.0000	351.0000	0.1409	2526.0000
83	0.5840	0.2499	0.6510	0.7466	0.0794	0.8151	33.2000	0.0985	2478.0000	354.0000	0.1429	2505.0000
84	0.5975	0.2499	0.6543	0.7290	0.0784	0.8171	32.6000	0.0980	2450.0000	350.0000	0.1429	2487.0000
85	0.5974	0.2499	0.6463	0.7420	0.0839	0.8184	33.0667	0.0999	2422.0000	339.0000	0.1400	2464.0000
86	0.5865	0.2499	0.6462	0.7390	0.0759	0.8102	33.2667	0.1057	2411.0000	365.0000	0.1514	2446.0000
87	0.5884	0.2499	0.6470	0.7448	0.0780	0.8141	33.0667	0.1028	2412.0000	354.0000	0.1468	2446.0000
88	0.5899	0.2499	0.6461	0.7399	0.0799	0.8171	33.0667	0.1039	2419.0000	347.0000	0.1434	2455.0000
89	0.5975	0.2499	0.6518	0.7349	0.0791	0.8228	33.0000	0.0963	2458.0000	352.0000	0.1432	2478.0000
90	0.5790	0.2499	0.6390	0.7236	0.0752	0.8073	32.8000	0.1093	2411.0000	366.0000	0.1518	2447.0000
91	0.5952	0.2499	0.6539	0.7302	0.0797	0.8175	32.8000	0.0994	2463.0000	342.0000	0.1389	2494.0000
92	0.5868	0.2499	0.6459	0.7365	0.0738	0.8101	32.9333	0.1045	2399.0000	354.0000	0.1476	2428.0000
93	0.5919	0.2499	0.6476	0.7298	0.0794	0.8073	32.9333	0.1072	2441.0000	358.0000	0.1467	2475.0000
94	0.5894	0.2499	0.6480	0.7460	0.0745	0.8108	33.0667	0.1048	2416.0000	357.0000	0.1478	2454.0000
95	0.5895	0.2499	0.6553	0.7281	0.0757	0.8084	33.0667	0.1033	2488.0000	355.0000	0.1427	2523.0000
96	0.5974	0.2499	0.6548	0.7355	0.0737	0.8148	32.9333	0.0981	2480.0000	342.0000	0.1379	2503.0000
97	0.5777	0.2499	0.6488	0.7468	0.0745	0.8165	33.1333	0.1003	2424.0000	340.0000	0.1403	2455.0000
98	0.5878	0.2499	0.6435	0.7328	0.0785	0.8097	33.1333	0.1047	2381.0000	345.0000	0.1449	2413.0000
99	0.5839	0.2499	0.6512	0.7426	0.0758	0.8222	33.0667	0.0922	2448.0000	338.0000	0.1381	2484.0000
100	0.5930	0.2499	0.6556	0.7402	0.0797	0.8181	33.0000	0.0996	2459.0000	340.0000	0.1383	2496.0000
101	0.5862	0.2499	0.6543	0.7278	0.0764	0.8090	32.9333	0.1048	2467.0000	354.0000	0.1435	2482.0000
102	0.5939	0.2499	0.6411	0.7314	0.0763	0.8120	33.0667	0.1025	2407.0000	353.0000	0.1467	2435.0000
103	0.5870	0.2499	0.6492	0.7269	0.0729	0.8130	33.0667	0.0997	2443.0000	350.0000	0.1433	2463.0000
104	0.6074	0.2499	0.6490	0.7233	0.0721	0.8124	32.9333	0.1027	2386.0000	357.0000	0.1496	2415.0000
105	0.5922	0.2499	0.6497	0.7360	0.0796	0.8156	32.8000	0.1020	2430.0000	347.0000	0.1428	2465.0000
106	0.5914	0.2499	0.6554	0.7274	0.0781	0.8170	33.0667	0.0976	2437.0000	350.0000	0.1436	2481.0000
107	0.5897	0.2499	0.6624	0.7391	0.0760	0.8220	33.0000	0.1002	2463.0000	346.0000	0.1405	2505.0000
108	0.5928	0.2499	0.6491	0.7474	0.0801	0.8152	32.9333	0.0996	2416.0000	346.0000	0.1432	2454.0000
109	0.5885	0.2499	0.6403	0.7234	0.0784	0.8143	32.7333	0.1017	2413.0000	356.0000	0.1475	2451.0000
110	0.6004	0.2499	0.6520	0.7342	0.0803	0.8124	33.0000	0.1061	2463.0000	337.0000	0.1368	2492.0000
111	0.5964	0.2499	0.6457	0.7429	0.0814	0.8196	33.2000	0.0985	2391.0000	338.0000	0.1414	2422.0000
112	0.5836	0.2499	0.6542	0.7428	0.0775	0.8154	32.9333	0.0997	2480.0000	348.0000	0.1403	2503.0000
113	0.5931	0.2499	0.6499	0.7329	0.0793	0.8139	32.6667	0.1059	2430.0000	356.0000	0.1465	2453.0000
114	0.5852	0.2499	0.6557	0.7090	0.0705	0.8116	33.1333	0.0969	2471.0000	356.0000	0.1441	2510.0000
115	0.5791	0.2499	0.6548	0.7320	0.0719	0.8109	33.2667	0.1019	2440.0000	353.0000	0.1447	2467.0000
116	0.5996	0.2499	0.6590	0.7224	0.0750	0.8093	33.6000	0.1057	2421.0000	359.0000	0.1483	2459.0000
117	0.5920	0.2499	0.6516	0.7411	0.0799	0.8098	33.1333	0.1076	2399.0000	347.0000	0.1446	2448.0000
118	0.5866	0.2499	0.6468	0.7300	0.0753	0.8173	33.0000	0.0990	2443.0000	349.0000	0.1429	2480.0000
119	0.5987	0.2499	0.6478	0.7257	0.0798	0.8124	32.9333	0.1002	2434.0000	343.0000	0.1409	2478.0000
120	0.5787	0.2499	0.6537	0.7360	0.0745	0.8130	33.0667	0.1021	2433.0000	358.0000	0.1471	2479.0000
121	0.5913	0.2499	0.6492	0.7326	0.0802	0.8092	32.6667	0.1040	2426.0000	352.0000	0.1451	2454.0000
122	0.6017	0.2499	0.6416	0.7169	0.0827	0.8100	33.1333	0.1051	2424.0000	353.0000	0.1456	2449.0000
123	0.5850	0.2499	0.6443	0.7206	0.0773	0.8042	32.9333	0.1054	2387.0000	364.0000	0.1525	2425.0000
124	0.6023	0.2499	0.6489	0.7241	0.0795	0.8174	32.8667	0.1013	2402.0000	343.0000	0.1428	2431.0000
125	0.6024	0.2499	0.6452	0.7314	0.0747	0.8123	32.9333	0.0984	2438.0000	346.0000	0.1419	2478.0000
126	0.6000	0.2499	0.6457	0.7424	0.0786	0.8095	32.9333	0.1070	2390.0000	347.0000	0.1452	2425.0000
127	0.5857	0.2499	0.6490	0.7250	0.0784	0.8002	33.3333	0.1121	2426.0000	366.0000	0.1509	2451.0000
128	0.5920	0.2499	0.6363	0.7473	0.0776	0.8205	33.2667	0.0953	2409.0000	340.0000	0.1411	2439.0000
129	0.5941	0.2499	0.6444	0.7331	0.0799	0.8082	32.8667	0.1080	2441.0000	356.0000	0.1458	2482.0000
130	0.5802	0.2499	0.6447	0.7251	0.0768	0.8116	33.1333	0.1030	2402.0000	352.0000	0.1465	2434.0000
131	0.5865	0.2499	0.6509	0.7290	0.0773	0.8102	33.2000	0.1051	2441.0000	356.0000	0.1458	2465.0000
132	0.5890	0.2499	0.6496	0.7220	0.0828	0.8064	33.0000	0.1112	2406.0000	361.0000	0.1500	2435.0000
133	0.6039	0.2499	0.6543	0.7366	0.0781	0.8244	33.0667	0.0984	2411.0000	336.0000	0.1394	2452.0000
134	0.5897	0.2499	0.6448	0.7321	0.0758	0.8095	32.8000	0.1051	2429.0000	361.0000	0.1486	2458.0000
135	0.5795	0.2499	0.6566	0.7246	0.0712	0.8076	33.1333	0.1016	2448.0000	352.0000	0.1438	2480.0000
136	0.5946	0.2499	0.6519	0.7191	0.0747	0.8040	33.0667	0.1050	2407.0000	362.0000	0.1504	2444.0000
137	0.5912	0.2499	0.6505	0.7337	0.0779	0.8147	32.6667	0.1010	2463.0000	355.0000	0.1441	2489.0000
138	0.5797	0.2499	0.6454	0.7408	0.0771	0.8166	33.0667	0.0976	2458.0000	348.0000	0.1416	2481.0000
139	0.5857	0.2499	0.6487	0.7350	0.0800	0.8121	33.1333	0.1048	2432.0000	346.0000	0.1423	2462.0000
140	0.5890	0.2499	0.6491	0.7413	0.0756	0.8124	33.2000	0.1009	2421.0000	354.0000	0.1462	2453.0000
141	0.5743	0.2499	0.6563	0.7300	0.0681	0.8107	32.9333	0.0982	2444.0000	353.0000	0.1444	2484.0000
142	0.5877	0.2499	0.6502	0.7253	0.0736	0.8097	32.5333	0.1028	2426.0000	355.0000	0.1463	2461.0000
143	0.5888	0.2499	0.6408	0.7185	0.0801	0.8072	32.6000	0.1057	2413.0000	354.0000	0.1467	2449.0000
144	0.5880	0.2499	0.6449	0.7250	0.0750	0.8099	33.2667	0.1006	2419.0000	358.0000	0.1480	2458.0000
145	0.5866	0.2499	0.6532	0.7254	0.0723	0.8128	32.6667	0.0998	2463.0000	354.0000	0.1437	2488.0000
146	0.5836	0.2499	0.6576	0.7249	0.0743	0.8062	32.8667	0.1050	2486.0000	358.0000	0.1440	2515.0000
147	0.5819	0.2499	0.6536	0.7283	0.0770	0.8097	32.7333	0.1058	2442.0000	365.0000	0.1495	2472.0000
148	0.5947	0.2499	0.6437	0.7297	0.0767	0.8163	33.0667	0.0967	2427.0000	357.0000	0.1471	2456.0000
149	0.5977	0.2499	0.6490	0.7338	0.0758	0.8162	33.0667	0.0956	2431.0000	340.0000	0.1399	2460.0000
150	0.6004	0.2499	0.6347	0.7390	0.0784	0.8109	33.0000	0.1069	2367.0000	360.0000	0.1521	2397.0000
151	0.5943	0.2499	0.6447	0.7371	0.0824	0.8138	32.7333	0.1045	2431.0000	348.0000	0.1432	2465.0000
152	0.5975	0.2499	0.6512	0.7454	0.0808	0.8246	32.8000	0.0939	2452.0000	334.0000	0.1362	2484.0000
153	0.6032	0.2499	0.6480	0.7358	0.0781	0.8177	33.2667	0.0984	2459.0000	348.0000	0.1415	2495.0000
154	0.5993	0.2499	0.6574	0.7304	0.0755	0.8132	32.7333	0.1003	2455.0000	354.0000	0.1442	2498.0000
155	0.5860	0.2499	0.6442	0.7422	0.0808	0.8064	33.2667	0.1032	2417.0000	357.0000	0.1477	2452.0000
156	0.6015	0.2499	0.6527	0.7330	0.0778	0.8199	32.7333	0.0945	2443.0000	342.0000	0.1400	2477.0000
157	0.5878	0.2499	0.6400	0.7311	0.0798	0.8077	32.7333	0.1063	2406.0000	348.0000	0.1446	2439.0000
158	0.6011	0.2499	0.6494	0.7495	0.0776	0.8241	32.9333	0.0959	2439.0000	346.0000	0.1419	2469.0000
159	0.5871	0.2499	0.6506	0.7377	0.0751	0.8123	32.8667	0.1035	2451.0000	356.0000	0.1452	2484.0000
160	0.5783	0.2499	0.6489	0.7258	0.0746	0.8097	33.1333	0.1029	2456.0000	357.0000	0.1454	2485.0000
161	0.5817	0.2499	0.6548	0.7482	0.0756	0.8129	32.7333	0.1014	2451.0000	351.0000	0.1432	2483.0000
162	0.5862	0.2499	0.6473	0.7191	0.0780	0.8101	32.8667	0.1040	2424.0000	358.0000	0.1477	2465.0000
163	0.6172	0.2499	0.6553	0.7308	0.0812	0.8163	33.2000	0.1011	2463.0000	351.0000	0.1425	2499.0000
164	0.5819	0.2499	0.6489	0.7316	0.0769	0.8145	32.9333	0.0986	2445.0000	358.0000	0.1464	2476.0000
165	0.5920	0.2499	0.6448	0.7465	0.0764	0.8137	33.2667	0.1025	2427.0000	352.0000	0.1450	2468.0000
166	0.5952	0.2499	0.6483	0.7332	0.0799	0.8144	33.0000	0.1012	2426.0000	343.0000	0.1414	2447.0000
167	0.5982	0.2499	0.6423	0.7356	0.0817	0.8108	32.9333	0.1079	2391.0000	351.0000	0.1468	2425.0000
168	0.5833	0.2499	0.6498	0.7227	0.0782	0.8135	32.8000	0.1021	2458.0000	358.0000	0.1456	2489.0000
169	0.5897	0.2499	0.6497	0.7254	0.0746	0.8142	33.0667	0.0974	2445.0000	343.0000	0.1403	2483.0000
170	0.6013	0.2499	0.6457	0.7373	0.0836	0.8146	32.8000	0.1021	2412.0000	343.0000	0.1422	2439.0000
171	0.5952	0.2499	0.6536	0.7354	0.0795	0.8132	33.4000	0.1021	2441.0000	362.0000	0.1483	2470.0000
172	0.5893	0.2499	0.6495	0.7385	0.0769	0.8130	33.2000	0.1038	2478.0000	355.0000	0.1433	2499.0000
173	0.5917	0.2499	0.6540	0.7361	0.0765	0.8140	33.0667	0.0999	2483.0000	354.0000	0.1426	2512.0000
174	0.6079	0.2499	0.6473	0.7473	0.0776	0.8242	33.0667	0.0955	2418.0000	332.0000	0.1373	2458.0000
175	0.5992	0.2499	0.6529	0.7199	0.0763	0.8183	32.7333	0.0997	2436.0000	338.0000	0.1388	2473.0000
176	0.5773	0.2499	0.6410	0.7261	0.0749	0.8060	33.0000	0.1079	2413.0000	362.0000	0.1500	2439.0000
177	0.6045	0.2499	0.6605	0.7225	0.0844	0.8221	32.8000	0.0956	2456.0000	344.0000	0.1401	2495.0000
178	0.5826	0.2499	0.6524	0.7274	0.0807	0.8052	33.0667	0.1095	2417.0000	356.0000	0.1473	2459.0000
179	0.6072	0.2499	0.6464	0.7338	0.0782	0.8190	33.1333	0.0988	2403.0000	341.0000	0.1419	2435.0000
180	0.5963	0.2499	0.6501	0.7378	0.0786	0.8209	32.8667	0.0956	2446.0000	340.0000	0.1390	2472.0000
181	0.5996	0.2499	0.6546	0.7306	0.0810	0.8169	33.0667	0.0997	2480.0000	345.0000	0.1391	2500.0000
182	0.5989	0.2499	0.6509	0.7348	0.0792	0.8115	32.8000	0.1017	2457.0000	359.0000	0.1461	2490.0000
183	0.5927	0.2499	0.6521	0.7338	0.0797	0.8171	33.0000	0.0978	2468.0000	344.0000	0.1394	2501.0000
184	0.5891	0.2499	0.6442	0.7346	0.0686	0.8086	33.2000	0.1016	2425.0000	358.0000	0.1476	2454.0000
185	0.5979	0.2499	0.6403	0.7241	0.0768	0.8156	32.8000	0.0983	2397.0000	350.0000	0.1460	2432.0000
186	0.6018	0.2499	0.6444	0.7478	0.0785	0.8203	32.9333	0.0953	2419.0000	341.0000	0.1410	2441.0000
187	0.5928	0.2499	0.6487	0.7355	0.0785	0.8176	33.0667	0.1012	2420.0000	346.0000	0.1430	2452.0000
188	0.5965	0.2499	0.6556	0.7330	0.0748	0.8167	32.6000	0.0970	2467.0000	349.0000	0.1415	2500.0000
189	0.5822	0.2499	0.6503	0.7222	0.0782	0.8122	33.2000	0.1032	2427.0000	357.0000	0.1471	2455.0000
190	0.5914	0.2499	0.6409	0.7380	0.0815	0.8201	33.2000	0.1006	2418.0000	343.0000	0.1419	2454.0000
191	0.6106	0.2499	0.6416	0.7357	0.0751	0.8172	33.0000	0.0992	2415.0000	345.0000	0.1429	2449.0000
192	0.5860	0.2499	0.6557	0.7314	0.0751	0.8095	32.8000	0.1031	2457.0000	349.0000	0.1420	2493.0000
193	0.5910	0.2499	0.6595	0.7234	0.0779	0.8057	33.0667	0.1061	2525.0000	359.0000	0.1422	2572.0000
194	0.5921	0.2499	0.6457	0.7437	0.0821	0.8154	32.6000	0.1016	2435.0000	340.0000	0.1396	2466.0000
195	0.6057	0.2499	0.6531	0.7602	0.0813	0.8211	32.9333	0.0944	2444.0000	333.0000	0.1363	2485.0000
196	0.5961	0.2499	0.6469	0.7385	0.0801	0.8167	32.7333	0.1030	2413.0000	343.0000	0.1421	2450.0000
197	0.5983	0.2499	0.6474	0.7327	0.0761	0.8129	33.1333	0.1003	2415.0000	344.0000	0.1424	2447.0000
198	0.6061	0.2499	0.6384	0.7478	0.0816	0.8214	33.1333	0.0999	2381.0000	348.0000	0.1462	2417.0000
199	0.5903	0.2499	0.6435	0.7330	0.0777	0.8169	32.7333	0.0981	2455.0000	349.0000	0.1422	2494.0000
200	0.5830	0.2499	0.6539	0.7340	0.0781	0.8173	32.8667	0.0961	2446.0000	348.0000	0.1423	2488.0000
201	0.5944	0.2499	0.6589	0.7318	0.0764	0.8065	33.0000	0.1073	2464.0000	365.0000	0.1481	2497.0000
202	0.5856	0.2499	0.6461	0.7215	0.0788	0.8075	33.0667	0.1079	2438.0000	358.0000	0.1468	2463.0000
203	0.5883	0.2499	0.6470	0.7224	0.0775	0.8104	32.8000	0.1040	2476.0000	351.0000	0.1418	2505.0000
204	0.5875	0.2499	0.6460	0.7287	0.0774	0.8106	32.9333	0.1075	2431.0000	351.0000	0.1444	2451.0000
205	0.5977	0.2499	0.6486	0.7323	0.0794	0.8143	33.0667	0.1009	2467.0000	346.0000	0.1403	2502.0000
206	0.5903	0.2499	0.6510	0.7338	0.0780	0.8121	33.4000	0.1053	2409.0000	351.0000	0.1457	2439.0000
207	0.5920	0.2499	0.6496	0.7383	0.0728	0.8118	33.0667	0.1064	2427.0000	352.0000	0.1450	2457.0000
208	0.5826	0.2499	0.6561	0.7272	0.0812	0.8071	33.1333	0.1102	2420.0000	362.0000	0.1496	2452.0000
209	0.6067	0.2499	0.6458	0.7387	0.0836	0.8199	33.0667	0.1028	2414.0000	349.0000	0.1446	2445.0000
210	0.5828	0.2499	0.6352	0.7309	0.0754	0.8084	33.0000	0.1045	2398.0000	356.0000	0.1485	2427.0000
211	0.5950	0.2499	0.6446	0.7506	0.0821	0.8236	32.8667	0.0967	2425.0000	334.0000	0.1377	2463.0000
212	0.5891	0.2499	0.6490	0.7189	0.0800	0.8113	33.0667	0.1042	2448.0000	354.0000	0.1446	2483.0000
213	0.6016	0.2499	0.6517	0.7290	0.0758	0.8180	33.0667	0.0974	2471.0000	342.0000	0.1384	2507.0000
214	0.5870	0.2499	0.6495	0.7339	0.0745	0.8106	32.8000	0.1039	2448.0000	354.0000	0.1446	2479.0000
215	0.5844	0.2499	0.6479	0.7329	0.0744	0.8096	33.1333	0.1050	2418.0000	358.0000	0.1481	2439.0000
216	0.5858	0.2499	0.6489	0.7321	0.0780	0.8171	32.7333	0.0979	2438.0000	344.0000	0.1411	2472.0000
217	0.6014	0.2499	0.6337	0.7465	0.0767	0.8170	32.8000	0.0955	2357.0000	345.0000	0.1464	2387.0000
218	0.5780	0.2499	0.6542	0.7313	0.0789	0.8119	32.8000	0.1015	2445.0000	347.0000	0.1419	2469.0000
219	0.6039	0.2499	0.6419	0.7339	0.0778	0.8129	33.0000	0.0996	2398.0000	344.0000	0.1435	2430.0000
220	0.5947	0.2499	0.6488	0.7321	0.0784	0.8129	32.8000	0.1035	2450.0000	355.0000	0.1449	2479.0000
221	0.5930	0.2499	0.6433	0.7288	0.0815	0.8024	33.4667	0.1143	2415.0000	368.0000	0.1524	2446.0000
222	0.5896	0.2499	0.6524	0.7234	0.0737	0.8093	33.0000	0.1033	2423.0000	362.0000	0.1494	2457.0000
223	0.5815	0.2499	0.6471	0.7202	0.0773	0.8114	32.8000	0.1034	2436.0000	361.0000	0.1482	2472.0000
224	0.6003	0.2499	0.6497	0.7473	0.0798	0.8197	33.3333	0.0988	2444.0000	345.0000	0.1412	2487.0000
225	0.6012	0.2499	0.6426	0.7387	0.0762	0.8163	33.2000	0.0994	2409.0000	343.0000	0.1424	2443.0000
226	0.5849	0.2499	0.6453	0.7382	0.0776	0.8118	33.2000	0.1037	2423.0000	356.0000	0.1469	2450.0000
227	0.5817	0.2499	0.6445	0.7327	0.0755	0.8124	33.4000	0.1000	2387.0000	355.0000	0.1487	2418.0000
228	0.5817	0.2499	0.6467	0.7298	0.0759	0.8078	32.9333	0.1027	2438.0000	361.0000	0.1481	2466.0000
229	0.5846	0.2499	0.6437	0.7254	0.0735	0.8121	33.0667	0.1017	2417.0000	355.0000	0.1469	2444.0000
230	0.6037	0.2499	0.6476	0.7343	0.0803	0.8134	32.7333	0.0987	2455.0000	344.0000	0.1401	2485.0000
231	0.6019	0.2499	0.6546	0.7380	0.0755	0.8155	33.0667	0.1030	2431.0000	344.0000	0.1415	2464.0000
232	0.5854	0.2499	0.6539	0.7385	0.0785	0.8148	33.0667	0.1012	2453.0000	348.0000	0.1419	2481.0000
233	0.5902	0.2499	0.6428	0.7354	0.0795	0.8094	32.7333	0.1054	2394.0000	347.0000	0.1449	2430.0000
234	0.5783	0.2499	0.6506	0.7327	0.0743	0.8127	33.0000	0.1011	2495.0000	357.0000	0.1431	2516.0000
235	0.5755	0.2499	0.6532	0.7304	0.0722	0.8178	32.9333	0.0949	2460.0000	348.0000	0.1415	2509.0000
236	0.5833	0.2499	0.6605	0.7324	0.0790	0.8097	32.8000	0.1038	2472.0000	361.0000	0.1460	2491.0000
237	0.5963	0.2499	0.6530	0.7360	0.0832	0.8200	33.0000	0.0975	2408.0000	339.0000	0.1408	2448.0000
238	0.5716	0.2499	0.6451	0.7215	0.0738	0.8031	33.1333	0.1088	2416.0000	362.0000	0.1498	2455.0000
239	0.5820	0.2499	0.6394	0.7243	0.0761	0.8071	32.6667	0.1047	2370.0000	363.0000	0.1532	2390.0000
240	0.5985	0.2499	0.6440	0.7252	0.0770	0.8203	33.0000	0.0937	2423.0000	340.0000	0.1403	2448.0000
241	0.5876	0.2499	0.6477	0.7387	0.0795	0.8168	33.0667	0.0990	2403.0000	340.0000	0.1415	2439.0000
242	0.6068	0.2499	0.6465	0.7477	0.0753	0.8167	33.4000	0.0986	2426.0000	343.0000	0.1414	2449.0000
243	0.5952	0.2499	0.6440	0.7235	0.0773	0.8085	33.0667	0.1045	2431.0000	360.0000	0.1481	2470.0000
244	0.5939	0.2499	0.6513	0.7433	0.0765	0.8156	33.0000	0.1010	2401.0000	348.0000	0.1449	2430.0000
245	0.5893	0.2499	0.6497	0.7434	0.0760	0.8069	32.8000	0.1064	2445.0000	347.0000	0.1419	2484.0000
246	0.5852	0.2499	0.6537	0.7444	0.0803	0.8120	33.1333	0.1011	2464.0000	348.0000	0.1412	2493.0000
247	0.5881	0.2499	0.6595	0.7343	0.0773	0.8118	33.0667	0.1044	2466.0000	357.0000	0.1448	2512.0000
248	0.5807	0.2499	0.6575	0.7346	0.0771	0.8053	33.0667	0.1048	2482.0000	352.0000	0.1418	2514.0000
249	0.5789	0.2499	0.6493	0.7325	0.0768	0.8086	33.0000	0.1046	2440.0000	351.0000	0.1439	2482.0000
250	0.5812	0.2499	0.6413	0.7328	0.0744	0.8107	33.1333	0.0986	2372.0000	352.0000	0.1484	2408.0000
251	0.5857	0.2499	0.6611	0.7439	0.0784	0.8094	33.2667	0.1060	2520.0000	349.0000	0.1385	2549.0000
252	0.5930	0.2499	0.6435	0.7365	0.0792	0.8119	33.1333	0.1038	2395.0000	354.0000	0.1478	2432.0000
253	0.5797	0.2499	0.6571	0.7472	0.0786	0.8109	33.2000	0.1053	2473.0000	354.0000	0.1431	2508.0000
254	0.5951	0.2499	0.6565	0.7296	0.0768	0.8185	32.8000	0.0946	2489.0000	347.0000	0.1394	2519.0000
255	0.6002	0.2499	0.6516	0.7435	0.0782	0.8136	32.4000	0.1016	2444.0000	345.0000	0.1412	2466.0000
256	0.6011	0.2499	0.6453	0.7427	0.0758	0.8192	32.8667	0.0991	2423.0000	350.0000	0.1444	2460.0000
257	0.5877	0.2499	0.6491	0.7333	0.0737	0.8133	33.0000	0.1026	2457.0000	359.0000	0.1461	2479.0000
258	0.5895	0.2499	0.6430	0.7300	0.0787	0.8136	33.0667	0.1002	2410.0000	353.0000	0.1465	2434.0000
259	0.5913	0.2499	0.6489	0.7211	0.0794	0.8059	33.0000	0.1074	2425.0000	361.0000	0.1489	2462.0000
260	0.5910	0.2499	0.6515	0.7209	0.0766	0.8081	33.2000	0.1052	2446.0000	352.0000	0.1439	2475.0000
261	0.5821	0.2499	0.6398	0.7275	0.0758	0.8088	32.8667	0.1043	2376.0000	347.0000	0.1460	2411.0000
262	0.5761	0.2499	0.6467	0.7411	0.0782	0.8143	32.8000	0.0985	2426.0000	350.0000	0.1443	2458.0000
263	0.5931	0.2499	0.6421	0.7434	0.0776	0.8172	33.0000	0.1007	2409.0000	343.0000	0.1424	2444.0000
264	0.5895	0.2499	0.6562	0.7301	0.0754	0.8173	33.2000	0.0965	2492.0000	353.0000	0.1417	2525.0000
265	0.6128	0.2499	0.6451	0.7400	0.0826	0.8221	33.0667	0.0973	2455.0000	341.0000	0.1389	2478.0000
266	0.5867	0.2499	0.6451	0.7432	0.0811	0.8150	33.0667	0.0982	2446.0000	341.0000	0.1394	2485.0000
267	0.6027	0.2499	0.6380	0.7354	0.0774	0.8110	32.8667	0.1046	2402.0000	347.0000	0.1445	2431.0000
268	0.5887	0.2499	0.6509	0.7437	0.0819	0.8173	32.7333	0.1035	2432.0000	351.0000	0.1443	2461.0000
269	0.5917	0.2499	0.6446	0.7274	0.0739	0.8122	32.9333	0.1031	2403.0000	347.0000	0.1444	2440.0000
270	0.5883	0.2499	0.6424	0.7419	0.0739	0.8110	32.7333	0.1012	2414.0000	355.0000	0.1471	2448.0000
271	0.5940	0.2499	0.6500	0.7284	0.0756	0.8097	33.3333	0.1017	2431.0000	351.0000	0.1444	2456.0000
272	0.5954	0.2499	0.6487	0.7425	0.0792	0.8124	32.9333	0.1013	2396.0000	351.0000	0.1465	2429.0000
273	0.6001	0.2499	0.6459	0.7360	0.0801	0.8129	32.4000	0.1038	2435.0000	355.0000	0.1458	2469.0000
274	0.5897	0.2499	0.6544	0.7341	0.0807	0.8090	33.0667	0.1062	2421.0000	361.0000	0.1491	2455.0000
275	0.6091	0.2499	0.6548	0.7426	0.0801	0.8210	32.6667	0.0996	2445.0000	337.0000	0.1378	2476.0000
276	0.6024	0.2499	0.6456	0.7274	0.0784	0.8124	32.8000	0.1030	2383.0000	358.0000	0.1502	2420.0000
277	0.5923	0.2499	0.6437	0.7436	0.0809	0.8161	33.4000	0.0981	2462.0000	349.0000	0.1418	2491.0000
278	0.5985	0.2499	0.6505	0.7359	0.0749	0.8139	32.8667	0.0980	2441.0000	354.0000	0.1450	2489.0000
279	0.5778	0.2499	0.6456	0.7354	0.0752	0.8135	33.6000	0.1014	2419.0000	359.0000	0.1484	2440.0000
280	0.6027	0.2499	0.6479	0.7287	0.0792	0.8148	33.2000	0.0986	2445.0000	350.0000	0.1431	2485.0000
281	0.5987	0.2499	0.6528	0.7234	0.0743	0.8162	33.2000	0.1012	2426.0000	351.0000	0.1447	2454.0000
282	0.5724	0.2499	0.6527	0.7303	0.0795	0.8116	32.9333	0.1023	2458.0000	357.0000	0.1452	2476.0000
283	0.5908	0.2499	0.6549	0.7374	0.0769	0.8118	33.3333	0.1003	2466.0000	347.0000	0.1407	2505.0000
284	0.5947	0.2499	0.6428	0.7362	0.0810	0.8117	33.0667	0.1043	2416.0000	343.0000	0.1420	2440.0000
285	0.5992	0.2499	0.6494	0.7401	0.0781	0.8128	33.2667	0.1003	2445.0000	350.0000	0.1431	2468.0000
286	0.5861	0.2499	0.6389	0.7483	0.0786	0.8114	32.8000	0.1028	2337.0000	349.0000	0.1493	2374.0000
287	0.5956	0.2499	0.6474	0.7413	0.0806	0.8217	33.0000	0.0990	2420.0000	339.0000	0.1401	2449.0000
288	0.5834	0.2499	0.6453	0.7445	0.0761	0.8118	33.1333	0.1019	2386.0000	349.0000	0.1463	2418.0000
289	0.5870	0.2499	0.6503	0.7388	0.0804	0.8104	33.1333	0.1061	2434.0000	357.0000	0.1467	2463.0000
290	0.5958	0.2499	0.6452	0.7308	0.0758	0.8091	32.7333	0.1008	2462.0000	348.0000	0.1413	2499.0000
291	0.5970	0.2499	0.6513	0.7378	0.0826	0.8121	33.2000	0.1056	2457.0000	353.0000	0.1437	2498.0000
292	0.5941	0.2499	0.6478	0.7375	0.0802	0.8083	33.0000	0.1056	2422.0000	354.0000	0.1462	2463.0000
293	0.5840	0.2499	0.6497	0.7385	0.0715	0.8130	33.2667	0.1005	2478.0000	352.0000	0.1421	2512.0000
294	0.5927	0.2499	0.6531	0.7444	0.0783	0.8161	32.9333	0.0976	2446.0000	351.0000	0.1435	2481.0000
295	0.5949	0.2499	0.6511	0.7413	0.0810	0.8181	33.3333	0.1022	2429.0000	350.0000	0.1441	2456.0000
296	0.5820	0.2499	0.6434	0.7307	0.0727	0.8089	33.0667	0.1056	2399.0000	358.0000	0.1492	2435.0000
297	0.5785	0.2499	0.6552	0.7315	0.0712	0.8118	32.8000	0.1009	2467.0000	346.0000	0.1403	2514.0000
298	0.5965	0.2499	0.6517	0.7412	0.0750	0.8103	32.9333	0.1057	2431.0000	346.0000	0.1423	2462.0000
299	0.6056	0.2499	0.6524	0.7429	0.0789	0.8159	32.8667	0.1000	2451.0000	352.0000	0.1436	2480.0000
300	0.5908	0.2499	0.6520	0.7335	0.0746	0.8156	32.5333	0.0988	2434.0000	347.0000	0.1426	2475.0000
301	0.6004	0.2499	0.6383	0.7248	0.0757	0.8136	33.4667	0.1015	2397.0000	349.0000	0.1456	2426.0000
302	0.5842	0.2499	0.6512	0.7214	0.0747	0.8104	32.8000	0.1046	2440.0000	355.0000	0.1455	2475.0000
303	0.5964	0.2499	0.6511	0.7353	0.0766	0.8159	33.2667	0.0985	2439.0000	350.0000	0.1435	2465.0000
304	0.6064	0.2499	0.6510	0.7333	0.0784	0.8196	32.7333	0.0970	2409.0000	339.0000	0.1407	2437.0000
305	0.5990	0.2499	0.6479	0.7423	0.0836	0.8131	33.0000	0.1042	2425.0000	348.0000	0.1435	2454.0000
306	0.5869	0.2499	0.6508	0.7206	0.0721	0.8081	33.2000	0.1045	2441.0000	356.0000	0.1458	2489.0000
307	0.5887	0.2499	0.6466	0.7416	0.0787	0.8162	33.3333	0.1014	2417.0000	352.0000	0.1456	2456.0000
308	0.5859	0.2499	0.6584	0.7378	0.0761	0.8196	33.0667	0.0948	2481.0000	348.0000	0.1403	2527.0000
309	0.5982	0.2499	0.6470	0.7482	0.0795	0.8229	32.8000	0.0953	2465.0000	337.0000	0.1367	2498.0000
310	0.5897	0.2499	0.6478	0.7224	0.0717	0.8079	33.0000	0.0989	2410.0000	358.0000	0.1485	2458.0000
311	0.6118	0.2499	0.6421	0.7347	0.0764	0.8153	33.0000	0.0995	2443.0000	353.0000	0.1445	2473.0000
312	0.5826	0.2499	0.6469	0.7255	0.0759	0.8057	33.0000	0.1070	2453.0000	364.0000	0.1484	2484.0000
313	0.5988	0.2499	0.6508	0.7532	0.0821	0.8264	33.0667	0.0921	2461.0000	340.0000	0.1382	2483.0000
314	0.5870	0.2499	0.6524	0.7385	0.0783	0.8154	33.0000	0.0997	2448.0000	346.0000	0.1413	2487.0000
315	0.5863	0.2499	0.6441	0.7288	0.0777	0.8167	32.8000	0.1033	2411.0000	357.0000	0.1481	2452.0000
316	0.5765	0.2499	0.6593	0.7383	0.0760	0.8107	32.8667	0.1066	2503.0000	354.0000	0.1414	2546.0000
317	0.5881	0.2499	0.6485	0.7225	0.0817	0.8066	33.2000	0.1085	2433.0000	367.0000	0.1508	2463.0000
318	0.5812	0.2499	0.6440	0.7202	0.0817	0.8097	32.6000	0.1015	2433.0000	360.0000	0.1480	2461.0000
319	0.5839	0.2499	0.6569	0.7233	0.0724	0.8098	33.3333	0.1077	2464.0000	358.0000	0.1453	2511.0000
320	0.5922	0.2499	0.6448	0.7377	0.0770	0.8169	33.2000	0.1010	2400.0000	354.0000	0.1475	2441.0000
321	0.5818	0.2499	0.6499	0.7206	0.0771	0.8106	32.8667	0.1026	2423.0000	355.0000	0.1465	2467.0000
322	0.5906	0.2499	0.6523	0.7393	0.0750	0.8217	32.9333	0.0917	2428.0000	332.0000	0.1367	2476.0000
323	0.5801	0.2499	0.6542	0.7373	0.0807	0.8117	32.8667	0.1034	2457.0000	356.0000	0.1449	2475.0000
324	0.5892	0.2499	0.6488	0.7416	0.0737	0.8159	33.0000	0.1010	2419.0000	344.0000	0.1422	2445.0000
325	0.5776	0.2499	0.6518	0.7258	0.0757	0.8115	33.0000	0.1031	2423.0000	360.0000	0.1486	2451.0000
326	0.5881	0.2499	0.6523	0.7369	0.0787	0.8128	32.8000	0.1033	2441.0000	355.0000	0.1454	2469.0000
327	0.5947	0.2499	0.6568	0.7238	0.0790	0.8178	32.6000	0.0967	2445.0000	348.0000	0.1423	2491.0000
328	0.5953	0.2499	0.6435	0.7268	0.0778	0.8103	33.4667	0.1040	2423.0000	358.0000	0.1478	2447.0000
329	0.5887	0.2499	0.6441	0.7252	0.0781	0.8117	32.8667	0.1061	2407.0000	354.0000	0.1471	2436.0000
330	0.5735	0.2499	0.6475	0.7210	0.0779	0.8031	33.1333	0.1093	2432.0000	365.0000	0.1501	2455.0000
331	0.5924	0.2499	0.6530	0.7434	0.0727	0.8178	32.8000	0.0963	2478.0000	342.0000	0.1380	2516.0000
332	0.5935	0.2499	0.6560	0.7307	0.0779	0.8103	33.2667	0.1035	2450.0000	353.0000	0.1441	2488.0000
333	0.6034	0.2499	0.6502	0.7380	0.0819	0.8101	33.0000	0.1047	2429.0000	351.0000	0.1445	2454.0000
334	0.5911	0.2499	0.6381	0.7335	0.0751	0.8143	33.3333	0.0991	2411.0000	353.0000	0.1464	2448.0000
335	0.6132	0.2499	0.6488	0.7388	0.0766	0.8267	32.6667	0.0908	2442.0000	339.0000	0.1388	2472.0000
336	0.5885	0.2499	0.6501	0.7326	0.0789	0.8142	32.9333	0.1019	2434.0000	351.0000	0.1442	2477.0000
337	0.5994	0.2499	0.6468	0.7399	0.0794	0.8216	33.4667	0.0976	2453.0000	341.0000	0.1390	2494.0000
338	0.5916	0.2499	0.6467	0.7463	0.0823	0.8212	32.7333	0.0967	2419.0000	339.0000	0.1401	2462.0000
339	0.6011	0.2499	0.6466	0.7409	0.0825	0.8137	32.9333	0.1042	2460.0000	352.0000	0.1431	2486.0000
340	0.5847	0.2499	0.6453	0.7328	0.0778	0.8118	33.4000	0.1058	2430.0000	358.0000	0.1473	2459.0000
341	0.5866	0.2499	0.6467	0.7261	0.0732	0.8039	32.8000	0.1063	2417.0000	354.0000	0.1465	2441.0000
342	0.5903	0.2499	0.6504	0.7158	0.0734	0.8094	33.0000	0.1038	2461.0000	361.0000	0.1467	2510.0000
343	0.5853	0.2499	0.6460	0.7333	0.0776	0.8091	33.3333	0.1048	2427.0000	351.0000	0.1446	2453.0000
344	0.5858	0.2499	0.6488	0.7351	0.0739	0.8042	33.3333	0.1069	2432.0000	361.0000	0.1484	2468.0000
345	0.5789	0.2499	0.6575	0.7297	0.0695	0.8181	32.8000	0.0970	2488.0000	345.0000	0.1387	2524.0000
346	0.6071	0.2499	0.6466	0.7342	0.0808	0.8164	33.0000	0.0989	2452.0000	345.0000	0.1407	2480.0000
347	0.5852	0.2499	0.6416	0.7343	0.0757	0.8096	33.0000	0.1034	2414.0000	362.0000	0.1500	2443.0000
348	0.5887	0.2499	0.6452	0.7226	0.0786	0.8100	33.2000	0.1027	2417.0000	358.0000	0.1481	2448.0000
349	0.6013	0.2499	0.6496	0.7403	0.0799	0.8223	32.7333	0.0991	2433.0000	337.0000	0.1385	2455.0000
350	0.5928	0.2499	0.6515	0.7225	0.0702	0.8110	32.9333	0.0987	2473.0000	359.0000	0.1452	2516.0000
351	0.5910	0.2499	0.6457	0.7252	0.0811	0.8110	33.0667	0.1024	2406.0000	348.0000	0.1446	2448.0000
352	0.5773	0.2499	0.6547	0.7138	0.0776	0.8050	33.0000	0.1083	2417.0000	372.0000	0.1539	2464.0000
353	0.5882	0.2499	0.6466	0.7296	0.0728	0.8133	33.2000	0.0969	2414.0000	350.0000	0.1450	2444.0000
354	0.5936	0.2499	0.6467	0.7560	0.0810	0.8158	32.8000	0.1027	2433.0000	342.0000	0.1406	2474.0000
355	0.5901	0.2499	0.6437	0.7318	0.0753	0.8114	32.8000	0.1021	2388.0000	355.0000	0.1487	2419.0000
356	0.5923	0.2499	0.6482	0.7321	0.0792	0.8160	33.2667	0.0989	2459.0000	358.0000	0.1456	2486.0000
357	0.6011	0.2499	0.6526	0.7472	0.0796	0.8178	33.0000	0.0985	2403.0000	341.0000	0.1419	2440.0000
358	0.5964	0.2499	0.6535	0.7357	0.0810	0.8155	33.0667	0.0988	2452.0000	348.0000	0.1419	2487.0000
359	0.5890	0.2499	0.6547	0.7298	0.0766	0.8149	32.9333	0.1006	2430.0000	343.0000	0.1412	2470.0000
360	0.6100	0.2499	0.6521	0.7353	0.0803	0.8157	32.8667	0.1012	2426.0000	340.0000	0.1401	2460.0000
361	0.6141	0.2499	0.6502	0.7314	0.0826	0.8190	32.9333	0.0984	2418.0000	341.0000	0.1410	2462.0000
362	0.5895	0.2499	0.6514	0.7476	0.0765	0.8170	33.2667	0.0985	2410.0000	348.0000	0.1444	2447.0000
363	0.5963	0.2499	0.6427	0.7385	0.0773	0.8139	33.2667	0.1004	2401.0000	349.0000	0.1454	2439.0000
364	0.5770	0.2499	0.6488	0.7335	0.0779	0.8138	32.8667	0.1036	2421.0000	356.0000	0.1470	2466.0000
365	0.5874	0.2499	0.6482	0.7436	0.0804	0.8137	32.8667	0.1045	2445.0000	344.0000	0.1407	2478.0000
366	0.5961	0.2499	0.6399	0.7417	0.0781	0.8225	32.6667	0.0962	2394.0000	347.0000	0.1449	2422.0000
367	0.5889	0.2499	0.6492	0.7328	0.0767	0.8137	33.2000	0.0991	2445.0000	349.0000	0.1427	2476.0000
368	0.5963	0.2499	0.6443	0.7221	0.0799	0.8113	32.6667	0.1049	2421.0000	356.0000	0.1470	2455.0000
369	0.5958	0.2499	0.6479	0.7431	0.0752	0.8157	32.5333	0.1005	2413.0000	342.0000	0.1417	2451.0000
370	0.5915	0.2499	0.6522	0.7387	0.0810	0.8138	32.8000	0.1028	2430.0000	349.0000	0.1436	2463.0000
371	0.5797	0.2499	0.6556	0.7299	0.0738	0.8091	33.2667	0.1027	2482.0000	363.0000	0.1463	2527.0000
372	0.5866	0.2499	0.6493	0.7211	0.0746	0.8103	33.0000	0.1011	2399.0000	363.0000	0.1513	2446.0000
373	0.5816	0.2499	0.6437	0.7440	0.0813	0.8154	33.2000	0.1015	2387.0000	347.0000	0.1454	2426.0000
374	0.5901	0.2499	0.6550	0.7188	0.0742	0.8146	32.9333	0.0963	2458.0000	361.0000	0.1469	2506.0000
375	0.5901	0.2499	0.6464	0.7254	0.0779	0.8150	32.8667	0.1015	2444.0000	350.0000	0.1432	2473.0000
376	0.5993	0.2499	0.6381	0.7438	0.0790	0.8147	33.2667	0.0994	2423.0000	338.0000	0.1395	2442.0000
377	0.5879	0.2499	0.6468	0.7377	0.0769	0.8076	33.5333	0.1052	2431.0000	352.0000	0.1448	2461.0000
378	0.5857	0.2499	0.6501	0.7344	0.0768	0.8151	33.0000	0.0971	2444.0000	348.0000	0.1424	2464.0000
379	0.5993	0.2499	0.6441	0.7242	0.0768	0.8152	33.0000	0.1014	2423.0000	355.0000	0.1465	2454.0000
380	0.6023	0.2499	0.6561	0.7401	0.0801	0.8237	33.0000	0.0951	2419.0000	340.0000	0.1406	2457.0000
381	0.5813	0.2499	0.6493	0.7253	0.0766	0.8095	33.2000	0.1006	2399.0000	347.0000	0.1446	2431.0000
382	0.5943	0.2499	0.6467	0.7424	0.0793	0.8194	33.2667	0.0988	2419.0000	346.0000	0.1430	2449.0000
383	0.5888	0.2499	0.6405	0.7454	0.0771	0.8138	33.5333	0.1032	2421.0000	358.0000	0.1479	2442.0000
384	0.6030	0.2499	0.6442	0.7394	0.0803	0.8148	33.2667	0.1042	2406.0000	352.0000	0.1463	2439.0000
385	0.5934	0.2499	0.6590	0.7356	0.0805	0.8164	33.4667	0.0992	2437.0000	340.0000	0.1395	2478.0000
386	0.5871	0.2499	0.6510	0.7292	0.0767	0.8140	33.1333	0.0990	2426.0000	344.0000	0.1418	2444.0000
387	0.5744	0.2499	0.6428	0.7389	0.0763	0.8073	32.9333	0.1037	2399.0000	356.0000	0.1484	2437.0000
388	0.5909	0.2499	0.6582	0.7342	0.0743	0.8119	32.9333	0.1028	2464.0000	347.0000	0.1408	2497.0000
389	0.5943	0.2499	0.6464	0.7477	0.0762	0.8134	32.8000	0.1054	2423.0000	354.0000	0.1461	2455.0000
390	0.5949	0.2499	0.6458	0.7364	0.0801	0.8124	33.0667	0.1034	2429.0000	345.0000	0.1420	2469.0000
391	0.5963	0.2499	0.6558	0.7466	0.0793	0.8102	32.9333	0.1072	2449.0000	348.0000	0.1421	2486.0000
392	0.5896	0.2499	0.6400	0.7418	0.0745	0.8167	32.8667	0.0994	2374.0000	342.0000	0.1441	2415.0000
393	0.5899	0.2499	0.6567	0.7387	0.0776	0.8140	32.6667	0.1022	2441.0000	351.0000	0.1438	2476.0000
394	0.5835	0.2499	0.6466	0.7359	0.0777	0.8152	32.9333	0.1017	2420.0000	350.0000	0.1446	2455.0000
395	0.5860	0.2499	0.6463	0.7284	0.0745	0.8171	33.1333	0.0938	2447.0000	349.0000	0.1426	2488.0000
396	0.5980	0.2499	0.6429	0.7274	0.0760	0.8177	33.0000	0.0955	2434.0000	352.0000	0.1446	2469.0000
397	0.5832	0.2499	0.6525	0.7357	0.0768	0.8193	33.3333	0.0921	2446.0000	348.0000	0.1423	2485.0000
398	0.5807	0.2499	0.6489	0.7300	0.0758	0.8106	32.8667	0.1020	2442.0000	346.0000	0.1417	2481.0000
399	0.5768	0.2499	0.6500	0.7326	0.0733	0.8055	32.9333	0.1068	2455.0000	348.0000	0.1418	2479.0000
400	0.6003	0.2499	0.6535	0.7384	0.0771	0.8273	33.4000	0.0922	2460.0000	333.0000	0.1354	2490.0000
401	0.5740	0.2499	0.6649	0.7423	0.0766	0.8136	32.8000	0.0939	2491.0000	339.0000	0.1361	2527.0000
402	0.5936	0.2499	0.6490	0.7440	0.0777	0.8176	33.0000	0.0998	2436.0000	340.0000	0.1396	2456.0000
403	0.5912	0.2499	0.6537	0.7415	0.0809	0.8191	33.2667	0.0984	2459.0000	347.0000	0.1411	2494.0000
404	0.6028	0.2499	0.6405	0.7409	0.0782	0.8231	33.2000	0.0943	2404.0000	341.0000	0.1418	2453.0000
405	0.5839	0.2499	0.6558	0.7426	0.0818	0.8200	33.1333	0.0969	2447.0000	341.0000	0.1394	2474.0000
406	0.6177	0.2499	0.6433	0.7451	0.0860	0.8212	32.8667	0.1015	2394.0000	340.0000	0.1420	2421.0000
407	0.5982	0.2499	0.6605	0.7387	0.0821	0.8236	32.5333	0.0953	2475.0000	339.0000	0.1370	2508.0000
408	0.5804	0.2499	0.6470	0.7345	0.0752	0.8147	32.9333	0.1021	2423.0000	352.0000	0.1453	2450.0000
409	0.5996	0.2499	0.6473	0.7398	0.0741	0.8171	33.3333	0.0996	2434.0000	359.0000	0.1475	2464.0000
410	0.5850	0.2499	0.6554	0.7240	0.0785	0.8075	33.2000	0.1033	2477.0000	359.0000	0.1449	2516.0000
411	0.5912	0.2499	0.6515	0.7223	0.0725	0.8104	32.8667	0.0997	2422.0000	352.0000	0.1453	2469.0000
412	0.5797	0.2499	0.6584	0.7198	0.0739	0.8089	32.6667	0.1009	2499.0000	350.0000	0.1401	2532.0000
413	0.5882	0.2499	0.6466	0.7403	0.0806	0.8041	33.4000	0.1111	2427.0000	363.0000	0.1496	2458.0000
414	0.5858	0.2499	0.6480	0.7269	0.0761	0.8086	33.0667	0.1072	2400.0000	361.0000	0.1504	2425.0000
415	0.5975	0.2499	0.6518	0.7213	0.0757	0.8118	33.1333	0.0996	2446.0000	355.0000	0.1451	2484.0000
416	0.5981	0.2499	0.6635	0.7329	0.0773	0.8158	32.6667	0.1004	2458.0000	340.0000	0.1383	2504.0000
417	0.6086	0.2499	0.6574	0.7371	0.0814	0.8212	33.0000	0.0984	2429.0000	341.0000	0.1404	2467.0000
418	0.5974	0.2499	0.6424	0.7487	0.0802	0.8121	33.0000	0.1036	2427.0000	345.0000	0.1422	2457.0000
419	0.5806	0.2499	0.6573	0.7245	0.0745	0.8083	33.4000	0.1029	2478.0000	361.0000	0.1457	2514.0000
420	0.6100	0.2499	0.6360	0.7475	0.0819	0.8209	32.8000	0.0946	2366.0000	339.0000	0.1433	2398.0000
421	0.5970	0.2499	0.6511	0.7349	0.0760	0.8109	33.0000	0.1040	2415.0000	356.0000	0.1474	2454.0000
422	0.5941	0.2499	0.6526	0.7351	0.0808	0.8127	32.9333	0.1023	2453.0000	352.0000	0.1435	2487.0000
423	0.6053	0.2499	0.6516	0.7301	0.0810	0.8214	33.0667	0.1015	2399.0000	350.0000	0.1459	2439.0000
424	0.5890	0.2499	0.6524	0.7230	0.0762	0.8119	33.1333	0.1027	2445.0000	354.0000	0.1448	2471.0000
425	0.6011	0.2499	0.6542	0.7352	0.0776	0.8158	33.3333	0.0973	2462.0000	355.0000	0.1442	2495.0000
426	0.5873	0.2499	0.6517	0.7486	0.0758	0.8146	33.5333	0.0989	2428.0000	342.0000	0.1409	2460.0000
427	0.5934	0.2499	0.6571	0.7304	0.0758	0.8148	33.0667	0.1016	2457.0000	344.0000	0.1400	2490.0000
428	0.5843	0.2499	0.6463	0.7293	0.0726	0.8130	33.0667	0.0976	2425.0000	347.0000	0.1431	2457.0000
429	0.5922	0.2499	0.6531	0.7360	0.0787	0.8113	33.2000	0.1003	2486.0000	354.0000	0.1424	2512.0000
430	0.5926	0.2499	0.6440	0.7290	0.0796	0.8127	32.8000	0.1038	2394.0000	357.0000	0.1491	2434.0000
431	0.5951	0.2499	0.6432	0.7313	0.0793	0.8098	32.9333	0.1062	2435.0000	361.0000	0.1483	2473.0000
432	0.5776	0.2499	0.6428	0.7366	0.0768	0.8087	33.0000	0.1028	2427.0000	351.0000	0.1446	2466.0000
433	0.5791	0.2499	0.6547	0.7322	0.0801	0.8093	33.1333	0.1041	2458.0000	358.0000	0.1456	2493.0000
434	0.6025	0.2499	0.6457	0.7361	0.0790	0.8144	33.2667	0.1032	2414.0000	341.0000	0.1413	2439.0000
435	0.5939	0.2499	0.6463	0.7355	0.0798	0.8127	33.3333	0.1020	2426.0000	347.0000	0.1430	2452.0000
436	0.5735	0.2499	0.6536	0.7267	0.0758	0.8070	32.7333	0.1045	2445.0000	346.0000	0.1415	2485.0000
437	0.5892	0.2499	0.6443	0.7322	0.0744	0.8117	32.8667	0.1053	2422.0000	352.0000	0.1453	2465.0000
438	0.5839	0.2499	0.6495	0.7361	0.0759	0.8145	33.0000	0.1009	2447.0000	343.0000	0.1402	2465.0000
439	0.5980	0.2499	0.6532	0.7244	0.0730	0.8167	32.8000	0.0960	2442.0000	345.0000	0.1413	2475.0000
440	0.6091	0.2499	0.6464	0.7201	0.0777	0.8122	32.6667	0.1004	2411.0000	346.0000	0.1435	2441.0000
441	0.5848	0.2499	0.6445	0.7226	0.0721	0.8170	32.8000	0.0973	2401.0000	353.0000	0.1470	2442.0000
442	0.5884	0.2499	0.6509	0.7372	0.0805	0.8073	33.0667	0.1045	2435.0000	355.0000	0.1458	2469.0000
443	0.5921	0.2499	0.6531	0.7449	0.0789	0.8121	33.1333	0.1029	2467.0000	351.0000	0.1423	2498.0000
444	0.5875	0.2499	0.6476	0.7205	0.0786	0.8056	33.4000	0.1041	2450.0000	359.0000	0.1465	2474.0000
445	0.5837	0.2499	0.6522	0.7427	0.0800	0.8221	33.2000	0.0943	2437.0000	339.0000	0.1391	2477.0000
446	0.6015	0.2499	0.6526	0.7185	0.0753	0.8121	32.9333	0.1029	2447.0000	354.0000	0.1447	2469.0000
447	0.5943	0.2499	0.6450	0.7233	0.0764	0.8098	33.0000	0.1054	2432.0000	360.0000	0.1480	2465.0000
448	0.5873	0.2499	0.6468	0.7354	0.0776	0.8193	33.0667	0.0974	2455.0000	351.0000	0.1430	2495.0000
449	0.5940	0.2499	0.6485	0.7333	0.0843	0.8152	32.8000	0.1053	2437.0000	356.0000	0.1461	2486.0000
450	0.5923	0.2499	0.6454	0.7473	0.0792	0.8137	33.0667	0.1005	2402.0000	347.0000	0.1445	2442.0000
451	0.5938	0.2499	0.6587	0.7456	0.0784	0.8178	32.8667	0.0970	2441.0000	342.0000	0.1401	2470.0000
452	0.5763	0.2499	0.6477	0.7531	0.0751	0.8185	32.7333	0.0952	2415.0000	344.0000	0.1424	2451.0000
453	0.5986	0.2499	0.6482	0.7418	0.0782	0.8122	33.4000	0.0996	2477.0000	356.0000	0.1437	2516.0000
454	0.5956	0.2499	0.6523	0.7441	0.0758	0.8190	33.2667	0.0993	2473.0000	341.0000	0.1379	2493.0000
455	0.6062	0.2499	0.6440	0.7139	0.0764	0.8105	32.7333	0.1039	2431.0000	355.0000	0.1460	2453.0000
456	0.5917	0.2499	0.6513	0.7422	0.0786	0.8162	32.8667	0.0994	2426.0000	354.0000	0.1459	2468.0000
457	0.6006	0.2499	0.6385	0.7416	0.0804	0.8217	33.0000	0.0960	2381.0000	347.0000	0.1457	2417.0000
458	0.5984	0.2499	0.6484	0.7175	0.0762	0.8131	33.0667	0.1017	2430.0000	355.0000	0.1461	2467.0000
459	0.5932	0.2499	0.6449	0.7382	0.0793	0.8161	32.6000	0.1005	2419.0000	355.0000	0.1468	2445.0000
460	0.6013	0.2499	0.6400	0.7335	0.0767	0.8162	33.3333	0.0978	2394.0000	343.0000	0.1433	2418.0000
461	0.6090	0.2499	0.6430	0.7233	0.0807	0.8202	32.6000	0.1002	2388.0000	349.0000	0.1461	2415.0000
462	0.5915	0.2499	0.6543	0.7363	0.0771	0.8174	32.8000	0.1014	2442.0000	350.0000	0.1433	2467.0000
463	0.5843	0.2499	0.6442	0.7477	0.0776	0.8180	33.1333	0.0971	2434.0000	343.0000	0.1409	2461.0000
464	0.5892	0.2499	0.6393	0.7227	0.0763	0.8072	32.6667	0.1056	2396.0000	359.0000	0.1498	2422.0000
465	0.5863	0.2499	0.6493	0.7312	0.0787	0.8120	33.4667	0.1039	2442.0000	363.0000	0.1486	2475.0000
466	0.5900	0.2499	0.6443	0.7327	0.0753	0.8074	32.6667	0.1045	2426.0000	353.0000	0.1455	2467.0000
467	0.5880	0.2499	0.6497	0.7355	0.0754	0.8052	33.0667	0.1094	2430.0000	361.0000	0.1486	2469.0000
468	0.6019	0.2499	0.6449	0.7309	0.0756	0.8210	33.0667	0.0936	2445.0000	346.0000	0.1415	2479.0000
469	0.5919	0.2499	0.6438	0.7319	0.0744	0.8166	33.1333	0.0972	2420.0000	351.0000	0.1450	2456.0000
470	0.5842	0.2499	0.6523	0.7285	0.0724	0.8030	33.5333	0.1079	2439.0000	369.0000	0.1513	2472.0000
471	0.5890	0.2499	0.6448	0.7227	0.0778	0.8110	33.3333	0.0976	2396.0000	351.0000	0.1465	2426.0000
472	0.5851	0.2499	0.6485	0.7414	0.0758	0.8116	33.0000	0.1035	2397.0000	350.0000	0.1460	2429.0000
473	0.5934	0.2499	0.6503	0.7303	0.0788	0.8181	33.1333	0.0986	2419.0000	342.0000	0.1414	2462.0000
474	0.5886	0.2499	0.6518	0.7398	0.0787	0.8135	32.6667	0.1019	2437.0000	343.0000	0.1407	2473.0000
475	0.5905	0.2499	0.6547	0.7413	0.0796	0.8151	33.0000	0.1050	2444.0000	354.0000	0.1448	2476.0000
476	0.5948	0.2499	0.6460	0.7425	0.0781	0.8133	32.8667	0.1032	2443.0000	348.0000	0.1424	2468.0000
477	0.5873	0.2499	0.6498	0.7379	0.0775	0.8186	33.1333	0.0951	2447.0000	349.0000	0.1426	2482.0000
478	0.5893	0.2499	0.6557	0.7192	0.0723	0.8055	33.0667	0.1015	2516.0000	360.0000	0.1431	2539.0000
479	0.5907	0.2499	0.6507	0.7501	0.0804	0.8186	32.5333	0.0996	2408.0000	343.0000	0.1424	2449.0000
480	0.6035	0.2499	0.6498	0.7358	0.0815	0.8147	33.0000	0.1027	2432.0000	348.0000	0.1431	2467.0000
481	0.5983	0.2499	0.6505	0.7254	0.0772	0.8146	32.8000	0.1028	2419.0000	354.0000	0.1463	2457.0000
482	0.5826	0.2499	0.6530	0.7285	0.0719	0.8092	32.5333	0.1028	2436.0000	351.0000	0.1441	2472.0000
483	0.6099	0.2499	0.6494	0.7357	0.0776	0.8159	33.4000	0.0979	2469.0000	344.0000	0.1393	2504.0000
484	0.5983	0.2499	0.6496	0.7159	0.0798	0.8198	33.1333	0.0992	2443.0000	346.0000	0.1416	2469.0000
485	0.5871	0.2499	0.6512	0.7283	0.0751	0.8160	32.9333	0.0958	2459.0000	345.0000	0.1403	2494.0000
486	0.6083	0.2499	0.6557	0.7269	0.0837	0.8220	32.7333	0.0986	2458.0000	344.0000	0.1400	2495.0000
487	0.5735	0.2499	0.6480	0.7403	0.0799	0.8146	32.6000	0.0986	2412.0000	345.0000	0.1430	2458.0000
488	0.5911	0.2499	0.6520	0.7318	0.0802	0.8107	32.7333	0.1032	2410.0000	353.0000	0.1465	2444.0000
489	0.5957	0.2499	0.6492	0.7160	0.0763	0.8144	32.6000	0.1040	2442.0000	357.0000	0.1462	2487.0000
490	0.5938	0.2499	0.6594	0.7362	0.0801	0.8126	33.0667	0.1006	2444.0000	356.0000	0.1457	2473.0000
491	0.5961	0.2499	0.6533	0.7201	0.0746	0.8158	33.0667	0.0973	2441.0000	348.0000	0.1426	2474.0000
492	0.5857	0.2499	0.6495	0.7423	0.0759	0.8192	33.2000	0.0985	2428.0000	338.0000	0.1392	2463.0000
493	0.6085	0.2499	0.6481	0.7357	0.0824	0.8231	33.2667	0.0993	2420.0000	346.0000	0.1430	2444.0000
494	0.5872	0.2499	0.6480	0.7394	0.0804	0.8127	32.9333	0.0989	2422.0000	357.0000	0.1474	2447.0000
495	0.5812	0.2499	0.6462	0.7396	0.0735	0.8088	33.3333	0.1055	2387.0000	357.0000	0.1496	2422.0000
496	0.6014	0.2499	0.6466	0.7392	0.0805	0.8163	33.0000	0.0972	2417.0000	347.0000	0.1436	2444.0000
497	0.6099	0.2499	0.6430	0.7388	0.0806	0.8219	33.2667	0.0943	2450.0000	346.0000	0.1412	2483.0000
498	0.5810	0.2499	0.6519	0.7399	0.0777	0.8111	33.2000	0.1047	2446.0000	357.0000	0.1460	2473.0000
499	0.5963	0.2499	0.6508	0.7273	0.0793	0.8080	32.7333	0.1081	2446.0000	356.0000	0.1455	2484.0000
500	0.5831	0.2499	0.6501	0.7408	0.0789	0.8118	32.8000	0.1032	2430.0000	350.0000	0.1440	2470.0000
501	0.5829	0.2499	0.6505	0.7344	0.0781	0.8140	32.7333	0.1009	2459.0000	353.0000	0.1436	2490.0000
502	0.5915	0.2499	0.6516	0.7317	0.0781	0.8108	32.8667	0.1017	2435.0000	348.0000	0.1429	2481.0000
503	0.5888	0.2499	0.6517	0.7484	0.0797	0.8159	33.3333	0.1014	2444.0000	362.0000	0.1481	2470.0000
504	0.5992	0.2499	0.6552	0.7389	0.0816	0.8149	32.6000	0.1046	2450.0000	345.0000	0.1408	2487.0000
505	0.5793	0.2499	0.6492	0.7210	0.0751	0.8158	33.1333	0.0952	2416.0000	349.0000	0.1445	2441.0000
506	0.5871	0.2499	0.6484	0.7148	0.0757	0.8098	33.1333	0.1012	2461.0000	365.0000	0.1483	2487.0000
507	0.5839	0.2499	0.6463	0.7339	0.0794	0.8108	33.0000	0.1068	2386.0000	353.0000	0.1479	2420.0000
508	0.5863	0.2499	0.6508	0.7389	0.0793	0.8126	32.9333	0.1001	2403.0000	357.0000	0.1486	2444.0000
509	0.6069	0.2499	0.6461	0.7268	0.0793	0.8249	33.0667	0.0942	2423.0000	340.0000	0.1403	2452.0000
510	0.5944	0.2499	0.6472	0.7333	0.0769	0.8180	33.2000	0.0978	2385.0000	337.0000	0.1413	2435.0000
511	0.5900	0.2499	0.6531	0.7282	0.0775	0.8153	33.0667	0.1022	2475.0000	357.0000	0.1442	2510.0000
512	0.5922	0.2499	0.6476	0.7312	0.0798	0.8147	33.2667	0.1011	2415.0000	350.0000	0.1449	2447.0000
513	0.5891	0.2499	0.6487	0.7339	0.0806	0.8129	33.2000	0.1049	2441.0000	357.0000	0.1463	2480.0000
514	0.5982	0.2499	0.6457	0.7433	0.0793	0.8166	32.8667	0.0947	2411.0000	342.0000	0.1418	2439.0000
515	0.5866	0.2499	0.6509	0.7393	0.0805	0.8151	32.4667	0.1017	2422.0000	350.0000	0.1445	2456.0000
516	0.5874	0.2499	0.6511	0.7273	0.0804	0.8149	33.0000	0.0996	2450.0000	357.0000	0.1457	2483.0000
517	0.5913	0.2499	0.6403	0.7222	0.0741	0.8119	33.2000	0.0999	2416.0000	352.0000	0.1457	2449.0000
518	0.5914	0.2499	0.6465	0.7399	0.0769	0.8119	33.2667	0.1046	2411.0000	357.0000	0.1481	2458.0000
519	0.5929	0.2499	0.6486	0.7405	0.0785	0.8148	33.0667	0.1004	2430.0000	334.0000	0.1374	2449.0000
520	0.5905	0.2499	0.6454	0.7342	0.0792	0.8146	32.9333	0.1004	2421.0000	353.0000	0.1458	2463.0000
521	0.5952	0.2499	0.6465	0.7450	0.0771	0.8190	32.8667	0.0990	2398.0000	341.0000	0.1422	2434.0000
522	0.5901	0.2499	0.6529	0.7249	0.0762	0.8177	32.8667	0.0950	2508.0000	348.0000	0.1388	2526.0000
523	0.6012	0.2499	0.6441	0.7258	0.0841	0.8185	33.3333	0.0996	2392.0000	351.0000	0.1467	2431.0000
524	0.5748	0.2499	0.6437	0.7368	0.0760	0.8084	32.8000	0.1018	2413.0000	346.0000	0.1434	2448.0000
525	0.5905	0.2499	0.6566	0.7232	0.0801	0.8106	32.8667	0.1035	2442.0000	358.0000	0.1466	2481.0000
526	0.5765	0.2499	0.6423	0.7445	0.0789	0.8100	33.4000	0.1046	2410.0000	358.0000	0.1485	2440.0000
527	0.5844	0.2499	0.6440	0.7313	0.0791	0.8108	33.1333	0.1043	2415.0000	360.0000	0.1491	2459.0000
528	0.5931	0.2499	0.6499	0.7391	0.0779	0.8183	32.9333	0.0983	2453.0000	353.0000	0.1439	2488.0000
529	0.5733	0.2499	0.6428	0.7292	0.0738	0.8136	32.8000	0.0981	2422.0000	343.0000	0.1416	2457.0000
530	0.5870	0.2499	0.6476	0.7339	0.0795	0.8118	32.6667	0.1008	2432.0000	350.0000	0.1439	2462.0000
531	0.5952	0.2499	0.6503	0.7300	0.0748	0.8169	33.0667	0.0973	2461.0000	354.0000	0.1438	2491.0000
532	0.6036	0.2499	0.6480	0.7280	0.0768	0.8120	32.9333	0.1050	2411.0000	353.0000	0.1464	2434.0000
533	0.5918	0.2499	0.6479	0.7352	0.0794	0.8155	32.9333	0.0970	2426.0000	346.0000	0.1426	2462.0000
534	0.6025	0.2499	0.6426	0.7245	0.0752	0.8108	32.8667	0.1029	2417.0000	345.0000	0.1427	2455.0000
535	0.5903	0.2499	0.6518	0.7197	0.0746	0.8085	32.8667	0.1001	2451.0000	352.0000	0.1436	2489.0000
536	0.6021	0.2499	0.6525	0.7198	0.0775	0.8171	32.9333	0.0968	2447.0000	339.0000	0.1385	2482.0000
537	0.5817	0.2499	0.6552	0.7334	0.0756	0.8154	32.6667	0.0984	2472.0000	347.0000	0.1404	2510.0000
538	0.5835	0.2499	0.6513	0.7234	0.0758	0.8054	33.3333	0.1048	2466.0000	359.0000	0.1456	2498.0000
539	0.5992	0.2499	0.6375	0.7377	0.0787	0.8169	33.0000	0.1009	2391.0000	339.0000	0.1418	2409.0000
540	0.5956	0.2499	0.6446	0.7410	0.0766	0.8159	32.8667	0.1004	2420.0000	341.0000	0.1409	2448.0000
541	0.5872	0.2499	0.6555	0.7387	0.0718	0.8177	32.8667	0.0987	2435.0000	340.0000	0.1396	2466.0000
542	0.5878	0.2499	0.6583	0.7283	0.0732	0.8115	33.2000	0.0977	2454.0000	348.0000	0.1418	2505.0000
543	0.5993	0.2499	0.6490	0.7328	0.0821	0.8186	33.0000	0.0971	2396.0000	341.0000	0.1423	2414.0000
544	0.5876	0.2499	0.6554	0.7188	0.0788	0.8114	33.3333	0.1020	2481.0000	359.0000	0.1447	2508.0000
545	0.5901	0.2499	0.6528	0.7167	0.0735	0.8101	33.0667	0.1028	2499.0000	364.0000	0.1457	2522.0000
546	0.5869	0.2499	0.6394	0.7160	0.0766	0.8072	32.8000	0.1035	2394.0000	360.0000	0.1504	2424.0000
547	0.5955	0.2499	0.6485	0.7364	0.0766	0.8125	33.2000	0.1061	2437.0000	358.0000	0.1469	2475.0000
548	0.5894	0.2499	0.6560	0.7309	0.0749	0.8136	33.0667	0.1025	2445.0000	361.0000	0.1476	2483.0000
549	0.5891	0.2499	0.6552	0.7275	0.0783	0.8085	33.0000	0.1038	2462.0000	356.0000	0.1446	2507.0000
550	0.5912	0.2499	0.6442	0.7362	0.0759	0.8145	32.8667	0.1027	2378.0000	340.0000	0.1430	2423.0000
551	0.5860	0.2499	0.6447	0.7384	0.0734	0.8144	33.1333	0.0993	2442.0000	351.0000	0.1437	2474.0000
552	0.5917	0.2499	0.6466	0.7384	0.0741	0.8157	32.5333	0.0991	2446.0000	349.0000	0.1427	2477.0000
553	0.5731	0.2499	0.6514	0.7214	0.0734	0.8029	32.8667	0.1069	2442.0000	360.0000	0.1474	2477.0000
554	0.5953	0.2499	0.6472	0.7279	0.0801	0.8157	33.1333	0.1017	2407.0000	354.0000	0.1471	2446.0000
555	0.5955	0.2499	0.6413	0.7343	0.0813	0.8122	32.8000	0.1053	2422.0000	355.0000	0.1466	2439.0000
556	0.5924	0.2499	0.6457	0.7320	0.0741	0.8109	33.3333	0.1015	2395.0000	347.0000	0.1449	2429.0000
557	0.5929	0.2499	0.6488	0.7241	0.0767	0.8085	33.2667	0.1046	2415.0000	361.0000	0.1495	2451.0000
558	0.5934	0.2499	0.6515	0.7336	0.0750	0.8126	33.4000	0.1029	2451.0000	354.0000	0.1444	2477.0000
559	0.5889	0.2499	0.6526	0.7256	0.0738	0.8187	32.6667	0.0961	2466.0000	351.0000	0.1423	2494.0000
560	0.5971	0.2499	0.6454	0.7233	0.0779	0.8121	33.0667	0.0963	2425.0000	346.0000	0.1427	2450.0000
561	0.5921	0.2499	0.6447	0.7386	0.0788	0.8210	33.1333	0.0954	2412.0000	345.0000	0.1430	2433.0000
562	0.5905	0.2499	0.6464	0.7452	0.0729	0.8197	33.0000	0.0961	2450.0000	333.0000	0.1359	2476.0000
563	0.5989	0.2499	0.6416	0.7264	0.0800	0.8128	32.7333	0.1061	2429.0000	362.0000	0.1490	2469.0000
564	0.5712	0.2499	0.6494	0.7408	0.0744	0.8116	32.9333	0.1024	2431.0000	352.0000	0.1448	2469.0000
565	0.5949	0.2499	0.6567	0.7326	0.0783	0.8162	33.0000	0.0996	2470.0000	343.0000	0.1389	2497.0000
566	0.5889	0.2499	0.6437	0.7315	0.0808	0.8135	33.0667	0.1030	2398.0000	365.0000	0.1522	2430.0000
567	0.5945	0.2499	0.6522	0.7261	0.0788	0.8115	33.2000	0.1059	2402.0000	351.0000	0.1461	2433.0000
568	0.5957	0.2499	0.6514	0.7307	0.0722	0.8173	33.0667	0.0983	2406.0000	349.0000	0.1451	2447.0000
569	0.5887	0.2499	0.6494	0.7370	0.0763	0.8194	33.3333	0.0965	2463.0000	350.0000	0.1421	2487.0000
570	0.5912	0.2499	0.6369	0.7368	0.0736	0.8165	33.5333	0.0963	2415.0000	346.0000	0.1433	2442.0000
571	0.5733	0.2499	0.6551	0.7319	0.0768	0.8100	33.1333	0.1028	2491.0000	346.0000	0.1389	2525.0000
572	0.5904	0.2499	0.6502	0.7276	0.0760	0.8110	33.1333	0.1030	2444.0000	353.0000	0.1444	2477.0000
573	0.5893	0.2499	0.6400	0.7312	0.0749	0.8086	33.2000	0.1073	2395.0000	358.0000	0.1495	2433.0000
574	0.5896	0.2499	0.6646	0.7294	0.0792	0.8163	32.8667	0.0968	2513.0000	351.0000	0.1397	2538.0000
575	0.5977	0.2499	0.6513	0.7394	0.0798	0.8212	33.0667	0.0948	2458.0000	338.0000	0.1375	2492.0000
576	0.5943	0.2499	0.6479	0.7240	0.0749	0.8154	33.2000	0.1010	2408.0000	357.0000	0.1483	2433.0000
577	0.6009	0.2499	0.6425	0.7485	0.0839	0.8192	33.1333	0.1002	2427.0000	336.0000	0.1384	2461.0000
578	0.5881	0.2499	0.6370	0.7274	0.0770	0.8086	32.9333	0.1070	2399.0000	362.0000	0.1509	2419.0000
579	0.5878	0.2499	0.6467	0.7355	0.0810	0.8235	33.0667	0.0960	2394.0000	342.0000	0.1429	2424.0000
580	0.5916	0.2499	0.6475	0.7294	0.0757	0.8133	32.4000	0.1019	2408.0000	348.0000	0.1445	2442.0000
581	0.6100	0.2499	0.6505	0.7355	0.0797	0.8174	32.8667	0.0999	2438.0000	344.0000	0.1411	2457.0000
582	0.5959	0.2499	0.6418	0.7259	0.0772	0.8094	32.8000	0.1021	2414.0000	361.0000	0.1495	2447.0000
583	0.5871	0.2499	0.6432	0.7253	0.0778	0.8090	32.9333	0.1028	2440.0000	360.0000	0.1475	2468.0000
584	0.6044	0.2499	0.6507	0.7433	0.0758	0.8179	33.0667	0.0989	2467.0000	345.0000	0.1398	2489.0000
585	0.5799	0.2499	0.6498	0.7372	0.0744	0.8200	32.8667	0.0975	2423.0000	347.0000	0.1432	2459.0000
586	0.5828	0.2499	0.6460	0.7291	0.0739	0.8070	33.1333	0.1091	2426.0000	357.0000	0.1472	2459.0000
587	0.5992	0.2499	0.6433	0.7414	0.0757	0.8129	32.7333	0.1004	2411.0000	338.0000	0.1402	2439.0000
588	0.5905	0.2499	0.6491	0.7410	0.0799	0.8127	32.9333	0.1039	2431.0000	352.0000	0.1448	2467.0000
589	0.5933	0.2499	0.6406	0.7423	0.0796	0.8123	32.8000	0.1008	2418.0000	352.0000	0.1456	2442.0000
590	0.5904	0.2499	0.6531	0.7295	0.0742	0.8106	33.0000	0.1063	2446.0000	355.0000	0.1451	2465.0000
591	0.5864	0.2499	0.6500	0.7261	0.0770	0.8017	33.0000	0.1091	2457.0000	365.0000	0.1486	2486.0000
592	0.5930	0.2499	0.6584	0.7197	0.0774	0.8142	33.0667	0.1006	2480.0000	364.0000	0.1468	2513.0000
593	0.5927	0.2499	0.6545	0.7384	0.0776	0.8156	32.9333	0.0986	2431.0000	351.0000	0.1444	2484.0000
594	0.5885	0.2499	0.6424	0.7448	0.0737	0.8099	33.2667	0.1030	2422.0000	351.0000	0.1449	2448.0000
595	0.5836	0.2499	0.6651	0.7542	0.0772	0.8203	32.9333	0.0906	2479.0000	334.0000	0.1347	2511.0000
596	0.5978	0.2499	0.6414	0.7331	0.0777	0.8155	33.0667	0.0987	2433.0000	349.0000	0.1434	2469.0000
597	0.5877	0.2499	0.6466	0.7337	0.0766	0.8065	33.6000	0.1071	2370.0000	367.0000	0.1549	2392.0000
598	0.6020	0.2499	0.6508	0.7338	0.0763	0.8235	32.9333	0.0924	2438.0000	345.0000	0.1415	2466.0000
599	0.5881	0.2499	0.6456	0.7451	0.0752	0.8195	33.0000	0.1006	2410.0000	341.0000	0.1415	2443.0000
600	0.5753	0.2499	0.6413	0.7306	0.0781	0.8101	33.0000	0.1071	2405.0000	356.0000	0.1480	2432.0000
601	0.6003	0.2499	0.6564	0.7355	0.0788	0.8159	32.8667	0.0982	2447.0000	335.0000	0.1369	2484.0000
602	0.5896	0.2499	0.6533	0.7378	0.0834	0.8103	32.8667	0.1043	2422.0000	347.0000	0.1433	2459.0000
603	0.5974	0.2499	0.6493	0.7291	0.0750	0.8138	33.1333	0.0962	2423.0000	345.0000	0.1424	2467.0000
604	0.5913	0.2499	0.6501	0.7283	0.0787	0.8117	32.8000	0.1018	2462.0000	355.0000	0.1442	2484.0000
605	0.5847	0.2499	0.6585	0.7324	0.0723	0.8077	33.4667	0.1057	2443.0000	365.0000	0.1494	2473.0000
606	0.6040	0.2499	0.6556	0.7348	0.0771	0.8180	32.8000	0.0943	2482.0000	342.0000	0.1378	2495.0000
607	0.5843	0.2499	0.6433	0.7288	0.0789	0.8021	32.9333	0.1052	2417.0000	364.0000	0.1506	2460.0000
608	0.5883	0.2499	0.6445	0.7296	0.0750	0.8118	33.0000	0.0982	2406.0000	354.0000	0.1471	2433.0000
609	0.6035	0.2499	0.6415	0.7376	0.0771	0.8226	32.7333	0.0960	2354.0000	341.0000	0.1449	2402.0000
610	0.6007	0.2499	0.6449	0.7268	0.0816	0.8112	33.2000	0.1035	2429.0000	355.0000	0.1462	2461.0000
611	0.5886	0.2499	0.6391	0.7410	0.0782	0.8077	32.8000	0.1057	2375.0000	360.0000	0.1516	2411.0000
612	0.5998	0.2499	0.6536	0.7291	0.0742	0.8185	32.6000	0.0954	2462.0000	347.0000	0.1409	2495.0000
613	0.5819	0.2499	0.6524	0.7331	0.0781	0.8108	32.8000	0.1063	2421.0000	360.0000	0.1487	2453.0000
614	0.5994	0.2499	0.6483	0.7264	0.0786	0.8166	33.1333	0.0999	2414.0000	348.0000	0.1442	2460.0000
615	0.6065	0.2499	0.6448	0.7390	0.0779	0.8233	32.9333	0.0976	2411.0000	338.0000	0.1402	2443.0000
616	0.5859	0.2499	0.6416	0.7476	0.0797	0.8172	33.0000	0.0998	2423.0000	350.0000	0.1444	2440.0000
617	0.6016	0.2499	0.6533	0.7282	0.0799	0.8117	33.3333	0.1011	2486.0000	354.0000	0.1424	2523.0000
618	0.5876	0.2499	0.6549	0.7348	0.0745	0.8154	33.2667	0.0968	2434.0000	352.0000	0.1446	2470.0000
619	0.6021	0.2499	0.6515	0.7388	0.0842	0.8168	32.9333	0.1009	2433.0000	340.0000	0.1397	2461.0000
620	0.5971	0.2499	0.6524	0.7181	0.0770	0.8154	32.6667	0.0939	2442.0000	342.0000	0.1400	2472.0000
621	0.5802	0.2499	0.6551	0.7326	0.0746	0.8144	33.0667	0.1025	2458.0000	357.0000	0.1452	2487.0000
622	0.5847	0.2499	0.6442	0.7357	0.0740	0.8159	32.8667	0.1040	2391.0000	335.0000	0.1401	2435.0000
623	0.5864	0.2499	0.6524	0.7386	0.0745	0.8194	32.7333	0.0977	2400.0000	348.0000	0.1450	2451.0000
624	0.6072	0.2499	0.6545	0.7262	0.0815	0.8158	33.0667	0.0994	2432.0000	353.0000	0.1451	2461.0000
625	0.6035	0.2499	0.6454	0.7448	0.0784	0.8184	32.6667	0.1031	2437.0000	344.0000	0.1412	2474.0000
626	0.5812	0.2499	0.6417	0.7336	0.0714	0.8158	33.0000	0.0938	2429.0000	344.0000	0.1416	2465.0000
627	0.5897	0.2499	0.6544	0.7310	0.0766	0.8172	33.2000	0.0992	2452.0000	357.0000	0.1456	2496.0000
628	0.6044	0.2499	0.6478	0.7318	0.0804	0.8116	33.0000	0.1065	2426.0000	357.0000	0.1472	2459.0000
629	0.5953	0.2499	0.6560	0.7286	0.0762	0.8133	32.8000	0.0994	2477.0000	345.0000	0.1393	2518.0000
630	0.5811	0.2499	0.6341	0.7279	0.0765	0.8053	32.6667	0.1048	2391.0000	358.0000	0.1497	2426.0000
631	0.5958	0.2499	0.6520	0.7292	0.0777	0.8131	33.0000	0.1039	2449.0000	346.0000	0.1413	2478.0000
632	0.5873	0.2499	0.6534	0.7236	0.0758	0.8087	32.8000	0.1056	2412.0000	363.0000	0.1505	2433.0000
633	0.5929	0.2499	0.6571	0.7274	0.0769	0.8088	32.4667	0.0999	2452.0000	346.0000	0.1411	2483.0000
634	0.6100	0.2499	0.6617	0.7470	0.0808	0.8224	33.0000	0.0940	2491.0000	331.0000	0.1329	2531.0000
635	0.5963	0.2499	0.6609	0.7280	0.0768	0.8184	32.8000	0.0963	2473.0000	346.0000	0.1399	2505.0000
636	0.5781	0.2499	0.6485	0.7287	0.0757	0.8181	32.8000	0.0964	2445.0000	346.0000	0.1415	2475.0000
637	0.5966	0.2499	0.6464	0.7430	0.0767	0.8202	33.0000	0.0936	2455.0000	351.0000	0.1430	2490.0000
638	0.5839	0.2499	0.6583	0.7367	0.0773	0.8122	32.9333	0.1012	2456.0000	359.0000	0.1462	2503.0000
639	0.5864	0.2499	0.6568	0.7245	0.0751	0.8128	33.2000	0.0990	2443.0000	360.0000	0.1474	2481.0000
640	0.5838	0.2499	0.6519	0.7441	0.0777	0.8174	32.8000	0.1020	2422.0000	347.0000	0.1433	2458.0000
641	0.5950	0.2499	0.6489	0.7293	0.0785	0.8164	32.9333	0.0983	2451.0000	345.0000	0.1408	2466.0000
642	0.5969	0.2499	0.6542	0.7316	0.0794	0.8159	32.9333	0.1027	2459.0000	349.0000	0.1419	2485.0000
643	0.5890	0.2499	0.6528	0.7277	0.0760	0.8128	32.7333	0.1004	2464.0000	351.0000	0.1425	2494.0000
644	0.5891	0.2499	0.6559	0.7277	0.0742	0.8102	33.4000	0.1033	2488.0000	360.0000	0.1447	2523.0000
645	0.5970	0.2499	0.6486	0.7331	0.0767	0.8124	33.2000	0.1052	2475.0000	359.0000	0.1451	2522.0000
646	0.5893	0.2499	0.6521	0.7395	0.0768	0.8175	32.7333	0.0976	2454.0000	342.0000	0.1394	2482.0000
647	0.5958	0.2499	0.6479	0.7197	0.0742	0.8121	33.2667	0.1053	2437.0000	367.0000	0.1506	2473.0000
648	0.5708	0.2499	0.6542	0.7296	0.0729	0.8001	32.8000	0.1091	2458.0000	358.0000	0.1456	2495.0000
649	0.6026	0.2499	0.6389	0.7434	0.0784	0.8182	32.9333	0.0969	2365.0000	337.0000	0.1425	2396.0000
650	0.5955	0.2499	0.6428	0.7375	0.0808	0.8169	32.9333	0.1007	2406.0000	347.0000	0.1442	2439.0000
651	0.5981	0.2499	0.6532	0.7270	0.0816	0.8173	32.9333	0.0946	2427.0000	348.0000	0.1434	2471.0000
652	0.5870	0.2499	0.6419	0.7506	0.0801	0.8149	32.9333	0.1018	2428.0000	343.0000	0.1413	2467.0000
653	0.6039	0.2499	0.6558	0.7393	0.0812	0.8205	32.8000	0.0968	2442.0000	347.0000	0.1421	2485.0000
654	0.5895	0.2499	0.6511	0.7312	0.0793	0.8152	33.0667	0.1026	2408.0000	350.0000	0.1453	2451.0000
655	0.5989	0.2499	0.6530	0.7449	0.0827	0.8188	32.9333	0.1011	2379.0000	351.0000	0.1475	2406.0000
656	0.5884	0.2499	0.6524	0.7310	0.0753	0.8162	32.6667	0.0978	2422.0000	346.0000	0.1429	2451.0000
657	0.6018	0.2499	0.6525	0.7203	0.0751	0.8105	33.0000	0.1040	2451.0000	353.0000	0.1440	2487.0000
658	0.5863	0.2499	0.6531	0.7430	0.0792	0.8152	33.0667	0.1014	2432.0000	350.0000	0.1439	2478.0000
659	0.6164	0.2499	0.6530	0.7377	0.0811	0.8219	33.0000	0.0968	2462.0000	334.0000	0.1357	2499.0000
660	0.5882	0.2499	0.6479	0.7270	0.0765	0.8113	32.6667	0.1021	2422.0000	346.0000	0.1429	2456.0000
661	0.5906	0.2499	0.6532	0.7225	0.0775	0.8088	33.3333	0.1014	2455.0000	347.0000	0.1413	2494.0000
662	0.5904	0.2499	0.6447	0.7306	0.0832	0.8107	32.6667	0.1050	2453.0000	352.0000	0.1435	2476.0000
663	0.5928	0.2499	0.6404	0.7421	0.0811	0.8203	33.1333	0.0996	2435.0000	347.0000	0.1425	2454.0000
664	0.5906	0.2499	0.6512	0.7331	0.0736	0.8098	32.8000	0.1050	2426.0000	359.0000	0.1480	2455.0000
665	0.5932	0.2499	0.6518	0.7380	0.0830	0.8241	32.6667	0.0943	2482.0000	335.0000	0.1350	2513.0000
666	0.5898	0.2499	0.6472	0.7340	0.0773	0.8115	33.0667	0.1033	2441.0000	353.0000	0.1446	2478.0000
667	0.5893	0.2499	0.6536	0.7309	0.0778	0.8101	33.0000	0.1030	2458.0000	369.0000	0.1501	2497.0000
668	0.5814	0.2499	0.6456	0.7371	0.0747	0.8091	32.9333	0.1041	2410.0000	350.0000	0.1452	2442.0000
669	0.6013	0.2499	0.6445	0.7418	0.0816	0.8187	32.8000	0.0989	2416.0000	345.0000	0.1428	2450.0000
670	0.5927	0.2499	0.6442	0.7322	0.0808	0.8153	32.7333	0.0996	2437.0000	348.0000	0.1428	2463.0000
671	0.5928	0.2499	0.6427	0.7255	0.0799	0.8134	32.8000	0.1057	2396.0000	360.0000	0.1503	2439.0000
672	0.5898	0.2499	0.6547	0.7262	0.0763	0.8148	32.8667	0.0990	2452.0000	348.0000	0.1419	2502.0000
673	0.6018	0.2499	0.6438	0.7400	0.0827	0.8203	32.8000	0.0984	2380.0000	342.0000	0.1437	2411.0000
674	0.5944	0.2499	0.6557	0.7374	0.0816	0.8159	32.9333	0.1010	2456.0000	352.0000	0.1433	2477.0000
675	0.5809	0.2499	0.6575	0.7345	0.0777	0.8113	33.4000	0.1040	2468.0000	357.0000	0.1447	2489.0000
676	0.5809	0.2499	0.6521	0.7401	0.0758	0.8176	32.6000	0.0972	2436.0000	342.0000	0.1404	2463.0000
677	0.5830	0.2499	0.6499	0.7453	0.0787	0.8116	33.0667	0.1021	2432.0000	357.0000	0.1468	2480.0000
678	0.5934	0.2499	0.6459	0.7329	0.0780	0.8094	33.0000	0.0996	2384.0000	350.0000	0.1468	2412.0000
679	0.5956	0.2499	0.6451	0.7498	0.0807	0.8110	33.2000	0.1033	2415.0000	342.0000	0.1416	2452.0000
680	0.5933	0.2499	0.6408	0.7331	0.0796	0.8133	32.8000	0.0988	2372.0000	344.0000	0.1450	2414.0000
681	0.5908	0.2499	0.6521	0.7258	0.0775	0.8103	33.0667	0.1076	2451.0000	358.0000	0.1461	2487.0000
682	0.5868	0.2499	0.6522	0.7331	0.0742	0.8164	33.0667	0.0998	2424.0000	349.0000	0.1440	2457.0000
683	0.5903	0.2499	0.6488	0.7394	0.0817	0.8071	33.0000	0.1051	2446.0000	360.0000	0.1472	2463.0000
684	0.6018	0.2499	0.6446	0.7280	0.0779	0.8160	33.1333	0.1012	2403.0000	353.0000	0.1469	2430.0000
685	0.5874	0.2499	0.6445	0.7241	0.0747	0.8042	32.8667	0.1078	2421.0000	353.0000	0.1458	2452.0000
686	0.5851	0.2499	0.6426	0.7264	0.0754	0.8081	33.2667	0.1039	2424.0000	356.0000	0.1469	2456.0000
687	0.5948	0.2499	0.6414	0.7466	0.0786	0.8154	32.8000	0.1006	2432.0000	342.0000	0.1406	2461.0000
688	0.5788	0.2499	0.6416	0.7294	0.0704	0.8069	32.8000	0.1033	2426.0000	354.0000	0.1459	2453.0000
689	0.5817	0.2499	0.6396	0.7452	0.0777	0.8072	33.0000	0.1084	2398.0000	356.0000	0.1485	2435.0000
690	0.5745	0.2499	0.6468	0.7353	0.0727	0.8120	32.6667	0.1031	2425.0000	356.0000	0.1468	2454.0000
691	0.6098	0.2499	0.6525	0.7533	0.0801	0.8231	32.8000	0.0947	2454.0000	336.0000	0.1369	2488.0000
692	0.5983	0.2499	0.6486	0.7306	0.0764	0.8123	32.9333	0.1043	2447.0000	359.0000	0.1467	2472.0000
693	0.5901	0.2499	0.6522	0.7288	0.0764	0.8115	33.2000	0.1025	2402.0000	354.0000	0.1474	2456.0000
694	0.5991	0.2499	0.6409	0.7295	0.0804	0.8140	33.2667	0.1020	2376.0000	352.0000	0.1481	2410.0000
695	0.5878	0.2499	0.6471	0.7322	0.0790	0.8161	32.9333	0.1013	2416.0000	358.0000	0.1482	2443.0000
696	0.5923	0.2499	0.6507	0.7150	0.0769	0.8134	32.5333	0.1017	2474.0000	359.0000	0.1451	2500.0000
697	0.5825	0.2499	0.6517	0.7271	0.0738	0.8137	32.9333	0.1010	2458.0000	359.0000	0.1461	2490.0000
698	0.5980	0.2499	0.6496	0.7480	0.0793	0.8198	32.7333	0.0984	2408.0000	345.0000	0.1433	2456.0000
699	0.5834	0.2499	0.6481	0.7245	0.0803	0.8049	33.2000	0.1102	2451.0000	359.0000	0.1465	2487.0000
700	0.5789	0.2499	0.6623	0.7397	0.0728	0.8103	33.1333	0.1013	2447.0000	361.0000	0.1475	2483.0000
701	0.5901	0.2499	0.6530	0.7186	0.0765	0.8108	32.9333	0.1010	2431.0000	360.0000	0.1481	2471.0000
702	0.5874	0.2499	0.6524	0.7321	0.0828	0.8123	33.1333	0.1015	2462.0000	346.0000	0.1405	2511.0000
703	0.5934	0.2499	0.6481	0.7338	0.0821	0.8145	33.1333	0.1017	2406.0000	345.0000	0.1434	2441.0000
704	0.5796	0.2499	0.6459	0.7334	0.0763	0.8133	32.8000	0.1023	2390.0000	352.0000	0.1473	2427.0000
705	0.6020	0.2499	0.6478	0.7347	0.0801	0.8207	32.9333	0.0966	2466.0000	337.0000	0.1367	2516.0000
706	0.5875	0.2499	0.6491	0.7426	0.0776	0.8148	33.2667	0.1028	2447.0000	351.0000	0.1434	2470.0000
707	0.5970	0.2499	0.6515	0.7211	0.0735	0.8109	33.1333	0.0992	2441.0000	358.0000	0.1467	2481.0000
708	0.5858	0.2499	0.6475	0.7296	0.0753	0.8143	32.8667	0.1013	2412.0000	355.0000	0.1472	2451.0000
709	0.5939	0.2499	0.6605	0.7392	0.0750	0.8210	32.8000	0.0925	2474.0000	343.0000	0.1386	2522.0000
710	0.5945	0.2499	0.6505	0.7366	0.0759	0.8119	33.2000	0.1041	2427.0000	350.0000	0.1442	2466.0000
711	0.6062	0.2499	0.6466	0.7509	0.0842	0.8163	33.2667	0.1038	2421.0000	339.0000	0.1400	2454.0000
712	0.5943	0.2499	0.6465	0.7271	0.0769	0.8104	33.4000	0.1022	2443.0000	348.0000	0.1424	2492.0000
713	0.5850	0.2499	0.6520	0.7432	0.0794	0.8161	33.0000	0.1028	2461.0000	352.0000	0.1430	2498.0000
714	0.5978	0.2499	0.6435	0.7297	0.0780	0.8128	33.0000	0.0973	2431.0000	353.0000	0.1452	2464.0000
715	0.5862	0.2499	0.6474	0.7361	0.0768	0.8155	32.8667	0.0951	2433.0000	349.0000	0.1434	2461.0000
716	0.5826	0.2499	0.6523	0.7340	0.0749	0.8125	33.0667	0.0970	2442.0000	359.0000	0.1470	2470.0000
717	0.5845	0.2499	0.6520	0.7291	0.0763	0.8064	33.4000	0.1048	2471.0000	362.0000	0.1465	2498.0000
718	0.6104	0.2499	0.6529	0.7414	0.0799	0.8185	33.3333	0.0999	2471.0000	343.0000	0.1388	2507.0000
719	0.5851	0.2499	0.6484	0.7335	0.0778	0.8076	33.0667	0.1018	2441.0000	353.0000	0.1446	2482.0000
720	0.5880	0.2499	0.6564	0.7326	0.0769	0.8139	32.8000	0.1026	2491.0000	337.0000	0.1353	2507.0000
721	0.5848	0.2499	0.6465	0.7302	0.0782	0.8051	33.2000	0.1064	2436.0000	362.0000	0.1486	2454.0000
722	0.5958	0.2499	0.6607	0.7329	0.0751	0.8161	33.0000	0.0998	2444.0000	353.0000	0.1444	2483.0000
723	0.5804	0.2499	0.6458	0.7334	0.0767	0.8093	33.3333	0.1053	2447.0000	354.0000	0.1447	2478.0000
724	0.5912	0.2499	0.6452	0.7323	0.0755	0.8172	33.2667	0.0956	2451.0000	348.0000	0.1420	2480.0000
725	0.5937	0.2499	0.6432	0.7393	0.0794	0.8114	33.0000	0.1036	2405.0000	349.0000	0.1451	2444.0000
726	0.5904	0.2499	0.6402	0.7340	0.0791	0.8182	33.2000	0.0982	2427.0000	350.0000	0.1442	2454.0000
727	0.5759	0.2499	0.6555	0.7309	0.0777	0.8032	33.4000	0.1116	2438.0000	371.0000	0.1522	2469.0000
728	0.5921	0.2499	0.6489	0.7341	0.0801	0.8185	33.1333	0.0984	2423.0000	348.0000	0.1436	2467.0000
729	0.5775	0.2499	0.6535	0.7357	0.0786	0.8107	33.0667	0.1048	2447.0000	352.0000	0.1438	2466.0000
730	0.6054	0.2499	0.6432	0.7495	0.0775	0.8257	33.2000	0.0951	2394.0000	335.0000	0.1399	2422.0000
731	0.5976	0.2499	0.6415	0.7466	0.0824	0.8146	33.1333	0.1065	2391.0000	344.0000	0.1439	2420.0000
732	0.5776	0.2499	0.6549	0.7402	0.0761	0.8134	33.0000	0.1040	2434.0000	347.0000	0.1426	2475.0000
733	0.5917	0.2499	0.6520	0.7417	0.0776	0.8192	32.9333	0.0965	2417.0000	340.0000	0.1407	2448.0000
734	0.5869	0.2499	0.6477	0.7346	0.0780	0.8080	33.5333	0.1054	2439.0000	358.0000	0.1468	2464.0000
735	0.5660	0.2499	0.6457	0.7405	0.0715	0.8066	32.8000	0.1079	2426.0000	361.0000	0.1488	2462.0000
736	0.6012	0.2499	0.6532	0.7511	0.0789	0.8256	32.9333	0.0931	2446.0000	336.0000	0.1374	2475.0000
737	0.5937	0.2499	0.6412	0.7454	0.0819	0.8159	33.0667	0.1043	2391.0000	347.0000	0.1451	2419.0000
738	0.5695	0.2499	0.6416	0.7362	0.0772	0.8071	33.2000	0.1022	2392.0000	366.0000	0.1530	2431.0000
739	0.5884	0.2499	0.6464	0.7502	0.0732	0.8184	33.3333	0.0971	2424.0000	341.0000	0.1407	2459.0000
740	0.5931	0.2499	0.6472	0.7307	0.0746	0.8119	33.1333	0.0999	2380.0000	345.0000	0.1450	2404.0000
741	0.5926	0.2499	0.6576	0.7237	0.0770	0.8099	33.3333	0.1050	2447.0000	362.0000	0.1479	2487.0000
742	0.5855	0.2499	0.6481	0.7294	0.0791	0.8137	32.9333	0.1013	2438.0000	351.0000	0.1440	2480.0000
743	0.5897	0.2499	0.6435	0.7360	0.0757	0.8148	33.0667	0.0963	2455.0000	354.0000	0.1442	2483.0000
744	0.5936	0.2499	0.6472	0.7344	0.0798	0.8169	32.8000	0.1024	2408.0000	348.0000	0.1445	2438.0000
745	0.5970	0.2499	0.6330	0.7453	0.0800	0.8166	33.3333	0.1002	2371.0000	347.0000	0.1464	2398.0000
746	0.5808	0.2499	0.6480	0.7370	0.0754	0.8129	32.8667	0.1021	2452.0000	350.0000	0.1427	2488.0000
747	0.5829	0.2499	0.6478	0.7194	0.0798	0.8123	32.5333	0.0979	2441.0000	347.0000	0.1422	2462.0000
748	0.5796	0.2499	0.6532	0.7287	0.0766	0.8071	33.1333	0.1041	2421.0000	354.0000	0.1462	2452.0000
749	0.5885	0.2499	0.6539	0.7327	0.0802	0.8127	32.8667	0.0986	2443.0000	346.0000	0.1416	2478.0000
750	0.5790	0.2499	0.6482	0.7261	0.0770	0.8023	33.0667	0.1081	2424.0000	361.0000	0.1489	2450.0000
751	0.5884	0.2499	0.6608	0.7316	0.0763	0.8155	32.8000	0.1004	2491.0000	348.0000	0.1397	2519.0000
752	0.5776	0.2499	0.6421	0.7416	0.0789	0.8120	32.7333	0.1028	2435.0000	352.0000	0.1446	2468.0000
753	0.5854	0.2499	0.6461	0.7292	0.0790	0.8062	33.2667	0.1080	2425.0000	361.0000	0.1489	2444.0000
754	0.5925	0.2499	0.6566	0.7268	0.0741	0.8121	33.0000	0.0995	2442.0000	358.0000	0.1466	2475.0000
755	0.5891	0.2499	0.6492	0.7281	0.0762	0.8118	33.0667	0.1006	2460.0000	357.0000	0.1451	2492.0000
756	0.5836	0.2499	0.6547	0.7339	0.0767	0.8204	32.6667	0.0940	2474.0000	337.0000	0.1362	2501.0000
757	0.5856	0.2499	0.6508	0.7343	0.0803	0.8134	33.0000	0.1027	2472.0000	343.0000	0.1388	2497.0000
758	0.5960	0.2499	0.6455	0.7405	0.0819	0.8128	32.9333	0.1040	2388.0000	339.0000	0.1420	2426.0000
759	0.5846	0.2499	0.6469	0.7253	0.0731	0.8064	33.2000	0.1057	2428.0000	359.0000	0.1479	2464.0000
760	0.5941	0.2499	0.6536	0.7297	0.0774	0.8159	33.1333	0.0978	2476.0000	352.0000	0.1422	2497.0000
761	0.5693	0.2499	0.6481	0.7512	0.0784	0.8099	32.6667	0.1045	2432.0000	353.0000	0.1451	2462.0000
762	0.5973	0.2499	0.6435	0.7293	0.0801	0.8167	33.0000	0.0994	2407.0000	341.0000	0.1417	2445.0000
763	0.6012	0.2499	0.6574	0.7304	0.0783	0.8202	33.3333	0.0983	2459.0000	349.0000	0.1419	2481.0000
764	0.5723	0.2499	0.6473	0.7235	0.0771	0.8001	33.2000	0.1114	2424.0000	365.0000	0.1506	2448.0000
765	0.5897	0.2499	0.6506	0.7386	0.0816	0.8158	33.0667	0.0995	2441.0000	343.0000	0.1405	2477.0000
766	0.5908	0.2499	0.6469	0.7309	0.0794	0.8139	32.6000	0.1012	2437.0000	350.0000	0.1436	2465.0000
767	0.5944	0.2499	0.6429	0.7380	0.0760	0.8122	33.2000	0.1046	2411.0000	350.0000	0.1452	2452.0000
768	0.5885	0.2499	0.6458	0.7243	0.0777	0.8134	32.9333	0.1002	2416.0000	355.0000	0.1469	2450.0000
769	0.5882	0.2499	0.6433	0.7193	0.0777	0.8046	32.8667	0.1060	2420.0000	361.0000	0.1492	2457.0000
770	0.5933	0.2499	0.6479	0.7380	0.0835	0.8173	32.5333	0.1019	2404.0000	342.0000	0.1423	2447.0000
771	0.5946	0.2499	0.6549	0.7322	0.0748	0.8178	32.9333	0.0984	2448.0000	350.0000	0.1430	2481.0000
772	0.5908	0.2499	0.6439	0.7266	0.0777	0.8118	32.6667	0.0982	2399.0000	340.0000	0.1417	2436.0000
773	0.5962	0.2499	0.6419	0.7277	0.0797	0.8109	33.0667	0.1055	2412.0000	350.0000	0.1451	2448.0000
774	0.5843	0.2499	0.6513	0.7272	0.0821	0.8027	32.8667	0.1122	2424.0000	366.0000	0.1510	2456.0000
775	0.5867	0.2499	0.6450	0.7381	0.0802	0.8127	33.1333	0.1027	2418.0000	348.0000	0.1439	2450.0000
776	0.5958	0.2499	0.6408	0.7317	0.0772	0.8120	33.0667	0.1009	2476.0000	356.0000	0.1438	2498.0000
777	0.5847	0.2499	0.6555	0.7239	0.0730	0.8088	33.2667	0.1044	2436.0000	357.0000	0.1466	2471.0000
778	0.5819	0.2499	0.6448	0.7286	0.0748	0.8065	33.3333	0.1078	2434.0000	361.0000	0.1483	2462.0000
779	0.6020	0.2499	0.6481	0.7476	0.0750	0.8215	33.0667	0.0966	2448.0000	338.0000	0.1381	2482.0000
780	0.5702	0.2499	0.6498	0.7570	0.0776	0.8160	33.0000	0.1013	2410.0000	349.0000	0.1448	2451.0000
781	0.5832	0.2499	0.6579	0.7470	0.0775	0.8184	33.0667	0.0969	2424.0000	346.0000	0.1427	2467.0000
782	0.5955	0.2499	0.6557	0.7463	0.0769	0.8227	32.8000	0.0961	2465.0000	344.0000	0.1396	2500.0000
783	0.5797	0.2499	0.6431	0.7280	0.0779	0.8087	32.4000	0.1037	2407.0000	355.0000	0.1475	2440.0000
784	0.5904	0.2499	0.6501	0.7439	0.0770	0.8214	33.1333	0.0987	2435.0000	350.0000	0.1437	2472.0000
785	0.5883	0.2499	0.6462	0.7436	0.0770	0.8198	32.8667	0.0938	2393.0000	345.0000	0.1442	2416.0000
786	0.5880	0.2499	0.6483	0.7290	0.0792	0.8106	32.6000	0.1070	2454.0000	356.0000	0.1451	2488.0000
787	0.5880	0.2499	0.6476	0.7225	0.0794	0.8066	33.6000	0.1071	2458.0000	362.0000	0.1473	2489.0000
788	0.5851	0.2499	0.6440	0.7292	0.0739	0.8030	32.9333	0.1104	2407.0000	360.0000	0.1496	2425.0000
789	0.5984	0.2499	0.6457	0.7447	0.0756	0.8121	33.6000	0.1026	2408.0000	354.0000	0.1470	2451.0000
790	0.5927	0.2499	0.6384	0.7326	0.0779	0.8135	32.8667	0.1021	2407.0000	359.0000	0.1491	2442.0000
791	0.5917	0.2499	0.6513	0.7241	0.0784	0.8051	33.2667	0.1082	2456.0000	364.0000	0.1482	2496.0000
792	0.6047	0.2499	0.6536	0.7389	0.0817	0.8230	33.0000	0.0976	2430.0000	336.0000	0.1383	2475.0000
793	0.5833	0.2499	0.6602	0.7241	0.0738	0.8095	33.0000	0.1042	2424.0000	360.0000	0.1485	2467.0000
794	0.5785	0.2499	0.6460	0.7320	0.0772	0.8058	33.0667	0.1131	2386.0000	366.0000	0.1534	2425.0000
795	0.6087	0.2499	0.6501	0.7306	0.0765	0.8175	33.1333	0.0954	2482.0000	340.0000	0.1370	2518.0000
796	0.5974	0.2499	0.6509	0.7446	0.0789	0.8212	33.4000	0.0982	2418.0000	347.0000	0.1435	2456.0000
797	0.6038	0.2499	0.6520	0.7357	0.0792	0.8250	32.7333	0.0925	2444.0000	341.0000	0.1395	2483.0000
798	0.5851	0.2499	0.6519	0.7358	0.0785	0.8144	33.1333	0.1004	2478.0000	342.0000	0.1380	2511.0000
799	0.5752	0.2499	0.6508	0.7296	0.0741	0.8108	33.4667	0.1009	2453.0000	359.0000	0.1464	2481.0000
800	0.5865	0.2499	0.6376	0.7190	0.0768	0.7998	33.0667	0.1113	2426.0000	356.0000	0.1467	2461.0000
801	0.5900	0.2499	0.6439	0.7501	0.0816	0.8094	32.9333	0.1074	2353.0000	346.0000	0.1470	2387.0000
802	0.5754	0.2499	0.6488	0.7284	0.0739	0.8081	33.2667	0.1032	2433.0000	360.0000	0.1480	2464.0000
803	0.5874	0.2499	0.6540	0.7278	0.0713	0.8127	33.2000	0.0938	2435.0000	354.0000	0.1454	2477.0000
804	0.5872	0.2499	0.6424	0.7102	0.0765	0.8076	33.0000	0.1043	2407.0000	367.0000	0.1525	2438.0000
805	0.5853	0.2499	0.6557	0.7287	0.0759	0.8099	32.8000	0.1049	2439.0000	346.0000	0.1419	2479.0000
806	0.5975	0.2499	0.6548	0.7354	0.0770	0.8198	33.0667	0.0948	2462.0000	346.0000	0.1405	2501.0000
807	0.5942	0.2499	0.6609	0.7480	0.0789	0.8221	32.7333	0.0971	2462.0000	338.0000	0.1373	2512.0000
808	0.5870	0.2499	0.6598	0.7251	0.0795	0.8109	32.8000	0.1028	2446.0000	354.0000	0.1447	2478.0000
809	0.6002	0.2499	0.6418	0.7308	0.0812	0.8127	32.8667	0.1045	2391.0000	345.0000	0.1443	2435.0000
810	0.5939	0.2499	0.6451	0.7307	0.0782	0.8166	32.8667	0.0994	2389.0000	341.0000	0.1427	2426.0000
811	0.5920	0.2499	0.6424	0.7334	0.0744	0.8118	33.0000	0.1031	2417.0000	351.0000	0.1452	2452.0000
812	0.5885	0.2499	0.6524	0.7167	0.0737	0.8123	33.0667	0.1000	2450.0000	356.0000	0.1453	2487.0000
813	0.5965	0.2499	0.6420	0.7286	0.0791	0.8139	33.0000	0.1013	2396.0000	345.0000	0.1440	2431.0000
814	0.6013	0.2499	0.6565	0.7369	0.0793	0.8176	33.2667	0.0965	2451.0000	339.0000	0.1383	2473.0000
815	0.5910	0.2499	0.6483	0.7267	0.0754	0.8095	33.2667	0.1035	2465.0000	354.0000	0.1436	2495.0000
816	0.5653	0.2499	0.6479	0.7423	0.0750	0.8025	33.0000	0.1059	2456.0000	359.0000	0.1462	2487.0000
817	0.6002	0.2499	0.6488	0.7292	0.0789	0.8123	33.0667	0.1021	2437.0000	347.0000	0.1424	2473.0000
818	0.5937	0.2499	0.6422	0.7357	0.0807	0.8154	33.0000	0.1067	2426.0000	355.0000	0.1463	2449.0000
819	0.5912	0.2499	0.6571	0.7386	0.0798	0.8220	33.1333	0.0958	2505.0000	342.0000	0.1365	2539.0000
820	0.6002	0.2499	0.6415	0.7445	0.0810	0.8232	32.8000	0.0967	2400.0000	345.0000	0.1437	2443.0000
821	0.6077	0.2499	0.6435	0.7453	0.0776	0.8197	33.0667	0.0966	2396.0000	342.0000	0.1427	2423.0000
822	0.5950	0.2499	0.6531	0.7279	0.0813	0.8119	32.8000	0.1019	2461.0000	349.0000	0.1418	2502.0000
823	0.5985	0.2499	0.6460	0.7469	0.0791	0.8156	33.0667	0.0994	2400.0000	341.0000	0.1421	2438.0000
824	0.5867	0.2499	0.6471	0.7394	0.0775	0.8207	33.0667	0.0965	2449.0000	343.0000	0.1401	2477.0000
825	0.5923	0.2499	0.6554	0.7387	0.0798	0.8128	33.0000	0.1048	2448.0000	355.0000	0.1450	2477.0000
826	0.5954	0.2499	0.6516	0.7385	0.0819	0.8227	33.0000	0.1002	2445.0000	343.0000	0.1403	2484.0000
827	0.5976	0.2499	0.6478	0.7357	0.0773	0.8143	33.0000	0.0980	2422.0000	351.0000	0.1449	2453.0000
828	0.5919	0.2499	0.6494	0.7441	0.0796	0.8128	32.9333	0.1041	2426.0000	357.0000	0.1472	2468.0000
829	0.5836	0.2499	0.6548	0.7362	0.0784	0.8206	32.8667	0.0970	2456.0000	346.0000	0.1409	2493.0000
830	0.5965	0.2499	0.6445	0.7289	0.0768	0.8117	33.2667	0.1021	2435.0000	350.0000	0.1437	2466.0000
831	0.5926	0.2499	0.6474	0.7392	0.0787	0.8114	33.0000	0.1086	2431.0000	358.0000	0.1473	2454.0000
832	0.5823	0.2499	0.6462	0.7369	0.0786	0.8097	32.9333	0.1063	2385.0000	356.0000	0.1493	2420.0000
833	0.5923	0.2499	0.6430	0.7287	0.0817	0.8088	32.8667	0.1088	2377.0000	364.0000	0.1531	2409.0000
834	0.5824	0.2499	0.6546	0.7370	0.0794	0.8047	32.6000	0.1115	2438.0000	349.0000	0.1432	2468.0000
835	0.5854	0.2499	0.6407	0.7217	0.0785	0.8083	32.7333	0.1096	2432.0000	359.0000	0.1476	2457.0000
836	0.5907	0.2499	0.6476	0.7432	0.0807	0.8250	33.0000	0.0956	2452.0000	339.0000	0.1383	2486.0000
837	0.5800	0.2499	0.6520	0.7351	0.0721	0.8125	32.9333	0.0987	2443.0000	348.0000	0.1424	2480.0000
838	0.5859	0.2499	0.6457	0.7411	0.0760	0.8162	33.0000	0.1007	2399.0000	344.0000	0.1434	2425.0000
839	0.6016	0.2499	0.6505	0.7349	0.0811	0.8202	32.8000	0.0966	2463.0000	346.0000	0.1405	2484.0000
840	0.5958	0.2499	0.6567	0.7279	0.0749	0.8198	33.0000	0.0973	2472.0000	349.0000	0.1412	2504.0000
841	0.5763	0.2499	0.6626	0.7159	0.0763	0.8041	33.0000	0.1100	2465.0000	363.0000	0.1473	2502.0000
842	0.5916	0.2499	0.6406	0.7424	0.0769	0.8211	33.0667	0.0974	2431.0000	343.0000	0.1411	2473.0000
843	0.5990	0.2499	0.6499	0.7390	0.0774	0.8176	33.0000	0.1008	2437.0000	341.0000	0.1399	2464.0000
844	0.5968	0.2499	0.6527	0.7414	0.0803	0.8136	32.7333	0.1014	2435.0000	350.0000	0.1437	2472.0000
845	0.5739	0.2499	0.6527	0.7395	0.0791	0.8067	33.0000	0.1077	2419.0000	361.0000	0.1492	2452.0000
846	0.5855	0.2499	0.6578	0.7233	0.0757	0.8151	33.1333	0.0972	2437.0000	354.0000	0.1453	2464.0000
847	0.5862	0.2499	0.6451	0.7339	0.0764	0.8132	32.9333	0.1015	2412.0000	353.0000	0.1464	2447.0000
848	0.5983	0.2499	0.6417	0.7398	0.0776	0.8175	33.2667	0.1000	2425.0000	342.0000	0.1410	2467.0000
849	0.5899	0.2499	0.6469	0.7242	0.0733	0.8032	32.7333	0.1107	2394.0000	358.0000	0.1495	2432.0000
850	0.6048	0.2499	0.6544	0.7393	0.0794	0.8222	32.7333	0.0927	2469.0000	345.0000	0.1397	2502.0000
851	0.5836	0.2499	0.6481	0.7337	0.0787	0.8084	32.9333	0.1045	2463.0000	357.0000	0.1449	2494.0000
852	0.6142	0.2499	0.6460	0.7470	0.0837	0.8135	32.5333	0.1044	2427.0000	332.0000	0.1368	2450.0000
853	0.5867	0.2499	0.6435	0.7373	0.0774	0.8096	32.7333	0.1035	2403.0000	357.0000	0.1486	2451.0000
854	0.5945	0.2499	0.6510	0.7418	0.0798	0.8146	32.8000	0.1013	2441.0000	342.0000	0.1401	2488.0000
855	0.5830	0.2499	0.6567	0.7262	0.0699	0.8072	33.0667	0.1030	2472.0000	361.0000	0.1460	2504.0000
856	0.6068	0.2499	0.6462	0.7476	0.0812	0.8172	33.1333	0.1015	2444.0000	348.0000	0.1424	2477.0000
857	0.5864	0.2499	0.6458	0.7468	0.0746	0.8144	33.0667	0.0990	2431.0000	348.0000	0.1432	2454.0000
858	0.5829	0.2499	0.6505	0.7405	0.0762	0.8132	33.0000	0.1019	2411.0000	350.0000	0.1452	2456.0000
859	0.5800	0.2499	0.6599	0.7386	0.0800	0.8110	32.8667	0.1070	2462.0000	357.0000	0.1450	2482.0000
860	0.6036	0.2499	0.6457	0.7351	0.0789	0.8188	33.0000	0.0975	2420.0000	340.0000	0.1405	2456.0000
861	0.5839	0.2499	0.6471	0.7295	0.0832	0.8073	33.1333	0.1087	2427.0000	355.0000	0.1463	2452.0000
862	0.5905	0.2499	0.6539	0.7278	0.0749	0.8167	33.2000	0.0959	2429.0000	348.0000	0.1433	2463.0000
863	0.5792	0.2499	0.6512	0.7268	0.0789	0.8012	33.2000	0.1051	2433.0000	360.0000	0.1480	2458.0000
864	0.5890	0.2499	0.6572	0.7271	0.0796	0.8134	33.2667	0.1020	2468.0000	354.0000	0.1434	2494.0000
865	0.5861	0.2499	0.6576	0.7298	0.0810	0.8082	33.0667	0.1015	2475.0000	352.0000	0.1422	2523.0000
866	0.5911	0.2499	0.6539	0.7353	0.0708	0.8164	33.0000	0.0991	2461.0000	353.0000	0.1434	2503.0000
867	0.5751	0.2499	0.6536	0.7293	0.0786	0.8058	33.0000	0.1069	2417.0000	358.0000	0.1481	2455.0000
868	0.5826	0.2499	0.6437	0.7255	0.0767	0.8089	33.2667	0.1044	2410.0000	358.0000	0.1485	2434.0000
869	0.6009	0.2499	0.6464	0.7463	0.0794	0.8204	32.7333	0.0948	2425.0000	337.0000	0.1390	2449.0000
870	0.6053	0.2499	0.6520	0.7374	0.0796	0.8196	32.7333	0.0969	2435.0000	339.0000	0.1392	2470.0000
871	0.5979	0.2499	0.6547	0.7296	0.0769	0.8123	33.0667	0.1016	2479.0000	355.0000	0.1432	2511.0000
872	0.6082	0.2499	0.6497	0.7493	0.0794	0.8257	32.8000	0.0921	2446.0000	335.0000	0.1370	2473.0000
873	0.6065	0.2499	0.6497	0.7438	0.0822	0.8129	33.2667	0.1010	2448.0000	346.0000	0.1413	2471.0000
874	0.5889	0.2499	0.6514	0.7328	0.0775	0.8145	33.0667	0.1019	2454.0000	347.0000	0.1414	2477.0000
875	0.6038	0.2499	0.6476	0.7274	0.0791	0.8162	33.0667	0.0976	2466.0000	344.0000	0.1395	2495.0000
876	0.5960	0.2499	0.6485	0.7243	0.0765	0.8164	32.8667	0.0938	2436.0000	348.0000	0.1429	2466.0000
877	0.5906	0.2499	0.6481	0.7404	0.0830	0.8200	32.7333	0.0983	2437.0000	338.0000	0.1387	2460.0000
878	0.5840	0.2499	0.6411	0.7306	0.0728	0.8126	32.9333	0.1007	2397.0000	348.0000	0.1452	2438.0000
879	0.5861	0.2499	0.6469	0.7348	0.0773	0.8128	32.8000	0.0985	2460.0000	357.0000	0.1451	2503.0000
880	0.6050	0.2499	0.6485	0.7292	0.0804	0.8164	33.0000	0.0998	2439.0000	339.0000	0.1390	2466.0000
881	0.5950	0.2499	0.6513	0.7402	0.0786	0.8151	32.8000	0.1013	2437.0000	353.0000	0.1449	2471.0000
882	0.6021	0.2499	0.6494	0.7321	0.0787	0.8200	32.6667	0.0943	2428.0000	339.0000	0.1396	2470.0000
883	0.5796	0.2499	0.6519	0.7433	0.0806	0.8093	33.2667	0.1073	2418.0000	358.0000	0.1481	2450.0000
884	0.5796	0.2499	0.6506	0.7473	0.0794	0.8204	33.2667	0.0986	2433.0000	338.0000	0.1389	2480.0000
885	0.5823	0.2499	0.6469	0.7211	0.0755	0.8071	32.9333	0.1049	2414.0000	357.0000	0.1479	2439.0000
886	0.5898	0.2499	0.6433	0.7485	0.0816	0.8145	33.0000	0.1020	2394.0000	347.0000	0.1449	2438.0000
887	0.5852	0.2499	0.6510	0.7235	0.0763	0.8092	33.0000	0.1053	2386.0000	355.0000	0.1488	2414.0000
888	0.5899	0.2499	0.6549	0.7240	0.0785	0.8100	32.9333	0.1055	2419.0000	355.0000	0.1468	2455.0000
889	0.5873	0.2499	0.6405	0.7270	0.0742	0.8078	32.8667	0.1054	2412.0000	365.0000	0.1513	2437.0000
890	0.5892	0.2499	0.6425	0.7289	0.0776	0.8185	32.6667	0.0985	2430.0000	354.0000	0.1457	2457.0000
891	0.5911	0.2499	0.6471	0.7373	0.0777	0.8112	32.9333	0.1056	2385.0000	346.0000	0.1451	2420.0000
892	0.5766	0.2499	0.6544	0.7297	0.0763	0.8049	32.8000	0.1036	2495.0000	366.0000	0.1467	2508.0000
893	0.6056	0.2499	0.6497	0.7459	0.0793	0.8222	32.8667	0.0949	2461.0000	335.0000	0.1361	2494.0000
894	0.6007	0.2499	0.6455	0.7346	0.0794	0.8132	33.0667	0.1011	2428.0000	343.0000	0.1413	2468.0000
895	0.5784	0.2499	0.6504	0.7371	0.0711	0.8101	33.2000	0.1014	2454.0000	354.0000	0.1443	2490.0000
896	0.5782	0.2499	0.6486	0.7464	0.0768	0.8178	32.9333	0.0995	2440.0000	341.0000	0.1398	2470.0000
897	0.5972	0.2499	0.6495	0.7293	0.0735	0.8135	33.2000	0.1001	2484.0000	353.0000	0.1421	2512.0000
898	0.5848	0.2499	0.6441	0.7313	0.0746	0.8114	33.2000	0.0990	2395.0000	356.0000	0.1486	2419.0000
899	0.5835	0.2499	0.6400	0.7329	0.0735	0.8090	32.9333	0.1019	2407.0000	351.0000	0.1458	2448.0000
900	0.5902	0.2499	0.6601	0.7257	0.0790	0.8138	32.7333	0.0988	2476.0000	354.0000	0.1430	2514.0000
901	0.5974	0.2499	0.6453	0.7262	0.0760	0.8111	33.0667	0.1015	2425.0000	357.0000	0.1472	2443.0000
902	0.5813	0.2499	0.6549	0.7278	0.0726	0.8071	32.9333	0.1019	2432.0000	354.0000	0.1456	2464.0000
903	0.5683	0.2499	0.6554	0.7344	0.0756	0.8080	33.4667	0.1024	2494.0000	361.0000	0.1447	2522.0000
904	0.5977	0.2499	0.6514	0.7276	0.0769	0.8120	32.9333	0.1030	2447.0000	352.0000	0.1438	2493.0000
905	0.5860	0.2499	0.6492	0.7364	0.0782	0.8102	32.4667	0.1084	2441.0000	352.0000	0.1442	2474.0000
906	0.5973	0.2499	0.6542	0.7240	0.0738	0.8174	32.8667	0.0976	2448.0000	356.0000	0.1454	2485.0000
907	0.5945	0.2499	0.6535	0.7311	0.0792	0.8110	33.2000	0.1010	2443.0000	356.0000	0.1457	2475.0000
908	0.5889	0.2499	0.6455	0.7255	0.0783	0.8096	32.8667	0.1047	2418.0000	355.0000	0.1468	2463.0000
909	0.5804	0.2499	0.6517	0.7219	0.0781	0.8115	32.5333	0.1006	2466.0000	357.0000	0.1448	2493.0000
910	0.5878	0.2499	0.6448	0.7387	0.0776	0.8128	32.8667	0.1054	2394.0000	350.0000	0.1462	2432.0000
911	0.5939	0.2499	0.6591	0.7352	0.0765	0.8162	33.0667	0.0950	2460.0000	347.0000	0.1411	2500.0000
912	0.5964	0.2499	0.6406	0.7326	0.0750	0.8112	32.8000	0.1000	2409.0000	345.0000	0.1432	2446.0000
913	0.5910	0.2499	0.6494	0.7427	0.0786	0.8153	32.8000	0.1015	2427.0000	353.0000	0.1454	2457.0000
914	0.5962	0.2499	0.6447	0.7358	0.0769	0.8175	32.8000	0.0965	2414.0000	339.0000	0.1404	2449.0000
915	0.6023	0.2499	0.6481	0.7447	0.0771	0.8253	33.0667	0.0938	2400.0000	330.0000	0.1375	2431.0000
916	0.5886	0.2499	0.6517	0.7363	0.0734	0.8239	33.3333	0.0922	2435.0000	346.0000	0.1421	2476.0000
917	0.5854	0.2499	0.6471	0.7292	0.0781	0.8135	33.0000	0.0998	2452.0000	353.0000	0.1440	2483.0000
918	0.5803	0.2499	0.6479	0.7289	0.0738	0.8117	32.7333	0.1017	2452.0000	355.0000	0.1448	2476.0000
919	0.6006	0.2499	0.6520	0.7313	0.0822	0.8198	32.8667	0.0966	2462.0000	345.0000	0.1401	2495.0000
920	0.5897	0.2499	0.6454	0.7297	0.0759	0.8131	33.1333	0.0988	2407.0000	350.0000	0.1454	2458.0000
921	0.5814	0.2499	0.6507	0.7366	0.0767	0.8153	33.2000	0.1011	2448.0000	350.0000	0.1430	2491.0000
922	0.5997	0.2499	0.6414	0.7306	0.0778	0.8166	33.0667	0.0970	2373.0000	347.0000	0.1462	2398.0000
923	0.5904	0.2499	0.6626	0.7428	0.0796	0.8199	33.4000	0.0998	2443.0000	347.0000	0.1420	2483.0000
924	0.5970	0.2499	0.6388	0.7280	0.0776	0.8129	32.8000	0.1010	2426.0000	346.0000	0.1426	2451.0000
925	0.5826	0.2499	0.6549	0.7222	0.0798	0.8030	33.4667	0.1110	2446.0000	378.0000	0.1545	2475.0000
926	0.5766	0.2499	0.6582	0.7306	0.0767	0.8060	33.3333	0.1042	2469.0000	362.0000	0.1466	2514.0000
927	0.5813	0.2499	0.6546	0.7380	0.0749	0.8153	33.0000	0.1026	2394.0000	351.0000	0.1466	2435.0000
928	0.6038	0.2499	0.6447	0.7253	0.0734	0.8171	33.2000	0.0960	2417.0000	351.0000	0.1452	2459.0000
929	0.5814	0.2499	0.6536	0.7475	0.0767	0.8126	32.9333	0.1049	2413.0000	345.0000	0.1430	2453.0000
930	0.5836	0.2499	0.6453	0.7254	0.0776	0.8117	32.8667	0.1042	2421.0000	350.0000	0.1446	2453.0000
931	0.5881	0.2499	0.6588	0.7194	0.0798	0.8098	32.8667	0.1027	2429.0000	361.0000	0.1486	2468.0000
932	0.5962	0.2499	0.6454	0.7436	0.0767	0.8226	32.6667	0.0860	2428.0000	336.0000	0.1384	2471.0000
933	0.5990	0.2499	0.6544	0.7364	0.0792	0.8168	33.1333	0.1074	2430.0000	355.0000	0.1461	2467.0000
934	0.5894	0.2499	0.6486	0.7386	0.0777	0.8129	33.2667	0.1036	2417.0000	354.0000	0.1465	2454.0000
935	0.5768	0.2499	0.6561	0.7277	0.0795	0.8054	32.6000	0.1096	2449.0000	359.0000	0.1466	2485.0000
936	0.5842	0.2499	0.6474	0.7247	0.0771	0.8113	32.9333	0.0986	2411.0000	344.0000	0.1427	2446.0000
937	0.5899	0.2499	0.6605	0.7347	0.0783	0.8118	32.8667	0.1049	2457.0000	357.0000	0.1453	2499.0000
938	0.5943	0.2499	0.6406	0.7351	0.0790	0.8135	32.8000	0.1037	2391.0000	345.0000	0.1443	2424.0000
939	0.5902	0.2499	0.6526	0.7386	0.0811	0.8175	32.6667	0.1035	2454.0000	345.0000	0.1406	2483.0000
940	0.5939	0.2499	0.6423	0.7241	0.0776	0.8124	32.8667	0.1021	2399.0000	356.0000	0.1484	2436.0000
941	0.6010	0.2499	0.6425	0.7292	0.0810	0.8125	32.6667	0.1055	2423.0000	346.0000	0.1428	2451.0000
942	0.5892	0.2499	0.6604	0.7173	0.0804	0.8064	32.9333	0.1064	2489.0000	363.0000	0.1458	2528.0000
943	0.5892	0.2499	0.6496	0.7324	0.0762	0.8117	32.8667	0.1022	2460.0000	346.0000	0.1407	2471.0000
944	0.5935	0.2499	0.6460	0.7386	0.0811	0.8173	32.9333	0.0987	2395.0000	342.0000	0.1428	2443.0000
945	0.5828	0.2499	0.6406	0.7136	0.0765	0.8119	32.9333	0.0995	2377.0000	353.0000	0.1485	2414.0000
946	0.5882	0.2499	0.6473	0.7260	0.0752	0.8113	32.8667	0.1063	2452.0000	361.0000	0.1472	2476.0000
947	0.6044	0.2499	0.6503	0.7397	0.0772	0.8137	33.2000	0.1025	2462.0000	355.0000	0.1442	2479.0000
948	0.5882	0.2499	0.6534	0.7412	0.0793	0.8145	33.0000	0.1036	2451.0000	349.0000	0.1424	2491.0000
949	0.5774	0.2499	0.6514	0.7384	0.0761	0.8185	33.0000	0.0946	2444.0000	357.0000	0.1461	2484.0000
950	0.5908	0.2499	0.6548	0.7325	0.0738	0.8123	33.0000	0.1007	2442.0000	347.0000	0.1421	2487.0000
951	0.5980	0.2499	0.6454	0.7259	0.0780	0.8149	33.1333	0.0982	2418.0000	347.0000	0.1435	2468.0000
952	0.5967	0.2499	0.6514	0.7286	0.0780	0.8136	33.1333	0.1012	2411.0000	350.0000	0.1452	2443.0000
953	0.5893	0.2499	0.6545	0.7265	0.0777	0.8129	32.8667	0.0993	2466.0000	351.0000	0.1423	2496.0000
954	0.5988	0.2499	0.6449	0.7213	0.0787	0.8147	32.8667	0.0997	2420.0000	351.0000	0.1450	2457.0000
955	0.5849	0.2499	0.6371	0.7389	0.0762	0.8071	32.8000	0.1099	2386.0000	357.0000	0.1496	2413.0000
956	0.5858	0.2499	0.6461	0.7357	0.0795	0.8127	33.0667	0.1058	2414.0000	345.0000	0.1429	2454.0000
957	0.5906	0.2499	0.6585	0.7257	0.0760	0.8107	33.0667	0.1014	2503.0000	354.0000	0.1414	2533.0000
958	0.5899	0.2499	0.6424	0.7448	0.0810	0.8155	33.0667	0.1001	2436.0000	347.0000	0.1424	2454.0000
959	0.5933	0.2499	0.6499	0.7389	0.0793	0.8186	33.4000	0.0992	2426.0000	344.0000	0.1418	2469.0000
960	0.5959	0.2499	0.6470	0.7295	0.0773	0.8075	33.2667	0.1063	2428.0000	360.0000	0.1483	2457.0000
961	0.5967	0.2499	0.6497	0.7294	0.0794	0.8199	32.8000	0.0973	2441.0000	344.0000	0.1409	2486.0000
962	0.5903	0.2499	0.6548	0.7308	0.0769	0.8114	32.8000	0.1049	2460.0000	358.0000	0.1455	2491.0000
963	0.6043	0.2499	0.6483	0.7267	0.0804	0.8193	32.8000	0.0974	2432.0000	342.0000	0.1406	2471.0000
964	0.5952	0.2499	0.6415	0.7207	0.0822	0.8180	33.6000	0.1012	2453.0000	359.0000	0.1464	2484.0000
965	0.5837	0.2499	0.6544	0.7274	0.0751	0.8132	33.2000	0.1005	2457.0000	351.0000	0.1429	2491.0000
966	0.5955	0.2499	0.6578	0.7261	0.0753	0.8082	33.1333	0.1028	2473.0000	351.0000	0.1419	2511.0000
967	0.5984	0.2499	0.6490	0.7471	0.0816	0.8148	33.5333	0.1040	2451.0000	339.0000	0.1383	2484.0000
968	0.5839	0.2499	0.6574	0.7295	0.0804	0.8060	32.8667	0.1038	2435.0000	361.0000	0.1483	2474.0000
969	0.5926	0.2499	0.6503	0.7378	0.0778	0.8186	32.7333	0.0952	2455.0000	341.0000	0.1389	2487.0000
970	0.5924	0.2499	0.6474	0.7239	0.0776	0.8206	32.8000	0.0947	2443.0000	345.0000	0.1412	2475.0000
971	0.5922	0.2499	0.6419	0.7362	0.0803	0.8171	33.0667	0.0991	2398.0000	347.0000	0.1447	2428.0000
972	0.5867	0.2499	0.6506	0.7404	0.0742	0.8165	33.1333	0.0984	2431.0000	340.0000	0.1399	2466.0000
973	0.5818	0.2499	0.6479	0.7287	0.0777	0.8054	33.0667	0.1122	2420.0000	369.0000	0.1525	2466.0000
974	0.5837	0.2499	0.6478	0.7461	0.0766	0.8135	33.1333	0.1025	2391.0000	353.0000	0.1476	2430.0000
975	0.5894	0.2499	0.6487	0.7247	0.0769	0.8107	33.0000	0.1003	2445.0000	352.0000	0.1440	2476.0000
976	0.5931	0.2499	0.6548	0.7476	0.0835	0.8237	32.7333	0.0966	2407.0000	343.0000	0.1425	2449.0000
977	0.5933	0.2499	0.6549	0.7320	0.0779	0.8154	33.0667	0.1009	2483.0000	346.0000	0.1393	2523.0000
978	0.5879	0.2499	0.6556	0.7236	0.0742	0.8124	33.0667	0.1008	2478.0000	353.0000	0.1425	2507.0000
979	0.5878	0.2499	0.6493	0.7333	0.0759	0.8173	33.0667	0.0972	2445.0000	345.0000	0.1411	2486.0000
980	0.5981	0.2499	0.6521	0.7330	0.0751	0.8167	32.8667	0.0964	2445.0000	339.0000	0.1387	2468.0000
981	0.6004	0.2499	0.6500	0.7330	0.0757	0.8170	33.2000	0.1006	2433.0000	348.0000	0.1430	2479.0000
982	0.5732	0.2499	0.6523	0.7435	0.0722	0.8160	32.7333	0.1003	2443.0000	352.0000	0.1441	2478.0000
983	0.5887	0.2499	0.6409	0.7332	0.0795	0.8115	32.8667	0.1035	2426.0000	353.0000	0.1455	2466.0000
984	0.5914	0.2499	0.6512	0.7275	0.0762	0.8136	33.0667	0.1016	2441.0000	353.0000	0.1446	2472.0000
985	0.5860	0.2499	0.6531	0.7218	0.0728	0.8085	32.9333	0.1032	2460.0000	365.0000	0.1484	2491.0000
986	0.5855	0.2499	0.6618	0.7234	0.0777	0.8077	32.9333	0.1014	2443.0000	359.0000	0.1470	2489.0000
987	0.5933	0.2499	0.6459	0.7234	0.0734	0.8130	32.8000	0.0977	2383.0000	357.0000	0.1498	2415.0000
988	0.6002	0.2499	0.6488	0.7504	0.0753	0.8223	32.8667	0.0955	2467.0000	343.0000	0.1390	2487.0000
989	0.5950	0.2499	0.6498	0.7413	0.0809	0.8111	32.8667	0.1062	2436.0000	346.0000	0.1420	2477.0000
990	0.5995	0.2499	0.6487	0.7394	0.0819	0.8162	32.9333	0.1000	2419.0000	352.0000	0.1455	2464.0000
991	0.5970	0.2499	0.6488	0.7397	0.0766	0.8207	33.2000	0.0956	2442.0000	342.0000	0.1400	2465.0000
992	0.6015	0.2499	0.6517	0.7439	0.0788	0.8251	32.6667	0.0950	2464.0000	341.0000	0.1384	2497.0000
993	0.6020	0.2499	0.6477	0.7301	0.0807	0.8127	32.9333	0.1027	2448.0000	350.0000	0.1430	2468.0000
994	0.6014	0.2499	0.6452	0.7346	0.0739	0.8199	32.8667	0.0965	2414.0000	337.0000	0.1396	2458.0000
995	0.5899	0.2499	0.6420	0.7173	0.0768	0.8109	33.2667	0.1037	2432.0000	362.0000	0.1488	2463.0000
996	0.6011	0.2499	0.6449	0.7489	0.0802	0.8259	32.9333	0.0953	2404.0000	342.0000	0.1423	2438.0000
997	0.5800	0.2499	0.6450	0.7473	0.0765	0.8139	32.8667	0.1009	2415.0000	343.0000	0.1420	2441.0000
998	0.5962	0.2499	0.6509	0.7262	0.0748	0.8152	33.1333	0.0970	2413.0000	357.0000	0.1479	2450.0000
999	0.5870	0.2499	0.6500	0.7489	0.0805	0.8166	33.2000	0.1024	2431.0000	341.0000	0.1403	2456.0000
1000	0.5864	0.2499	0.6523	0.7402	0.0778	0.8108	32.9333	0.1040	2433.0000	359.0000	0.1476	2467.0000
