accuracy	proportion	density	fuzziness	coverage	purity	sounds	missing	ubound	clusters	props	patterns
1	0.6700	0.5000	0.8486	0.7494	0.5311	0.8055	33.8000	0.1278	2813.0000	763.0000	0.2712	2815.0000
2	0.6691	0.5000	0.8461	0.7433	0.5291	0.7981	33.6667	0.1304	2824.0000	782.0000	0.2769	2826.0000
3	0.6620	0.5000	0.8462	0.7433	0.5335	0.8014	33.7333	0.1310	2828.0000	787.0000	0.2783	2830.0000
4	0.6650	0.5000	0.8487	0.7558	0.5342	0.8068	33.7333	0.1259	2828.0000	775.0000	0.2740	2830.0000
5	0.6628	0.5000	0.8508	0.7543	0.5306	0.7991	33.8000	0.1341	2808.0000	773.0000	0.2753	2810.0000
6	0.6729	0.5000	0.8477	0.7460	0.5335	0.8045	34.0667	0.1269	2819.0000	770.0000	0.2731	2821.0000
7	0.6690	0.5000	0.8463	0.7515	0.5316	0.8043	33.8667	0.1267	2792.0000	771.0000	0.2761	2794.0000
8	0.6599	0.5000	0.8467	0.7456	0.5348	0.8048	33.8000	0.1251	2828.0000	773.0000	0.2733	2830.0000
9	0.6667	0.5000	0.8483	0.7506	0.5346	0.7994	33.8000	0.1311	2830.0000	785.0000	0.2774	2832.0000
10	0.6676	0.5000	0.8475	0.7451	0.5324	0.8026	33.7333	0.1325	2823.0000	774.0000	0.2742	2825.0000
11	0.6741	0.5000	0.8473	0.7457	0.5302	0.8064	33.6667	0.1240	2823.0000	779.0000	0.2759	2825.0000
12	0.6639	0.5000	0.8481	0.7339	0.5247	0.8089	33.6000	0.1215	2812.0000	772.0000	0.2745	2814.0000
13	0.6728	0.5000	0.8465	0.7498	0.5309	0.8096	33.6667	0.1248	2804.0000	771.0000	0.2750	2806.0000
14	0.6708	0.5000	0.8488	0.7507	0.5344	0.8092	33.7333	0.1240	2827.0000	768.0000	0.2717	2829.0000
15	0.6730	0.5000	0.8461	0.7445	0.5299	0.8021	33.7333	0.1291	2803.0000	772.0000	0.2754	2805.0000
16	0.6688	0.5000	0.8473	0.7444	0.5279	0.8036	33.8000	0.1263	2826.0000	784.0000	0.2774	2828.0000
17	0.6716	0.5000	0.8469	0.7461	0.5330	0.8080	33.7333	0.1233	2818.0000	771.0000	0.2736	2820.0000
18	0.6690	0.5000	0.8468	0.7540	0.5391	0.8106	33.9333	0.1208	2816.0000	759.0000	0.2695	2818.0000
19	0.6626	0.5000	0.8470	0.7404	0.5316	0.8059	33.8000	0.1242	2815.0000	771.0000	0.2739	2817.0000
20	0.6759	0.5000	0.8473	0.7552	0.5294	0.8080	33.8667	0.1237	2819.0000	748.0000	0.2653	2821.0000
21	0.6597	0.5000	0.8495	0.7342	0.5388	0.7990	33.8667	0.1276	2811.0000	778.0000	0.2768	2813.0000
22	0.6595	0.5000	0.8466	0.7426	0.5307	0.8022	33.6667	0.1270	2806.0000	776.0000	0.2766	2808.0000
23	0.6617	0.5000	0.8505	0.7507	0.5306	0.8001	33.8000	0.1315	2819.0000	787.0000	0.2792	2821.0000
24	0.6701	0.5000	0.8499	0.7521	0.5364	0.8087	33.8000	0.1239	2824.0000	762.0000	0.2698	2826.0000
25	0.6624	0.5000	0.8482	0.7337	0.5295	0.7996	33.7333	0.1282	2817.0000	783.0000	0.2780	2819.0000
26	0.6644	0.5000	0.8507	0.7514	0.5427	0.8059	33.6667	0.1248	2831.0000	766.0000	0.2706	2833.0000
27	0.6722	0.5000	0.8480	0.7409	0.5307	0.8009	33.9333	0.1320	2817.0000	778.0000	0.2762	2819.0000
28	0.6634	0.5000	0.8490	0.7384	0.5289	0.7977	34.0000	0.1316	2816.0000	782.0000	0.2777	2818.0000
29	0.6712	0.5000	0.8500	0.7479	0.5341	0.8056	33.6000	0.1270	2825.0000	774.0000	0.2740	2827.0000
30	0.6613	0.5000	0.8471	0.7384	0.5317	0.7990	33.8667	0.1296	2826.0000	784.0000	0.2774	2828.0000
31	0.6675	0.5000	0.8496	0.7381	0.5247	0.8034	33.6667	0.1278	2839.0000	770.0000	0.2712	2841.0000
32	0.6726	0.5000	0.8492	0.7523	0.5362	0.8131	33.6000	0.1196	2818.0000	757.0000	0.2686	2820.0000
33	0.6654	0.5000	0.8502	0.7444	0.5322	0.8038	34.0000	0.1275	2818.0000	772.0000	0.2740	2820.0000
34	0.6647	0.5000	0.8454	0.7464	0.5295	0.8065	34.0667	0.1248	2816.0000	792.0000	0.2812	2818.0000
35	0.6693	0.5000	0.8472	0.7397	0.5336	0.8036	33.7333	0.1258	2822.0000	772.0000	0.2736	2824.0000
36	0.6607	0.5000	0.8477	0.7529	0.5332	0.8026	33.8000	0.1288	2814.0000	773.0000	0.2747	2816.0000
37	0.6739	0.5000	0.8508	0.7539	0.5362	0.8073	33.8000	0.1265	2816.0000	776.0000	0.2756	2818.0000
38	0.6702	0.5000	0.8476	0.7420	0.5308	0.7999	33.8000	0.1319	2813.0000	772.0000	0.2744	2815.0000
39	0.6697	0.5000	0.8486	0.7387	0.5323	0.7977	33.6667	0.1296	2833.0000	789.0000	0.2785	2835.0000
40	0.6733	0.5000	0.8487	0.7356	0.5269	0.8001	33.5333	0.1274	2825.0000	773.0000	0.2736	2827.0000
41	0.6681	0.5000	0.8497	0.7443	0.5335	0.8053	33.8667	0.1277	2829.0000	770.0000	0.2722	2831.0000
42	0.6595	0.5000	0.8505	0.7412	0.5295	0.8014	33.7333	0.1302	2826.0000	793.0000	0.2806	2828.0000
43	0.6578	0.5000	0.8485	0.7407	0.5305	0.7997	33.6667	0.1296	2823.0000	788.0000	0.2791	2825.0000
44	0.6576	0.5000	0.8495	0.7443	0.5294	0.8012	33.8000	0.1301	2835.0000	793.0000	0.2797	2837.0000
45	0.6602	0.5000	0.8463	0.7368	0.5308	0.7990	33.6667	0.1307	2827.0000	785.0000	0.2777	2829.0000
46	0.6641	0.5000	0.8488	0.7397	0.5286	0.8021	33.8667	0.1270	2814.0000	768.0000	0.2729	2816.0000
47	0.6684	0.5000	0.8496	0.7513	0.5315	0.8089	33.8000	0.1232	2829.0000	762.0000	0.2694	2831.0000
48	0.6747	0.5000	0.8485	0.7367	0.5340	0.8011	34.0667	0.1276	2803.0000	780.0000	0.2783	2805.0000
49	0.6702	0.5000	0.8476	0.7391	0.5243	0.7991	33.4000	0.1279	2813.0000	791.0000	0.2812	2815.0000
50	0.6663	0.5000	0.8467	0.7411	0.5331	0.8032	34.0667	0.1252	2816.0000	772.0000	0.2741	2818.0000
51	0.6614	0.5000	0.8488	0.7413	0.5335	0.8048	33.8667	0.1215	2829.0000	784.0000	0.2771	2831.0000
52	0.6576	0.5000	0.8464	0.7381	0.5242	0.8034	33.8000	0.1250	2824.0000	780.0000	0.2762	2826.0000
53	0.6645	0.5000	0.8470	0.7503	0.5313	0.8025	34.1333	0.1267	2825.0000	778.0000	0.2754	2827.0000
54	0.6775	0.5000	0.8478	0.7374	0.5266	0.8000	33.8000	0.1280	2822.0000	783.0000	0.2775	2824.0000
55	0.6702	0.5000	0.8469	0.7485	0.5293	0.8018	33.5333	0.1309	2816.0000	779.0000	0.2766	2818.0000
56	0.6705	0.5000	0.8470	0.7486	0.5309	0.7980	33.6000	0.1336	2816.0000	781.0000	0.2773	2818.0000
57	0.6657	0.5000	0.8458	0.7440	0.5262	0.8072	33.8000	0.1221	2818.0000	769.0000	0.2729	2820.0000
58	0.6737	0.5000	0.8498	0.7461	0.5338	0.8107	33.9333	0.1220	2835.0000	757.0000	0.2670	2838.0000
59	0.6766	0.5000	0.8500	0.7535	0.5336	0.8102	33.7333	0.1238	2807.0000	757.0000	0.2697	2809.0000
60	0.6714	0.5000	0.8481	0.7372	0.5321	0.8056	33.7333	0.1235	2819.0000	777.0000	0.2756	2821.0000
61	0.6688	0.5000	0.8484	0.7358	0.5280	0.8030	33.7333	0.1279	2814.0000	779.0000	0.2768	2816.0000
62	0.6793	0.5000	0.8466	0.7432	0.5343	0.8098	33.3333	0.1199	2818.0000	749.0000	0.2658	2820.0000
63	0.6647	0.5000	0.8470	0.7470	0.5350	0.8027	33.8000	0.1258	2818.0000	778.0000	0.2761	2820.0000
64	0.6728	0.5000	0.8497	0.7502	0.5321	0.8013	33.8000	0.1300	2828.0000	775.0000	0.2740	2830.0000
65	0.6743	0.5000	0.8493	0.7605	0.5323	0.8082	33.8000	0.1255	2826.0000	762.0000	0.2696	2828.0000
66	0.6664	0.5000	0.8497	0.7355	0.5303	0.7962	34.1333	0.1315	2830.0000	794.0000	0.2806	2832.0000
67	0.6665	0.5000	0.8478	0.7486	0.5316	0.8018	33.6000	0.1289	2820.0000	781.0000	0.2770	2822.0000
68	0.6699	0.5000	0.8483	0.7413	0.5295	0.8046	33.6667	0.1264	2823.0000	773.0000	0.2738	2825.0000
69	0.6783	0.5000	0.8469	0.7503	0.5321	0.8089	34.0000	0.1273	2802.0000	758.0000	0.2705	2804.0000
70	0.6675	0.5000	0.8461	0.7578	0.5358	0.8029	33.4000	0.1317	2804.0000	769.0000	0.2743	2806.0000
71	0.6695	0.5000	0.8496	0.7374	0.5349	0.8051	33.8000	0.1235	2810.0000	761.0000	0.2708	2812.0000
72	0.6728	0.5000	0.8488	0.7443	0.5346	0.8075	33.8000	0.1233	2828.0000	762.0000	0.2694	2830.0000
73	0.6815	0.5000	0.8503	0.7408	0.5239	0.8010	33.8667	0.1293	2822.0000	780.0000	0.2764	2824.0000
74	0.6757	0.5000	0.8493	0.7520	0.5384	0.8121	33.4667	0.1220	2809.0000	751.0000	0.2674	2811.0000
75	0.6661	0.5000	0.8480	0.7413	0.5264	0.8023	33.8667	0.1286	2809.0000	779.0000	0.2773	2811.0000
76	0.6732	0.5000	0.8493	0.7511	0.5371	0.8114	33.7333	0.1226	2822.0000	739.0000	0.2619	2824.0000
77	0.6722	0.5000	0.8470	0.7429	0.5293	0.8032	33.7333	0.1274	2821.0000	776.0000	0.2751	2823.0000
78	0.6625	0.5000	0.8469	0.7497	0.5314	0.8029	33.6667	0.1306	2812.0000	780.0000	0.2774	2814.0000
79	0.6684	0.5000	0.8473	0.7502	0.5365	0.8063	33.8000	0.1204	2831.0000	773.0000	0.2730	2833.0000
80	0.6649	0.5000	0.8490	0.7400	0.5302	0.8051	33.9333	0.1260	2837.0000	774.0000	0.2728	2839.0000
81	0.6652	0.5000	0.8474	0.7470	0.5309	0.8030	34.2000	0.1273	2829.0000	775.0000	0.2739	2831.0000
82	0.6686	0.5000	0.8486	0.7447	0.5271	0.8061	33.8000	0.1248	2819.0000	761.0000	0.2700	2821.0000
83	0.6596	0.5000	0.8481	0.7506	0.5365	0.8047	33.7333	0.1245	2822.0000	769.0000	0.2725	2824.0000
84	0.6584	0.5000	0.8484	0.7355	0.5323	0.7967	33.6667	0.1292	2825.0000	787.0000	0.2786	2827.0000
85	0.6623	0.5000	0.8478	0.7547	0.5350	0.8000	33.8667	0.1304	2814.0000	766.0000	0.2722	2816.0000
86	0.6601	0.5000	0.8475	0.7408	0.5303	0.8002	33.9333	0.1271	2815.0000	777.0000	0.2760	2817.0000
87	0.6724	0.5000	0.8478	0.7465	0.5305	0.8081	33.4000	0.1250	2818.0000	760.0000	0.2697	2820.0000
88	0.6814	0.5000	0.8491	0.7523	0.5329	0.8106	33.7333	0.1208	2812.0000	765.0000	0.2720	2814.0000
89	0.6707	0.5000	0.8497	0.7397	0.5316	0.8062	33.8667	0.1276	2807.0000	764.0000	0.2722	2809.0000
90	0.6705	0.5000	0.8500	0.7515	0.5335	0.8050	33.8667	0.1316	2819.0000	771.0000	0.2735	2821.0000
91	0.6660	0.5000	0.8486	0.7429	0.5293	0.7975	33.5333	0.1331	2822.0000	793.0000	0.2810	2824.0000
92	0.6624	0.5000	0.8485	0.7327	0.5292	0.7952	33.6667	0.1301	2835.0000	789.0000	0.2783	2837.0000
93	0.6689	0.5000	0.8503	0.7391	0.5317	0.7988	33.7333	0.1269	2819.0000	781.0000	0.2770	2821.0000
94	0.6546	0.5000	0.8488	0.7403	0.5277	0.7982	33.8667	0.1313	2828.0000	799.0000	0.2825	2830.0000
95	0.6686	0.5000	0.8474	0.7462	0.5308	0.8045	33.4000	0.1294	2814.0000	776.0000	0.2758	2816.0000
96	0.6655	0.5000	0.8482	0.7442	0.5354	0.8016	33.8667	0.1306	2828.0000	782.0000	0.2765	2830.0000
97	0.6660	0.5000	0.8494	0.7538	0.5319	0.8059	33.7333	0.1285	2831.0000	773.0000	0.2730	2833.0000
98	0.6787	0.5000	0.8485	0.7482	0.5261	0.8055	33.8000	0.1287	2825.0000	771.0000	0.2729	2827.0000
99	0.6615	0.5000	0.8495	0.7375	0.5337	0.7974	33.8000	0.1296	2814.0000	773.0000	0.2747	2816.0000
100	0.6723	0.5000	0.8487	0.7429	0.5273	0.8004	33.7333	0.1337	2819.0000	772.0000	0.2739	2821.0000
101	0.6637	0.5000	0.8442	0.7413	0.5314	0.7988	33.7333	0.1325	2793.0000	791.0000	0.2832	2795.0000
102	0.6642	0.5000	0.8467	0.7357	0.5306	0.8015	33.8000	0.1263	2816.0000	769.0000	0.2731	2818.0000
103	0.6694	0.5000	0.8477	0.7494	0.5284	0.8007	33.8000	0.1302	2802.0000	777.0000	0.2773	2804.0000
104	0.6704	0.5000	0.8493	0.7480	0.5304	0.8038	33.6667	0.1260	2814.0000	781.0000	0.2775	2816.0000
105	0.6807	0.5000	0.8483	0.7464	0.5246	0.8061	33.9333	0.1257	2832.0000	773.0000	0.2730	2834.0000
106	0.6755	0.5000	0.8488	0.7476	0.5327	0.8084	33.6667	0.1257	2813.0000	748.0000	0.2659	2815.0000
107	0.6684	0.5000	0.8489	0.7533	0.5310	0.8067	33.7333	0.1267	2819.0000	756.0000	0.2682	2821.0000
108	0.6636	0.5000	0.8487	0.7437	0.5319	0.8066	33.4667	0.1246	2817.0000	767.0000	0.2723	2819.0000
109	0.6717	0.5000	0.8480	0.7474	0.5311	0.8082	33.4000	0.1255	2816.0000	762.0000	0.2706	2818.0000
110	0.6707	0.5000	0.8484	0.7515	0.5339	0.8039	33.8667	0.1274	2815.0000	775.0000	0.2753	2817.0000
111	0.6601	0.5000	0.8472	0.7498	0.5344	0.8012	33.7333	0.1289	2819.0000	760.0000	0.2696	2821.0000
112	0.6733	0.5000	0.8473	0.7487	0.5386	0.8085	33.8667	0.1229	2801.0000	745.0000	0.2660	2803.0000
113	0.6678	0.5000	0.8478	0.7378	0.5330	0.7994	33.8000	0.1307	2832.0000	781.0000	0.2758	2834.0000
114	0.6769	0.5000	0.8467	0.7527	0.5349	0.8106	33.6000	0.1205	2829.0000	755.0000	0.2669	2831.0000
115	0.6664	0.5000	0.8498	0.7446	0.5315	0.8038	33.4667	0.1247	2831.0000	778.0000	0.2748	2833.0000
116	0.6771	0.5000	0.8491	0.7635	0.5369	0.8082	33.7333	0.1283	2816.0000	748.0000	0.2656	2818.0000
117	0.6627	0.5000	0.8481	0.7520	0.5355	0.8055	33.5333	0.1241	2805.0000	752.0000	0.2681	2807.0000
118	0.6583	0.5000	0.8481	0.7338	0.5269	0.7929	33.6667	0.1348	2826.0000	799.0000	0.2827	2828.0000
119	0.6642	0.5000	0.8498	0.7421	0.5295	0.7993	33.6667	0.1331	2817.0000	793.0000	0.2815	2819.0000
120	0.6583	0.5000	0.8477	0.7518	0.5309	0.8005	34.0667	0.1285	2819.0000	781.0000	0.2770	2821.0000
121	0.6705	0.5000	0.8470	0.7480	0.5327	0.8095	33.6000	0.1222	2822.0000	756.0000	0.2679	2824.0000
122	0.6761	0.5000	0.8462	0.7565	0.5363	0.8090	33.7333	0.1255	2813.0000	754.0000	0.2680	2815.0000
123	0.6648	0.5000	0.8489	0.7379	0.5262	0.8043	33.7333	0.1255	2824.0000	778.0000	0.2755	2826.0000
124	0.6639	0.5000	0.8472	0.7353	0.5255	0.7995	33.8667	0.1293	2831.0000	795.0000	0.2808	2833.0000
125	0.6623	0.5000	0.8481	0.7445	0.5301	0.8052	33.6000	0.1261	2820.0000	766.0000	0.2716	2822.0000
126	0.6705	0.5000	0.8480	0.7462	0.5343	0.8024	33.8667	0.1270	2814.0000	773.0000	0.2747	2816.0000
127	0.6693	0.5000	0.8461	0.7426	0.5287	0.8028	33.7333	0.1291	2819.0000	776.0000	0.2753	2821.0000
128	0.6678	0.5000	0.8480	0.7551	0.5307	0.8057	33.9333	0.1284	2826.0000	776.0000	0.2746	2828.0000
129	0.6758	0.5000	0.8478	0.7466	0.5280	0.8056	33.9333	0.1273	2815.0000	777.0000	0.2760	2817.0000
130	0.6681	0.5000	0.8476	0.7490	0.5293	0.7980	33.8000	0.1322	2817.0000	789.0000	0.2801	2819.0000
131	0.6737	0.5000	0.8487	0.7518	0.5393	0.8072	33.8000	0.1271	2813.0000	764.0000	0.2716	2815.0000
132	0.6720	0.5000	0.8488	0.7516	0.5339	0.7990	33.7333	0.1343	2823.0000	785.0000	0.2781	2825.0000
133	0.6697	0.5000	0.8497	0.7546	0.5342	0.8130	34.0000	0.1222	2829.0000	752.0000	0.2658	2831.0000
134	0.6603	0.5000	0.8491	0.7451	0.5301	0.8014	33.8667	0.1276	2835.0000	794.0000	0.2801	2837.0000
135	0.6541	0.5000	0.8484	0.7347	0.5346	0.7988	34.0000	0.1273	2809.0000	773.0000	0.2752	2811.0000
136	0.6592	0.5000	0.8500	0.7463	0.5359	0.8038	33.4000	0.1297	2830.0000	774.0000	0.2735	2832.0000
137	0.6634	0.5000	0.8486	0.7404	0.5326	0.8014	34.0000	0.1271	2834.0000	782.0000	0.2759	2836.0000
138	0.6580	0.5000	0.8489	0.7452	0.5344	0.8025	33.8000	0.1281	2835.0000	781.0000	0.2755	2837.0000
139	0.6738	0.5000	0.8489	0.7515	0.5295	0.8026	33.8000	0.1273	2839.0000	782.0000	0.2754	2841.0000
140	0.6695	0.5000	0.8454	0.7448	0.5306	0.8050	33.8667	0.1258	2816.0000	769.0000	0.2731	2818.0000
141	0.6691	0.5000	0.8478	0.7515	0.5365	0.8091	33.9333	0.1237	2834.0000	771.0000	0.2721	2836.0000
142	0.6609	0.5000	0.8485	0.7513	0.5394	0.8010	33.9333	0.1258	2819.0000	785.0000	0.2785	2821.0000
143	0.6721	0.5000	0.8472	0.7454	0.5345	0.8089	33.8667	0.1214	2822.0000	768.0000	0.2721	2824.0000
144	0.6660	0.5000	0.8483	0.7312	0.5248	0.7949	33.8000	0.1339	2828.0000	795.0000	0.2811	2830.0000
145	0.6811	0.5000	0.8485	0.7492	0.5308	0.8129	33.8667	0.1205	2827.0000	764.0000	0.2703	2829.0000
146	0.6528	0.5000	0.8476	0.7429	0.5320	0.8001	33.8667	0.1285	2829.0000	795.0000	0.2810	2831.0000
147	0.6664	0.5000	0.8495	0.7547	0.5313	0.8096	33.8000	0.1230	2817.0000	749.0000	0.2659	2819.0000
148	0.6680	0.5000	0.8457	0.7430	0.5274	0.7985	33.6667	0.1290	2808.0000	776.0000	0.2764	2810.0000
149	0.6660	0.5000	0.8490	0.7465	0.5369	0.7986	33.7333	0.1299	2822.0000	778.0000	0.2757	2824.0000
150	0.6731	0.5000	0.8495	0.7455	0.5336	0.8084	33.6000	0.1236	2815.0000	767.0000	0.2725	2817.0000
151	0.6707	0.5000	0.8467	0.7421	0.5300	0.7971	33.8667	0.1333	2825.0000	778.0000	0.2754	2827.0000
152	0.6723	0.5000	0.8488	0.7394	0.5265	0.7993	33.7333	0.1302	2828.0000	776.0000	0.2744	2830.0000
153	0.6606	0.5000	0.8484	0.7441	0.5290	0.8037	33.6000	0.1214	2829.0000	770.0000	0.2722	2831.0000
154	0.6615	0.5000	0.8487	0.7502	0.5326	0.8049	33.9333	0.1288	2822.0000	782.0000	0.2771	2824.0000
155	0.6573	0.5000	0.8482	0.7482	0.5381	0.8045	33.8667	0.1257	2822.0000	784.0000	0.2778	2824.0000
156	0.6668	0.5000	0.8458	0.7394	0.5242	0.7996	33.6667	0.1321	2812.0000	776.0000	0.2760	2814.0000
157	0.6708	0.5000	0.8484	0.7375	0.5282	0.8062	33.6667	0.1244	2820.0000	775.0000	0.2748	2822.0000
158	0.6726	0.5000	0.8487	0.7510	0.5351	0.8042	33.8000	0.1271	2830.0000	768.0000	0.2714	2832.0000
159	0.6670	0.5000	0.8475	0.7500	0.5326	0.8078	33.6000	0.1228	2821.0000	768.0000	0.2722	2823.0000
160	0.6676	0.5000	0.8482	0.7425	0.5257	0.7975	33.4000	0.1344	2833.0000	793.0000	0.2799	2835.0000
161	0.6789	0.5000	0.8465	0.7499	0.5362	0.8069	33.8667	0.1236	2822.0000	766.0000	0.2714	2824.0000
162	0.6784	0.5000	0.8487	0.7523	0.5326	0.8083	33.4667	0.1247	2835.0000	784.0000	0.2765	2837.0000
163	0.6660	0.5000	0.8480	0.7551	0.5399	0.8102	33.6667	0.1184	2813.0000	748.0000	0.2659	2815.0000
164	0.6715	0.5000	0.8464	0.7462	0.5270	0.8093	33.8667	0.1231	2817.0000	763.0000	0.2709	2819.0000
165	0.6778	0.5000	0.8457	0.7517	0.5299	0.8108	34.0000	0.1222	2836.0000	764.0000	0.2694	2838.0000
166	0.6706	0.5000	0.8466	0.7398	0.5295	0.8020	33.6000	0.1267	2827.0000	780.0000	0.2759	2829.0000
167	0.6640	0.5000	0.8489	0.7400	0.5353	0.7999	33.6000	0.1289	2826.0000	773.0000	0.2735	2828.0000
168	0.6621	0.5000	0.8501	0.7552	0.5313	0.8002	33.9333	0.1323	2823.0000	778.0000	0.2756	2825.0000
169	0.6681	0.5000	0.8493	0.7445	0.5268	0.8003	33.5333	0.1318	2816.0000	791.0000	0.2809	2818.0000
170	0.6626	0.5000	0.8466	0.7473	0.5322	0.7999	33.8667	0.1297	2817.0000	772.0000	0.2741	2819.0000
171	0.6655	0.5000	0.8499	0.7496	0.5382	0.8064	33.8000	0.1257	2814.0000	767.0000	0.2726	2816.0000
172	0.6620	0.5000	0.8494	0.7436	0.5305	0.8031	34.0000	0.1265	2830.0000	782.0000	0.2763	2832.0000
173	0.6696	0.5000	0.8483	0.7443	0.5352	0.8058	33.6000	0.1250	2812.0000	767.0000	0.2728	2814.0000
174	0.6703	0.5000	0.8484	0.7431	0.5240	0.8056	33.5333	0.1238	2830.0000	782.0000	0.2763	2832.0000
175	0.6670	0.5000	0.8476	0.7545	0.5319	0.8056	33.6667	0.1257	2830.0000	756.0000	0.2671	2832.0000
176	0.6626	0.5000	0.8483	0.7468	0.5305	0.7983	33.6667	0.1306	2815.0000	779.0000	0.2767	2817.0000
177	0.6687	0.5000	0.8480	0.7497	0.5342	0.8027	34.2000	0.1296	2810.0000	772.0000	0.2747	2812.0000
178	0.6702	0.5000	0.8487	0.7428	0.5300	0.7951	33.8667	0.1351	2821.0000	798.0000	0.2829	2823.0000
179	0.6713	0.5000	0.8488	0.7431	0.5311	0.8104	34.0667	0.1228	2820.0000	754.0000	0.2674	2822.0000
180	0.6714	0.5000	0.8493	0.7493	0.5298	0.8037	33.8667	0.1281	2823.0000	766.0000	0.2713	2825.0000
181	0.6659	0.5000	0.8486	0.7436	0.5352	0.7997	33.8667	0.1282	2823.0000	793.0000	0.2809	2825.0000
182	0.6714	0.5000	0.8480	0.7506	0.5337	0.8050	33.8000	0.1250	2815.0000	762.0000	0.2707	2817.0000
183	0.6676	0.5000	0.8474	0.7552	0.5372	0.8061	33.6000	0.1245	2828.0000	775.0000	0.2740	2830.0000
184	0.6688	0.5000	0.8470	0.7422	0.5348	0.8080	33.7333	0.1260	2807.0000	761.0000	0.2711	2809.0000
185	0.6671	0.5000	0.8487	0.7511	0.5346	0.8102	33.5333	0.1235	2808.0000	746.0000	0.2657	2810.0000
186	0.6729	0.5000	0.8471	0.7446	0.5262	0.8049	33.7333	0.1246	2816.0000	774.0000	0.2749	2818.0000
187	0.6645	0.5000	0.8470	0.7404	0.5285	0.8003	33.8667	0.1293	2832.0000	779.0000	0.2751	2834.0000
188	0.6756	0.5000	0.8468	0.7466	0.5287	0.8082	33.7333	0.1200	2833.0000	771.0000	0.2721	2835.0000
189	0.6582	0.5000	0.8485	0.7408	0.5248	0.7953	33.6000	0.1365	2811.0000	808.0000	0.2874	2813.0000
190	0.6630	0.5000	0.8489	0.7462	0.5288	0.7985	33.7333	0.1318	2818.0000	787.0000	0.2793	2820.0000
191	0.6734	0.5000	0.8464	0.7314	0.5304	0.8038	33.6667	0.1237	2810.0000	776.0000	0.2762	2812.0000
192	0.6629	0.5000	0.8499	0.7504	0.5352	0.8018	33.8667	0.1291	2824.0000	768.0000	0.2720	2826.0000
193	0.6596	0.5000	0.8475	0.7434	0.5288	0.7932	33.6000	0.1368	2813.0000	804.0000	0.2858	2815.0000
194	0.6589	0.5000	0.8477	0.7498	0.5314	0.7984	33.8667	0.1340	2818.0000	775.0000	0.2750	2820.0000
195	0.6703	0.5000	0.8484	0.7525	0.5388	0.8114	33.8667	0.1203	2817.0000	768.0000	0.2726	2819.0000
196	0.6643	0.5000	0.8477	0.7437	0.5302	0.8069	33.5333	0.1251	2824.0000	776.0000	0.2748	2826.0000
197	0.6757	0.5000	0.8485	0.7549	0.5348	0.8090	33.8000	0.1222	2814.0000	769.0000	0.2733	2816.0000
198	0.6651	0.5000	0.8488	0.7426	0.5357	0.8047	33.7333	0.1253	2817.0000	766.0000	0.2719	2819.0000
199	0.6692	0.5000	0.8485	0.7576	0.5278	0.7994	33.8000	0.1353	2826.0000	765.0000	0.2707	2828.0000
200	0.6677	0.5000	0.8489	0.7466	0.5350	0.8043	33.6000	0.1257	2827.0000	767.0000	0.2713	2829.0000
201	0.6565	0.5000	0.8493	0.7499	0.5349	0.7998	33.7333	0.1283	2824.0000	773.0000	0.2737	2826.0000
202	0.6670	0.5000	0.8471	0.7571	0.5348	0.8035	34.0000	0.1279	2806.0000	774.0000	0.2758	2808.0000
203	0.6611	0.5000	0.8497	0.7474	0.5313	0.7968	33.8000	0.1362	2812.0000	776.0000	0.2760	2814.0000
204	0.6692	0.5000	0.8472	0.7471	0.5323	0.8011	33.7333	0.1284	2826.0000	783.0000	0.2771	2828.0000
205	0.6695	0.5000	0.8450	0.7541	0.5327	0.8040	33.8667	0.1260	2816.0000	768.0000	0.2727	2818.0000
206	0.6752	0.5000	0.8469	0.7497	0.5250	0.8025	33.8000	0.1299	2830.0000	780.0000	0.2756	2832.0000
207	0.6717	0.5000	0.8493	0.7430	0.5305	0.8041	34.1333	0.1268	2834.0000	780.0000	0.2752	2836.0000
208	0.6703	0.5000	0.8488	0.7468	0.5341	0.8026	33.5333	0.1278	2809.0000	775.0000	0.2759	2811.0000
209	0.6469	0.5000	0.8485	0.7346	0.5322	0.7937	33.6667	0.1309	2841.0000	801.0000	0.2819	2843.0000
210	0.6698	0.5000	0.8475	0.7420	0.5394	0.8076	33.6000	0.1208	2818.0000	766.0000	0.2718	2820.0000
211	0.6732	0.5000	0.8490	0.7479	0.5289	0.8050	33.8000	0.1268	2818.0000	763.0000	0.2708	2820.0000
212	0.6725	0.5000	0.8493	0.7484	0.5331	0.8103	33.6000	0.1243	2825.0000	761.0000	0.2694	2827.0000
213	0.6648	0.5000	0.8488	0.7380	0.5325	0.8034	33.6667	0.1253	2819.0000	765.0000	0.2714	2821.0000
214	0.6733	0.5000	0.8468	0.7440	0.5319	0.8011	33.8000	0.1298	2818.0000	765.0000	0.2715	2820.0000
215	0.6664	0.5000	0.8492	0.7442	0.5263	0.8086	33.6000	0.1262	2826.0000	769.0000	0.2721	2828.0000
216	0.6772	0.5000	0.8484	0.7515	0.5346	0.8075	33.5333	0.1264	2820.0000	761.0000	0.2699	2822.0000
217	0.6661	0.5000	0.8476	0.7450	0.5325	0.8035	34.0667	0.1276	2807.0000	773.0000	0.2754	2809.0000
218	0.6610	0.5000	0.8495	0.7412	0.5287	0.7958	33.6667	0.1338	2827.0000	793.0000	0.2805	2829.0000
219	0.6591	0.5000	0.8491	0.7471	0.5346	0.8050	34.0000	0.1263	2823.0000	778.0000	0.2756	2825.0000
220	0.6607	0.5000	0.8488	0.7497	0.5417	0.7997	33.9333	0.1262	2826.0000	770.0000	0.2725	2828.0000
221	0.6619	0.5000	0.8477	0.7525	0.5365	0.8032	33.9333	0.1283	2816.0000	768.0000	0.2727	2818.0000
222	0.6645	0.5000	0.8479	0.7341	0.5253	0.7996	33.9333	0.1311	2808.0000	776.0000	0.2764	2810.0000
223	0.6671	0.5000	0.8463	0.7360	0.5287	0.8083	33.8000	0.1204	2827.0000	774.0000	0.2738	2829.0000
224	0.6664	0.5000	0.8487	0.7440	0.5279	0.7965	33.9333	0.1323	2822.0000	787.0000	0.2789	2824.0000
225	0.6666	0.5000	0.8495	0.7416	0.5310	0.8009	33.6000	0.1302	2826.0000	781.0000	0.2764	2828.0000
226	0.6746	0.5000	0.8469	0.7487	0.5314	0.8047	33.8000	0.1264	2821.0000	769.0000	0.2726	2823.0000
227	0.6679	0.5000	0.8472	0.7324	0.5212	0.7941	33.6000	0.1333	2814.0000	791.0000	0.2811	2816.0000
228	0.6690	0.5000	0.8469	0.7371	0.5266	0.8015	33.4667	0.1288	2820.0000	778.0000	0.2759	2822.0000
229	0.6757	0.5000	0.8476	0.7462	0.5219	0.7994	34.0667	0.1315	2824.0000	787.0000	0.2787	2826.0000
230	0.6709	0.5000	0.8480	0.7448	0.5286	0.7976	33.8000	0.1338	2829.0000	775.0000	0.2739	2831.0000
231	0.6738	0.5000	0.8485	0.7460	0.5312	0.8054	34.0667	0.1245	2817.0000	784.0000	0.2783	2819.0000
232	0.6742	0.5000	0.8474	0.7448	0.5241	0.7965	33.6000	0.1331	2847.0000	798.0000	0.2803	2849.0000
233	0.6620	0.5000	0.8500	0.7427	0.5324	0.7991	33.8000	0.1352	2823.0000	785.0000	0.2781	2825.0000
234	0.6694	0.5000	0.8492	0.7411	0.5267	0.7993	33.9333	0.1313	2824.0000	793.0000	0.2808	2826.0000
235	0.6582	0.5000	0.8500	0.7402	0.5297	0.8036	33.8000	0.1247	2821.0000	771.0000	0.2733	2823.0000
236	0.6754	0.5000	0.8467	0.7541	0.5341	0.8080	33.6667	0.1252	2826.0000	761.0000	0.2693	2828.0000
237	0.6733	0.5000	0.8490	0.7429	0.5351	0.8069	33.6667	0.1268	2836.0000	768.0000	0.2708	2838.0000
238	0.6699	0.5000	0.8484	0.7393	0.5317	0.8058	33.5333	0.1276	2815.0000	777.0000	0.2760	2817.0000
239	0.6543	0.5000	0.8467	0.7611	0.5310	0.7981	34.0667	0.1349	2814.0000	795.0000	0.2825	2816.0000
240	0.6722	0.5000	0.8473	0.7390	0.5310	0.8034	33.9333	0.1259	2811.0000	774.0000	0.2753	2813.0000
241	0.6683	0.5000	0.8497	0.7529	0.5340	0.8046	33.7333	0.1292	2836.0000	774.0000	0.2729	2838.0000
242	0.6666	0.5000	0.8491	0.7457	0.5274	0.8035	33.8000	0.1248	2837.0000	775.0000	0.2732	2839.0000
243	0.6692	0.5000	0.8503	0.7546	0.5328	0.8036	33.6667	0.1259	2813.0000	768.0000	0.2730	2815.0000
244	0.6709	0.5000	0.8492	0.7452	0.5293	0.7994	33.9333	0.1314	2833.0000	785.0000	0.2771	2835.0000
245	0.6640	0.5000	0.8495	0.7443	0.5321	0.8022	33.8667	0.1295	2829.0000	761.0000	0.2690	2831.0000
246	0.6630	0.5000	0.8486	0.7333	0.5225	0.7970	33.6000	0.1334	2815.0000	787.0000	0.2796	2817.0000
247	0.6649	0.5000	0.8480	0.7392	0.5277	0.7958	33.8000	0.1321	2818.0000	790.0000	0.2803	2820.0000
248	0.6620	0.5000	0.8490	0.7452	0.5292	0.7976	33.8667	0.1321	2833.0000	798.0000	0.2817	2835.0000
249	0.6681	0.5000	0.8489	0.7660	0.5284	0.8080	33.9333	0.1289	2817.0000	768.0000	0.2726	2819.0000
250	0.6609	0.5000	0.8495	0.7542	0.5309	0.8005	33.7333	0.1285	2835.0000	790.0000	0.2787	2837.0000
251	0.6690	0.5000	0.8480	0.7554	0.5276	0.8045	33.8667	0.1294	2818.0000	774.0000	0.2747	2820.0000
252	0.6668	0.5000	0.8497	0.7449	0.5306	0.8003	33.7333	0.1317	2820.0000	774.0000	0.2745	2822.0000
253	0.6628	0.5000	0.8457	0.7351	0.5297	0.8003	34.0000	0.1291	2807.0000	790.0000	0.2814	2809.0000
254	0.6722	0.5000	0.8500	0.7501	0.5319	0.8036	33.9333	0.1260	2832.0000	773.0000	0.2730	2834.0000
255	0.6593	0.5000	0.8483	0.7419	0.5252	0.8006	34.0000	0.1305	2810.0000	785.0000	0.2794	2812.0000
256	0.6774	0.5000	0.8474	0.7422	0.5291	0.8020	33.4667	0.1261	2819.0000	784.0000	0.2781	2821.0000
257	0.6718	0.5000	0.8472	0.7504	0.5319	0.8083	33.8000	0.1255	2821.0000	754.0000	0.2673	2823.0000
258	0.6621	0.5000	0.8496	0.7510	0.5361	0.8027	34.0000	0.1289	2816.0000	775.0000	0.2752	2818.0000
259	0.6548	0.5000	0.8487	0.7466	0.5325	0.7948	33.8000	0.1336	2829.0000	795.0000	0.2810	2831.0000
260	0.6644	0.5000	0.8494	0.7568	0.5330	0.8040	33.5333	0.1275	2823.0000	777.0000	0.2752	2825.0000
261	0.6695	0.5000	0.8480	0.7405	0.5290	0.8100	33.6667	0.1198	2820.0000	763.0000	0.2706	2822.0000
262	0.6628	0.5000	0.8473	0.7316	0.5258	0.7910	33.7333	0.1358	2828.0000	811.0000	0.2868	2830.0000
263	0.6705	0.5000	0.8484	0.7531	0.5332	0.8074	33.5333	0.1278	2825.0000	768.0000	0.2719	2827.0000
264	0.6702	0.5000	0.8476	0.7448	0.5357	0.8054	33.8667	0.1226	2826.0000	769.0000	0.2721	2828.0000
265	0.6665	0.5000	0.8494	0.7452	0.5361	0.8063	33.8000	0.1229	2807.0000	766.0000	0.2729	2809.0000
266	0.6756	0.5000	0.8478	0.7340	0.5280	0.8039	33.9333	0.1269	2812.0000	781.0000	0.2777	2814.0000
267	0.6557	0.5000	0.8482	0.7387	0.5292	0.7961	33.8000	0.1321	2824.0000	788.0000	0.2790	2826.0000
268	0.6664	0.5000	0.8455	0.7342	0.5300	0.7955	33.8000	0.1297	2814.0000	796.0000	0.2829	2816.0000
269	0.6670	0.5000	0.8484	0.7382	0.5329	0.8043	33.8000	0.1263	2802.0000	759.0000	0.2709	2804.0000
270	0.6745	0.5000	0.8464	0.7533	0.5336	0.8085	33.8000	0.1225	2825.0000	758.0000	0.2683	2827.0000
271	0.6747	0.5000	0.8495	0.7503	0.5319	0.8041	33.8000	0.1280	2825.0000	772.0000	0.2733	2827.0000
272	0.6614	0.5000	0.8472	0.7560	0.5383	0.8085	33.6667	0.1220	2833.0000	761.0000	0.2686	2835.0000
273	0.6729	0.5000	0.8483	0.7506	0.5314	0.8064	33.6667	0.1263	2838.0000	763.0000	0.2689	2840.0000
274	0.6708	0.5000	0.8492	0.7499	0.5350	0.8045	33.8000	0.1278	2827.0000	770.0000	0.2724	2829.0000
275	0.6686	0.5000	0.8489	0.7392	0.5331	0.8027	33.6000	0.1260	2820.0000	763.0000	0.2706	2822.0000
276	0.6637	0.5000	0.8495	0.7317	0.5278	0.7994	34.0000	0.1300	2829.0000	784.0000	0.2771	2831.0000
277	0.6706	0.5000	0.8475	0.7438	0.5283	0.8037	33.9333	0.1234	2816.0000	769.0000	0.2731	2818.0000
278	0.6748	0.5000	0.8445	0.7512	0.5337	0.8053	33.7333	0.1243	2800.0000	765.0000	0.2732	2802.0000
279	0.6666	0.5000	0.8471	0.7494	0.5267	0.8016	34.0667	0.1315	2811.0000	791.0000	0.2814	2813.0000
280	0.6703	0.5000	0.8454	0.7500	0.5304	0.8084	33.7333	0.1255	2818.0000	766.0000	0.2718	2820.0000
281	0.6684	0.5000	0.8492	0.7432	0.5328	0.8084	33.6667	0.1225	2825.0000	775.0000	0.2743	2827.0000
282	0.6651	0.5000	0.8458	0.7498	0.5273	0.7968	33.8000	0.1327	2800.0000	790.0000	0.2821	2802.0000
283	0.6720	0.5000	0.8475	0.7493	0.5297	0.8085	33.8667	0.1211	2832.0000	770.0000	0.2719	2834.0000
284	0.6635	0.5000	0.8481	0.7435	0.5274	0.7979	33.7333	0.1300	2818.0000	778.0000	0.2761	2820.0000
285	0.6698	0.5000	0.8478	0.7414	0.5356	0.8112	33.8000	0.1212	2828.0000	766.0000	0.2709	2830.0000
286	0.6697	0.5000	0.8475	0.7487	0.5297	0.8074	34.1333	0.1256	2810.0000	782.0000	0.2783	2812.0000
287	0.6777	0.5000	0.8477	0.7430	0.5332	0.8086	33.8000	0.1205	2821.0000	766.0000	0.2715	2823.0000
288	0.6806	0.5000	0.8489	0.7469	0.5297	0.8141	33.7333	0.1197	2816.0000	764.0000	0.2713	2818.0000
289	0.6726	0.5000	0.8488	0.7389	0.5268	0.7947	33.6667	0.1356	2819.0000	801.0000	0.2841	2821.0000
290	0.6643	0.5000	0.8486	0.7548	0.5327	0.8101	33.5333	0.1227	2819.0000	762.0000	0.2703	2821.0000
291	0.6726	0.5000	0.8477	0.7474	0.5286	0.8025	33.6667	0.1291	2821.0000	778.0000	0.2758	2823.0000
292	0.6648	0.5000	0.8496	0.7512	0.5372	0.8110	33.8667	0.1212	2827.0000	764.0000	0.2703	2829.0000
293	0.6688	0.5000	0.8493	0.7513	0.5347	0.8060	33.4000	0.1257	2832.0000	758.0000	0.2677	2834.0000
294	0.6679	0.5000	0.8486	0.7498	0.5368	0.8007	34.0667	0.1313	2826.0000	773.0000	0.2735	2828.0000
295	0.6737	0.5000	0.8474	0.7481	0.5375	0.8095	34.0000	0.1224	2826.0000	769.0000	0.2721	2828.0000
296	0.6709	0.5000	0.8491	0.7462	0.5327	0.8044	33.8000	0.1261	2823.0000	776.0000	0.2749	2825.0000
297	0.6640	0.5000	0.8492	0.7492	0.5303	0.8046	34.0000	0.1274	2827.0000	777.0000	0.2748	2829.0000
298	0.6648	0.5000	0.8481	0.7438	0.5252	0.8019	33.6667	0.1264	2811.0000	768.0000	0.2732	2813.0000
299	0.6671	0.5000	0.8491	0.7417	0.5293	0.8083	33.9333	0.1215	2818.0000	772.0000	0.2740	2820.0000
300	0.6686	0.5000	0.8463	0.7462	0.5302	0.8026	33.7333	0.1258	2822.0000	772.0000	0.2736	2824.0000
301	0.6720	0.5000	0.8481	0.7445	0.5247	0.8030	33.6000	0.1315	2820.0000	778.0000	0.2759	2822.0000
302	0.6635	0.5000	0.8470	0.7375	0.5307	0.8014	33.6000	0.1276	2819.0000	787.0000	0.2792	2821.0000
303	0.6730	0.5000	0.8460	0.7500	0.5290	0.8080	33.6667	0.1225	2821.0000	752.0000	0.2666	2823.0000
304	0.6758	0.5000	0.8478	0.7457	0.5342	0.8082	33.8667	0.1220	2826.0000	763.0000	0.2700	2828.0000
305	0.6815	0.5000	0.8473	0.7493	0.5328	0.8112	33.8667	0.1229	2810.0000	761.0000	0.2708	2812.0000
306	0.6711	0.5000	0.8463	0.7429	0.5305	0.8043	33.4667	0.1273	2805.0000	769.0000	0.2742	2807.0000
307	0.6644	0.5000	0.8472	0.7534	0.5320	0.8026	33.8000	0.1263	2829.0000	766.0000	0.2708	2831.0000
308	0.6781	0.5000	0.8492	0.7452	0.5333	0.8097	33.6667	0.1229	2820.0000	761.0000	0.2699	2822.0000
309	0.6705	0.5000	0.8482	0.7476	0.5327	0.8087	33.9333	0.1247	2818.0000	753.0000	0.2672	2820.0000
310	0.6706	0.5000	0.8493	0.7463	0.5384	0.8094	33.7333	0.1205	2828.0000	755.0000	0.2670	2830.0000
311	0.6666	0.5000	0.8478	0.7461	0.5355	0.8080	33.8000	0.1240	2831.0000	766.0000	0.2706	2833.0000
312	0.6803	0.5000	0.8473	0.7489	0.5392	0.8121	33.6667	0.1208	2829.0000	760.0000	0.2686	2831.0000
313	0.6562	0.5000	0.8466	0.7432	0.5301	0.7985	33.7333	0.1315	2817.0000	781.0000	0.2772	2819.0000
314	0.6613	0.5000	0.8496	0.7540	0.5417	0.8098	33.3333	0.1217	2815.0000	753.0000	0.2675	2817.0000
315	0.6706	0.5000	0.8494	0.7485	0.5293	0.8075	33.8000	0.1290	2828.0000	759.0000	0.2684	2830.0000
316	0.6689	0.5000	0.8471	0.7446	0.5232	0.8057	33.6667	0.1306	2813.0000	778.0000	0.2766	2815.0000
317	0.6727	0.5000	0.8463	0.7337	0.5297	0.8053	33.7333	0.1221	2820.0000	759.0000	0.2691	2822.0000
318	0.6684	0.5000	0.8458	0.7519	0.5340	0.8042	33.6000	0.1266	2829.0000	768.0000	0.2715	2831.0000
319	0.6685	0.5000	0.8479	0.7400	0.5335	0.8029	33.4667	0.1263	2820.0000	780.0000	0.2766	2822.0000
320	0.6731	0.5000	0.8468	0.7475	0.5279	0.8047	33.6000	0.1256	2812.0000	789.0000	0.2806	2814.0000
321	0.6629	0.5000	0.8466	0.7446	0.5310	0.7970	33.6667	0.1298	2829.0000	791.0000	0.2796	2831.0000
322	0.6790	0.5000	0.8478	0.7412	0.5370	0.8081	34.0000	0.1201	2815.0000	763.0000	0.2710	2817.0000
323	0.6750	0.5000	0.8474	0.7363	0.5260	0.8036	33.7333	0.1270	2808.0000	780.0000	0.2778	2810.0000
324	0.6693	0.5000	0.8488	0.7392	0.5286	0.7983	34.0000	0.1345	2830.0000	790.0000	0.2792	2832.0000
325	0.6664	0.5000	0.8479	0.7458	0.5383	0.8030	33.9333	0.1271	2823.0000	767.0000	0.2717	2825.0000
326	0.6668	0.5000	0.8476	0.7324	0.5264	0.8012	33.5333	0.1268	2830.0000	794.0000	0.2806	2832.0000
327	0.6679	0.5000	0.8478	0.7449	0.5326	0.8052	34.0667	0.1241	2828.0000	768.0000	0.2716	2830.0000
328	0.6646	0.5000	0.8464	0.7390	0.5351	0.8075	34.0667	0.1236	2825.0000	766.0000	0.2712	2827.0000
329	0.6682	0.5000	0.8477	0.7395	0.5257	0.8102	33.9333	0.1213	2816.0000	779.0000	0.2766	2818.0000
330	0.6765	0.5000	0.8493	0.7379	0.5264	0.7994	33.6667	0.1281	2824.0000	787.0000	0.2787	2826.0000
331	0.6557	0.5000	0.8450	0.7388	0.5295	0.7946	33.7333	0.1336	2827.0000	798.0000	0.2823	2829.0000
332	0.6689	0.5000	0.8486	0.7477	0.5328	0.8054	33.6667	0.1273	2826.0000	772.0000	0.2732	2828.0000
333	0.6717	0.5000	0.8464	0.7445	0.5329	0.8101	33.8667	0.1225	2817.0000	767.0000	0.2723	2819.0000
334	0.6730	0.5000	0.8474	0.7433	0.5339	0.8048	34.0000	0.1242	2815.0000	765.0000	0.2718	2817.0000
335	0.6647	0.5000	0.8476	0.7466	0.5325	0.8014	33.8667	0.1304	2827.0000	774.0000	0.2738	2829.0000
336	0.6790	0.5000	0.8474	0.7479	0.5313	0.8136	33.8000	0.1195	2823.0000	750.0000	0.2657	2825.0000
337	0.6730	0.5000	0.8464	0.7473	0.5335	0.8098	33.6000	0.1225	2816.0000	759.0000	0.2695	2818.0000
338	0.6559	0.5000	0.8479	0.7501	0.5332	0.8086	33.6000	0.1196	2827.0000	762.0000	0.2695	2829.0000
339	0.6648	0.5000	0.8479	0.7344	0.5305	0.7994	33.6000	0.1286	2816.0000	777.0000	0.2759	2818.0000
340	0.6653	0.5000	0.8480	0.7465	0.5349	0.7997	33.8000	0.1296	2817.0000	777.0000	0.2758	2819.0000
341	0.6644	0.5000	0.8455	0.7473	0.5337	0.8074	33.7333	0.1246	2819.0000	757.0000	0.2685	2821.0000
342	0.6621	0.5000	0.8473	0.7397	0.5265	0.8026	33.8667	0.1251	2836.0000	780.0000	0.2750	2838.0000
343	0.6732	0.5000	0.8468	0.7432	0.5291	0.8040	33.7333	0.1265	2818.0000	764.0000	0.2711	2820.0000
344	0.6681	0.5000	0.8487	0.7466	0.5379	0.8084	34.0000	0.1212	2828.0000	766.0000	0.2709	2830.0000
345	0.6595	0.5000	0.8495	0.7470	0.5308	0.7982	33.7333	0.1345	2824.0000	779.0000	0.2758	2826.0000
346	0.6761	0.5000	0.8476	0.7479	0.5281	0.8059	34.0000	0.1267	2819.0000	772.0000	0.2739	2821.0000
347	0.6707	0.5000	0.8475	0.7512	0.5390	0.8082	33.8000	0.1246	2807.0000	755.0000	0.2690	2809.0000
348	0.6680	0.5000	0.8484	0.7476	0.5333	0.8033	33.6000	0.1255	2824.0000	773.0000	0.2737	2826.0000
349	0.6637	0.5000	0.8479	0.7402	0.5317	0.8062	33.6667	0.1245	2805.0000	771.0000	0.2749	2807.0000
350	0.6605	0.5000	0.8470	0.7407	0.5342	0.8027	33.5333	0.1235	2819.0000	768.0000	0.2724	2821.0000
351	0.6666	0.5000	0.8481	0.7387	0.5346	0.8009	33.4000	0.1278	2834.0000	780.0000	0.2752	2836.0000
352	0.6726	0.5000	0.8505	0.7410	0.5339	0.8018	33.7333	0.1307	2821.0000	773.0000	0.2740	2823.0000
353	0.6601	0.5000	0.8493	0.7475	0.5346	0.7984	33.7333	0.1349	2841.0000	789.0000	0.2777	2843.0000
354	0.6641	0.5000	0.8473	0.7421	0.5339	0.7978	33.5333	0.1317	2809.0000	777.0000	0.2766	2811.0000
355	0.6739	0.5000	0.8451	0.7437	0.5285	0.7973	33.6000	0.1330	2806.0000	788.0000	0.2808	2808.0000
356	0.6628	0.5000	0.8478	0.7473	0.5312	0.8028	33.6667	0.1285	2812.0000	771.0000	0.2742	2814.0000
357	0.6709	0.5000	0.8497	0.7455	0.5277	0.8099	33.7333	0.1250	2825.0000	764.0000	0.2704	2827.0000
358	0.6751	0.5000	0.8468	0.7366	0.5246	0.7982	33.8000	0.1301	2834.0000	779.0000	0.2749	2836.0000
359	0.6660	0.5000	0.8493	0.7446	0.5276	0.8017	33.6000	0.1276	2820.0000	772.0000	0.2738	2822.0000
360	0.6705	0.5000	0.8487	0.7491	0.5269	0.8001	33.8667	0.1281	2835.0000	773.0000	0.2727	2837.0000
361	0.6580	0.5000	0.8485	0.7389	0.5303	0.7906	33.8000	0.1352	2829.0000	801.0000	0.2831	2831.0000
362	0.6768	0.5000	0.8475	0.7465	0.5391	0.8108	33.8000	0.1217	2819.0000	750.0000	0.2661	2821.0000
363	0.6733	0.5000	0.8488	0.7494	0.5329	0.8087	33.8667	0.1227	2824.0000	751.0000	0.2659	2826.0000
364	0.6695	0.5000	0.8463	0.7452	0.5326	0.8064	33.8000	0.1215	2819.0000	768.0000	0.2724	2821.0000
365	0.6769	0.5000	0.8498	0.7569	0.5370	0.8121	33.7333	0.1215	2830.0000	762.0000	0.2693	2832.0000
366	0.6700	0.5000	0.8483	0.7476	0.5292	0.8027	33.7333	0.1293	2816.0000	778.0000	0.2763	2818.0000
367	0.6600	0.5000	0.8487	0.7436	0.5365	0.8036	33.8000	0.1245	2814.0000	768.0000	0.2729	2816.0000
368	0.6794	0.5000	0.8486	0.7439	0.5314	0.8063	33.7333	0.1253	2822.0000	762.0000	0.2700	2824.0000
369	0.6718	0.5000	0.8461	0.7428	0.5260	0.8023	33.9333	0.1279	2840.0000	784.0000	0.2761	2842.0000
370	0.6694	0.5000	0.8490	0.7373	0.5304	0.8068	33.8000	0.1238	2829.0000	765.0000	0.2704	2831.0000
371	0.6622	0.5000	0.8465	0.7564	0.5369	0.7997	33.8667	0.1293	2814.0000	770.0000	0.2736	2817.0000
372	0.6661	0.5000	0.8482	0.7493	0.5259	0.8022	33.6000	0.1294	2827.0000	771.0000	0.2727	2829.0000
373	0.6724	0.5000	0.8474	0.7537	0.5368	0.8115	33.4667	0.1213	2822.0000	757.0000	0.2682	2824.0000
374	0.6709	0.5000	0.8466	0.7414	0.5284	0.7957	33.8667	0.1318	2824.0000	787.0000	0.2787	2826.0000
375	0.6725	0.5000	0.8491	0.7568	0.5334	0.8066	33.7333	0.1232	2810.0000	768.0000	0.2733	2812.0000
376	0.6775	0.5000	0.8486	0.7397	0.5278	0.8003	33.9333	0.1313	2829.0000	785.0000	0.2775	2831.0000
377	0.6693	0.5000	0.8476	0.7516	0.5377	0.8012	33.4667	0.1313	2816.0000	756.0000	0.2685	2818.0000
378	0.6736	0.5000	0.8483	0.7507	0.5301	0.8096	33.8000	0.1238	2820.0000	754.0000	0.2674	2822.0000
379	0.6651	0.5000	0.8478	0.7438	0.5245	0.8086	34.1333	0.1244	2813.0000	765.0000	0.2720	2815.0000
380	0.6719	0.5000	0.8473	0.7410	0.5325	0.8094	33.7333	0.1231	2819.0000	760.0000	0.2696	2821.0000
381	0.6619	0.5000	0.8487	0.7372	0.5302	0.7996	33.8667	0.1306	2819.0000	778.0000	0.2760	2821.0000
382	0.6656	0.5000	0.8467	0.7379	0.5245	0.7946	33.6667	0.1299	2827.0000	793.0000	0.2805	2829.0000
383	0.6579	0.5000	0.8482	0.7371	0.5382	0.7988	33.7333	0.1325	2828.0000	779.0000	0.2755	2830.0000
384	0.6575	0.5000	0.8495	0.7318	0.5240	0.7986	33.8667	0.1324	2818.0000	787.0000	0.2793	2820.0000
385	0.6591	0.5000	0.8495	0.7453	0.5372	0.8023	33.8667	0.1281	2832.0000	777.0000	0.2744	2834.0000
386	0.6655	0.5000	0.8477	0.7484	0.5242	0.7947	33.4000	0.1379	2809.0000	792.0000	0.2820	2811.0000
387	0.6631	0.5000	0.8480	0.7532	0.5340	0.8052	34.0000	0.1270	2823.0000	758.0000	0.2685	2825.0000
388	0.6686	0.5000	0.8483	0.7498	0.5325	0.8077	34.0667	0.1252	2815.0000	754.0000	0.2679	2817.0000
389	0.6658	0.5000	0.8486	0.7475	0.5319	0.7995	34.0000	0.1284	2831.0000	792.0000	0.2798	2833.0000
390	0.6687	0.5000	0.8502	0.7483	0.5327	0.8062	33.7333	0.1259	2825.0000	768.0000	0.2719	2827.0000
391	0.6586	0.5000	0.8484	0.7374	0.5335	0.8051	33.5333	0.1242	2822.0000	785.0000	0.2782	2824.0000
392	0.6691	0.5000	0.8483	0.7517	0.5297	0.8081	33.6000	0.1244	2816.0000	761.0000	0.2702	2818.0000
393	0.6663	0.5000	0.8492	0.7493	0.5388	0.8054	33.7333	0.1267	2818.0000	771.0000	0.2736	2820.0000
394	0.6744	0.5000	0.8481	0.7607	0.5335	0.8143	33.8000	0.1185	2831.0000	754.0000	0.2663	2833.0000
395	0.6668	0.5000	0.8482	0.7432	0.5317	0.8026	33.7333	0.1286	2824.0000	781.0000	0.2766	2826.0000
396	0.6734	0.5000	0.8498	0.7449	0.5267	0.8042	33.6667	0.1248	2832.0000	775.0000	0.2737	2834.0000
397	0.6620	0.5000	0.8488	0.7506	0.5314	0.8008	33.8667	0.1315	2825.0000	783.0000	0.2772	2827.0000
398	0.6686	0.5000	0.8488	0.7421	0.5315	0.8052	33.6667	0.1237	2821.0000	767.0000	0.2719	2823.0000
399	0.6664	0.5000	0.8487	0.7371	0.5341	0.8005	33.8667	0.1301	2816.0000	778.0000	0.2763	2818.0000
400	0.6729	0.5000	0.8477	0.7543	0.5381	0.8125	33.8000	0.1197	2820.0000	749.0000	0.2656	2822.0000
401	0.6648	0.5000	0.8499	0.7537	0.5367	0.8048	33.8667	0.1283	2821.0000	769.0000	0.2726	2823.0000
402	0.6648	0.5000	0.8491	0.7431	0.5271	0.8003	34.0000	0.1349	2832.0000	784.0000	0.2768	2834.0000
403	0.6676	0.5000	0.8490	0.7452	0.5352	0.8007	33.6000	0.1276	2823.0000	767.0000	0.2717	2825.0000
404	0.6732	0.5000	0.8489	0.7368	0.5277	0.8010	33.8667	0.1272	2824.0000	780.0000	0.2762	2826.0000
405	0.6696	0.5000	0.8479	0.7439	0.5314	0.7996	33.9333	0.1316	2811.0000	786.0000	0.2796	2813.0000
406	0.6727	0.5000	0.8501	0.7452	0.5336	0.8115	33.6000	0.1171	2826.0000	765.0000	0.2707	2828.0000
407	0.6678	0.5000	0.8491	0.7410	0.5273	0.8030	33.6667	0.1295	2820.0000	778.0000	0.2759	2822.0000
408	0.6724	0.5000	0.8494	0.7425	0.5275	0.8023	33.8667	0.1280	2820.0000	788.0000	0.2794	2822.0000
409	0.6582	0.5000	0.8482	0.7314	0.5258	0.7934	34.0667	0.1361	2826.0000	798.0000	0.2824	2828.0000
410	0.6680	0.5000	0.8481	0.7452	0.5326	0.8000	33.4667	0.1321	2818.0000	774.0000	0.2747	2820.0000
411	0.6646	0.5000	0.8484	0.7487	0.5307	0.8035	34.1333	0.1261	2815.0000	781.0000	0.2774	2817.0000
412	0.6613	0.5000	0.8475	0.7427	0.5288	0.7997	34.0667	0.1300	2820.0000	785.0000	0.2784	2822.0000
413	0.6642	0.5000	0.8464	0.7513	0.5320	0.8047	33.5333	0.1264	2809.0000	762.0000	0.2713	2811.0000
414	0.6634	0.5000	0.8469	0.7409	0.5341	0.8034	33.8667	0.1247	2819.0000	782.0000	0.2774	2821.0000
415	0.6634	0.5000	0.8473	0.7418	0.5324	0.7988	33.6667	0.1284	2817.0000	781.0000	0.2772	2819.0000
416	0.6690	0.5000	0.8498	0.7429	0.5380	0.8041	33.9333	0.1248	2830.0000	772.0000	0.2728	2832.0000
417	0.6748	0.5000	0.8480	0.7373	0.5293	0.8078	33.5333	0.1220	2835.0000	766.0000	0.2702	2837.0000
418	0.6619	0.5000	0.8440	0.7509	0.5365	0.8024	33.6667	0.1235	2809.0000	768.0000	0.2734	2811.0000
419	0.6709	0.5000	0.8486	0.7479	0.5254	0.7999	34.1333	0.1326	2816.0000	784.0000	0.2784	2818.0000
420	0.6753	0.5000	0.8501	0.7418	0.5334	0.8085	33.3333	0.1240	2830.0000	770.0000	0.2721	2832.0000
421	0.6617	0.5000	0.8487	0.7428	0.5326	0.8044	34.0667	0.1279	2815.0000	775.0000	0.2753	2817.0000
422	0.6690	0.5000	0.8484	0.7484	0.5326	0.8056	33.7333	0.1268	2824.0000	774.0000	0.2741	2826.0000
423	0.6730	0.5000	0.8465	0.7477	0.5261	0.8056	33.9333	0.1270	2818.0000	765.0000	0.2715	2820.0000
424	0.6612	0.5000	0.8486	0.7445	0.5304	0.8046	33.7333	0.1248	2828.0000	798.0000	0.2822	2830.0000
425	0.6641	0.5000	0.8476	0.7483	0.5327	0.8013	34.0000	0.1308	2816.0000	762.0000	0.2706	2818.0000
426	0.6699	0.5000	0.8460	0.7511	0.5269	0.8022	33.5333	0.1292	2815.0000	763.0000	0.2710	2817.0000
427	0.6592	0.5000	0.8452	0.7500	0.5342	0.8064	33.4667	0.1241	2814.0000	766.0000	0.2722	2816.0000
428	0.6616	0.5000	0.8502	0.7458	0.5349	0.8029	33.8667	0.1293	2833.0000	784.0000	0.2767	2835.0000
429	0.6714	0.5000	0.8486	0.7476	0.5277	0.8103	33.4667	0.1227	2818.0000	749.0000	0.2658	2820.0000
430	0.6674	0.5000	0.8494	0.7511	0.5274	0.8058	33.8000	0.1257	2808.0000	784.0000	0.2792	2810.0000
431	0.6751	0.5000	0.8493	0.7368	0.5266	0.8006	33.7333	0.1290	2845.0000	776.0000	0.2728	2847.0000
432	0.6751	0.5000	0.8472	0.7501	0.5313	0.8041	33.8667	0.1249	2829.0000	760.0000	0.2686	2831.0000
433	0.6643	0.5000	0.8489	0.7473	0.5311	0.8011	33.6000	0.1298	2818.0000	787.0000	0.2793	2820.0000
434	0.6778	0.5000	0.8478	0.7516	0.5379	0.8083	33.4667	0.1235	2812.0000	755.0000	0.2685	2814.0000
435	0.6661	0.5000	0.8491	0.7418	0.5290	0.8028	33.6000	0.1271	2824.0000	785.0000	0.2780	2826.0000
436	0.6727	0.5000	0.8497	0.7469	0.5271	0.8040	33.7333	0.1297	2825.0000	776.0000	0.2747	2827.0000
437	0.6724	0.5000	0.8481	0.7436	0.5299	0.8086	33.6000	0.1245	2819.0000	763.0000	0.2707	2821.0000
438	0.6694	0.5000	0.8456	0.7465	0.5291	0.8005	33.6667	0.1290	2828.0000	795.0000	0.2811	2830.0000
439	0.6697	0.5000	0.8487	0.7539	0.5332	0.8030	33.8000	0.1238	2831.0000	784.0000	0.2769	2833.0000
440	0.6672	0.5000	0.8481	0.7461	0.5316	0.8103	33.7333	0.1218	2820.0000	759.0000	0.2691	2822.0000
441	0.6630	0.5000	0.8483	0.7488	0.5325	0.8002	33.6667	0.1286	2839.0000	782.0000	0.2754	2841.0000
442	0.6585	0.5000	0.8492	0.7385	0.5263	0.7948	33.7333	0.1332	2828.0000	804.0000	0.2843	2830.0000
443	0.6746	0.5000	0.8491	0.7463	0.5311	0.8069	33.7333	0.1242	2817.0000	766.0000	0.2719	2819.0000
444	0.6652	0.5000	0.8473	0.7431	0.5328	0.8060	33.7333	0.1248	2822.0000	764.0000	0.2707	2824.0000
445	0.6731	0.5000	0.8449	0.7359	0.5270	0.8039	33.7333	0.1242	2810.0000	765.0000	0.2722	2812.0000
446	0.6745	0.5000	0.8478	0.7574	0.5325	0.8079	33.8667	0.1285	2802.0000	743.0000	0.2652	2804.0000
447	0.6765	0.5000	0.8486	0.7467	0.5315	0.8142	33.5333	0.1172	2815.0000	754.0000	0.2679	2817.0000
448	0.6690	0.5000	0.8500	0.7444	0.5342	0.8082	33.9333	0.1221	2813.0000	757.0000	0.2691	2815.0000
449	0.6739	0.5000	0.8479	0.7446	0.5349	0.8041	33.6667	0.1259	2828.0000	766.0000	0.2709	2830.0000
450	0.6611	0.5000	0.8450	0.7496	0.5262	0.7977	34.2000	0.1306	2816.0000	796.0000	0.2827	2818.0000
451	0.6740	0.5000	0.8494	0.7640	0.5334	0.8136	33.8000	0.1199	2816.0000	752.0000	0.2670	2818.0000
452	0.6765	0.5000	0.8483	0.7472	0.5271	0.8060	34.0000	0.1294	2814.0000	755.0000	0.2683	2816.0000
453	0.6639	0.5000	0.8490	0.7532	0.5326	0.8044	34.0000	0.1249	2825.0000	769.0000	0.2722	2827.0000
454	0.6726	0.5000	0.8474	0.7466	0.5284	0.8015	33.7333	0.1289	2813.0000	775.0000	0.2755	2815.0000
455	0.6715	0.5000	0.8483	0.7377	0.5265	0.7986	33.6667	0.1323	2830.0000	795.0000	0.2809	2832.0000
456	0.6720	0.5000	0.8459	0.7426	0.5306	0.8031	33.6667	0.1258	2822.0000	768.0000	0.2721	2824.0000
457	0.6739	0.5000	0.8488	0.7429	0.5288	0.8016	33.6667	0.1299	2827.0000	781.0000	0.2763	2829.0000
458	0.6835	0.5000	0.8480	0.7485	0.5356	0.8151	34.0000	0.1169	2805.0000	748.0000	0.2667	2807.0000
459	0.6700	0.5000	0.8489	0.7534	0.5330	0.8136	33.6667	0.1209	2830.0000	762.0000	0.2693	2832.0000
460	0.6552	0.5000	0.8483	0.7551	0.5331	0.8008	33.5333	0.1289	2824.0000	774.0000	0.2741	2826.0000
461	0.6708	0.5000	0.8481	0.7468	0.5324	0.8046	33.8000	0.1263	2830.0000	769.0000	0.2717	2832.0000
462	0.6620	0.5000	0.8474	0.7341	0.5256	0.7989	34.1333	0.1272	2805.0000	779.0000	0.2777	2807.0000
463	0.6634	0.5000	0.8490	0.7444	0.5322	0.7989	33.7333	0.1302	2826.0000	784.0000	0.2774	2828.0000
464	0.6637	0.5000	0.8473	0.7419	0.5342	0.7997	33.8000	0.1295	2819.0000	779.0000	0.2763	2821.0000
465	0.6576	0.5000	0.8487	0.7444	0.5338	0.8034	33.8667	0.1284	2832.0000	780.0000	0.2754	2834.0000
466	0.6664	0.5000	0.8490	0.7436	0.5321	0.8027	33.7333	0.1282	2823.0000	780.0000	0.2763	2825.0000
467	0.6791	0.5000	0.8491	0.7370	0.5273	0.8075	33.6667	0.1226	2823.0000	759.0000	0.2689	2825.0000
468	0.6707	0.5000	0.8497	0.7429	0.5362	0.8049	33.8000	0.1274	2841.0000	777.0000	0.2735	2843.0000
469	0.6734	0.5000	0.8466	0.7440	0.5268	0.8007	33.8667	0.1291	2822.0000	774.0000	0.2743	2824.0000
470	0.6634	0.5000	0.8452	0.7402	0.5337	0.8000	33.8000	0.1311	2794.0000	782.0000	0.2799	2796.0000
471	0.6664	0.5000	0.8487	0.7424	0.5346	0.8060	33.6667	0.1270	2839.0000	775.0000	0.2730	2841.0000
472	0.6625	0.5000	0.8490	0.7442	0.5307	0.7995	33.7333	0.1284	2816.0000	784.0000	0.2784	2818.0000
473	0.6792	0.5000	0.8490	0.7434	0.5301	0.8133	33.8667	0.1183	2835.0000	754.0000	0.2660	2837.0000
474	0.6738	0.5000	0.8474	0.7472	0.5336	0.8031	33.7333	0.1301	2829.0000	773.0000	0.2732	2831.0000
475	0.6636	0.5000	0.8490	0.7451	0.5273	0.7997	33.6000	0.1304	2825.0000	786.0000	0.2782	2827.0000
476	0.6703	0.5000	0.8490	0.7549	0.5352	0.8047	33.6000	0.1281	2822.0000	765.0000	0.2711	2824.0000
477	0.6637	0.5000	0.8468	0.7355	0.5211	0.7947	33.8000	0.1308	2821.0000	800.0000	0.2836	2823.0000
478	0.6659	0.5000	0.8481	0.7533	0.5320	0.8077	33.9333	0.1274	2828.0000	756.0000	0.2673	2830.0000
479	0.6814	0.5000	0.8471	0.7521	0.5299	0.8071	33.9333	0.1294	2834.0000	774.0000	0.2731	2836.0000
480	0.6539	0.5000	0.8496	0.7396	0.5261	0.7970	33.6667	0.1315	2821.0000	787.0000	0.2790	2823.0000
481	0.6643	0.5000	0.8470	0.7458	0.5399	0.8040	33.9333	0.1252	2820.0000	772.0000	0.2738	2822.0000
482	0.6671	0.5000	0.8470	0.7387	0.5303	0.7996	33.6667	0.1284	2825.0000	783.0000	0.2772	2827.0000
483	0.6673	0.5000	0.8486	0.7368	0.5268	0.8027	33.8000	0.1254	2818.0000	769.0000	0.2729	2820.0000
484	0.6598	0.5000	0.8488	0.7455	0.5331	0.8008	33.7333	0.1265	2831.0000	792.0000	0.2798	2833.0000
485	0.6568	0.5000	0.8475	0.7347	0.5313	0.7911	33.8000	0.1329	2819.0000	796.0000	0.2824	2821.0000
486	0.6573	0.5000	0.8484	0.7471	0.5330	0.8029	33.8000	0.1285	2822.0000	778.0000	0.2757	2824.0000
487	0.6670	0.5000	0.8496	0.7492	0.5343	0.8069	33.7333	0.1253	2817.0000	766.0000	0.2719	2819.0000
488	0.6648	0.5000	0.8479	0.7489	0.5352	0.7997	33.8000	0.1296	2826.0000	772.0000	0.2732	2828.0000
489	0.6590	0.5000	0.8484	0.7448	0.5332	0.7947	33.6667	0.1319	2810.0000	774.0000	0.2754	2812.0000
490	0.6671	0.5000	0.8494	0.7466	0.5334	0.8094	33.5333	0.1250	2818.0000	772.0000	0.2740	2820.0000
491	0.6711	0.5000	0.8494	0.7464	0.5287	0.8047	33.6667	0.1291	2816.0000	767.0000	0.2724	2818.0000
492	0.6732	0.5000	0.8473	0.7575	0.5260	0.7988	33.8667	0.1332	2814.0000	781.0000	0.2775	2816.0000
493	0.6770	0.5000	0.8495	0.7452	0.5363	0.8055	33.7333	0.1240	2828.0000	774.0000	0.2737	2830.0000
494	0.6634	0.5000	0.8482	0.7475	0.5290	0.8001	33.9333	0.1295	2816.0000	773.0000	0.2745	2818.0000
495	0.6717	0.5000	0.8488	0.7418	0.5282	0.8066	33.6000	0.1256	2815.0000	758.0000	0.2693	2817.0000
496	0.6684	0.5000	0.8457	0.7487	0.5273	0.8006	33.8000	0.1288	2826.0000	792.0000	0.2803	2828.0000
497	0.6669	0.5000	0.8493	0.7494	0.5328	0.8025	33.7333	0.1313	2823.0000	785.0000	0.2781	2825.0000
498	0.6747	0.5000	0.8478	0.7554	0.5332	0.8133	33.6667	0.1174	2828.0000	757.0000	0.2677	2830.0000
499	0.6631	0.5000	0.8450	0.7339	0.5296	0.7943	33.8667	0.1307	2818.0000	794.0000	0.2818	2820.0000
500	0.6714	0.5000	0.8480	0.7528	0.5331	0.8112	33.8000	0.1216	2825.0000	760.0000	0.2690	2827.0000
501	0.6687	0.5000	0.8486	0.7499	0.5340	0.8042	33.7333	0.1249	2831.0000	768.0000	0.2713	2833.0000
502	0.6653	0.5000	0.8483	0.7482	0.5382	0.8027	33.9333	0.1263	2837.0000	769.0000	0.2711	2839.0000
503	0.6623	0.5000	0.8492	0.7396	0.5359	0.7988	33.6667	0.1272	2810.0000	773.0000	0.2751	2812.0000
504	0.6765	0.5000	0.8489	0.7429	0.5292	0.8086	33.5333	0.1214	2837.0000	772.0000	0.2721	2839.0000
505	0.6581	0.5000	0.8501	0.7445	0.5334	0.7975	33.7333	0.1313	2835.0000	786.0000	0.2772	2837.0000
506	0.6664	0.5000	0.8454	0.7387	0.5260	0.8048	33.4667	0.1256	2819.0000	779.0000	0.2763	2821.0000
507	0.6717	0.5000	0.8487	0.7433	0.5345	0.8078	33.8000	0.1229	2821.0000	759.0000	0.2691	2823.0000
508	0.6633	0.5000	0.8499	0.7556	0.5331	0.8031	33.8667	0.1309	2810.0000	774.0000	0.2754	2812.0000
509	0.6668	0.5000	0.8476	0.7489	0.5313	0.8027	33.4667	0.1292	2828.0000	776.0000	0.2744	2831.0000
510	0.6726	0.5000	0.8479	0.7429	0.5296	0.8005	33.7333	0.1319	2801.0000	764.0000	0.2728	2803.0000
511	0.6698	0.5000	0.8497	0.7562	0.5289	0.8078	33.7333	0.1215	2811.0000	748.0000	0.2661	2813.0000
512	0.6770	0.5000	0.8499	0.7521	0.5345	0.8089	34.1333	0.1246	2828.0000	754.0000	0.2666	2830.0000
513	0.6664	0.5000	0.8489	0.7444	0.5311	0.8027	33.8000	0.1244	2817.0000	781.0000	0.2772	2819.0000
514	0.6761	0.5000	0.8477	0.7511	0.5285	0.8058	33.5333	0.1268	2811.0000	761.0000	0.2707	2813.0000
515	0.6668	0.5000	0.8488	0.7363	0.5299	0.7998	33.4667	0.1318	2827.0000	788.0000	0.2787	2829.0000
516	0.6653	0.5000	0.8470	0.7399	0.5309	0.8008	33.6000	0.1284	2821.0000	781.0000	0.2769	2823.0000
517	0.6614	0.5000	0.8492	0.7549	0.5355	0.7958	33.6667	0.1379	2798.0000	768.0000	0.2745	2800.0000
518	0.6671	0.5000	0.8492	0.7437	0.5305	0.7942	33.6667	0.1332	2835.0000	792.0000	0.2794	2837.0000
519	0.6753	0.5000	0.8496	0.7467	0.5298	0.8059	33.9333	0.1254	2816.0000	763.0000	0.2710	2818.0000
520	0.6630	0.5000	0.8467	0.7395	0.5288	0.8020	34.0000	0.1301	2824.0000	763.0000	0.2702	2826.0000
521	0.6844	0.5000	0.8463	0.7403	0.5299	0.8072	33.6667	0.1205	2820.0000	755.0000	0.2677	2822.0000
522	0.6767	0.5000	0.8444	0.7444	0.5346	0.8020	33.7333	0.1265	2814.0000	774.0000	0.2751	2816.0000
523	0.6704	0.5000	0.8483	0.7493	0.5310	0.8101	33.4667	0.1188	2830.0000	759.0000	0.2682	2832.0000
524	0.6698	0.5000	0.8480	0.7378	0.5274	0.8000	33.6000	0.1271	2828.0000	784.0000	0.2772	2830.0000
525	0.6634	0.5000	0.8497	0.7538	0.5300	0.8032	33.8000	0.1295	2831.0000	775.0000	0.2738	2833.0000
526	0.6702	0.5000	0.8498	0.7536	0.5280	0.8051	33.9333	0.1287	2813.0000	772.0000	0.2744	2815.0000
527	0.6693	0.5000	0.8485	0.7391	0.5279	0.8047	33.8000	0.1250	2811.0000	772.0000	0.2746	2813.0000
528	0.6611	0.5000	0.8495	0.7448	0.5336	0.8014	33.8667	0.1289	2827.0000	783.0000	0.2770	2829.0000
529	0.6620	0.5000	0.8495	0.7558	0.5343	0.8017	33.6667	0.1282	2832.0000	785.0000	0.2772	2834.0000
530	0.6639	0.5000	0.8480	0.7430	0.5297	0.7979	33.6667	0.1305	2824.0000	780.0000	0.2762	2826.0000
531	0.6661	0.5000	0.8492	0.7540	0.5383	0.8091	33.8000	0.1252	2818.0000	760.0000	0.2697	2820.0000
532	0.6704	0.5000	0.8484	0.7482	0.5346	0.8033	33.7333	0.1285	2820.0000	773.0000	0.2741	2822.0000
533	0.6698	0.5000	0.8501	0.7501	0.5358	0.8084	33.6000	0.1254	2822.0000	754.0000	0.2672	2824.0000
534	0.6537	0.5000	0.8457	0.7392	0.5312	0.7941	34.0000	0.1335	2812.0000	792.0000	0.2817	2814.0000
535	0.6708	0.5000	0.8466	0.7368	0.5283	0.7973	34.0667	0.1341	2803.0000	783.0000	0.2793	2805.0000
536	0.6714	0.5000	0.8480	0.7478	0.5335	0.8061	33.6667	0.1265	2809.0000	764.0000	0.2720	2811.0000
537	0.6650	0.5000	0.8490	0.7441	0.5299	0.8005	33.6000	0.1278	2816.0000	788.0000	0.2798	2818.0000
538	0.6726	0.5000	0.8453	0.7471	0.5271	0.8031	33.8667	0.1298	2826.0000	771.0000	0.2728	2828.0000
539	0.6676	0.5000	0.8476	0.7452	0.5346	0.8007	33.8000	0.1297	2805.0000	775.0000	0.2763	2807.0000
540	0.6729	0.5000	0.8447	0.7446	0.5381	0.8068	33.6000	0.1220	2801.0000	760.0000	0.2713	2803.0000
541	0.6687	0.5000	0.8494	0.7566	0.5328	0.8086	33.6667	0.1238	2829.0000	768.0000	0.2715	2831.0000
542	0.6680	0.5000	0.8476	0.7329	0.5288	0.7991	33.6667	0.1264	2822.0000	777.0000	0.2753	2824.0000
543	0.6671	0.5000	0.8492	0.7529	0.5350	0.8027	33.8667	0.1298	2823.0000	768.0000	0.2721	2825.0000
544	0.6688	0.5000	0.8492	0.7426	0.5326	0.8077	33.7333	0.1237	2819.0000	774.0000	0.2746	2821.0000
545	0.6638	0.5000	0.8493	0.7429	0.5297	0.8000	33.8000	0.1278	2836.0000	772.0000	0.2722	2838.0000
546	0.6678	0.5000	0.8491	0.7461	0.5351	0.8089	33.7333	0.1236	2815.0000	768.0000	0.2728	2817.0000
547	0.6709	0.5000	0.8485	0.7533	0.5298	0.8040	33.8000	0.1299	2826.0000	766.0000	0.2711	2828.0000
548	0.6688	0.5000	0.8491	0.7490	0.5350	0.8114	33.7333	0.1243	2827.0000	761.0000	0.2692	2829.0000
549	0.6666	0.5000	0.8485	0.7385	0.5387	0.8062	33.7333	0.1286	2819.0000	768.0000	0.2724	2821.0000
550	0.6690	0.5000	0.8483	0.7415	0.5252	0.8020	33.7333	0.1275	2821.0000	784.0000	0.2779	2823.0000
551	0.6593	0.5000	0.8486	0.7508	0.5331	0.8066	33.8667	0.1259	2825.0000	772.0000	0.2733	2827.0000
552	0.6663	0.5000	0.8461	0.7461	0.5267	0.8018	33.9333	0.1293	2830.0000	776.0000	0.2742	2832.0000
553	0.6584	0.5000	0.8476	0.7406	0.5306	0.7923	33.6667	0.1360	2815.0000	789.0000	0.2803	2817.0000
554	0.6657	0.5000	0.8464	0.7414	0.5346	0.8066	33.7333	0.1199	2824.0000	770.0000	0.2727	2826.0000
555	0.6717	0.5000	0.8474	0.7352	0.5319	0.8027	33.7333	0.1269	2816.0000	783.0000	0.2781	2818.0000
556	0.6791	0.5000	0.8501	0.7505	0.5327	0.8114	33.6000	0.1203	2818.0000	755.0000	0.2679	2820.0000
557	0.6698	0.5000	0.8483	0.7493	0.5304	0.8019	33.5333	0.1301	2833.0000	774.0000	0.2732	2835.0000
558	0.6673	0.5000	0.8480	0.7474	0.5339	0.7974	33.8667	0.1319	2822.0000	779.0000	0.2760	2824.0000
559	0.6624	0.5000	0.8495	0.7395	0.5325	0.8012	33.8000	0.1259	2828.0000	771.0000	0.2726	2830.0000
560	0.6660	0.5000	0.8492	0.7464	0.5268	0.8097	33.6667	0.1233	2831.0000	756.0000	0.2670	2833.0000
561	0.6701	0.5000	0.8488	0.7408	0.5326	0.8025	33.4667	0.1269	2814.0000	763.0000	0.2711	2816.0000
562	0.6733	0.5000	0.8499	0.7491	0.5339	0.8077	33.6667	0.1234	2817.0000	771.0000	0.2737	2819.0000
563	0.6693	0.5000	0.8501	0.7453	0.5270	0.8070	33.9333	0.1239	2818.0000	778.0000	0.2761	2820.0000
564	0.6777	0.5000	0.8479	0.7500	0.5362	0.8080	33.8667	0.1258	2825.0000	767.0000	0.2715	2827.0000
565	0.6685	0.5000	0.8477	0.7479	0.5313	0.7986	33.7333	0.1304	2824.0000	781.0000	0.2766	2826.0000
566	0.6618	0.5000	0.8498	0.7546	0.5343	0.8082	33.8667	0.1292	2819.0000	754.0000	0.2675	2821.0000
567	0.6698	0.5000	0.8482	0.7423	0.5342	0.8031	33.7333	0.1237	2817.0000	772.0000	0.2741	2819.0000
568	0.6638	0.5000	0.8475	0.7467	0.5250	0.7999	33.7333	0.1307	2824.0000	786.0000	0.2783	2826.0000
569	0.6748	0.5000	0.8478	0.7514	0.5344	0.8106	33.8000	0.1232	2818.0000	768.0000	0.2725	2820.0000
570	0.6751	0.5000	0.8477	0.7362	0.5313	0.8071	33.9333	0.1208	2822.0000	776.0000	0.2750	2824.0000
571	0.6718	0.5000	0.8478	0.7495	0.5389	0.8074	33.6000	0.1209	2807.0000	756.0000	0.2693	2809.0000
572	0.6687	0.5000	0.8484	0.7512	0.5294	0.8073	33.5333	0.1267	2825.0000	773.0000	0.2736	2827.0000
573	0.6716	0.5000	0.8486	0.7509	0.5356	0.8080	33.8667	0.1255	2825.0000	767.0000	0.2715	2827.0000
574	0.6751	0.5000	0.8480	0.7387	0.5285	0.7977	33.8000	0.1301	2814.0000	789.0000	0.2804	2816.0000
575	0.6696	0.5000	0.8501	0.7594	0.5384	0.8071	33.7333	0.1248	2830.0000	767.0000	0.2710	2832.0000
576	0.6742	0.5000	0.8487	0.7494	0.5337	0.8078	33.8667	0.1255	2823.0000	764.0000	0.2706	2825.0000
577	0.6746	0.5000	0.8506	0.7535	0.5326	0.8069	33.8667	0.1283	2836.0000	752.0000	0.2652	2838.0000
578	0.6787	0.5000	0.8499	0.7541	0.5390	0.8062	33.9333	0.1279	2835.0000	762.0000	0.2688	2837.0000
579	0.6691	0.5000	0.8476	0.7482	0.5360	0.8014	34.0000	0.1279	2818.0000	777.0000	0.2757	2820.0000
580	0.6705	0.5000	0.8485	0.7497	0.5295	0.8053	34.0000	0.1258	2831.0000	772.0000	0.2727	2833.0000
581	0.6700	0.5000	0.8480	0.7409	0.5225	0.8016	33.4667	0.1264	2816.0000	778.0000	0.2763	2818.0000
582	0.6782	0.5000	0.8461	0.7535	0.5318	0.8136	33.7333	0.1169	2826.0000	759.0000	0.2686	2828.0000
583	0.6651	0.5000	0.8468	0.7394	0.5330	0.7989	33.8000	0.1273	2811.0000	787.0000	0.2800	2813.0000
584	0.6629	0.5000	0.8462	0.7390	0.5335	0.8030	33.8667	0.1259	2814.0000	775.0000	0.2754	2816.0000
585	0.6738	0.5000	0.8488	0.7532	0.5349	0.8074	33.7333	0.1265	2803.0000	758.0000	0.2704	2805.0000
586	0.6686	0.5000	0.8480	0.7510	0.5404	0.8039	33.6667	0.1247	2824.0000	765.0000	0.2709	2826.0000
587	0.6634	0.5000	0.8494	0.7517	0.5327	0.7997	34.0667	0.1327	2826.0000	787.0000	0.2785	2828.0000
588	0.6665	0.5000	0.8468	0.7466	0.5335	0.8028	33.9333	0.1279	2817.0000	774.0000	0.2748	2819.0000
589	0.6580	0.5000	0.8490	0.7461	0.5333	0.7976	33.7333	0.1272	2814.0000	775.0000	0.2754	2816.0000
590	0.6749	0.5000	0.8460	0.7526	0.5286	0.8039	33.7333	0.1258	2820.0000	765.0000	0.2713	2823.0000
591	0.6635	0.5000	0.8459	0.7389	0.5313	0.8018	33.8000	0.1254	2819.0000	773.0000	0.2742	2821.0000
592	0.6632	0.5000	0.8496	0.7371	0.5289	0.8036	33.6667	0.1278	2831.0000	766.0000	0.2706	2833.0000
593	0.6656	0.5000	0.8493	0.7503	0.5318	0.8092	33.7333	0.1213	2816.0000	769.0000	0.2731	2818.0000
594	0.6610	0.5000	0.8473	0.7418	0.5292	0.8017	33.8667	0.1255	2818.0000	776.0000	0.2754	2821.0000
595	0.6697	0.5000	0.8482	0.7476	0.5317	0.8050	33.8667	0.1275	2817.0000	766.0000	0.2719	2819.0000
596	0.6686	0.5000	0.8477	0.7409	0.5308	0.7983	33.8667	0.1303	2818.0000	791.0000	0.2807	2820.0000
597	0.6719	0.5000	0.8503	0.7502	0.5331	0.8125	33.8000	0.1220	2830.0000	776.0000	0.2742	2832.0000
598	0.6608	0.5000	0.8447	0.7401	0.5328	0.8005	33.8000	0.1287	2813.0000	773.0000	0.2748	2815.0000
599	0.6625	0.5000	0.8497	0.7465	0.5333	0.8000	33.8000	0.1275	2822.0000	784.0000	0.2778	2824.0000
600	0.6753	0.5000	0.8479	0.7506	0.5381	0.8103	33.6667	0.1238	2822.0000	761.0000	0.2697	2824.0000
601	0.6723	0.5000	0.8488	0.7456	0.5279	0.8051	33.8667	0.1286	2819.0000	770.0000	0.2731	2821.0000
602	0.6637	0.5000	0.8485	0.7518	0.5295	0.8030	33.5333	0.1279	2817.0000	779.0000	0.2765	2819.0000
603	0.6680	0.5000	0.8491	0.7414	0.5273	0.7904	33.5333	0.1403	2812.0000	796.0000	0.2831	2814.0000
604	0.6687	0.5000	0.8497	0.7480	0.5269	0.7981	33.6000	0.1295	2820.0000	787.0000	0.2791	2822.0000
605	0.6736	0.5000	0.8486	0.7509	0.5272	0.8060	33.8000	0.1214	2819.0000	774.0000	0.2746	2821.0000
606	0.6697	0.5000	0.8491	0.7419	0.5322	0.8073	34.0667	0.1267	2825.0000	771.0000	0.2729	2827.0000
607	0.6688	0.5000	0.8477	0.7546	0.5343	0.8026	33.9333	0.1313	2797.0000	774.0000	0.2767	2799.0000
608	0.6668	0.5000	0.8464	0.7403	0.5251	0.7970	34.0667	0.1320	2809.0000	787.0000	0.2802	2811.0000
609	0.6747	0.5000	0.8492	0.7574	0.5358	0.8141	33.9333	0.1229	2838.0000	761.0000	0.2681	2840.0000
610	0.6730	0.5000	0.8488	0.7440	0.5333	0.8056	33.8000	0.1270	2813.0000	754.0000	0.2680	2815.0000
611	0.6780	0.5000	0.8500	0.7459	0.5285	0.8055	33.9333	0.1305	2831.0000	776.0000	0.2741	2833.0000
612	0.6648	0.5000	0.8482	0.7534	0.5343	0.8041	33.6000	0.1273	2820.0000	768.0000	0.2723	2822.0000
613	0.6590	0.5000	0.8482	0.7468	0.5294	0.7983	33.5333	0.1344	2830.0000	790.0000	0.2792	2832.0000
614	0.6688	0.5000	0.8487	0.7517	0.5300	0.8043	33.7333	0.1277	2819.0000	768.0000	0.2724	2821.0000
615	0.6714	0.5000	0.8515	0.7557	0.5336	0.8102	33.8000	0.1247	2831.0000	773.0000	0.2730	2833.0000
616	0.6639	0.5000	0.8501	0.7446	0.5324	0.8043	34.0000	0.1279	2812.0000	779.0000	0.2770	2814.0000
617	0.6680	0.5000	0.8495	0.7369	0.5313	0.7975	33.8667	0.1332	2829.0000	777.0000	0.2747	2831.0000
618	0.6777	0.5000	0.8482	0.7608	0.5305	0.8169	33.5333	0.1184	2811.0000	745.0000	0.2650	2813.0000
619	0.6731	0.5000	0.8483	0.7451	0.5363	0.8065	33.2667	0.1269	2822.0000	758.0000	0.2686	2824.0000
620	0.6716	0.5000	0.8498	0.7474	0.5307	0.8017	33.6000	0.1270	2823.0000	768.0000	0.2721	2825.0000
621	0.6691	0.5000	0.8469	0.7471	0.5341	0.8024	33.6667	0.1261	2817.0000	781.0000	0.2772	2819.0000
622	0.6745	0.5000	0.8483	0.7509	0.5338	0.8087	33.8667	0.1217	2827.0000	759.0000	0.2685	2829.0000
623	0.6618	0.5000	0.8494	0.7477	0.5342	0.8047	34.0667	0.1272	2817.0000	771.0000	0.2737	2819.0000
624	0.6729	0.5000	0.8480	0.7509	0.5369	0.8036	33.9333	0.1288	2830.0000	779.0000	0.2753	2832.0000
625	0.6657	0.5000	0.8496	0.7435	0.5275	0.8015	34.1333	0.1301	2819.0000	781.0000	0.2770	2821.0000
626	0.6723	0.5000	0.8492	0.7542	0.5334	0.8059	33.8000	0.1257	2812.0000	765.0000	0.2720	2814.0000
627	0.6610	0.5000	0.8497	0.7538	0.5348	0.8072	33.4000	0.1248	2836.0000	770.0000	0.2715	2838.0000
628	0.6643	0.5000	0.8483	0.7479	0.5371	0.8045	34.1333	0.1266	2837.0000	772.0000	0.2721	2839.0000
629	0.6760	0.5000	0.8462	0.7481	0.5316	0.8091	33.8000	0.1205	2802.0000	757.0000	0.2702	2804.0000
630	0.6640	0.5000	0.8482	0.7444	0.5351	0.8020	33.8667	0.1286	2833.0000	778.0000	0.2746	2835.0000
631	0.6744	0.5000	0.8471	0.7379	0.5328	0.8036	33.5333	0.1280	2820.0000	769.0000	0.2727	2822.0000
632	0.6747	0.5000	0.8477	0.7367	0.5260	0.8063	33.6000	0.1215	2820.0000	770.0000	0.2730	2822.0000
633	0.6669	0.5000	0.8486	0.7494	0.5326	0.8061	33.8667	0.1264	2832.0000	766.0000	0.2705	2834.0000
634	0.6692	0.5000	0.8466	0.7482	0.5322	0.8077	33.8000	0.1224	2816.0000	770.0000	0.2734	2818.0000
635	0.6644	0.5000	0.8482	0.7422	0.5296	0.8018	33.8000	0.1283	2827.0000	783.0000	0.2770	2829.0000
636	0.6688	0.5000	0.8490	0.7533	0.5302	0.8020	33.6000	0.1315	2820.0000	782.0000	0.2773	2822.0000
637	0.6624	0.5000	0.8463	0.7425	0.5277	0.8108	33.9333	0.1210	2818.0000	764.0000	0.2711	2820.0000
638	0.6729	0.5000	0.8473	0.7438	0.5356	0.8065	33.8000	0.1253	2805.0000	746.0000	0.2660	2807.0000
639	0.6701	0.5000	0.8491	0.7546	0.5364	0.8006	34.1333	0.1325	2823.0000	771.0000	0.2731	2825.0000
640	0.6750	0.5000	0.8487	0.7448	0.5296	0.8041	33.8000	0.1279	2819.0000	772.0000	0.2739	2821.0000
641	0.6679	0.5000	0.8488	0.7589	0.5414	0.8091	33.6000	0.1250	2827.0000	764.0000	0.2703	2829.0000
642	0.6716	0.5000	0.8478	0.7461	0.5321	0.8069	34.0667	0.1240	2827.0000	760.0000	0.2688	2829.0000
643	0.6766	0.5000	0.8488	0.7388	0.5282	0.8053	33.7333	0.1241	2822.0000	771.0000	0.2732	2824.0000
644	0.6533	0.5000	0.8486	0.7357	0.5284	0.7988	33.6000	0.1309	2817.0000	782.0000	0.2776	2819.0000
645	0.6732	0.5000	0.8478	0.7348	0.5318	0.8021	33.8667	0.1296	2811.0000	778.0000	0.2768	2813.0000
646	0.6690	0.5000	0.8481	0.7484	0.5327	0.8098	34.0667	0.1227	2801.0000	749.0000	0.2674	2803.0000
647	0.6678	0.5000	0.8483	0.7415	0.5324	0.7975	33.4000	0.1296	2819.0000	784.0000	0.2781	2821.0000
648	0.6617	0.5000	0.8491	0.7443	0.5323	0.8017	33.9333	0.1301	2817.0000	782.0000	0.2776	2819.0000
649	0.6710	0.5000	0.8486	0.7485	0.5297	0.8015	33.8000	0.1322	2812.0000	780.0000	0.2774	2814.0000
650	0.6711	0.5000	0.8479	0.7405	0.5349	0.8047	34.0667	0.1231	2808.0000	774.0000	0.2756	2810.0000
651	0.6632	0.5000	0.8461	0.7499	0.5290	0.8061	34.0667	0.1240	2817.0000	752.0000	0.2670	2819.0000
652	0.6650	0.5000	0.8475	0.7458	0.5341	0.8028	33.7333	0.1239	2817.0000	784.0000	0.2783	2819.0000
653	0.6723	0.5000	0.8497	0.7484	0.5246	0.8047	33.9333	0.1306	2811.0000	771.0000	0.2743	2813.0000
654	0.6706	0.5000	0.8476	0.7432	0.5305	0.8065	33.8000	0.1236	2809.0000	768.0000	0.2734	2811.0000
655	0.6805	0.5000	0.8491	0.7416	0.5269	0.8172	33.8000	0.1179	2819.0000	755.0000	0.2678	2821.0000
656	0.6721	0.5000	0.8487	0.7491	0.5345	0.8064	33.8000	0.1226	2828.0000	776.0000	0.2744	2830.0000
657	0.6763	0.5000	0.8492	0.7384	0.5309	0.8020	33.9333	0.1305	2833.0000	781.0000	0.2757	2835.0000
658	0.6675	0.5000	0.8494	0.7337	0.5339	0.7997	33.6000	0.1274	2821.0000	779.0000	0.2761	2823.0000
659	0.6769	0.5000	0.8471	0.7446	0.5286	0.8077	33.6667	0.1235	2813.0000	779.0000	0.2769	2815.0000
660	0.6645	0.5000	0.8467	0.7384	0.5260	0.8010	33.8667	0.1274	2807.0000	774.0000	0.2757	2809.0000
661	0.6684	0.5000	0.8480	0.7345	0.5249	0.7952	33.8667	0.1316	2827.0000	793.0000	0.2805	2829.0000
662	0.6710	0.5000	0.8478	0.7470	0.5293	0.8026	33.6667	0.1300	2800.0000	766.0000	0.2736	2802.0000
663	0.6716	0.5000	0.8487	0.7480	0.5317	0.8067	33.8667	0.1255	2817.0000	762.0000	0.2705	2819.0000
664	0.6851	0.5000	0.8506	0.7466	0.5371	0.8069	33.6667	0.1257	2828.0000	758.0000	0.2680	2830.0000
665	0.6697	0.5000	0.8492	0.7560	0.5308	0.8078	33.6667	0.1257	2827.0000	762.0000	0.2695	2829.0000
666	0.6727	0.5000	0.8496	0.7468	0.5331	0.8120	33.8000	0.1232	2826.0000	764.0000	0.2703	2828.0000
667	0.6577	0.5000	0.8502	0.7540	0.5321	0.7959	33.7333	0.1324	2813.0000	790.0000	0.2808	2815.0000
668	0.6619	0.5000	0.8499	0.7568	0.5341	0.8017	33.5333	0.1344	2824.0000	777.0000	0.2751	2826.0000
669	0.6591	0.5000	0.8475	0.7468	0.5360	0.8008	33.9333	0.1290	2817.0000	783.0000	0.2780	2819.0000
670	0.6656	0.5000	0.8482	0.7488	0.5331	0.8072	34.0000	0.1247	2817.0000	771.0000	0.2737	2819.0000
671	0.6673	0.5000	0.8470	0.7487	0.5274	0.8093	33.8000	0.1233	2815.0000	761.0000	0.2703	2817.0000
672	0.6697	0.5000	0.8494	0.7443	0.5251	0.7996	33.6000	0.1323	2816.0000	784.0000	0.2784	2818.0000
673	0.6659	0.5000	0.8493	0.7526	0.5323	0.8032	33.8000	0.1293	2837.0000	779.0000	0.2746	2839.0000
674	0.6708	0.5000	0.8485	0.7507	0.5330	0.8057	33.7333	0.1228	2807.0000	766.0000	0.2729	2809.0000
675	0.6640	0.5000	0.8487	0.7520	0.5329	0.8070	33.8667	0.1232	2810.0000	776.0000	0.2762	2812.0000
676	0.6665	0.5000	0.8478	0.7433	0.5332	0.8038	33.8667	0.1280	2825.0000	775.0000	0.2743	2827.0000
677	0.6635	0.5000	0.8474	0.7416	0.5279	0.8012	33.9333	0.1306	2838.0000	793.0000	0.2794	2840.0000
678	0.6657	0.5000	0.8497	0.7433	0.5326	0.7979	34.0000	0.1311	2821.0000	771.0000	0.2733	2823.0000
679	0.6722	0.5000	0.8481	0.7467	0.5368	0.8030	33.7333	0.1249	2832.0000	781.0000	0.2758	2834.0000
680	0.6674	0.5000	0.8477	0.7543	0.5351	0.8044	33.8000	0.1260	2818.0000	769.0000	0.2729	2820.0000
681	0.6700	0.5000	0.8467	0.7473	0.5314	0.7999	34.0000	0.1328	2801.0000	763.0000	0.2724	2803.0000
682	0.6634	0.5000	0.8481	0.7503	0.5288	0.8058	33.9333	0.1267	2835.0000	767.0000	0.2705	2837.0000
683	0.6669	0.5000	0.8482	0.7533	0.5317	0.8062	33.9333	0.1260	2825.0000	773.0000	0.2736	2827.0000
684	0.6652	0.5000	0.8461	0.7546	0.5364	0.8058	33.9333	0.1248	2818.0000	766.0000	0.2718	2821.0000
685	0.6725	0.5000	0.8468	0.7418	0.5369	0.8026	33.8667	0.1257	2838.0000	778.0000	0.2741	2841.0000
686	0.6619	0.5000	0.8472	0.7435	0.5274	0.7979	33.8667	0.1299	2837.0000	784.0000	0.2763	2839.0000
687	0.6691	0.5000	0.8487	0.7473	0.5300	0.7975	33.6000	0.1325	2836.0000	780.0000	0.2750	2838.0000
688	0.6659	0.5000	0.8490	0.7499	0.5330	0.8020	33.6667	0.1302	2808.0000	761.0000	0.2710	2810.0000
689	0.6521	0.5000	0.8474	0.7345	0.5320	0.7912	33.8000	0.1389	2810.0000	793.0000	0.2822	2812.0000
690	0.6720	0.5000	0.8498	0.7499	0.5364	0.8081	33.6000	0.1253	2818.0000	755.0000	0.2679	2820.0000
691	0.6735	0.5000	0.8471	0.7432	0.5249	0.8040	33.8000	0.1305	2808.0000	768.0000	0.2735	2810.0000
692	0.6619	0.5000	0.8473	0.7425	0.5309	0.8013	33.7333	0.1297	2818.0000	782.0000	0.2775	2820.0000
693	0.6625	0.5000	0.8479	0.7414	0.5256	0.8027	33.7333	0.1285	2796.0000	773.0000	0.2765	2798.0000
694	0.6644	0.5000	0.8483	0.7373	0.5285	0.8040	33.8000	0.1239	2830.0000	773.0000	0.2731	2832.0000
695	0.6631	0.5000	0.8482	0.7493	0.5308	0.8072	33.4667	0.1212	2826.0000	765.0000	0.2707	2828.0000
696	0.6797	0.5000	0.8496	0.7495	0.5340	0.8118	33.8667	0.1231	2831.0000	757.0000	0.2674	2833.0000
697	0.6581	0.5000	0.8485	0.7386	0.5293	0.7940	33.8667	0.1359	2809.0000	791.0000	0.2816	2811.0000
698	0.6591	0.5000	0.8498	0.7425	0.5340	0.8015	33.7333	0.1292	2821.0000	771.0000	0.2733	2823.0000
699	0.6697	0.5000	0.8482	0.7486	0.5262	0.8021	33.9333	0.1292	2816.0000	781.0000	0.2773	2818.0000
700	0.6683	0.5000	0.8474	0.7456	0.5275	0.7946	33.6000	0.1313	2824.0000	800.0000	0.2833	2827.0000
701	0.6705	0.5000	0.8506	0.7364	0.5309	0.7985	33.8667	0.1303	2832.0000	777.0000	0.2744	2834.0000
702	0.6639	0.5000	0.8466	0.7457	0.5309	0.7975	33.8667	0.1341	2817.0000	782.0000	0.2776	2819.0000
703	0.6617	0.5000	0.8485	0.7364	0.5364	0.8005	33.8000	0.1257	2826.0000	776.0000	0.2746	2828.0000
704	0.6724	0.5000	0.8507	0.7536	0.5349	0.8120	33.8000	0.1215	2821.0000	762.0000	0.2701	2823.0000
705	0.6654	0.5000	0.8491	0.7499	0.5343	0.8082	33.6667	0.1245	2820.0000	762.0000	0.2702	2822.0000
706	0.6645	0.5000	0.8473	0.7463	0.5344	0.8036	33.6667	0.1284	2819.0000	768.0000	0.2724	2821.0000
707	0.6748	0.5000	0.8463	0.7459	0.5286	0.8015	33.5333	0.1311	2831.0000	786.0000	0.2776	2833.0000
708	0.6777	0.5000	0.8471	0.7580	0.5336	0.8157	33.6667	0.1188	2829.0000	750.0000	0.2651	2831.0000
709	0.6713	0.5000	0.8492	0.7384	0.5276	0.8050	33.6667	0.1282	2813.0000	761.0000	0.2705	2815.0000
710	0.6663	0.5000	0.8482	0.7545	0.5343	0.8058	33.9333	0.1239	2825.0000	769.0000	0.2722	2827.0000
711	0.6557	0.5000	0.8476	0.7439	0.5279	0.7976	33.8667	0.1315	2820.0000	783.0000	0.2777	2822.0000
712	0.6699	0.5000	0.8485	0.7538	0.5355	0.8075	33.8000	0.1264	2829.0000	761.0000	0.2690	2831.0000
713	0.6684	0.5000	0.8458	0.7408	0.5280	0.8026	33.8000	0.1269	2809.0000	786.0000	0.2798	2811.0000
714	0.6589	0.5000	0.8485	0.7485	0.5400	0.7966	33.6000	0.1336	2825.0000	795.0000	0.2814	2827.0000
715	0.6762	0.5000	0.8464	0.7511	0.5344	0.8068	33.9333	0.1251	2825.0000	759.0000	0.2687	2827.0000
716	0.6615	0.5000	0.8487	0.7417	0.5297	0.8009	33.8000	0.1316	2813.0000	778.0000	0.2766	2815.0000
717	0.6685	0.5000	0.8490	0.7415	0.5298	0.8058	33.5333	0.1230	2817.0000	768.0000	0.2726	2819.0000
718	0.6657	0.5000	0.8484	0.7604	0.5389	0.8079	33.8000	0.1285	2814.0000	756.0000	0.2687	2816.0000
719	0.6671	0.5000	0.8464	0.7429	0.5326	0.8042	33.8667	0.1262	2829.0000	783.0000	0.2768	2831.0000
720	0.6676	0.5000	0.8477	0.7394	0.5286	0.8006	33.7333	0.1298	2817.0000	791.0000	0.2808	2819.0000
721	0.6716	0.5000	0.8491	0.7392	0.5378	0.8035	33.7333	0.1258	2803.0000	766.0000	0.2733	2805.0000
722	0.6555	0.5000	0.8477	0.7443	0.5250	0.7961	33.8000	0.1303	2831.0000	791.0000	0.2794	2833.0000
723	0.6581	0.5000	0.8490	0.7420	0.5295	0.7962	33.6667	0.1323	2805.0000	800.0000	0.2852	2807.0000
724	0.6708	0.5000	0.8477	0.7480	0.5286	0.8063	33.7333	0.1264	2821.0000	773.0000	0.2740	2823.0000
725	0.6663	0.5000	0.8490	0.7559	0.5389	0.8073	34.0000	0.1241	2812.0000	765.0000	0.2720	2814.0000
726	0.6698	0.5000	0.8510	0.7527	0.5313	0.8024	33.6000	0.1343	2828.0000	770.0000	0.2723	2830.0000
727	0.6627	0.5000	0.8486	0.7437	0.5343	0.8044	34.0667	0.1256	2819.0000	776.0000	0.2753	2821.0000
728	0.6602	0.5000	0.8482	0.7446	0.5308	0.7945	33.9333	0.1336	2818.0000	793.0000	0.2814	2820.0000
729	0.6639	0.5000	0.8489	0.7575	0.5310	0.8071	33.4667	0.1264	2823.0000	771.0000	0.2731	2825.0000
730	0.6556	0.5000	0.8503	0.7494	0.5304	0.7970	34.0667	0.1337	2818.0000	789.0000	0.2800	2820.0000
731	0.6633	0.5000	0.8500	0.7580	0.5418	0.8019	33.7333	0.1288	2828.0000	767.0000	0.2712	2830.0000
732	0.6678	0.5000	0.8497	0.7403	0.5312	0.8002	33.9333	0.1282	2811.0000	784.0000	0.2789	2813.0000
733	0.6698	0.5000	0.8493	0.7399	0.5362	0.8040	33.8667	0.1228	2820.0000	760.0000	0.2695	2822.0000
734	0.6670	0.5000	0.8476	0.7440	0.5283	0.7964	33.9333	0.1313	2828.0000	792.0000	0.2801	2830.0000
735	0.6707	0.5000	0.8505	0.7523	0.5386	0.8105	33.8667	0.1217	2828.0000	762.0000	0.2694	2830.0000
736	0.6690	0.5000	0.8472	0.7422	0.5271	0.7950	33.7333	0.1308	2831.0000	783.0000	0.2766	2833.0000
737	0.6687	0.5000	0.8477	0.7430	0.5253	0.7990	33.9333	0.1307	2831.0000	780.0000	0.2755	2833.0000
738	0.6669	0.5000	0.8478	0.7511	0.5327	0.8037	33.7333	0.1301	2817.0000	774.0000	0.2748	2819.0000
739	0.6688	0.5000	0.8481	0.7528	0.5288	0.8025	33.8000	0.1273	2817.0000	773.0000	0.2744	2819.0000
740	0.6713	0.5000	0.8489	0.7549	0.5285	0.8045	33.8000	0.1258	2829.0000	773.0000	0.2732	2831.0000
741	0.6664	0.5000	0.8477	0.7521	0.5321	0.8036	34.0000	0.1269	2807.0000	779.0000	0.2775	2809.0000
742	0.6675	0.5000	0.8488	0.7509	0.5333	0.8047	33.8000	0.1270	2831.0000	782.0000	0.2762	2833.0000
743	0.6662	0.5000	0.8486	0.7362	0.5250	0.7970	33.5333	0.1323	2841.0000	779.0000	0.2742	2843.0000
744	0.6618	0.5000	0.8491	0.7426	0.5355	0.8007	33.6667	0.1269	2817.0000	776.0000	0.2755	2819.0000
745	0.6649	0.5000	0.8480	0.7509	0.5331	0.8047	33.9333	0.1278	2821.0000	778.0000	0.2758	2823.0000
746	0.6663	0.5000	0.8502	0.7496	0.5357	0.8069	33.8000	0.1257	2825.0000	766.0000	0.2712	2827.0000
747	0.6654	0.5000	0.8474	0.7422	0.5333	0.8035	33.7333	0.1263	2821.0000	773.0000	0.2740	2823.0000
748	0.6618	0.5000	0.8473	0.7456	0.5403	0.8056	33.9333	0.1208	2820.0000	765.0000	0.2713	2822.0000
749	0.6717	0.5000	0.8483	0.7407	0.5371	0.8058	33.8667	0.1256	2821.0000	766.0000	0.2715	2823.0000
750	0.6725	0.5000	0.8483	0.7471	0.5298	0.8037	33.5333	0.1287	2819.0000	771.0000	0.2735	2821.0000
751	0.6726	0.5000	0.8475	0.7544	0.5333	0.8022	33.8667	0.1303	2824.0000	776.0000	0.2748	2826.0000
752	0.6706	0.5000	0.8483	0.7384	0.5284	0.8061	33.6000	0.1272	2822.0000	765.0000	0.2711	2824.0000
753	0.6722	0.5000	0.8490	0.7521	0.5342	0.8128	33.5333	0.1218	2820.0000	763.0000	0.2706	2822.0000
754	0.6769	0.5000	0.8470	0.7595	0.5324	0.8052	33.8000	0.1235	2815.0000	760.0000	0.2700	2817.0000
755	0.6698	0.5000	0.8507	0.7466	0.5293	0.8017	33.7333	0.1307	2835.0000	773.0000	0.2727	2837.0000
756	0.6667	0.5000	0.8496	0.7523	0.5370	0.8042	33.8667	0.1269	2819.0000	765.0000	0.2714	2821.0000
757	0.6728	0.5000	0.8482	0.7534	0.5329	0.8115	33.7333	0.1250	2838.0000	755.0000	0.2660	2840.0000
758	0.6679	0.5000	0.8499	0.7513	0.5327	0.8096	33.6667	0.1233	2831.0000	767.0000	0.2709	2833.0000
759	0.6670	0.5000	0.8485	0.7511	0.5280	0.8032	33.9333	0.1307	2802.0000	769.0000	0.2744	2804.0000
760	0.6681	0.5000	0.8475	0.7442	0.5396	0.8003	33.8000	0.1286	2833.0000	780.0000	0.2753	2835.0000
761	0.6648	0.5000	0.8459	0.7428	0.5263	0.7926	33.7333	0.1366	2819.0000	779.0000	0.2763	2821.0000
762	0.6654	0.5000	0.8498	0.7492	0.5311	0.7970	33.9333	0.1331	2809.0000	778.0000	0.2770	2811.0000
763	0.6668	0.5000	0.8466	0.7420	0.5328	0.8060	33.6667	0.1237	2807.0000	769.0000	0.2740	2809.0000
764	0.6666	0.5000	0.8489	0.7442	0.5286	0.8013	33.7333	0.1323	2825.0000	776.0000	0.2747	2827.0000
765	0.6697	0.5000	0.8487	0.7454	0.5288	0.8027	33.8000	0.1274	2822.0000	781.0000	0.2768	2824.0000
766	0.6694	0.5000	0.8486	0.7500	0.5323	0.8072	33.8000	0.1236	2819.0000	764.0000	0.2710	2821.0000
767	0.6639	0.5000	0.8480	0.7492	0.5301	0.8054	33.6667	0.1262	2822.0000	769.0000	0.2725	2824.0000
768	0.6768	0.5000	0.8486	0.7527	0.5310	0.8107	33.6000	0.1207	2817.0000	761.0000	0.2701	2819.0000
769	0.6631	0.5000	0.8494	0.7411	0.5274	0.7990	33.7333	0.1318	2838.0000	786.0000	0.2770	2840.0000
770	0.6704	0.5000	0.8488	0.7408	0.5296	0.8069	33.8667	0.1241	2807.0000	773.0000	0.2754	2809.0000
771	0.6703	0.5000	0.8484	0.7429	0.5271	0.8004	33.8667	0.1308	2838.0000	791.0000	0.2787	2840.0000
772	0.6668	0.5000	0.8488	0.7469	0.5375	0.8009	33.8667	0.1273	2820.0000	766.0000	0.2716	2822.0000
773	0.6735	0.5000	0.8474	0.7609	0.5368	0.8073	34.0000	0.1283	2811.0000	767.0000	0.2729	2813.0000
774	0.6725	0.5000	0.8473	0.7455	0.5340	0.8053	33.8667	0.1272	2816.0000	767.0000	0.2724	2818.0000
775	0.6648	0.5000	0.8498	0.7438	0.5372	0.7989	33.8667	0.1286	2828.0000	789.0000	0.2790	2830.0000
776	0.6690	0.5000	0.8466	0.7427	0.5292	0.8028	33.4667	0.1273	2821.0000	770.0000	0.2730	2823.0000
777	0.6734	0.5000	0.8476	0.7442	0.5327	0.8053	33.8000	0.1263	2823.0000	767.0000	0.2717	2825.0000
778	0.6688	0.5000	0.8493	0.7497	0.5285	0.8048	33.7333	0.1258	2826.0000	765.0000	0.2707	2828.0000
779	0.6671	0.5000	0.8465	0.7403	0.5315	0.8044	33.8000	0.1261	2815.0000	758.0000	0.2693	2817.0000
780	0.6694	0.5000	0.8452	0.7351	0.5272	0.7953	33.5333	0.1337	2811.0000	795.0000	0.2828	2813.0000
781	0.6734	0.5000	0.8488	0.7360	0.5248	0.8079	34.0000	0.1218	2826.0000	771.0000	0.2728	2828.0000
782	0.6746	0.5000	0.8456	0.7500	0.5359	0.8060	33.6000	0.1279	2803.0000	761.0000	0.2715	2805.0000
783	0.6684	0.5000	0.8489	0.7554	0.5348	0.8024	33.6667	0.1301	2836.0000	790.0000	0.2786	2838.0000
784	0.6670	0.5000	0.8499	0.7576	0.5370	0.8089	33.8000	0.1233	2833.0000	767.0000	0.2707	2835.0000
785	0.6636	0.5000	0.8480	0.7369	0.5331	0.8019	33.7333	0.1282	2827.0000	761.0000	0.2692	2829.0000
786	0.6720	0.5000	0.8490	0.7509	0.5324	0.8064	33.9333	0.1264	2816.0000	766.0000	0.2720	2818.0000
787	0.6629	0.5000	0.8479	0.7554	0.5295	0.7971	33.6000	0.1337	2815.0000	774.0000	0.2750	2817.0000
788	0.6716	0.5000	0.8474	0.7467	0.5312	0.8075	33.6667	0.1240	2809.0000	757.0000	0.2695	2811.0000
789	0.6698	0.5000	0.8491	0.7546	0.5342	0.8056	33.8667	0.1245	2824.0000	772.0000	0.2734	2826.0000
790	0.6667	0.5000	0.8490	0.7476	0.5326	0.8047	33.8667	0.1294	2823.0000	779.0000	0.2759	2825.0000
791	0.6669	0.5000	0.8483	0.7415	0.5313	0.8027	33.8667	0.1255	2820.0000	784.0000	0.2780	2822.0000
792	0.6705	0.5000	0.8485	0.7381	0.5313	0.8049	33.6667	0.1242	2828.0000	771.0000	0.2726	2830.0000
793	0.6513	0.5000	0.8485	0.7475	0.5383	0.8038	33.9333	0.1281	2815.0000	770.0000	0.2735	2817.0000
794	0.6705	0.5000	0.8484	0.7489	0.5265	0.8025	33.6000	0.1284	2822.0000	779.0000	0.2760	2824.0000
795	0.6693	0.5000	0.8491	0.7486	0.5316	0.8028	33.8667	0.1259	2821.0000	780.0000	0.2765	2823.0000
796	0.6690	0.5000	0.8483	0.7471	0.5350	0.8089	33.6667	0.1228	2815.0000	761.0000	0.2703	2817.0000
797	0.6695	0.5000	0.8471	0.7534	0.5397	0.8073	33.9333	0.1259	2820.0000	771.0000	0.2734	2822.0000
798	0.6715	0.5000	0.8479	0.7425	0.5313	0.8019	33.4667	0.1298	2833.0000	770.0000	0.2718	2836.0000
799	0.6642	0.5000	0.8489	0.7422	0.5281	0.8001	33.6667	0.1293	2825.0000	783.0000	0.2772	2827.0000
800	0.6671	0.5000	0.8485	0.7406	0.5300	0.8046	33.7333	0.1224	2822.0000	771.0000	0.2732	2824.0000
801	0.6651	0.5000	0.8473	0.7403	0.5286	0.8033	33.8667	0.1285	2815.0000	762.0000	0.2707	2817.0000
802	0.6695	0.5000	0.8498	0.7413	0.5321	0.8021	33.7333	0.1297	2825.0000	779.0000	0.2758	2827.0000
803	0.6658	0.5000	0.8439	0.7459	0.5340	0.8013	33.7333	0.1276	2816.0000	781.0000	0.2773	2818.0000
804	0.6573	0.5000	0.8478	0.7476	0.5334	0.8025	34.0000	0.1240	2845.0000	785.0000	0.2759	2847.0000
805	0.6616	0.5000	0.8481	0.7463	0.5337	0.8068	33.9333	0.1262	2819.0000	767.0000	0.2721	2821.0000
806	0.6649	0.5000	0.8479	0.7490	0.5332	0.8016	34.0667	0.1267	2823.0000	775.0000	0.2745	2826.0000
807	0.6647	0.5000	0.8490	0.7438	0.5377	0.8020	33.8667	0.1273	2836.0000	780.0000	0.2750	2838.0000
808	0.6771	0.5000	0.8486	0.7401	0.5313	0.8033	33.6667	0.1256	2802.0000	774.0000	0.2762	2804.0000
809	0.6778	0.5000	0.8486	0.7428	0.5342	0.8099	33.7333	0.1238	2821.0000	757.0000	0.2683	2823.0000
810	0.6606	0.5000	0.8473	0.7437	0.5246	0.8039	33.7333	0.1277	2831.0000	787.0000	0.2780	2833.0000
811	0.6642	0.5000	0.8464	0.7405	0.5317	0.8016	33.6667	0.1244	2835.0000	776.0000	0.2737	2837.0000
812	0.6734	0.5000	0.8464	0.7465	0.5321	0.8064	33.8000	0.1271	2816.0000	766.0000	0.2720	2818.0000
813	0.6633	0.5000	0.8480	0.7416	0.5284	0.7977	33.8667	0.1321	2830.0000	785.0000	0.2774	2832.0000
814	0.6675	0.5000	0.8468	0.7353	0.5296	0.8028	33.8000	0.1254	2821.0000	783.0000	0.2776	2823.0000
815	0.6648	0.5000	0.8462	0.7448	0.5273	0.8026	33.9333	0.1297	2821.0000	772.0000	0.2737	2823.0000
816	0.6720	0.5000	0.8480	0.7422	0.5310	0.7991	33.5333	0.1290	2817.0000	772.0000	0.2741	2819.0000
817	0.6656	0.5000	0.8488	0.7402	0.5294	0.7976	33.8667	0.1328	2822.0000	785.0000	0.2782	2824.0000
818	0.6704	0.5000	0.8488	0.7427	0.5331	0.8043	33.6000	0.1236	2819.0000	765.0000	0.2714	2821.0000
819	0.6717	0.5000	0.8475	0.7424	0.5363	0.8064	33.4667	0.1261	2825.0000	770.0000	0.2726	2827.0000
820	0.6774	0.5000	0.8480	0.7404	0.5318	0.8099	33.9333	0.1208	2826.0000	761.0000	0.2693	2828.0000
821	0.6700	0.5000	0.8467	0.7450	0.5310	0.8042	34.0000	0.1297	2821.0000	762.0000	0.2701	2823.0000
822	0.6647	0.5000	0.8502	0.7630	0.5421	0.8067	34.0000	0.1246	2831.0000	755.0000	0.2667	2833.0000
823	0.6767	0.5000	0.8498	0.7562	0.5352	0.8110	33.6000	0.1207	2814.0000	758.0000	0.2694	2816.0000
824	0.6675	0.5000	0.8461	0.7471	0.5339	0.8046	34.0000	0.1236	2813.0000	771.0000	0.2741	2815.0000
825	0.6707	0.5000	0.8489	0.7516	0.5314	0.8012	33.6667	0.1299	2815.0000	764.0000	0.2714	2817.0000
826	0.6742	0.5000	0.8488	0.7514	0.5426	0.8100	33.5333	0.1236	2822.0000	751.0000	0.2661	2824.0000
827	0.6682	0.5000	0.8478	0.7490	0.5361	0.8044	33.5333	0.1246	2823.0000	770.0000	0.2728	2825.0000
828	0.6751	0.5000	0.8464	0.7536	0.5304	0.8093	33.8667	0.1228	2834.0000	764.0000	0.2696	2836.0000
829	0.6748	0.5000	0.8489	0.7518	0.5286	0.8100	33.6000	0.1244	2830.0000	771.0000	0.2724	2832.0000
830	0.6627	0.5000	0.8489	0.7473	0.5329	0.8016	33.7333	0.1294	2825.0000	770.0000	0.2726	2827.0000
831	0.6754	0.5000	0.8484	0.7459	0.5319	0.8105	33.6667	0.1216	2830.0000	748.0000	0.2643	2832.0000
832	0.6772	0.5000	0.8470	0.7499	0.5347	0.8052	33.8667	0.1253	2832.0000	759.0000	0.2680	2834.0000
833	0.6653	0.5000	0.8472	0.7590	0.5358	0.8036	33.8000	0.1294	2799.0000	765.0000	0.2733	2801.0000
834	0.6739	0.5000	0.8493	0.7494	0.5296	0.8111	33.8667	0.1190	2829.0000	765.0000	0.2704	2831.0000
835	0.6784	0.5000	0.8481	0.7406	0.5280	0.8008	33.6667	0.1291	2816.0000	781.0000	0.2773	2818.0000
836	0.6674	0.5000	0.8487	0.7405	0.5220	0.8050	33.9333	0.1263	2826.0000	785.0000	0.2778	2828.0000
837	0.6732	0.5000	0.8495	0.7392	0.5257	0.8013	33.8000	0.1285	2815.0000	769.0000	0.2732	2817.0000
838	0.6608	0.5000	0.8464	0.7564	0.5292	0.8013	33.6000	0.1302	2818.0000	777.0000	0.2757	2820.0000
839	0.6684	0.5000	0.8476	0.7379	0.5307	0.8015	33.7333	0.1266	2835.0000	772.0000	0.2723	2837.0000
840	0.6700	0.5000	0.8465	0.7368	0.5360	0.8024	33.8667	0.1279	2818.0000	767.0000	0.2722	2820.0000
841	0.6650	0.5000	0.8486	0.7379	0.5309	0.8030	33.8000	0.1246	2821.0000	780.0000	0.2765	2823.0000
842	0.6682	0.5000	0.8457	0.7388	0.5342	0.8040	34.2000	0.1243	2826.0000	779.0000	0.2757	2828.0000
843	0.6670	0.5000	0.8484	0.7362	0.5274	0.8036	34.1333	0.1277	2824.0000	769.0000	0.2723	2826.0000
844	0.6602	0.5000	0.8491	0.7403	0.5314	0.7987	33.9333	0.1307	2825.0000	791.0000	0.2800	2827.0000
845	0.6625	0.5000	0.8477	0.7567	0.5325	0.8074	33.8000	0.1259	2820.0000	771.0000	0.2734	2822.0000
846	0.6576	0.5000	0.8485	0.7587	0.5361	0.8010	33.9333	0.1321	2814.0000	777.0000	0.2761	2816.0000
847	0.6701	0.5000	0.8480	0.7365	0.5331	0.8063	34.2000	0.1237	2813.0000	778.0000	0.2766	2815.0000
848	0.6703	0.5000	0.8494	0.7470	0.5324	0.8056	33.5333	0.1216	2821.0000	778.0000	0.2758	2823.0000
849	0.6627	0.5000	0.8482	0.7319	0.5264	0.7974	33.7333	0.1277	2827.0000	784.0000	0.2773	2829.0000
850	0.6611	0.5000	0.8477	0.7376	0.5263	0.8008	33.8667	0.1272	2824.0000	789.0000	0.2794	2826.0000
851	0.6742	0.5000	0.8472	0.7494	0.5316	0.8072	33.6667	0.1243	2812.0000	770.0000	0.2738	2814.0000
852	0.6695	0.5000	0.8484	0.7531	0.5298	0.8046	33.6000	0.1284	2822.0000	779.0000	0.2760	2824.0000
853	0.6740	0.5000	0.8492	0.7478	0.5289	0.8116	33.8000	0.1210	2815.0000	752.0000	0.2671	2817.0000
854	0.6737	0.5000	0.8493	0.7331	0.5262	0.8089	33.9333	0.1217	2819.0000	776.0000	0.2753	2821.0000
855	0.6723	0.5000	0.8471	0.7441	0.5319	0.8102	34.0667	0.1212	2818.0000	764.0000	0.2711	2820.0000
856	0.6715	0.5000	0.8481	0.7519	0.5298	0.8084	33.8000	0.1239	2836.0000	775.0000	0.2733	2838.0000
857	0.6676	0.5000	0.8498	0.7472	0.5337	0.8044	33.8667	0.1286	2818.0000	769.0000	0.2729	2820.0000
858	0.6659	0.5000	0.8487	0.7583	0.5349	0.8060	34.1333	0.1271	2831.0000	764.0000	0.2699	2833.0000
859	0.6537	0.5000	0.8490	0.7440	0.5338	0.7980	33.8667	0.1285	2818.0000	779.0000	0.2764	2820.0000
860	0.6637	0.5000	0.8507	0.7652	0.5352	0.8085	33.6000	0.1268	2824.0000	766.0000	0.2712	2826.0000
861	0.6659	0.5000	0.8496	0.7496	0.5277	0.8031	33.8000	0.1300	2810.0000	779.0000	0.2772	2812.0000
862	0.6764	0.5000	0.8501	0.7412	0.5343	0.8088	33.9333	0.1235	2826.0000	760.0000	0.2689	2828.0000
863	0.6619	0.5000	0.8475	0.7356	0.5293	0.8031	33.8667	0.1238	2824.0000	769.0000	0.2723	2826.0000
864	0.6664	0.5000	0.8496	0.7559	0.5363	0.8106	33.6667	0.1243	2823.0000	761.0000	0.2696	2825.0000
865	0.6668	0.5000	0.8488	0.7346	0.5318	0.8008	33.8667	0.1284	2832.0000	783.0000	0.2765	2834.0000
866	0.6691	0.5000	0.8480	0.7488	0.5338	0.8025	33.7333	0.1271	2820.0000	776.0000	0.2752	2822.0000
867	0.6659	0.5000	0.8498	0.7473	0.5302	0.8043	33.5333	0.1266	2835.0000	794.0000	0.2801	2837.0000
868	0.6691	0.5000	0.8477	0.7539	0.5336	0.8061	34.0000	0.1275	2832.0000	769.0000	0.2715	2834.0000
869	0.6688	0.5000	0.8475	0.7433	0.5269	0.8071	33.8667	0.1252	2827.0000	777.0000	0.2748	2829.0000
870	0.6670	0.5000	0.8475	0.7489	0.5299	0.8030	33.8000	0.1276	2812.0000	767.0000	0.2728	2814.0000
871	0.6700	0.5000	0.8480	0.7452	0.5377	0.8050	33.8000	0.1262	2814.0000	767.0000	0.2726	2816.0000
872	0.6611	0.5000	0.8470	0.7508	0.5367	0.8048	33.6667	0.1230	2814.0000	762.0000	0.2708	2816.0000
873	0.6742	0.5000	0.8484	0.7540	0.5322	0.8086	33.7333	0.1223	2829.0000	765.0000	0.2704	2831.0000
874	0.6696	0.5000	0.8479	0.7409	0.5265	0.8019	33.9333	0.1290	2824.0000	785.0000	0.2780	2826.0000
875	0.6687	0.5000	0.8479	0.7517	0.5315	0.8046	33.9333	0.1279	2815.0000	773.0000	0.2746	2817.0000
876	0.6704	0.5000	0.8464	0.7415	0.5339	0.7991	33.8667	0.1279	2827.0000	784.0000	0.2773	2829.0000
877	0.6683	0.5000	0.8469	0.7450	0.5269	0.8005	33.8000	0.1284	2830.0000	788.0000	0.2784	2832.0000
878	0.6707	0.5000	0.8469	0.7528	0.5282	0.8103	33.9333	0.1248	2820.0000	757.0000	0.2684	2822.0000
879	0.6703	0.5000	0.8476	0.7429	0.5326	0.8001	34.0000	0.1258	2821.0000	770.0000	0.2730	2823.0000
880	0.6643	0.5000	0.8467	0.7319	0.5258	0.8002	33.4667	0.1310	2821.0000	789.0000	0.2797	2823.0000
881	0.6641	0.5000	0.8484	0.7444	0.5265	0.8018	33.8667	0.1294	2819.0000	785.0000	0.2785	2821.0000
882	0.6635	0.5000	0.8491	0.7522	0.5344	0.8070	34.0000	0.1260	2832.0000	770.0000	0.2719	2834.0000
883	0.6720	0.5000	0.8481	0.7474	0.5330	0.8054	33.8000	0.1231	2832.0000	780.0000	0.2754	2834.0000
884	0.6580	0.5000	0.8449	0.7303	0.5303	0.7954	33.9333	0.1313	2807.0000	767.0000	0.2732	2809.0000
885	0.6628	0.5000	0.8487	0.7446	0.5343	0.8012	33.6000	0.1276	2821.0000	774.0000	0.2744	2823.0000
886	0.6743	0.5000	0.8489	0.7458	0.5370	0.8123	33.6000	0.1205	2814.0000	761.0000	0.2704	2816.0000
887	0.6684	0.5000	0.8494	0.7392	0.5359	0.8066	33.6000	0.1238	2822.0000	771.0000	0.2732	2824.0000
888	0.6649	0.5000	0.8461	0.7524	0.5295	0.8027	33.7333	0.1272	2813.0000	769.0000	0.2734	2815.0000
889	0.6708	0.5000	0.8475	0.7446	0.5335	0.8013	33.8000	0.1279	2814.0000	773.0000	0.2747	2816.0000
890	0.6577	0.5000	0.8502	0.7322	0.5299	0.7958	34.0000	0.1326	2816.0000	791.0000	0.2809	2818.0000
891	0.6646	0.5000	0.8479	0.7384	0.5313	0.8019	33.9333	0.1302	2825.0000	779.0000	0.2758	2827.0000
892	0.6710	0.5000	0.8467	0.7369	0.5222	0.8036	33.7333	0.1268	2832.0000	774.0000	0.2733	2834.0000
893	0.6695	0.5000	0.8489	0.7611	0.5305	0.8092	33.5333	0.1236	2823.0000	758.0000	0.2685	2825.0000
894	0.6661	0.5000	0.8499	0.7486	0.5300	0.8048	33.9333	0.1316	2818.0000	756.0000	0.2683	2820.0000
895	0.6712	0.5000	0.8479	0.7333	0.5305	0.8053	33.8667	0.1197	2823.0000	766.0000	0.2713	2825.0000
896	0.6602	0.5000	0.8473	0.7443	0.5263	0.7973	33.6667	0.1292	2827.0000	782.0000	0.2766	2829.0000
897	0.6564	0.5000	0.8481	0.7461	0.5329	0.8054	33.8000	0.1264	2812.0000	772.0000	0.2745	2814.0000
898	0.6629	0.5000	0.8482	0.7464	0.5218	0.8001	33.6667	0.1302	2822.0000	787.0000	0.2789	2824.0000
899	0.6691	0.5000	0.8491	0.7463	0.5374	0.8003	33.7333	0.1285	2825.0000	769.0000	0.2722	2827.0000
900	0.6591	0.5000	0.8483	0.7442	0.5361	0.7967	34.1333	0.1314	2824.0000	791.0000	0.2801	2826.0000
901	0.6622	0.5000	0.8486	0.7417	0.5332	0.7945	33.8000	0.1316	2837.0000	801.0000	0.2823	2839.0000
902	0.6673	0.5000	0.8484	0.7386	0.5274	0.8020	33.9333	0.1264	2824.0000	777.0000	0.2751	2826.0000
903	0.6712	0.5000	0.8446	0.7397	0.5322	0.8053	33.8000	0.1224	2826.0000	766.0000	0.2711	2828.0000
904	0.6758	0.5000	0.8484	0.7406	0.5282	0.8058	33.9333	0.1274	2826.0000	774.0000	0.2739	2828.0000
905	0.6758	0.5000	0.8460	0.7559	0.5357	0.8055	33.8000	0.1284	2808.0000	756.0000	0.2692	2810.0000
906	0.6718	0.5000	0.8481	0.7499	0.5338	0.8047	33.5333	0.1253	2837.0000	767.0000	0.2704	2839.0000
907	0.6685	0.5000	0.8470	0.7520	0.5299	0.7992	33.5333	0.1323	2807.0000	781.0000	0.2782	2809.0000
908	0.6643	0.5000	0.8491	0.7380	0.5330	0.8039	33.8667	0.1262	2825.0000	778.0000	0.2754	2827.0000
909	0.6620	0.5000	0.8474	0.7449	0.5271	0.7967	33.9333	0.1349	2815.0000	789.0000	0.2803	2817.0000
910	0.6637	0.5000	0.8466	0.7375	0.5294	0.8030	33.9333	0.1262	2814.0000	765.0000	0.2719	2816.0000
911	0.6577	0.5000	0.8470	0.7531	0.5334	0.8020	33.8000	0.1321	2809.0000	762.0000	0.2713	2811.0000
912	0.6735	0.5000	0.8468	0.7488	0.5290	0.8009	33.8667	0.1318	2814.0000	784.0000	0.2786	2816.0000
913	0.6734	0.5000	0.8494	0.7548	0.5347	0.8039	33.4667	0.1260	2826.0000	756.0000	0.2675	2828.0000
914	0.6666	0.5000	0.8476	0.7412	0.5334	0.7968	33.8000	0.1305	2811.0000	785.0000	0.2793	2813.0000
915	0.6721	0.5000	0.8498	0.7496	0.5289	0.8005	33.8667	0.1299	2830.0000	780.0000	0.2756	2832.0000
916	0.6624	0.5000	0.8473	0.7397	0.5264	0.7969	33.8667	0.1328	2830.0000	782.0000	0.2763	2832.0000
917	0.6736	0.5000	0.8468	0.7451	0.5276	0.8060	33.7333	0.1244	2816.0000	770.0000	0.2734	2818.0000
918	0.6709	0.5000	0.8470	0.7388	0.5306	0.8010	34.0000	0.1298	2816.0000	777.0000	0.2759	2818.0000
919	0.6681	0.5000	0.8488	0.7401	0.5271	0.8029	33.6667	0.1284	2830.0000	778.0000	0.2749	2832.0000
920	0.6701	0.5000	0.8466	0.7477	0.5275	0.7998	34.0000	0.1276	2809.0000	788.0000	0.2805	2811.0000
921	0.6655	0.5000	0.8474	0.7369	0.5329	0.7993	33.7333	0.1292	2830.0000	789.0000	0.2788	2832.0000
922	0.6759	0.5000	0.8473	0.7493	0.5344	0.8087	33.8667	0.1237	2822.0000	760.0000	0.2693	2824.0000
923	0.6672	0.5000	0.8481	0.7405	0.5320	0.8018	34.0000	0.1234	2827.0000	777.0000	0.2748	2829.0000
924	0.6639	0.5000	0.8479	0.7422	0.5322	0.7985	33.6667	0.1308	2810.0000	796.0000	0.2833	2812.0000
925	0.6653	0.5000	0.8500	0.7469	0.5311	0.8021	33.4667	0.1316	2821.0000	770.0000	0.2730	2823.0000
926	0.6750	0.5000	0.8467	0.7542	0.5383	0.8081	33.8000	0.1206	2826.0000	761.0000	0.2693	2828.0000
927	0.6771	0.5000	0.8478	0.7441	0.5242	0.8071	33.6000	0.1251	2821.0000	766.0000	0.2715	2823.0000
928	0.6716	0.5000	0.8474	0.7453	0.5250	0.8027	33.7333	0.1286	2832.0000	774.0000	0.2733	2834.0000
929	0.6678	0.5000	0.8497	0.7387	0.5247	0.8072	33.7333	0.1239	2831.0000	778.0000	0.2748	2833.0000
930	0.6763	0.5000	0.8481	0.7525	0.5345	0.8122	33.9333	0.1224	2830.0000	744.0000	0.2629	2832.0000
931	0.6674	0.5000	0.8490	0.7526	0.5326	0.8024	33.8000	0.1263	2816.0000	776.0000	0.2756	2818.0000
932	0.6659	0.5000	0.8460	0.7561	0.5308	0.7998	33.6667	0.1335	2810.0000	788.0000	0.2804	2812.0000
933	0.6726	0.5000	0.8481	0.7468	0.5372	0.8096	33.7333	0.1227	2831.0000	761.0000	0.2688	2833.0000
934	0.6695	0.5000	0.8485	0.7458	0.5319	0.8020	33.7333	0.1304	2830.0000	781.0000	0.2760	2832.0000
935	0.6644	0.5000	0.8476	0.7461	0.5337	0.7994	33.9333	0.1301	2818.0000	784.0000	0.2782	2820.0000
936	0.6581	0.5000	0.8488	0.7479	0.5349	0.8017	33.8000	0.1287	2820.0000	772.0000	0.2738	2822.0000
937	0.6631	0.5000	0.8481	0.7389	0.5302	0.7957	33.6000	0.1299	2826.0000	788.0000	0.2788	2828.0000
938	0.6719	0.5000	0.8496	0.7434	0.5361	0.8068	33.8000	0.1262	2811.0000	752.0000	0.2675	2813.0000
939	0.6718	0.5000	0.8483	0.7417	0.5258	0.8028	34.0000	0.1300	2826.0000	781.0000	0.2764	2828.0000
940	0.6734	0.5000	0.8464	0.7422	0.5373	0.8073	33.8000	0.1199	2817.0000	755.0000	0.2680	2819.0000
941	0.6677	0.5000	0.8458	0.7486	0.5337	0.8027	33.6000	0.1308	2809.0000	772.0000	0.2748	2811.0000
942	0.6733	0.5000	0.8493	0.7499	0.5345	0.8092	33.7333	0.1237	2829.0000	748.0000	0.2644	2831.0000
943	0.6655	0.5000	0.8485	0.7528	0.5327	0.8108	33.4667	0.1225	2831.0000	762.0000	0.2692	2833.0000
944	0.6713	0.5000	0.8497	0.7433	0.5339	0.8067	34.2000	0.1255	2819.0000	774.0000	0.2746	2821.0000
945	0.6563	0.5000	0.8481	0.7515	0.5322	0.8000	33.8000	0.1326	2821.0000	784.0000	0.2779	2823.0000
946	0.6682	0.5000	0.8488	0.7471	0.5356	0.8035	33.7333	0.1271	2815.0000	777.0000	0.2760	2817.0000
947	0.6671	0.5000	0.8479	0.7550	0.5408	0.8067	33.6000	0.1243	2806.0000	761.0000	0.2712	2808.0000
948	0.6747	0.5000	0.8493	0.7388	0.5333	0.8047	33.5333	0.1279	2811.0000	757.0000	0.2693	2813.0000
949	0.6664	0.5000	0.8478	0.7442	0.5287	0.8048	34.0667	0.1247	2812.0000	766.0000	0.2724	2814.0000
950	0.6630	0.5000	0.8473	0.7508	0.5356	0.7995	33.4667	0.1309	2817.0000	775.0000	0.2751	2819.0000
951	0.6767	0.5000	0.8496	0.7561	0.5356	0.8135	33.7333	0.1223	2831.0000	752.0000	0.2656	2833.0000
952	0.6647	0.5000	0.8485	0.7459	0.5356	0.8044	33.8667	0.1259	2835.0000	771.0000	0.2720	2837.0000
953	0.6714	0.5000	0.8480	0.7443	0.5250	0.7998	34.0000	0.1307	2825.0000	785.0000	0.2779	2827.0000
954	0.6780	0.5000	0.8464	0.7539	0.5325	0.8128	33.6667	0.1211	2827.0000	748.0000	0.2646	2829.0000
955	0.6694	0.5000	0.8483	0.7527	0.5326	0.8084	33.7333	0.1238	2803.0000	765.0000	0.2729	2805.0000
956	0.6787	0.5000	0.8467	0.7398	0.5264	0.8044	33.6000	0.1261	2808.0000	768.0000	0.2735	2810.0000
957	0.6698	0.5000	0.8481	0.7556	0.5269	0.8029	33.8667	0.1288	2824.0000	777.0000	0.2751	2826.0000
958	0.6773	0.5000	0.8468	0.7387	0.5305	0.8031	34.1333	0.1269	2817.0000	777.0000	0.2758	2819.0000
959	0.6681	0.5000	0.8460	0.7508	0.5317	0.8068	33.7333	0.1262	2810.0000	763.0000	0.2715	2812.0000
960	0.6721	0.5000	0.8488	0.7534	0.5278	0.8054	33.8667	0.1256	2830.0000	775.0000	0.2739	2832.0000
961	0.6643	0.5000	0.8477	0.7466	0.5341	0.7986	33.8000	0.1288	2817.0000	779.0000	0.2765	2819.0000
962	0.6554	0.5000	0.8468	0.7523	0.5312	0.7953	33.9333	0.1362	2808.0000	792.0000	0.2821	2810.0000
963	0.6578	0.5000	0.8482	0.7423	0.5353	0.8025	33.7333	0.1272	2823.0000	776.0000	0.2749	2825.0000
964	0.6737	0.5000	0.8494	0.7477	0.5357	0.8029	33.9333	0.1284	2823.0000	768.0000	0.2721	2825.0000
965	0.6665	0.5000	0.8487	0.7530	0.5333	0.8035	33.4667	0.1271	2823.0000	772.0000	0.2735	2825.0000
966	0.6701	0.5000	0.8485	0.7447	0.5328	0.8017	33.6000	0.1306	2804.0000	787.0000	0.2807	2806.0000
967	0.6686	0.5000	0.8498	0.7446	0.5327	0.8019	33.6667	0.1313	2824.0000	773.0000	0.2737	2826.0000
968	0.6645	0.5000	0.8501	0.7446	0.5412	0.8046	33.6000	0.1273	2824.0000	764.0000	0.2705	2826.0000
969	0.6676	0.5000	0.8468	0.7376	0.5285	0.8027	33.8000	0.1264	2834.0000	789.0000	0.2784	2836.0000
970	0.6682	0.5000	0.8501	0.7416	0.5376	0.8072	33.7333	0.1218	2826.0000	763.0000	0.2700	2828.0000
971	0.6612	0.5000	0.8444	0.7457	0.5269	0.8041	33.8667	0.1235	2820.0000	767.0000	0.2720	2822.0000
972	0.6673	0.5000	0.8460	0.7444	0.5256	0.8006	33.9333	0.1289	2811.0000	784.0000	0.2789	2813.0000
973	0.6636	0.5000	0.8480	0.7437	0.5349	0.8059	33.6667	0.1246	2814.0000	767.0000	0.2726	2816.0000
974	0.6635	0.5000	0.8478	0.7464	0.5272	0.8056	33.5333	0.1262	2821.0000	787.0000	0.2790	2823.0000
975	0.6706	0.5000	0.8494	0.7481	0.5350	0.8021	34.1333	0.1287	2830.0000	760.0000	0.2686	2832.0000
976	0.6682	0.5000	0.8481	0.7386	0.5327	0.8019	34.0667	0.1260	2817.0000	780.0000	0.2769	2819.0000
977	0.6604	0.5000	0.8498	0.7488	0.5376	0.8038	33.8000	0.1277	2829.0000	778.0000	0.2750	2831.0000
978	0.6601	0.5000	0.8485	0.7457	0.5358	0.7995	33.8667	0.1319	2819.0000	781.0000	0.2770	2821.0000
979	0.6667	0.5000	0.8488	0.7424	0.5337	0.8068	33.6000	0.1236	2819.0000	764.0000	0.2710	2821.0000
980	0.6644	0.5000	0.8490	0.7403	0.5313	0.8028	33.6667	0.1281	2821.0000	780.0000	0.2765	2823.0000
981	0.6670	0.5000	0.8443	0.7504	0.5334	0.8030	33.9333	0.1298	2809.0000	781.0000	0.2780	2811.0000
982	0.6762	0.5000	0.8479	0.7368	0.5259	0.8049	33.7333	0.1268	2832.0000	778.0000	0.2747	2834.0000
983	0.6728	0.5000	0.8492	0.7443	0.5309	0.8049	33.5333	0.1237	2823.0000	767.0000	0.2717	2825.0000
984	0.6682	0.5000	0.8469	0.7489	0.5344	0.8036	34.0000	0.1268	2816.0000	769.0000	0.2731	2818.0000
985	0.6691	0.5000	0.8494	0.7429	0.5344	0.7975	33.6667	0.1321	2831.0000	786.0000	0.2776	2833.0000
986	0.6676	0.5000	0.8478	0.7433	0.5300	0.7948	34.0000	0.1316	2814.0000	789.0000	0.2804	2816.0000
987	0.6790	0.5000	0.8483	0.7515	0.5397	0.8106	34.0667	0.1237	2820.0000	754.0000	0.2674	2822.0000
988	0.6788	0.5000	0.8500	0.7482	0.5359	0.8092	33.6667	0.1240	2828.0000	757.0000	0.2677	2830.0000
989	0.6653	0.5000	0.8494	0.7327	0.5307	0.8011	33.7333	0.1284	2802.0000	766.0000	0.2734	2804.0000
990	0.6633	0.5000	0.8445	0.7357	0.5288	0.7916	33.8000	0.1366	2794.0000	796.0000	0.2849	2796.0000
991	0.6682	0.5000	0.8487	0.7425	0.5300	0.8018	33.6667	0.1289	2827.0000	781.0000	0.2763	2829.0000
992	0.6809	0.5000	0.8480	0.7448	0.5288	0.8126	33.6667	0.1188	2831.0000	762.0000	0.2692	2833.0000
993	0.6672	0.5000	0.8469	0.7506	0.5356	0.7979	34.0000	0.1300	2814.0000	787.0000	0.2797	2816.0000
994	0.6743	0.5000	0.8496	0.7448	0.5284	0.8054	33.6000	0.1271	2828.0000	783.0000	0.2769	2830.0000
995	0.6732	0.5000	0.8471	0.7419	0.5303	0.8042	33.6000	0.1273	2827.0000	781.0000	0.2763	2829.0000
996	0.6702	0.5000	0.8478	0.7443	0.5276	0.8037	33.6000	0.1290	2831.0000	784.0000	0.2769	2833.0000
997	0.6572	0.5000	0.8491	0.7317	0.5276	0.7949	33.6667	0.1317	2838.0000	800.0000	0.2819	2840.0000
998	0.6684	0.5000	0.8483	0.7458	0.5356	0.8028	33.8000	0.1270	2826.0000	774.0000	0.2739	2828.0000
999	0.6765	0.5000	0.8496	0.7458	0.5307	0.8073	33.9333	0.1238	2823.0000	765.0000	0.2710	2825.0000
1000	0.6777	0.5000	0.8473	0.7446	0.5353	0.8045	33.8000	0.1289	2827.0000	766.0000	0.2710	2829.0000
