accuracy	proportion	density	fuzziness	coverage	purity	sounds	missing	ubound	clusters	props	patterns
1	0.5597	0.2499	0.6439	0.6799	0.3157	0.7935	32.7333	0.0945	2406.0000	405.0000	0.1683	2444.0000
2	0.5672	0.2499	0.6437	0.6833	0.3103	0.8025	33.1333	0.0911	2438.0000	388.0000	0.1591	2471.0000
3	0.5710	0.2499	0.6454	0.6881	0.3121	0.8071	33.0000	0.0918	2391.0000	386.0000	0.1614	2425.0000
4	0.5692	0.2499	0.6487	0.6986	0.3143	0.7992	32.7333	0.0957	2440.0000	395.0000	0.1619	2474.0000
5	0.5751	0.2499	0.6432	0.6803	0.3166	0.7993	32.9333	0.0946	2380.0000	390.0000	0.1639	2422.0000
6	0.5752	0.2499	0.6441	0.6780	0.3147	0.8032	32.6667	0.0877	2436.0000	391.0000	0.1605	2466.0000
7	0.5498	0.2499	0.6564	0.6675	0.3124	0.7972	33.0667	0.0894	2471.0000	401.0000	0.1623	2508.0000
8	0.5685	0.2499	0.6493	0.6748	0.3158	0.7987	33.1333	0.0890	2422.0000	390.0000	0.1610	2463.0000
9	0.5713	0.2499	0.6471	0.6858	0.3154	0.7986	32.6000	0.0982	2427.0000	393.0000	0.1619	2463.0000
10	0.5599	0.2499	0.6586	0.6800	0.3136	0.7981	33.0667	0.0945	2494.0000	400.0000	0.1604	2528.0000
11	0.5577	0.2499	0.6398	0.6796	0.3169	0.7984	33.4667	0.0912	2370.0000	401.0000	0.1692	2398.0000
12	0.5683	0.2499	0.6529	0.6812	0.3117	0.8046	32.9333	0.0929	2448.0000	379.0000	0.1548	2494.0000
13	0.5660	0.2499	0.6498	0.6699	0.3176	0.7973	32.8000	0.0892	2453.0000	391.0000	0.1594	2481.0000
14	0.5698	0.2499	0.6487	0.6843	0.3169	0.8030	32.6667	0.0896	2471.0000	390.0000	0.1578	2488.0000
15	0.5600	0.2499	0.6528	0.6886	0.3167	0.8013	32.8000	0.0866	2446.0000	391.0000	0.1599	2475.0000
16	0.5808	0.2499	0.6538	0.6853	0.3134	0.8063	32.8667	0.0879	2422.0000	384.0000	0.1585	2464.0000
17	0.5623	0.2499	0.6505	0.6846	0.3147	0.7970	33.2667	0.0915	2461.0000	396.0000	0.1609	2484.0000
18	0.5734	0.2499	0.6480	0.6671	0.3130	0.7973	33.0000	0.0913	2464.0000	405.0000	0.1644	2484.0000
19	0.5585	0.2499	0.6496	0.6632	0.3141	0.7932	33.1333	0.0935	2428.0000	399.0000	0.1643	2475.0000
20	0.5632	0.2499	0.6482	0.6967	0.3161	0.8057	33.0667	0.0876	2407.0000	382.0000	0.1587	2443.0000
21	0.5710	0.2499	0.6568	0.6882	0.3140	0.8078	32.8000	0.0872	2452.0000	382.0000	0.1558	2498.0000
22	0.5608	0.2499	0.6641	0.6852	0.3137	0.8005	33.1333	0.0897	2470.0000	389.0000	0.1575	2515.0000
23	0.5625	0.2499	0.6398	0.6844	0.3163	0.8018	33.2000	0.0925	2394.0000	394.0000	0.1646	2429.0000
24	0.5782	0.2499	0.6412	0.6891	0.3186	0.8026	33.6000	0.0913	2413.0000	385.0000	0.1596	2444.0000
25	0.5682	0.2499	0.6381	0.6864	0.3180	0.8009	33.2000	0.0928	2402.0000	399.0000	0.1661	2436.0000
26	0.5715	0.2499	0.6468	0.6673	0.3154	0.8022	33.0667	0.0875	2411.0000	392.0000	0.1626	2441.0000
27	0.5731	0.2499	0.6396	0.6842	0.3158	0.7962	33.0667	0.0939	2410.0000	401.0000	0.1664	2440.0000
28	0.5798	0.2499	0.6417	0.6916	0.3155	0.8007	33.0667	0.0982	2404.0000	395.0000	0.1643	2428.0000
29	0.5627	0.2499	0.6482	0.6834	0.3190	0.8022	33.2000	0.0902	2407.0000	396.0000	0.1645	2440.0000
30	0.5605	0.2499	0.6447	0.6761	0.3158	0.8005	32.8000	0.0905	2404.0000	393.0000	0.1635	2445.0000
31	0.5730	0.2499	0.6513	0.6723	0.3122	0.8021	32.7333	0.0880	2460.0000	390.0000	0.1585	2497.0000
32	0.5603	0.2499	0.6464	0.6789	0.3187	0.7985	32.4000	0.0880	2420.0000	395.0000	0.1632	2447.0000
33	0.5673	0.2499	0.6564	0.6747	0.3115	0.8020	32.7333	0.0876	2465.0000	401.0000	0.1627	2499.0000
34	0.5736	0.2499	0.6440	0.6762	0.3160	0.7944	33.0667	0.0973	2421.0000	404.0000	0.1669	2449.0000
35	0.5641	0.2499	0.6500	0.6948	0.3106	0.7998	33.1333	0.0925	2460.0000	398.0000	0.1618	2492.0000
36	0.5801	0.2499	0.6500	0.6784	0.3174	0.8048	33.0667	0.0853	2436.0000	388.0000	0.1593	2467.0000
37	0.5642	0.2499	0.6564	0.6772	0.3119	0.8002	33.1333	0.0951	2443.0000	392.0000	0.1605	2472.0000
38	0.5722	0.2499	0.6434	0.6923	0.3137	0.7999	33.0667	0.0945	2409.0000	388.0000	0.1611	2442.0000
39	0.5749	0.2499	0.6472	0.6710	0.3145	0.7983	32.8667	0.0933	2431.0000	392.0000	0.1613	2477.0000
40	0.5649	0.2499	0.6569	0.6951	0.3211	0.7941	33.0000	0.1004	2432.0000	400.0000	0.1645	2463.0000
41	0.5606	0.2499	0.6523	0.6829	0.3112	0.8035	32.9333	0.0892	2445.0000	385.0000	0.1575	2476.0000
42	0.5681	0.2499	0.6464	0.6929	0.3154	0.8039	33.3333	0.0947	2417.0000	386.0000	0.1597	2452.0000
43	0.5486	0.2499	0.6559	0.6777	0.3149	0.7921	32.9333	0.0950	2468.0000	403.0000	0.1633	2514.0000
44	0.5566	0.2499	0.6450	0.6772	0.3135	0.7978	33.2667	0.0942	2437.0000	402.0000	0.1650	2473.0000
45	0.5639	0.2499	0.6385	0.6736	0.3186	0.7919	32.9333	0.0946	2393.0000	405.0000	0.1692	2421.0000
46	0.5597	0.2499	0.6422	0.6675	0.3136	0.7927	33.0000	0.0941	2446.0000	405.0000	0.1656	2478.0000
47	0.5695	0.2499	0.6429	0.6867	0.3162	0.8010	33.0000	0.0917	2410.0000	387.0000	0.1606	2443.0000
48	0.5735	0.2499	0.6467	0.6841	0.3131	0.7971	32.6667	0.1006	2426.0000	398.0000	0.1641	2469.0000
49	0.5751	0.2499	0.6478	0.6838	0.3139	0.8076	33.0667	0.0898	2448.0000	379.0000	0.1548	2483.0000
50	0.5634	0.2499	0.6578	0.6830	0.3152	0.7979	33.0667	0.0943	2458.0000	390.0000	0.1587	2504.0000
51	0.5590	0.2499	0.6505	0.6737	0.3181	0.7952	33.0000	0.0913	2430.0000	397.0000	0.1634	2473.0000
52	0.5714	0.2499	0.6374	0.7004	0.3135	0.8149	32.9333	0.0860	2395.0000	380.0000	0.1587	2419.0000
53	0.5818	0.2499	0.6414	0.6817	0.3200	0.8002	32.8667	0.0906	2383.0000	391.0000	0.1641	2416.0000
54	0.5634	0.2499	0.6400	0.6876	0.3109	0.8033	33.0667	0.0904	2446.0000	399.0000	0.1631	2467.0000
55	0.5721	0.2499	0.6479	0.6982	0.3196	0.8055	32.8667	0.0909	2401.0000	375.0000	0.1562	2429.0000
56	0.5675	0.2499	0.6460	0.6751	0.3134	0.8043	32.9333	0.0888	2400.0000	402.0000	0.1675	2438.0000
57	0.5630	0.2499	0.6506	0.6763	0.3159	0.7988	32.8667	0.0937	2430.0000	396.0000	0.1630	2475.0000
58	0.5724	0.2499	0.6402	0.6912	0.3161	0.8035	33.0000	0.0951	2425.0000	390.0000	0.1608	2446.0000
59	0.5595	0.2499	0.6516	0.6952	0.3133	0.8030	32.9333	0.0911	2472.0000	382.0000	0.1545	2498.0000
60	0.5794	0.2499	0.6427	0.6868	0.3153	0.8020	32.7333	0.0898	2407.0000	389.0000	0.1616	2427.0000
61	0.5555	0.2499	0.6503	0.6767	0.3168	0.7941	32.6000	0.0946	2431.0000	406.0000	0.1670	2469.0000
62	0.5657	0.2499	0.6436	0.6824	0.3159	0.7954	33.0000	0.0957	2405.0000	408.0000	0.1696	2449.0000
63	0.5675	0.2499	0.6422	0.6856	0.3166	0.8045	33.0667	0.0911	2402.0000	386.0000	0.1607	2442.0000
64	0.5760	0.2499	0.6456	0.6740	0.3161	0.8030	32.7333	0.0936	2407.0000	393.0000	0.1633	2433.0000
65	0.5728	0.2499	0.6472	0.6848	0.3121	0.8080	32.9333	0.0861	2441.0000	382.0000	0.1565	2467.0000
66	0.5736	0.2499	0.6341	0.6862	0.3205	0.8035	32.8000	0.0860	2396.0000	378.0000	0.1578	2423.0000
67	0.5569	0.2499	0.6499	0.6962	0.3109	0.8052	33.2667	0.0912	2447.0000	389.0000	0.1590	2486.0000
68	0.5811	0.2499	0.6454	0.6768	0.3140	0.7977	33.1333	0.0943	2437.0000	401.0000	0.1645	2456.0000
69	0.5703	0.2499	0.6442	0.6770	0.3121	0.8041	32.9333	0.0928	2416.0000	388.0000	0.1606	2453.0000
70	0.5738	0.2499	0.6467	0.6681	0.3125	0.7949	33.0667	0.0958	2462.0000	407.0000	0.1653	2489.0000
71	0.5810	0.2499	0.6467	0.6868	0.3174	0.8090	33.1333	0.0899	2432.0000	386.0000	0.1587	2459.0000
72	0.5645	0.2499	0.6560	0.6838	0.3149	0.8038	32.7333	0.0885	2433.0000	403.0000	0.1656	2456.0000
73	0.5742	0.2499	0.6522	0.6873	0.3145	0.8061	33.0667	0.0863	2448.0000	382.0000	0.1560	2490.0000
74	0.5780	0.2499	0.6461	0.6759	0.3165	0.8049	33.0667	0.0890	2395.0000	390.0000	0.1628	2428.0000
75	0.5764	0.2499	0.6561	0.6965	0.3133	0.8118	32.8667	0.0826	2474.0000	369.0000	0.1492	2508.0000
76	0.5722	0.2499	0.6505	0.6936	0.3141	0.8058	33.2667	0.0917	2421.0000	391.0000	0.1615	2451.0000
77	0.5689	0.2499	0.6498	0.6857	0.3124	0.7946	32.9333	0.0967	2450.0000	388.0000	0.1584	2485.0000
78	0.5691	0.2499	0.6464	0.6793	0.3118	0.8034	32.6000	0.0892	2439.0000	390.0000	0.1599	2471.0000
79	0.5701	0.2499	0.6620	0.6859	0.3144	0.8056	33.0000	0.0877	2461.0000	383.0000	0.1556	2495.0000
80	0.5674	0.2499	0.6418	0.6979	0.3164	0.8016	33.4000	0.0949	2450.0000	389.0000	0.1588	2474.0000
81	0.5747	0.2499	0.6570	0.6929	0.3161	0.7987	33.1333	0.0969	2475.0000	391.0000	0.1580	2514.0000
82	0.5670	0.2499	0.6444	0.6905	0.3160	0.7986	32.9333	0.0901	2446.0000	391.0000	0.1599	2471.0000
83	0.5685	0.2499	0.6444	0.6740	0.3108	0.8004	33.0667	0.0882	2446.0000	396.0000	0.1619	2470.0000
84	0.5722	0.2499	0.6446	0.6880	0.3124	0.8064	33.1333	0.0925	2416.0000	387.0000	0.1602	2453.0000
85	0.5725	0.2499	0.6513	0.6745	0.3170	0.8091	33.0000	0.0847	2445.0000	379.0000	0.1550	2476.0000
86	0.5697	0.2499	0.6482	0.6874	0.3172	0.7946	33.2000	0.0941	2436.0000	395.0000	0.1622	2466.0000
87	0.5717	0.2499	0.6601	0.6875	0.3178	0.8016	33.0667	0.0925	2461.0000	397.0000	0.1613	2487.0000
88	0.5746	0.2499	0.6494	0.6951	0.3139	0.8034	33.0667	0.0919	2444.0000	383.0000	0.1567	2469.0000
89	0.5701	0.2499	0.6435	0.6791	0.3108	0.7979	33.0000	0.0921	2436.0000	397.0000	0.1630	2464.0000
90	0.5696	0.2499	0.6487	0.7003	0.3222	0.8038	32.7333	0.0957	2377.0000	382.0000	0.1607	2403.0000
91	0.5809	0.2499	0.6498	0.6855	0.3138	0.8054	33.0000	0.0898	2456.0000	384.0000	0.1564	2497.0000
92	0.5570	0.2499	0.6456	0.6902	0.3164	0.8090	33.2000	0.0838	2431.0000	389.0000	0.1600	2462.0000
93	0.5488	0.2499	0.6458	0.6749	0.3154	0.8033	33.0000	0.0860	2444.0000	390.0000	0.1596	2461.0000
94	0.5641	0.2499	0.6465	0.6922	0.3160	0.8042	32.8667	0.0897	2420.0000	392.0000	0.1620	2457.0000
95	0.5515	0.2499	0.6456	0.6889	0.3128	0.7980	33.0000	0.0957	2456.0000	392.0000	0.1596	2483.0000
96	0.5597	0.2499	0.6534	0.6840	0.3125	0.8038	32.8667	0.0904	2482.0000	380.0000	0.1531	2508.0000
97	0.5521	0.2499	0.6548	0.6867	0.3160	0.7929	33.0000	0.0944	2460.0000	400.0000	0.1626	2492.0000
98	0.5696	0.2499	0.6487	0.6675	0.3118	0.8026	33.2000	0.0878	2428.0000	397.0000	0.1635	2451.0000
99	0.5812	0.2499	0.6534	0.6937	0.3156	0.8089	32.8667	0.0872	2439.0000	379.0000	0.1554	2467.0000
100	0.5751	0.2499	0.6523	0.6739	0.3117	0.8029	32.9333	0.0906	2445.0000	396.0000	0.1620	2478.0000
101	0.5847	0.2499	0.6440	0.6809	0.3148	0.8074	32.8667	0.0884	2422.0000	386.0000	0.1594	2457.0000
102	0.5795	0.2499	0.6554	0.6768	0.3140	0.8052	32.6000	0.0912	2468.0000	394.0000	0.1596	2491.0000
103	0.5894	0.2499	0.6490	0.6884	0.3158	0.8082	33.2667	0.0868	2413.0000	386.0000	0.1600	2455.0000
104	0.5725	0.2499	0.6431	0.6838	0.3173	0.8031	32.8000	0.0909	2447.0000	386.0000	0.1577	2466.0000
105	0.5928	0.2499	0.6486	0.6916	0.3146	0.8101	32.6667	0.0884	2440.0000	379.0000	0.1553	2477.0000
106	0.5561	0.2499	0.6523	0.6969	0.3149	0.7974	33.0667	0.0959	2445.0000	398.0000	0.1628	2483.0000
107	0.5655	0.2499	0.6521	0.6905	0.3175	0.8034	32.9333	0.0885	2448.0000	392.0000	0.1601	2477.0000
108	0.5575	0.2499	0.6424	0.6786	0.3163	0.8003	32.8667	0.0914	2417.0000	394.0000	0.1630	2445.0000
109	0.5746	0.2499	0.6548	0.6950	0.3135	0.8096	32.8667	0.0904	2442.0000	377.0000	0.1544	2471.0000
110	0.5872	0.2499	0.6549	0.6871	0.3090	0.8061	33.4000	0.0886	2452.0000	383.0000	0.1562	2493.0000
111	0.5579	0.2499	0.6488	0.6843	0.3169	0.8009	32.6000	0.0884	2455.0000	388.0000	0.1580	2483.0000
112	0.5687	0.2499	0.6444	0.6855	0.3182	0.8017	32.9333	0.0886	2406.0000	396.0000	0.1646	2427.0000
113	0.5651	0.2499	0.6425	0.6787	0.3141	0.7991	33.0000	0.0921	2409.0000	398.0000	0.1652	2453.0000
114	0.5791	0.2499	0.6467	0.6871	0.3135	0.8101	32.8000	0.0868	2441.0000	382.0000	0.1565	2464.0000
115	0.5663	0.2499	0.6527	0.6762	0.3175	0.8035	33.0000	0.0907	2419.0000	388.0000	0.1604	2457.0000
116	0.5851	0.2499	0.6462	0.6764	0.3093	0.8134	33.1333	0.0809	2404.0000	373.0000	0.1552	2438.0000
117	0.5707	0.2499	0.6575	0.6754	0.3139	0.8066	32.7333	0.0869	2450.0000	383.0000	0.1563	2476.0000
118	0.5621	0.2499	0.6583	0.6902	0.3173	0.7956	33.3333	0.0944	2454.0000	393.0000	0.1601	2493.0000
119	0.5527	0.2499	0.6516	0.6729	0.3113	0.7942	32.8000	0.0947	2479.0000	403.0000	0.1626	2509.0000
120	0.5616	0.2499	0.6482	0.6806	0.3166	0.8027	32.8000	0.0864	2419.0000	388.0000	0.1604	2448.0000
121	0.5605	0.2499	0.6516	0.6806	0.3160	0.7975	32.8000	0.0910	2408.0000	386.0000	0.1603	2449.0000
122	0.5635	0.2499	0.6471	0.6925	0.3197	0.7989	32.8667	0.0948	2397.0000	391.0000	0.1631	2431.0000
123	0.5529	0.2499	0.6568	0.6833	0.3169	0.7970	33.3333	0.0948	2437.0000	398.0000	0.1633	2476.0000
124	0.5560	0.2499	0.6515	0.6720	0.3144	0.7918	32.8667	0.0948	2451.0000	400.0000	0.1632	2482.0000
125	0.5795	0.2499	0.6444	0.6944	0.3138	0.8045	32.8667	0.0970	2423.0000	389.0000	0.1605	2462.0000
126	0.5694	0.2499	0.6503	0.6767	0.3109	0.8026	33.0667	0.0860	2486.0000	391.0000	0.1573	2507.0000
127	0.5661	0.2499	0.6433	0.6859	0.3158	0.8038	32.7333	0.0897	2447.0000	389.0000	0.1590	2482.0000
128	0.5751	0.2499	0.6521	0.6949	0.3152	0.8053	33.0000	0.0940	2442.0000	386.0000	0.1581	2476.0000
129	0.5603	0.2499	0.6492	0.6917	0.3213	0.8014	33.4000	0.0907	2424.0000	393.0000	0.1621	2443.0000
130	0.5697	0.2499	0.6434	0.6779	0.3171	0.7956	32.9333	0.0933	2408.0000	395.0000	0.1640	2436.0000
131	0.5710	0.2499	0.6497	0.6848	0.3182	0.8067	32.6667	0.0870	2425.0000	383.0000	0.1579	2463.0000
132	0.5573	0.2499	0.6508	0.6838	0.3122	0.8012	32.8000	0.0904	2480.0000	388.0000	0.1565	2518.0000
133	0.5753	0.2499	0.6511	0.6899	0.3149	0.8008	33.0667	0.0895	2437.0000	392.0000	0.1609	2470.0000
134	0.5799	0.2499	0.6493	0.6948	0.3129	0.8115	33.2667	0.0899	2411.0000	373.0000	0.1547	2443.0000
135	0.5765	0.2499	0.6482	0.6928	0.3212	0.8036	32.7333	0.0924	2400.0000	381.0000	0.1588	2427.0000
136	0.5763	0.2499	0.6538	0.6787	0.3084	0.8048	33.0000	0.0904	2521.0000	393.0000	0.1559	2534.0000
137	0.5763	0.2499	0.6463	0.6808	0.3127	0.8017	33.1333	0.0938	2425.0000	395.0000	0.1629	2450.0000
138	0.5864	0.2499	0.6512	0.6900	0.3123	0.8078	32.8667	0.0886	2450.0000	374.0000	0.1527	2480.0000
139	0.5824	0.2499	0.6534	0.6849	0.3128	0.8023	33.2000	0.0938	2455.0000	394.0000	0.1605	2489.0000
140	0.5662	0.2499	0.6439	0.6815	0.3160	0.8000	33.0667	0.0875	2412.0000	399.0000	0.1654	2448.0000
141	0.5722	0.2499	0.6515	0.6895	0.3129	0.8098	32.9333	0.0904	2419.0000	385.0000	0.1592	2461.0000
142	0.5731	0.2499	0.6501	0.6934	0.3168	0.8004	33.7333	0.0931	2451.0000	395.0000	0.1612	2477.0000
143	0.5883	0.2499	0.6490	0.6924	0.3191	0.8113	33.0667	0.0880	2388.0000	380.0000	0.1591	2426.0000
144	0.5572	0.2499	0.6483	0.6857	0.3129	0.7957	32.8000	0.0917	2447.0000	387.0000	0.1582	2483.0000
145	0.5653	0.2499	0.6543	0.6788	0.3129	0.7950	33.1333	0.0944	2477.0000	403.0000	0.1627	2513.0000
146	0.5746	0.2499	0.6474	0.6969	0.3203	0.8044	33.0000	0.0899	2384.0000	387.0000	0.1623	2427.0000
147	0.5653	0.2499	0.6535	0.6895	0.3088	0.8099	33.4000	0.0890	2458.0000	384.0000	0.1562	2499.0000
148	0.5674	0.2499	0.6511	0.6822	0.3138	0.8023	33.0667	0.0923	2488.0000	392.0000	0.1576	2518.0000
149	0.5717	0.2499	0.6579	0.6734	0.3105	0.8022	32.9333	0.0915	2455.0000	395.0000	0.1609	2494.0000
150	0.5747	0.2499	0.6573	0.6965	0.3130	0.8022	33.2667	0.0902	2454.0000	396.0000	0.1614	2476.0000
151	0.5596	0.2499	0.6393	0.6888	0.3142	0.7972	32.8667	0.0935	2409.0000	400.0000	0.1660	2449.0000
152	0.5689	0.2499	0.6516	0.6790	0.3104	0.8012	33.0667	0.0894	2429.0000	391.0000	0.1610	2469.0000
153	0.5711	0.2499	0.6546	0.6987	0.3135	0.8047	33.0667	0.0912	2462.0000	380.0000	0.1543	2510.0000
154	0.5724	0.2499	0.6639	0.6846	0.3109	0.8041	32.6667	0.0909	2517.0000	387.0000	0.1538	2555.0000
155	0.5773	0.2499	0.6491	0.6895	0.3145	0.8031	32.9333	0.0903	2443.0000	380.0000	0.1555	2487.0000
156	0.5566	0.2499	0.6480	0.6818	0.3164	0.7933	32.8667	0.0986	2398.0000	403.0000	0.1681	2437.0000
157	0.5558	0.2499	0.6561	0.6758	0.3165	0.7932	32.6000	0.0950	2458.0000	396.0000	0.1611	2493.0000
158	0.5798	0.2499	0.6363	0.6867	0.3147	0.8015	32.7333	0.0938	2388.0000	393.0000	0.1646	2420.0000
159	0.5667	0.2499	0.6555	0.6723	0.3122	0.7973	33.2667	0.0930	2491.0000	396.0000	0.1590	2512.0000
160	0.5755	0.2499	0.6503	0.6780	0.3151	0.8027	33.3333	0.0907	2434.0000	392.0000	0.1611	2474.0000
161	0.5648	0.2499	0.6516	0.6821	0.3170	0.7936	33.3333	0.0928	2445.0000	393.0000	0.1607	2469.0000
162	0.5755	0.2499	0.6485	0.6707	0.3123	0.7967	32.9333	0.0915	2465.0000	401.0000	0.1627	2485.0000
163	0.5778	0.2499	0.6469	0.6841	0.3129	0.8084	33.0000	0.0872	2426.0000	384.0000	0.1583	2463.0000
164	0.5657	0.2499	0.6509	0.6914	0.3161	0.8023	32.8667	0.0917	2431.0000	382.0000	0.1571	2473.0000
165	0.5767	0.2499	0.6451	0.7026	0.3160	0.8052	32.9333	0.0921	2427.0000	386.0000	0.1590	2462.0000
166	0.5730	0.2499	0.6473	0.6926	0.3202	0.8074	33.1333	0.0900	2428.0000	370.0000	0.1524	2460.0000
167	0.5780	0.2499	0.6475	0.7004	0.3202	0.8020	33.6000	0.0937	2398.0000	391.0000	0.1631	2423.0000
168	0.5618	0.2499	0.6576	0.6713	0.3148	0.7994	32.8000	0.0905	2494.0000	390.0000	0.1564	2520.0000
169	0.5646	0.2499	0.6535	0.6866	0.3106	0.8061	32.6667	0.0860	2454.0000	396.0000	0.1614	2488.0000
170	0.5595	0.2499	0.6503	0.6620	0.3116	0.7941	33.1333	0.0950	2476.0000	403.0000	0.1628	2502.0000
171	0.5640	0.2499	0.6428	0.6982	0.3160	0.8086	32.8000	0.0868	2428.0000	383.0000	0.1577	2457.0000
172	0.5655	0.2499	0.6501	0.7008	0.3173	0.7994	33.0000	0.0954	2440.0000	396.0000	0.1623	2481.0000
173	0.5691	0.2499	0.6477	0.6659	0.3126	0.7969	33.2667	0.0885	2429.0000	408.0000	0.1680	2466.0000
174	0.5688	0.2499	0.6471	0.6899	0.3186	0.7969	32.9333	0.0968	2429.0000	389.0000	0.1601	2462.0000
175	0.5646	0.2499	0.6519	0.6953	0.3139	0.8047	33.1333	0.0925	2416.0000	382.0000	0.1581	2455.0000
176	0.5652	0.2499	0.6445	0.6788	0.3112	0.7991	33.0667	0.0990	2446.0000	396.0000	0.1619	2472.0000
177	0.5814	0.2499	0.6459	0.6924	0.3134	0.8063	33.4000	0.0938	2433.0000	394.0000	0.1619	2470.0000
178	0.5690	0.2499	0.6554	0.6898	0.3152	0.8025	33.1333	0.0910	2455.0000	386.0000	0.1572	2509.0000
179	0.5725	0.2499	0.6469	0.6912	0.3148	0.8079	32.6000	0.0909	2446.0000	377.0000	0.1541	2472.0000
180	0.5668	0.2499	0.6501	0.6975	0.3127	0.7986	33.0667	0.0905	2470.0000	394.0000	0.1595	2500.0000
181	0.5720	0.2499	0.6555	0.6961	0.3165	0.8030	32.6000	0.0892	2443.0000	385.0000	0.1576	2482.0000
182	0.5742	0.2499	0.6492	0.6887	0.3176	0.8026	32.8667	0.0918	2419.0000	390.0000	0.1612	2456.0000
183	0.5785	0.2499	0.6409	0.6919	0.3179	0.8087	32.8667	0.0873	2427.0000	371.0000	0.1529	2459.0000
184	0.5766	0.2499	0.6491	0.6806	0.3156	0.8053	32.8667	0.0866	2432.0000	383.0000	0.1575	2474.0000
185	0.5633	0.2499	0.6462	0.6969	0.3141	0.7982	32.8667	0.0963	2403.0000	398.0000	0.1656	2439.0000
186	0.5683	0.2499	0.6527	0.6841	0.3148	0.7990	33.2000	0.0944	2451.0000	390.0000	0.1591	2474.0000
187	0.5615	0.2499	0.6498	0.6804	0.3149	0.7985	32.8667	0.0939	2464.0000	402.0000	0.1631	2484.0000
188	0.5637	0.2499	0.6549	0.6851	0.3140	0.8036	33.1333	0.0904	2460.0000	394.0000	0.1602	2492.0000
189	0.5700	0.2499	0.6527	0.6970	0.3149	0.8088	33.1333	0.0875	2443.0000	378.0000	0.1547	2487.0000
190	0.5585	0.2499	0.6445	0.6785	0.3144	0.7969	32.7333	0.0914	2430.0000	396.0000	0.1630	2466.0000
191	0.5767	0.2499	0.6478	0.6906	0.3169	0.8018	33.0667	0.0890	2423.0000	396.0000	0.1634	2454.0000
192	0.5693	0.2499	0.6532	0.6876	0.3162	0.7996	33.0000	0.0931	2427.0000	387.0000	0.1595	2472.0000
193	0.5451	0.2499	0.6577	0.6915	0.3166	0.7969	33.0667	0.0958	2452.0000	392.0000	0.1599	2491.0000
194	0.5749	0.2499	0.6461	0.6935	0.3138	0.8088	32.7333	0.0935	2431.0000	383.0000	0.1575	2458.0000
195	0.5552	0.2499	0.6426	0.6967	0.3158	0.7995	33.2000	0.0931	2396.0000	393.0000	0.1640	2432.0000
196	0.5726	0.2499	0.6447	0.6982	0.3144	0.8040	33.0667	0.0922	2435.0000	388.0000	0.1593	2474.0000
197	0.5772	0.2499	0.6443	0.6786	0.3103	0.8076	33.0000	0.0885	2451.0000	399.0000	0.1628	2478.0000
198	0.5762	0.2499	0.6470	0.6909	0.3126	0.8043	33.4000	0.0945	2426.0000	389.0000	0.1603	2466.0000
199	0.5581	0.2499	0.6550	0.6876	0.3150	0.8031	32.9333	0.0937	2449.0000	388.0000	0.1584	2484.0000
200	0.5643	0.2499	0.6534	0.6884	0.3109	0.8027	33.2667	0.0901	2491.0000	392.0000	0.1574	2519.0000
201	0.5581	0.2499	0.6519	0.6936	0.3145	0.8025	32.6667	0.0917	2438.0000	395.0000	0.1620	2479.0000
202	0.5748	0.2499	0.6479	0.6728	0.3155	0.8040	33.0667	0.0889	2434.0000	388.0000	0.1594	2471.0000
203	0.5662	0.2499	0.6444	0.7003	0.3145	0.8064	32.8667	0.0930	2408.0000	383.0000	0.1591	2444.0000
204	0.5764	0.2499	0.6546	0.6815	0.3141	0.8038	32.7333	0.0858	2489.0000	392.0000	0.1575	2525.0000
205	0.5610	0.2499	0.6453	0.6720	0.3162	0.7910	33.3333	0.0988	2416.0000	405.0000	0.1676	2450.0000
206	0.5825	0.2499	0.6432	0.6967	0.3212	0.7994	32.9333	0.0961	2396.0000	391.0000	0.1632	2433.0000
207	0.5577	0.2499	0.6543	0.6865	0.3149	0.8046	33.2000	0.0895	2444.0000	390.0000	0.1596	2478.0000
208	0.5587	0.2499	0.6530	0.6783	0.3165	0.7969	33.2667	0.0951	2465.0000	402.0000	0.1631	2500.0000
209	0.5680	0.2499	0.6338	0.6830	0.3157	0.7979	33.2000	0.0904	2395.0000	394.0000	0.1645	2418.0000
210	0.5773	0.2499	0.6500	0.6801	0.3105	0.8015	32.8000	0.0934	2451.0000	395.0000	0.1612	2478.0000
211	0.5759	0.2499	0.6462	0.6933	0.3138	0.8041	32.8667	0.0860	2461.0000	382.0000	0.1552	2481.0000
212	0.5781	0.2499	0.6449	0.6904	0.3186	0.8039	33.2000	0.0895	2424.0000	384.0000	0.1584	2463.0000
213	0.5607	0.2499	0.6454	0.7000	0.3183	0.8032	33.0667	0.0907	2393.0000	386.0000	0.1613	2431.0000
214	0.5750	0.2499	0.6518	0.6842	0.3139	0.8050	32.9333	0.0875	2442.0000	379.0000	0.1552	2471.0000
215	0.5805	0.2499	0.6494	0.6780	0.3154	0.8000	33.0000	0.0905	2419.0000	391.0000	0.1616	2453.0000
216	0.5653	0.2499	0.6513	0.6786	0.3149	0.7961	33.0667	0.0941	2479.0000	399.0000	0.1610	2503.0000
217	0.5764	0.2499	0.6457	0.6932	0.3161	0.8037	32.8667	0.0920	2417.0000	389.0000	0.1609	2435.0000
218	0.5569	0.2499	0.6510	0.7009	0.3207	0.7922	33.0667	0.1027	2431.0000	388.0000	0.1596	2476.0000
219	0.5526	0.2499	0.6499	0.6819	0.3115	0.7965	32.9333	0.0927	2448.0000	405.0000	0.1654	2487.0000
220	0.5575	0.2499	0.6589	0.6864	0.3181	0.8019	32.4000	0.0943	2446.0000	396.0000	0.1619	2481.0000
221	0.5713	0.2499	0.6527	0.6815	0.3131	0.8002	33.2000	0.0966	2415.0000	398.0000	0.1648	2454.0000
222	0.5663	0.2499	0.6458	0.6863	0.3198	0.8019	33.0000	0.0907	2407.0000	390.0000	0.1620	2440.0000
223	0.5756	0.2499	0.6443	0.6867	0.3175	0.8022	33.1333	0.0906	2430.0000	391.0000	0.1609	2468.0000
224	0.5620	0.2499	0.6503	0.6929	0.3201	0.8022	33.0000	0.0899	2446.0000	386.0000	0.1578	2475.0000
225	0.5771	0.2499	0.6558	0.6841	0.3099	0.8018	32.8667	0.0918	2481.0000	404.0000	0.1628	2514.0000
226	0.5799	0.2499	0.6485	0.6857	0.3177	0.8065	33.0000	0.0912	2404.0000	377.0000	0.1568	2438.0000
227	0.5639	0.2499	0.6502	0.6701	0.3132	0.7987	32.8667	0.0904	2436.0000	390.0000	0.1601	2493.0000
228	0.5838	0.2499	0.6435	0.6928	0.3144	0.8043	33.0667	0.0932	2413.0000	382.0000	0.1583	2430.0000
229	0.5656	0.2499	0.6535	0.6727	0.3126	0.8010	33.0000	0.0898	2497.0000	391.0000	0.1566	2521.0000
230	0.5718	0.2499	0.6590	0.6972	0.3156	0.8001	33.3333	0.0920	2447.0000	395.0000	0.1614	2476.0000
231	0.5536	0.2499	0.6482	0.6766	0.3118	0.7998	33.0000	0.0923	2473.0000	403.0000	0.1630	2502.0000
232	0.5501	0.2499	0.6514	0.6798	0.3169	0.7920	33.0667	0.0970	2457.0000	396.0000	0.1612	2496.0000
233	0.5633	0.2499	0.6533	0.6835	0.3169	0.8021	32.8667	0.0855	2488.0000	379.0000	0.1523	2513.0000
234	0.5468	0.2499	0.6499	0.6898	0.3191	0.7969	32.8667	0.0937	2411.0000	394.0000	0.1634	2430.0000
235	0.5611	0.2499	0.6548	0.6814	0.3134	0.7923	33.1333	0.0938	2451.0000	393.0000	0.1603	2488.0000
236	0.5799	0.2499	0.6499	0.6870	0.3166	0.8014	33.2667	0.0890	2439.0000	391.0000	0.1603	2481.0000
237	0.5774	0.2499	0.6502	0.6808	0.3130	0.8036	32.6000	0.0923	2430.0000	381.0000	0.1568	2456.0000
238	0.5753	0.2499	0.6531	0.6902	0.3142	0.8040	33.0000	0.0941	2429.0000	387.0000	0.1593	2471.0000
239	0.5768	0.2499	0.6496	0.6781	0.3134	0.8042	32.8667	0.0888	2450.0000	387.0000	0.1580	2478.0000
240	0.5781	0.2499	0.6499	0.6783	0.3169	0.8011	32.8667	0.0919	2448.0000	394.0000	0.1609	2479.0000
241	0.5725	0.2499	0.6417	0.6817	0.3129	0.7958	33.2000	0.0958	2424.0000	401.0000	0.1654	2457.0000
242	0.5670	0.2499	0.6517	0.6755	0.3129	0.7988	33.2000	0.0927	2485.0000	401.0000	0.1614	2513.0000
243	0.5800	0.2499	0.6466	0.6873	0.3159	0.8125	32.8000	0.0831	2434.0000	378.0000	0.1553	2462.0000
244	0.5649	0.2499	0.6488	0.6731	0.3167	0.8016	33.0000	0.0873	2451.0000	394.0000	0.1608	2481.0000
245	0.5836	0.2499	0.6510	0.6817	0.3203	0.8075	33.4000	0.0870	2413.0000	379.0000	0.1571	2453.0000
246	0.5734	0.2499	0.6465	0.6844	0.3139	0.8021	33.2000	0.0907	2429.0000	387.0000	0.1593	2467.0000
247	0.5654	0.2499	0.6429	0.6808	0.3163	0.8023	32.7333	0.0870	2419.0000	393.0000	0.1625	2458.0000
248	0.5689	0.2499	0.6491	0.6859	0.3144	0.8075	33.0667	0.0868	2426.0000	379.0000	0.1562	2456.0000
249	0.5719	0.2499	0.6512	0.6964	0.3192	0.8003	32.9333	0.0985	2412.0000	392.0000	0.1625	2439.0000
250	0.5575	0.2499	0.6458	0.6751	0.3146	0.8040	32.6667	0.0892	2432.0000	383.0000	0.1575	2460.0000
251	0.5609	0.2499	0.6383	0.6810	0.3165	0.7939	33.1333	0.0957	2396.0000	408.0000	0.1703	2427.0000
252	0.5569	0.2499	0.6376	0.6856	0.3200	0.7958	32.9333	0.0938	2408.0000	406.0000	0.1686	2430.0000
253	0.5786	0.2499	0.6494	0.6820	0.3112	0.8047	32.7333	0.0884	2433.0000	385.0000	0.1582	2461.0000
254	0.5611	0.2499	0.6459	0.6755	0.3120	0.7969	33.1333	0.0949	2430.0000	401.0000	0.1650	2458.0000
255	0.5748	0.2499	0.6411	0.6800	0.3183	0.7947	32.8667	0.0985	2401.0000	397.0000	0.1653	2441.0000
256	0.5795	0.2499	0.6609	0.6791	0.3130	0.7986	33.3333	0.0939	2476.0000	393.0000	0.1587	2512.0000
257	0.5739	0.2499	0.6458	0.6888	0.3165	0.8042	33.2667	0.0880	2416.0000	391.0000	0.1618	2453.0000
258	0.5846	0.2499	0.6501	0.6850	0.3107	0.8065	32.7333	0.0849	2466.0000	381.0000	0.1545	2486.0000
259	0.5739	0.2499	0.6431	0.6887	0.3138	0.8069	33.3333	0.0910	2402.0000	383.0000	0.1595	2456.0000
260	0.5779	0.2499	0.6486	0.6872	0.3205	0.8002	32.9333	0.0929	2399.0000	388.0000	0.1617	2428.0000
261	0.5520	0.2499	0.6467	0.6983	0.3158	0.7961	33.4000	0.0954	2453.0000	395.0000	0.1610	2493.0000
262	0.5675	0.2499	0.6570	0.6845	0.3174	0.7978	33.0000	0.0942	2428.0000	398.0000	0.1639	2466.0000
263	0.5800	0.2499	0.6473	0.6963	0.3151	0.8056	32.8667	0.0913	2399.0000	387.0000	0.1613	2442.0000
264	0.5694	0.2499	0.6490	0.6956	0.3184	0.8057	33.2000	0.0915	2400.0000	376.0000	0.1567	2439.0000
265	0.5699	0.2499	0.6476	0.6868	0.3124	0.8066	32.6667	0.0892	2449.0000	381.0000	0.1556	2481.0000
266	0.5632	0.2499	0.6477	0.6953	0.3154	0.8037	33.4000	0.0894	2391.0000	395.0000	0.1652	2434.0000
267	0.5651	0.2499	0.6410	0.6868	0.3164	0.7957	33.2000	0.0942	2392.0000	392.0000	0.1639	2417.0000
268	0.5607	0.2499	0.6458	0.6808	0.3174	0.8022	32.8667	0.0878	2423.0000	391.0000	0.1614	2451.0000
269	0.5604	0.2499	0.6476	0.6742	0.3195	0.8032	32.7333	0.0878	2404.0000	393.0000	0.1635	2434.0000
270	0.5651	0.2499	0.6562	0.6894	0.3111	0.7978	33.1333	0.0945	2480.0000	397.0000	0.1601	2519.0000
271	0.5556	0.2499	0.6393	0.6873	0.3174	0.7976	33.0667	0.0943	2392.0000	398.0000	0.1664	2419.0000
272	0.5703	0.2499	0.6468	0.6812	0.3166	0.8049	33.0667	0.0896	2434.0000	385.0000	0.1582	2460.0000
273	0.5680	0.2499	0.6489	0.6970	0.3163	0.8021	33.0667	0.0966	2439.0000	386.0000	0.1583	2469.0000
274	0.5620	0.2499	0.6460	0.6861	0.3160	0.7952	32.9333	0.0980	2390.0000	391.0000	0.1636	2423.0000
275	0.5580	0.2499	0.6593	0.6852	0.3176	0.7986	33.2667	0.0942	2462.0000	393.0000	0.1596	2509.0000
276	0.5853	0.2499	0.6483	0.6884	0.3186	0.8053	33.0000	0.0884	2413.0000	377.0000	0.1562	2445.0000
277	0.5737	0.2499	0.6543	0.6790	0.3177	0.8050	33.0000	0.0888	2454.0000	390.0000	0.1589	2478.0000
278	0.5722	0.2499	0.6449	0.6812	0.3138	0.8033	33.0667	0.0923	2425.0000	390.0000	0.1608	2463.0000
279	0.5563	0.2499	0.6463	0.6914	0.3171	0.7951	32.8667	0.0910	2429.0000	397.0000	0.1634	2455.0000
280	0.5524	0.2499	0.6505	0.6814	0.3130	0.8005	33.2000	0.0914	2451.0000	387.0000	0.1579	2481.0000
281	0.5692	0.2499	0.6472	0.6852	0.3124	0.8047	32.8667	0.0901	2409.0000	384.0000	0.1594	2443.0000
282	0.5631	0.2499	0.6531	0.6683	0.3178	0.7963	33.3333	0.0961	2398.0000	407.0000	0.1697	2424.0000
283	0.5674	0.2499	0.6556	0.6974	0.3153	0.8036	33.0667	0.0948	2418.0000	389.0000	0.1609	2455.0000
284	0.5661	0.2499	0.6499	0.6816	0.3133	0.8029	32.5333	0.0885	2466.0000	389.0000	0.1577	2495.0000
285	0.5700	0.2499	0.6465	0.6889	0.3160	0.8071	33.1333	0.0877	2449.0000	384.0000	0.1568	2469.0000
286	0.5723	0.2499	0.6402	0.6649	0.3137	0.7970	32.9333	0.0939	2409.0000	392.0000	0.1627	2440.0000
287	0.5835	0.2499	0.6470	0.6956	0.3199	0.8084	32.8667	0.0932	2409.0000	379.0000	0.1573	2436.0000
288	0.5885	0.2499	0.6506	0.6828	0.3154	0.8030	33.0667	0.0902	2437.0000	390.0000	0.1600	2462.0000
289	0.5820	0.2499	0.6394	0.6917	0.3171	0.8009	32.9333	0.0951	2397.0000	390.0000	0.1627	2426.0000
290	0.5808	0.2499	0.6460	0.6834	0.3162	0.8088	32.8667	0.0875	2431.0000	383.0000	0.1575	2453.0000
291	0.5662	0.2499	0.6588	0.6801	0.3153	0.7987	33.2667	0.0920	2474.0000	388.0000	0.1568	2506.0000
292	0.5704	0.2499	0.6479	0.6927	0.3093	0.8078	33.6667	0.0896	2429.0000	385.0000	0.1585	2464.0000
293	0.5649	0.2499	0.6559	0.6836	0.3195	0.8005	33.2000	0.0910	2463.0000	394.0000	0.1600	2494.0000
294	0.5649	0.2499	0.6565	0.6880	0.3179	0.7970	33.0000	0.0973	2435.0000	387.0000	0.1589	2473.0000
295	0.5735	0.2499	0.6506	0.6917	0.3191	0.7980	33.0667	0.0935	2413.0000	390.0000	0.1616	2451.0000
296	0.5620	0.2499	0.6593	0.6829	0.3102	0.8028	33.0667	0.0901	2494.0000	390.0000	0.1564	2534.0000
297	0.5513	0.2499	0.6436	0.6727	0.3170	0.7942	32.9333	0.0932	2420.0000	399.0000	0.1649	2460.0000
298	0.5622	0.2499	0.6490	0.6843	0.3151	0.8036	33.1333	0.0896	2423.0000	392.0000	0.1618	2459.0000
299	0.5655	0.2499	0.6481	0.6812	0.3119	0.8110	33.2000	0.0828	2455.0000	383.0000	0.1560	2483.0000
300	0.5651	0.2499	0.6436	0.6768	0.3176	0.8002	33.3333	0.0919	2404.0000	389.0000	0.1618	2446.0000
301	0.5518	0.2499	0.6445	0.6816	0.3187	0.7975	33.4667	0.0951	2394.0000	408.0000	0.1704	2440.0000
302	0.5666	0.2499	0.6463	0.6807	0.3137	0.7985	32.9333	0.0928	2435.0000	390.0000	0.1602	2469.0000
303	0.5685	0.2499	0.6396	0.6703	0.3131	0.7953	33.4000	0.0942	2424.0000	398.0000	0.1642	2446.0000
304	0.5491	0.2499	0.6472	0.6967	0.3207	0.7972	32.4667	0.0976	2440.0000	389.0000	0.1594	2469.0000
305	0.5839	0.2499	0.6488	0.6928	0.3154	0.8084	33.1333	0.0893	2402.0000	387.0000	0.1611	2436.0000
306	0.5549	0.2499	0.6461	0.6824	0.3144	0.7947	33.0000	0.0908	2458.0000	397.0000	0.1615	2495.0000
307	0.5655	0.2499	0.6468	0.6838	0.3148	0.8019	33.2000	0.0894	2427.0000	391.0000	0.1611	2472.0000
308	0.5665	0.2499	0.6490	0.6924	0.3193	0.8016	32.8667	0.0921	2419.0000	391.0000	0.1616	2458.0000
309	0.5718	0.2499	0.6563	0.6963	0.3185	0.8072	33.0000	0.0887	2434.0000	384.0000	0.1578	2471.0000
310	0.5611	0.2499	0.6502	0.6863	0.3134	0.8045	32.8000	0.0874	2443.0000	382.0000	0.1564	2482.0000
311	0.5717	0.2499	0.6550	0.6975	0.3102	0.8009	33.0667	0.0918	2442.0000	393.0000	0.1609	2485.0000
312	0.5771	0.2499	0.6453	0.6873	0.3166	0.8007	33.0667	0.0883	2452.0000	385.0000	0.1570	2473.0000
313	0.5617	0.2499	0.6425	0.6746	0.3166	0.7942	33.1333	0.0910	2425.0000	403.0000	0.1662	2461.0000
314	0.5539	0.2499	0.6577	0.6772	0.3150	0.7926	33.3333	0.0994	2478.0000	399.0000	0.1610	2512.0000
315	0.5664	0.2499	0.6512	0.6826	0.3133	0.8003	33.3333	0.0964	2419.0000	394.0000	0.1629	2464.0000
316	0.5727	0.2499	0.6476	0.6852	0.3223	0.7984	33.0000	0.0944	2432.0000	398.0000	0.1637	2458.0000
317	0.5769	0.2499	0.6524	0.6760	0.3156	0.8007	32.5333	0.0920	2445.0000	394.0000	0.1611	2484.0000
318	0.5670	0.2499	0.6404	0.6955	0.3167	0.8003	33.0667	0.0943	2413.0000	385.0000	0.1596	2452.0000
319	0.5864	0.2499	0.6349	0.6917	0.3122	0.8079	33.0000	0.0909	2379.0000	377.0000	0.1585	2411.0000
320	0.5539	0.2499	0.6527	0.6679	0.3150	0.7935	32.8000	0.0871	2470.0000	403.0000	0.1632	2514.0000
321	0.5675	0.2499	0.6525	0.6823	0.3166	0.7938	32.6667	0.0937	2433.0000	388.0000	0.1595	2457.0000
322	0.5732	0.2499	0.6492	0.6877	0.3139	0.8090	32.8000	0.0853	2420.0000	383.0000	0.1583	2456.0000
323	0.5657	0.2499	0.6431	0.6818	0.3151	0.8018	33.2000	0.0895	2452.0000	387.0000	0.1578	2483.0000
324	0.5552	0.2499	0.6590	0.6783	0.3153	0.8049	33.3333	0.0895	2454.0000	399.0000	0.1626	2490.0000
325	0.5701	0.2499	0.6456	0.6856	0.3184	0.7979	32.8667	0.0928	2428.0000	391.0000	0.1610	2461.0000
326	0.5725	0.2499	0.6519	0.6933	0.3132	0.8051	32.5333	0.0862	2469.0000	384.0000	0.1555	2508.0000
327	0.5956	0.2499	0.6397	0.6896	0.3126	0.8172	32.8667	0.0820	2413.0000	376.0000	0.1558	2429.0000
328	0.5738	0.2499	0.6450	0.6937	0.3208	0.7990	33.0667	0.0959	2385.0000	390.0000	0.1635	2418.0000
329	0.5582	0.2499	0.6505	0.6855	0.3140	0.7993	33.2000	0.0986	2446.0000	396.0000	0.1619	2488.0000
330	0.5643	0.2499	0.6519	0.6773	0.3157	0.7963	33.4000	0.0944	2410.0000	403.0000	0.1672	2450.0000
331	0.5758	0.2499	0.6484	0.6809	0.3167	0.8056	33.2000	0.0904	2420.0000	390.0000	0.1612	2446.0000
332	0.5622	0.2499	0.6450	0.6841	0.3169	0.7961	33.3333	0.0943	2446.0000	386.0000	0.1578	2470.0000
333	0.5761	0.2499	0.6418	0.6972	0.3153	0.8083	32.8000	0.0860	2415.0000	377.0000	0.1561	2445.0000
334	0.5647	0.2499	0.6570	0.6884	0.3172	0.7998	33.1333	0.0907	2461.0000	390.0000	0.1585	2492.0000
335	0.5634	0.2499	0.6459	0.6958	0.3205	0.7989	32.7333	0.0925	2367.0000	388.0000	0.1639	2403.0000
336	0.5734	0.2499	0.6491	0.6878	0.3168	0.7992	33.1333	0.0879	2467.0000	393.0000	0.1593	2507.0000
337	0.5646	0.2499	0.6530	0.6722	0.3154	0.8028	32.9333	0.0895	2452.0000	389.0000	0.1586	2483.0000
338	0.5751	0.2499	0.6585	0.6996	0.3145	0.8070	33.0667	0.0892	2475.0000	385.0000	0.1556	2511.0000
339	0.5652	0.2499	0.6482	0.6897	0.3138	0.8003	33.3333	0.0939	2420.0000	400.0000	0.1653	2467.0000
340	0.5585	0.2499	0.6542	0.6994	0.3141	0.8006	33.2000	0.0956	2425.0000	394.0000	0.1625	2471.0000
341	0.5704	0.2499	0.6572	0.6866	0.3171	0.8072	32.9333	0.0822	2472.0000	379.0000	0.1533	2511.0000
342	0.5693	0.2499	0.6450	0.6841	0.3111	0.8037	33.1333	0.0904	2392.0000	387.0000	0.1618	2429.0000
343	0.5729	0.2499	0.6511	0.6872	0.3144	0.8045	32.9333	0.0915	2457.0000	384.0000	0.1563	2488.0000
344	0.5706	0.2499	0.6518	0.6865	0.3156	0.8020	33.1333	0.0933	2438.0000	399.0000	0.1637	2478.0000
345	0.5889	0.2499	0.6538	0.6905	0.3137	0.8068	33.2000	0.0936	2432.0000	383.0000	0.1575	2476.0000
346	0.5597	0.2499	0.6504	0.6793	0.3168	0.8004	32.8000	0.0874	2426.0000	398.0000	0.1641	2466.0000
347	0.5767	0.2499	0.6477	0.6766	0.3173	0.8010	33.0667	0.0899	2439.0000	386.0000	0.1583	2474.0000
348	0.5607	0.2499	0.6600	0.6741	0.3171	0.7970	33.3333	0.0937	2495.0000	401.0000	0.1607	2515.0000
349	0.5697	0.2499	0.6428	0.6960	0.3139	0.8027	32.4667	0.0907	2442.0000	385.0000	0.1577	2484.0000
350	0.5709	0.2499	0.6483	0.6974	0.3128	0.8073	33.0667	0.0912	2406.0000	383.0000	0.1592	2449.0000
351	0.5712	0.2499	0.6509	0.6943	0.3153	0.7990	33.1333	0.0953	2457.0000	390.0000	0.1587	2483.0000
352	0.5675	0.2499	0.6597	0.6760	0.3152	0.8011	32.7333	0.0913	2445.0000	391.0000	0.1599	2493.0000
353	0.5827	0.2499	0.6400	0.6839	0.3142	0.7992	33.1333	0.0938	2421.0000	396.0000	0.1636	2463.0000
354	0.5783	0.2499	0.6537	0.6921	0.3148	0.8106	32.8667	0.0872	2489.0000	367.0000	0.1474	2525.0000
355	0.5919	0.2499	0.6509	0.6817	0.3131	0.8059	33.1333	0.0914	2429.0000	382.0000	0.1573	2457.0000
356	0.5640	0.2499	0.6418	0.6778	0.3138	0.7992	33.2000	0.0915	2427.0000	389.0000	0.1603	2464.0000
357	0.5526	0.2499	0.6537	0.6829	0.3137	0.7950	32.8667	0.0957	2465.0000	401.0000	0.1627	2508.0000
358	0.5721	0.2499	0.6537	0.6826	0.3127	0.8059	33.0000	0.0865	2462.0000	386.0000	0.1568	2487.0000
359	0.5767	0.2499	0.6556	0.6844	0.3160	0.7966	33.4000	0.1004	2426.0000	400.0000	0.1649	2446.0000
360	0.5563	0.2499	0.6467	0.6813	0.3183	0.7940	32.8000	0.0905	2435.0000	399.0000	0.1639	2472.0000
361	0.5822	0.2499	0.6428	0.6829	0.3192	0.7943	32.7333	0.0970	2413.0000	398.0000	0.1649	2443.0000
362	0.5644	0.2499	0.6534	0.6879	0.3152	0.8046	33.0667	0.0866	2451.0000	386.0000	0.1575	2488.0000
363	0.5565	0.2499	0.6438	0.6866	0.3110	0.8021	33.0667	0.0882	2406.0000	399.0000	0.1658	2445.0000
364	0.5725	0.2499	0.6520	0.6796	0.3142	0.7993	32.7333	0.0917	2440.0000	392.0000	0.1607	2480.0000
365	0.5545	0.2499	0.6529	0.6888	0.3156	0.8001	32.8667	0.0918	2427.0000	392.0000	0.1615	2460.0000
366	0.5670	0.2499	0.6391	0.6840	0.3209	0.7955	32.6000	0.0971	2380.0000	399.0000	0.1676	2424.0000
367	0.5673	0.2499	0.6525	0.6740	0.3105	0.8059	32.9333	0.0826	2482.0000	389.0000	0.1567	2509.0000
368	0.5776	0.2499	0.6546	0.6972	0.3134	0.8064	33.1333	0.0894	2449.0000	381.0000	0.1556	2479.0000
369	0.5689	0.2499	0.6382	0.6720	0.3142	0.7989	32.9333	0.0908	2414.0000	407.0000	0.1686	2442.0000
370	0.5716	0.2499	0.6529	0.6866	0.3174	0.8013	32.9333	0.0928	2446.0000	393.0000	0.1607	2480.0000
371	0.5639	0.2499	0.6397	0.6771	0.3106	0.7970	32.8000	0.0937	2402.0000	401.0000	0.1669	2440.0000
372	0.5560	0.2499	0.6512	0.6696	0.3139	0.7958	33.0667	0.0930	2463.0000	411.0000	0.1669	2499.0000
373	0.5710	0.2499	0.6394	0.6944	0.3121	0.8014	32.8000	0.0887	2425.0000	386.0000	0.1592	2454.0000
374	0.5774	0.2499	0.6556	0.6733	0.3125	0.8059	32.9333	0.0891	2460.0000	389.0000	0.1581	2497.0000
375	0.5720	0.2499	0.6461	0.6956	0.3173	0.8078	32.8667	0.0841	2416.0000	373.0000	0.1544	2448.0000
376	0.5645	0.2499	0.6443	0.6703	0.3159	0.8014	33.0667	0.0909	2398.0000	396.0000	0.1651	2439.0000
377	0.5627	0.2499	0.6524	0.6930	0.3113	0.8036	33.1333	0.0917	2456.0000	392.0000	0.1596	2484.0000
378	0.5743	0.2499	0.6488	0.6808	0.3084	0.8050	33.0000	0.0920	2479.0000	399.0000	0.1610	2500.0000
379	0.5650	0.2499	0.6479	0.6765	0.3173	0.7900	32.9333	0.1027	2454.0000	396.0000	0.1614	2485.0000
380	0.5541	0.2499	0.6444	0.6783	0.3173	0.7974	33.1333	0.0887	2409.0000	389.0000	0.1615	2447.0000
381	0.5494	0.2499	0.6444	0.6922	0.3197	0.7954	33.1333	0.0981	2388.0000	396.0000	0.1658	2420.0000
382	0.5761	0.2499	0.6413	0.6895	0.3151	0.8092	32.9333	0.0877	2420.0000	374.0000	0.1545	2458.0000
383	0.5525	0.2499	0.6518	0.6804	0.3127	0.7966	32.7333	0.0960	2447.0000	396.0000	0.1618	2488.0000
384	0.5834	0.2499	0.6444	0.7032	0.3148	0.8157	32.8667	0.0883	2433.0000	368.0000	0.1513	2463.0000
385	0.5792	0.2499	0.6485	0.6980	0.3122	0.8085	33.2667	0.0882	2429.0000	379.0000	0.1560	2477.0000
386	0.5849	0.2499	0.6439	0.6876	0.3142	0.8115	32.9333	0.0837	2425.0000	373.0000	0.1538	2457.0000
387	0.5658	0.2499	0.6456	0.6791	0.3173	0.7937	32.8000	0.0984	2420.0000	401.0000	0.1657	2462.0000
388	0.5616	0.2499	0.6576	0.6913	0.3179	0.8025	33.0667	0.0906	2433.0000	384.0000	0.1578	2462.0000
389	0.5737	0.2499	0.6580	0.6717	0.3217	0.7945	33.0667	0.0959	2431.0000	403.0000	0.1658	2455.0000
390	0.5596	0.2499	0.6535	0.6801	0.3150	0.7957	33.3333	0.0938	2472.0000	397.0000	0.1606	2502.0000
391	0.5575	0.2499	0.6613	0.6683	0.3161	0.7957	32.5333	0.0942	2497.0000	397.0000	0.1590	2536.0000
392	0.5647	0.2499	0.6473	0.6655	0.3142	0.7894	32.8667	0.0979	2428.0000	403.0000	0.1660	2456.0000
393	0.5782	0.2499	0.6369	0.6923	0.3183	0.8037	33.4667	0.0931	2395.0000	383.0000	0.1599	2419.0000
394	0.5836	0.2499	0.6486	0.7075	0.3162	0.8054	32.8667	0.0957	2406.0000	382.0000	0.1588	2446.0000
395	0.5665	0.2499	0.6441	0.6824	0.3115	0.8072	33.0000	0.0868	2415.0000	380.0000	0.1573	2453.0000
396	0.5859	0.2499	0.6548	0.6867	0.3123	0.8061	33.0667	0.0956	2436.0000	390.0000	0.1601	2464.0000
397	0.5807	0.2499	0.6462	0.7073	0.3199	0.8052	32.4667	0.0964	2390.0000	371.0000	0.1552	2419.0000
398	0.5650	0.2499	0.6550	0.6903	0.3161	0.8002	33.1333	0.0939	2454.0000	396.0000	0.1614	2479.0000
399	0.5595	0.2499	0.6458	0.6844	0.3169	0.7961	33.4667	0.0939	2404.0000	397.0000	0.1651	2432.0000
400	0.5727	0.2499	0.6409	0.6856	0.3138	0.8036	33.2000	0.0909	2402.0000	385.0000	0.1603	2437.0000
401	0.5513	0.2499	0.6531	0.6839	0.3164	0.8026	32.6667	0.0871	2468.0000	383.0000	0.1552	2507.0000
402	0.5764	0.2499	0.6532	0.6784	0.3149	0.7983	32.8667	0.0907	2470.0000	401.0000	0.1623	2496.0000
403	0.5623	0.2499	0.6481	0.7023	0.3142	0.8044	33.1333	0.0931	2438.0000	383.0000	0.1571	2469.0000
404	0.5576	0.2499	0.6462	0.6711	0.3107	0.8014	32.7333	0.0890	2458.0000	398.0000	0.1619	2492.0000
405	0.5706	0.2499	0.6540	0.6877	0.3116	0.8066	32.9333	0.0908	2418.0000	390.0000	0.1613	2457.0000
406	0.5751	0.2499	0.6540	0.6733	0.3155	0.8052	33.0000	0.0907	2485.0000	392.0000	0.1577	2514.0000
407	0.5564	0.2499	0.6510	0.6751	0.3127	0.7949	33.0000	0.0928	2455.0000	405.0000	0.1650	2472.0000
408	0.5754	0.2499	0.6569	0.6765	0.3183	0.8069	32.9333	0.0853	2436.0000	390.0000	0.1601	2469.0000
409	0.5747	0.2499	0.6410	0.6993	0.3179	0.8089	33.1333	0.0879	2394.0000	382.0000	0.1596	2427.0000
410	0.5664	0.2499	0.6542	0.6819	0.3129	0.8019	33.0000	0.0905	2456.0000	393.0000	0.1600	2490.0000
411	0.5752	0.2499	0.6540	0.6844	0.3180	0.8034	32.8667	0.0898	2490.0000	378.0000	0.1518	2512.0000
412	0.5679	0.2499	0.6587	0.6767	0.3145	0.8008	33.2000	0.0912	2472.0000	396.0000	0.1602	2512.0000
413	0.5548	0.2499	0.6562	0.6767	0.3173	0.7951	32.7333	0.0930	2422.0000	393.0000	0.1623	2473.0000
414	0.5464	0.2499	0.6464	0.6804	0.3139	0.7957	32.8667	0.0915	2448.0000	394.0000	0.1609	2472.0000
415	0.5686	0.2499	0.6500	0.6777	0.3163	0.7965	32.6000	0.0940	2434.0000	393.0000	0.1615	2477.0000
416	0.5693	0.2499	0.6483	0.6865	0.3181	0.7999	32.6667	0.0921	2405.0000	393.0000	0.1634	2432.0000
417	0.5678	0.2499	0.6447	0.6834	0.3157	0.8023	32.8000	0.0906	2397.0000	393.0000	0.1640	2431.0000
418	0.5683	0.2499	0.6499	0.6951	0.3159	0.8049	33.1333	0.0904	2433.0000	393.0000	0.1615	2469.0000
419	0.5696	0.2499	0.6489	0.6906	0.3112	0.8102	33.2000	0.0907	2430.0000	389.0000	0.1601	2454.0000
420	0.5651	0.2499	0.6438	0.6939	0.3175	0.8030	33.0667	0.0910	2389.0000	385.0000	0.1612	2422.0000
421	0.5707	0.2499	0.6501	0.6762	0.3160	0.8003	32.6000	0.0905	2409.0000	394.0000	0.1636	2458.0000
422	0.5656	0.2499	0.6451	0.6867	0.3152	0.7970	33.5333	0.0939	2424.0000	392.0000	0.1617	2450.0000
423	0.5597	0.2499	0.6527	0.6844	0.3155	0.7988	33.0000	0.0939	2465.0000	393.0000	0.1594	2491.0000
424	0.5804	0.2499	0.6502	0.6804	0.3142	0.8047	32.9333	0.0902	2412.0000	385.0000	0.1596	2444.0000
425	0.5839	0.2499	0.6553	0.6775	0.3177	0.8062	33.0667	0.0851	2470.0000	386.0000	0.1563	2495.0000
426	0.5745	0.2499	0.6550	0.6932	0.3158	0.8045	33.0000	0.0905	2434.0000	386.0000	0.1586	2470.0000
427	0.5662	0.2499	0.6520	0.6826	0.3134	0.8034	32.6667	0.0961	2442.0000	396.0000	0.1622	2456.0000
428	0.5725	0.2499	0.6421	0.6772	0.3158	0.7992	33.0667	0.0912	2408.0000	394.0000	0.1636	2441.0000
429	0.5753	0.2499	0.6425	0.6804	0.3155	0.8062	33.2000	0.0896	2407.0000	384.0000	0.1595	2449.0000
430	0.5749	0.2499	0.6512	0.6697	0.3128	0.8001	33.0000	0.0917	2442.0000	409.0000	0.1675	2474.0000
431	0.5789	0.2499	0.6426	0.6832	0.3104	0.8028	33.2000	0.0922	2442.0000	391.0000	0.1601	2464.0000
432	0.5800	0.2499	0.6488	0.6821	0.3128	0.8008	32.7333	0.0926	2425.0000	397.0000	0.1637	2453.0000
433	0.5567	0.2499	0.6511	0.6852	0.3164	0.8013	32.8667	0.0914	2417.0000	395.0000	0.1634	2454.0000
434	0.5813	0.2499	0.6466	0.6970	0.3140	0.8074	33.0667	0.0920	2434.0000	377.0000	0.1549	2461.0000
435	0.5659	0.2499	0.6466	0.6720	0.3171	0.7961	33.0000	0.0907	2438.0000	403.0000	0.1653	2459.0000
436	0.5726	0.2499	0.6509	0.6937	0.3162	0.7955	32.9333	0.0988	2446.0000	398.0000	0.1627	2480.0000
437	0.5608	0.2499	0.6547	0.6780	0.3082	0.8037	32.6667	0.0858	2495.0000	392.0000	0.1571	2533.0000
438	0.5815	0.2499	0.6481	0.6945	0.3139	0.8085	32.7333	0.0880	2447.0000	382.0000	0.1561	2474.0000
439	0.5816	0.2499	0.6419	0.6874	0.3134	0.7985	33.1333	0.1007	2403.0000	394.0000	0.1640	2441.0000
440	0.5564	0.2499	0.6400	0.6845	0.3181	0.7991	32.8667	0.0918	2391.0000	399.0000	0.1669	2423.0000
441	0.5537	0.2499	0.6513	0.6686	0.3169	0.7921	33.0667	0.0954	2445.0000	405.0000	0.1656	2479.0000
442	0.5718	0.2499	0.6543	0.6803	0.3154	0.7993	33.1333	0.0914	2459.0000	394.0000	0.1602	2502.0000
443	0.5635	0.2499	0.6490	0.6871	0.3194	0.8015	32.8000	0.0908	2424.0000	381.0000	0.1572	2463.0000
444	0.5671	0.2499	0.6431	0.6832	0.3127	0.8003	32.9333	0.0956	2420.0000	396.0000	0.1636	2443.0000
445	0.5731	0.2499	0.6466	0.6892	0.3219	0.7988	32.8000	0.0925	2383.0000	383.0000	0.1607	2426.0000
446	0.5671	0.2499	0.6418	0.6929	0.3167	0.8015	32.7333	0.0932	2394.0000	390.0000	0.1629	2422.0000
447	0.5638	0.2499	0.6431	0.6874	0.3173	0.7996	32.7333	0.0889	2451.0000	393.0000	0.1603	2479.0000
448	0.5691	0.2499	0.6537	0.6752	0.3150	0.7945	33.0000	0.0939	2423.0000	406.0000	0.1676	2458.0000
449	0.5716	0.2499	0.6488	0.6869	0.3114	0.8089	33.0667	0.0850	2470.0000	389.0000	0.1575	2510.0000
450	0.5661	0.2499	0.6438	0.6783	0.3145	0.7903	33.4000	0.0988	2424.0000	399.0000	0.1646	2463.0000
451	0.5660	0.2499	0.6536	0.6799	0.3144	0.7988	32.9333	0.0933	2461.0000	399.0000	0.1621	2495.0000
452	0.5823	0.2499	0.6474	0.6814	0.3152	0.7985	33.0667	0.0964	2393.0000	397.0000	0.1659	2430.0000
453	0.5756	0.2499	0.6542	0.6999	0.3186	0.8072	33.0000	0.0854	2442.0000	380.0000	0.1556	2475.0000
454	0.5532	0.2499	0.6505	0.6893	0.3136	0.8006	33.2000	0.0916	2435.0000	384.0000	0.1577	2461.0000
455	0.5567	0.2499	0.6384	0.6739	0.3123	0.8023	33.0000	0.0868	2423.0000	392.0000	0.1618	2451.0000
456	0.5667	0.2499	0.6492	0.6867	0.3150	0.7979	33.2000	0.0950	2435.0000	394.0000	0.1618	2449.0000
457	0.5757	0.2499	0.6494	0.6888	0.3117	0.8037	33.0667	0.0900	2477.0000	394.0000	0.1591	2501.0000
458	0.5614	0.2499	0.6394	0.6839	0.3161	0.8025	33.2667	0.0898	2411.0000	381.0000	0.1580	2441.0000
459	0.5921	0.2499	0.6341	0.7022	0.3133	0.8061	32.5333	0.0904	2397.0000	372.0000	0.1552	2418.0000
460	0.5830	0.2499	0.6601	0.6987	0.3181	0.8099	32.7333	0.0845	2473.0000	372.0000	0.1504	2491.0000
461	0.5779	0.2499	0.6530	0.6855	0.3155	0.8017	32.8000	0.0958	2454.0000	390.0000	0.1589	2472.0000
462	0.5679	0.2499	0.6482	0.6808	0.3152	0.7980	33.1333	0.0917	2437.0000	392.0000	0.1609	2475.0000
463	0.5681	0.2499	0.6448	0.6975	0.3212	0.8050	32.8667	0.0873	2431.0000	381.0000	0.1567	2459.0000
464	0.5669	0.2499	0.6523	0.6739	0.3131	0.8038	32.6667	0.0846	2452.0000	382.0000	0.1558	2489.0000
465	0.5706	0.2499	0.6524	0.6865	0.3169	0.7994	33.3333	0.0880	2455.0000	392.0000	0.1597	2496.0000
466	0.5675	0.2499	0.6528	0.6883	0.3125	0.7986	33.1333	0.0904	2477.0000	388.0000	0.1566	2509.0000
467	0.5707	0.2499	0.6479	0.6851	0.3149	0.8067	32.8000	0.0910	2439.0000	384.0000	0.1574	2463.0000
468	0.5731	0.2499	0.6440	0.6909	0.3145	0.8026	32.8667	0.0923	2452.0000	389.0000	0.1586	2483.0000
469	0.5468	0.2499	0.6507	0.6889	0.3181	0.7983	33.4000	0.0926	2412.0000	398.0000	0.1650	2449.0000
470	0.5697	0.2499	0.6460	0.6840	0.3172	0.8048	33.1333	0.0915	2384.0000	397.0000	0.1665	2412.0000
471	0.5619	0.2499	0.6546	0.7043	0.3146	0.8043	33.1333	0.0923	2434.0000	376.0000	0.1545	2481.0000
472	0.5613	0.2499	0.6480	0.6915	0.3186	0.7979	32.8000	0.0922	2424.0000	390.0000	0.1609	2452.0000
473	0.5708	0.2499	0.6500	0.6939	0.3148	0.8043	33.0000	0.0926	2462.0000	387.0000	0.1572	2480.0000
474	0.5809	0.2499	0.6429	0.6822	0.3202	0.8060	32.8000	0.0907	2358.0000	389.0000	0.1650	2391.0000
475	0.5737	0.2499	0.6396	0.6845	0.3179	0.8025	33.2000	0.0899	2409.0000	392.0000	0.1627	2447.0000
476	0.5621	0.2499	0.6552	0.6796	0.3157	0.7957	33.2667	0.0919	2465.0000	396.0000	0.1606	2504.0000
477	0.5764	0.2499	0.6559	0.6963	0.3146	0.8094	32.8000	0.0893	2426.0000	376.0000	0.1550	2457.0000
478	0.5588	0.2499	0.6505	0.6767	0.3118	0.7956	33.2000	0.0963	2485.0000	403.0000	0.1622	2503.0000
479	0.5769	0.2499	0.6527	0.6831	0.3115	0.8073	32.9333	0.0862	2458.0000	380.0000	0.1546	2487.0000
480	0.5597	0.2499	0.6464	0.6952	0.3143	0.8021	33.5333	0.0926	2421.0000	391.0000	0.1615	2449.0000
481	0.5849	0.2499	0.6403	0.6801	0.3169	0.8060	32.7333	0.0877	2423.0000	390.0000	0.1610	2452.0000
482	0.5672	0.2499	0.6517	0.6802	0.3108	0.8006	33.1333	0.0903	2472.0000	388.0000	0.1570	2501.0000
483	0.5757	0.2499	0.6576	0.7016	0.3160	0.8094	33.0667	0.0914	2461.0000	379.0000	0.1540	2498.0000
484	0.5651	0.2499	0.6437	0.6866	0.3134	0.7977	33.2667	0.0963	2413.0000	394.0000	0.1633	2451.0000
485	0.5611	0.2499	0.6560	0.6857	0.3129	0.8045	32.9333	0.0896	2507.0000	394.0000	0.1572	2541.0000
486	0.5653	0.2499	0.6432	0.6808	0.3147	0.8033	32.6000	0.0905	2426.0000	402.0000	0.1657	2465.0000
487	0.5610	0.2499	0.6509	0.6854	0.3142	0.8013	32.8667	0.0951	2444.0000	401.0000	0.1641	2476.0000
488	0.5629	0.2499	0.6487	0.6816	0.3160	0.7982	33.2667	0.0923	2423.0000	392.0000	0.1618	2456.0000
489	0.5742	0.2499	0.6481	0.6782	0.3122	0.8025	32.8000	0.0958	2431.0000	391.0000	0.1608	2459.0000
490	0.5773	0.2499	0.6537	0.6907	0.3112	0.8062	33.0667	0.0893	2484.0000	389.0000	0.1566	2512.0000
491	0.5770	0.2499	0.6489	0.6776	0.3161	0.8051	32.9333	0.0913	2415.0000	387.0000	0.1602	2444.0000
492	0.5666	0.2499	0.6501	0.6933	0.3145	0.7986	32.9333	0.0978	2442.0000	395.0000	0.1618	2476.0000
493	0.5692	0.2499	0.6417	0.6894	0.3152	0.8030	33.1333	0.0914	2432.0000	394.0000	0.1620	2456.0000
494	0.5775	0.2499	0.6485	0.6981	0.3169	0.8074	32.8000	0.0867	2449.0000	379.0000	0.1548	2470.0000
495	0.5639	0.2499	0.6620	0.6806	0.3122	0.8048	32.7333	0.0875	2512.0000	390.0000	0.1553	2538.0000
496	0.5560	0.2499	0.6480	0.6652	0.3211	0.7971	32.8667	0.0923	2400.0000	399.0000	0.1663	2439.0000
497	0.5767	0.2499	0.6489	0.7040	0.3189	0.7979	33.1333	0.0969	2429.0000	379.0000	0.1560	2454.0000
498	0.5714	0.2499	0.6480	0.6924	0.3163	0.8090	33.0667	0.0835	2449.0000	382.0000	0.1560	2487.0000
499	0.5503	0.2499	0.6468	0.6793	0.3120	0.7928	33.0667	0.0970	2454.0000	403.0000	0.1642	2481.0000
500	0.5796	0.2499	0.6463	0.6907	0.3095	0.8094	33.2667	0.0922	2438.0000	383.0000	0.1571	2473.0000
501	0.5555	0.2499	0.6530	0.6911	0.3162	0.8001	33.1333	0.0885	2438.0000	388.0000	0.1591	2467.0000
502	0.5775	0.2499	0.6424	0.6945	0.3205	0.8042	33.2667	0.0915	2401.0000	390.0000	0.1624	2412.0000
503	0.5835	0.2499	0.6582	0.6833	0.3137	0.8088	33.0000	0.0860	2463.0000	378.0000	0.1535	2490.0000
504	0.5624	0.2499	0.6473	0.6941	0.3173	0.8054	33.2667	0.0871	2404.0000	386.0000	0.1606	2430.0000
505	0.5724	0.2499	0.6519	0.6956	0.3090	0.8006	33.2667	0.0935	2483.0000	391.0000	0.1575	2504.0000
506	0.5705	0.2499	0.6584	0.6860	0.3107	0.8010	33.0667	0.0916	2484.0000	389.0000	0.1566	2512.0000
507	0.5666	0.2499	0.6486	0.6881	0.3195	0.8028	33.1333	0.0905	2421.0000	383.0000	0.1582	2446.0000
508	0.5787	0.2499	0.6513	0.6801	0.3133	0.8055	33.1333	0.0863	2475.0000	383.0000	0.1547	2503.0000
509	0.5565	0.2499	0.6564	0.6822	0.3171	0.7979	33.0000	0.0947	2473.0000	390.0000	0.1577	2511.0000
510	0.5739	0.2499	0.6578	0.6973	0.3203	0.8131	32.8667	0.0837	2453.0000	368.0000	0.1500	2488.0000
511	0.5766	0.2499	0.6432	0.7041	0.3221	0.8061	32.8667	0.0904	2391.0000	375.0000	0.1568	2428.0000
512	0.5754	0.2499	0.6492	0.6791	0.3132	0.8047	33.1333	0.0886	2464.0000	384.0000	0.1558	2499.0000
513	0.5620	0.2499	0.6535	0.6806	0.3118	0.7997	32.8667	0.0954	2455.0000	389.0000	0.1585	2495.0000
514	0.5692	0.2499	0.6467	0.6921	0.3118	0.8038	33.2667	0.0866	2463.0000	377.0000	0.1531	2481.0000
515	0.5743	0.2499	0.6535	0.6800	0.3121	0.8037	32.8667	0.0878	2451.0000	385.0000	0.1571	2489.0000
516	0.5676	0.2499	0.6490	0.6805	0.3156	0.7948	32.8667	0.0966	2403.0000	393.0000	0.1635	2419.0000
517	0.5597	0.2499	0.6459	0.6756	0.3169	0.8009	33.2000	0.0900	2437.0000	396.0000	0.1625	2472.0000
518	0.5512	0.2499	0.6529	0.6749	0.3197	0.7968	33.0000	0.0916	2428.0000	396.0000	0.1631	2468.0000
519	0.5825	0.2499	0.6455	0.6855	0.3129	0.8112	33.1333	0.0876	2409.0000	373.0000	0.1548	2452.0000
520	0.5776	0.2499	0.6596	0.6863	0.3133	0.8052	32.8667	0.0896	2438.0000	384.0000	0.1575	2469.0000
521	0.5777	0.2499	0.6531	0.7089	0.3170	0.8126	33.1333	0.0891	2418.0000	371.0000	0.1534	2464.0000
522	0.5850	0.2499	0.6507	0.6778	0.3152	0.8028	32.6667	0.0926	2447.0000	389.0000	0.1590	2466.0000
523	0.5716	0.2499	0.6403	0.6946	0.3121	0.8022	32.9333	0.0897	2419.0000	379.0000	0.1567	2457.0000
524	0.5705	0.2499	0.6506	0.6743	0.3154	0.7969	33.0667	0.0896	2459.0000	387.0000	0.1574	2498.0000
525	0.5702	0.2499	0.6505	0.6692	0.3154	0.8010	33.2000	0.0929	2473.0000	401.0000	0.1622	2497.0000
526	0.5568	0.2499	0.6497	0.6759	0.3110	0.8001	32.8000	0.0891	2437.0000	390.0000	0.1600	2492.0000
527	0.5655	0.2499	0.6498	0.6830	0.3113	0.8007	32.9333	0.0883	2439.0000	394.0000	0.1615	2477.0000
528	0.5657	0.2499	0.6560	0.6765	0.3173	0.7986	33.3333	0.0922	2446.0000	401.0000	0.1639	2482.0000
529	0.5719	0.2499	0.6520	0.6763	0.3143	0.8000	33.0667	0.0905	2441.0000	393.0000	0.1610	2472.0000
530	0.5653	0.2499	0.6431	0.6950	0.3190	0.8036	33.0000	0.0862	2416.0000	390.0000	0.1614	2444.0000
531	0.5677	0.2499	0.6605	0.6804	0.3139	0.8031	32.5333	0.0892	2468.0000	394.0000	0.1596	2492.0000
532	0.5680	0.2499	0.6507	0.6879	0.3197	0.8017	32.8667	0.0907	2421.0000	396.0000	0.1636	2444.0000
533	0.5790	0.2499	0.6432	0.6900	0.3178	0.8031	32.9333	0.0957	2414.0000	386.0000	0.1599	2436.0000
534	0.5584	0.2499	0.6501	0.6746	0.3157	0.7930	33.0667	0.0907	2475.0000	407.0000	0.1644	2503.0000
535	0.5776	0.2499	0.6472	0.6824	0.3160	0.8009	33.2000	0.0916	2408.0000	393.0000	0.1632	2449.0000
536	0.5644	0.2499	0.6574	0.6654	0.3138	0.7975	33.0000	0.0902	2480.0000	396.0000	0.1597	2520.0000
537	0.5720	0.2499	0.6504	0.6894	0.3141	0.8053	33.1333	0.0928	2419.0000	384.0000	0.1587	2459.0000
538	0.5780	0.2499	0.6517	0.6819	0.3163	0.8042	33.0667	0.0900	2439.0000	387.0000	0.1587	2480.0000
539	0.5560	0.2499	0.6523	0.6753	0.3129	0.7981	32.8667	0.0892	2447.0000	394.0000	0.1610	2482.0000
540	0.5601	0.2499	0.6440	0.6908	0.3157	0.8045	33.4000	0.0917	2407.0000	390.0000	0.1620	2442.0000
541	0.5909	0.2499	0.6539	0.6900	0.3124	0.8100	33.0667	0.0889	2434.0000	377.0000	0.1549	2475.0000
542	0.5630	0.2499	0.6458	0.6946	0.3134	0.8022	32.6667	0.0915	2409.0000	388.0000	0.1611	2447.0000
543	0.5626	0.2499	0.6382	0.6957	0.3161	0.7972	32.8667	0.0935	2411.0000	395.0000	0.1638	2445.0000
544	0.5797	0.2499	0.6476	0.6817	0.3158	0.8079	32.8667	0.0840	2411.0000	381.0000	0.1580	2452.0000
545	0.5786	0.2499	0.6453	0.6819	0.3100	0.8002	33.4000	0.0963	2459.0000	394.0000	0.1602	2481.0000
546	0.5573	0.2499	0.6477	0.6772	0.3172	0.7955	33.3333	0.0976	2422.0000	401.0000	0.1656	2453.0000
547	0.5736	0.2499	0.6428	0.6822	0.3109	0.8036	33.0000	0.0891	2438.0000	388.0000	0.1591	2460.0000
548	0.5796	0.2499	0.6565	0.6856	0.3122	0.8075	32.8667	0.0858	2459.0000	378.0000	0.1537	2505.0000
549	0.5737	0.2499	0.6525	0.6913	0.3151	0.7993	32.8000	0.0936	2434.0000	390.0000	0.1602	2465.0000
550	0.5900	0.2499	0.6436	0.6803	0.3159	0.8100	32.8000	0.0904	2410.0000	381.0000	0.1581	2443.0000
551	0.5817	0.2499	0.6475	0.6762	0.3078	0.8051	33.2667	0.0873	2445.0000	385.0000	0.1575	2491.0000
552	0.5753	0.2499	0.6447	0.6809	0.3118	0.8086	33.2000	0.0868	2429.0000	379.0000	0.1560	2466.0000
553	0.5748	0.2499	0.6453	0.6778	0.3159	0.8062	32.9333	0.0834	2419.0000	391.0000	0.1616	2453.0000
554	0.5627	0.2499	0.6440	0.6782	0.3158	0.7970	33.2667	0.0902	2436.0000	394.0000	0.1617	2443.0000
555	0.5615	0.2499	0.6524	0.6863	0.3160	0.7984	33.0667	0.0918	2447.0000	387.0000	0.1582	2482.0000
556	0.5484	0.2499	0.6504	0.6746	0.3151	0.7913	33.1333	0.0948	2428.0000	409.0000	0.1685	2466.0000
557	0.5767	0.2499	0.6547	0.6889	0.3120	0.8077	33.4667	0.0909	2461.0000	396.0000	0.1609	2501.0000
558	0.5769	0.2499	0.6524	0.6791	0.3115	0.8058	33.2000	0.0890	2450.0000	392.0000	0.1600	2476.0000
559	0.5701	0.2499	0.6562	0.6881	0.3141	0.8047	33.2667	0.0906	2475.0000	391.0000	0.1580	2512.0000
560	0.5816	0.2499	0.6404	0.6764	0.3162	0.8066	32.6667	0.0899	2420.0000	394.0000	0.1628	2443.0000
561	0.5593	0.2499	0.6569	0.6829	0.3145	0.7948	33.0667	0.0970	2483.0000	396.0000	0.1595	2521.0000
562	0.5640	0.2499	0.6599	0.6796	0.3112	0.7978	32.9333	0.0925	2491.0000	394.0000	0.1582	2527.0000
563	0.5691	0.2499	0.6455	0.6946	0.3111	0.8072	32.8000	0.0892	2433.0000	376.0000	0.1545	2466.0000
564	0.5673	0.2499	0.6554	0.6924	0.3131	0.8022	33.0000	0.0944	2438.0000	390.0000	0.1600	2478.0000
565	0.5544	0.2499	0.6491	0.6747	0.3138	0.7967	32.7333	0.0916	2413.0000	397.0000	0.1645	2447.0000
566	0.5740	0.2499	0.6527	0.6906	0.3172	0.8051	33.0000	0.0931	2409.0000	384.0000	0.1594	2443.0000
567	0.5664	0.2499	0.6432	0.6765	0.3164	0.7995	33.0000	0.0924	2412.0000	400.0000	0.1658	2448.0000
568	0.5556	0.2499	0.6549	0.6877	0.3136	0.8006	33.0000	0.0913	2452.0000	395.0000	0.1611	2490.0000
569	0.5918	0.2499	0.6470	0.7094	0.3161	0.8109	32.6000	0.0870	2423.0000	373.0000	0.1539	2455.0000
570	0.5581	0.2499	0.6459	0.6761	0.3154	0.7967	33.1333	0.0927	2415.0000	398.0000	0.1648	2449.0000
571	0.5894	0.2499	0.6544	0.6855	0.3153	0.8074	32.8000	0.0928	2410.0000	377.0000	0.1564	2449.0000
572	0.5564	0.2499	0.6505	0.6856	0.3216	0.7943	32.8667	0.0975	2407.0000	393.0000	0.1633	2445.0000
573	0.5770	0.2499	0.6392	0.6943	0.3176	0.8059	32.7333	0.0917	2411.0000	375.0000	0.1555	2435.0000
574	0.5582	0.2499	0.6452	0.6791	0.3170	0.8003	32.9333	0.0932	2422.0000	393.0000	0.1623	2454.0000
575	0.5757	0.2499	0.6541	0.6930	0.3145	0.8095	32.9333	0.0873	2414.0000	377.0000	0.1562	2440.0000
576	0.5691	0.2499	0.6514	0.6763	0.3156	0.8044	32.9333	0.0868	2457.0000	390.0000	0.1587	2497.0000
577	0.5670	0.2499	0.6443	0.7067	0.3180	0.8005	32.9333	0.0965	2399.0000	397.0000	0.1655	2439.0000
578	0.5652	0.2499	0.6460	0.6817	0.3132	0.8067	32.9333	0.0846	2425.0000	382.0000	0.1575	2457.0000
579	0.5659	0.2499	0.6589	0.6803	0.3186	0.8048	32.7333	0.0857	2462.0000	392.0000	0.1592	2494.0000
580	0.5639	0.2499	0.6461	0.6793	0.3157	0.8013	33.0000	0.0894	2432.0000	395.0000	0.1624	2468.0000
581	0.5760	0.2499	0.6474	0.6725	0.3130	0.8112	33.1333	0.0824	2419.0000	383.0000	0.1583	2466.0000
582	0.5664	0.2499	0.6485	0.6770	0.3126	0.8008	32.7333	0.0909	2452.0000	392.0000	0.1599	2493.0000
583	0.5676	0.2499	0.6529	0.6833	0.3146	0.8006	32.9333	0.0910	2441.0000	391.0000	0.1602	2474.0000
584	0.5683	0.2499	0.6616	0.6873	0.3173	0.8034	33.2000	0.0931	2480.0000	382.0000	0.1540	2518.0000
585	0.5877	0.2499	0.6443	0.6895	0.3157	0.8100	32.7333	0.0884	2392.0000	388.0000	0.1622	2431.0000
586	0.5857	0.2499	0.6415	0.6980	0.3154	0.8095	32.6667	0.0850	2405.0000	371.0000	0.1543	2431.0000
587	0.5690	0.2499	0.6474	0.6883	0.3158	0.8013	33.1333	0.0916	2433.0000	395.0000	0.1624	2477.0000
588	0.5728	0.2499	0.6546	0.6843	0.3171	0.8064	32.9333	0.0843	2447.0000	385.0000	0.1573	2490.0000
589	0.5701	0.2499	0.6484	0.6944	0.3127	0.8028	32.4000	0.0894	2453.0000	389.0000	0.1586	2485.0000
590	0.5725	0.2499	0.6446	0.6912	0.3160	0.8106	32.9333	0.0837	2433.0000	380.0000	0.1562	2454.0000
591	0.5612	0.2499	0.6428	0.6816	0.3175	0.7954	32.6667	0.0894	2426.0000	403.0000	0.1661	2467.0000
592	0.5607	0.2499	0.6400	0.6879	0.3165	0.8015	32.6667	0.0916	2423.0000	376.0000	0.1552	2457.0000
593	0.5624	0.2499	0.6529	0.6976	0.3149	0.8034	33.2000	0.0909	2433.0000	377.0000	0.1550	2478.0000
594	0.5698	0.2499	0.6460	0.6810	0.3140	0.8033	32.8667	0.0929	2411.0000	388.0000	0.1609	2446.0000
595	0.5654	0.2499	0.6412	0.6829	0.3172	0.7993	33.5333	0.0913	2415.0000	404.0000	0.1673	2451.0000
596	0.5657	0.2499	0.6461	0.6902	0.3132	0.7993	33.2667	0.0970	2421.0000	389.0000	0.1607	2453.0000
597	0.5633	0.2499	0.6397	0.6838	0.3150	0.7968	32.9333	0.0950	2391.0000	396.0000	0.1656	2422.0000
598	0.5719	0.2499	0.6522	0.6870	0.3134	0.7979	33.0000	0.0943	2451.0000	392.0000	0.1599	2488.0000
599	0.5775	0.2499	0.6477	0.7045	0.3157	0.8089	33.2000	0.0908	2423.0000	387.0000	0.1597	2457.0000
600	0.5663	0.2499	0.6497	0.6877	0.3203	0.8007	32.6667	0.0900	2454.0000	389.0000	0.1585	2485.0000
601	0.5786	0.2499	0.6489	0.7026	0.3164	0.8092	33.3333	0.0857	2400.0000	375.0000	0.1562	2442.0000
602	0.5723	0.2499	0.6427	0.6717	0.3163	0.7986	32.8000	0.0907	2418.0000	391.0000	0.1617	2439.0000
603	0.5749	0.2499	0.6457	0.6985	0.3176	0.8114	33.2667	0.0830	2448.0000	366.0000	0.1495	2476.0000
604	0.5728	0.2499	0.6466	0.6761	0.3122	0.8020	32.9333	0.0893	2461.0000	387.0000	0.1573	2493.0000
605	0.5629	0.2499	0.6412	0.6898	0.3113	0.8092	33.1333	0.0922	2401.0000	398.0000	0.1658	2441.0000
606	0.5678	0.2499	0.6594	0.6873	0.3192	0.8031	32.6000	0.0882	2417.0000	379.0000	0.1568	2452.0000
607	0.5690	0.2499	0.6508	0.6801	0.3114	0.8034	33.5333	0.0872	2460.0000	392.0000	0.1593	2495.0000
608	0.5606	0.2499	0.6437	0.6884	0.3123	0.7993	33.2000	0.0927	2461.0000	401.0000	0.1629	2492.0000
609	0.5742	0.2499	0.6487	0.6940	0.3153	0.8027	33.2667	0.0949	2409.0000	376.0000	0.1561	2449.0000
610	0.5807	0.2499	0.6454	0.6978	0.3164	0.8094	32.8667	0.0900	2392.0000	377.0000	0.1576	2421.0000
611	0.5535	0.2499	0.6438	0.6797	0.3110	0.8005	32.5333	0.0949	2397.0000	403.0000	0.1681	2426.0000
612	0.5810	0.2499	0.6534	0.6974	0.3121	0.8093	32.9333	0.0924	2456.0000	390.0000	0.1588	2488.0000
613	0.5854	0.2499	0.6400	0.6806	0.3206	0.8011	33.2000	0.0903	2397.0000	386.0000	0.1610	2422.0000
614	0.5669	0.2499	0.6509	0.6943	0.3143	0.8087	33.0000	0.0860	2410.0000	383.0000	0.1589	2462.0000
615	0.5737	0.2499	0.6516	0.6771	0.3105	0.8042	33.2000	0.0863	2489.0000	381.0000	0.1531	2531.0000
616	0.5580	0.2499	0.6518	0.6874	0.3197	0.8001	33.1333	0.0913	2432.0000	393.0000	0.1616	2465.0000
617	0.5722	0.2499	0.6414	0.6886	0.3151	0.8011	32.9333	0.0899	2441.0000	383.0000	0.1569	2459.0000
618	0.5775	0.2499	0.6418	0.6887	0.3167	0.7963	33.3333	0.0972	2386.0000	400.0000	0.1676	2420.0000
619	0.5843	0.2499	0.6452	0.6862	0.3150	0.8097	32.8667	0.0863	2411.0000	385.0000	0.1597	2432.0000
620	0.5776	0.2499	0.6539	0.6830	0.3154	0.8021	33.0000	0.0955	2438.0000	391.0000	0.1604	2478.0000
621	0.5714	0.2499	0.6520	0.6764	0.3236	0.7952	33.1333	0.0940	2400.0000	399.0000	0.1663	2434.0000
622	0.5655	0.2499	0.6620	0.6695	0.3121	0.7984	33.0667	0.0900	2476.0000	402.0000	0.1624	2507.0000
623	0.5740	0.2499	0.6481	0.6972	0.3161	0.8074	33.2000	0.0874	2458.0000	384.0000	0.1562	2481.0000
624	0.5765	0.2499	0.6396	0.6809	0.3149	0.8005	33.1333	0.0925	2403.0000	391.0000	0.1627	2440.0000
625	0.5535	0.2499	0.6442	0.6879	0.3186	0.7997	32.8667	0.0920	2387.0000	389.0000	0.1630	2424.0000
626	0.5510	0.2499	0.6484	0.6823	0.3126	0.7940	33.4000	0.0951	2424.0000	403.0000	0.1663	2463.0000
627	0.5708	0.2499	0.6604	0.7020	0.3165	0.8041	32.8667	0.0964	2458.0000	382.0000	0.1554	2501.0000
628	0.5778	0.2499	0.6526	0.6927	0.3146	0.8075	33.0000	0.0905	2438.0000	387.0000	0.1587	2486.0000
629	0.5649	0.2499	0.6397	0.6878	0.3145	0.8006	33.2667	0.0944	2398.0000	388.0000	0.1618	2442.0000
630	0.5604	0.2499	0.6559	0.6773	0.3141	0.7981	33.3333	0.0889	2456.0000	400.0000	0.1629	2487.0000
631	0.5704	0.2499	0.6465	0.6779	0.3162	0.7984	33.1333	0.0938	2404.0000	397.0000	0.1651	2432.0000
632	0.5780	0.2499	0.6579	0.6800	0.3116	0.8170	32.6667	0.0837	2473.0000	379.0000	0.1533	2507.0000
633	0.5694	0.2499	0.6421	0.6688	0.3190	0.7995	33.0667	0.0850	2407.0000	389.0000	0.1616	2438.0000
634	0.5711	0.2499	0.6440	0.6996	0.3154	0.8058	32.8667	0.0902	2424.0000	389.0000	0.1605	2447.0000
635	0.5631	0.2499	0.6432	0.7138	0.3185	0.8071	33.2000	0.0897	2407.0000	382.0000	0.1587	2434.0000
636	0.5664	0.2499	0.6521	0.6862	0.3206	0.8044	33.2667	0.0929	2395.0000	401.0000	0.1674	2425.0000
637	0.5603	0.2499	0.6422	0.6709	0.3134	0.7884	33.4000	0.1004	2440.0000	408.0000	0.1672	2483.0000
638	0.5571	0.2499	0.6467	0.6684	0.3149	0.8002	32.9333	0.0893	2439.0000	400.0000	0.1640	2477.0000
639	0.5717	0.2499	0.6483	0.6853	0.3147	0.8052	32.6667	0.0859	2422.0000	385.0000	0.1590	2463.0000
640	0.5545	0.2499	0.6554	0.6783	0.3117	0.7972	32.9333	0.0969	2465.0000	402.0000	0.1631	2507.0000
641	0.5636	0.2499	0.6441	0.6888	0.3151	0.8022	33.0000	0.0918	2432.0000	388.0000	0.1595	2462.0000
642	0.5578	0.2499	0.6398	0.6861	0.3191	0.7967	32.8667	0.0951	2385.0000	401.0000	0.1681	2413.0000
643	0.5753	0.2499	0.6419	0.6810	0.3179	0.7999	33.0667	0.0910	2415.0000	396.0000	0.1640	2456.0000
644	0.5533	0.2499	0.6561	0.6940	0.3182	0.7998	32.5333	0.0974	2437.0000	390.0000	0.1600	2480.0000
645	0.5800	0.2499	0.6493	0.6844	0.3119	0.8040	32.9333	0.0900	2470.0000	385.0000	0.1559	2499.0000
646	0.5590	0.2499	0.6521	0.6670	0.3114	0.7954	33.0000	0.0913	2465.0000	406.0000	0.1647	2503.0000
647	0.5496	0.2499	0.6548	0.6694	0.3152	0.7950	33.0667	0.0908	2472.0000	403.0000	0.1630	2502.0000
648	0.5635	0.2499	0.6485	0.6835	0.3127	0.7969	33.0667	0.0902	2449.0000	397.0000	0.1621	2480.0000
649	0.5765	0.2499	0.6419	0.6680	0.3151	0.8017	33.2667	0.0909	2424.0000	388.0000	0.1601	2464.0000
650	0.5738	0.2499	0.6476	0.7027	0.3205	0.8031	33.0667	0.0981	2419.0000	398.0000	0.1645	2457.0000
651	0.5614	0.2499	0.6511	0.7105	0.3143	0.8067	33.0000	0.0931	2438.0000	381.0000	0.1563	2479.0000
652	0.5684	0.2499	0.6474	0.6828	0.3163	0.7979	33.4000	0.0966	2412.0000	388.0000	0.1609	2442.0000
653	0.5717	0.2499	0.6465	0.6908	0.3147	0.7984	33.2667	0.0955	2428.0000	395.0000	0.1627	2463.0000
654	0.5745	0.2499	0.6475	0.6881	0.3152	0.8091	33.2667	0.0839	2460.0000	382.0000	0.1553	2503.0000
655	0.5874	0.2499	0.6580	0.6894	0.3148	0.8067	33.2000	0.0950	2450.0000	400.0000	0.1633	2486.0000
656	0.5682	0.2499	0.6521	0.6873	0.3176	0.8037	32.8667	0.0930	2419.0000	385.0000	0.1592	2448.0000
657	0.5525	0.2499	0.6384	0.6839	0.3192	0.7954	32.9333	0.0960	2416.0000	392.0000	0.1623	2429.0000
658	0.5774	0.2499	0.6571	0.6854	0.3191	0.8024	32.9333	0.0937	2418.0000	391.0000	0.1617	2454.0000
659	0.5639	0.2499	0.6536	0.6833	0.3145	0.8031	32.4667	0.0912	2453.0000	386.0000	0.1574	2501.0000
660	0.5783	0.2499	0.6505	0.6897	0.3198	0.7954	32.8000	0.0938	2413.0000	392.0000	0.1625	2435.0000
661	0.5691	0.2499	0.6402	0.6814	0.3149	0.8032	32.9333	0.0899	2404.0000	395.0000	0.1643	2429.0000
662	0.5676	0.2499	0.6553	0.6990	0.3162	0.8038	33.1333	0.0869	2437.0000	378.0000	0.1551	2469.0000
663	0.5729	0.2499	0.6473	0.6854	0.3113	0.8116	32.8000	0.0833	2429.0000	379.0000	0.1560	2462.0000
664	0.5758	0.2499	0.6538	0.6722	0.3138	0.8011	33.0000	0.0903	2423.0000	394.0000	0.1626	2469.0000
665	0.5716	0.2499	0.6561	0.7013	0.3145	0.8127	33.0667	0.0844	2453.0000	373.0000	0.1521	2489.0000
666	0.5777	0.2499	0.6447	0.6828	0.3143	0.7968	33.0000	0.0929	2452.0000	397.0000	0.1619	2481.0000
667	0.5537	0.2499	0.6467	0.6794	0.3168	0.7977	32.7333	0.0941	2402.0000	401.0000	0.1669	2436.0000
668	0.5657	0.2499	0.6427	0.6926	0.3145	0.8059	32.9333	0.0914	2432.0000	380.0000	0.1562	2456.0000
669	0.5727	0.2499	0.6401	0.6728	0.3141	0.7916	33.1333	0.0946	2420.0000	400.0000	0.1653	2454.0000
670	0.5576	0.2499	0.6488	0.6775	0.3139	0.8007	32.6667	0.0880	2461.0000	388.0000	0.1577	2495.0000
671	0.5499	0.2499	0.6510	0.6884	0.3148	0.7988	33.2000	0.0973	2443.0000	401.0000	0.1641	2482.0000
672	0.5767	0.2499	0.6420	0.6862	0.3158	0.8029	33.2000	0.0902	2445.0000	393.0000	0.1607	2465.0000
673	0.5682	0.2499	0.6420	0.6916	0.3167	0.8058	33.2000	0.0882	2409.0000	384.0000	0.1594	2451.0000
674	0.5813	0.2499	0.6489	0.6865	0.3163	0.8056	33.0000	0.0924	2408.0000	388.0000	0.1611	2432.0000
675	0.5634	0.2499	0.6373	0.6886	0.3158	0.8053	32.9333	0.0871	2400.0000	389.0000	0.1621	2441.0000
676	0.5631	0.2499	0.6484	0.6874	0.3173	0.8018	33.1333	0.0956	2438.0000	393.0000	0.1612	2466.0000
677	0.5665	0.2499	0.6503	0.6679	0.3154	0.7981	33.0667	0.0912	2453.0000	400.0000	0.1631	2490.0000
678	0.5616	0.2499	0.6514	0.6800	0.3153	0.7981	32.8000	0.0955	2455.0000	389.0000	0.1585	2483.0000
679	0.5658	0.2499	0.6507	0.6880	0.3182	0.8004	33.0667	0.0898	2429.0000	394.0000	0.1622	2450.0000
680	0.5745	0.2499	0.6516	0.6802	0.3148	0.8038	33.0667	0.0879	2418.0000	394.0000	0.1629	2445.0000
681	0.5660	0.2499	0.6539	0.6895	0.3158	0.8015	32.8667	0.0871	2442.0000	390.0000	0.1597	2477.0000
682	0.5589	0.2499	0.6468	0.6790	0.3133	0.7970	32.6000	0.0917	2444.0000	386.0000	0.1579	2480.0000
683	0.5580	0.2499	0.6534	0.6780	0.3136	0.7996	33.0000	0.0887	2457.0000	401.0000	0.1632	2490.0000
684	0.5583	0.2499	0.6442	0.6732	0.3139	0.7982	32.6000	0.0895	2424.0000	403.0000	0.1663	2455.0000
685	0.5673	0.2499	0.6505	0.6777	0.3157	0.8020	33.0667	0.0867	2451.0000	390.0000	0.1591	2490.0000
686	0.5697	0.2499	0.6447	0.6889	0.3176	0.8040	33.1333	0.0857	2400.0000	388.0000	0.1617	2420.0000
687	0.5834	0.2499	0.6567	0.6854	0.3163	0.8001	32.8667	0.0951	2450.0000	390.0000	0.1592	2486.0000
688	0.5777	0.2499	0.6470	0.6826	0.3182	0.7991	32.8667	0.0890	2407.0000	380.0000	0.1579	2459.0000
689	0.5840	0.2499	0.6473	0.6945	0.3178	0.8045	33.0667	0.0934	2414.0000	381.0000	0.1578	2451.0000
690	0.5540	0.2499	0.6481	0.6849	0.3183	0.7960	33.0000	0.0901	2405.0000	398.0000	0.1655	2448.0000
691	0.5715	0.2499	0.6575	0.6839	0.3179	0.8039	33.1333	0.0886	2415.0000	394.0000	0.1631	2440.0000
692	0.5726	0.2499	0.6497	0.6811	0.3137	0.8009	32.9333	0.0889	2445.0000	394.0000	0.1611	2487.0000
693	0.5690	0.2499	0.6457	0.6851	0.3115	0.8094	32.8000	0.0872	2458.0000	377.0000	0.1534	2493.0000
694	0.5563	0.2499	0.6422	0.6856	0.3176	0.7991	32.8000	0.0893	2417.0000	394.0000	0.1630	2451.0000
695	0.5781	0.2499	0.6443	0.6828	0.3132	0.8060	33.0000	0.0903	2398.0000	383.0000	0.1597	2433.0000
696	0.5655	0.2499	0.6412	0.6903	0.3123	0.7983	32.9333	0.0934	2404.0000	395.0000	0.1643	2427.0000
697	0.5814	0.2499	0.6541	0.6925	0.3159	0.8061	32.8000	0.0890	2469.0000	380.0000	0.1539	2507.0000
698	0.5781	0.2499	0.6465	0.6928	0.3165	0.8072	32.5333	0.0888	2412.0000	386.0000	0.1600	2450.0000
699	0.5730	0.2499	0.6479	0.6921	0.3187	0.8052	32.8667	0.0857	2423.0000	385.0000	0.1589	2463.0000
700	0.5786	0.2499	0.6453	0.6705	0.3143	0.8021	33.0667	0.0912	2424.0000	394.0000	0.1625	2461.0000
701	0.5746	0.2499	0.6512	0.6933	0.3160	0.8026	33.2000	0.0877	2418.0000	383.0000	0.1584	2451.0000
702	0.5652	0.2499	0.6415	0.6771	0.3163	0.7924	33.1333	0.0963	2381.0000	397.0000	0.1667	2416.0000
703	0.5660	0.2499	0.6562	0.6911	0.3183	0.7969	32.8667	0.0924	2458.0000	396.0000	0.1611	2493.0000
704	0.5607	0.2499	0.6464	0.6715	0.3169	0.7949	32.8000	0.0909	2421.0000	413.0000	0.1706	2450.0000
705	0.5571	0.2499	0.6496	0.6825	0.3208	0.8022	33.0000	0.0872	2400.0000	394.0000	0.1642	2435.0000
706	0.5647	0.2499	0.6514	0.6766	0.3154	0.8038	32.8667	0.0907	2447.0000	394.0000	0.1610	2492.0000
707	0.5544	0.2499	0.6531	0.6792	0.3169	0.7893	32.8667	0.0989	2452.0000	406.0000	0.1656	2486.0000
708	0.5731	0.2499	0.6453	0.6903	0.3116	0.8056	32.6667	0.0864	2433.0000	387.0000	0.1591	2471.0000
709	0.5786	0.2499	0.6507	0.6723	0.3146	0.8048	32.8000	0.0908	2436.0000	393.0000	0.1613	2466.0000
710	0.5776	0.2499	0.6500	0.6789	0.3139	0.8051	33.4000	0.0904	2428.0000	396.0000	0.1631	2454.0000
711	0.5696	0.2499	0.6491	0.6857	0.3162	0.8018	33.0667	0.0935	2447.0000	397.0000	0.1622	2491.0000
712	0.5741	0.2499	0.6521	0.6775	0.3162	0.7985	32.8000	0.0923	2442.0000	394.0000	0.1613	2471.0000
713	0.5699	0.2499	0.6513	0.6786	0.3145	0.7980	32.7333	0.0943	2458.0000	391.0000	0.1591	2490.0000
714	0.5658	0.2499	0.6449	0.6819	0.3158	0.8054	33.0667	0.0893	2420.0000	391.0000	0.1616	2460.0000
715	0.5659	0.2499	0.6458	0.6940	0.3193	0.8003	32.8667	0.0915	2416.0000	389.0000	0.1610	2448.0000
716	0.5605	0.2499	0.6419	0.6834	0.3168	0.7939	32.8000	0.0977	2402.0000	397.0000	0.1653	2442.0000
717	0.5597	0.2499	0.6462	0.6831	0.3132	0.8013	33.3333	0.0911	2439.0000	388.0000	0.1591	2466.0000
718	0.5554	0.2499	0.6553	0.6862	0.3205	0.7978	33.0667	0.0951	2445.0000	395.0000	0.1616	2476.0000
719	0.5778	0.2499	0.6406	0.6820	0.3150	0.8048	32.4000	0.0883	2427.0000	381.0000	0.1570	2456.0000
720	0.5469	0.2499	0.6527	0.6835	0.3116	0.7996	33.0000	0.0913	2463.0000	394.0000	0.1600	2499.0000
721	0.5658	0.2499	0.6473	0.6888	0.3171	0.8006	32.6667	0.0901	2435.0000	390.0000	0.1602	2482.0000
722	0.5503	0.2499	0.6433	0.6923	0.3191	0.7983	32.8000	0.0965	2393.0000	385.0000	0.1609	2441.0000
723	0.5659	0.2499	0.6472	0.6907	0.3204	0.8009	33.0667	0.0938	2397.0000	392.0000	0.1635	2437.0000
724	0.5698	0.2499	0.6566	0.6884	0.3137	0.8063	33.0667	0.0862	2465.0000	383.0000	0.1554	2508.0000
725	0.5779	0.2499	0.6451	0.6832	0.3180	0.8057	33.0000	0.0869	2434.0000	379.0000	0.1557	2465.0000
726	0.5682	0.2499	0.6436	0.6763	0.3132	0.7986	32.8667	0.0956	2415.0000	391.0000	0.1619	2457.0000
727	0.5839	0.2499	0.6467	0.6880	0.3160	0.8072	32.8000	0.0903	2425.0000	379.0000	0.1563	2460.0000
728	0.5625	0.2499	0.6509	0.6860	0.3132	0.8002	32.8667	0.0903	2437.0000	396.0000	0.1625	2471.0000
729	0.5599	0.2499	0.6500	0.6896	0.3180	0.8037	33.2000	0.0909	2397.0000	393.0000	0.1640	2438.0000
730	0.5727	0.2499	0.6409	0.7012	0.3154	0.8043	33.2667	0.0948	2397.0000	388.0000	0.1619	2430.0000
731	0.5662	0.2499	0.6555	0.6775	0.3127	0.7975	33.1333	0.0910	2476.0000	398.0000	0.1607	2507.0000
732	0.5853	0.2499	0.6434	0.6819	0.3149	0.8034	32.9333	0.0880	2397.0000	390.0000	0.1627	2429.0000
733	0.5671	0.2499	0.6389	0.6911	0.3160	0.8030	33.0000	0.0927	2434.0000	381.0000	0.1565	2467.0000
734	0.5693	0.2499	0.6488	0.6843	0.3122	0.8077	32.6667	0.0787	2473.0000	376.0000	0.1520	2510.0000
735	0.5722	0.2499	0.6522	0.6855	0.3167	0.8017	32.8667	0.0917	2442.0000	384.0000	0.1572	2473.0000
736	0.5632	0.2499	0.6510	0.6828	0.3135	0.8047	33.0000	0.0887	2437.0000	390.0000	0.1600	2474.0000
737	0.5637	0.2499	0.6576	0.6866	0.3175	0.7997	32.8000	0.0937	2469.0000	399.0000	0.1616	2506.0000
738	0.5652	0.2499	0.6508	0.6695	0.3113	0.7959	33.1333	0.0917	2468.0000	400.0000	0.1621	2509.0000
739	0.5703	0.2499	0.6473	0.6856	0.3168	0.8025	32.9333	0.0913	2444.0000	385.0000	0.1575	2461.0000
740	0.5748	0.2499	0.6457	0.6953	0.3166	0.7984	32.8000	0.0956	2418.0000	403.0000	0.1667	2446.0000
741	0.5614	0.2499	0.6524	0.6711	0.3150	0.7991	33.1333	0.0924	2450.0000	397.0000	0.1620	2490.0000
742	0.5767	0.2499	0.6372	0.6996	0.3159	0.8016	33.3333	0.0905	2385.0000	383.0000	0.1606	2417.0000
743	0.5739	0.2499	0.6504	0.6959	0.3201	0.8035	33.5333	0.0943	2412.0000	382.0000	0.1584	2459.0000
744	0.5691	0.2499	0.6509	0.6690	0.3151	0.7941	32.8667	0.0946	2443.0000	403.0000	0.1650	2470.0000
745	0.5650	0.2499	0.6512	0.7014	0.3182	0.7992	32.6000	0.0940	2404.0000	391.0000	0.1626	2447.0000
746	0.5708	0.2499	0.6424	0.6944	0.3141	0.8077	33.0667	0.0920	2440.0000	392.0000	0.1607	2472.0000
747	0.5712	0.2499	0.6497	0.6881	0.3154	0.8019	33.2667	0.0932	2430.0000	400.0000	0.1646	2464.0000
748	0.5690	0.2499	0.6531	0.6775	0.3133	0.8008	32.6667	0.0905	2449.0000	385.0000	0.1572	2484.0000
749	0.5838	0.2499	0.6455	0.6998	0.3177	0.8064	33.0000	0.0968	2398.0000	395.0000	0.1647	2430.0000
750	0.5675	0.2499	0.6501	0.6883	0.3176	0.8046	33.4000	0.0917	2441.0000	386.0000	0.1581	2461.0000
751	0.5769	0.2499	0.6482	0.6914	0.3129	0.8090	33.0667	0.0905	2423.0000	383.0000	0.1581	2452.0000
752	0.5677	0.2499	0.6486	0.6770	0.3121	0.7978	33.3333	0.0986	2442.0000	399.0000	0.1634	2483.0000
753	0.5603	0.2499	0.6500	0.6966	0.3160	0.7967	33.0000	0.0972	2425.0000	394.0000	0.1625	2462.0000
754	0.5627	0.2499	0.6516	0.6774	0.3171	0.7977	32.6667	0.0954	2410.0000	402.0000	0.1668	2451.0000
755	0.5694	0.2499	0.6476	0.6905	0.3144	0.8041	32.8667	0.0891	2414.0000	385.0000	0.1595	2452.0000
756	0.5744	0.2499	0.6421	0.6836	0.3144	0.8027	32.8000	0.0927	2426.0000	389.0000	0.1603	2450.0000
757	0.5723	0.2499	0.6453	0.6887	0.3149	0.8053	32.6667	0.0872	2400.0000	386.0000	0.1608	2429.0000
758	0.5750	0.2499	0.6392	0.6871	0.3117	0.8051	33.3333	0.0904	2415.0000	391.0000	0.1619	2448.0000
759	0.5565	0.2499	0.6475	0.6926	0.3178	0.8008	32.7333	0.0906	2428.0000	386.0000	0.1590	2456.0000
760	0.5760	0.2499	0.6456	0.6754	0.3133	0.8026	33.1333	0.0849	2434.0000	396.0000	0.1627	2476.0000
761	0.5542	0.2499	0.6492	0.6677	0.3166	0.7898	33.0000	0.0985	2436.0000	408.0000	0.1675	2466.0000
762	0.5786	0.2499	0.6443	0.6990	0.3151	0.8073	32.8000	0.0884	2424.0000	386.0000	0.1592	2457.0000
763	0.5780	0.2499	0.6492	0.6863	0.3130	0.8052	32.6000	0.0912	2419.0000	380.0000	0.1571	2450.0000
764	0.5602	0.2499	0.6442	0.6970	0.3146	0.8015	33.0667	0.0928	2412.0000	394.0000	0.1633	2452.0000
765	0.5696	0.2499	0.6436	0.6797	0.3156	0.7979	33.2000	0.0952	2411.0000	394.0000	0.1634	2444.0000
766	0.5586	0.2499	0.6472	0.6916	0.3188	0.8024	33.1333	0.0899	2424.0000	379.0000	0.1564	2460.0000
767	0.5445	0.2499	0.6518	0.6747	0.3137	0.7979	33.2000	0.0894	2475.0000	397.0000	0.1604	2509.0000
768	0.5586	0.2499	0.6532	0.6851	0.3197	0.7971	32.9333	0.0974	2432.0000	402.0000	0.1653	2468.0000
769	0.5756	0.2499	0.6405	0.6995	0.3158	0.7982	32.8667	0.0990	2378.0000	399.0000	0.1678	2419.0000
770	0.5701	0.2499	0.6536	0.6854	0.3154	0.8062	32.8667	0.0917	2453.0000	387.0000	0.1578	2481.0000
771	0.5688	0.2499	0.6446	0.6930	0.3188	0.7987	32.9333	0.0978	2378.0000	389.0000	0.1636	2418.0000
772	0.5638	0.2499	0.6376	0.6939	0.3131	0.8054	32.8667	0.0886	2424.0000	382.0000	0.1576	2447.0000
773	0.5657	0.2499	0.6478	0.6833	0.3178	0.8024	33.0667	0.0917	2409.0000	388.0000	0.1611	2442.0000
774	0.5689	0.2499	0.6456	0.6726	0.3109	0.8020	32.7333	0.0864	2430.0000	396.0000	0.1630	2473.0000
775	0.5835	0.2499	0.6567	0.6875	0.3178	0.8069	32.7333	0.0881	2451.0000	380.0000	0.1550	2482.0000
776	0.5530	0.2499	0.6562	0.6862	0.3146	0.7959	33.0667	0.0945	2466.0000	397.0000	0.1610	2499.0000
777	0.5737	0.2499	0.6399	0.6716	0.3148	0.7975	33.2000	0.0919	2412.0000	399.0000	0.1654	2444.0000
778	0.5601	0.2499	0.6478	0.6903	0.3147	0.7978	33.0667	0.0907	2430.0000	386.0000	0.1588	2471.0000
779	0.5527	0.2499	0.6508	0.6814	0.3140	0.7995	33.2667	0.0932	2471.0000	390.0000	0.1578	2505.0000
780	0.5697	0.2499	0.6475	0.6940	0.3155	0.8092	32.8667	0.0889	2423.0000	383.0000	0.1581	2457.0000
781	0.5832	0.2499	0.6399	0.6883	0.3124	0.8027	33.0667	0.0968	2395.0000	387.0000	0.1616	2426.0000
782	0.5539	0.2499	0.6372	0.6748	0.3177	0.7909	33.1333	0.0965	2386.0000	413.0000	0.1731	2425.0000
783	0.5731	0.2499	0.6494	0.6847	0.3169	0.8018	33.0667	0.0916	2443.0000	389.0000	0.1592	2470.0000
784	0.5654	0.2499	0.6488	0.6970	0.3214	0.8005	33.0000	0.0909	2420.0000	380.0000	0.1570	2452.0000
785	0.5689	0.2499	0.6430	0.6827	0.3150	0.8022	32.7333	0.0935	2420.0000	393.0000	0.1624	2440.0000
786	0.5802	0.2499	0.6453	0.6820	0.3124	0.7992	33.1333	0.0914	2438.0000	390.0000	0.1600	2469.0000
787	0.5736	0.2499	0.6492	0.6741	0.3144	0.7976	32.9333	0.0850	2444.0000	395.0000	0.1616	2481.0000
788	0.5850	0.2499	0.6502	0.6936	0.3147	0.8102	32.9333	0.0850	2433.0000	370.0000	0.1521	2465.0000
789	0.5778	0.2499	0.6383	0.6896	0.3151	0.8018	33.3333	0.0940	2400.0000	386.0000	0.1608	2429.0000
790	0.5651	0.2499	0.6490	0.6765	0.3062	0.7986	32.8667	0.0946	2448.0000	401.0000	0.1638	2501.0000
791	0.5634	0.2499	0.6557	0.6804	0.3172	0.8012	32.9333	0.0902	2462.0000	394.0000	0.1600	2496.0000
792	0.5629	0.2499	0.6575	0.6927	0.3156	0.8030	32.9333	0.0907	2461.0000	381.0000	0.1548	2495.0000
793	0.5567	0.2499	0.6483	0.6902	0.3122	0.8003	33.2000	0.0907	2432.0000	388.0000	0.1595	2467.0000
794	0.5727	0.2499	0.6499	0.6848	0.3144	0.8020	32.8667	0.0950	2428.0000	386.0000	0.1590	2467.0000
795	0.5569	0.2499	0.6470	0.6805	0.3166	0.7937	33.1333	0.0958	2419.0000	402.0000	0.1662	2458.0000
796	0.5783	0.2499	0.6487	0.7041	0.3146	0.8086	32.8667	0.0884	2450.0000	372.0000	0.1518	2484.0000
797	0.5520	0.2499	0.6530	0.6774	0.3227	0.7931	33.2000	0.0957	2407.0000	404.0000	0.1678	2442.0000
798	0.5702	0.2499	0.6473	0.6806	0.3168	0.8049	33.2667	0.0918	2433.0000	382.0000	0.1570	2464.0000
799	0.5693	0.2499	0.6494	0.6797	0.3156	0.8012	32.9333	0.0897	2428.0000	389.0000	0.1602	2466.0000
800	0.5669	0.2499	0.6622	0.6964	0.3213	0.8021	32.8000	0.0892	2433.0000	385.0000	0.1582	2466.0000
801	0.5546	0.2499	0.6502	0.6891	0.3126	0.8045	33.0667	0.0884	2432.0000	390.0000	0.1604	2476.0000
802	0.5625	0.2499	0.6519	0.6708	0.3149	0.7985	33.0667	0.0878	2470.0000	395.0000	0.1599	2493.0000
803	0.5768	0.2499	0.6480	0.6851	0.3154	0.8010	33.0000	0.0942	2431.0000	389.0000	0.1600	2476.0000
804	0.5643	0.2499	0.6464	0.6789	0.3207	0.7955	33.0667	0.0936	2418.0000	396.0000	0.1638	2451.0000
805	0.5676	0.2499	0.6518	0.6834	0.3141	0.8011	33.0000	0.0889	2470.0000	382.0000	0.1547	2494.0000
806	0.5569	0.2499	0.6547	0.6704	0.3198	0.7906	33.0000	0.0938	2458.0000	399.0000	0.1623	2496.0000
807	0.5651	0.2499	0.6517	0.6811	0.3172	0.7983	32.6667	0.0900	2424.0000	386.0000	0.1592	2459.0000
808	0.5818	0.2499	0.6551	0.6977	0.3137	0.8114	33.2667	0.0894	2447.0000	378.0000	0.1545	2478.0000
809	0.5778	0.2499	0.6542	0.6861	0.3138	0.8050	33.1333	0.0845	2460.0000	386.0000	0.1569	2492.0000
810	0.5682	0.2499	0.6554	0.6978	0.3145	0.8071	32.9333	0.0899	2460.0000	374.0000	0.1520	2498.0000
811	0.5700	0.2499	0.6462	0.6744	0.3168	0.8008	33.0667	0.0879	2422.0000	398.0000	0.1643	2461.0000
812	0.5813	0.2499	0.6574	0.6936	0.3170	0.8031	32.7333	0.0946	2429.0000	389.0000	0.1601	2470.0000
813	0.5722	0.2499	0.6453	0.6888	0.3151	0.7933	33.1333	0.0951	2422.0000	403.0000	0.1664	2458.0000
814	0.5693	0.2499	0.6432	0.6987	0.3161	0.7966	32.8000	0.1011	2430.0000	399.0000	0.1642	2452.0000
815	0.5688	0.2499	0.6534	0.6754	0.3126	0.8040	32.9333	0.0885	2479.0000	388.0000	0.1565	2507.0000
816	0.5455	0.2499	0.6496	0.6659	0.3135	0.7883	33.0000	0.0991	2451.0000	414.0000	0.1689	2492.0000
817	0.5637	0.2499	0.6462	0.6752	0.3156	0.7973	33.0667	0.0913	2461.0000	401.0000	0.1629	2485.0000
818	0.5738	0.2499	0.6518	0.6820	0.3176	0.7975	32.9333	0.0909	2428.0000	390.0000	0.1606	2473.0000
819	0.5822	0.2499	0.6519	0.6858	0.3158	0.8093	33.0667	0.0858	2442.0000	381.0000	0.1560	2477.0000
820	0.5585	0.2499	0.6521	0.6967	0.3207	0.8054	32.9333	0.0909	2419.0000	388.0000	0.1604	2455.0000
821	0.5479	0.2499	0.6463	0.6786	0.3109	0.8004	32.6667	0.0939	2460.0000	403.0000	0.1638	2491.0000
822	0.5791	0.2499	0.6441	0.6922	0.3130	0.8124	33.0000	0.0856	2441.0000	383.0000	0.1569	2481.0000
823	0.5708	0.2499	0.6523	0.6932	0.3203	0.8038	32.6667	0.0894	2440.0000	395.0000	0.1619	2484.0000
824	0.5563	0.2499	0.6503	0.6777	0.3141	0.7991	32.8000	0.0899	2445.0000	394.0000	0.1611	2484.0000
825	0.5762	0.2499	0.6424	0.6911	0.3175	0.8077	33.1333	0.0895	2391.0000	371.0000	0.1552	2425.0000
826	0.5660	0.2499	0.6575	0.6883	0.3165	0.8009	33.1333	0.0898	2481.0000	381.0000	0.1536	2529.0000
827	0.5804	0.2499	0.6514	0.6810	0.3130	0.8005	33.1333	0.0911	2435.0000	384.0000	0.1577	2474.0000
828	0.5795	0.2499	0.6378	0.6738	0.3154	0.7947	33.0667	0.0987	2405.0000	399.0000	0.1659	2428.0000
829	0.5791	0.2499	0.6462	0.6882	0.3171	0.8059	33.2000	0.0881	2425.0000	383.0000	0.1579	2458.0000
830	0.5598	0.2499	0.6521	0.6894	0.3154	0.8052	32.6000	0.0899	2447.0000	388.0000	0.1586	2472.0000
831	0.5706	0.2499	0.6469	0.6846	0.3169	0.7973	33.2667	0.0891	2418.0000	390.0000	0.1613	2452.0000
832	0.5675	0.2499	0.6591	0.6887	0.3156	0.7990	32.9333	0.0939	2449.0000	394.0000	0.1609	2496.0000
833	0.5683	0.2499	0.6540	0.6845	0.3155	0.8034	32.8667	0.0866	2462.0000	389.0000	0.1580	2486.0000
834	0.5627	0.2499	0.6421	0.6861	0.3131	0.8032	33.1333	0.0901	2393.0000	405.0000	0.1692	2426.0000
835	0.5823	0.2499	0.6418	0.6964	0.3142	0.7993	33.1333	0.0940	2405.0000	390.0000	0.1622	2444.0000
836	0.5611	0.2499	0.6452	0.6685	0.3166	0.8018	32.8000	0.0878	2450.0000	400.0000	0.1633	2475.0000
837	0.5723	0.2499	0.6526	0.6827	0.3154	0.8052	32.8667	0.0883	2417.0000	386.0000	0.1597	2443.0000
838	0.5823	0.2499	0.6445	0.6885	0.3168	0.7977	33.1333	0.0957	2418.0000	393.0000	0.1625	2433.0000
839	0.5731	0.2499	0.6443	0.6753	0.3167	0.8038	33.2000	0.0860	2438.0000	396.0000	0.1624	2465.0000
840	0.5784	0.2499	0.6470	0.6843	0.3150	0.8060	33.2000	0.0884	2427.0000	375.0000	0.1545	2462.0000
841	0.5676	0.2499	0.6426	0.6952	0.3149	0.8033	33.0000	0.0932	2391.0000	387.0000	0.1619	2433.0000
842	0.5740	0.2499	0.6445	0.6754	0.3132	0.7984	32.8000	0.0941	2451.0000	391.0000	0.1595	2487.0000
843	0.5803	0.2499	0.6526	0.6865	0.3141	0.8108	32.9333	0.0874	2438.0000	394.0000	0.1616	2467.0000
844	0.5770	0.2499	0.6414	0.6784	0.3166	0.7984	33.3333	0.0903	2405.0000	393.0000	0.1634	2447.0000
845	0.5818	0.2499	0.6430	0.6928	0.3177	0.8065	33.2667	0.0911	2351.0000	386.0000	0.1642	2387.0000
846	0.5725	0.2499	0.6466	0.6754	0.3177	0.7987	33.2000	0.0917	2425.0000	400.0000	0.1649	2442.0000
847	0.5733	0.2499	0.6548	0.6862	0.3154	0.8037	32.8000	0.0879	2493.0000	389.0000	0.1560	2533.0000
848	0.5761	0.2499	0.6473	0.6675	0.3161	0.7970	33.0667	0.0923	2414.0000	401.0000	0.1661	2447.0000
849	0.5765	0.2499	0.6442	0.6893	0.3169	0.8018	32.8667	0.0957	2386.0000	381.0000	0.1597	2414.0000
850	0.5714	0.2499	0.6399	0.6845	0.3168	0.7987	33.1333	0.0924	2410.0000	397.0000	0.1647	2436.0000
851	0.5761	0.2499	0.6452	0.6818	0.3180	0.8047	33.0000	0.0887	2420.0000	385.0000	0.1591	2432.0000
852	0.5742	0.2499	0.6441	0.6803	0.3176	0.8005	32.9333	0.0893	2430.0000	401.0000	0.1650	2457.0000
853	0.5805	0.2499	0.6490	0.6994	0.3145	0.8054	33.3333	0.0898	2452.0000	386.0000	0.1574	2483.0000
854	0.5739	0.2499	0.6432	0.6831	0.3180	0.8039	33.0667	0.0902	2394.0000	395.0000	0.1650	2427.0000
855	0.5657	0.2499	0.6493	0.6898	0.3189	0.8006	32.6667	0.0932	2427.0000	388.0000	0.1599	2441.0000
856	0.5734	0.2499	0.6537	0.6857	0.3103	0.8022	32.9333	0.0937	2450.0000	396.0000	0.1616	2483.0000
857	0.5661	0.2499	0.6464	0.6784	0.3168	0.7964	32.6000	0.0965	2405.0000	400.0000	0.1663	2444.0000
858	0.5709	0.2499	0.6500	0.6771	0.3146	0.8043	33.2667	0.0939	2426.0000	395.0000	0.1628	2458.0000
859	0.5806	0.2499	0.6454	0.7007	0.3153	0.8115	33.0000	0.0878	2399.0000	380.0000	0.1584	2425.0000
860	0.5738	0.2499	0.6525	0.6920	0.3163	0.8040	33.1333	0.0873	2432.0000	383.0000	0.1575	2457.0000
861	0.5585	0.2499	0.6403	0.6740	0.3186	0.7967	33.3333	0.0923	2403.0000	394.0000	0.1640	2430.0000
862	0.5655	0.2499	0.6588	0.6802	0.3136	0.8051	33.0667	0.0868	2458.0000	386.0000	0.1570	2499.0000
863	0.5623	0.2499	0.6490	0.6899	0.3153	0.7999	32.7333	0.0904	2426.0000	391.0000	0.1612	2470.0000
864	0.5796	0.2499	0.6559	0.6849	0.3149	0.8062	32.9333	0.0859	2461.0000	390.0000	0.1585	2487.0000
865	0.5727	0.2499	0.6428	0.6933	0.3141	0.8034	33.2000	0.0912	2406.0000	392.0000	0.1629	2442.0000
866	0.5681	0.2499	0.6549	0.7021	0.3139	0.8076	33.0000	0.0870	2452.0000	385.0000	0.1570	2484.0000
867	0.5721	0.2499	0.6467	0.6940	0.3090	0.8034	33.0667	0.0928	2454.0000	392.0000	0.1597	2484.0000
868	0.5778	0.2499	0.6483	0.6761	0.3148	0.8052	33.2667	0.0852	2451.0000	379.0000	0.1546	2478.0000
869	0.5696	0.2499	0.6389	0.7036	0.3201	0.8053	33.2667	0.0929	2350.0000	389.0000	0.1655	2382.0000
870	0.5674	0.2499	0.6566	0.6772	0.3130	0.8065	32.8667	0.0856	2451.0000	382.0000	0.1559	2476.0000
871	0.5709	0.2499	0.6503	0.6790	0.3157	0.8014	33.1333	0.0960	2436.0000	392.0000	0.1609	2461.0000
872	0.5604	0.2499	0.6469	0.7012	0.3155	0.8055	33.2667	0.0907	2434.0000	384.0000	0.1578	2457.0000
873	0.5711	0.2499	0.6550	0.6806	0.3184	0.8061	32.8667	0.0859	2435.0000	389.0000	0.1598	2472.0000
874	0.5620	0.2499	0.6387	0.7004	0.3164	0.8039	33.0667	0.0954	2373.0000	391.0000	0.1648	2399.0000
875	0.5495	0.2499	0.6424	0.6794	0.3199	0.7924	33.0667	0.0933	2403.0000	400.0000	0.1665	2438.0000
876	0.5676	0.2499	0.6501	0.6886	0.3170	0.8086	33.0000	0.0889	2432.0000	386.0000	0.1587	2460.0000
877	0.5689	0.2499	0.6471	0.6765	0.3189	0.7920	32.8000	0.0945	2383.0000	402.0000	0.1687	2425.0000
878	0.5680	0.2499	0.6548	0.6779	0.3141	0.8004	33.4000	0.0906	2443.0000	395.0000	0.1617	2483.0000
879	0.5637	0.2499	0.6586	0.6947	0.3120	0.8019	33.1333	0.0912	2485.0000	390.0000	0.1569	2510.0000
880	0.5683	0.2499	0.6487	0.6862	0.3164	0.8020	32.7333	0.0918	2441.0000	391.0000	0.1602	2470.0000
881	0.5665	0.2499	0.6525	0.6820	0.3174	0.8037	33.4000	0.0923	2434.0000	387.0000	0.1590	2459.0000
882	0.5620	0.2499	0.6481	0.6845	0.3163	0.7978	33.2000	0.0946	2433.0000	394.0000	0.1619	2470.0000
883	0.5752	0.2499	0.6430	0.6899	0.3121	0.8052	32.7333	0.0928	2428.0000	387.0000	0.1594	2475.0000
884	0.5700	0.2499	0.6562	0.6773	0.3151	0.8013	32.8667	0.0887	2487.0000	387.0000	0.1556	2515.0000
885	0.5729	0.2499	0.6466	0.6879	0.3171	0.7979	32.9333	0.0930	2431.0000	396.0000	0.1629	2460.0000
886	0.5680	0.2499	0.6594	0.6846	0.3134	0.8006	33.1333	0.0902	2492.0000	391.0000	0.1569	2530.0000
887	0.5663	0.2499	0.6489	0.6817	0.3148	0.7961	33.2667	0.0912	2458.0000	393.0000	0.1599	2477.0000
888	0.5716	0.2499	0.6463	0.6687	0.3175	0.7972	33.2000	0.0941	2454.0000	397.0000	0.1618	2492.0000
889	0.5569	0.2499	0.6587	0.6789	0.3122	0.8007	33.3333	0.0887	2467.0000	394.0000	0.1597	2506.0000
890	0.5740	0.2499	0.6548	0.6921	0.3112	0.8036	33.3333	0.0889	2484.0000	384.0000	0.1546	2511.0000
891	0.5699	0.2499	0.6520	0.6725	0.3122	0.7954	33.0000	0.0908	2457.0000	395.0000	0.1608	2490.0000
892	0.5720	0.2499	0.6503	0.6881	0.3114	0.8027	33.0667	0.0934	2447.0000	398.0000	0.1626	2473.0000
893	0.5758	0.2499	0.6481	0.6955	0.3162	0.8021	33.0000	0.0966	2436.0000	388.0000	0.1593	2459.0000
894	0.5739	0.2499	0.6486	0.6925	0.3156	0.8036	32.9333	0.0915	2410.0000	384.0000	0.1593	2447.0000
895	0.5524	0.2499	0.6552	0.6839	0.3235	0.7955	32.4667	0.0906	2444.0000	399.0000	0.1633	2486.0000
896	0.5636	0.2499	0.6416	0.6822	0.3178	0.8003	33.0000	0.0918	2398.0000	397.0000	0.1656	2429.0000
897	0.5712	0.2499	0.6541	0.6798	0.3124	0.8018	32.8000	0.0898	2475.0000	390.0000	0.1576	2509.0000
898	0.5762	0.2499	0.6446	0.6975	0.3143	0.8020	33.2667	0.0945	2421.0000	393.0000	0.1623	2459.0000
899	0.5712	0.2499	0.6479	0.6801	0.3126	0.8059	33.2000	0.0884	2425.0000	385.0000	0.1588	2455.0000
900	0.5637	0.2499	0.6381	0.6801	0.3164	0.7994	33.4000	0.0919	2392.0000	395.0000	0.1651	2429.0000
901	0.5668	0.2499	0.6395	0.6791	0.3164	0.8051	32.7333	0.0883	2375.0000	385.0000	0.1621	2405.0000
902	0.5676	0.2499	0.6478	0.6873	0.3158	0.8026	33.1333	0.0965	2428.0000	387.0000	0.1594	2451.0000
903	0.5732	0.2499	0.6534	0.6871	0.3123	0.8039	33.0000	0.0915	2448.0000	379.0000	0.1548	2494.0000
904	0.5660	0.2499	0.6474	0.6836	0.3185	0.8063	32.7333	0.0829	2450.0000	387.0000	0.1580	2464.0000
905	0.5818	0.2499	0.6512	0.6904	0.3166	0.8083	32.8000	0.0857	2452.0000	386.0000	0.1574	2486.0000
906	0.5698	0.2499	0.6526	0.6985	0.3139	0.8019	33.0667	0.0915	2453.0000	381.0000	0.1553	2487.0000
907	0.5648	0.2499	0.6479	0.6845	0.3149	0.7987	32.8667	0.0888	2436.0000	393.0000	0.1613	2476.0000
908	0.5579	0.2499	0.6501	0.6766	0.3154	0.8012	32.6667	0.0844	2419.0000	384.0000	0.1587	2471.0000
909	0.5740	0.2499	0.6469	0.6925	0.3138	0.8039	32.9333	0.0892	2442.0000	385.0000	0.1577	2464.0000
910	0.5789	0.2499	0.6495	0.6889	0.3134	0.8123	32.8667	0.0839	2441.0000	391.0000	0.1602	2464.0000
911	0.5776	0.2499	0.6487	0.6747	0.3129	0.8036	32.8000	0.0898	2439.0000	395.0000	0.1620	2461.0000
912	0.5697	0.2499	0.6372	0.7016	0.3108	0.8124	32.8667	0.0861	2427.0000	387.0000	0.1595	2454.0000
913	0.5560	0.2499	0.6494	0.6847	0.3139	0.7992	33.0000	0.0935	2435.0000	395.0000	0.1622	2466.0000
914	0.5698	0.2499	0.6443	0.6868	0.3159	0.8029	33.0000	0.0885	2401.0000	387.0000	0.1612	2435.0000
915	0.5688	0.2499	0.6517	0.6849	0.3186	0.7969	33.0667	0.0920	2413.0000	383.0000	0.1587	2447.0000
916	0.5640	0.2499	0.6432	0.6951	0.3180	0.7985	33.2667	0.0957	2433.0000	393.0000	0.1615	2470.0000
917	0.5662	0.2499	0.6468	0.6902	0.3142	0.8041	32.8000	0.0930	2390.0000	389.0000	0.1628	2433.0000
918	0.5648	0.2499	0.6456	0.6947	0.3189	0.7989	32.9333	0.0930	2419.0000	385.0000	0.1592	2462.0000
919	0.5748	0.2499	0.6465	0.6892	0.3131	0.8046	32.7333	0.0939	2372.0000	394.0000	0.1661	2406.0000
920	0.5556	0.2499	0.6406	0.6810	0.3124	0.7943	33.2000	0.0945	2417.0000	400.0000	0.1655	2446.0000
921	0.5670	0.2499	0.6444	0.7060	0.3197	0.8034	33.1333	0.0925	2406.0000	380.0000	0.1579	2431.0000
922	0.5699	0.2499	0.6624	0.6734	0.3136	0.8029	32.8000	0.0901	2476.0000	386.0000	0.1559	2513.0000
923	0.5592	0.2499	0.6470	0.6813	0.3160	0.7963	33.0000	0.0961	2415.0000	401.0000	0.1660	2443.0000
924	0.5860	0.2499	0.6393	0.6912	0.3187	0.8070	33.2667	0.0915	2403.0000	390.0000	0.1623	2429.0000
925	0.5581	0.2499	0.6464	0.6835	0.3196	0.7939	33.4000	0.0973	2422.0000	408.0000	0.1685	2448.0000
926	0.5680	0.2499	0.6463	0.6828	0.3210	0.7976	33.0667	0.0903	2457.0000	394.0000	0.1604	2475.0000
927	0.5713	0.2499	0.6473	0.6784	0.3102	0.8009	32.8000	0.0929	2430.0000	395.0000	0.1626	2470.0000
928	0.5632	0.2499	0.6417	0.7031	0.3165	0.8036	32.8000	0.0954	2420.0000	393.0000	0.1624	2455.0000
929	0.5617	0.2499	0.6493	0.6749	0.3186	0.7957	32.9333	0.0943	2458.0000	395.0000	0.1607	2480.0000
930	0.5596	0.2499	0.6448	0.6999	0.3173	0.7988	33.1333	0.0986	2437.0000	389.0000	0.1596	2475.0000
931	0.5716	0.2499	0.6555	0.6900	0.3179	0.8001	33.1333	0.0921	2437.0000	392.0000	0.1609	2470.0000
932	0.5595	0.2499	0.6573	0.6839	0.3176	0.7982	33.2667	0.0900	2459.0000	392.0000	0.1594	2498.0000
933	0.5695	0.2499	0.6449	0.6771	0.3178	0.7999	32.9333	0.0933	2422.0000	400.0000	0.1652	2451.0000
934	0.5802	0.2499	0.6482	0.6886	0.3160	0.8058	32.6000	0.0872	2421.0000	386.0000	0.1594	2460.0000
935	0.5597	0.2499	0.6581	0.6926	0.3164	0.8009	32.8667	0.0911	2475.0000	391.0000	0.1580	2511.0000
936	0.5703	0.2499	0.6410	0.6796	0.3214	0.7970	33.0000	0.0954	2378.0000	397.0000	0.1669	2413.0000
937	0.5652	0.2499	0.6432	0.6891	0.3182	0.8003	33.0667	0.0933	2395.0000	396.0000	0.1653	2424.0000
938	0.5770	0.2499	0.6430	0.6903	0.3163	0.8084	33.0000	0.0919	2420.0000	377.0000	0.1558	2450.0000
939	0.5561	0.2499	0.6453	0.6829	0.3177	0.7950	33.0000	0.0932	2432.0000	398.0000	0.1637	2470.0000
940	0.5596	0.2499	0.6509	0.6689	0.3148	0.7942	32.8000	0.0916	2476.0000	410.0000	0.1656	2510.0000
941	0.5624	0.2499	0.6478	0.6893	0.3145	0.8030	32.9333	0.0882	2422.0000	388.0000	0.1602	2463.0000
942	0.5529	0.2499	0.6468	0.6845	0.3162	0.8009	33.1333	0.0893	2450.0000	397.0000	0.1620	2470.0000
943	0.5745	0.2499	0.6458	0.6956	0.3118	0.8100	32.8667	0.0815	2454.0000	381.0000	0.1553	2478.0000
944	0.5710	0.2499	0.6387	0.6686	0.3166	0.8047	33.1333	0.0874	2421.0000	390.0000	0.1611	2435.0000
945	0.5766	0.2499	0.6434	0.6749	0.3155	0.8011	33.0667	0.0901	2437.0000	391.0000	0.1604	2463.0000
946	0.5626	0.2499	0.6473	0.7081	0.3177	0.8064	33.0667	0.0930	2390.0000	379.0000	0.1586	2432.0000
947	0.5719	0.2499	0.6449	0.6873	0.3177	0.8034	32.8000	0.0877	2403.0000	384.0000	0.1598	2435.0000
948	0.5549	0.2499	0.6475	0.6780	0.3129	0.8002	33.1333	0.0851	2451.0000	388.0000	0.1583	2482.0000
949	0.5839	0.2499	0.6446	0.6836	0.3166	0.7993	32.9333	0.0933	2401.0000	397.0000	0.1653	2430.0000
950	0.5741	0.2499	0.6557	0.6922	0.3126	0.8108	33.1333	0.0865	2471.0000	379.0000	0.1534	2508.0000
951	0.5719	0.2499	0.6421	0.6887	0.3176	0.8021	33.1333	0.0954	2389.0000	384.0000	0.1607	2430.0000
952	0.5737	0.2499	0.6473	0.6903	0.3131	0.8056	32.7333	0.0900	2466.0000	387.0000	0.1569	2496.0000
953	0.5748	0.2499	0.6510	0.6934	0.3178	0.8072	32.8667	0.0877	2411.0000	373.0000	0.1547	2438.0000
954	0.5748	0.2499	0.6519	0.6842	0.3173	0.8028	33.2000	0.0873	2433.0000	387.0000	0.1591	2461.0000
955	0.5617	0.2499	0.6505	0.6812	0.3136	0.7963	33.0000	0.0944	2458.0000	402.0000	0.1635	2492.0000
956	0.5510	0.2499	0.6454	0.6942	0.3169	0.8015	32.8667	0.0945	2410.0000	389.0000	0.1614	2454.0000
957	0.5792	0.2499	0.6492	0.6959	0.3158	0.8058	33.2000	0.0888	2426.0000	386.0000	0.1591	2455.0000
958	0.5824	0.2499	0.6493	0.6813	0.3135	0.8059	32.8000	0.0893	2452.0000	388.0000	0.1582	2482.0000
959	0.5750	0.2499	0.6412	0.6946	0.3145	0.8015	33.2667	0.0904	2396.0000	382.0000	0.1594	2435.0000
960	0.5712	0.2499	0.6528	0.6942	0.3187	0.8029	33.0000	0.0923	2441.0000	392.0000	0.1606	2468.0000
961	0.5748	0.2499	0.6473	0.6770	0.3161	0.8034	32.9333	0.0846	2415.0000	384.0000	0.1590	2453.0000
962	0.5619	0.2499	0.6479	0.6826	0.3153	0.7958	33.2667	0.0933	2418.0000	399.0000	0.1650	2446.0000
963	0.5680	0.2499	0.6499	0.6879	0.3152	0.8025	33.0667	0.0915	2417.0000	386.0000	0.1597	2452.0000
964	0.5677	0.2499	0.6485	0.6868	0.3180	0.8036	33.0000	0.0866	2431.0000	390.0000	0.1604	2463.0000
965	0.5576	0.2499	0.6449	0.6718	0.3150	0.7973	33.2000	0.0939	2449.0000	399.0000	0.1629	2473.0000
966	0.5693	0.2499	0.6565	0.6822	0.3142	0.7965	33.1333	0.0980	2454.0000	394.0000	0.1606	2504.0000
967	0.5621	0.2499	0.6512	0.6912	0.3121	0.8056	32.9333	0.0865	2471.0000	386.0000	0.1562	2494.0000
968	0.5532	0.2499	0.6493	0.6786	0.3169	0.7999	32.8667	0.0923	2444.0000	393.0000	0.1608	2480.0000
969	0.5838	0.2499	0.6460	0.6860	0.3117	0.8060	32.6667	0.0929	2419.0000	394.0000	0.1629	2452.0000
970	0.5560	0.2499	0.6504	0.6867	0.3158	0.7968	33.0000	0.0952	2430.0000	395.0000	0.1626	2481.0000
971	0.5639	0.2499	0.6417	0.6854	0.3142	0.8017	33.2000	0.0910	2431.0000	388.0000	0.1596	2460.0000
972	0.5628	0.2499	0.6595	0.6885	0.3153	0.7979	33.1333	0.0888	2440.0000	395.0000	0.1619	2472.0000
973	0.5573	0.2499	0.6595	0.6836	0.3149	0.8037	32.6667	0.0878	2493.0000	383.0000	0.1536	2537.0000
974	0.5720	0.2499	0.6453	0.6673	0.3125	0.8060	32.9333	0.0873	2427.0000	389.0000	0.1603	2467.0000
975	0.5602	0.2499	0.6538	0.6853	0.3139	0.8007	32.8667	0.0939	2436.0000	389.0000	0.1597	2468.0000
976	0.5744	0.2499	0.6579	0.6841	0.3148	0.8039	32.5333	0.0879	2470.0000	387.0000	0.1567	2506.0000
977	0.5580	0.2499	0.6412	0.6831	0.3201	0.7994	33.1333	0.0932	2383.0000	396.0000	0.1662	2403.0000
978	0.5781	0.2499	0.6500	0.6750	0.3113	0.8053	32.9333	0.0883	2435.0000	389.0000	0.1598	2465.0000
979	0.5752	0.2499	0.6417	0.6896	0.3164	0.7989	33.0667	0.0980	2381.0000	396.0000	0.1663	2413.0000
980	0.5809	0.2499	0.6470	0.6898	0.3112	0.8118	32.8000	0.0884	2428.0000	377.0000	0.1553	2464.0000
981	0.5786	0.2499	0.6448	0.6932	0.3139	0.8072	33.2000	0.0870	2420.0000	382.0000	0.1579	2458.0000
982	0.5705	0.2499	0.6584	0.6819	0.3169	0.8063	32.6667	0.0914	2447.0000	387.0000	0.1582	2486.0000
983	0.5647	0.2499	0.6529	0.6875	0.3166	0.8042	32.8000	0.0914	2440.0000	383.0000	0.1570	2473.0000
984	0.5708	0.2499	0.6548	0.6973	0.3165	0.8084	32.8000	0.0840	2453.0000	383.0000	0.1561	2492.0000
985	0.5651	0.2499	0.6534	0.6836	0.3175	0.7994	32.9333	0.0926	2453.0000	388.0000	0.1582	2478.0000
986	0.5748	0.2499	0.6471	0.6885	0.3197	0.8030	32.9333	0.0905	2404.0000	391.0000	0.1626	2430.0000
987	0.5627	0.2499	0.6565	0.6907	0.3142	0.8052	33.2667	0.0898	2459.0000	389.0000	0.1582	2497.0000
988	0.5714	0.2499	0.6463	0.6941	0.3207	0.7978	32.5333	0.0929	2391.0000	394.0000	0.1648	2433.0000
989	0.5718	0.2499	0.6560	0.6735	0.3137	0.7984	32.9333	0.0914	2469.0000	388.0000	0.1571	2505.0000
990	0.5797	0.2499	0.6459	0.6886	0.3175	0.8039	32.9333	0.0906	2398.0000	383.0000	0.1597	2429.0000
991	0.5590	0.2499	0.6552	0.6886	0.3137	0.7972	32.7333	0.0942	2447.0000	399.0000	0.1631	2475.0000
992	0.5661	0.2499	0.6381	0.6976	0.3165	0.8062	33.0667	0.0871	2383.0000	382.0000	0.1603	2428.0000
993	0.5682	0.2499	0.6358	0.6877	0.3178	0.7967	33.0000	0.0983	2368.0000	392.0000	0.1655	2389.0000
994	0.5772	0.2499	0.6447	0.6966	0.3153	0.8087	32.8000	0.0874	2400.0000	385.0000	0.1604	2439.0000
995	0.5647	0.2499	0.6463	0.6919	0.3174	0.8042	32.9333	0.0871	2415.0000	388.0000	0.1607	2445.0000
996	0.5737	0.2499	0.6442	0.6818	0.3130	0.7984	32.9333	0.0940	2429.0000	400.0000	0.1647	2452.0000
997	0.5707	0.2499	0.6374	0.6878	0.3170	0.7991	33.0000	0.0952	2382.0000	391.0000	0.1641	2420.0000
998	0.5658	0.2499	0.6472	0.6670	0.3138	0.7996	32.4667	0.0881	2478.0000	395.0000	0.1594	2513.0000
999	0.5672	0.2499	0.6512	0.6868	0.3182	0.8025	33.1333	0.0944	2444.0000	394.0000	0.1612	2486.0000
1000	0.5700	0.2499	0.6537	0.6863	0.3189	0.8009	33.0000	0.0913	2465.0000	385.0000	0.1562	2500.0000
