accuracy	proportion	density	fuzziness	coverage	purity	sounds	missing	ubound	clusters	props	patterns
1	0.6481	0.7499	0.9048	0.8468	0.3960	0.7085	34.1333	0.2480	2888.0000	1159.0000	0.4013	2890.0000
2	0.6460	0.7499	0.9047	0.8537	0.3928	0.7039	34.2667	0.2515	2882.0000	1158.0000	0.4018	2884.0000
3	0.6501	0.7499	0.9049	0.8508	0.3907	0.7114	34.0667	0.2477	2883.0000	1151.0000	0.3992	2885.0000
4	0.6472	0.7499	0.9050	0.8521	0.3813	0.7088	34.3333	0.2512	2885.0000	1142.0000	0.3958	2887.0000
5	0.6594	0.7499	0.9051	0.8547	0.3839	0.7172	34.2667	0.2408	2896.0000	1142.0000	0.3943	2898.0000
6	0.6570	0.7499	0.9046	0.8588	0.3889	0.7156	34.2667	0.2471	2897.0000	1143.0000	0.3945	2899.0000
7	0.6477	0.7499	0.9048	0.8473	0.4053	0.7121	34.1333	0.2455	2894.0000	1138.0000	0.3932	2896.0000
8	0.6553	0.7499	0.9046	0.8659	0.3981	0.7131	34.0667	0.2461	2894.0000	1135.0000	0.3922	2896.0000
9	0.6521	0.7499	0.9050	0.8515	0.3650	0.7110	34.1333	0.2449	2882.0000	1151.0000	0.3994	2884.0000
10	0.6421	0.7499	0.9050	0.8495	0.3969	0.6976	34.3333	0.2629	2889.0000	1169.0000	0.4046	2891.0000
11	0.6529	0.7499	0.9049	0.8585	0.3960	0.7100	34.2000	0.2476	2899.0000	1160.0000	0.4001	2901.0000
12	0.6435	0.7499	0.9050	0.8530	0.4086	0.7031	34.0667	0.2569	2880.0000	1139.0000	0.3955	2882.0000
13	0.6572	0.7499	0.9047	0.8515	0.3763	0.7080	34.0667	0.2495	2896.0000	1182.0000	0.4081	2898.0000
14	0.6496	0.7499	0.9050	0.8529	0.3998	0.7059	34.1333	0.2529	2895.0000	1159.0000	0.4003	2897.0000
15	0.6592	0.7499	0.9051	0.8569	0.3689	0.7200	34.2000	0.2347	2882.0000	1131.0000	0.3924	2884.0000
16	0.6491	0.7499	0.9049	0.8602	0.3988	0.7136	34.2000	0.2485	2893.0000	1129.0000	0.3903	2895.0000
17	0.6461	0.7499	0.9050	0.8491	0.3883	0.6975	34.0000	0.2593	2880.0000	1165.0000	0.4045	2882.0000
18	0.6538	0.7499	0.9048	0.8556	0.3986	0.7112	33.9333	0.2457	2897.0000	1148.0000	0.3963	2899.0000
19	0.6616	0.7499	0.9048	0.8606	0.3902	0.7166	34.1333	0.2429	2889.0000	1148.0000	0.3974	2891.0000
20	0.6575	0.7499	0.9044	0.8517	0.3542	0.7104	34.0667	0.2451	2879.0000	1149.0000	0.3991	2881.0000
21	0.6511	0.7499	0.9050	0.8604	0.3892	0.7056	34.2000	0.2531	2888.0000	1156.0000	0.4003	2890.0000
22	0.6604	0.7499	0.9050	0.8648	0.3896	0.7169	34.2000	0.2421	2875.0000	1143.0000	0.3976	2877.0000
23	0.6518	0.7499	0.9051	0.8509	0.4000	0.7059	34.2000	0.2528	2887.0000	1164.0000	0.4032	2889.0000
24	0.6487	0.7499	0.9048	0.8564	0.3926	0.7082	34.3333	0.2514	2898.0000	1155.0000	0.3986	2900.0000
25	0.6562	0.7499	0.9050	0.8660	0.4224	0.7218	34.0000	0.2424	2884.0000	1112.0000	0.3856	2886.0000
26	0.6470	0.7499	0.9049	0.8520	0.3729	0.7060	34.1333	0.2525	2894.0000	1154.0000	0.3988	2896.0000
27	0.6592	0.7499	0.9046	0.8563	0.3996	0.7195	34.0667	0.2388	2888.0000	1126.0000	0.3899	2890.0000
28	0.6520	0.7499	0.9047	0.8598	0.3817	0.7073	34.2000	0.2512	2878.0000	1163.0000	0.4041	2880.0000
29	0.6444	0.7499	0.9050	0.8561	0.3871	0.7036	34.1333	0.2554	2884.0000	1160.0000	0.4022	2886.0000
30	0.6575	0.7499	0.9049	0.8563	0.3841	0.7082	34.2667	0.2497	2882.0000	1153.0000	0.4001	2884.0000
31	0.6450	0.7499	0.9049	0.8625	0.3681	0.7077	34.2667	0.2497	2890.0000	1145.0000	0.3962	2892.0000
32	0.6504	0.7499	0.9050	0.8512	0.3960	0.7104	34.1333	0.2464	2888.0000	1132.0000	0.3920	2890.0000
33	0.6446	0.7499	0.9048	0.8556	0.3976	0.6986	34.1333	0.2616	2886.0000	1165.0000	0.4037	2888.0000
34	0.6630	0.7499	0.9048	0.8570	0.3971	0.7142	34.2667	0.2418	2889.0000	1140.0000	0.3946	2891.0000
35	0.6535	0.7499	0.9050	0.8559	0.3732	0.7115	34.2667	0.2483	2888.0000	1140.0000	0.3947	2890.0000
36	0.6457	0.7499	0.9051	0.8534	0.3910	0.7033	34.0000	0.2571	2881.0000	1157.0000	0.4016	2883.0000
37	0.6524	0.7499	0.9051	0.8619	0.3946	0.7083	34.2667	0.2532	2889.0000	1159.0000	0.4012	2891.0000
38	0.6490	0.7499	0.9046	0.8516	0.4003	0.7097	34.0667	0.2467	2872.0000	1151.0000	0.4008	2874.0000
39	0.6507	0.7499	0.9050	0.8579	0.4035	0.7087	34.2000	0.2541	2888.0000	1156.0000	0.4003	2890.0000
40	0.6441	0.7499	0.9052	0.8560	0.3957	0.7039	34.0667	0.2577	2894.0000	1150.0000	0.3974	2896.0000
41	0.6571	0.7499	0.9046	0.8554	0.3938	0.7084	34.2667	0.2491	2894.0000	1155.0000	0.3991	2896.0000
42	0.6462	0.7499	0.9051	0.8568	0.3871	0.7030	34.0000	0.2538	2886.0000	1159.0000	0.4016	2888.0000
43	0.6479	0.7499	0.9050	0.8527	0.4019	0.7104	34.2000	0.2474	2880.0000	1132.0000	0.3931	2882.0000
44	0.6542	0.7499	0.9048	0.8570	0.3877	0.7159	34.2667	0.2416	2888.0000	1136.0000	0.3934	2890.0000
45	0.6538	0.7499	0.9052	0.8592	0.3925	0.7105	34.1333	0.2491	2890.0000	1144.0000	0.3958	2892.0000
46	0.6435	0.7499	0.9052	0.8600	0.4001	0.6989	34.2000	0.2624	2881.0000	1169.0000	0.4058	2883.0000
47	0.6515	0.7499	0.9050	0.8582	0.3859	0.7057	33.9333	0.2507	2895.0000	1157.0000	0.3997	2897.0000
48	0.6577	0.7499	0.9048	0.8541	0.3840	0.7170	34.2000	0.2394	2890.0000	1138.0000	0.3938	2892.0000
49	0.6540	0.7499	0.9049	0.8588	0.3918	0.7144	34.1333	0.2478	2883.0000	1155.0000	0.4006	2885.0000
50	0.6605	0.7499	0.9049	0.8580	0.3814	0.7103	34.2667	0.2493	2889.0000	1144.0000	0.3960	2891.0000
51	0.6426	0.7499	0.9048	0.8594	0.3964	0.7061	34.2000	0.2554	2883.0000	1152.0000	0.3996	2885.0000
52	0.6505	0.7499	0.9045	0.8556	0.3580	0.7043	34.2000	0.2523	2889.0000	1156.0000	0.4001	2891.0000
53	0.6447	0.7499	0.9045	0.8506	0.3849	0.6959	34.1333	0.2610	2890.0000	1158.0000	0.4007	2892.0000
54	0.6401	0.7499	0.9049	0.8571	0.3903	0.7050	33.8667	0.2543	2895.0000	1149.0000	0.3969	2897.0000
55	0.6587	0.7499	0.9050	0.8591	0.3907	0.7197	33.9333	0.2392	2902.0000	1133.0000	0.3904	2904.0000
56	0.6587	0.7499	0.9052	0.8503	0.3638	0.7114	34.1333	0.2480	2887.0000	1154.0000	0.3997	2889.0000
57	0.6489	0.7499	0.9046	0.8536	0.4070	0.7070	34.1333	0.2499	2900.0000	1147.0000	0.3955	2902.0000
58	0.6541	0.7499	0.9048	0.8587	0.3970	0.7137	34.2000	0.2466	2889.0000	1145.0000	0.3963	2891.0000
59	0.6508	0.7499	0.9048	0.8612	0.3915	0.7097	34.3333	0.2481	2881.0000	1142.0000	0.3964	2883.0000
60	0.6580	0.7499	0.9049	0.8570	0.3645	0.7177	34.0000	0.2423	2898.0000	1128.0000	0.3892	2900.0000
61	0.6588	0.7499	0.9047	0.8560	0.3991	0.7207	34.2000	0.2389	2881.0000	1125.0000	0.3905	2883.0000
62	0.6507	0.7499	0.9049	0.8456	0.3848	0.7031	34.2000	0.2533	2876.0000	1147.0000	0.3988	2878.0000
63	0.6457	0.7499	0.9050	0.8513	0.3548	0.6990	34.4000	0.2579	2885.0000	1164.0000	0.4035	2887.0000
64	0.6447	0.7499	0.9049	0.8521	0.3903	0.6990	34.2667	0.2586	2894.0000	1175.0000	0.4060	2896.0000
65	0.6593	0.7499	0.9048	0.8596	0.3804	0.7154	34.2667	0.2395	2885.0000	1137.0000	0.3941	2887.0000
66	0.6541	0.7499	0.9051	0.8545	0.3717	0.7137	34.3333	0.2423	2889.0000	1145.0000	0.3963	2891.0000
67	0.6534	0.7499	0.9050	0.8499	0.3898	0.7058	34.2000	0.2540	2899.0000	1167.0000	0.4026	2901.0000
68	0.6596	0.7499	0.9049	0.8535	0.3841	0.7175	34.2000	0.2400	2896.0000	1144.0000	0.3950	2898.0000
69	0.6488	0.7499	0.9052	0.8511	0.3849	0.7021	34.1333	0.2577	2877.0000	1153.0000	0.4008	2879.0000
70	0.6540	0.7499	0.9048	0.8527	0.3814	0.7036	34.0667	0.2530	2889.0000	1175.0000	0.4067	2891.0000
71	0.6661	0.7499	0.9049	0.8584	0.3879	0.7178	34.1333	0.2401	2882.0000	1141.0000	0.3959	2884.0000
72	0.6464	0.7499	0.9052	0.8542	0.3853	0.7046	34.2667	0.2503	2898.0000	1156.0000	0.3989	2900.0000
73	0.6610	0.7499	0.9051	0.8564	0.3837	0.7150	34.2667	0.2430	2892.0000	1148.0000	0.3970	2894.0000
74	0.6497	0.7499	0.9051	0.8591	0.3898	0.7059	34.2667	0.2570	2884.0000	1158.0000	0.4015	2886.0000
75	0.6424	0.7499	0.9049	0.8533	0.3981	0.6968	34.2667	0.2623	2884.0000	1167.0000	0.4046	2886.0000
76	0.6619	0.7499	0.9050	0.8608	0.3607	0.7109	34.2000	0.2459	2893.0000	1160.0000	0.4010	2895.0000
77	0.6530	0.7499	0.9050	0.8536	0.3933	0.7142	34.0667	0.2434	2883.0000	1152.0000	0.3996	2885.0000
78	0.6505	0.7499	0.9049	0.8539	0.3903	0.7068	34.1333	0.2532	2880.0000	1158.0000	0.4021	2882.0000
79	0.6648	0.7499	0.9052	0.8652	0.3912	0.7208	34.2000	0.2395	2884.0000	1134.0000	0.3932	2886.0000
80	0.6537	0.7499	0.9049	0.8512	0.3875	0.7097	34.4000	0.2490	2886.0000	1144.0000	0.3964	2888.0000
81	0.6453	0.7499	0.9049	0.8494	0.3836	0.7036	34.0667	0.2558	2885.0000	1154.0000	0.4000	2887.0000
82	0.6517	0.7499	0.9049	0.8587	0.4009	0.7092	34.3333	0.2506	2892.0000	1150.0000	0.3976	2894.0000
83	0.6586	0.7499	0.9047	0.8553	0.4005	0.7239	34.2000	0.2342	2888.0000	1119.0000	0.3875	2890.0000
84	0.6537	0.7499	0.9051	0.8543	0.4022	0.7093	34.2667	0.2506	2895.0000	1133.0000	0.3914	2897.0000
85	0.6553	0.7499	0.9046	0.8566	0.3778	0.7118	34.1333	0.2478	2885.0000	1151.0000	0.3990	2887.0000
86	0.6562	0.7499	0.9048	0.8606	0.3893	0.7180	34.1333	0.2426	2885.0000	1130.0000	0.3917	2887.0000
87	0.6594	0.7499	0.9048	0.8558	0.3942	0.7143	34.2667	0.2435	2900.0000	1138.0000	0.3924	2902.0000
88	0.6513	0.7499	0.9050	0.8587	0.3887	0.7089	34.0667	0.2519	2886.0000	1138.0000	0.3943	2888.0000
89	0.6501	0.7499	0.9048	0.8501	0.3989	0.7077	34.0667	0.2481	2879.0000	1144.0000	0.3974	2881.0000
90	0.6613	0.7499	0.9050	0.8481	0.3587	0.7166	34.1333	0.2383	2884.0000	1139.0000	0.3949	2886.0000
91	0.6612	0.7499	0.9046	0.8535	0.3867	0.7116	34.2000	0.2445	2894.0000	1152.0000	0.3981	2896.0000
92	0.6488	0.7499	0.9047	0.8522	0.3855	0.7084	34.1333	0.2488	2882.0000	1161.0000	0.4028	2884.0000
93	0.6552	0.7499	0.9049	0.8614	0.3946	0.7176	34.1333	0.2462	2884.0000	1150.0000	0.3988	2886.0000
94	0.6561	0.7499	0.9045	0.8539	0.3892	0.7140	33.9333	0.2393	2885.0000	1153.0000	0.3997	2887.0000
95	0.6509	0.7499	0.9046	0.8601	0.3870	0.7050	34.0667	0.2552	2892.0000	1156.0000	0.3997	2894.0000
96	0.6523	0.7499	0.9048	0.8579	0.3988	0.7085	34.3333	0.2507	2883.0000	1154.0000	0.4003	2885.0000
97	0.6546	0.7499	0.9051	0.8576	0.3992	0.7109	33.9333	0.2498	2886.0000	1148.0000	0.3978	2888.0000
98	0.6605	0.7499	0.9051	0.8584	0.3925	0.7112	34.1333	0.2473	2880.0000	1140.0000	0.3958	2882.0000
99	0.6485	0.7499	0.9045	0.8552	0.3939	0.7091	34.3333	0.2492	2887.0000	1150.0000	0.3983	2889.0000
100	0.6603	0.7499	0.9048	0.8562	0.3791	0.7111	34.1333	0.2480	2891.0000	1149.0000	0.3974	2893.0000
101	0.6526	0.7499	0.9049	0.8595	0.3784	0.7052	34.1333	0.2525	2888.0000	1156.0000	0.4003	2890.0000
102	0.6588	0.7499	0.9050	0.8600	0.4039	0.7158	34.2000	0.2458	2885.0000	1133.0000	0.3927	2887.0000
103	0.6608	0.7499	0.9048	0.8568	0.3646	0.7125	34.2000	0.2410	2884.0000	1133.0000	0.3929	2886.0000
104	0.6568	0.7499	0.9044	0.8601	0.3686	0.7152	34.2000	0.2440	2888.0000	1152.0000	0.3989	2890.0000
105	0.6525	0.7499	0.9043	0.8532	0.3726	0.7113	34.3333	0.2449	2881.0000	1134.0000	0.3936	2883.0000
106	0.6568	0.7499	0.9051	0.8599	0.3810	0.7139	34.4000	0.2459	2889.0000	1149.0000	0.3977	2891.0000
107	0.6404	0.7499	0.9048	0.8585	0.3960	0.6961	34.1333	0.2634	2878.0000	1166.0000	0.4051	2880.0000
108	0.6574	0.7499	0.9049	0.8553	0.3871	0.7120	34.0667	0.2463	2884.0000	1151.0000	0.3991	2886.0000
109	0.6439	0.7499	0.9049	0.8537	0.3927	0.7036	34.0667	0.2558	2895.0000	1135.0000	0.3921	2897.0000
110	0.6559	0.7499	0.9050	0.8615	0.3727	0.7135	34.1333	0.2478	2887.0000	1139.0000	0.3945	2889.0000
111	0.6448	0.7499	0.9052	0.8567	0.4009	0.6977	34.2000	0.2598	2885.0000	1167.0000	0.4045	2887.0000
112	0.6621	0.7499	0.9047	0.8529	0.4012	0.7182	34.1333	0.2419	2886.0000	1133.0000	0.3926	2888.0000
113	0.6546	0.7499	0.9049	0.8588	0.3659	0.7072	34.0667	0.2498	2877.0000	1140.0000	0.3962	2879.0000
114	0.6541	0.7499	0.9051	0.8542	0.3740	0.7051	34.2667	0.2528	2890.0000	1152.0000	0.3986	2892.0000
115	0.6513	0.7499	0.9043	0.8561	0.3795	0.7069	34.3333	0.2506	2887.0000	1152.0000	0.3990	2889.0000
116	0.6421	0.7499	0.9049	0.8518	0.3834	0.7064	34.3333	0.2523	2879.0000	1141.0000	0.3963	2881.0000
117	0.6580	0.7499	0.9050	0.8480	0.3878	0.7038	34.2667	0.2513	2884.0000	1162.0000	0.4029	2886.0000
118	0.6451	0.7499	0.9052	0.8576	0.3973	0.7042	34.0667	0.2559	2887.0000	1164.0000	0.4032	2889.0000
119	0.6605	0.7499	0.9049	0.8645	0.4124	0.7198	34.0667	0.2411	2886.0000	1129.0000	0.3912	2888.0000
120	0.6491	0.7499	0.9050	0.8502	0.3611	0.7046	34.2667	0.2508	2891.0000	1163.0000	0.4023	2893.0000
121	0.6481	0.7499	0.9052	0.8561	0.4011	0.7079	34.0667	0.2519	2885.0000	1152.0000	0.3993	2887.0000
122	0.6467	0.7499	0.9048	0.8567	0.3776	0.6987	34.2000	0.2580	2887.0000	1166.0000	0.4039	2889.0000
123	0.6625	0.7499	0.9047	0.8548	0.3935	0.7210	34.2667	0.2349	2889.0000	1144.0000	0.3960	2891.0000
124	0.6530	0.7499	0.9046	0.8502	0.3851	0.7037	33.9333	0.2544	2887.0000	1154.0000	0.3997	2889.0000
125	0.6619	0.7499	0.9046	0.8552	0.3915	0.7179	34.2667	0.2388	2885.0000	1144.0000	0.3965	2887.0000
126	0.6576	0.7499	0.9051	0.8559	0.3884	0.7114	34.3333	0.2497	2880.0000	1153.0000	0.4003	2882.0000
127	0.6448	0.7499	0.9049	0.8524	0.4056	0.6976	34.1333	0.2619	2883.0000	1158.0000	0.4017	2885.0000
128	0.6473	0.7499	0.9045	0.8537	0.3904	0.7070	34.1333	0.2516	2888.0000	1143.0000	0.3958	2890.0000
129	0.6576	0.7499	0.9048	0.8537	0.3825	0.7089	34.2000	0.2498	2888.0000	1155.0000	0.3999	2890.0000
130	0.6537	0.7499	0.9052	0.8501	0.3823	0.7044	34.2667	0.2535	2893.0000	1157.0000	0.3999	2895.0000
131	0.6487	0.7499	0.9051	0.8618	0.3822	0.7057	34.0667	0.2548	2899.0000	1158.0000	0.3994	2901.0000
132	0.6577	0.7499	0.9046	0.8606	0.3726	0.7179	33.9333	0.2413	2884.0000	1146.0000	0.3974	2886.0000
133	0.6619	0.7499	0.9049	0.8570	0.4012	0.7191	33.8667	0.2387	2890.0000	1133.0000	0.3920	2892.0000
134	0.6500	0.7499	0.9051	0.8557	0.3908	0.7003	34.0667	0.2606	2898.0000	1173.0000	0.4048	2900.0000
135	0.6586	0.7499	0.9049	0.8562	0.3877	0.7073	34.1333	0.2497	2887.0000	1151.0000	0.3987	2889.0000
136	0.6544	0.7499	0.9049	0.8571	0.3620	0.7074	34.3333	0.2517	2892.0000	1158.0000	0.4004	2894.0000
137	0.6495	0.7499	0.9048	0.8593	0.4049	0.7089	34.2000	0.2492	2875.0000	1125.0000	0.3913	2877.0000
138	0.6542	0.7499	0.9050	0.8554	0.3896	0.7017	34.1333	0.2572	2891.0000	1177.0000	0.4071	2893.0000
139	0.6518	0.7499	0.9048	0.8547	0.3739	0.7087	34.3333	0.2489	2881.0000	1155.0000	0.4009	2883.0000
140	0.6600	0.7499	0.9050	0.8545	0.3964	0.7109	34.0667	0.2474	2882.0000	1149.0000	0.3987	2884.0000
141	0.6590	0.7499	0.9049	0.8507	0.4017	0.7239	34.0000	0.2346	2890.0000	1105.0000	0.3824	2892.0000
142	0.6576	0.7499	0.9048	0.8590	0.3881	0.7166	34.2667	0.2446	2878.0000	1147.0000	0.3985	2880.0000
143	0.6463	0.7499	0.9052	0.8541	0.3883	0.6990	34.4000	0.2593	2887.0000	1163.0000	0.4028	2889.0000
144	0.6521	0.7499	0.9045	0.8498	0.4046	0.7071	34.2000	0.2506	2891.0000	1150.0000	0.3978	2893.0000
145	0.6500	0.7499	0.9049	0.8542	0.3926	0.6990	34.0000	0.2638	2899.0000	1182.0000	0.4077	2901.0000
146	0.6496	0.7499	0.9042	0.8644	0.3960	0.7058	34.0000	0.2524	2891.0000	1164.0000	0.4026	2893.0000
147	0.6519	0.7499	0.9052	0.8532	0.3934	0.7082	34.1333	0.2509	2885.0000	1155.0000	0.4003	2887.0000
148	0.6586	0.7499	0.9046	0.8579	0.3778	0.7177	34.2000	0.2386	2887.0000	1145.0000	0.3966	2889.0000
149	0.6653	0.7499	0.9049	0.8572	0.3940	0.7142	34.3333	0.2450	2892.0000	1151.0000	0.3980	2894.0000
150	0.6556	0.7499	0.9050	0.8586	0.3825	0.7108	34.1333	0.2454	2889.0000	1157.0000	0.4005	2891.0000
151	0.6522	0.7499	0.9050	0.8587	0.3853	0.7145	34.1333	0.2414	2889.0000	1134.0000	0.3925	2891.0000
152	0.6515	0.7499	0.9050	0.8569	0.3844	0.7067	34.2000	0.2496	2892.0000	1147.0000	0.3966	2894.0000
153	0.6571	0.7499	0.9049	0.8583	0.3908	0.7098	34.1333	0.2489	2888.0000	1162.0000	0.4024	2890.0000
154	0.6503	0.7499	0.9047	0.8565	0.3819	0.7053	34.3333	0.2546	2887.0000	1166.0000	0.4039	2889.0000
155	0.6496	0.7499	0.9049	0.8492	0.4039	0.7101	34.1333	0.2458	2878.0000	1124.0000	0.3905	2880.0000
156	0.6642	0.7499	0.9048	0.8517	0.3709	0.7111	34.2000	0.2448	2887.0000	1156.0000	0.4004	2889.0000
157	0.6471	0.7499	0.9045	0.8617	0.3999	0.7128	34.2000	0.2492	2897.0000	1146.0000	0.3956	2899.0000
158	0.6583	0.7499	0.9047	0.8556	0.3900	0.7123	34.0667	0.2456	2889.0000	1140.0000	0.3946	2891.0000
159	0.6602	0.7499	0.9046	0.8484	0.3838	0.7122	34.3333	0.2457	2895.0000	1149.0000	0.3969	2897.0000
160	0.6530	0.7499	0.9051	0.8591	0.3799	0.7078	34.2000	0.2528	2897.0000	1147.0000	0.3959	2899.0000
161	0.6555	0.7499	0.9050	0.8571	0.3816	0.7140	34.2000	0.2440	2877.0000	1145.0000	0.3980	2879.0000
162	0.6521	0.7499	0.9047	0.8528	0.3778	0.7047	34.0667	0.2537	2889.0000	1153.0000	0.3991	2891.0000
163	0.6528	0.7499	0.9049	0.8482	0.3968	0.6992	34.0000	0.2555	2888.0000	1163.0000	0.4027	2890.0000
164	0.6535	0.7499	0.9051	0.8571	0.3957	0.7094	34.2000	0.2519	2882.0000	1147.0000	0.3980	2884.0000
165	0.6546	0.7499	0.9049	0.8592	0.3798	0.7098	34.3333	0.2497	2896.0000	1152.0000	0.3978	2898.0000
166	0.6557	0.7499	0.9046	0.8563	0.3800	0.7059	34.2000	0.2527	2895.0000	1165.0000	0.4024	2897.0000
167	0.6574	0.7499	0.9049	0.8622	0.3980	0.7148	33.8667	0.2446	2895.0000	1127.0000	0.3893	2897.0000
168	0.6492	0.7499	0.9050	0.8546	0.3849	0.7016	34.3333	0.2572	2886.0000	1166.0000	0.4040	2888.0000
169	0.6567	0.7499	0.9043	0.8565	0.3478	0.7143	34.3333	0.2427	2891.0000	1159.0000	0.4009	2893.0000
170	0.6490	0.7499	0.9046	0.8571	0.3988	0.7115	34.0667	0.2487	2882.0000	1127.0000	0.3910	2884.0000
171	0.6512	0.7499	0.9048	0.8515	0.3856	0.7133	33.9333	0.2431	2894.0000	1129.0000	0.3901	2896.0000
172	0.6575	0.7499	0.9047	0.8583	0.3730	0.7139	34.0667	0.2438	2893.0000	1151.0000	0.3979	2895.0000
173	0.6612	0.7499	0.9045	0.8584	0.3661	0.7167	34.3333	0.2398	2890.0000	1137.0000	0.3934	2892.0000
174	0.6503	0.7499	0.9047	0.8538	0.3914	0.7072	34.2000	0.2513	2880.0000	1137.0000	0.3948	2882.0000
175	0.6618	0.7499	0.9048	0.8556	0.3835	0.7114	34.1333	0.2478	2884.0000	1157.0000	0.4012	2886.0000
176	0.6584	0.7499	0.9051	0.8587	0.3946	0.7129	34.0667	0.2415	2884.0000	1146.0000	0.3974	2886.0000
177	0.6596	0.7499	0.9049	0.8541	0.3952	0.7147	34.0000	0.2432	2892.0000	1146.0000	0.3963	2894.0000
178	0.6460	0.7499	0.9048	0.8506	0.3963	0.7025	34.0667	0.2586	2890.0000	1169.0000	0.4045	2892.0000
179	0.6419	0.7499	0.9049	0.8517	0.3728	0.7020	34.2000	0.2561	2887.0000	1147.0000	0.3973	2889.0000
180	0.6477	0.7499	0.9046	0.8588	0.4038	0.7084	34.1333	0.2533	2887.0000	1160.0000	0.4018	2889.0000
181	0.6681	0.7499	0.9044	0.8536	0.3991	0.7153	34.0667	0.2409	2890.0000	1155.0000	0.3997	2892.0000
182	0.6565	0.7499	0.9048	0.8567	0.3988	0.7066	34.2667	0.2522	2891.0000	1140.0000	0.3943	2893.0000
183	0.6584	0.7499	0.9048	0.8551	0.3889	0.7061	33.9333	0.2506	2892.0000	1179.0000	0.4077	2894.0000
184	0.6647	0.7499	0.9050	0.8479	0.4097	0.7213	34.2667	0.2352	2884.0000	1123.0000	0.3894	2886.0000
185	0.6603	0.7499	0.9049	0.8565	0.3936	0.7125	34.1333	0.2473	2894.0000	1153.0000	0.3984	2896.0000
186	0.6484	0.7499	0.9049	0.8577	0.3958	0.7020	34.1333	0.2545	2893.0000	1151.0000	0.3979	2895.0000
187	0.6583	0.7499	0.9046	0.8545	0.3842	0.7161	34.1333	0.2414	2885.0000	1155.0000	0.4003	2887.0000
188	0.6477	0.7499	0.9051	0.8525	0.3973	0.7104	34.1333	0.2503	2886.0000	1147.0000	0.3974	2888.0000
189	0.6523	0.7499	0.9047	0.8544	0.3939	0.7095	34.4000	0.2477	2886.0000	1140.0000	0.3950	2888.0000
190	0.6527	0.7499	0.9048	0.8542	0.3930	0.7084	34.3333	0.2496	2888.0000	1152.0000	0.3989	2890.0000
191	0.6458	0.7499	0.9049	0.8571	0.3879	0.7007	34.1333	0.2578	2890.0000	1170.0000	0.4048	2892.0000
192	0.6563	0.7499	0.9048	0.8544	0.3968	0.7067	33.8667	0.2477	2890.0000	1155.0000	0.3997	2892.0000
193	0.6619	0.7499	0.9044	0.8551	0.3961	0.7146	34.3333	0.2422	2894.0000	1145.0000	0.3956	2896.0000
194	0.6576	0.7499	0.9048	0.8635	0.3889	0.7170	34.3333	0.2410	2891.0000	1141.0000	0.3947	2893.0000
195	0.6548	0.7499	0.9046	0.8524	0.3876	0.7057	34.0000	0.2511	2887.0000	1158.0000	0.4011	2889.0000
196	0.6581	0.7499	0.9046	0.8578	0.3772	0.7133	34.2667	0.2461	2881.0000	1139.0000	0.3953	2883.0000
197	0.6496	0.7499	0.9049	0.8496	0.3907	0.7111	34.2667	0.2472	2885.0000	1135.0000	0.3934	2887.0000
198	0.6544	0.7499	0.9049	0.8608	0.3944	0.7036	34.2000	0.2555	2891.0000	1163.0000	0.4023	2893.0000
199	0.6649	0.7499	0.9046	0.8581	0.4035	0.7238	34.0000	0.2342	2890.0000	1129.0000	0.3907	2892.0000
200	0.6562	0.7499	0.9049	0.8590	0.3852	0.7081	34.1333	0.2506	2889.0000	1149.0000	0.3977	2891.0000
201	0.6496	0.7499	0.9050	0.8563	0.3872	0.7041	34.0667	0.2524	2882.0000	1161.0000	0.4028	2884.0000
202	0.6579	0.7499	0.9047	0.8478	0.3905	0.7106	34.2667	0.2419	2889.0000	1148.0000	0.3974	2891.0000
203	0.6569	0.7499	0.9049	0.8530	0.3911	0.7085	34.0667	0.2488	2883.0000	1154.0000	0.4003	2885.0000
204	0.6432	0.7499	0.9046	0.8531	0.3854	0.7032	34.2000	0.2529	2893.0000	1159.0000	0.4006	2895.0000
205	0.6505	0.7499	0.9045	0.8549	0.4069	0.7123	34.1333	0.2464	2887.0000	1148.0000	0.3976	2889.0000
206	0.6524	0.7499	0.9049	0.8521	0.3986	0.7111	34.2667	0.2481	2887.0000	1134.0000	0.3928	2889.0000
207	0.6583	0.7499	0.9050	0.8518	0.3938	0.7103	34.2667	0.2457	2889.0000	1137.0000	0.3936	2891.0000
208	0.6499	0.7499	0.9050	0.8558	0.3813	0.7059	34.3333	0.2519	2889.0000	1162.0000	0.4022	2891.0000
209	0.6513	0.7499	0.9047	0.8565	0.3962	0.7099	34.0667	0.2526	2883.0000	1156.0000	0.4010	2885.0000
210	0.6536	0.7499	0.9046	0.8591	0.3777	0.7123	34.3333	0.2469	2886.0000	1136.0000	0.3936	2888.0000
211	0.6504	0.7499	0.9048	0.8559	0.3871	0.7026	34.0000	0.2557	2881.0000	1156.0000	0.4012	2883.0000
212	0.6527	0.7499	0.9045	0.8507	0.3568	0.7029	34.2000	0.2523	2891.0000	1176.0000	0.4068	2893.0000
213	0.6437	0.7499	0.9047	0.8500	0.3670	0.7017	34.1333	0.2566	2893.0000	1154.0000	0.3989	2895.0000
214	0.6490	0.7499	0.9050	0.8502	0.3985	0.7070	34.2667	0.2541	2900.0000	1150.0000	0.3966	2902.0000
215	0.6536	0.7499	0.9047	0.8554	0.3923	0.7130	33.9333	0.2464	2874.0000	1150.0000	0.4001	2876.0000
216	0.6539	0.7499	0.9048	0.8595	0.3891	0.7127	34.3333	0.2396	2893.0000	1148.0000	0.3968	2895.0000
217	0.6507	0.7499	0.9050	0.8497	0.3913	0.7080	33.9333	0.2507	2878.0000	1157.0000	0.4020	2880.0000
218	0.6558	0.7499	0.9047	0.8536	0.3923	0.7113	34.2000	0.2482	2884.0000	1140.0000	0.3953	2886.0000
219	0.6507	0.7499	0.9044	0.8515	0.3905	0.7025	34.0667	0.2522	2886.0000	1173.0000	0.4064	2888.0000
220	0.6466	0.7499	0.9049	0.8539	0.4016	0.7099	34.1333	0.2480	2882.0000	1148.0000	0.3983	2884.0000
221	0.6544	0.7499	0.9047	0.8573	0.4091	0.7109	34.3333	0.2490	2887.0000	1150.0000	0.3983	2889.0000
222	0.6481	0.7499	0.9048	0.8533	0.3927	0.7022	34.4000	0.2549	2893.0000	1152.0000	0.3982	2895.0000
223	0.6529	0.7499	0.9050	0.8592	0.3810	0.7154	34.4000	0.2430	2879.0000	1147.0000	0.3984	2881.0000
224	0.6461	0.7499	0.9048	0.8585	0.3935	0.7042	34.2000	0.2582	2890.0000	1164.0000	0.4028	2892.0000
225	0.6571	0.7499	0.9045	0.8596	0.3896	0.7120	34.0000	0.2462	2890.0000	1150.0000	0.3979	2892.0000
226	0.6497	0.7499	0.9050	0.8533	0.4076	0.7082	34.2667	0.2507	2896.0000	1149.0000	0.3968	2898.0000
227	0.6562	0.7499	0.9051	0.8489	0.3866	0.7104	34.2000	0.2464	2890.0000	1159.0000	0.4010	2892.0000
228	0.6455	0.7499	0.9048	0.8538	0.3709	0.7011	34.2667	0.2601	2887.0000	1167.0000	0.4042	2889.0000
229	0.6455	0.7499	0.9052	0.8579	0.3940	0.7053	34.2667	0.2544	2893.0000	1155.0000	0.3992	2895.0000
230	0.6581	0.7499	0.9046	0.8565	0.3808	0.7148	34.1333	0.2445	2885.0000	1142.0000	0.3958	2887.0000
231	0.6622	0.7499	0.9051	0.8567	0.3767	0.7166	34.0667	0.2404	2890.0000	1141.0000	0.3948	2892.0000
232	0.6483	0.7499	0.9043	0.8579	0.3847	0.7062	34.3333	0.2524	2882.0000	1160.0000	0.4025	2884.0000
233	0.6457	0.7499	0.9051	0.8578	0.3928	0.7051	34.3333	0.2551	2899.0000	1156.0000	0.3988	2901.0000
234	0.6470	0.7499	0.9048	0.8586	0.3754	0.7052	34.2667	0.2501	2897.0000	1154.0000	0.3983	2899.0000
235	0.6515	0.7499	0.9049	0.8598	0.3827	0.7060	34.2667	0.2577	2884.0000	1159.0000	0.4019	2886.0000
236	0.6537	0.7499	0.9048	0.8557	0.3590	0.7045	34.0667	0.2543	2891.0000	1170.0000	0.4047	2893.0000
237	0.6536	0.7499	0.9048	0.8520	0.3817	0.7060	34.2667	0.2532	2891.0000	1146.0000	0.3964	2893.0000
238	0.6563	0.7499	0.9049	0.8530	0.3866	0.7113	34.3333	0.2483	2891.0000	1150.0000	0.3978	2893.0000
239	0.6488	0.7499	0.9047	0.8530	0.3799	0.7028	34.2667	0.2569	2888.0000	1158.0000	0.4010	2890.0000
240	0.6557	0.7499	0.9048	0.8547	0.3891	0.7050	34.2667	0.2550	2897.0000	1159.0000	0.4001	2899.0000
241	0.6515	0.7499	0.9048	0.8593	0.3881	0.7044	34.2000	0.2554	2886.0000	1150.0000	0.3985	2888.0000
242	0.6585	0.7499	0.9046	0.8539	0.4073	0.7190	34.2000	0.2362	2883.0000	1131.0000	0.3923	2885.0000
243	0.6519	0.7499	0.9049	0.8513	0.3899	0.7007	34.2000	0.2565	2887.0000	1165.0000	0.4035	2889.0000
244	0.6539	0.7499	0.9047	0.8515	0.3865	0.7178	34.1333	0.2417	2890.0000	1136.0000	0.3931	2892.0000
245	0.6588	0.7499	0.9049	0.8588	0.3828	0.7142	34.2667	0.2453	2894.0000	1143.0000	0.3950	2896.0000
246	0.6490	0.7499	0.9053	0.8516	0.3732	0.7092	34.0667	0.2507	2895.0000	1154.0000	0.3986	2897.0000
247	0.6532	0.7499	0.9048	0.8598	0.3936	0.7135	34.0000	0.2489	2883.0000	1138.0000	0.3947	2885.0000
248	0.6544	0.7499	0.9048	0.8583	0.3944	0.7033	34.1333	0.2575	2878.0000	1163.0000	0.4041	2880.0000
249	0.6543	0.7499	0.9049	0.8591	0.3979	0.7138	34.2667	0.2425	2892.0000	1133.0000	0.3918	2894.0000
250	0.6416	0.7499	0.9050	0.8605	0.3846	0.6944	34.2000	0.2670	2886.0000	1193.0000	0.4134	2888.0000
251	0.6603	0.7499	0.9051	0.8546	0.3969	0.7127	34.0000	0.2472	2898.0000	1147.0000	0.3958	2900.0000
252	0.6428	0.7499	0.9049	0.8583	0.3730	0.7062	34.0667	0.2518	2878.0000	1140.0000	0.3961	2880.0000
253	0.6616	0.7499	0.9050	0.8542	0.4035	0.7192	34.1333	0.2379	2896.0000	1123.0000	0.3878	2898.0000
254	0.6511	0.7499	0.9050	0.8575	0.3881	0.7064	34.1333	0.2514	2888.0000	1149.0000	0.3979	2890.0000
255	0.6559	0.7499	0.9041	0.8544	0.4019	0.7090	34.2000	0.2488	2891.0000	1145.0000	0.3961	2893.0000
256	0.6433	0.7499	0.9048	0.8613	0.3906	0.7037	34.2000	0.2578	2886.0000	1159.0000	0.4016	2888.0000
257	0.6503	0.7499	0.9052	0.8512	0.3935	0.7079	34.1333	0.2501	2887.0000	1149.0000	0.3980	2889.0000
258	0.6529	0.7499	0.9048	0.8522	0.3705	0.7062	34.1333	0.2515	2891.0000	1166.0000	0.4033	2893.0000
259	0.6495	0.7499	0.9051	0.8544	0.3964	0.7085	34.2000	0.2532	2892.0000	1158.0000	0.4004	2894.0000
260	0.6464	0.7499	0.9048	0.8584	0.3909	0.6951	34.2000	0.2664	2900.0000	1181.0000	0.4072	2902.0000
261	0.6457	0.7499	0.9049	0.8593	0.3922	0.7087	34.0667	0.2526	2887.0000	1156.0000	0.4004	2889.0000
262	0.6549	0.7499	0.9048	0.8522	0.3815	0.7162	34.2667	0.2371	2890.0000	1148.0000	0.3972	2892.0000
263	0.6474	0.7499	0.9050	0.8623	0.3935	0.7003	34.1333	0.2595	2895.0000	1168.0000	0.4035	2897.0000
264	0.6481	0.7499	0.9050	0.8622	0.3960	0.7089	34.2000	0.2503	2887.0000	1158.0000	0.4011	2889.0000
265	0.6615	0.7499	0.9049	0.8514	0.3916	0.7180	34.2667	0.2414	2885.0000	1137.0000	0.3941	2887.0000
266	0.6564	0.7499	0.9053	0.8591	0.3981	0.7169	34.1333	0.2431	2888.0000	1125.0000	0.3895	2890.0000
267	0.6496	0.7499	0.9048	0.8629	0.3864	0.7071	34.2667	0.2539	2892.0000	1156.0000	0.3997	2894.0000
268	0.6456	0.7499	0.9051	0.8648	0.3549	0.6997	34.0000	0.2619	2893.0000	1179.0000	0.4075	2895.0000
269	0.6592	0.7499	0.9050	0.8597	0.3871	0.7135	34.2000	0.2467	2895.0000	1129.0000	0.3900	2897.0000
270	0.6537	0.7499	0.9046	0.8596	0.3847	0.7159	34.1333	0.2424	2889.0000	1141.0000	0.3949	2891.0000
271	0.6693	0.7499	0.9045	0.8552	0.3853	0.7228	34.0667	0.2350	2895.0000	1132.0000	0.3910	2897.0000
272	0.6605	0.7499	0.9048	0.8527	0.3927	0.7183	34.3333	0.2399	2893.0000	1131.0000	0.3909	2895.0000
273	0.6535	0.7499	0.9047	0.8505	0.3850	0.7078	34.2667	0.2498	2894.0000	1145.0000	0.3956	2896.0000
274	0.6600	0.7499	0.9050	0.8524	0.4002	0.7170	34.2667	0.2404	2889.0000	1131.0000	0.3915	2891.0000
275	0.6488	0.7499	0.9049	0.8521	0.3980	0.7124	34.2000	0.2467	2888.0000	1139.0000	0.3944	2890.0000
276	0.6534	0.7499	0.9050	0.8522	0.3976	0.7096	34.3333	0.2506	2897.0000	1147.0000	0.3959	2899.0000
277	0.6576	0.7499	0.9048	0.8545	0.3926	0.7074	34.2667	0.2500	2892.0000	1180.0000	0.4080	2894.0000
278	0.6555	0.7499	0.9051	0.8568	0.3842	0.7121	33.8667	0.2466	2884.0000	1148.0000	0.3981	2886.0000
279	0.6477	0.7499	0.9050	0.8500	0.3949	0.7022	34.2667	0.2554	2887.0000	1139.0000	0.3945	2889.0000
280	0.6454	0.7499	0.9048	0.8521	0.4006	0.7094	34.2000	0.2534	2893.0000	1154.0000	0.3989	2895.0000
281	0.6537	0.7499	0.9050	0.8514	0.3724	0.7099	34.2667	0.2452	2882.0000	1142.0000	0.3963	2884.0000
282	0.6450	0.7499	0.9045	0.8555	0.3931	0.7013	34.1333	0.2580	2896.0000	1161.0000	0.4009	2898.0000
283	0.6548	0.7499	0.9049	0.8560	0.3970	0.7090	34.2000	0.2479	2886.0000	1151.0000	0.3988	2888.0000
284	0.6458	0.7499	0.9050	0.8529	0.3990	0.7033	34.1333	0.2554	2882.0000	1153.0000	0.4001	2884.0000
285	0.6500	0.7499	0.9050	0.8526	0.3519	0.7034	34.2000	0.2531	2889.0000	1161.0000	0.4019	2891.0000
286	0.6503	0.7499	0.9050	0.8584	0.3719	0.7006	34.3333	0.2566	2894.0000	1169.0000	0.4039	2896.0000
287	0.6491	0.7499	0.9049	0.8597	0.3907	0.7012	34.1333	0.2538	2883.0000	1153.0000	0.3999	2885.0000
288	0.6537	0.7499	0.9046	0.8632	0.4003	0.7091	34.0000	0.2491	2890.0000	1144.0000	0.3958	2892.0000
289	0.6465	0.7499	0.9051	0.8467	0.3445	0.7034	34.1333	0.2525	2880.0000	1160.0000	0.4028	2882.0000
290	0.6564	0.7499	0.9048	0.8539	0.3595	0.7099	33.9333	0.2497	2902.0000	1159.0000	0.3994	2904.0000
291	0.6464	0.7499	0.9049	0.8548	0.3737	0.7039	34.0000	0.2543	2888.0000	1144.0000	0.3961	2890.0000
292	0.6454	0.7499	0.9049	0.8557	0.3982	0.7014	34.2000	0.2596	2898.0000	1148.0000	0.3961	2900.0000
293	0.6480	0.7499	0.9044	0.8531	0.3828	0.6992	34.2667	0.2580	2883.0000	1158.0000	0.4017	2885.0000
294	0.6570	0.7499	0.9050	0.8498	0.3916	0.7166	34.1333	0.2416	2872.0000	1136.0000	0.3955	2874.0000
295	0.6573	0.7499	0.9047	0.8563	0.3989	0.7132	34.1333	0.2461	2886.0000	1150.0000	0.3985	2888.0000
296	0.6587	0.7499	0.9049	0.8523	0.3957	0.7151	34.2667	0.2445	2902.0000	1156.0000	0.3983	2904.0000
297	0.6484	0.7499	0.9049	0.8535	0.3940	0.7074	34.2667	0.2537	2891.0000	1155.0000	0.3995	2893.0000
298	0.6550	0.7499	0.9047	0.8479	0.3775	0.7113	34.2000	0.2456	2885.0000	1137.0000	0.3941	2887.0000
299	0.6577	0.7499	0.9044	0.8607	0.3612	0.7073	34.2667	0.2472	2890.0000	1166.0000	0.4035	2892.0000
300	0.6496	0.7499	0.9044	0.8494	0.3717	0.7049	34.4000	0.2496	2897.0000	1165.0000	0.4021	2899.0000
301	0.6564	0.7499	0.9049	0.8537	0.3954	0.7052	34.1333	0.2551	2889.0000	1170.0000	0.4050	2891.0000
302	0.6466	0.7499	0.9048	0.8628	0.3873	0.7038	34.1333	0.2568	2894.0000	1171.0000	0.4046	2896.0000
303	0.6455	0.7499	0.9051	0.8627	0.4105	0.7047	34.0000	0.2569	2892.0000	1151.0000	0.3980	2894.0000
304	0.6619	0.7499	0.9049	0.8566	0.3887	0.7155	34.4000	0.2435	2889.0000	1137.0000	0.3936	2891.0000
305	0.6504	0.7499	0.9047	0.8518	0.3995	0.7052	34.0000	0.2527	2883.0000	1143.0000	0.3965	2885.0000
306	0.6411	0.7499	0.9049	0.8504	0.3876	0.6968	34.3333	0.2628	2888.0000	1159.0000	0.4013	2890.0000
307	0.6548	0.7499	0.9051	0.8611	0.3996	0.7123	34.0667	0.2499	2897.0000	1137.0000	0.3925	2899.0000
308	0.6505	0.7499	0.9048	0.8644	0.3910	0.7041	34.1333	0.2586	2892.0000	1155.0000	0.3994	2894.0000
309	0.6454	0.7499	0.9048	0.8632	0.3852	0.7036	34.3333	0.2565	2895.0000	1169.0000	0.4038	2897.0000
310	0.6540	0.7499	0.9047	0.8545	0.3550	0.7143	34.2000	0.2435	2882.0000	1148.0000	0.3983	2884.0000
311	0.6527	0.7499	0.9051	0.8568	0.3875	0.7112	33.9333	0.2495	2885.0000	1145.0000	0.3969	2887.0000
312	0.6521	0.7499	0.9048	0.8487	0.4089	0.7119	34.1333	0.2459	2888.0000	1143.0000	0.3958	2890.0000
313	0.6442	0.7499	0.9051	0.8491	0.3937	0.7032	34.1333	0.2552	2877.0000	1155.0000	0.4015	2879.0000
314	0.6543	0.7499	0.9047	0.8539	0.3935	0.7152	34.1333	0.2425	2897.0000	1142.0000	0.3942	2899.0000
315	0.6574	0.7499	0.9047	0.8548	0.3943	0.7129	34.1333	0.2465	2890.0000	1160.0000	0.4014	2892.0000
316	0.6539	0.7499	0.9048	0.8580	0.4001	0.7111	34.3333	0.2487	2895.0000	1138.0000	0.3931	2897.0000
317	0.6519	0.7499	0.9046	0.8565	0.4023	0.7127	34.1333	0.2482	2893.0000	1137.0000	0.3930	2895.0000
318	0.6460	0.7499	0.9048	0.8552	0.3861	0.7020	34.2667	0.2561	2886.0000	1147.0000	0.3974	2888.0000
319	0.6564	0.7499	0.9049	0.8577	0.4058	0.7105	34.0000	0.2506	2891.0000	1154.0000	0.3992	2893.0000
320	0.6478	0.7499	0.9047	0.8573	0.3980	0.7095	34.1333	0.2496	2894.0000	1156.0000	0.3994	2896.0000
321	0.6524	0.7499	0.9047	0.8551	0.4097	0.7061	34.2667	0.2517	2889.0000	1138.0000	0.3939	2891.0000
322	0.6408	0.7499	0.9049	0.8632	0.3934	0.6958	34.3333	0.2664	2883.0000	1177.0000	0.4083	2885.0000
323	0.6527	0.7499	0.9044	0.8490	0.3722	0.7061	34.2667	0.2511	2890.0000	1149.0000	0.3976	2892.0000
324	0.6491	0.7499	0.9044	0.8586	0.3992	0.7028	34.2000	0.2593	2893.0000	1154.0000	0.3989	2895.0000
325	0.6556	0.7499	0.9047	0.8534	0.3960	0.7107	34.1333	0.2460	2886.0000	1140.0000	0.3950	2888.0000
326	0.6457	0.7499	0.9048	0.8529	0.3887	0.6981	34.3333	0.2580	2885.0000	1176.0000	0.4076	2887.0000
327	0.6584	0.7499	0.9049	0.8582	0.3882	0.7108	34.2667	0.2487	2895.0000	1160.0000	0.4007	2897.0000
328	0.6493	0.7499	0.9054	0.8526	0.3942	0.7057	34.3333	0.2522	2892.0000	1153.0000	0.3987	2894.0000
329	0.6471	0.7499	0.9048	0.8645	0.3824	0.6935	34.3333	0.2647	2892.0000	1177.0000	0.4070	2894.0000
330	0.6502	0.7499	0.9049	0.8467	0.3898	0.7009	34.3333	0.2569	2888.0000	1160.0000	0.4017	2890.0000
331	0.6435	0.7499	0.9051	0.8494	0.3898	0.6929	34.0000	0.2664	2894.0000	1172.0000	0.4050	2896.0000
332	0.6571	0.7499	0.9051	0.8572	0.3796	0.7147	34.0667	0.2439	2890.0000	1141.0000	0.3948	2892.0000
333	0.6659	0.7499	0.9047	0.8587	0.3874	0.7202	34.2667	0.2377	2887.0000	1141.0000	0.3952	2889.0000
334	0.6461	0.7499	0.9047	0.8609	0.3855	0.7045	34.1333	0.2548	2898.0000	1161.0000	0.4006	2900.0000
335	0.6394	0.7499	0.9051	0.8576	0.4006	0.6976	34.1333	0.2638	2889.0000	1157.0000	0.4005	2891.0000
336	0.6593	0.7499	0.9051	0.8650	0.3869	0.7127	34.3333	0.2430	2885.0000	1159.0000	0.4017	2887.0000
337	0.6531	0.7499	0.9047	0.8616	0.3925	0.7145	34.0667	0.2474	2883.0000	1138.0000	0.3947	2885.0000
338	0.6529	0.7499	0.9045	0.8559	0.3983	0.7108	34.3333	0.2474	2882.0000	1131.0000	0.3924	2884.0000
339	0.6576	0.7499	0.9050	0.8521	0.3828	0.7163	34.1333	0.2410	2892.0000	1140.0000	0.3942	2894.0000
340	0.6463	0.7499	0.9049	0.8516	0.3738	0.7038	33.9333	0.2558	2880.0000	1147.0000	0.3983	2882.0000
341	0.6584	0.7499	0.9051	0.8550	0.3857	0.7121	34.2000	0.2480	2897.0000	1151.0000	0.3973	2899.0000
342	0.6571	0.7499	0.9050	0.8533	0.3536	0.7106	34.0000	0.2491	2887.0000	1145.0000	0.3966	2889.0000
343	0.6434	0.7499	0.9051	0.8566	0.3943	0.7049	34.0667	0.2590	2881.0000	1157.0000	0.4016	2883.0000
344	0.6551	0.7499	0.9049	0.8493	0.3739	0.7090	34.2000	0.2484	2888.0000	1143.0000	0.3958	2890.0000
345	0.6481	0.7499	0.9049	0.8567	0.3949	0.7052	34.0000	0.2545	2882.0000	1159.0000	0.4022	2884.0000
346	0.6547	0.7499	0.9047	0.8526	0.3949	0.7127	34.1333	0.2497	2897.0000	1162.0000	0.4011	2899.0000
347	0.6484	0.7499	0.9052	0.8459	0.3797	0.7057	34.2000	0.2503	2880.0000	1146.0000	0.3979	2882.0000
348	0.6457	0.7499	0.9049	0.8536	0.3967	0.6923	34.2667	0.2672	2880.0000	1167.0000	0.4052	2882.0000
349	0.6531	0.7499	0.9049	0.8547	0.3951	0.7052	34.2000	0.2528	2882.0000	1141.0000	0.3959	2884.0000
350	0.6421	0.7499	0.9044	0.8550	0.4065	0.7054	34.0000	0.2558	2896.0000	1144.0000	0.3950	2898.0000
351	0.6445	0.7499	0.9051	0.8512	0.3764	0.7010	34.2667	0.2558	2889.0000	1157.0000	0.4005	2891.0000
352	0.6501	0.7499	0.9047	0.8529	0.3342	0.7058	34.2000	0.2509	2880.0000	1160.0000	0.4028	2882.0000
353	0.6533	0.7499	0.9053	0.8594	0.3813	0.7127	34.2000	0.2442	2884.0000	1149.0000	0.3984	2886.0000
354	0.6602	0.7499	0.9050	0.8479	0.3915	0.7107	34.3333	0.2449	2894.0000	1149.0000	0.3970	2896.0000
355	0.6618	0.7499	0.9048	0.8551	0.3747	0.7199	33.9333	0.2378	2893.0000	1143.0000	0.3951	2895.0000
356	0.6665	0.7499	0.9050	0.8588	0.3864	0.7220	34.2000	0.2366	2891.0000	1147.0000	0.3967	2893.0000
357	0.6474	0.7499	0.9047	0.8641	0.3967	0.7095	34.3333	0.2526	2893.0000	1145.0000	0.3958	2895.0000
358	0.6466	0.7499	0.9049	0.8522	0.3862	0.7020	34.1333	0.2578	2875.0000	1168.0000	0.4063	2877.0000
359	0.6502	0.7499	0.9045	0.8452	0.3636	0.6993	34.0667	0.2564	2887.0000	1165.0000	0.4035	2889.0000
360	0.6468	0.7499	0.9048	0.8576	0.4017	0.6990	34.2667	0.2607	2894.0000	1160.0000	0.4008	2896.0000
361	0.6445	0.7499	0.9050	0.8533	0.3870	0.6988	34.0667	0.2567	2880.0000	1168.0000	0.4056	2882.0000
362	0.6529	0.7499	0.9047	0.8506	0.3931	0.6980	34.1333	0.2607	2888.0000	1172.0000	0.4058	2890.0000
363	0.6535	0.7499	0.9047	0.8499	0.3626	0.7173	34.0000	0.2413	2895.0000	1139.0000	0.3934	2897.0000
364	0.6559	0.7499	0.9046	0.8604	0.3956	0.7150	34.2667	0.2429	2892.0000	1131.0000	0.3911	2894.0000
365	0.6552	0.7499	0.9047	0.8490	0.3524	0.7107	34.2667	0.2431	2896.0000	1151.0000	0.3974	2898.0000
366	0.6512	0.7499	0.9050	0.8530	0.3520	0.7064	34.0667	0.2492	2889.0000	1155.0000	0.3998	2891.0000
367	0.6535	0.7499	0.9047	0.8534	0.3903	0.7123	34.2667	0.2459	2889.0000	1137.0000	0.3936	2891.0000
368	0.6531	0.7499	0.9049	0.8558	0.3949	0.7032	34.0000	0.2548	2890.0000	1163.0000	0.4024	2892.0000
369	0.6451	0.7499	0.9048	0.8550	0.3858	0.7035	34.2000	0.2586	2892.0000	1160.0000	0.4011	2894.0000
370	0.6517	0.7499	0.9049	0.8581	0.3877	0.7106	34.1333	0.2512	2898.0000	1154.0000	0.3982	2900.0000
371	0.6425	0.7499	0.9050	0.8643	0.3769	0.6963	34.2667	0.2628	2896.0000	1178.0000	0.4068	2898.0000
372	0.6591	0.7499	0.9050	0.8628	0.3760	0.7089	34.2667	0.2483	2885.0000	1153.0000	0.3997	2887.0000
373	0.6530	0.7499	0.9050	0.8578	0.4017	0.7031	34.2000	0.2558	2877.0000	1163.0000	0.4042	2879.0000
374	0.6509	0.7499	0.9046	0.8616	0.3552	0.7052	34.1333	0.2539	2890.0000	1159.0000	0.4010	2892.0000
375	0.6504	0.7499	0.9053	0.8598	0.3977	0.7082	34.2667	0.2528	2891.0000	1147.0000	0.3967	2893.0000
376	0.6524	0.7499	0.9050	0.8517	0.3924	0.7088	34.3333	0.2492	2893.0000	1133.0000	0.3916	2895.0000
377	0.6569	0.7499	0.9048	0.8526	0.3892	0.7171	34.1333	0.2453	2891.0000	1144.0000	0.3957	2893.0000
378	0.6487	0.7499	0.9051	0.8536	0.3780	0.7015	34.2667	0.2569	2896.0000	1167.0000	0.4030	2898.0000
379	0.6594	0.7499	0.9043	0.8555	0.3998	0.7083	34.2667	0.2486	2884.0000	1164.0000	0.4036	2886.0000
380	0.6511	0.7499	0.9050	0.8589	0.3829	0.7084	34.2000	0.2515	2886.0000	1140.0000	0.3950	2888.0000
381	0.6601	0.7499	0.9050	0.8560	0.3507	0.7126	34.2667	0.2454	2894.0000	1156.0000	0.3994	2896.0000
382	0.6632	0.7499	0.9044	0.8572	0.4042	0.7226	34.3333	0.2362	2893.0000	1141.0000	0.3944	2895.0000
383	0.6525	0.7499	0.9043	0.8529	0.3833	0.7060	34.0000	0.2486	2884.0000	1155.0000	0.4005	2886.0000
384	0.6420	0.7499	0.9049	0.8521	0.3773	0.6869	34.1333	0.2692	2887.0000	1191.0000	0.4125	2889.0000
385	0.6649	0.7499	0.9042	0.8590	0.3850	0.7224	34.1333	0.2323	2890.0000	1134.0000	0.3924	2892.0000
386	0.6468	0.7499	0.9050	0.8590	0.3941	0.6989	34.1333	0.2618	2890.0000	1173.0000	0.4059	2892.0000
387	0.6645	0.7499	0.9052	0.8584	0.4117	0.7193	34.0000	0.2386	2881.0000	1135.0000	0.3940	2883.0000
388	0.6582	0.7499	0.9047	0.8659	0.3803	0.7204	33.7333	0.2396	2875.0000	1120.0000	0.3896	2877.0000
389	0.6587	0.7499	0.9046	0.8496	0.3941	0.7088	34.1333	0.2484	2883.0000	1159.0000	0.4020	2885.0000
390	0.6556	0.7499	0.9048	0.8652	0.3959	0.7127	34.0667	0.2467	2885.0000	1136.0000	0.3938	2887.0000
391	0.6562	0.7499	0.9049	0.8549	0.3908	0.7144	34.2000	0.2444	2873.0000	1147.0000	0.3992	2875.0000
392	0.6478	0.7499	0.9049	0.8637	0.4019	0.7107	34.2000	0.2537	2887.0000	1139.0000	0.3945	2889.0000
393	0.6468	0.7499	0.9045	0.8497	0.3489	0.7043	34.3333	0.2512	2882.0000	1147.0000	0.3980	2884.0000
394	0.6534	0.7499	0.9050	0.8559	0.3862	0.7098	34.1333	0.2504	2901.0000	1151.0000	0.3968	2903.0000
395	0.6467	0.7499	0.9049	0.8583	0.3836	0.7066	33.8000	0.2528	2890.0000	1153.0000	0.3990	2892.0000
396	0.6451	0.7499	0.9045	0.8570	0.3876	0.7018	34.2000	0.2565	2887.0000	1158.0000	0.4011	2889.0000
397	0.6477	0.7499	0.9049	0.8573	0.3860	0.7054	34.3333	0.2555	2889.0000	1165.0000	0.4033	2891.0000
398	0.6561	0.7499	0.9050	0.8568	0.4021	0.7091	34.0000	0.2497	2883.0000	1147.0000	0.3978	2885.0000
399	0.6557	0.7499	0.9045	0.8486	0.3513	0.7094	34.3333	0.2454	2885.0000	1153.0000	0.3997	2887.0000
400	0.6561	0.7499	0.9050	0.8568	0.3861	0.7116	34.2000	0.2463	2881.0000	1161.0000	0.4030	2883.0000
401	0.6495	0.7499	0.9048	0.8539	0.3805	0.7127	34.1333	0.2456	2888.0000	1138.0000	0.3940	2890.0000
402	0.6435	0.7499	0.9048	0.8570	0.3474	0.6979	34.3333	0.2614	2893.0000	1180.0000	0.4079	2895.0000
403	0.6630	0.7499	0.9049	0.8566	0.3965	0.7198	34.2000	0.2363	2891.0000	1134.0000	0.3923	2893.0000
404	0.6540	0.7499	0.9048	0.8558	0.3915	0.7104	34.1333	0.2513	2886.0000	1146.0000	0.3971	2888.0000
405	0.6535	0.7499	0.9051	0.8536	0.3879	0.7066	34.1333	0.2513	2882.0000	1147.0000	0.3980	2884.0000
406	0.6487	0.7499	0.9049	0.8532	0.4007	0.7069	34.2000	0.2518	2888.0000	1157.0000	0.4006	2890.0000
407	0.6558	0.7499	0.9052	0.8583	0.3743	0.7080	33.9333	0.2502	2897.0000	1149.0000	0.3966	2899.0000
408	0.6493	0.7499	0.9048	0.8518	0.3814	0.7072	34.0667	0.2518	2894.0000	1154.0000	0.3988	2896.0000
409	0.6582	0.7499	0.9048	0.8561	0.4042	0.7237	34.4000	0.2334	2890.0000	1137.0000	0.3934	2892.0000
410	0.6565	0.7499	0.9050	0.8581	0.3844	0.7103	34.0000	0.2458	2893.0000	1163.0000	0.4020	2895.0000
411	0.6572	0.7499	0.9049	0.8526	0.3803	0.7037	34.0667	0.2532	2899.0000	1166.0000	0.4022	2901.0000
412	0.6509	0.7499	0.9049	0.8624	0.3904	0.7023	34.0667	0.2546	2898.0000	1171.0000	0.4041	2900.0000
413	0.6499	0.7499	0.9049	0.8561	0.3910	0.7075	34.0667	0.2523	2882.0000	1154.0000	0.4004	2884.0000
414	0.6537	0.7499	0.9049	0.8551	0.3530	0.7117	34.0000	0.2478	2899.0000	1147.0000	0.3957	2901.0000
415	0.6614	0.7499	0.9051	0.8500	0.3808	0.7135	34.2000	0.2452	2892.0000	1153.0000	0.3987	2894.0000
416	0.6413	0.7499	0.9047	0.8554	0.3974	0.7014	34.2000	0.2575	2890.0000	1153.0000	0.3990	2892.0000
417	0.6460	0.7499	0.9045	0.8464	0.3810	0.6974	34.0000	0.2582	2886.0000	1186.0000	0.4109	2888.0000
418	0.6607	0.7499	0.9048	0.8512	0.4017	0.7218	34.1333	0.2380	2892.0000	1118.0000	0.3866	2894.0000
419	0.6441	0.7499	0.9050	0.8528	0.4000	0.6988	34.1333	0.2610	2889.0000	1165.0000	0.4033	2891.0000
420	0.6431	0.7499	0.9049	0.8495	0.3550	0.6963	34.2000	0.2609	2890.0000	1175.0000	0.4066	2892.0000
421	0.6545	0.7499	0.9049	0.8548	0.4082	0.7192	34.4000	0.2389	2879.0000	1119.0000	0.3887	2881.0000
422	0.6513	0.7499	0.9048	0.8538	0.3877	0.7088	34.3333	0.2506	2890.0000	1157.0000	0.4003	2892.0000
423	0.6522	0.7499	0.9045	0.8515	0.3632	0.7034	34.3333	0.2536	2894.0000	1165.0000	0.4026	2896.0000
424	0.6487	0.7499	0.9049	0.8570	0.3926	0.7053	34.2000	0.2553	2893.0000	1159.0000	0.4006	2895.0000
425	0.6512	0.7499	0.9048	0.8599	0.3840	0.6971	34.3333	0.2604	2886.0000	1173.0000	0.4064	2888.0000
426	0.6485	0.7499	0.9047	0.8485	0.3950	0.6952	34.3333	0.2646	2891.0000	1174.0000	0.4061	2893.0000
427	0.6447	0.7499	0.9048	0.8592	0.3807	0.6996	34.1333	0.2598	2886.0000	1164.0000	0.4033	2888.0000
428	0.6586	0.7499	0.9051	0.8564	0.3962	0.7199	34.1333	0.2370	2895.0000	1123.0000	0.3879	2897.0000
429	0.6550	0.7499	0.9048	0.8483	0.3877	0.7084	34.1333	0.2486	2890.0000	1165.0000	0.4031	2892.0000
430	0.6619	0.7499	0.9050	0.8510	0.3924	0.7150	34.3333	0.2470	2879.0000	1148.0000	0.3987	2881.0000
431	0.6489	0.7499	0.9047	0.8552	0.4026	0.7056	34.2000	0.2554	2878.0000	1153.0000	0.4006	2880.0000
432	0.6480	0.7499	0.9047	0.8574	0.3739	0.7068	34.0667	0.2517	2888.0000	1141.0000	0.3951	2890.0000
433	0.6569	0.7499	0.9047	0.8541	0.3868	0.7145	34.2000	0.2421	2888.0000	1135.0000	0.3930	2890.0000
434	0.6540	0.7499	0.9048	0.8549	0.3672	0.7175	34.0000	0.2418	2898.0000	1134.0000	0.3913	2900.0000
435	0.6559	0.7499	0.9047	0.8550	0.3768	0.7124	34.0667	0.2455	2896.0000	1157.0000	0.3995	2898.0000
436	0.6608	0.7499	0.9048	0.8595	0.3717	0.7092	34.3333	0.2490	2885.0000	1159.0000	0.4017	2887.0000
437	0.6608	0.7499	0.9049	0.8572	0.3919	0.7179	34.1333	0.2416	2886.0000	1133.0000	0.3926	2888.0000
438	0.6431	0.7499	0.9046	0.8503	0.3862	0.7029	34.2667	0.2544	2885.0000	1156.0000	0.4007	2887.0000
439	0.6582	0.7499	0.9051	0.8509	0.3915	0.7158	34.1333	0.2433	2888.0000	1150.0000	0.3982	2890.0000
440	0.6528	0.7499	0.9048	0.8547	0.3911	0.7061	34.2667	0.2546	2887.0000	1158.0000	0.4011	2889.0000
441	0.6601	0.7499	0.9053	0.8575	0.3685	0.7121	34.1333	0.2444	2888.0000	1146.0000	0.3968	2890.0000
442	0.6489	0.7499	0.9051	0.8517	0.4010	0.7015	34.2667	0.2568	2885.0000	1137.0000	0.3941	2887.0000
443	0.6547	0.7499	0.9049	0.8667	0.4008	0.7078	34.1333	0.2507	2893.0000	1146.0000	0.3961	2895.0000
444	0.6499	0.7499	0.9049	0.8497	0.4098	0.7071	34.0667	0.2527	2884.0000	1141.0000	0.3956	2886.0000
445	0.6487	0.7499	0.9049	0.8476	0.3954	0.7138	34.0667	0.2450	2886.0000	1147.0000	0.3974	2888.0000
446	0.6463	0.7499	0.9048	0.8553	0.3932	0.7083	34.4000	0.2503	2885.0000	1155.0000	0.4003	2887.0000
447	0.6634	0.7499	0.9051	0.8516	0.4027	0.7187	34.0000	0.2388	2892.0000	1124.0000	0.3887	2894.0000
448	0.6464	0.7499	0.9049	0.8519	0.3969	0.6957	34.2000	0.2603	2876.0000	1161.0000	0.4037	2878.0000
449	0.6528	0.7499	0.9045	0.8529	0.3691	0.6995	34.2667	0.2586	2892.0000	1173.0000	0.4056	2894.0000
450	0.6579	0.7499	0.9047	0.8489	0.3977	0.7048	33.9333	0.2517	2893.0000	1140.0000	0.3941	2895.0000
451	0.6512	0.7499	0.9043	0.8593	0.3915	0.7132	34.3333	0.2477	2895.0000	1143.0000	0.3948	2897.0000
452	0.6535	0.7499	0.9046	0.8582	0.3875	0.7127	34.0667	0.2445	2888.0000	1151.0000	0.3985	2890.0000
453	0.6510	0.7499	0.9050	0.8551	0.3882	0.7000	34.0667	0.2592	2899.0000	1170.0000	0.4036	2901.0000
454	0.6575	0.7499	0.9048	0.8573	0.3952	0.7146	34.4000	0.2478	2884.0000	1142.0000	0.3960	2886.0000
455	0.6495	0.7499	0.9047	0.8631	0.3848	0.7091	34.0667	0.2514	2883.0000	1156.0000	0.4010	2885.0000
456	0.6472	0.7499	0.9051	0.8573	0.3836	0.7001	34.2000	0.2595	2897.0000	1157.0000	0.3994	2899.0000
457	0.6504	0.7499	0.9050	0.8582	0.3960	0.7110	34.1333	0.2492	2897.0000	1134.0000	0.3914	2899.0000
458	0.6377	0.7499	0.9050	0.8518	0.3859	0.6975	34.0667	0.2616	2883.0000	1152.0000	0.3996	2885.0000
459	0.6497	0.7499	0.9050	0.8571	0.4020	0.7031	34.2667	0.2574	2878.0000	1149.0000	0.3992	2880.0000
460	0.6560	0.7499	0.9048	0.8541	0.3838	0.7122	34.2000	0.2466	2890.0000	1148.0000	0.3972	2892.0000
461	0.6654	0.7499	0.9048	0.8502	0.3698	0.7158	34.2667	0.2412	2893.0000	1143.0000	0.3951	2895.0000
462	0.6470	0.7499	0.9049	0.8475	0.3763	0.7003	34.3333	0.2557	2887.0000	1161.0000	0.4021	2889.0000
463	0.6666	0.7499	0.9048	0.8527	0.3918	0.7222	34.1333	0.2348	2888.0000	1139.0000	0.3944	2890.0000
464	0.6553	0.7499	0.9048	0.8560	0.3670	0.7078	34.1333	0.2506	2881.0000	1152.0000	0.3999	2883.0000
465	0.6556	0.7499	0.9049	0.8637	0.3901	0.7110	33.9333	0.2479	2884.0000	1133.0000	0.3929	2886.0000
466	0.6546	0.7499	0.9050	0.8485	0.3679	0.7094	34.1333	0.2440	2893.0000	1145.0000	0.3958	2895.0000
467	0.6512	0.7499	0.9048	0.8616	0.3802	0.7089	34.2000	0.2517	2894.0000	1155.0000	0.3991	2896.0000
468	0.6547	0.7499	0.9047	0.8599	0.3874	0.7163	34.2000	0.2415	2882.0000	1126.0000	0.3907	2884.0000
469	0.6481	0.7499	0.9051	0.8527	0.3678	0.7009	34.0667	0.2565	2885.0000	1171.0000	0.4059	2887.0000
470	0.6425	0.7499	0.9049	0.8539	0.3665	0.6980	34.2667	0.2594	2876.0000	1177.0000	0.4092	2878.0000
471	0.6468	0.7499	0.9049	0.8610	0.3901	0.6984	34.0667	0.2625	2894.0000	1175.0000	0.4060	2896.0000
472	0.6543	0.7499	0.9048	0.8600	0.3580	0.7079	34.2000	0.2505	2883.0000	1149.0000	0.3985	2885.0000
473	0.6448	0.7499	0.9048	0.8538	0.3762	0.6975	34.1333	0.2641	2883.0000	1171.0000	0.4062	2885.0000
474	0.6537	0.7499	0.9047	0.8560	0.4015	0.7151	34.1333	0.2484	2890.0000	1136.0000	0.3931	2892.0000
475	0.6585	0.7499	0.9052	0.8542	0.3996	0.7123	34.2667	0.2464	2882.0000	1153.0000	0.4001	2884.0000
476	0.6577	0.7499	0.9048	0.8557	0.4086	0.7111	34.0000	0.2479	2888.0000	1146.0000	0.3968	2890.0000
477	0.6556	0.7499	0.9045	0.8524	0.3858	0.7071	34.2000	0.2498	2892.0000	1159.0000	0.4008	2894.0000
478	0.6579	0.7499	0.9048	0.8590	0.3975	0.7147	34.1333	0.2419	2894.0000	1142.0000	0.3946	2896.0000
479	0.6560	0.7499	0.9048	0.8581	0.3874	0.7103	33.9333	0.2471	2895.0000	1167.0000	0.4031	2897.0000
480	0.6573	0.7499	0.9048	0.8537	0.3817	0.7126	34.2000	0.2460	2885.0000	1140.0000	0.3951	2887.0000
481	0.6536	0.7499	0.9048	0.8556	0.3802	0.7054	34.1333	0.2530	2884.0000	1168.0000	0.4050	2886.0000
482	0.6528	0.7499	0.9045	0.8623	0.3823	0.7108	34.1333	0.2502	2890.0000	1153.0000	0.3990	2892.0000
483	0.6450	0.7499	0.9049	0.8611	0.3772	0.7030	34.2667	0.2556	2891.0000	1151.0000	0.3981	2893.0000
484	0.6576	0.7499	0.9047	0.8439	0.3946	0.7133	34.2000	0.2447	2886.0000	1153.0000	0.3995	2888.0000
485	0.6503	0.7499	0.9051	0.8537	0.3829	0.7053	34.2000	0.2527	2888.0000	1157.0000	0.4006	2890.0000
486	0.6545	0.7499	0.9048	0.8485	0.3574	0.7024	34.4000	0.2558	2898.0000	1171.0000	0.4041	2900.0000
487	0.6520	0.7499	0.9051	0.8545	0.4036	0.7062	34.2000	0.2529	2886.0000	1145.0000	0.3967	2888.0000
488	0.6517	0.7499	0.9051	0.8614	0.3896	0.7057	34.2000	0.2523	2880.0000	1144.0000	0.3972	2882.0000
489	0.6495	0.7499	0.9050	0.8593	0.3928	0.7037	34.0667	0.2559	2887.0000	1157.0000	0.4008	2889.0000
490	0.6530	0.7499	0.9048	0.8517	0.3863	0.7066	34.2000	0.2498	2893.0000	1155.0000	0.3992	2895.0000
491	0.6502	0.7499	0.9050	0.8592	0.3912	0.7056	34.1333	0.2536	2890.0000	1138.0000	0.3938	2892.0000
492	0.6493	0.7499	0.9045	0.8500	0.3870	0.7102	34.0667	0.2494	2875.0000	1143.0000	0.3976	2877.0000
493	0.6547	0.7499	0.9045	0.8589	0.3600	0.7107	34.3333	0.2500	2883.0000	1154.0000	0.4003	2885.0000
494	0.6615	0.7499	0.9048	0.8603	0.3850	0.7139	34.3333	0.2433	2889.0000	1150.0000	0.3981	2891.0000
495	0.6538	0.7499	0.9049	0.8535	0.3800	0.7097	34.3333	0.2478	2887.0000	1159.0000	0.4015	2889.0000
496	0.6492	0.7499	0.9049	0.8598	0.3926	0.7086	34.2000	0.2528	2901.0000	1165.0000	0.4016	2903.0000
497	0.6496	0.7499	0.9047	0.8530	0.4020	0.7158	34.2667	0.2418	2882.0000	1126.0000	0.3907	2884.0000
498	0.6461	0.7499	0.9050	0.8670	0.3893	0.7081	34.1333	0.2522	2880.0000	1145.0000	0.3976	2882.0000
499	0.6561	0.7499	0.9048	0.8553	0.3908	0.7079	34.0667	0.2491	2887.0000	1163.0000	0.4028	2889.0000
500	0.6416	0.7499	0.9051	0.8598	0.3970	0.6964	34.4000	0.2633	2897.0000	1166.0000	0.4025	2899.0000
501	0.6532	0.7499	0.9051	0.8599	0.3988	0.7143	34.0667	0.2473	2892.0000	1131.0000	0.3911	2894.0000
502	0.6556	0.7499	0.9047	0.8616	0.3938	0.7090	34.0667	0.2510	2887.0000	1141.0000	0.3952	2889.0000
503	0.6536	0.7499	0.9044	0.8542	0.3721	0.7128	34.1333	0.2419	2886.0000	1146.0000	0.3971	2888.0000
504	0.6453	0.7499	0.9049	0.8475	0.4053	0.7085	34.2000	0.2503	2882.0000	1138.0000	0.3949	2884.0000
505	0.6482	0.7499	0.9045	0.8479	0.3886	0.7030	34.1333	0.2563	2888.0000	1166.0000	0.4037	2890.0000
506	0.6581	0.7499	0.9046	0.8585	0.3990	0.7121	34.1333	0.2460	2896.0000	1149.0000	0.3968	2898.0000
507	0.6419	0.7499	0.9052	0.8567	0.3953	0.6925	34.0000	0.2660	2887.0000	1173.0000	0.4063	2889.0000
508	0.6517	0.7499	0.9046	0.8515	0.3980	0.7021	34.1333	0.2535	2887.0000	1159.0000	0.4015	2889.0000
509	0.6552	0.7499	0.9048	0.8511	0.3919	0.7125	34.2000	0.2438	2902.0000	1147.0000	0.3952	2904.0000
510	0.6539	0.7499	0.9049	0.8561	0.3845	0.7105	34.2000	0.2507	2876.0000	1156.0000	0.4019	2878.0000
511	0.6488	0.7499	0.9047	0.8523	0.3709	0.7067	34.3333	0.2533	2895.0000	1154.0000	0.3986	2897.0000
512	0.6479	0.7499	0.9051	0.8523	0.3825	0.6955	34.2000	0.2626	2892.0000	1176.0000	0.4066	2894.0000
513	0.6523	0.7499	0.9051	0.8514	0.3677	0.7076	33.9333	0.2485	2890.0000	1163.0000	0.4024	2892.0000
514	0.6461	0.7499	0.9049	0.8524	0.3947	0.7080	34.2000	0.2480	2892.0000	1148.0000	0.3970	2894.0000
515	0.6588	0.7499	0.9049	0.8535	0.3831	0.7148	34.0667	0.2441	2885.0000	1163.0000	0.4031	2887.0000
516	0.6591	0.7499	0.9050	0.8561	0.3606	0.7035	34.2667	0.2539	2901.0000	1165.0000	0.4016	2903.0000
517	0.6523	0.7499	0.9043	0.8476	0.3883	0.7036	33.9333	0.2553	2884.0000	1163.0000	0.4033	2886.0000
518	0.6467	0.7499	0.9047	0.8528	0.3920	0.7016	34.2667	0.2555	2899.0000	1161.0000	0.4005	2901.0000
519	0.6643	0.7499	0.9049	0.8610	0.3896	0.7168	34.2667	0.2411	2888.0000	1132.0000	0.3920	2890.0000
520	0.6561	0.7499	0.9048	0.8581	0.3881	0.7170	34.2000	0.2425	2901.0000	1138.0000	0.3923	2903.0000
521	0.6496	0.7499	0.9047	0.8582	0.3871	0.7102	34.1333	0.2472	2887.0000	1165.0000	0.4035	2889.0000
522	0.6620	0.7499	0.9045	0.8494	0.3690	0.7133	34.1333	0.2430	2891.0000	1155.0000	0.3995	2893.0000
523	0.6569	0.7499	0.9048	0.8586	0.3788	0.7089	34.2667	0.2498	2900.0000	1151.0000	0.3969	2902.0000
524	0.6438	0.7499	0.9044	0.8534	0.3715	0.6948	34.2000	0.2607	2888.0000	1169.0000	0.4048	2890.0000
525	0.6503	0.7499	0.9047	0.8611	0.3922	0.7064	34.1333	0.2529	2883.0000	1150.0000	0.3989	2885.0000
526	0.6525	0.7499	0.9045	0.8486	0.3775	0.7043	34.0667	0.2507	2895.0000	1157.0000	0.3997	2897.0000
527	0.6407	0.7499	0.9048	0.8578	0.4021	0.6999	34.1333	0.2603	2902.0000	1163.0000	0.4008	2904.0000
528	0.6555	0.7499	0.9051	0.8617	0.3890	0.7172	34.0000	0.2431	2892.0000	1134.0000	0.3921	2894.0000
529	0.6512	0.7499	0.9045	0.8554	0.3916	0.7132	34.0000	0.2464	2879.0000	1144.0000	0.3974	2881.0000
530	0.6573	0.7499	0.9049	0.8512	0.3841	0.7091	34.2667	0.2489	2902.0000	1150.0000	0.3963	2904.0000
531	0.6503	0.7499	0.9048	0.8536	0.4008	0.7093	34.3333	0.2480	2892.0000	1144.0000	0.3956	2894.0000
532	0.6494	0.7499	0.9050	0.8552	0.3812	0.7124	34.2000	0.2488	2883.0000	1138.0000	0.3947	2885.0000
533	0.6595	0.7499	0.9046	0.8569	0.3861	0.7203	34.2000	0.2362	2887.0000	1122.0000	0.3886	2889.0000
534	0.6493	0.7499	0.9049	0.8561	0.3667	0.7039	34.2000	0.2566	2889.0000	1142.0000	0.3953	2891.0000
535	0.6606	0.7499	0.9047	0.8568	0.3975	0.7146	34.0667	0.2447	2889.0000	1150.0000	0.3981	2891.0000
536	0.6489	0.7499	0.9048	0.8526	0.3943	0.7031	34.2667	0.2562	2884.0000	1160.0000	0.4022	2886.0000
537	0.6573	0.7499	0.9050	0.8468	0.3952	0.7106	34.1333	0.2433	2888.0000	1156.0000	0.4003	2890.0000
538	0.6500	0.7499	0.9047	0.8613	0.3871	0.7090	34.3333	0.2486	2894.0000	1154.0000	0.3988	2896.0000
539	0.6476	0.7499	0.9049	0.8482	0.4009	0.7059	34.0000	0.2517	2881.0000	1156.0000	0.4012	2883.0000
540	0.6593	0.7499	0.9046	0.8608	0.3851	0.7211	34.0667	0.2347	2884.0000	1122.0000	0.3890	2886.0000
541	0.6590	0.7499	0.9050	0.8485	0.3984	0.7148	34.1333	0.2404	2893.0000	1136.0000	0.3927	2895.0000
542	0.6506	0.7499	0.9051	0.8552	0.3976	0.7054	34.2000	0.2531	2883.0000	1155.0000	0.4006	2885.0000
543	0.6499	0.7499	0.9049	0.8508	0.3856	0.7028	34.1333	0.2572	2892.0000	1173.0000	0.4056	2894.0000
544	0.6604	0.7499	0.9049	0.8598	0.3857	0.7125	34.2000	0.2461	2885.0000	1151.0000	0.3990	2887.0000
545	0.6491	0.7499	0.9051	0.8521	0.3860	0.7070	34.2667	0.2477	2882.0000	1159.0000	0.4022	2884.0000
546	0.6449	0.7499	0.9050	0.8555	0.3944	0.7057	34.2667	0.2524	2893.0000	1153.0000	0.3985	2895.0000
547	0.6407	0.7499	0.9046	0.8571	0.3884	0.6955	34.2000	0.2638	2889.0000	1176.0000	0.4071	2891.0000
548	0.6420	0.7499	0.9049	0.8573	0.3886	0.7063	34.3333	0.2537	2896.0000	1150.0000	0.3971	2898.0000
549	0.6417	0.7499	0.9053	0.8605	0.3816	0.7077	34.0667	0.2500	2884.0000	1153.0000	0.3998	2886.0000
550	0.6527	0.7499	0.9047	0.8545	0.3935	0.7113	34.2000	0.2482	2886.0000	1159.0000	0.4016	2888.0000
551	0.6527	0.7499	0.9049	0.8528	0.3836	0.7072	34.2667	0.2498	2892.0000	1153.0000	0.3987	2894.0000
552	0.6546	0.7499	0.9049	0.8549	0.3871	0.7064	34.2000	0.2515	2886.0000	1166.0000	0.4040	2888.0000
553	0.6448	0.7499	0.9048	0.8525	0.3910	0.7002	34.2000	0.2562	2884.0000	1173.0000	0.4067	2886.0000
554	0.6557	0.7499	0.9044	0.8545	0.3878	0.7079	34.0000	0.2482	2882.0000	1147.0000	0.3980	2884.0000
555	0.6572	0.7499	0.9048	0.8531	0.3855	0.7075	34.1333	0.2491	2890.0000	1150.0000	0.3979	2892.0000
556	0.6516	0.7499	0.9046	0.8575	0.3700	0.7043	34.3333	0.2515	2893.0000	1168.0000	0.4037	2895.0000
557	0.6433	0.7499	0.9052	0.8538	0.3852	0.7032	34.2000	0.2555	2888.0000	1147.0000	0.3972	2890.0000
558	0.6570	0.7499	0.9048	0.8623	0.3757	0.7085	34.0667	0.2498	2892.0000	1160.0000	0.4011	2894.0000
559	0.6538	0.7499	0.9051	0.8583	0.3684	0.7148	34.0667	0.2442	2882.0000	1133.0000	0.3931	2884.0000
560	0.6516	0.7499	0.9045	0.8559	0.3954	0.7023	34.3333	0.2569	2877.0000	1164.0000	0.4046	2879.0000
561	0.6545	0.7499	0.9046	0.8559	0.3985	0.7110	34.2667	0.2460	2895.0000	1136.0000	0.3924	2897.0000
562	0.6654	0.7499	0.9043	0.8559	0.3994	0.7235	34.2000	0.2360	2888.0000	1127.0000	0.3902	2890.0000
563	0.6500	0.7499	0.9051	0.8539	0.4044	0.7135	34.0667	0.2451	2890.0000	1144.0000	0.3958	2892.0000
564	0.6558	0.7499	0.9047	0.8577	0.3947	0.7076	34.2667	0.2504	2885.0000	1143.0000	0.3962	2887.0000
565	0.6556	0.7499	0.9049	0.8582	0.3977	0.7084	34.2667	0.2512	2886.0000	1160.0000	0.4019	2888.0000
566	0.6500	0.7499	0.9047	0.8566	0.3842	0.7052	34.2667	0.2522	2884.0000	1146.0000	0.3974	2886.0000
567	0.6606	0.7499	0.9047	0.8507	0.3772	0.7200	34.1333	0.2399	2886.0000	1128.0000	0.3909	2888.0000
568	0.6521	0.7499	0.9047	0.8570	0.4093	0.7087	33.9333	0.2510	2882.0000	1144.0000	0.3969	2884.0000
569	0.6550	0.7499	0.9048	0.8570	0.3803	0.7135	34.0000	0.2424	2879.0000	1142.0000	0.3967	2881.0000
570	0.6495	0.7499	0.9050	0.8514	0.3887	0.7034	34.0000	0.2543	2884.0000	1150.0000	0.3988	2886.0000
571	0.6525	0.7499	0.9045	0.8592	0.3980	0.7111	34.0667	0.2468	2888.0000	1155.0000	0.3999	2890.0000
572	0.6509	0.7499	0.9049	0.8619	0.3872	0.7093	34.0667	0.2512	2887.0000	1160.0000	0.4018	2889.0000
573	0.6502	0.7499	0.9050	0.8503	0.4021	0.7111	34.0000	0.2501	2886.0000	1142.0000	0.3957	2888.0000
574	0.6478	0.7499	0.9048	0.8504	0.3815	0.7003	34.2000	0.2585	2888.0000	1163.0000	0.4027	2890.0000
575	0.6573	0.7499	0.9049	0.8504	0.3663	0.7147	34.2000	0.2439	2889.0000	1154.0000	0.3994	2891.0000
576	0.6540	0.7499	0.9051	0.8468	0.4005	0.7090	34.1333	0.2475	2889.0000	1154.0000	0.3994	2891.0000
577	0.6616	0.7499	0.9047	0.8527	0.3742	0.7177	34.1333	0.2359	2891.0000	1146.0000	0.3964	2893.0000
578	0.6553	0.7499	0.9048	0.8504	0.3860	0.7090	34.0667	0.2472	2897.0000	1150.0000	0.3970	2899.0000
579	0.6487	0.7499	0.9051	0.8587	0.3814	0.7081	34.3333	0.2525	2884.0000	1158.0000	0.4015	2886.0000
580	0.6633	0.7499	0.9049	0.8522	0.3790	0.7161	34.1333	0.2407	2895.0000	1150.0000	0.3972	2897.0000
581	0.6473	0.7499	0.9051	0.8507	0.3762	0.7046	34.0667	0.2502	2883.0000	1168.0000	0.4051	2885.0000
582	0.6531	0.7499	0.9044	0.8537	0.3795	0.7168	34.1333	0.2392	2882.0000	1130.0000	0.3921	2884.0000
583	0.6504	0.7499	0.9047	0.8570	0.3910	0.7112	33.9333	0.2495	2883.0000	1153.0000	0.3999	2885.0000
584	0.6524	0.7499	0.9049	0.8566	0.4043	0.7082	34.3333	0.2506	2900.0000	1158.0000	0.3993	2902.0000
585	0.6562	0.7499	0.9049	0.8600	0.3876	0.7175	34.0667	0.2456	2889.0000	1132.0000	0.3918	2891.0000
586	0.6622	0.7499	0.9047	0.8530	0.3879	0.7129	34.1333	0.2432	2889.0000	1150.0000	0.3981	2891.0000
587	0.6482	0.7499	0.9049	0.8532	0.3731	0.7001	34.2000	0.2535	2891.0000	1167.0000	0.4037	2893.0000
588	0.6603	0.7499	0.9047	0.8554	0.3886	0.7146	34.2000	0.2450	2887.0000	1135.0000	0.3931	2889.0000
589	0.6548	0.7499	0.9050	0.8575	0.3986	0.7099	34.4000	0.2472	2884.0000	1155.0000	0.4005	2886.0000
590	0.6459	0.7499	0.9047	0.8544	0.3955	0.7047	34.0667	0.2560	2892.0000	1144.0000	0.3956	2894.0000
591	0.6468	0.7499	0.9051	0.8513	0.3934	0.7026	34.2000	0.2556	2876.0000	1149.0000	0.3995	2878.0000
592	0.6604	0.7499	0.9048	0.8512	0.3993	0.7178	34.1333	0.2391	2887.0000	1138.0000	0.3942	2889.0000
593	0.6503	0.7499	0.9045	0.8555	0.4069	0.7070	33.9333	0.2509	2899.0000	1167.0000	0.4026	2901.0000
594	0.6597	0.7499	0.9048	0.8558	0.3923	0.7154	34.0667	0.2415	2878.0000	1143.0000	0.3972	2880.0000
595	0.6490	0.7499	0.9047	0.8532	0.3714	0.7070	34.3333	0.2469	2892.0000	1171.0000	0.4049	2894.0000
596	0.6558	0.7499	0.9049	0.8511	0.3655	0.7113	34.1333	0.2485	2894.0000	1155.0000	0.3991	2896.0000
597	0.6516	0.7499	0.9050	0.8585	0.3913	0.7070	33.8000	0.2500	2886.0000	1160.0000	0.4019	2888.0000
598	0.6508	0.7499	0.9049	0.8573	0.3930	0.7068	34.2000	0.2545	2887.0000	1157.0000	0.4008	2889.0000
599	0.6490	0.7499	0.9044	0.8470	0.3881	0.7015	34.0667	0.2559	2897.0000	1163.0000	0.4014	2899.0000
600	0.6498	0.7499	0.9046	0.8578	0.4019	0.7170	34.0667	0.2397	2876.0000	1127.0000	0.3919	2878.0000
601	0.6555	0.7499	0.9049	0.8557	0.3976	0.7112	34.0000	0.2476	2894.0000	1144.0000	0.3953	2896.0000
602	0.6440	0.7499	0.9051	0.8512	0.3413	0.6901	34.3333	0.2657	2880.0000	1181.0000	0.4101	2882.0000
603	0.6554	0.7499	0.9044	0.8500	0.3935	0.7149	34.1333	0.2418	2873.0000	1141.0000	0.3971	2875.0000
604	0.6502	0.7499	0.9049	0.8516	0.3972	0.7168	34.2667	0.2416	2880.0000	1131.0000	0.3927	2882.0000
605	0.6511	0.7499	0.9048	0.8549	0.3993	0.7045	34.1333	0.2576	2869.0000	1155.0000	0.4026	2871.0000
606	0.6554	0.7499	0.9047	0.8573	0.3801	0.7141	34.1333	0.2435	2884.0000	1139.0000	0.3949	2886.0000
607	0.6453	0.7499	0.9048	0.8506	0.3965	0.7062	34.0000	0.2517	2881.0000	1158.0000	0.4019	2883.0000
608	0.6657	0.7499	0.9044	0.8537	0.3951	0.7186	34.3333	0.2390	2897.0000	1138.0000	0.3928	2899.0000
609	0.6544	0.7499	0.9046	0.8598	0.3798	0.7037	34.3333	0.2555	2890.0000	1168.0000	0.4042	2892.0000
610	0.6593	0.7499	0.9046	0.8535	0.3942	0.7187	34.2000	0.2410	2889.0000	1145.0000	0.3963	2891.0000
611	0.6532	0.7499	0.9048	0.8542	0.4083	0.7140	34.1333	0.2453	2886.0000	1142.0000	0.3957	2888.0000
612	0.6588	0.7499	0.9052	0.8565	0.3774	0.7110	34.3333	0.2470	2891.0000	1158.0000	0.4006	2893.0000
613	0.6628	0.7499	0.9048	0.8601	0.3779	0.7225	34.2000	0.2353	2893.0000	1123.0000	0.3882	2895.0000
614	0.6487	0.7499	0.9049	0.8623	0.3928	0.7109	34.0667	0.2486	2891.0000	1143.0000	0.3954	2893.0000
615	0.6574	0.7499	0.9050	0.8509	0.3884	0.7137	34.2000	0.2463	2896.0000	1140.0000	0.3936	2898.0000
616	0.6404	0.7499	0.9053	0.8608	0.3589	0.6907	34.1333	0.2693	2891.0000	1177.0000	0.4071	2893.0000
617	0.6503	0.7499	0.9049	0.8536	0.3829	0.7097	34.2000	0.2458	2880.0000	1156.0000	0.4014	2882.0000
618	0.6543	0.7499	0.9041	0.8563	0.3852	0.7128	34.1333	0.2461	2884.0000	1157.0000	0.4012	2886.0000
619	0.6536	0.7499	0.9047	0.8521	0.4059	0.7112	34.2000	0.2460	2890.0000	1132.0000	0.3917	2892.0000
620	0.6588	0.7499	0.9050	0.8584	0.3931	0.7077	34.0667	0.2506	2886.0000	1143.0000	0.3960	2888.0000
621	0.6549	0.7499	0.9050	0.8611	0.3893	0.7169	34.1333	0.2410	2878.0000	1128.0000	0.3919	2880.0000
622	0.6504	0.7499	0.9048	0.8550	0.3905	0.7096	34.2667	0.2519	2890.0000	1162.0000	0.4021	2892.0000
623	0.6562	0.7499	0.9046	0.8541	0.4042	0.7154	34.2000	0.2449	2886.0000	1142.0000	0.3957	2888.0000
624	0.6479	0.7499	0.9046	0.8493	0.3848	0.7047	34.2667	0.2537	2888.0000	1170.0000	0.4051	2890.0000
625	0.6439	0.7499	0.9050	0.8461	0.3844	0.7109	34.1333	0.2486	2889.0000	1137.0000	0.3936	2891.0000
626	0.6476	0.7499	0.9050	0.8538	0.3991	0.7050	33.9333	0.2521	2886.0000	1141.0000	0.3954	2888.0000
627	0.6678	0.7499	0.9049	0.8568	0.3673	0.7146	34.1333	0.2429	2885.0000	1153.0000	0.3997	2887.0000
628	0.6556	0.7499	0.9048	0.8553	0.3705	0.7133	34.1333	0.2457	2882.0000	1141.0000	0.3959	2884.0000
629	0.6519	0.7499	0.9049	0.8568	0.3907	0.7108	34.1333	0.2436	2888.0000	1130.0000	0.3913	2890.0000
630	0.6497	0.7499	0.9044	0.8525	0.3698	0.6985	34.2000	0.2588	2889.0000	1192.0000	0.4126	2891.0000
631	0.6539	0.7499	0.9045	0.8432	0.3940	0.7075	34.1333	0.2457	2890.0000	1152.0000	0.3986	2892.0000
632	0.6553	0.7499	0.9046	0.8619	0.3864	0.7083	33.9333	0.2447	2887.0000	1143.0000	0.3959	2889.0000
633	0.6424	0.7499	0.9050	0.8529	0.3988	0.7006	34.0667	0.2601	2889.0000	1152.0000	0.3988	2891.0000
634	0.6494	0.7499	0.9047	0.8490	0.3974	0.7031	34.2000	0.2549	2895.0000	1169.0000	0.4038	2897.0000
635	0.6571	0.7499	0.9047	0.8534	0.3884	0.7126	34.1333	0.2472	2883.0000	1144.0000	0.3968	2885.0000
636	0.6482	0.7499	0.9049	0.8548	0.3862	0.7072	34.2000	0.2498	2892.0000	1153.0000	0.3987	2894.0000
637	0.6549	0.7499	0.9049	0.8577	0.3864	0.7069	34.0000	0.2531	2892.0000	1161.0000	0.4015	2894.0000
638	0.6392	0.7499	0.9051	0.8522	0.4046	0.7049	34.4667	0.2582	2882.0000	1155.0000	0.4008	2884.0000
639	0.6474	0.7499	0.9045	0.8533	0.3851	0.7028	34.2667	0.2528	2888.0000	1163.0000	0.4027	2890.0000
640	0.6466	0.7499	0.9051	0.8526	0.3617	0.6977	34.2667	0.2589	2890.0000	1161.0000	0.4017	2892.0000
641	0.6623	0.7499	0.9046	0.8634	0.3842	0.7166	34.0000	0.2425	2892.0000	1142.0000	0.3949	2894.0000
642	0.6381	0.7499	0.9048	0.8514	0.3717	0.6863	34.2667	0.2730	2888.0000	1188.0000	0.4114	2890.0000
643	0.6463	0.7499	0.9049	0.8569	0.3879	0.6927	33.9333	0.2662	2888.0000	1178.0000	0.4079	2890.0000
644	0.6513	0.7499	0.9051	0.8569	0.3904	0.7025	34.2667	0.2588	2901.0000	1174.0000	0.4047	2903.0000
645	0.6640	0.7499	0.9048	0.8511	0.3905	0.7194	34.0667	0.2367	2888.0000	1140.0000	0.3947	2890.0000
646	0.6485	0.7499	0.9049	0.8525	0.3936	0.7106	34.3333	0.2472	2885.0000	1136.0000	0.3938	2887.0000
647	0.6558	0.7499	0.9049	0.8528	0.3971	0.7100	34.2667	0.2484	2890.0000	1147.0000	0.3969	2892.0000
648	0.6499	0.7499	0.9048	0.8513	0.3939	0.7100	34.3333	0.2473	2882.0000	1139.0000	0.3952	2884.0000
649	0.6634	0.7499	0.9049	0.8533	0.3913	0.7170	34.2000	0.2399	2893.0000	1123.0000	0.3882	2895.0000
650	0.6462	0.7499	0.9050	0.8599	0.3878	0.6970	34.1333	0.2605	2891.0000	1164.0000	0.4026	2893.0000
651	0.6401	0.7499	0.9052	0.8474	0.3552	0.6931	34.2667	0.2647	2885.0000	1174.0000	0.4069	2887.0000
652	0.6514	0.7499	0.9049	0.8524	0.3979	0.7062	34.2667	0.2511	2898.0000	1154.0000	0.3982	2900.0000
653	0.6549	0.7499	0.9047	0.8641	0.4025	0.7130	34.0000	0.2480	2881.0000	1142.0000	0.3964	2883.0000
654	0.6479	0.7499	0.9051	0.8574	0.3718	0.7064	34.2667	0.2492	2885.0000	1143.0000	0.3962	2887.0000
655	0.6495	0.7499	0.9049	0.8558	0.4007	0.7061	33.8667	0.2526	2889.0000	1159.0000	0.4012	2891.0000
656	0.6531	0.7499	0.9046	0.8565	0.3831	0.7070	34.2667	0.2518	2889.0000	1153.0000	0.3991	2891.0000
657	0.6576	0.7499	0.9048	0.8591	0.3947	0.7109	34.0000	0.2487	2892.0000	1163.0000	0.4021	2894.0000
658	0.6514	0.7499	0.9048	0.8551	0.3905	0.7165	34.2000	0.2411	2893.0000	1139.0000	0.3937	2895.0000
659	0.6505	0.7499	0.9049	0.8512	0.3971	0.7175	34.2667	0.2440	2889.0000	1141.0000	0.3949	2891.0000
660	0.6485	0.7499	0.9050	0.8525	0.3912	0.7054	34.2000	0.2528	2883.0000	1149.0000	0.3985	2885.0000
661	0.6565	0.7499	0.9046	0.8523	0.4019	0.7102	34.1333	0.2458	2878.0000	1141.0000	0.3965	2880.0000
662	0.6501	0.7499	0.9051	0.8521	0.3922	0.7112	34.0667	0.2501	2887.0000	1147.0000	0.3973	2889.0000
663	0.6440	0.7499	0.9049	0.8510	0.3932	0.7081	34.1333	0.2525	2891.0000	1147.0000	0.3967	2893.0000
664	0.6432	0.7499	0.9047	0.8473	0.4023	0.6996	34.2667	0.2591	2886.0000	1158.0000	0.4012	2888.0000
665	0.6502	0.7499	0.9049	0.8647	0.3794	0.7139	34.0667	0.2450	2889.0000	1146.0000	0.3967	2891.0000
666	0.6501	0.7499	0.9049	0.8638	0.3785	0.6999	34.0667	0.2577	2884.0000	1163.0000	0.4033	2886.0000
667	0.6477	0.7499	0.9049	0.8537	0.4005	0.7087	33.9333	0.2492	2886.0000	1142.0000	0.3957	2888.0000
668	0.6454	0.7499	0.9047	0.8525	0.3917	0.6971	34.1333	0.2608	2875.0000	1172.0000	0.4077	2877.0000
669	0.6580	0.7499	0.9049	0.8631	0.3917	0.7177	34.2667	0.2414	2894.0000	1144.0000	0.3953	2896.0000
670	0.6448	0.7499	0.9048	0.8612	0.3913	0.7086	34.2667	0.2543	2892.0000	1149.0000	0.3973	2894.0000
671	0.6475	0.7499	0.9049	0.8535	0.3984	0.7060	34.2000	0.2530	2888.0000	1153.0000	0.3992	2890.0000
672	0.6461	0.7499	0.9051	0.8607	0.3868	0.7076	34.2000	0.2534	2886.0000	1158.0000	0.4012	2888.0000
673	0.6488	0.7499	0.9046	0.8483	0.3586	0.7009	34.2000	0.2561	2897.0000	1171.0000	0.4042	2899.0000
674	0.6590	0.7499	0.9049	0.8584	0.3975	0.7183	34.2000	0.2388	2888.0000	1138.0000	0.3940	2890.0000
675	0.6594	0.7499	0.9050	0.8543	0.3825	0.7183	33.9333	0.2412	2893.0000	1134.0000	0.3920	2895.0000
676	0.6438	0.7499	0.9050	0.8564	0.3996	0.7077	34.2000	0.2525	2883.0000	1146.0000	0.3975	2885.0000
677	0.6444	0.7499	0.9050	0.8551	0.3923	0.7034	34.0000	0.2571	2892.0000	1162.0000	0.4018	2894.0000
678	0.6523	0.7499	0.9050	0.8557	0.4048	0.7108	34.2667	0.2478	2883.0000	1125.0000	0.3902	2885.0000
679	0.6644	0.7499	0.9047	0.8564	0.3742	0.7177	33.8667	0.2398	2890.0000	1146.0000	0.3965	2892.0000
680	0.6527	0.7499	0.9049	0.8524	0.3800	0.7096	34.2000	0.2491	2890.0000	1152.0000	0.3986	2892.0000
681	0.6579	0.7499	0.9049	0.8576	0.3811	0.7181	34.1333	0.2386	2869.0000	1118.0000	0.3897	2871.0000
682	0.6635	0.7499	0.9046	0.8503	0.3688	0.7174	34.0000	0.2395	2884.0000	1139.0000	0.3949	2886.0000
683	0.6587	0.7499	0.9051	0.8555	0.3874	0.7093	34.2000	0.2487	2887.0000	1152.0000	0.3990	2889.0000
684	0.6539	0.7499	0.9050	0.8550	0.3745	0.7059	33.9333	0.2504	2886.0000	1151.0000	0.3988	2888.0000
685	0.6456	0.7499	0.9051	0.8584	0.3932	0.7049	34.1333	0.2553	2893.0000	1158.0000	0.4003	2895.0000
686	0.6514	0.7499	0.9049	0.8639	0.4022	0.7063	34.1333	0.2529	2897.0000	1152.0000	0.3977	2899.0000
687	0.6570	0.7499	0.9048	0.8632	0.3934	0.7164	34.2667	0.2441	2885.0000	1157.0000	0.4010	2887.0000
688	0.6533	0.7499	0.9051	0.8500	0.3962	0.7056	34.0667	0.2505	2883.0000	1161.0000	0.4027	2885.0000
689	0.6450	0.7499	0.9051	0.8521	0.3704	0.7024	34.3333	0.2539	2890.0000	1147.0000	0.3969	2892.0000
690	0.6516	0.7499	0.9048	0.8585	0.3898	0.7101	34.2000	0.2511	2890.0000	1148.0000	0.3972	2892.0000
691	0.6497	0.7499	0.9048	0.8578	0.3733	0.7023	34.2000	0.2568	2889.0000	1171.0000	0.4053	2891.0000
692	0.6432	0.7499	0.9044	0.8581	0.3858	0.7007	34.3333	0.2572	2883.0000	1172.0000	0.4065	2885.0000
693	0.6529	0.7499	0.9048	0.8560	0.3880	0.7134	33.9333	0.2446	2894.0000	1152.0000	0.3981	2896.0000
694	0.6573	0.7499	0.9048	0.8553	0.3940	0.7163	34.2000	0.2437	2890.0000	1149.0000	0.3976	2892.0000
695	0.6495	0.7499	0.9046	0.8518	0.4024	0.7114	33.9333	0.2460	2870.0000	1126.0000	0.3923	2872.0000
696	0.6468	0.7499	0.9051	0.8557	0.4036	0.7021	34.2000	0.2606	2889.0000	1163.0000	0.4026	2891.0000
697	0.6534	0.7499	0.9051	0.8513	0.3846	0.7080	34.2667	0.2494	2890.0000	1156.0000	0.4000	2892.0000
698	0.6563	0.7499	0.9045	0.8551	0.3725	0.7095	34.0000	0.2466	2890.0000	1148.0000	0.3972	2892.0000
699	0.6557	0.7499	0.9049	0.8602	0.4086	0.7135	34.1333	0.2484	2886.0000	1136.0000	0.3936	2888.0000
700	0.6650	0.7499	0.9048	0.8523	0.3605	0.7194	34.1333	0.2353	2889.0000	1140.0000	0.3946	2891.0000
701	0.6526	0.7499	0.9051	0.8533	0.4008	0.7099	34.2000	0.2509	2886.0000	1136.0000	0.3936	2888.0000
702	0.6556	0.7499	0.9051	0.8543	0.3947	0.7148	34.1333	0.2408	2881.0000	1129.0000	0.3919	2883.0000
703	0.6643	0.7499	0.9049	0.8534	0.3953	0.7146	34.0667	0.2438	2891.0000	1159.0000	0.4009	2893.0000
704	0.6597	0.7499	0.9049	0.8563	0.3841	0.7094	34.2667	0.2466	2891.0000	1169.0000	0.4044	2893.0000
705	0.6517	0.7499	0.9049	0.8583	0.3931	0.7054	34.0667	0.2543	2885.0000	1154.0000	0.4000	2887.0000
706	0.6598	0.7499	0.9037	0.8615	0.4030	0.7186	34.2667	0.2369	2887.0000	1137.0000	0.3938	2889.0000
707	0.6517	0.7499	0.9045	0.8533	0.3770	0.7043	34.4000	0.2518	2891.0000	1164.0000	0.4026	2893.0000
708	0.6615	0.7499	0.9049	0.8415	0.3922	0.7163	34.1333	0.2374	2888.0000	1137.0000	0.3937	2890.0000
709	0.6358	0.7499	0.9051	0.8623	0.3842	0.6895	34.2000	0.2664	2901.0000	1185.0000	0.4085	2903.0000
710	0.6576	0.7499	0.9051	0.8565	0.3705	0.7110	34.1333	0.2459	2897.0000	1148.0000	0.3963	2899.0000
711	0.6559	0.7499	0.9050	0.8588	0.3828	0.7040	34.0000	0.2558	2888.0000	1160.0000	0.4017	2890.0000
712	0.6549	0.7499	0.9048	0.8587	0.3996	0.7130	34.2667	0.2492	2888.0000	1152.0000	0.3989	2890.0000
713	0.6577	0.7499	0.9050	0.8515	0.3895	0.7185	34.1333	0.2415	2887.0000	1146.0000	0.3970	2889.0000
714	0.6515	0.7499	0.9050	0.8525	0.3993	0.7073	34.2000	0.2514	2888.0000	1151.0000	0.3985	2890.0000
715	0.6565	0.7499	0.9047	0.8546	0.3931	0.7050	34.3333	0.2520	2893.0000	1165.0000	0.4027	2895.0000
716	0.6431	0.7499	0.9049	0.8588	0.4069	0.7087	34.1333	0.2529	2892.0000	1137.0000	0.3932	2894.0000
717	0.6541	0.7499	0.9049	0.8584	0.3584	0.7076	34.3333	0.2521	2891.0000	1150.0000	0.3978	2893.0000
718	0.6502	0.7499	0.9046	0.8598	0.3835	0.7015	34.4000	0.2591	2892.0000	1170.0000	0.4046	2894.0000
719	0.6603	0.7499	0.9047	0.8567	0.3874	0.7207	34.1333	0.2363	2882.0000	1122.0000	0.3893	2884.0000
720	0.6503	0.7499	0.9050	0.8515	0.3857	0.7049	33.8667	0.2505	2890.0000	1155.0000	0.3997	2892.0000
721	0.6519	0.7499	0.9048	0.8546	0.3935	0.7125	34.2000	0.2436	2888.0000	1143.0000	0.3958	2890.0000
722	0.6436	0.7499	0.9049	0.8587	0.3822	0.7043	34.0000	0.2578	2890.0000	1147.0000	0.3969	2892.0000
723	0.6427	0.7499	0.9048	0.8592	0.3991	0.7054	34.4000	0.2561	2885.0000	1152.0000	0.3993	2887.0000
724	0.6574	0.7499	0.9047	0.8623	0.4048	0.7144	34.0667	0.2445	2883.0000	1128.0000	0.3913	2885.0000
725	0.6517	0.7499	0.9045	0.8525	0.3688	0.7036	34.0667	0.2530	2891.0000	1152.0000	0.3985	2893.0000
726	0.6452	0.7499	0.9047	0.8579	0.3758	0.7008	34.0000	0.2584	2871.0000	1163.0000	0.4051	2873.0000
727	0.6612	0.7499	0.9046	0.8582	0.3671	0.7208	34.1333	0.2330	2889.0000	1133.0000	0.3922	2891.0000
728	0.6543	0.7499	0.9050	0.8489	0.3921	0.7051	34.0667	0.2517	2880.0000	1158.0000	0.4021	2882.0000
729	0.6559	0.7499	0.9045	0.8566	0.3652	0.7129	34.0667	0.2449	2876.0000	1156.0000	0.4019	2878.0000
730	0.6500	0.7499	0.9052	0.8598	0.4053	0.7114	34.0667	0.2495	2886.0000	1139.0000	0.3947	2888.0000
731	0.6477	0.7499	0.9049	0.8537	0.3894	0.7024	34.0667	0.2547	2893.0000	1158.0000	0.4003	2895.0000
732	0.6520	0.7499	0.9049	0.8688	0.3987	0.7175	34.0667	0.2443	2890.0000	1134.0000	0.3924	2892.0000
733	0.6556	0.7499	0.9044	0.8564	0.4017	0.7122	34.1333	0.2484	2882.0000	1134.0000	0.3935	2884.0000
734	0.6572	0.7499	0.9049	0.8542	0.3983	0.7131	34.2000	0.2453	2877.0000	1137.0000	0.3952	2879.0000
735	0.6477	0.7499	0.9046	0.8487	0.3898	0.7026	34.0667	0.2563	2885.0000	1163.0000	0.4031	2887.0000
736	0.6608	0.7499	0.9044	0.8550	0.4034	0.7182	34.2000	0.2392	2896.0000	1146.0000	0.3957	2898.0000
737	0.6405	0.7499	0.9047	0.8589	0.3887	0.7040	34.0000	0.2559	2893.0000	1156.0000	0.3996	2895.0000
738	0.6510	0.7499	0.9047	0.8491	0.3839	0.7022	34.1333	0.2554	2891.0000	1151.0000	0.3981	2893.0000
739	0.6519	0.7499	0.9052	0.8584	0.3943	0.7040	34.1333	0.2522	2889.0000	1152.0000	0.3988	2891.0000
740	0.6539	0.7499	0.9047	0.8520	0.3849	0.7016	34.2000	0.2566	2876.0000	1162.0000	0.4040	2878.0000
741	0.6528	0.7499	0.9050	0.8616	0.3743	0.7124	34.3333	0.2477	2897.0000	1151.0000	0.3973	2899.0000
742	0.6401	0.7499	0.9052	0.8538	0.3910	0.7011	34.2667	0.2565	2872.0000	1159.0000	0.4036	2874.0000
743	0.6576	0.7499	0.9054	0.8485	0.3930	0.7160	34.1333	0.2429	2888.0000	1140.0000	0.3947	2890.0000
744	0.6618	0.7499	0.9050	0.8613	0.3851	0.7217	34.4667	0.2366	2888.0000	1127.0000	0.3902	2890.0000
745	0.6521	0.7499	0.9051	0.8594	0.3903	0.7043	34.0667	0.2525	2894.0000	1169.0000	0.4039	2896.0000
746	0.6538	0.7499	0.9050	0.8542	0.3984	0.7175	34.0667	0.2415	2893.0000	1154.0000	0.3989	2895.0000
747	0.6448	0.7499	0.9051	0.8521	0.3789	0.7004	34.2667	0.2563	2892.0000	1179.0000	0.4077	2894.0000
748	0.6544	0.7499	0.9050	0.8567	0.3951	0.7184	34.0667	0.2391	2895.0000	1139.0000	0.3934	2897.0000
749	0.6611	0.7499	0.9049	0.8606	0.3920	0.7183	34.2000	0.2381	2883.0000	1133.0000	0.3930	2885.0000
750	0.6588	0.7499	0.9049	0.8537	0.3937	0.7072	34.3333	0.2480	2885.0000	1159.0000	0.4017	2887.0000
751	0.6543	0.7499	0.9042	0.8519	0.3970	0.7065	33.7333	0.2503	2878.0000	1159.0000	0.4027	2880.0000
752	0.6551	0.7499	0.9048	0.8463	0.3894	0.7057	33.9333	0.2517	2891.0000	1151.0000	0.3981	2893.0000
753	0.6527	0.7499	0.9051	0.8542	0.3877	0.7083	34.2000	0.2496	2886.0000	1148.0000	0.3978	2888.0000
754	0.6675	0.7499	0.9051	0.8514	0.3939	0.7158	34.2667	0.2385	2891.0000	1154.0000	0.3992	2893.0000
755	0.6473	0.7499	0.9051	0.8527	0.3808	0.6995	34.2000	0.2571	2888.0000	1161.0000	0.4020	2890.0000
756	0.6583	0.7499	0.9046	0.8600	0.4002	0.7190	34.2000	0.2410	2883.0000	1133.0000	0.3930	2885.0000
757	0.6533	0.7499	0.9047	0.8579	0.3840	0.7127	34.2667	0.2458	2895.0000	1146.0000	0.3959	2897.0000
758	0.6450	0.7499	0.9050	0.8609	0.3888	0.7092	34.2667	0.2514	2894.0000	1141.0000	0.3943	2896.0000
759	0.6481	0.7499	0.9052	0.8472	0.3803	0.6995	34.2667	0.2594	2886.0000	1170.0000	0.4054	2888.0000
760	0.6495	0.7499	0.9045	0.8576	0.3667	0.7060	33.9333	0.2519	2885.0000	1155.0000	0.4003	2887.0000
761	0.6493	0.7499	0.9049	0.8697	0.4064	0.7136	34.2667	0.2503	2894.0000	1123.0000	0.3880	2896.0000
762	0.6523	0.7499	0.9047	0.8496	0.3974	0.7071	34.1333	0.2494	2888.0000	1158.0000	0.4010	2890.0000
763	0.6555	0.7499	0.9044	0.8525	0.3925	0.7159	33.8667	0.2391	2889.0000	1135.0000	0.3929	2891.0000
764	0.6419	0.7499	0.9051	0.8559	0.3927	0.7001	34.4000	0.2599	2892.0000	1158.0000	0.4004	2894.0000
765	0.6559	0.7499	0.9050	0.8546	0.3941	0.7159	34.3333	0.2440	2894.0000	1145.0000	0.3956	2896.0000
766	0.6546	0.7499	0.9050	0.8536	0.3892	0.7138	34.2667	0.2461	2885.0000	1149.0000	0.3983	2887.0000
767	0.6595	0.7499	0.9051	0.8535	0.4036	0.7152	34.2667	0.2446	2893.0000	1152.0000	0.3982	2895.0000
768	0.6601	0.7499	0.9048	0.8606	0.3723	0.7120	34.1333	0.2462	2888.0000	1154.0000	0.3996	2890.0000
769	0.6511	0.7499	0.9044	0.8507	0.3850	0.7071	34.3333	0.2461	2891.0000	1155.0000	0.3995	2893.0000
770	0.6529	0.7499	0.9049	0.8575	0.3904	0.7084	34.2667	0.2516	2895.0000	1169.0000	0.4038	2897.0000
771	0.6504	0.7499	0.9050	0.8600	0.3914	0.7030	34.0667	0.2577	2878.0000	1171.0000	0.4069	2880.0000
772	0.6520	0.7499	0.9048	0.8536	0.3769	0.7070	34.2000	0.2541	2891.0000	1166.0000	0.4033	2893.0000
773	0.6552	0.7499	0.9052	0.8476	0.3899	0.7122	34.2667	0.2460	2879.0000	1139.0000	0.3956	2881.0000
774	0.6451	0.7499	0.9048	0.8530	0.3867	0.6985	34.2000	0.2584	2887.0000	1151.0000	0.3987	2889.0000
775	0.6560	0.7499	0.9049	0.8498	0.3701	0.7113	34.0000	0.2441	2896.0000	1143.0000	0.3947	2898.0000
776	0.6623	0.7499	0.9044	0.8560	0.4010	0.7168	34.2667	0.2411	2885.0000	1157.0000	0.4010	2887.0000
777	0.6498	0.7499	0.9051	0.8515	0.3797	0.7015	34.3333	0.2573	2884.0000	1179.0000	0.4088	2886.0000
778	0.6472	0.7499	0.9049	0.8561	0.3936	0.7046	34.2667	0.2554	2900.0000	1156.0000	0.3986	2902.0000
779	0.6616	0.7499	0.9049	0.8520	0.3912	0.7160	34.2000	0.2407	2891.0000	1151.0000	0.3981	2893.0000
780	0.6458	0.7499	0.9049	0.8621	0.3797	0.7010	34.1333	0.2560	2882.0000	1175.0000	0.4077	2884.0000
781	0.6426	0.7499	0.9050	0.8504	0.3975	0.6948	34.2000	0.2648	2883.0000	1177.0000	0.4083	2885.0000
782	0.6586	0.7499	0.9048	0.8478	0.4001	0.7106	34.1333	0.2436	2886.0000	1145.0000	0.3967	2888.0000
783	0.6574	0.7499	0.9047	0.8503	0.3937	0.7075	34.2667	0.2490	2890.0000	1144.0000	0.3958	2892.0000
784	0.6479	0.7499	0.9053	0.8520	0.4050	0.7041	34.2667	0.2552	2900.0000	1148.0000	0.3959	2902.0000
785	0.6503	0.7499	0.9049	0.8545	0.3947	0.7033	34.0667	0.2560	2877.0000	1155.0000	0.4015	2879.0000
786	0.6448	0.7499	0.9050	0.8501	0.3837	0.6989	34.0000	0.2567	2887.0000	1164.0000	0.4032	2889.0000
787	0.6468	0.7499	0.9049	0.8502	0.3803	0.7045	34.1333	0.2555	2897.0000	1156.0000	0.3990	2899.0000
788	0.6571	0.7499	0.9048	0.8502	0.3897	0.7070	34.2000	0.2487	2892.0000	1159.0000	0.4008	2894.0000
789	0.6550	0.7499	0.9047	0.8615	0.3919	0.7242	34.0667	0.2362	2894.0000	1136.0000	0.3925	2896.0000
790	0.6575	0.7499	0.9050	0.8588	0.3989	0.7143	34.3333	0.2438	2884.0000	1143.0000	0.3963	2886.0000
791	0.6523	0.7499	0.9049	0.8562	0.3790	0.7141	34.0667	0.2418	2890.0000	1136.0000	0.3931	2892.0000
792	0.6526	0.7499	0.9047	0.8554	0.4029	0.7054	34.2000	0.2522	2887.0000	1155.0000	0.4001	2889.0000
793	0.6576	0.7499	0.9051	0.8490	0.3590	0.7103	34.2667	0.2475	2890.0000	1155.0000	0.3997	2892.0000
794	0.6567	0.7499	0.9049	0.8551	0.3836	0.7184	34.0667	0.2418	2900.0000	1141.0000	0.3934	2902.0000
795	0.6633	0.7499	0.9050	0.8547	0.3972	0.7153	34.2000	0.2451	2888.0000	1145.0000	0.3965	2890.0000
796	0.6510	0.7499	0.9050	0.8543	0.3812	0.7033	34.2667	0.2552	2887.0000	1173.0000	0.4063	2889.0000
797	0.6581	0.7499	0.9046	0.8487	0.3989	0.7148	34.2667	0.2430	2887.0000	1152.0000	0.3990	2889.0000
798	0.6499	0.7499	0.9046	0.8548	0.3924	0.7061	34.1333	0.2520	2883.0000	1157.0000	0.4013	2885.0000
799	0.6465	0.7499	0.9046	0.8526	0.3917	0.7094	34.2000	0.2494	2887.0000	1136.0000	0.3935	2889.0000
800	0.6564	0.7499	0.9049	0.8561	0.3966	0.7075	34.2000	0.2505	2889.0000	1155.0000	0.3998	2891.0000
801	0.6499	0.7499	0.9048	0.8557	0.3806	0.7061	34.1333	0.2508	2881.0000	1168.0000	0.4054	2883.0000
802	0.6569	0.7499	0.9049	0.8520	0.3907	0.7165	34.2667	0.2411	2896.0000	1130.0000	0.3902	2898.0000
803	0.6459	0.7499	0.9047	0.8501	0.3947	0.6987	34.2000	0.2597	2879.0000	1157.0000	0.4019	2881.0000
804	0.6531	0.7499	0.9046	0.8501	0.3679	0.7021	34.2667	0.2512	2877.0000	1161.0000	0.4035	2879.0000
805	0.6560	0.7499	0.9051	0.8619	0.3846	0.7112	34.0000	0.2480	2891.0000	1153.0000	0.3988	2893.0000
806	0.6404	0.7499	0.9051	0.8510	0.3763	0.6975	33.9333	0.2630	2883.0000	1168.0000	0.4051	2885.0000
807	0.6437	0.7499	0.9047	0.8613	0.3894	0.7041	34.2667	0.2571	2890.0000	1160.0000	0.4014	2892.0000
808	0.6505	0.7499	0.9048	0.8628	0.3881	0.7068	34.2667	0.2510	2884.0000	1148.0000	0.3981	2886.0000
809	0.6570	0.7499	0.9046	0.8462	0.3954	0.7156	34.3333	0.2410	2882.0000	1142.0000	0.3963	2884.0000
810	0.6539	0.7499	0.9053	0.8560	0.3970	0.7089	33.8667	0.2498	2884.0000	1141.0000	0.3956	2886.0000
811	0.6508	0.7499	0.9048	0.8568	0.3633	0.7030	34.2667	0.2541	2883.0000	1169.0000	0.4055	2885.0000
812	0.6584	0.7499	0.9048	0.8536	0.3615	0.7121	34.0667	0.2459	2887.0000	1145.0000	0.3966	2889.0000
813	0.6474	0.7499	0.9048	0.8508	0.3796	0.7020	34.2667	0.2561	2889.0000	1178.0000	0.4078	2891.0000
814	0.6493	0.7499	0.9049	0.8557	0.3942	0.7042	34.2667	0.2539	2890.0000	1168.0000	0.4042	2892.0000
815	0.6526	0.7499	0.9053	0.8613	0.3881	0.7057	34.1333	0.2535	2886.0000	1156.0000	0.4006	2888.0000
816	0.6556	0.7499	0.9050	0.8572	0.3952	0.7110	34.2667	0.2454	2881.0000	1143.0000	0.3967	2883.0000
817	0.6540	0.7499	0.9049	0.8594	0.3750	0.7086	34.2667	0.2495	2879.0000	1150.0000	0.3994	2881.0000
818	0.6583	0.7499	0.9050	0.8527	0.3966	0.7134	34.0667	0.2439	2893.0000	1140.0000	0.3941	2895.0000
819	0.6532	0.7499	0.9049	0.8514	0.3828	0.7107	34.1333	0.2479	2893.0000	1155.0000	0.3992	2895.0000
820	0.6651	0.7499	0.9049	0.8537	0.3774	0.7146	34.2667	0.2413	2892.0000	1148.0000	0.3970	2894.0000
821	0.6405	0.7499	0.9045	0.8511	0.3926	0.6949	34.1333	0.2637	2885.0000	1159.0000	0.4017	2887.0000
822	0.6442	0.7499	0.9050	0.8581	0.4138	0.7041	34.0667	0.2586	2891.0000	1142.0000	0.3950	2893.0000
823	0.6529	0.7499	0.9047	0.8548	0.3921	0.7089	34.2000	0.2465	2878.0000	1148.0000	0.3989	2880.0000
824	0.6553	0.7499	0.9048	0.8526	0.3902	0.7091	34.0667	0.2488	2886.0000	1145.0000	0.3967	2888.0000
825	0.6567	0.7499	0.9048	0.8583	0.3916	0.7147	34.0667	0.2424	2895.0000	1135.0000	0.3921	2897.0000
826	0.6591	0.7499	0.9052	0.8566	0.3984	0.7194	34.1333	0.2407	2883.0000	1132.0000	0.3926	2885.0000
827	0.6557	0.7499	0.9048	0.8666	0.3926	0.7129	34.3333	0.2482	2882.0000	1137.0000	0.3945	2884.0000
828	0.6464	0.7499	0.9045	0.8576	0.3903	0.7097	34.4000	0.2520	2891.0000	1163.0000	0.4023	2893.0000
829	0.6403	0.7499	0.9050	0.8556	0.3856	0.6944	34.2000	0.2682	2882.0000	1170.0000	0.4060	2884.0000
830	0.6398	0.7499	0.9050	0.8547	0.3635	0.6956	33.8667	0.2647	2887.0000	1171.0000	0.4056	2889.0000
831	0.6457	0.7499	0.9050	0.8528	0.3825	0.7002	34.2000	0.2572	2887.0000	1165.0000	0.4035	2889.0000
832	0.6668	0.7499	0.9046	0.8545	0.4010	0.7257	33.8667	0.2298	2877.0000	1121.0000	0.3896	2879.0000
833	0.6488	0.7499	0.9049	0.8563	0.3814	0.7118	34.1333	0.2455	2892.0000	1158.0000	0.4004	2894.0000
834	0.6513	0.7499	0.9051	0.8528	0.3913	0.7063	34.3333	0.2507	2881.0000	1153.0000	0.4002	2883.0000
835	0.6544	0.7499	0.9050	0.8524	0.3718	0.7057	34.2000	0.2494	2890.0000	1154.0000	0.3993	2892.0000
836	0.6540	0.7499	0.9047	0.8547	0.3875	0.7064	34.1333	0.2528	2887.0000	1173.0000	0.4063	2889.0000
837	0.6512	0.7499	0.9048	0.8600	0.3896	0.7171	34.1333	0.2437	2892.0000	1135.0000	0.3925	2894.0000
838	0.6502	0.7499	0.9049	0.8477	0.3791	0.7030	34.4000	0.2536	2892.0000	1169.0000	0.4042	2894.0000
839	0.6635	0.7499	0.9047	0.8558	0.3811	0.7144	34.0000	0.2437	2875.0000	1146.0000	0.3986	2877.0000
840	0.6498	0.7499	0.9051	0.8567	0.3586	0.7007	33.8667	0.2545	2895.0000	1155.0000	0.3990	2897.0000
841	0.6475	0.7499	0.9049	0.8538	0.3861	0.7070	34.2000	0.2530	2898.0000	1155.0000	0.3986	2900.0000
842	0.6564	0.7499	0.9049	0.8572	0.3938	0.7173	34.1333	0.2421	2888.0000	1140.0000	0.3947	2890.0000
843	0.6492	0.7499	0.9048	0.8476	0.3807	0.7078	33.9333	0.2525	2888.0000	1142.0000	0.3954	2890.0000
844	0.6496	0.7499	0.9048	0.8486	0.3895	0.7062	34.2000	0.2523	2893.0000	1155.0000	0.3992	2895.0000
845	0.6571	0.7499	0.9048	0.8537	0.3921	0.7246	34.0667	0.2370	2897.0000	1132.0000	0.3907	2899.0000
846	0.6540	0.7499	0.9048	0.8630	0.3864	0.7068	34.1333	0.2520	2877.0000	1143.0000	0.3973	2879.0000
847	0.6465	0.7499	0.9047	0.8572	0.4045	0.6995	34.3333	0.2574	2895.0000	1154.0000	0.3986	2897.0000
848	0.6537	0.7499	0.9052	0.8582	0.3960	0.7114	34.3333	0.2509	2882.0000	1146.0000	0.3976	2884.0000
849	0.6435	0.7499	0.9053	0.8599	0.3684	0.6966	34.3333	0.2645	2894.0000	1174.0000	0.4057	2896.0000
850	0.6477	0.7499	0.9050	0.8555	0.3829	0.7006	34.1333	0.2570	2890.0000	1168.0000	0.4042	2892.0000
851	0.6496	0.7499	0.9048	0.8521	0.3540	0.7091	34.0000	0.2505	2891.0000	1149.0000	0.3974	2893.0000
852	0.6529	0.7499	0.9048	0.8505	0.3977	0.7048	34.2000	0.2512	2899.0000	1160.0000	0.4001	2901.0000
853	0.6555	0.7499	0.9046	0.8548	0.4007	0.7083	34.0000	0.2493	2894.0000	1155.0000	0.3991	2896.0000
854	0.6518	0.7499	0.9051	0.8564	0.3733	0.7072	34.0667	0.2527	2894.0000	1146.0000	0.3960	2896.0000
855	0.6513	0.7499	0.9048	0.8529	0.3934	0.7096	34.0000	0.2493	2897.0000	1147.0000	0.3959	2899.0000
856	0.6548	0.7499	0.9046	0.8516	0.3786	0.7108	34.2000	0.2474	2890.0000	1159.0000	0.4010	2892.0000
857	0.6578	0.7499	0.9049	0.8493	0.3787	0.7167	34.0667	0.2391	2886.0000	1138.0000	0.3943	2888.0000
858	0.6493	0.7499	0.9052	0.8598	0.3657	0.7022	34.3333	0.2578	2891.0000	1175.0000	0.4064	2893.0000
859	0.6635	0.7499	0.9043	0.8585	0.4047	0.7187	34.2000	0.2391	2895.0000	1132.0000	0.3910	2897.0000
860	0.6561	0.7499	0.9045	0.8537	0.3917	0.7112	33.9333	0.2482	2885.0000	1172.0000	0.4062	2887.0000
861	0.6501	0.7499	0.9051	0.8572	0.3832	0.6998	34.4000	0.2590	2887.0000	1173.0000	0.4063	2889.0000
862	0.6565	0.7499	0.9047	0.8518	0.3999	0.7098	34.3333	0.2512	2889.0000	1151.0000	0.3984	2891.0000
863	0.6502	0.7499	0.9047	0.8567	0.3889	0.7051	34.3333	0.2522	2886.0000	1154.0000	0.3999	2888.0000
864	0.6525	0.7499	0.9050	0.8608	0.3930	0.7042	34.0667	0.2555	2886.0000	1150.0000	0.3985	2888.0000
865	0.6516	0.7499	0.9048	0.8575	0.3929	0.7066	34.1333	0.2518	2890.0000	1159.0000	0.4010	2892.0000
866	0.6610	0.7499	0.9048	0.8533	0.3891	0.7116	34.2667	0.2472	2892.0000	1159.0000	0.4008	2894.0000
867	0.6537	0.7499	0.9046	0.8526	0.3967	0.7103	34.2667	0.2499	2888.0000	1146.0000	0.3968	2890.0000
868	0.6475	0.7499	0.9046	0.8581	0.4042	0.7071	34.2000	0.2544	2895.0000	1150.0000	0.3972	2897.0000
869	0.6415	0.7499	0.9047	0.8468	0.3689	0.6954	34.1333	0.2632	2879.0000	1180.0000	0.4099	2881.0000
870	0.6518	0.7499	0.9050	0.8518	0.3951	0.7056	34.1333	0.2506	2895.0000	1166.0000	0.4028	2897.0000
871	0.6564	0.7499	0.9047	0.8518	0.4019	0.7201	34.1333	0.2343	2893.0000	1130.0000	0.3906	2895.0000
872	0.6545	0.7499	0.9049	0.8514	0.3879	0.7052	34.2667	0.2512	2896.0000	1164.0000	0.4019	2898.0000
873	0.6559	0.7499	0.9042	0.8484	0.3930	0.7131	34.0000	0.2451	2884.0000	1145.0000	0.3970	2886.0000
874	0.6463	0.7499	0.9048	0.8482	0.3814	0.6985	34.2667	0.2558	2880.0000	1172.0000	0.4069	2882.0000
875	0.6480	0.7499	0.9049	0.8504	0.3913	0.7035	34.0667	0.2514	2897.0000	1160.0000	0.4004	2899.0000
876	0.6601	0.7499	0.9049	0.8519	0.3707	0.7088	34.2000	0.2485	2892.0000	1163.0000	0.4021	2894.0000
877	0.6564	0.7499	0.9049	0.8561	0.3733	0.7095	34.2667	0.2497	2895.0000	1161.0000	0.4010	2897.0000
878	0.6556	0.7499	0.9048	0.8658	0.3949	0.7108	34.0667	0.2465	2896.0000	1143.0000	0.3947	2898.0000
879	0.6634	0.7499	0.9048	0.8533	0.3902	0.7146	34.3333	0.2415	2885.0000	1145.0000	0.3969	2887.0000
880	0.6582	0.7499	0.9050	0.8575	0.3820	0.7127	34.2000	0.2452	2889.0000	1149.0000	0.3977	2891.0000
881	0.6556	0.7499	0.9049	0.8504	0.3898	0.7154	34.2000	0.2436	2876.0000	1142.0000	0.3971	2878.0000
882	0.6509	0.7499	0.9046	0.8558	0.4002	0.7066	34.3333	0.2507	2884.0000	1163.0000	0.4033	2886.0000
883	0.6595	0.7499	0.9048	0.8579	0.3986	0.7160	34.2000	0.2400	2883.0000	1130.0000	0.3920	2885.0000
884	0.6461	0.7499	0.9044	0.8583	0.3939	0.7086	34.1333	0.2520	2885.0000	1141.0000	0.3955	2887.0000
885	0.6554	0.7499	0.9050	0.8595	0.3703	0.7107	34.2000	0.2488	2880.0000	1148.0000	0.3986	2882.0000
886	0.6561	0.7499	0.9044	0.8543	0.3781	0.7106	34.1333	0.2462	2892.0000	1156.0000	0.3997	2894.0000
887	0.6573	0.7499	0.9052	0.8669	0.3946	0.7171	34.0000	0.2435	2898.0000	1141.0000	0.3937	2900.0000
888	0.6539	0.7499	0.9049	0.8531	0.3962	0.7077	34.0000	0.2510	2888.0000	1151.0000	0.3985	2890.0000
889	0.6570	0.7499	0.9049	0.8542	0.3841	0.7124	34.2000	0.2440	2890.0000	1163.0000	0.4024	2892.0000
890	0.6619	0.7499	0.9049	0.8566	0.3840	0.7189	34.2667	0.2384	2888.0000	1135.0000	0.3930	2890.0000
891	0.6613	0.7499	0.9048	0.8611	0.3939	0.7122	34.4000	0.2491	2877.0000	1152.0000	0.4004	2879.0000
892	0.6469	0.7499	0.9046	0.8576	0.3955	0.6990	34.0667	0.2591	2888.0000	1162.0000	0.4024	2890.0000
893	0.6586	0.7499	0.9047	0.8481	0.4005	0.7154	34.2667	0.2395	2885.0000	1137.0000	0.3941	2887.0000
894	0.6606	0.7499	0.9045	0.8622	0.3872	0.7199	34.2000	0.2361	2882.0000	1126.0000	0.3907	2884.0000
895	0.6543	0.7499	0.9049	0.8488	0.3779	0.7086	34.0667	0.2474	2883.0000	1144.0000	0.3968	2885.0000
896	0.6578	0.7499	0.9052	0.8584	0.3926	0.7175	34.2000	0.2410	2893.0000	1131.0000	0.3909	2895.0000
897	0.6559	0.7499	0.9051	0.8519	0.3919	0.7124	34.0667	0.2457	2884.0000	1155.0000	0.4005	2886.0000
898	0.6435	0.7499	0.9050	0.8492	0.3870	0.6957	34.0667	0.2639	2894.0000	1175.0000	0.4060	2896.0000
899	0.6494	0.7499	0.9051	0.8545	0.3979	0.7095	34.0667	0.2498	2875.0000	1144.0000	0.3979	2877.0000
900	0.6527	0.7499	0.9048	0.8628	0.4009	0.7171	34.0667	0.2469	2888.0000	1137.0000	0.3937	2890.0000
901	0.6414	0.7499	0.9052	0.8543	0.3883	0.6919	34.2000	0.2689	2893.0000	1184.0000	0.4093	2895.0000
902	0.6546	0.7499	0.9048	0.8551	0.3948	0.7184	34.0667	0.2435	2894.0000	1138.0000	0.3932	2896.0000
903	0.6460	0.7499	0.9049	0.8539	0.3869	0.7062	34.3333	0.2537	2891.0000	1160.0000	0.4012	2893.0000
904	0.6479	0.7499	0.9050	0.8575	0.3714	0.6948	34.2000	0.2643	2894.0000	1183.0000	0.4088	2896.0000
905	0.6557	0.7499	0.9045	0.8506	0.3809	0.7082	34.2000	0.2502	2895.0000	1151.0000	0.3976	2897.0000
906	0.6519	0.7499	0.9046	0.8494	0.3772	0.7044	34.4000	0.2526	2883.0000	1161.0000	0.4027	2885.0000
907	0.6443	0.7499	0.9046	0.8581	0.3985	0.7005	34.2667	0.2587	2888.0000	1156.0000	0.4003	2890.0000
908	0.6511	0.7499	0.9050	0.8640	0.3915	0.7062	34.2000	0.2559	2886.0000	1148.0000	0.3978	2888.0000
909	0.6618	0.7499	0.9045	0.8481	0.3846	0.7091	34.3333	0.2448	2894.0000	1150.0000	0.3974	2896.0000
910	0.6470	0.7499	0.9051	0.8528	0.3933	0.7062	34.2000	0.2523	2882.0000	1150.0000	0.3990	2884.0000
911	0.6499	0.7499	0.9049	0.8556	0.3875	0.7108	34.2000	0.2485	2886.0000	1139.0000	0.3947	2888.0000
912	0.6478	0.7499	0.9045	0.8619	0.3764	0.7132	34.2667	0.2476	2895.0000	1154.0000	0.3986	2897.0000
913	0.6569	0.7499	0.9049	0.8532	0.3959	0.7182	34.1333	0.2380	2884.0000	1122.0000	0.3890	2886.0000
914	0.6484	0.7499	0.9051	0.8555	0.3819	0.7060	34.4000	0.2538	2887.0000	1158.0000	0.4011	2889.0000
915	0.6666	0.7499	0.9051	0.8548	0.3913	0.7200	34.1333	0.2423	2895.0000	1153.0000	0.3983	2897.0000
916	0.6467	0.7499	0.9050	0.8503	0.3618	0.6999	33.9333	0.2571	2886.0000	1168.0000	0.4047	2888.0000
917	0.6482	0.7499	0.9048	0.8529	0.3978	0.7030	34.1333	0.2532	2884.0000	1151.0000	0.3991	2886.0000
918	0.6511	0.7499	0.9048	0.8575	0.3994	0.7127	34.0667	0.2448	2885.0000	1145.0000	0.3969	2887.0000
919	0.6588	0.7499	0.9045	0.8575	0.3909	0.7191	34.2667	0.2412	2889.0000	1128.0000	0.3904	2891.0000
920	0.6536	0.7499	0.9045	0.8522	0.3772	0.6985	34.2667	0.2597	2883.0000	1179.0000	0.4089	2885.0000
921	0.6517	0.7499	0.9049	0.8597	0.3951	0.7078	34.2000	0.2517	2892.0000	1164.0000	0.4025	2894.0000
922	0.6460	0.7499	0.9047	0.8585	0.3791	0.6975	34.2667	0.2633	2894.0000	1183.0000	0.4088	2896.0000
923	0.6600	0.7499	0.9050	0.8552	0.3901	0.7145	34.2000	0.2445	2887.0000	1145.0000	0.3966	2889.0000
924	0.6449	0.7499	0.9051	0.8559	0.3934	0.7062	34.2000	0.2544	2886.0000	1152.0000	0.3992	2888.0000
925	0.6515	0.7499	0.9051	0.8539	0.3779	0.7104	34.3333	0.2463	2882.0000	1152.0000	0.3997	2884.0000
926	0.6485	0.7499	0.9051	0.8558	0.3590	0.7008	34.2000	0.2554	2894.0000	1163.0000	0.4019	2896.0000
927	0.6480	0.7499	0.9049	0.8577	0.3859	0.6963	34.0000	0.2630	2886.0000	1165.0000	0.4037	2888.0000
928	0.6522	0.7499	0.9048	0.8636	0.3735	0.7161	34.2000	0.2388	2893.0000	1128.0000	0.3899	2895.0000
929	0.6477	0.7499	0.9050	0.8621	0.3869	0.7042	34.1333	0.2550	2889.0000	1155.0000	0.3998	2891.0000
930	0.6380	0.7499	0.9048	0.8531	0.3950	0.6931	34.1333	0.2641	2889.0000	1172.0000	0.4057	2891.0000
931	0.6485	0.7499	0.9050	0.8505	0.3983	0.7114	34.1333	0.2471	2890.0000	1124.0000	0.3889	2892.0000
932	0.6486	0.7499	0.9051	0.8507	0.3888	0.7091	34.2667	0.2492	2872.0000	1154.0000	0.4018	2874.0000
933	0.6512	0.7499	0.9048	0.8553	0.3989	0.7140	34.1333	0.2461	2873.0000	1149.0000	0.3999	2875.0000
934	0.6545	0.7499	0.9050	0.8528	0.3570	0.7097	34.2667	0.2489	2880.0000	1147.0000	0.3983	2882.0000
935	0.6571	0.7499	0.9047	0.8570	0.4008	0.7190	34.1333	0.2401	2897.0000	1142.0000	0.3942	2899.0000
936	0.6493	0.7499	0.9042	0.8498	0.3903	0.7003	34.2000	0.2600	2877.0000	1166.0000	0.4053	2879.0000
937	0.6527	0.7499	0.9046	0.8562	0.3825	0.7174	34.2000	0.2430	2895.0000	1131.0000	0.3907	2897.0000
938	0.6546	0.7499	0.9048	0.8588	0.3976	0.7139	34.2667	0.2459	2902.0000	1155.0000	0.3980	2904.0000
939	0.6583	0.7499	0.9045	0.8558	0.3774	0.7091	34.2667	0.2498	2882.0000	1153.0000	0.4001	2884.0000
940	0.6578	0.7499	0.9050	0.8533	0.3883	0.7197	34.3333	0.2365	2889.0000	1130.0000	0.3911	2891.0000
941	0.6543	0.7499	0.9047	0.8562	0.3871	0.7037	34.2000	0.2527	2885.0000	1147.0000	0.3976	2887.0000
942	0.6467	0.7499	0.9046	0.8543	0.3555	0.7033	34.1333	0.2521	2886.0000	1162.0000	0.4026	2888.0000
943	0.6541	0.7499	0.9046	0.8644	0.3961	0.7033	34.3333	0.2571	2896.0000	1161.0000	0.4009	2898.0000
944	0.6599	0.7499	0.9049	0.8648	0.3874	0.7132	34.2000	0.2448	2890.0000	1137.0000	0.3934	2892.0000
945	0.6495	0.7499	0.9050	0.8557	0.3900	0.7072	34.2000	0.2529	2882.0000	1144.0000	0.3969	2884.0000
946	0.6451	0.7499	0.9050	0.8607	0.3743	0.7048	34.1333	0.2553	2888.0000	1159.0000	0.4013	2890.0000
947	0.6591	0.7499	0.9047	0.8536	0.3795	0.7195	34.2667	0.2373	2890.0000	1136.0000	0.3931	2892.0000
948	0.6568	0.7499	0.9048	0.8581	0.4019	0.7191	34.3333	0.2406	2887.0000	1139.0000	0.3945	2889.0000
949	0.6507	0.7499	0.9048	0.8571	0.4035	0.7113	34.0667	0.2506	2884.0000	1154.0000	0.4001	2886.0000
950	0.6558	0.7499	0.9050	0.8534	0.3987	0.7086	34.1333	0.2506	2880.0000	1163.0000	0.4038	2882.0000
951	0.6471	0.7499	0.9052	0.8530	0.3916	0.7051	33.9333	0.2569	2880.0000	1159.0000	0.4024	2882.0000
952	0.6502	0.7499	0.9047	0.8518	0.4036	0.7001	34.1333	0.2578	2886.0000	1149.0000	0.3981	2888.0000
953	0.6495	0.7499	0.9050	0.8562	0.3900	0.7066	34.4000	0.2494	2884.0000	1160.0000	0.4022	2886.0000
954	0.6526	0.7499	0.9050	0.8558	0.3774	0.6994	34.4667	0.2557	2891.0000	1160.0000	0.4012	2893.0000
955	0.6473	0.7499	0.9051	0.8495	0.3921	0.6979	34.4000	0.2586	2890.0000	1174.0000	0.4062	2892.0000
956	0.6598	0.7499	0.9045	0.8485	0.3757	0.7070	34.2667	0.2526	2888.0000	1165.0000	0.4034	2890.0000
957	0.6531	0.7499	0.9049	0.8497	0.3936	0.7085	34.0000	0.2518	2892.0000	1157.0000	0.4001	2894.0000
958	0.6488	0.7499	0.9047	0.8528	0.3814	0.7028	34.2000	0.2569	2877.0000	1154.0000	0.4011	2879.0000
959	0.6663	0.7499	0.9049	0.8549	0.3743	0.7235	34.0667	0.2327	2889.0000	1135.0000	0.3929	2891.0000
960	0.6641	0.7499	0.9050	0.8534	0.3886	0.7230	34.0667	0.2322	2882.0000	1122.0000	0.3893	2884.0000
961	0.6538	0.7499	0.9045	0.8591	0.3930	0.7105	34.2000	0.2505	2886.0000	1146.0000	0.3971	2888.0000
962	0.6556	0.7499	0.9048	0.8528	0.3876	0.7155	33.9333	0.2428	2891.0000	1141.0000	0.3947	2893.0000
963	0.6602	0.7499	0.9049	0.8615	0.3782	0.7203	34.2000	0.2391	2889.0000	1128.0000	0.3904	2891.0000
964	0.6550	0.7499	0.9047	0.8517	0.3889	0.7029	34.2667	0.2574	2876.0000	1162.0000	0.4040	2878.0000
965	0.6590	0.7499	0.9051	0.8567	0.3518	0.7143	34.0667	0.2439	2896.0000	1160.0000	0.4006	2898.0000
966	0.6479	0.7499	0.9048	0.8578	0.3788	0.7120	34.2667	0.2469	2890.0000	1141.0000	0.3948	2892.0000
967	0.6501	0.7499	0.9045	0.8497	0.3780	0.7048	34.0667	0.2529	2890.0000	1158.0000	0.4007	2892.0000
968	0.6518	0.7499	0.9050	0.8481	0.3847	0.7088	34.2667	0.2462	2888.0000	1161.0000	0.4020	2890.0000
969	0.6550	0.7499	0.9051	0.8512	0.3878	0.7061	34.3333	0.2512	2885.0000	1159.0000	0.4017	2887.0000
970	0.6639	0.7499	0.9048	0.8591	0.3913	0.7206	34.2000	0.2386	2895.0000	1136.0000	0.3924	2897.0000
971	0.6493	0.7499	0.9049	0.8506	0.3784	0.6987	34.3333	0.2586	2892.0000	1172.0000	0.4053	2894.0000
972	0.6521	0.7499	0.9046	0.8520	0.3723	0.7095	34.2667	0.2468	2883.0000	1155.0000	0.4006	2885.0000
973	0.6436	0.7499	0.9046	0.8523	0.4038	0.7014	34.2000	0.2572	2885.0000	1149.0000	0.3983	2887.0000
974	0.6532	0.7499	0.9048	0.8511	0.4012	0.7104	34.2000	0.2494	2889.0000	1153.0000	0.3991	2891.0000
975	0.6554	0.7499	0.9049	0.8532	0.3907	0.7137	34.3333	0.2451	2908.0000	1160.0000	0.3989	2910.0000
976	0.6425	0.7499	0.9052	0.8599	0.3886	0.7001	34.2000	0.2608	2890.0000	1165.0000	0.4031	2892.0000
977	0.6435	0.7499	0.9046	0.8575	0.4023	0.7028	33.9333	0.2579	2879.0000	1154.0000	0.4008	2881.0000
978	0.6475	0.7499	0.9047	0.8552	0.3795	0.7084	34.2667	0.2494	2889.0000	1159.0000	0.4012	2891.0000
979	0.6428	0.7499	0.9050	0.8566	0.3949	0.7017	34.1333	0.2565	2889.0000	1157.0000	0.4005	2891.0000
980	0.6536	0.7499	0.9051	0.8501	0.3738	0.7022	34.2000	0.2570	2893.0000	1182.0000	0.4086	2895.0000
981	0.6544	0.7499	0.9050	0.8509	0.3906	0.7113	34.0000	0.2483	2889.0000	1146.0000	0.3967	2891.0000
982	0.6521	0.7499	0.9048	0.8423	0.3747	0.7061	34.2667	0.2501	2881.0000	1168.0000	0.4054	2883.0000
983	0.6533	0.7499	0.9050	0.8549	0.3920	0.6996	34.1333	0.2580	2893.0000	1177.0000	0.4068	2895.0000
984	0.6536	0.7499	0.9048	0.8573	0.3830	0.7185	34.2000	0.2392	2889.0000	1133.0000	0.3922	2891.0000
985	0.6581	0.7499	0.9051	0.8551	0.3748	0.7129	34.1333	0.2419	2883.0000	1149.0000	0.3985	2885.0000
986	0.6474	0.7499	0.9048	0.8505	0.3823	0.7060	34.4667	0.2527	2890.0000	1163.0000	0.4024	2892.0000
987	0.6494	0.7499	0.9050	0.8522	0.4007	0.7019	34.2000	0.2578	2896.0000	1161.0000	0.4009	2898.0000
988	0.6523	0.7499	0.9046	0.8529	0.3908	0.7033	34.0000	0.2528	2878.0000	1166.0000	0.4051	2880.0000
989	0.6497	0.7499	0.9046	0.8643	0.3929	0.7067	34.3333	0.2518	2890.0000	1152.0000	0.3986	2892.0000
990	0.6568	0.7499	0.9050	0.8526	0.3619	0.7082	34.0000	0.2497	2879.0000	1162.0000	0.4036	2881.0000
991	0.6439	0.7499	0.9047	0.8548	0.3904	0.7042	34.2000	0.2551	2883.0000	1153.0000	0.3999	2885.0000
992	0.6510	0.7499	0.9051	0.8551	0.3758	0.7116	34.0000	0.2469	2883.0000	1138.0000	0.3947	2885.0000
993	0.6531	0.7499	0.9047	0.8495	0.3915	0.7062	34.2000	0.2500	2877.0000	1148.0000	0.3990	2879.0000
994	0.6530	0.7499	0.9048	0.8516	0.3837	0.7100	34.2667	0.2480	2880.0000	1149.0000	0.3990	2882.0000
995	0.6505	0.7499	0.9051	0.8494	0.3940	0.7096	34.2667	0.2524	2886.0000	1152.0000	0.3992	2888.0000
996	0.6520	0.7499	0.9050	0.8589	0.3836	0.7115	34.2667	0.2483	2887.0000	1146.0000	0.3970	2889.0000
997	0.6427	0.7499	0.9048	0.8516	0.3934	0.6982	34.0000	0.2570	2882.0000	1152.0000	0.3997	2884.0000
998	0.6594	0.7499	0.9047	0.8590	0.3967	0.7169	34.2000	0.2412	2883.0000	1141.0000	0.3958	2885.0000
999	0.6513	0.7499	0.9044	0.8581	0.3898	0.7066	34.0667	0.2507	2890.0000	1165.0000	0.4031	2892.0000
1000	0.6553	0.7499	0.9049	0.8545	0.3808	0.7118	34.2000	0.2461	2879.0000	1154.0000	0.4008	2881.0000
