accuracy	proportion	density	fuzziness	coverage	purity	sounds	missing	ubound	clusters	props	patterns
1	0.4961	0.6850	0.5121	0.7883	0.0587	0.7022	37.4737	0.2763	1288.0000	416.0000	0.3230	1290.0000
2	0.5055	0.6611	0.5021	0.7973	0.0454	0.7012	37.1053	0.2548	1173.0000	349.0000	0.2975	1175.0000
3	0.4844	0.6518	0.5031	0.8084	0.0424	0.7068	36.8947	0.2585	1084.0000	312.0000	0.2878	1088.0000
4	0.4847	0.6532	0.5070	0.8075	0.0418	0.6966	36.8421	0.2884	985.0000	308.0000	0.3127	988.0000
5	0.5014	0.6534	0.5104	0.7959	0.0403	0.6969	36.9474	0.2736	1022.0000	312.0000	0.3053	1026.0000
6	0.4792	0.6444	0.5015	0.8192	0.0398	0.6918	36.8947	0.2834	976.0000	307.0000	0.3145	980.0000
7	0.4712	0.6460	0.5045	0.8001	0.0407	0.6910	36.6316	0.2880	973.0000	302.0000	0.3104	977.0000
8	0.4920	0.6499	0.5096	0.7987	0.0385	0.7033	36.6316	0.2603	1029.0000	298.0000	0.2896	1033.0000
9	0.4873	0.6430	0.5047	0.8122	0.0407	0.6956	36.8421	0.2899	972.0000	301.0000	0.3097	974.0000
10	0.4862	0.6448	0.5061	0.7999	0.0403	0.7041	36.6316	0.2639	1012.0000	302.0000	0.2984	1018.0000
11	0.5044	0.6453	0.5028	0.7996	0.0407	0.6953	36.4211	0.2641	995.0000	298.0000	0.2995	998.0000
12	0.4883	0.6446	0.5063	0.8073	0.0393	0.7031	36.5263	0.2761	977.0000	293.0000	0.2999	983.0000
13	0.4861	0.6425	0.5030	0.8037	0.0379	0.7034	36.8421	0.2666	965.0000	295.0000	0.3057	970.0000
14	0.4836	0.6467	0.5087	0.8077	0.0410	0.7098	36.5789	0.2602	998.0000	289.0000	0.2896	1002.0000
15	0.4842	0.6525	0.5101	0.8035	0.0391	0.6978	36.7895	0.2780	984.0000	301.0000	0.3059	990.0000
16	0.5022	0.6450	0.5037	0.8021	0.0414	0.7007	36.8421	0.2570	996.0000	293.0000	0.2942	999.0000
17	0.4905	0.6485	0.5076	0.7999	0.0394	0.6946	36.7368	0.2709	973.0000	303.0000	0.3114	976.0000
18	0.4665	0.6439	0.5042	0.8071	0.0395	0.6828	36.8947	0.2863	970.0000	305.0000	0.3144	973.0000
19	0.4963	0.6478	0.5115	0.8118	0.0416	0.6951	36.7368	0.2744	1003.0000	299.0000	0.2981	1007.0000
20	0.4819	0.6462	0.5065	0.7986	0.0398	0.6831	36.7368	0.2939	970.0000	304.0000	0.3134	977.0000
21	0.4951	0.6460	0.5092	0.8155	0.0399	0.6972	36.6316	0.2676	984.0000	300.0000	0.3049	990.0000
22	0.4908	0.6444	0.5002	0.7910	0.0397	0.6941	36.7368	0.2710	1004.0000	302.0000	0.3008	1008.0000
23	0.4977	0.6457	0.5089	0.8041	0.0400	0.6978	36.5263	0.2739	987.0000	298.0000	0.3019	990.0000
24	0.4902	0.6460	0.5100	0.8098	0.0401	0.6962	36.8421	0.2737	962.0000	303.0000	0.3150	966.0000
25	0.4890	0.6499	0.5040	0.8087	0.0404	0.7025	36.6316	0.2659	994.0000	294.0000	0.2958	1000.0000
26	0.4819	0.6536	0.5103	0.7963	0.0413	0.6941	36.6316	0.2700	997.0000	311.0000	0.3119	1001.0000
27	0.4952	0.6488	0.5061	0.8070	0.0413	0.7033	36.7368	0.2629	972.0000	292.0000	0.3004	975.0000
28	0.4952	0.6434	0.5032	0.8157	0.0408	0.6900	36.8421	0.2735	988.0000	296.0000	0.2996	990.0000
29	0.4816	0.6464	0.5058	0.8019	0.0371	0.6939	36.7368	0.2739	1010.0000	304.0000	0.3010	1015.0000
30	0.4915	0.6495	0.5075	0.8002	0.0416	0.7012	36.6842	0.2703	995.0000	296.0000	0.2975	999.0000
31	0.5082	0.6502	0.5099	0.8036	0.0408	0.6968	36.6316	0.2708	980.0000	307.0000	0.3133	984.0000
32	0.5008	0.6446	0.5102	0.8100	0.0405	0.6980	36.7368	0.2687	980.0000	301.0000	0.3071	985.0000
33	0.4925	0.6457	0.5048	0.8035	0.0403	0.6929	36.8421	0.2749	979.0000	297.0000	0.3034	983.0000
34	0.4613	0.6425	0.5111	0.8157	0.0393	0.6760	36.8421	0.2973	930.0000	307.0000	0.3301	936.0000
35	0.4919	0.6481	0.5069	0.7994	0.0401	0.7010	36.5263	0.2639	1009.0000	296.0000	0.2934	1011.0000
36	0.4907	0.6499	0.5096	0.7947	0.0394	0.7080	36.4211	0.2571	999.0000	294.0000	0.2943	1002.0000
37	0.4735	0.6420	0.5045	0.8074	0.0386	0.6972	36.5263	0.2723	1007.0000	297.0000	0.2949	1013.0000
38	0.4941	0.6516	0.5069	0.8118	0.0417	0.6985	36.6316	0.2690	966.0000	300.0000	0.3106	971.0000
39	0.4909	0.6413	0.5073	0.7971	0.0391	0.7079	36.5789	0.2668	983.0000	291.0000	0.2960	986.0000
40	0.4822	0.6462	0.5056	0.8138	0.0409	0.6925	36.4211	0.2700	969.0000	295.0000	0.3044	972.0000
41	0.5011	0.6511	0.5095	0.7978	0.0408	0.6990	36.5263	0.2712	992.0000	296.0000	0.2984	995.0000
42	0.4637	0.6395	0.4991	0.8017	0.0392	0.7061	36.5789	0.2693	1015.0000	288.0000	0.2837	1020.0000
43	0.4755	0.6402	0.5080	0.8185	0.0392	0.6930	36.6842	0.2711	956.0000	286.0000	0.2992	958.0000
44	0.4955	0.6474	0.5076	0.8170	0.0406	0.7156	36.6842	0.2580	965.0000	282.0000	0.2922	971.0000
45	0.4807	0.6546	0.5109	0.8121	0.0424	0.6937	36.6842	0.2820	967.0000	307.0000	0.3175	971.0000
46	0.4693	0.6488	0.5045	0.7958	0.0403	0.6853	36.6842	0.2931	967.0000	306.0000	0.3164	969.0000
47	0.4763	0.6420	0.5085	0.7997	0.0379	0.6956	36.8421	0.2739	991.0000	300.0000	0.3027	996.0000
48	0.5038	0.6495	0.5111	0.8020	0.0410	0.6917	36.5789	0.2778	968.0000	301.0000	0.3110	972.0000
49	0.4865	0.6439	0.5063	0.7971	0.0405	0.6860	36.5263	0.2805	959.0000	302.0000	0.3149	964.0000
50	0.4784	0.6488	0.5083	0.8059	0.0411	0.7006	36.5789	0.2785	964.0000	296.0000	0.3071	968.0000
51	0.4826	0.6425	0.4983	0.8010	0.0393	0.6788	36.6842	0.2900	945.0000	312.0000	0.3302	951.0000
52	0.4881	0.6520	0.5128	0.8040	0.0394	0.6911	36.6842	0.2849	992.0000	305.0000	0.3075	996.0000
53	0.4945	0.6509	0.5098	0.8057	0.0408	0.7038	36.7368	0.2683	994.0000	301.0000	0.3028	997.0000
54	0.4801	0.6488	0.5098	0.8030	0.0408	0.7043	36.6316	0.2672	1004.0000	297.0000	0.2958	1007.0000
55	0.4869	0.6492	0.5063	0.8063	0.0422	0.7011	36.4211	0.2633	989.0000	298.0000	0.3013	992.0000
56	0.4786	0.6460	0.5058	0.8126	0.0410	0.6891	36.5263	0.2791	961.0000	305.0000	0.3174	966.0000
57	0.4559	0.6446	0.5038	0.8040	0.0395	0.6813	36.6316	0.2989	964.0000	301.0000	0.3122	967.0000
58	0.4720	0.6464	0.5081	0.8056	0.0386	0.6866	36.5263	0.2812	972.0000	307.0000	0.3158	978.0000
59	0.4901	0.6441	0.5022	0.8178	0.0396	0.6960	36.7368	0.2791	961.0000	296.0000	0.3080	965.0000
60	0.4826	0.6455	0.5074	0.7998	0.0391	0.7025	36.8421	0.2701	1013.0000	302.0000	0.2981	1017.0000
61	0.4891	0.6481	0.5045	0.8007	0.0400	0.6962	36.6316	0.2843	979.0000	302.0000	0.3085	986.0000
62	0.4789	0.6490	0.5073	0.8038	0.0403	0.6975	36.5263	0.2785	999.0000	301.0000	0.3013	1005.0000
63	0.4734	0.6548	0.5068	0.8087	0.0427	0.6919	36.7895	0.2774	969.0000	312.0000	0.3220	971.0000
64	0.4970	0.6423	0.5032	0.8061	0.0410	0.7003	36.8421	0.2654	992.0000	291.0000	0.2933	995.0000
65	0.4775	0.6485	0.5028	0.7993	0.0400	0.6829	36.5263	0.2880	993.0000	308.0000	0.3102	998.0000
66	0.4881	0.6455	0.5048	0.8109	0.0392	0.7153	36.6842	0.2534	988.0000	292.0000	0.2955	994.0000
67	0.4805	0.6527	0.5073	0.7979	0.0417	0.7031	36.6842	0.2769	1007.0000	300.0000	0.2979	1011.0000
68	0.4862	0.6437	0.5052	0.8109	0.0383	0.7042	36.7368	0.2734	988.0000	297.0000	0.3006	995.0000
69	0.4761	0.6499	0.5091	0.8038	0.0399	0.6981	36.6316	0.2793	976.0000	303.0000	0.3105	980.0000
70	0.4731	0.6478	0.5070	0.8006	0.0410	0.6966	36.7368	0.2785	998.0000	303.0000	0.3036	1003.0000
71	0.4846	0.6425	0.5107	0.7967	0.0393	0.7045	36.5789	0.2684	969.0000	285.0000	0.2941	975.0000
72	0.4980	0.6495	0.5066	0.7939	0.0408	0.7022	36.7368	0.2639	975.0000	295.0000	0.3026	980.0000
73	0.4812	0.6462	0.5039	0.7995	0.0401	0.6989	36.6842	0.2736	993.0000	302.0000	0.3041	998.0000
74	0.4871	0.6381	0.4958	0.8132	0.0381	0.6845	36.7368	0.2848	950.0000	296.0000	0.3116	955.0000
75	0.4772	0.6404	0.5034	0.8171	0.0390	0.7035	36.4211	0.2719	983.0000	295.0000	0.3001	989.0000
76	0.4973	0.6476	0.5078	0.8148	0.0431	0.6996	36.4737	0.2658	979.0000	293.0000	0.2993	983.0000
77	0.4787	0.6418	0.5006	0.8014	0.0404	0.6883	37.0000	0.2886	992.0000	304.0000	0.3065	995.0000
78	0.4977	0.6450	0.5060	0.8145	0.0396	0.7100	36.6842	0.2667	991.0000	290.0000	0.2926	996.0000
79	0.4957	0.6476	0.5087	0.8061	0.0402	0.7065	36.6316	0.2721	987.0000	294.0000	0.2979	992.0000
80	0.4838	0.6460	0.5093	0.8120	0.0392	0.6965	36.7368	0.2872	971.0000	302.0000	0.3110	973.0000
81	0.4836	0.6532	0.5141	0.7982	0.0416	0.6911	36.6316	0.2683	1029.0000	309.0000	0.3003	1034.0000
82	0.4917	0.6499	0.5053	0.7961	0.0396	0.6969	36.4737	0.2533	1005.0000	302.0000	0.3005	1008.0000
83	0.5036	0.6476	0.5057	0.8047	0.0394	0.7071	36.7368	0.2637	1003.0000	294.0000	0.2931	1006.0000
84	0.4763	0.6495	0.5068	0.7945	0.0407	0.6902	36.9474	0.2708	974.0000	312.0000	0.3203	978.0000
85	0.4710	0.6467	0.5060	0.8030	0.0388	0.7004	36.4737	0.2717	987.0000	289.0000	0.2928	991.0000
86	0.4926	0.6476	0.5041	0.8093	0.0407	0.6981	36.4737	0.2677	957.0000	294.0000	0.3072	961.0000
87	0.4900	0.6430	0.5037	0.8126	0.0393	0.6955	36.5263	0.2650	974.0000	289.0000	0.2967	978.0000
88	0.4957	0.6432	0.5022	0.8147	0.0405	0.7014	36.6316	0.2627	954.0000	289.0000	0.3029	958.0000
89	0.4974	0.6444	0.5024	0.8113	0.0402	0.7080	36.5263	0.2584	1000.0000	293.0000	0.2930	1005.0000
90	0.4956	0.6474	0.5090	0.8195	0.0401	0.7073	36.8947	0.2657	1000.0000	287.0000	0.2870	1005.0000
91	0.5088	0.6460	0.5055	0.8019	0.0396	0.6964	36.7368	0.2673	989.0000	298.0000	0.3013	993.0000
92	0.5008	0.6467	0.5040	0.8202	0.0400	0.7036	36.7895	0.2625	982.0000	284.0000	0.2892	985.0000
93	0.4802	0.6516	0.5094	0.8081	0.0406	0.7024	36.4737	0.2678	969.0000	294.0000	0.3034	972.0000
94	0.4938	0.6457	0.5089	0.8143	0.0412	0.6945	36.7368	0.2641	966.0000	295.0000	0.3054	969.0000
95	0.4904	0.6453	0.5056	0.8127	0.0403	0.6833	36.7368	0.2818	928.0000	298.0000	0.3211	933.0000
96	0.4913	0.6432	0.5049	0.8035	0.0380	0.7036	36.5789	0.2702	1000.0000	294.0000	0.2940	1004.0000
97	0.4786	0.6464	0.5079	0.8063	0.0397	0.6897	36.8947	0.2800	978.0000	307.0000	0.3139	984.0000
98	0.4793	0.6471	0.5056	0.8127	0.0402	0.7029	36.5789	0.2786	966.0000	289.0000	0.2992	972.0000
99	0.4618	0.6390	0.5048	0.8077	0.0378	0.6856	36.6316	0.2876	982.0000	297.0000	0.3024	989.0000
100	0.4922	0.6492	0.5084	0.8049	0.0408	0.7049	36.8421	0.2694	976.0000	296.0000	0.3033	979.0000
101	0.4989	0.6478	0.5080	0.8124	0.0401	0.7059	36.6842	0.2725	979.0000	297.0000	0.3034	981.0000
102	0.4722	0.6441	0.5061	0.8113	0.0387	0.6951	36.7895	0.2732	984.0000	294.0000	0.2988	986.0000
103	0.5014	0.6490	0.5112	0.8083	0.0402	0.6967	36.9474	0.2729	956.0000	301.0000	0.3149	959.0000
104	0.4737	0.6425	0.5056	0.8122	0.0393	0.6923	36.4211	0.2810	960.0000	296.0000	0.3083	962.0000
105	0.4919	0.6464	0.5073	0.8021	0.0410	0.6954	36.5789	0.2705	953.0000	303.0000	0.3179	957.0000
106	0.4855	0.6469	0.5079	0.7944	0.0398	0.6983	36.5789	0.2749	988.0000	302.0000	0.3057	992.0000
107	0.4903	0.6395	0.5009	0.8056	0.0391	0.7158	36.5263	0.2552	981.0000	283.0000	0.2885	987.0000
108	0.4815	0.6530	0.5103	0.8009	0.0421	0.6977	36.6316	0.2697	994.0000	299.0000	0.3008	999.0000
109	0.4689	0.6439	0.5003	0.8104	0.0386	0.6989	36.6316	0.2782	993.0000	295.0000	0.2971	1000.0000
110	0.4832	0.6432	0.5051	0.7993	0.0386	0.7001	36.6316	0.2671	1002.0000	295.0000	0.2944	1008.0000
111	0.4956	0.6444	0.5046	0.8028	0.0401	0.7015	36.6316	0.2659	989.0000	293.0000	0.2963	994.0000
112	0.5025	0.6464	0.5068	0.8008	0.0410	0.6946	36.5263	0.2703	958.0000	300.0000	0.3132	960.0000
113	0.4703	0.6469	0.5049	0.8138	0.0395	0.6821	36.7368	0.2897	987.0000	306.0000	0.3100	991.0000
114	0.5028	0.6478	0.5109	0.8093	0.0416	0.7060	36.6316	0.2527	994.0000	294.0000	0.2958	1000.0000
115	0.4945	0.6457	0.5078	0.8119	0.0394	0.7123	36.5263	0.2612	984.0000	286.0000	0.2907	988.0000
116	0.4832	0.6455	0.5082	0.8127	0.0408	0.6803	36.6842	0.2914	943.0000	309.0000	0.3277	946.0000
117	0.5002	0.6427	0.5041	0.8046	0.0395	0.6969	36.3684	0.2614	984.0000	292.0000	0.2967	990.0000
118	0.4876	0.6437	0.5008	0.8046	0.0402	0.6934	36.6842	0.2852	983.0000	291.0000	0.2960	987.0000
119	0.5108	0.6485	0.5066	0.8014	0.0401	0.6988	36.6842	0.2639	987.0000	296.0000	0.2999	990.0000
120	0.4981	0.6448	0.5041	0.7992	0.0410	0.7072	36.4211	0.2559	1002.0000	291.0000	0.2904	1008.0000
121	0.4912	0.6418	0.5076	0.8001	0.0380	0.7003	36.7368	0.2594	1001.0000	294.0000	0.2937	1003.0000
122	0.4904	0.6453	0.5060	0.7968	0.0394	0.7069	36.5263	0.2596	1019.0000	292.0000	0.2866	1023.0000
123	0.4841	0.6460	0.5084	0.8040	0.0392	0.6960	36.6842	0.2739	976.0000	300.0000	0.3074	982.0000
124	0.4815	0.6457	0.5030	0.8023	0.0387	0.7102	36.5263	0.2733	985.0000	290.0000	0.2944	991.0000
125	0.5019	0.6481	0.5078	0.8125	0.0400	0.7074	36.6842	0.2535	974.0000	293.0000	0.3008	976.0000
126	0.4879	0.6506	0.5078	0.8128	0.0404	0.7010	36.6842	0.2692	974.0000	300.0000	0.3080	981.0000
127	0.4590	0.6506	0.5093	0.8021	0.0407	0.6846	36.8421	0.2835	1003.0000	312.0000	0.3111	1006.0000
128	0.5031	0.6511	0.5036	0.8055	0.0406	0.7002	36.8947	0.2638	974.0000	295.0000	0.3029	978.0000
129	0.4934	0.6516	0.5046	0.7879	0.0399	0.6863	36.9474	0.2891	1012.0000	315.0000	0.3113	1020.0000
130	0.4929	0.6464	0.5096	0.8041	0.0384	0.7056	37.0000	0.2691	1050.0000	295.0000	0.2810	1053.0000
131	0.4791	0.6381	0.5021	0.8046	0.0385	0.6917	36.5263	0.2653	974.0000	290.0000	0.2977	976.0000
132	0.4905	0.6485	0.5059	0.8202	0.0411	0.7158	36.6842	0.2674	969.0000	294.0000	0.3034	971.0000
133	0.4876	0.6411	0.5028	0.8166	0.0397	0.6988	36.6316	0.2739	961.0000	294.0000	0.3059	964.0000
134	0.4721	0.6495	0.5049	0.8128	0.0404	0.6852	36.6316	0.2892	985.0000	316.0000	0.3208	989.0000
135	0.4913	0.6509	0.5102	0.8042	0.0396	0.6997	36.6316	0.2700	1003.0000	300.0000	0.2991	1008.0000
136	0.5034	0.6523	0.5106	0.7916	0.0392	0.7040	36.7895	0.2597	1016.0000	300.0000	0.2953	1022.0000
137	0.4839	0.6476	0.5053	0.7888	0.0387	0.7130	36.5263	0.2563	1003.0000	292.0000	0.2911	1012.0000
138	0.4859	0.6371	0.5004	0.7996	0.0389	0.7072	36.6316	0.2629	981.0000	285.0000	0.2905	987.0000
139	0.4923	0.6474	0.5041	0.7950	0.0403	0.6993	36.8421	0.2725	998.0000	308.0000	0.3086	1004.0000
140	0.4798	0.6525	0.5113	0.8076	0.0408	0.6962	36.6316	0.2661	994.0000	307.0000	0.3089	998.0000
141	0.5006	0.6474	0.5076	0.8015	0.0403	0.7018	36.7895	0.2646	978.0000	290.0000	0.2965	982.0000
142	0.4829	0.6450	0.5011	0.7898	0.0399	0.6918	36.5263	0.2765	997.0000	307.0000	0.3079	1000.0000
143	0.4910	0.6509	0.5104	0.8303	0.0420	0.7159	36.5789	0.2626	965.0000	278.0000	0.2881	970.0000
144	0.5052	0.6497	0.5066	0.8055	0.0429	0.7094	36.7895	0.2562	998.0000	291.0000	0.2916	1003.0000
145	0.4933	0.6418	0.5068	0.7974	0.0365	0.6872	36.6316	0.2687	1022.0000	306.0000	0.2994	1027.0000
146	0.4852	0.6444	0.5028	0.7932	0.0380	0.6858	36.5789	0.2874	991.0000	306.0000	0.3088	998.0000
147	0.4895	0.6453	0.5003	0.7946	0.0401	0.6891	36.4211	0.2728	980.0000	299.0000	0.3051	984.0000
148	0.4840	0.6492	0.5043	0.8097	0.0411	0.6955	36.7895	0.2732	978.0000	303.0000	0.3098	980.0000
149	0.5004	0.6378	0.4971	0.8015	0.0387	0.7054	36.5789	0.2599	949.0000	284.0000	0.2993	955.0000
150	0.4865	0.6439	0.5058	0.8084	0.0392	0.7064	36.5789	0.2589	1021.0000	290.0000	0.2840	1025.0000
151	0.4858	0.6427	0.5036	0.8041	0.0395	0.6986	36.6316	0.2792	982.0000	295.0000	0.3004	987.0000
152	0.4971	0.6495	0.5068	0.8064	0.0402	0.7041	36.8947	0.2712	970.0000	295.0000	0.3041	973.0000
153	0.4969	0.6462	0.5118	0.8115	0.0399	0.7006	36.6842	0.2706	953.0000	292.0000	0.3064	957.0000
154	0.4830	0.6437	0.5076	0.7940	0.0394	0.7013	36.6316	0.2733	993.0000	298.0000	0.3001	997.0000
155	0.4937	0.6425	0.5086	0.8094	0.0405	0.7136	36.8421	0.2599	988.0000	281.0000	0.2844	991.0000
156	0.4979	0.6460	0.5092	0.8182	0.0390	0.7121	36.6316	0.2662	966.0000	285.0000	0.2950	971.0000
157	0.5003	0.6416	0.5020	0.8144	0.0399	0.7014	36.6842	0.2688	982.0000	293.0000	0.2984	986.0000
158	0.4891	0.6437	0.5063	0.8151	0.0393	0.6926	36.3684	0.2767	958.0000	292.0000	0.3048	964.0000
159	0.4774	0.6464	0.5052	0.7903	0.0385	0.6988	36.8421	0.2700	1007.0000	295.0000	0.2929	1010.0000
160	0.4857	0.6467	0.5065	0.8135	0.0402	0.7003	36.7368	0.2721	986.0000	290.0000	0.2941	989.0000
161	0.4939	0.6499	0.5094	0.8160	0.0398	0.7166	36.7368	0.2604	992.0000	288.0000	0.2903	995.0000
162	0.4861	0.6527	0.5105	0.8128	0.0419	0.6970	36.7368	0.2792	969.0000	298.0000	0.3075	976.0000
163	0.4766	0.6488	0.5062	0.8056	0.0406	0.6845	36.5263	0.2963	951.0000	297.0000	0.3123	953.0000
164	0.4643	0.6406	0.4980	0.8051	0.0370	0.6849	36.6316	0.2930	983.0000	301.0000	0.3062	989.0000
165	0.4677	0.6488	0.5104	0.8066	0.0402	0.6890	36.6842	0.2818	992.0000	305.0000	0.3075	999.0000
166	0.4838	0.6411	0.5024	0.8190	0.0389	0.6880	36.8947	0.2867	950.0000	289.0000	0.3042	955.0000
167	0.4847	0.6406	0.5026	0.8135	0.0378	0.7141	37.0000	0.2667	980.0000	289.0000	0.2949	987.0000
168	0.4811	0.6492	0.5032	0.8129	0.0417	0.7091	36.7368	0.2666	982.0000	293.0000	0.2984	985.0000
169	0.4948	0.6455	0.5051	0.8085	0.0392	0.7001	36.4737	0.2691	990.0000	293.0000	0.2960	994.0000
170	0.4872	0.6485	0.5104	0.8057	0.0395	0.6934	37.0000	0.2807	985.0000	309.0000	0.3137	988.0000
171	0.5004	0.6469	0.5055	0.8058	0.0413	0.6876	36.5263	0.2827	961.0000	310.0000	0.3226	966.0000
172	0.4860	0.6499	0.5054	0.7972	0.0395	0.7097	36.5263	0.2557	1030.0000	296.0000	0.2874	1034.0000
173	0.5124	0.6518	0.5122	0.8059	0.0411	0.7110	36.8421	0.2432	978.0000	291.0000	0.2975	981.0000
174	0.4843	0.6469	0.5021	0.8057	0.0403	0.6826	36.8947	0.2847	964.0000	306.0000	0.3174	966.0000
175	0.4861	0.6495	0.5094	0.8116	0.0393	0.7031	36.6842	0.2620	1026.0000	291.0000	0.2836	1031.0000
176	0.4843	0.6509	0.5146	0.8087	0.0407	0.6850	37.0000	0.2865	971.0000	309.0000	0.3182	976.0000
177	0.4838	0.6483	0.5108	0.7986	0.0407	0.7026	36.6316	0.2680	981.0000	300.0000	0.3058	986.0000
178	0.4816	0.6425	0.5058	0.8034	0.0406	0.6955	36.7368	0.2756	956.0000	294.0000	0.3075	960.0000
179	0.4935	0.6439	0.5063	0.8031	0.0394	0.6954	36.7895	0.2763	973.0000	298.0000	0.3063	976.0000
180	0.4954	0.6378	0.5010	0.8115	0.0381	0.7076	36.8421	0.2694	958.0000	283.0000	0.2954	963.0000
181	0.4925	0.6476	0.5078	0.8131	0.0400	0.6916	36.7368	0.2769	964.0000	307.0000	0.3185	969.0000
182	0.4950	0.6511	0.5098	0.8160	0.0417	0.7042	36.7368	0.2693	1021.0000	293.0000	0.2870	1026.0000
183	0.4820	0.6462	0.5056	0.7862	0.0392	0.6993	36.7368	0.2733	1013.0000	306.0000	0.3021	1018.0000
184	0.4692	0.6464	0.5102	0.8029	0.0397	0.6850	36.4737	0.2826	980.0000	311.0000	0.3173	986.0000
185	0.4847	0.6474	0.5093	0.8194	0.0397	0.7024	36.5263	0.2660	1016.0000	292.0000	0.2874	1022.0000
186	0.4850	0.6409	0.5021	0.8051	0.0387	0.7116	36.4737	0.2589	1009.0000	286.0000	0.2834	1015.0000
187	0.4873	0.6457	0.5055	0.7995	0.0395	0.7020	36.8947	0.2623	994.0000	296.0000	0.2978	999.0000
188	0.4951	0.6474	0.5072	0.7882	0.0396	0.6982	36.5789	0.2789	990.0000	302.0000	0.3051	994.0000
189	0.4845	0.6455	0.5048	0.8086	0.0417	0.7008	36.6842	0.2608	998.0000	296.0000	0.2966	1003.0000
190	0.4712	0.6455	0.5057	0.8009	0.0401	0.6910	36.4737	0.2884	996.0000	301.0000	0.3022	1003.0000
191	0.4891	0.6416	0.5027	0.8034	0.0390	0.6867	36.5263	0.2863	966.0000	303.0000	0.3137	969.0000
192	0.5017	0.6464	0.5027	0.8108	0.0394	0.6988	36.7368	0.2574	979.0000	302.0000	0.3085	986.0000
193	0.4959	0.6506	0.5079	0.7972	0.0395	0.6998	36.4737	0.2821	985.0000	303.0000	0.3076	988.0000
194	0.4979	0.6464	0.5045	0.8047	0.0405	0.7105	36.5263	0.2568	965.0000	286.0000	0.2964	972.0000
195	0.4872	0.6460	0.5052	0.8058	0.0406	0.6971	36.5263	0.2747	973.0000	298.0000	0.3063	976.0000
196	0.4645	0.6420	0.5051	0.8160	0.0394	0.7003	36.4737	0.2752	964.0000	290.0000	0.3008	970.0000
197	0.4981	0.6467	0.5108	0.8166	0.0398	0.7107	36.7368	0.2619	970.0000	287.0000	0.2959	974.0000
198	0.4758	0.6441	0.5080	0.8018	0.0405	0.6868	36.8421	0.2840	987.0000	309.0000	0.3131	992.0000
199	0.4890	0.6441	0.5058	0.7994	0.0390	0.6831	36.5263	0.2730	985.0000	311.0000	0.3157	989.0000
200	0.4897	0.6520	0.5123	0.8005	0.0411	0.7069	36.5789	0.2578	984.0000	295.0000	0.2998	990.0000
201	0.4794	0.6467	0.5056	0.8146	0.0402	0.6884	36.7368	0.2797	966.0000	303.0000	0.3137	970.0000
202	0.4758	0.6485	0.5063	0.7982	0.0407	0.6942	36.6842	0.2732	977.0000	300.0000	0.3071	980.0000
203	0.4893	0.6511	0.5083	0.7873	0.0402	0.6932	36.9474	0.2814	1002.0000	309.0000	0.3084	1006.0000
204	0.5005	0.6399	0.5048	0.8176	0.0413	0.7082	36.7895	0.2664	988.0000	287.0000	0.2905	993.0000
205	0.4853	0.6455	0.5069	0.8159	0.0389	0.6901	36.3684	0.2746	958.0000	298.0000	0.3111	961.0000
206	0.4994	0.6462	0.5071	0.8029	0.0411	0.7066	36.7895	0.2707	1002.0000	290.0000	0.2894	1006.0000
207	0.4962	0.6471	0.5068	0.8115	0.0397	0.7098	36.7368	0.2558	1010.0000	295.0000	0.2921	1012.0000
208	0.4814	0.6495	0.5071	0.7889	0.0414	0.6997	36.7895	0.2848	970.0000	304.0000	0.3134	972.0000
209	0.4992	0.6483	0.5046	0.8145	0.0409	0.7066	36.6842	0.2664	975.0000	296.0000	0.3036	978.0000
210	0.4919	0.6425	0.5024	0.8010	0.0393	0.7012	36.5263	0.2708	982.0000	292.0000	0.2974	988.0000
211	0.4894	0.6471	0.5071	0.8202	0.0409	0.6949	36.6316	0.2769	980.0000	294.0000	0.3000	984.0000
212	0.5074	0.6418	0.4996	0.8071	0.0388	0.6941	36.3158	0.2711	972.0000	294.0000	0.3025	976.0000
213	0.4842	0.6497	0.5098	0.8139	0.0426	0.6935	36.7895	0.2670	957.0000	300.0000	0.3135	961.0000
214	0.4920	0.6439	0.5033	0.8046	0.0388	0.6974	36.5789	0.2694	940.0000	306.0000	0.3255	945.0000
215	0.4960	0.6474	0.5027	0.8087	0.0398	0.6823	36.5263	0.2790	974.0000	305.0000	0.3131	977.0000
216	0.4896	0.6425	0.5065	0.7918	0.0382	0.7029	36.5789	0.2646	1014.0000	287.0000	0.2830	1021.0000
217	0.4919	0.6478	0.5040	0.8044	0.0412	0.7000	36.5263	0.2696	974.0000	293.0000	0.3008	980.0000
218	0.4911	0.6469	0.5098	0.8143	0.0399	0.7017	36.6842	0.2743	987.0000	294.0000	0.2979	991.0000
219	0.4776	0.6413	0.5047	0.8031	0.0391	0.6896	36.6316	0.2874	954.0000	295.0000	0.3092	961.0000
220	0.4896	0.6448	0.5070	0.8075	0.0390	0.7004	36.8421	0.2614	969.0000	294.0000	0.3034	975.0000
221	0.4694	0.6474	0.5060	0.8014	0.0410	0.6891	36.4737	0.2920	964.0000	303.0000	0.3143	968.0000
222	0.4977	0.6416	0.5010	0.8038	0.0404	0.6924	36.8421	0.2702	958.0000	297.0000	0.3100	962.0000
223	0.4697	0.6457	0.5034	0.8062	0.0393	0.6969	36.5789	0.2736	983.0000	295.0000	0.3001	987.0000
224	0.5008	0.6441	0.5083	0.8087	0.0384	0.7018	36.5789	0.2642	1010.0000	285.0000	0.2822	1013.0000
225	0.5056	0.6464	0.5087	0.8035	0.0389	0.6999	36.2632	0.2740	1003.0000	302.0000	0.3011	1006.0000
226	0.4894	0.6446	0.5024	0.8143	0.0389	0.6958	36.8421	0.2685	972.0000	298.0000	0.3066	975.0000
227	0.4992	0.6467	0.5064	0.8119	0.0400	0.7037	36.8947	0.2502	987.0000	292.0000	0.2958	991.0000
228	0.5057	0.6516	0.5073	0.8121	0.0430	0.7017	36.4737	0.2650	981.0000	292.0000	0.2977	985.0000
229	0.4725	0.6492	0.5069	0.8072	0.0407	0.6979	36.4737	0.2805	994.0000	300.0000	0.3018	997.0000
230	0.4863	0.6427	0.5050	0.7966	0.0402	0.6823	36.4737	0.2805	963.0000	304.0000	0.3157	969.0000
231	0.4821	0.6413	0.5031	0.8025	0.0383	0.6980	36.8421	0.2712	1010.0000	297.0000	0.2941	1019.0000
232	0.4856	0.6478	0.5093	0.7982	0.0389	0.6945	36.7368	0.2713	1032.0000	305.0000	0.2955	1037.0000
233	0.4919	0.6483	0.5081	0.7993	0.0398	0.7105	36.5789	0.2586	977.0000	290.0000	0.2968	984.0000
234	0.5010	0.6450	0.5084	0.8097	0.0398	0.7077	36.4737	0.2575	974.0000	288.0000	0.2957	978.0000
235	0.4891	0.6446	0.4999	0.7986	0.0402	0.6905	36.7895	0.2666	952.0000	298.0000	0.3130	958.0000
236	0.4784	0.6516	0.5096	0.8011	0.0413	0.6866	36.5263	0.2832	997.0000	306.0000	0.3069	1001.0000
237	0.4874	0.6453	0.5048	0.8175	0.0396	0.6893	36.7368	0.2809	946.0000	293.0000	0.3097	950.0000
238	0.4895	0.6390	0.5032	0.8108	0.0381	0.7070	36.7368	0.2651	989.0000	286.0000	0.2892	993.0000
239	0.4888	0.6490	0.5080	0.8050	0.0389	0.7031	36.6842	0.2716	995.0000	294.0000	0.2955	998.0000
240	0.4869	0.6462	0.4983	0.8025	0.0395	0.6867	36.7895	0.2673	988.0000	298.0000	0.3016	992.0000
241	0.4898	0.6462	0.5076	0.8012	0.0388	0.6901	36.8421	0.2731	999.0000	306.0000	0.3063	1004.0000
242	0.4866	0.6362	0.4999	0.8151	0.0381	0.6926	36.9474	0.2763	939.0000	284.0000	0.3024	943.0000
243	0.4778	0.6476	0.5079	0.8067	0.0395	0.6884	36.6316	0.2835	995.0000	309.0000	0.3106	998.0000
244	0.4953	0.6406	0.5061	0.8200	0.0385	0.7044	36.6842	0.2638	963.0000	283.0000	0.2939	969.0000
245	0.4792	0.6404	0.5053	0.7899	0.0390	0.7040	36.8947	0.2691	1016.0000	292.0000	0.2874	1022.0000
246	0.4900	0.6444	0.5070	0.8085	0.0394	0.6913	36.5789	0.2686	1006.0000	302.0000	0.3002	1010.0000
247	0.4950	0.6404	0.5108	0.8167	0.0386	0.6989	36.6842	0.2642	991.0000	285.0000	0.2876	994.0000
248	0.4832	0.6439	0.5009	0.8294	0.0407	0.6889	36.8421	0.2763	945.0000	294.0000	0.3111	947.0000
249	0.4880	0.6448	0.5042	0.8013	0.0412	0.7055	36.7368	0.2693	991.0000	292.0000	0.2947	995.0000
250	0.4782	0.6437	0.5091	0.8012	0.0399	0.6937	36.6316	0.2860	976.0000	296.0000	0.3033	981.0000
251	0.4944	0.6469	0.5096	0.7971	0.0405	0.7049	36.6316	0.2680	1008.0000	300.0000	0.2976	1013.0000
252	0.4959	0.6471	0.5058	0.8160	0.0403	0.6992	36.9474	0.2657	960.0000	290.0000	0.3021	965.0000
253	0.5016	0.6413	0.5075	0.8146	0.0380	0.7071	36.4211	0.2504	998.0000	283.0000	0.2836	1004.0000
254	0.4962	0.6520	0.5106	0.8166	0.0410	0.6905	36.7895	0.2704	975.0000	310.0000	0.3179	978.0000
255	0.4791	0.6478	0.5077	0.8058	0.0404	0.6881	36.4737	0.2847	993.0000	307.0000	0.3092	999.0000
256	0.4842	0.6439	0.5072	0.8036	0.0377	0.7147	36.6842	0.2613	979.0000	285.0000	0.2911	990.0000
257	0.4901	0.6446	0.5081	0.8071	0.0406	0.7146	36.6842	0.2677	987.0000	294.0000	0.2979	994.0000
258	0.4777	0.6432	0.5050	0.8097	0.0387	0.6890	36.4737	0.2846	957.0000	295.0000	0.3083	962.0000
259	0.4865	0.6434	0.4994	0.8054	0.0399	0.6945	36.6316	0.2795	957.0000	295.0000	0.3083	962.0000
260	0.4870	0.6450	0.5019	0.8057	0.0393	0.7039	36.6316	0.2752	978.0000	291.0000	0.2975	983.0000
261	0.4860	0.6450	0.5079	0.8187	0.0405	0.6990	36.5789	0.2744	977.0000	291.0000	0.2979	983.0000
262	0.4893	0.6464	0.5124	0.7986	0.0406	0.6853	36.6316	0.2831	987.0000	313.0000	0.3171	990.0000
263	0.4819	0.6392	0.5002	0.8107	0.0386	0.6863	36.6316	0.2676	974.0000	302.0000	0.3101	979.0000
264	0.4943	0.6425	0.5070	0.8126	0.0391	0.6966	36.5263	0.2658	983.0000	288.0000	0.2930	987.0000
265	0.4868	0.6427	0.5053	0.7984	0.0375	0.7046	36.5789	0.2562	1025.0000	292.0000	0.2849	1031.0000
266	0.5089	0.6495	0.5064	0.8074	0.0409	0.7023	36.6316	0.2736	956.0000	296.0000	0.3096	962.0000
267	0.4974	0.6534	0.5134	0.8013	0.0424	0.6829	36.7895	0.2814	987.0000	318.0000	0.3222	990.0000
268	0.4892	0.6476	0.5041	0.8004	0.0391	0.7016	36.5789	0.2586	1009.0000	298.0000	0.2953	1014.0000
269	0.4825	0.6450	0.5069	0.8082	0.0381	0.7068	36.7368	0.2601	985.0000	293.0000	0.2975	994.0000
270	0.4743	0.6455	0.5060	0.8045	0.0406	0.6797	36.6316	0.2933	969.0000	312.0000	0.3220	973.0000
271	0.4749	0.6474	0.5051	0.7920	0.0401	0.6913	36.6842	0.2769	1001.0000	305.0000	0.3047	1006.0000
272	0.4812	0.6471	0.5062	0.7983	0.0389	0.6908	36.7368	0.2743	990.0000	312.0000	0.3152	995.0000
273	0.4896	0.6455	0.4983	0.8021	0.0403	0.6991	36.4737	0.2655	997.0000	295.0000	0.2959	1002.0000
274	0.4829	0.6483	0.5023	0.8091	0.0420	0.6903	36.5263	0.2785	984.0000	297.0000	0.3018	988.0000
275	0.4886	0.6450	0.5029	0.8064	0.0395	0.6980	36.7895	0.2622	980.0000	292.0000	0.2980	985.0000
276	0.4855	0.6490	0.5096	0.8036	0.0394	0.6902	36.5789	0.2833	983.0000	308.0000	0.3133	987.0000
277	0.4910	0.6453	0.5066	0.7975	0.0394	0.6965	36.6842	0.2823	967.0000	300.0000	0.3102	973.0000
278	0.4931	0.6481	0.5060	0.7969	0.0404	0.7018	36.5263	0.2661	1013.0000	297.0000	0.2932	1018.0000
279	0.4759	0.6351	0.4977	0.8016	0.0375	0.6918	36.9474	0.2796	981.0000	298.0000	0.3038	983.0000
280	0.4655	0.6406	0.4990	0.8092	0.0397	0.6754	36.1579	0.2993	961.0000	299.0000	0.3111	964.0000
281	0.4824	0.6469	0.5015	0.8058	0.0399	0.6892	36.7895	0.2876	981.0000	299.0000	0.3048	985.0000
282	0.4772	0.6462	0.5089	0.8028	0.0400	0.6949	36.5789	0.2799	986.0000	302.0000	0.3063	991.0000
283	0.4853	0.6488	0.5059	0.8054	0.0410	0.6924	36.7895	0.2809	976.0000	296.0000	0.3033	979.0000
284	0.4883	0.6462	0.5014	0.8180	0.0392	0.6942	36.6842	0.2707	980.0000	294.0000	0.3000	986.0000
285	0.4781	0.6381	0.5006	0.8095	0.0399	0.6916	36.7368	0.2804	979.0000	291.0000	0.2972	982.0000
286	0.4989	0.6464	0.5046	0.8077	0.0396	0.7089	36.8947	0.2754	987.0000	287.0000	0.2908	993.0000
287	0.4830	0.6478	0.5051	0.8183	0.0401	0.6991	36.5263	0.2761	952.0000	297.0000	0.3120	957.0000
288	0.4913	0.6495	0.5096	0.8129	0.0402	0.7027	36.9474	0.2575	959.0000	283.0000	0.2951	965.0000
289	0.4751	0.6455	0.5030	0.8142	0.0400	0.6947	36.3684	0.2790	956.0000	292.0000	0.3054	961.0000
290	0.4833	0.6469	0.5054	0.8037	0.0399	0.6874	36.7895	0.2857	973.0000	309.0000	0.3176	975.0000
291	0.4883	0.6511	0.5087	0.8077	0.0401	0.7011	36.8421	0.2607	982.0000	291.0000	0.2963	986.0000
292	0.4885	0.6388	0.5017	0.8186	0.0390	0.6953	36.5263	0.2622	957.0000	283.0000	0.2957	961.0000
293	0.4586	0.6485	0.5093	0.7997	0.0402	0.6892	36.8421	0.2893	979.0000	304.0000	0.3105	985.0000
294	0.4880	0.6399	0.5045	0.8106	0.0387	0.6994	36.8947	0.2719	949.0000	297.0000	0.3130	953.0000
295	0.4729	0.6502	0.5083	0.8122	0.0419	0.6981	36.4737	0.2790	996.0000	299.0000	0.3002	1001.0000
296	0.4910	0.6502	0.5060	0.8023	0.0400	0.7042	36.5789	0.2828	1005.0000	293.0000	0.2915	1010.0000
297	0.4987	0.6506	0.5060	0.8161	0.0421	0.6949	36.5789	0.2742	975.0000	301.0000	0.3087	979.0000
298	0.4891	0.6469	0.5000	0.8002	0.0408	0.6938	36.6316	0.2808	971.0000	308.0000	0.3172	975.0000
299	0.5043	0.6385	0.5013	0.7966	0.0386	0.7010	36.5789	0.2578	972.0000	291.0000	0.2994	977.0000
300	0.4953	0.6399	0.5007	0.8065	0.0405	0.7027	36.5789	0.2622	989.0000	288.0000	0.2912	995.0000
301	0.4975	0.6488	0.5028	0.7887	0.0414	0.6962	36.5789	0.2760	988.0000	303.0000	0.3067	992.0000
302	0.4977	0.6453	0.5087	0.8100	0.0404	0.7071	36.7368	0.2646	990.0000	295.0000	0.2980	996.0000
303	0.4843	0.6464	0.5053	0.8028	0.0400	0.6889	36.8947	0.2896	967.0000	305.0000	0.3154	972.0000
304	0.4895	0.6485	0.5117	0.8102	0.0406	0.7037	36.5789	0.2646	980.0000	299.0000	0.3051	985.0000
305	0.4703	0.6381	0.5059	0.8094	0.0377	0.6881	36.3684	0.2965	1014.0000	305.0000	0.3008	1016.0000
306	0.4733	0.6506	0.5128	0.7973	0.0407	0.6919	36.4211	0.2732	1006.0000	309.0000	0.3072	1013.0000
307	0.4968	0.6457	0.5051	0.8110	0.0404	0.7078	36.8947	0.2603	988.0000	285.0000	0.2885	991.0000
308	0.4827	0.6534	0.5102	0.8052	0.0414	0.6935	36.5263	0.2773	989.0000	302.0000	0.3054	992.0000
309	0.4800	0.6385	0.5040	0.8007	0.0386	0.7023	36.5789	0.2705	982.0000	296.0000	0.3014	985.0000
310	0.5021	0.6448	0.5069	0.7984	0.0404	0.7126	36.6842	0.2561	990.0000	290.0000	0.2929	993.0000
311	0.4755	0.6516	0.5098	0.8052	0.0412	0.6870	36.4211	0.2906	1000.0000	311.0000	0.3110	1004.0000
312	0.4912	0.6504	0.5074	0.8142	0.0421	0.6951	36.5263	0.2821	974.0000	297.0000	0.3049	977.0000
313	0.4854	0.6509	0.5107	0.8092	0.0437	0.6984	36.4211	0.2720	968.0000	306.0000	0.3161	971.0000
314	0.4923	0.6516	0.5090	0.8110	0.0412	0.6889	36.6842	0.2779	927.0000	303.0000	0.3269	931.0000
315	0.4771	0.6425	0.5033	0.7952	0.0401	0.7042	36.6316	0.2783	939.0000	296.0000	0.3152	945.0000
316	0.4900	0.6471	0.5073	0.8109	0.0417	0.6940	36.5263	0.2722	997.0000	300.0000	0.3009	1002.0000
317	0.4839	0.6495	0.5033	0.7976	0.0390	0.7008	36.7368	0.2720	985.0000	302.0000	0.3066	992.0000
318	0.4800	0.6513	0.5084	0.8056	0.0406	0.6886	36.4211	0.2843	998.0000	306.0000	0.3066	1002.0000
319	0.4810	0.6464	0.5047	0.8035	0.0407	0.7098	36.6316	0.2589	995.0000	288.0000	0.2894	1001.0000
320	0.4920	0.6453	0.5086	0.8092	0.0412	0.6929	36.7368	0.2844	968.0000	293.0000	0.3027	972.0000
321	0.4848	0.6344	0.5042	0.8200	0.0382	0.6842	36.3158	0.2800	960.0000	290.0000	0.3021	963.0000
322	0.4933	0.6497	0.5111	0.8179	0.0402	0.7001	36.6842	0.2643	981.0000	290.0000	0.2956	983.0000
323	0.4902	0.6411	0.5040	0.8134	0.0392	0.6939	36.6842	0.2694	999.0000	295.0000	0.2953	1001.0000
324	0.4904	0.6460	0.5046	0.8085	0.0406	0.7075	36.6842	0.2571	965.0000	291.0000	0.3016	971.0000
325	0.4822	0.6495	0.5076	0.8044	0.0396	0.6956	36.5789	0.2865	997.0000	299.0000	0.2999	999.0000
326	0.4940	0.6383	0.4997	0.8032	0.0380	0.7004	36.6316	0.2660	973.0000	291.0000	0.2991	979.0000
327	0.4802	0.6536	0.5123	0.7998	0.0428	0.6922	36.6316	0.2733	985.0000	312.0000	0.3168	990.0000
328	0.4992	0.6399	0.5045	0.8188	0.0399	0.7047	36.6842	0.2607	957.0000	290.0000	0.3030	960.0000
329	0.4926	0.6469	0.5054	0.7916	0.0388	0.7057	36.6842	0.2649	1030.0000	300.0000	0.2913	1037.0000
330	0.4637	0.6476	0.5066	0.7993	0.0410	0.6765	36.5789	0.2864	988.0000	302.0000	0.3057	992.0000
331	0.5027	0.6476	0.5061	0.7960	0.0402	0.6895	36.7895	0.2827	975.0000	305.0000	0.3128	983.0000
332	0.4841	0.6478	0.5063	0.7913	0.0410	0.7070	36.5789	0.2687	1005.0000	293.0000	0.2915	1009.0000
333	0.4929	0.6474	0.5045	0.8059	0.0413	0.6880	36.8421	0.2830	967.0000	307.0000	0.3175	971.0000
334	0.4607	0.6418	0.5090	0.8044	0.0389	0.6808	36.7368	0.3007	974.0000	312.0000	0.3203	978.0000
335	0.4946	0.6457	0.5066	0.8087	0.0387	0.7000	36.5263	0.2777	967.0000	294.0000	0.3040	971.0000
336	0.4788	0.6448	0.5049	0.8175	0.0407	0.6932	36.5789	0.2825	946.0000	293.0000	0.3097	950.0000
337	0.4799	0.6425	0.5037	0.8076	0.0401	0.6933	36.4737	0.2697	974.0000	295.0000	0.3029	976.0000
338	0.4759	0.6437	0.5041	0.7951	0.0389	0.6909	36.7368	0.2836	1006.0000	301.0000	0.2992	1011.0000
339	0.4968	0.6478	0.5071	0.8099	0.0404	0.7077	36.8421	0.2573	1000.0000	290.0000	0.2900	1007.0000
340	0.5070	0.6469	0.5046	0.8000	0.0405	0.7007	36.5789	0.2597	994.0000	301.0000	0.3028	998.0000
341	0.4754	0.6448	0.5057	0.8042	0.0392	0.6801	36.6316	0.3006	956.0000	305.0000	0.3190	959.0000
342	0.4796	0.6395	0.5028	0.8256	0.0386	0.6810	36.8421	0.2825	971.0000	293.0000	0.3018	976.0000
343	0.4774	0.6492	0.5110	0.8160	0.0414	0.6839	36.7895	0.2746	964.0000	299.0000	0.3102	969.0000
344	0.4977	0.6469	0.5035	0.8081	0.0391	0.7096	36.3684	0.2586	1029.0000	291.0000	0.2828	1035.0000
345	0.4928	0.6427	0.5022	0.8023	0.0411	0.6914	36.5263	0.2769	944.0000	297.0000	0.3146	949.0000
346	0.4908	0.6467	0.5054	0.8174	0.0395	0.6956	36.4211	0.2560	946.0000	291.0000	0.3076	950.0000
347	0.4824	0.6402	0.5018	0.8148	0.0389	0.6865	36.6316	0.2844	963.0000	298.0000	0.3094	969.0000
348	0.4851	0.6450	0.5060	0.8044	0.0382	0.7189	36.3684	0.2603	1028.0000	285.0000	0.2772	1036.0000
349	0.4852	0.6416	0.5014	0.8016	0.0381	0.6959	36.6842	0.2640	1000.0000	300.0000	0.3000	1003.0000
350	0.4828	0.6448	0.5013	0.7966	0.0400	0.6972	36.7368	0.2728	983.0000	298.0000	0.3032	986.0000
351	0.4934	0.6448	0.5102	0.8165	0.0400	0.7191	36.4211	0.2600	963.0000	286.0000	0.2970	970.0000
352	0.4817	0.6481	0.5107	0.8038	0.0405	0.6849	36.6316	0.2796	978.0000	313.0000	0.3200	983.0000
353	0.4803	0.6427	0.5064	0.7893	0.0386	0.7008	36.5789	0.2749	993.0000	294.0000	0.2961	998.0000
354	0.4983	0.6448	0.5084	0.8002	0.0390	0.7107	36.5789	0.2647	987.0000	287.0000	0.2908	993.0000
355	0.4745	0.6439	0.5086	0.8033	0.0389	0.7000	36.7368	0.2687	1009.0000	292.0000	0.2894	1014.0000
356	0.4985	0.6488	0.5053	0.8138	0.0420	0.7010	36.8421	0.2691	973.0000	294.0000	0.3022	978.0000
357	0.4800	0.6469	0.5112	0.8240	0.0404	0.6985	36.5263	0.2747	987.0000	295.0000	0.2989	990.0000
358	0.4762	0.6478	0.5073	0.8037	0.0395	0.6828	36.6842	0.2918	951.0000	309.0000	0.3249	955.0000
359	0.4962	0.6495	0.5078	0.8080	0.0411	0.6993	36.4737	0.2647	1000.0000	299.0000	0.2990	1005.0000
360	0.4961	0.6506	0.5098	0.7912	0.0395	0.6902	36.6316	0.2740	980.0000	313.0000	0.3194	984.0000
361	0.4785	0.6483	0.5042	0.7915	0.0402	0.6765	36.6842	0.2958	999.0000	316.0000	0.3163	1004.0000
362	0.4931	0.6476	0.5064	0.7984	0.0396	0.7081	36.6316	0.2617	983.0000	296.0000	0.3011	987.0000
363	0.4954	0.6430	0.5027	0.7905	0.0387	0.6947	36.8421	0.2764	992.0000	297.0000	0.2994	995.0000
364	0.4920	0.6474	0.5068	0.8011	0.0402	0.6971	36.7895	0.2814	970.0000	300.0000	0.3093	976.0000
365	0.4920	0.6437	0.5038	0.8037	0.0394	0.6893	36.7368	0.2723	962.0000	301.0000	0.3129	968.0000
366	0.4739	0.6455	0.5038	0.8009	0.0399	0.6968	36.8421	0.2789	1031.0000	299.0000	0.2900	1036.0000
367	0.4651	0.6467	0.5048	0.8225	0.0410	0.6969	36.5263	0.2799	943.0000	294.0000	0.3118	945.0000
368	0.4804	0.6348	0.5020	0.8232	0.0379	0.6828	36.5263	0.2951	937.0000	283.0000	0.3020	943.0000
369	0.4959	0.6388	0.5015	0.8050	0.0382	0.6961	36.5263	0.2653	990.0000	299.0000	0.3020	992.0000
370	0.4678	0.6474	0.5062	0.8017	0.0399	0.6863	36.3684	0.2756	967.0000	305.0000	0.3154	973.0000
371	0.4661	0.6446	0.5024	0.8149	0.0399	0.6908	36.6316	0.2849	996.0000	303.0000	0.3042	1003.0000
372	0.4904	0.6402	0.5045	0.8065	0.0385	0.7031	36.6842	0.2590	953.0000	285.0000	0.2991	959.0000
373	0.4763	0.6441	0.5078	0.8055	0.0401	0.6962	36.7368	0.2856	972.0000	294.0000	0.3025	976.0000
374	0.5077	0.6464	0.5065	0.8074	0.0387	0.7084	36.4211	0.2590	992.0000	288.0000	0.2903	996.0000
375	0.4719	0.6478	0.5062	0.8180	0.0399	0.6883	36.7368	0.2942	959.0000	308.0000	0.3212	964.0000
376	0.4749	0.6495	0.5087	0.8100	0.0409	0.6864	36.6316	0.2881	972.0000	305.0000	0.3138	975.0000
377	0.4985	0.6448	0.5069	0.8064	0.0387	0.6921	36.4211	0.2690	986.0000	295.0000	0.2992	989.0000
378	0.4838	0.6539	0.5095	0.8023	0.0413	0.6950	36.4737	0.2838	972.0000	309.0000	0.3179	976.0000
379	0.4934	0.6395	0.5012	0.8173	0.0391	0.7090	36.6842	0.2650	994.0000	283.0000	0.2847	996.0000
380	0.4898	0.6497	0.5062	0.8075	0.0424	0.7071	36.7368	0.2593	967.0000	290.0000	0.2999	973.0000
381	0.4907	0.6471	0.5087	0.8058	0.0400	0.7084	36.3684	0.2491	985.0000	295.0000	0.2995	991.0000
382	0.4889	0.6525	0.5115	0.8204	0.0422	0.6982	36.8947	0.2707	965.0000	299.0000	0.3098	969.0000
383	0.4806	0.6488	0.5063	0.8057	0.0399	0.6991	36.7368	0.2790	1001.0000	306.0000	0.3057	1007.0000
384	0.4829	0.6441	0.5016	0.7992	0.0393	0.7013	36.4211	0.2713	987.0000	288.0000	0.2918	992.0000
385	0.4825	0.6388	0.5010	0.7950	0.0390	0.7010	36.7368	0.2641	994.0000	293.0000	0.2948	1000.0000
386	0.4803	0.6446	0.5030	0.7974	0.0396	0.6973	36.5263	0.2714	975.0000	296.0000	0.3036	980.0000
387	0.4740	0.6411	0.5090	0.8019	0.0367	0.6914	36.8421	0.2685	987.0000	305.0000	0.3090	990.0000
388	0.4989	0.6437	0.5022	0.8096	0.0405	0.6978	36.7368	0.2597	962.0000	295.0000	0.3067	967.0000
389	0.4947	0.6423	0.5046	0.8047	0.0385	0.7077	36.6842	0.2677	1004.0000	283.0000	0.2819	1010.0000
390	0.4888	0.6446	0.5002	0.7948	0.0398	0.6883	36.5263	0.2632	998.0000	303.0000	0.3036	1000.0000
391	0.4953	0.6450	0.5039	0.8101	0.0405	0.6986	36.8421	0.2645	993.0000	294.0000	0.2961	999.0000
392	0.4860	0.6420	0.5036	0.7955	0.0382	0.7096	36.5789	0.2638	975.0000	285.0000	0.2923	979.0000
393	0.4895	0.6434	0.5054	0.8187	0.0405	0.6982	36.6316	0.2714	960.0000	285.0000	0.2969	964.0000
394	0.4862	0.6464	0.5068	0.8065	0.0395	0.6955	36.7895	0.2700	989.0000	300.0000	0.3033	993.0000
395	0.4816	0.6527	0.5073	0.8057	0.0422	0.6846	36.5789	0.2762	953.0000	308.0000	0.3232	956.0000
396	0.4773	0.6413	0.5025	0.8008	0.0396	0.7027	36.6316	0.2673	1003.0000	292.0000	0.2911	1006.0000
397	0.4956	0.6448	0.5065	0.8112	0.0400	0.7096	36.7368	0.2606	981.0000	284.0000	0.2895	984.0000
398	0.4856	0.6462	0.5123	0.8120	0.0404	0.6998	36.7895	0.2782	968.0000	295.0000	0.3048	971.0000
399	0.4960	0.6516	0.5062	0.8056	0.0418	0.7056	36.7368	0.2590	1012.0000	293.0000	0.2895	1015.0000
400	0.5057	0.6488	0.5085	0.8026	0.0405	0.7127	36.4737	0.2545	1007.0000	284.0000	0.2820	1011.0000
401	0.5056	0.6418	0.5052	0.7986	0.0381	0.7060	36.5789	0.2675	990.0000	292.0000	0.2949	992.0000
402	0.4831	0.6483	0.5089	0.8036	0.0397	0.6976	36.5789	0.2702	995.0000	299.0000	0.3005	997.0000
403	0.4967	0.6471	0.5022	0.7904	0.0409	0.7000	36.6842	0.2621	988.0000	285.0000	0.2885	992.0000
404	0.4609	0.6483	0.5056	0.7926	0.0389	0.6953	36.7368	0.2811	1029.0000	303.0000	0.2945	1035.0000
405	0.4910	0.6439	0.5067	0.8123	0.0405	0.7160	36.5789	0.2501	1021.0000	279.0000	0.2733	1025.0000
406	0.4943	0.6460	0.5103	0.8046	0.0411	0.6863	36.5789	0.2780	993.0000	308.0000	0.3102	999.0000
407	0.4899	0.6448	0.5055	0.7916	0.0402	0.6930	36.8947	0.2806	994.0000	312.0000	0.3139	1000.0000
408	0.5012	0.6483	0.5069	0.7960	0.0406	0.7114	36.7368	0.2577	1026.0000	291.0000	0.2836	1028.0000
409	0.4935	0.6476	0.5038	0.8173	0.0407	0.7006	36.7895	0.2726	971.0000	303.0000	0.3120	975.0000
410	0.4906	0.6444	0.5031	0.7893	0.0394	0.6871	36.4211	0.2790	983.0000	300.0000	0.3052	987.0000
411	0.4941	0.6483	0.5085	0.8116	0.0410	0.7033	36.6316	0.2722	982.0000	295.0000	0.3004	985.0000
412	0.4696	0.6430	0.5046	0.8018	0.0409	0.6982	36.7895	0.2725	954.0000	297.0000	0.3113	959.0000
413	0.4926	0.6511	0.5085	0.7978	0.0425	0.7159	36.6316	0.2752	1003.0000	292.0000	0.2911	1008.0000
414	0.4934	0.6495	0.5123	0.8061	0.0406	0.6994	36.6842	0.2620	1005.0000	303.0000	0.3015	1013.0000
415	0.4640	0.6457	0.5055	0.8008	0.0385	0.6787	36.5789	0.3039	986.0000	310.0000	0.3144	991.0000
416	0.4832	0.6385	0.4996	0.7985	0.0391	0.6902	36.7368	0.2812	959.0000	297.0000	0.3097	964.0000
417	0.4992	0.6464	0.5085	0.8163	0.0403	0.6968	36.5789	0.2758	968.0000	295.0000	0.3048	973.0000
418	0.4949	0.6502	0.5110	0.8123	0.0426	0.6977	36.5263	0.2719	949.0000	299.0000	0.3151	952.0000
419	0.4784	0.6404	0.4997	0.8033	0.0391	0.6852	36.3158	0.2836	1006.0000	302.0000	0.3002	1012.0000
420	0.4890	0.6485	0.5037	0.8017	0.0395	0.6982	36.7368	0.2754	990.0000	301.0000	0.3040	994.0000
421	0.4973	0.6483	0.5067	0.7983	0.0396	0.7011	36.6316	0.2635	1024.0000	302.0000	0.2949	1030.0000
422	0.4933	0.6360	0.5010	0.8032	0.0373	0.7100	36.3684	0.2625	986.0000	280.0000	0.2840	993.0000
423	0.4920	0.6502	0.5066	0.7961	0.0404	0.6898	36.4211	0.2709	984.0000	304.0000	0.3089	986.0000
424	0.4969	0.6441	0.5038	0.8041	0.0390	0.6962	36.6842	0.2624	997.0000	299.0000	0.2999	1003.0000
425	0.4960	0.6474	0.5043	0.8080	0.0419	0.6958	36.4737	0.2803	955.0000	296.0000	0.3099	958.0000
426	0.4713	0.6434	0.5002	0.8014	0.0393	0.6955	36.5263	0.2759	961.0000	293.0000	0.3049	967.0000
427	0.4763	0.6506	0.5113	0.8023	0.0411	0.6953	36.6842	0.2772	975.0000	300.0000	0.3077	981.0000
428	0.4879	0.6490	0.5064	0.8065	0.0409	0.7002	36.7368	0.2671	976.0000	299.0000	0.3064	981.0000
429	0.5023	0.6448	0.5026	0.8105	0.0392	0.7164	36.6316	0.2604	996.0000	283.0000	0.2841	1003.0000
430	0.4860	0.6402	0.4988	0.8054	0.0379	0.7106	36.5789	0.2628	1005.0000	289.0000	0.2876	1007.0000
431	0.4874	0.6518	0.5096	0.8098	0.0406	0.7012	36.7895	0.2696	997.0000	299.0000	0.2999	1001.0000
432	0.4776	0.6427	0.5057	0.8071	0.0389	0.6987	36.7368	0.2726	1017.0000	290.0000	0.2852	1023.0000
433	0.4905	0.6504	0.5058	0.7923	0.0416	0.6908	36.7368	0.2766	995.0000	307.0000	0.3085	1001.0000
434	0.4863	0.6534	0.5056	0.8000	0.0395	0.7017	36.7368	0.2686	1023.0000	300.0000	0.2933	1027.0000
435	0.5061	0.6453	0.5071	0.8127	0.0420	0.6933	36.7368	0.2769	967.0000	298.0000	0.3082	971.0000
436	0.4841	0.6416	0.5000	0.8016	0.0394	0.6849	36.6842	0.2781	993.0000	297.0000	0.2991	999.0000
437	0.4855	0.6457	0.5043	0.8000	0.0397	0.6998	36.6316	0.2679	985.0000	301.0000	0.3056	988.0000
438	0.5011	0.6409	0.5050	0.8198	0.0379	0.7023	36.6316	0.2731	962.0000	282.0000	0.2931	964.0000
439	0.5124	0.6441	0.5095	0.8094	0.0404	0.6985	36.5789	0.2524	939.0000	290.0000	0.3088	944.0000
440	0.5021	0.6418	0.5026	0.8082	0.0395	0.6996	36.7895	0.2589	986.0000	293.0000	0.2972	990.0000
441	0.4835	0.6404	0.5008	0.8053	0.0387	0.7007	36.4737	0.2744	977.0000	283.0000	0.2897	984.0000
442	0.5173	0.6460	0.5017	0.8189	0.0414	0.7026	36.3684	0.2597	944.0000	288.0000	0.3051	947.0000
443	0.4737	0.6471	0.5079	0.7988	0.0402	0.6879	36.5789	0.2910	1013.0000	304.0000	0.3001	1020.0000
444	0.4768	0.6469	0.5051	0.8015	0.0396	0.6938	36.5789	0.2667	997.0000	307.0000	0.3079	1002.0000
445	0.5120	0.6404	0.5031	0.8037	0.0387	0.6970	36.5263	0.2608	961.0000	289.0000	0.3007	964.0000
446	0.5014	0.6437	0.5005	0.8126	0.0409	0.7136	36.7368	0.2556	1024.0000	293.0000	0.2861	1030.0000
447	0.4839	0.6495	0.5089	0.7989	0.0409	0.6918	36.8947	0.2775	1018.0000	305.0000	0.2996	1022.0000
448	0.4912	0.6434	0.5104	0.8234	0.0394	0.7145	36.4737	0.2576	990.0000	288.0000	0.2909	996.0000
449	0.4810	0.6467	0.5034	0.8042	0.0398	0.7090	36.6316	0.2700	993.0000	291.0000	0.2931	997.0000
450	0.4747	0.6425	0.5035	0.8138	0.0401	0.6901	36.7895	0.2841	973.0000	297.0000	0.3052	975.0000
451	0.4712	0.6462	0.5033	0.8001	0.0399	0.6942	36.8421	0.2823	1014.0000	300.0000	0.2959	1018.0000
452	0.4887	0.6530	0.5117	0.8033	0.0410	0.6907	36.7895	0.2807	998.0000	309.0000	0.3096	1003.0000
453	0.4858	0.6446	0.5036	0.8204	0.0402	0.7000	36.4211	0.2653	975.0000	295.0000	0.3026	978.0000
454	0.4934	0.6441	0.5015	0.8129	0.0393	0.7046	36.6842	0.2678	964.0000	285.0000	0.2956	967.0000
455	0.4746	0.6506	0.5084	0.8029	0.0419	0.6837	36.7368	0.2864	954.0000	308.0000	0.3229	958.0000
456	0.4783	0.6427	0.5046	0.8014	0.0396	0.6894	36.7368	0.2799	981.0000	296.0000	0.3017	987.0000
457	0.4778	0.6430	0.5058	0.8001	0.0405	0.6960	36.6316	0.2768	981.0000	299.0000	0.3048	984.0000
458	0.4794	0.6385	0.5030	0.8028	0.0380	0.7050	36.3158	0.2670	1006.0000	288.0000	0.2863	1014.0000
459	0.4906	0.6462	0.5089	0.8083	0.0395	0.6938	36.3684	0.2727	986.0000	294.0000	0.2982	993.0000
460	0.4893	0.6478	0.5123	0.8038	0.0398	0.6929	36.6316	0.2844	1001.0000	306.0000	0.3057	1006.0000
461	0.4742	0.6478	0.5093	0.8062	0.0403	0.6899	36.6842	0.2865	986.0000	303.0000	0.3073	990.0000
462	0.4767	0.6469	0.5074	0.8074	0.0401	0.6892	36.7895	0.2835	957.0000	301.0000	0.3145	962.0000
463	0.4795	0.6464	0.5094	0.8111	0.0405	0.7025	36.6842	0.2774	986.0000	296.0000	0.3002	991.0000
464	0.4875	0.6464	0.5058	0.8155	0.0402	0.6988	36.7895	0.2749	985.0000	298.0000	0.3025	990.0000
465	0.4895	0.6483	0.5088	0.8008	0.0406	0.6916	36.2632	0.2717	1007.0000	306.0000	0.3039	1014.0000
466	0.4959	0.6520	0.5096	0.7890	0.0409	0.7044	36.8947	0.2719	1001.0000	304.0000	0.3037	1005.0000
467	0.4845	0.6485	0.5067	0.8021	0.0386	0.6936	36.7895	0.2681	984.0000	308.0000	0.3130	989.0000
468	0.4688	0.6427	0.5057	0.8132	0.0375	0.6978	36.7895	0.2767	976.0000	291.0000	0.2982	982.0000
469	0.4903	0.6420	0.5026	0.8123	0.0394	0.7066	36.4737	0.2609	986.0000	286.0000	0.2901	992.0000
470	0.4895	0.6460	0.5072	0.8087	0.0402	0.6996	36.6842	0.2728	978.0000	297.0000	0.3037	981.0000
471	0.4737	0.6418	0.5036	0.8086	0.0385	0.7016	36.6316	0.2740	997.0000	293.0000	0.2939	1002.0000
472	0.4687	0.6478	0.5062	0.8075	0.0415	0.6813	36.8947	0.2860	976.0000	305.0000	0.3125	978.0000
473	0.4854	0.6371	0.5019	0.8033	0.0385	0.6881	36.7368	0.2894	978.0000	295.0000	0.3016	986.0000
474	0.4803	0.6467	0.5051	0.7971	0.0395	0.6922	36.7368	0.2744	995.0000	304.0000	0.3055	1002.0000
475	0.4879	0.6397	0.5065	0.8054	0.0394	0.6897	36.5263	0.2804	943.0000	294.0000	0.3118	946.0000
476	0.4921	0.6416	0.5037	0.7986	0.0377	0.6854	36.4737	0.2853	975.0000	299.0000	0.3067	981.0000
477	0.4773	0.6446	0.5016	0.8058	0.0406	0.6977	36.7895	0.2710	988.0000	291.0000	0.2945	992.0000
478	0.4871	0.6469	0.5060	0.7990	0.0407	0.7067	36.4211	0.2730	1001.0000	293.0000	0.2927	1007.0000
479	0.4855	0.6506	0.5086	0.8083	0.0405	0.6995	36.6842	0.2675	972.0000	297.0000	0.3056	976.0000
480	0.4938	0.6402	0.5000	0.8009	0.0389	0.7075	36.8421	0.2646	992.0000	288.0000	0.2903	997.0000
481	0.4874	0.6453	0.5054	0.8108	0.0391	0.6811	36.7895	0.2921	960.0000	306.0000	0.3187	963.0000
482	0.4770	0.6430	0.5040	0.7998	0.0388	0.7002	36.6316	0.2711	998.0000	290.0000	0.2906	1000.0000
483	0.4990	0.6536	0.5114	0.8069	0.0397	0.7127	36.5789	0.2578	1014.0000	301.0000	0.2968	1018.0000
484	0.4685	0.6446	0.5027	0.8086	0.0386	0.6937	36.7368	0.2774	985.0000	293.0000	0.2975	989.0000
485	0.4969	0.6460	0.5076	0.8012	0.0391	0.7004	36.6316	0.2611	1009.0000	292.0000	0.2894	1015.0000
486	0.4941	0.6485	0.5061	0.7899	0.0417	0.7062	36.5263	0.2679	987.0000	293.0000	0.2969	991.0000
487	0.4868	0.6444	0.5044	0.8111	0.0399	0.6936	36.4737	0.2761	979.0000	302.0000	0.3085	982.0000
488	0.4876	0.6455	0.5084	0.8109	0.0414	0.6954	36.5789	0.2769	969.0000	298.0000	0.3075	975.0000
489	0.4809	0.6362	0.4980	0.7996	0.0383	0.6984	36.6842	0.2634	989.0000	287.0000	0.2902	994.0000
490	0.5017	0.6476	0.5093	0.8095	0.0404	0.7022	36.4737	0.2729	999.0000	296.0000	0.2963	1005.0000
491	0.4925	0.6509	0.5051	0.8022	0.0395	0.7057	36.4737	0.2489	1015.0000	296.0000	0.2916	1019.0000
492	0.4715	0.6481	0.5042	0.8138	0.0405	0.7045	36.6842	0.2786	973.0000	299.0000	0.3073	976.0000
493	0.4774	0.6446	0.5046	0.8014	0.0378	0.6948	36.7368	0.2790	1000.0000	297.0000	0.2970	1006.0000
494	0.4949	0.6511	0.5086	0.8090	0.0422	0.7114	36.7368	0.2530	996.0000	282.0000	0.2831	1000.0000
495	0.4763	0.6511	0.5088	0.8024	0.0420	0.6925	36.6842	0.2759	989.0000	304.0000	0.3074	994.0000
496	0.5071	0.6437	0.5005	0.8055	0.0406	0.7067	36.6842	0.2534	993.0000	293.0000	0.2951	999.0000
497	0.4943	0.6502	0.5103	0.8032	0.0398	0.7061	36.6842	0.2686	1004.0000	298.0000	0.2968	1010.0000
498	0.4902	0.6534	0.5125	0.8038	0.0413	0.7102	36.8421	0.2628	998.0000	289.0000	0.2896	1004.0000
499	0.4776	0.6395	0.5023	0.8011	0.0399	0.6950	36.7895	0.2745	959.0000	291.0000	0.3034	963.0000
500	0.4937	0.6441	0.5070	0.7882	0.0390	0.7001	36.8421	0.2688	1012.0000	302.0000	0.2984	1020.0000
501	0.5085	0.6504	0.5057	0.7982	0.0416	0.7149	36.6316	0.2444	998.0000	297.0000	0.2976	1002.0000
502	0.5019	0.6460	0.5082	0.8036	0.0405	0.7086	36.5263	0.2681	983.0000	288.0000	0.2930	988.0000
503	0.4970	0.6450	0.5021	0.8028	0.0399	0.6988	36.8947	0.2705	980.0000	300.0000	0.3061	986.0000
504	0.4826	0.6427	0.5022	0.8030	0.0389	0.7046	36.7368	0.2682	1004.0000	294.0000	0.2928	1008.0000
505	0.4806	0.6460	0.5023	0.7957	0.0389	0.6989	36.8421	0.2706	990.0000	299.0000	0.3020	995.0000
506	0.4827	0.6453	0.5083	0.8021	0.0397	0.7051	36.5789	0.2592	993.0000	290.0000	0.2920	996.0000
507	0.4837	0.6471	0.5057	0.7965	0.0410	0.6966	36.8421	0.2743	998.0000	303.0000	0.3036	1002.0000
508	0.4710	0.6513	0.5143	0.8193	0.0402	0.6866	36.5263	0.2823	971.0000	303.0000	0.3120	976.0000
509	0.4951	0.6462	0.5035	0.8127	0.0411	0.6970	36.3684	0.2710	972.0000	296.0000	0.3045	974.0000
510	0.4752	0.6430	0.5078	0.7974	0.0390	0.6920	36.5789	0.2875	985.0000	305.0000	0.3096	991.0000
511	0.4934	0.6448	0.5088	0.8100	0.0403	0.6845	36.3684	0.2818	962.0000	300.0000	0.3119	965.0000
512	0.4961	0.6444	0.5008	0.8089	0.0393	0.6965	36.5789	0.2774	979.0000	301.0000	0.3075	981.0000
513	0.4935	0.6530	0.5080	0.7863	0.0413	0.6987	36.7895	0.2708	1000.0000	306.0000	0.3060	1008.0000
514	0.4841	0.6425	0.5031	0.8055	0.0396	0.7039	36.3684	0.2555	1005.0000	298.0000	0.2965	1009.0000
515	0.4742	0.6406	0.5021	0.8078	0.0384	0.6838	36.6842	0.2795	1000.0000	298.0000	0.2980	1005.0000
516	0.4884	0.6430	0.5051	0.8031	0.0403	0.7051	36.8947	0.2594	942.0000	288.0000	0.3057	947.0000
517	0.5077	0.6437	0.5060	0.7918	0.0401	0.7163	36.6842	0.2575	988.0000	290.0000	0.2935	994.0000
518	0.4978	0.6520	0.5085	0.8062	0.0404	0.6925	36.6842	0.2753	980.0000	306.0000	0.3122	982.0000
519	0.4749	0.6462	0.5091	0.8123	0.0402	0.6992	36.5789	0.2669	996.0000	297.0000	0.2982	1002.0000
520	0.4932	0.6457	0.5082	0.7933	0.0408	0.6995	36.8421	0.2693	984.0000	304.0000	0.3089	988.0000
521	0.4884	0.6476	0.5033	0.8042	0.0423	0.6986	36.6842	0.2709	980.0000	297.0000	0.3031	982.0000
522	0.4789	0.6450	0.5077	0.8062	0.0393	0.6964	36.5789	0.2673	971.0000	294.0000	0.3028	978.0000
523	0.4944	0.6402	0.5070	0.8097	0.0385	0.6939	36.3684	0.2787	999.0000	305.0000	0.3053	1002.0000
524	0.4989	0.6476	0.5092	0.8012	0.0412	0.6931	36.5789	0.2634	982.0000	298.0000	0.3035	988.0000
525	0.4876	0.6413	0.4965	0.8075	0.0390	0.7019	36.8947	0.2733	958.0000	290.0000	0.3027	962.0000
526	0.4916	0.6402	0.5059	0.8150	0.0402	0.6972	36.5789	0.2619	953.0000	290.0000	0.3043	956.0000
527	0.5002	0.6413	0.5074	0.7909	0.0382	0.6998	36.4737	0.2569	1019.0000	301.0000	0.2954	1024.0000
528	0.4921	0.6430	0.5058	0.7977	0.0379	0.7010	36.5263	0.2713	975.0000	298.0000	0.3056	981.0000
529	0.4708	0.6469	0.5055	0.8164	0.0408	0.6838	36.9474	0.2869	970.0000	318.0000	0.3278	975.0000
530	0.4979	0.6481	0.5007	0.8015	0.0411	0.7031	36.6842	0.2675	987.0000	294.0000	0.2979	992.0000
531	0.4575	0.6430	0.5037	0.7934	0.0383	0.6848	36.6842	0.2890	982.0000	308.0000	0.3136	989.0000
532	0.4944	0.6460	0.5015	0.8005	0.0398	0.6962	36.4211	0.2768	960.0000	301.0000	0.3135	963.0000
533	0.4933	0.6467	0.5050	0.8193	0.0395	0.6984	36.4737	0.2704	972.0000	292.0000	0.3004	977.0000
534	0.4946	0.6448	0.5020	0.8108	0.0405	0.6966	36.3158	0.2669	963.0000	295.0000	0.3063	968.0000
535	0.4940	0.6490	0.5063	0.8175	0.0409	0.6947	36.6316	0.2844	963.0000	298.0000	0.3094	968.0000
536	0.4852	0.6404	0.5008	0.8061	0.0384	0.7012	36.4737	0.2770	977.0000	291.0000	0.2979	982.0000
537	0.4762	0.6437	0.5049	0.7959	0.0399	0.7008	36.6316	0.2789	969.0000	291.0000	0.3003	974.0000
538	0.4929	0.6427	0.5039	0.8142	0.0404	0.6972	36.6842	0.2723	957.0000	293.0000	0.3062	963.0000
539	0.4776	0.6444	0.5029	0.7957	0.0397	0.7008	36.4737	0.2632	973.0000	294.0000	0.3022	976.0000
540	0.4921	0.6425	0.4968	0.8012	0.0401	0.7065	36.6316	0.2646	989.0000	298.0000	0.3013	993.0000
541	0.4940	0.6478	0.5113	0.8164	0.0405	0.7099	36.6316	0.2564	1001.0000	293.0000	0.2927	1007.0000
542	0.4991	0.6446	0.5030	0.8140	0.0403	0.7168	36.5789	0.2508	973.0000	281.0000	0.2888	979.0000
543	0.4886	0.6446	0.5014	0.8107	0.0404	0.6925	36.7895	0.2834	959.0000	294.0000	0.3066	964.0000
544	0.4673	0.6448	0.5030	0.7972	0.0392	0.6822	36.5263	0.2962	987.0000	302.0000	0.3060	989.0000
545	0.4638	0.6492	0.5090	0.7961	0.0400	0.6790	36.5789	0.2988	987.0000	320.0000	0.3242	992.0000
546	0.4847	0.6467	0.5075	0.8063	0.0392	0.6998	36.6316	0.2630	993.0000	296.0000	0.2981	996.0000
547	0.4727	0.6462	0.5068	0.8063	0.0403	0.6822	36.6316	0.2872	959.0000	304.0000	0.3170	964.0000
548	0.4780	0.6406	0.5007	0.8157	0.0401	0.6855	36.8947	0.2639	962.0000	295.0000	0.3067	966.0000
549	0.4701	0.6485	0.5071	0.8148	0.0415	0.6992	36.7368	0.2802	960.0000	299.0000	0.3115	963.0000
550	0.4754	0.6520	0.5132	0.8057	0.0409	0.6876	36.6316	0.2808	981.0000	309.0000	0.3150	985.0000
551	0.5077	0.6453	0.5041	0.8104	0.0411	0.7061	36.9474	0.2547	985.0000	289.0000	0.2934	988.0000
552	0.4826	0.6499	0.5052	0.8065	0.0401	0.6755	36.4737	0.2927	987.0000	312.0000	0.3161	992.0000
553	0.5093	0.6523	0.5135	0.8133	0.0424	0.7089	36.6316	0.2621	969.0000	295.0000	0.3044	973.0000
554	0.4798	0.6378	0.5088	0.8050	0.0380	0.6961	36.5789	0.2773	974.0000	292.0000	0.2998	979.0000
555	0.4800	0.6409	0.5020	0.7906	0.0389	0.6901	36.6842	0.2874	973.0000	304.0000	0.3124	975.0000
556	0.4967	0.6439	0.5069	0.8171	0.0396	0.6977	36.7895	0.2719	968.0000	294.0000	0.3037	975.0000
557	0.4982	0.6481	0.5080	0.8078	0.0401	0.6997	36.6842	0.2673	957.0000	293.0000	0.3062	961.0000
558	0.4831	0.6441	0.5047	0.8071	0.0386	0.6998	36.5789	0.2736	977.0000	292.0000	0.2989	982.0000
559	0.4739	0.6395	0.5033	0.8132	0.0380	0.7013	36.8421	0.2704	951.0000	290.0000	0.3049	958.0000
560	0.4987	0.6446	0.5066	0.8048	0.0401	0.6990	36.4211	0.2637	978.0000	294.0000	0.3006	983.0000
561	0.4855	0.6483	0.5048	0.7968	0.0405	0.6933	36.5789	0.2718	964.0000	294.0000	0.3050	967.0000
562	0.4830	0.6446	0.5117	0.7984	0.0408	0.7001	36.8421	0.2818	986.0000	295.0000	0.2992	988.0000
563	0.4823	0.6434	0.5051	0.8002	0.0399	0.6949	36.7368	0.2732	988.0000	298.0000	0.3016	993.0000
564	0.4907	0.6450	0.5046	0.8026	0.0407	0.7029	36.7895	0.2595	1003.0000	290.0000	0.2891	1008.0000
565	0.4797	0.6390	0.5016	0.7912	0.0368	0.6882	36.8421	0.2883	969.0000	303.0000	0.3127	976.0000
566	0.5012	0.6488	0.5109	0.8019	0.0403	0.7042	36.4211	0.2684	972.0000	302.0000	0.3107	977.0000
567	0.4787	0.6474	0.5070	0.8145	0.0415	0.6924	36.6316	0.2793	952.0000	305.0000	0.3204	955.0000
568	0.4907	0.6476	0.5060	0.8198	0.0401	0.7026	36.4737	0.2636	989.0000	296.0000	0.2993	994.0000
569	0.4971	0.6469	0.5046	0.8029	0.0398	0.7080	36.7895	0.2511	1010.0000	292.0000	0.2891	1015.0000
570	0.4927	0.6516	0.5086	0.8043	0.0414	0.6931	36.5789	0.2737	983.0000	299.0000	0.3042	988.0000
571	0.5046	0.6444	0.5072	0.8095	0.0402	0.7102	36.5789	0.2535	978.0000	282.0000	0.2883	980.0000
572	0.4941	0.6423	0.5037	0.8109	0.0393	0.7111	36.4737	0.2639	993.0000	287.0000	0.2890	996.0000
573	0.4706	0.6437	0.5025	0.7929	0.0393	0.6912	36.6842	0.2840	1003.0000	308.0000	0.3071	1008.0000
574	0.4929	0.6395	0.5068	0.7998	0.0391	0.6979	36.5789	0.2777	965.0000	292.0000	0.3026	971.0000
575	0.4919	0.6476	0.5016	0.7972	0.0405	0.7016	36.5789	0.2745	1017.0000	303.0000	0.2979	1022.0000
576	0.4948	0.6462	0.5074	0.8142	0.0400	0.7011	36.7368	0.2595	986.0000	291.0000	0.2951	991.0000
577	0.4667	0.6420	0.5073	0.7991	0.0404	0.6824	36.4737	0.2906	975.0000	302.0000	0.3097	980.0000
578	0.4934	0.6476	0.5037	0.8005	0.0409	0.6944	36.8421	0.2799	967.0000	306.0000	0.3164	971.0000
579	0.4761	0.6488	0.5068	0.8013	0.0401	0.6952	36.6842	0.2837	998.0000	308.0000	0.3086	1004.0000
580	0.4887	0.6511	0.5080	0.7993	0.0398	0.6923	36.4211	0.2772	1008.0000	303.0000	0.3006	1013.0000
581	0.4775	0.6446	0.5009	0.8011	0.0399	0.6998	36.6316	0.2722	959.0000	295.0000	0.3076	962.0000
582	0.4888	0.6527	0.5096	0.8122	0.0411	0.6870	36.6316	0.2917	987.0000	302.0000	0.3060	992.0000
583	0.4854	0.6432	0.5053	0.8048	0.0391	0.6860	36.6842	0.2842	948.0000	303.0000	0.3196	952.0000
584	0.4979	0.6411	0.5054	0.8091	0.0385	0.7041	36.7368	0.2683	1004.0000	297.0000	0.2958	1007.0000
585	0.4755	0.6476	0.5051	0.7966	0.0400	0.6891	36.6316	0.2761	964.0000	298.0000	0.3091	967.0000
586	0.4734	0.6453	0.5080	0.7990	0.0394	0.6947	36.6842	0.2648	979.0000	303.0000	0.3095	982.0000
587	0.4789	0.6430	0.5072	0.8144	0.0395	0.6924	36.6842	0.2814	958.0000	300.0000	0.3132	961.0000
588	0.4883	0.6504	0.5084	0.7942	0.0411	0.7104	36.6316	0.2635	997.0000	294.0000	0.2949	1001.0000
589	0.4671	0.6513	0.5092	0.8065	0.0427	0.6956	36.7895	0.2805	988.0000	304.0000	0.3077	991.0000
590	0.4755	0.6439	0.5072	0.8009	0.0394	0.6996	36.5789	0.2710	982.0000	303.0000	0.3086	986.0000
591	0.4880	0.6457	0.5053	0.8103	0.0395	0.7039	36.6316	0.2710	968.0000	289.0000	0.2986	971.0000
592	0.4856	0.6437	0.5015	0.8125	0.0389	0.7033	36.5789	0.2701	1002.0000	290.0000	0.2894	1005.0000
593	0.4935	0.6483	0.5078	0.8085	0.0408	0.7024	36.6316	0.2624	981.0000	292.0000	0.2977	984.0000
594	0.4799	0.6453	0.5057	0.8090	0.0409	0.6870	36.7895	0.2811	954.0000	297.0000	0.3113	956.0000
595	0.4979	0.6427	0.4981	0.8100	0.0395	0.7079	36.6842	0.2528	982.0000	287.0000	0.2923	985.0000
596	0.4742	0.6388	0.5040	0.8059	0.0397	0.6920	36.6842	0.2833	953.0000	294.0000	0.3085	956.0000
597	0.4654	0.6392	0.5005	0.8039	0.0392	0.6912	36.7895	0.2747	997.0000	290.0000	0.2909	1000.0000
598	0.4912	0.6455	0.5055	0.7959	0.0407	0.6984	36.7368	0.2667	955.0000	303.0000	0.3173	959.0000
599	0.5032	0.6427	0.5021	0.8079	0.0391	0.7063	36.7368	0.2512	981.0000	287.0000	0.2926	984.0000
600	0.4914	0.6464	0.5037	0.7978	0.0408	0.7011	36.7368	0.2531	998.0000	295.0000	0.2956	1002.0000
601	0.4744	0.6462	0.5090	0.7950	0.0398	0.6876	36.8421	0.2811	1021.0000	305.0000	0.2987	1024.0000
602	0.4868	0.6462	0.5087	0.8104	0.0402	0.6868	36.6316	0.2853	959.0000	306.0000	0.3191	963.0000
603	0.5001	0.6492	0.5091	0.7952	0.0405	0.6929	36.7368	0.2784	1002.0000	305.0000	0.3044	1008.0000
604	0.4846	0.6455	0.5087	0.8006	0.0403	0.6861	36.4211	0.2778	965.0000	308.0000	0.3192	970.0000
605	0.4928	0.6453	0.5085	0.8227	0.0402	0.7064	36.8947	0.2638	957.0000	290.0000	0.3030	962.0000
606	0.5066	0.6481	0.5089	0.8011	0.0418	0.6980	36.6316	0.2676	967.0000	294.0000	0.3040	971.0000
607	0.4640	0.6483	0.5060	0.7983	0.0409	0.6932	36.4737	0.2855	993.0000	301.0000	0.3031	999.0000
608	0.4907	0.6492	0.5080	0.7943	0.0409	0.6972	36.6316	0.2833	1002.0000	306.0000	0.3054	1005.0000
609	0.4710	0.6509	0.5074	0.8096	0.0424	0.6921	36.5263	0.2807	958.0000	302.0000	0.3152	962.0000
610	0.5025	0.6460	0.5113	0.8033	0.0411	0.6988	36.7895	0.2682	976.0000	301.0000	0.3084	982.0000
611	0.4853	0.6467	0.5050	0.8025	0.0406	0.6974	36.8421	0.2689	973.0000	297.0000	0.3052	977.0000
612	0.4873	0.6450	0.5019	0.8041	0.0401	0.6986	36.6316	0.2722	990.0000	299.0000	0.3020	998.0000
613	0.4725	0.6437	0.5015	0.8185	0.0402	0.6904	36.6842	0.2796	988.0000	302.0000	0.3057	992.0000
614	0.4965	0.6448	0.5044	0.8040	0.0389	0.7079	36.5263	0.2608	1010.0000	298.0000	0.2950	1015.0000
615	0.4909	0.6444	0.5095	0.8023	0.0390	0.7160	36.4737	0.2568	1004.0000	283.0000	0.2819	1012.0000
616	0.4754	0.6406	0.4994	0.8057	0.0380	0.6978	36.6316	0.2855	992.0000	291.0000	0.2933	1000.0000
617	0.4668	0.6523	0.5068	0.8121	0.0420	0.6903	37.0000	0.2859	988.0000	302.0000	0.3057	992.0000
618	0.4617	0.6444	0.5039	0.7963	0.0400	0.6963	36.4737	0.2703	1016.0000	307.0000	0.3022	1021.0000
619	0.4757	0.6413	0.5078	0.8043	0.0395	0.6798	36.5789	0.2913	944.0000	307.0000	0.3252	948.0000
620	0.4806	0.6457	0.5038	0.8043	0.0407	0.6871	36.5789	0.2832	972.0000	305.0000	0.3138	974.0000
621	0.4845	0.6441	0.5015	0.8063	0.0400	0.7132	36.6842	0.2610	978.0000	291.0000	0.2975	982.0000
622	0.4912	0.6411	0.5027	0.8030	0.0375	0.6976	36.5263	0.2820	970.0000	300.0000	0.3093	976.0000
623	0.5053	0.6471	0.5022	0.8061	0.0401	0.7069	36.5789	0.2597	1004.0000	289.0000	0.2878	1008.0000
624	0.4921	0.6460	0.5069	0.8161	0.0401	0.7010	36.7895	0.2777	975.0000	299.0000	0.3067	978.0000
625	0.4812	0.6455	0.5089	0.8116	0.0424	0.7042	36.5789	0.2763	970.0000	292.0000	0.3010	976.0000
626	0.4905	0.6406	0.5032	0.8100	0.0395	0.6924	36.7368	0.2676	977.0000	291.0000	0.2979	979.0000
627	0.4985	0.6413	0.5061	0.8116	0.0398	0.6964	36.7368	0.2681	982.0000	297.0000	0.3024	986.0000
628	0.4724	0.6441	0.5061	0.8079	0.0407	0.6878	36.5263	0.2861	983.0000	299.0000	0.3042	985.0000
629	0.4926	0.6474	0.5056	0.7826	0.0387	0.6995	36.6316	0.2630	1028.0000	311.0000	0.3025	1033.0000
630	0.4676	0.6448	0.5033	0.7986	0.0406	0.6938	36.5263	0.2780	974.0000	298.0000	0.3060	978.0000
631	0.4990	0.6495	0.5069	0.8117	0.0418	0.6889	36.5263	0.2749	966.0000	296.0000	0.3064	969.0000
632	0.4682	0.6437	0.5027	0.8014	0.0389	0.6974	36.5789	0.2770	988.0000	298.0000	0.3016	992.0000
633	0.4845	0.6397	0.4997	0.8014	0.0387	0.6951	36.3684	0.2656	972.0000	293.0000	0.3014	977.0000
634	0.4979	0.6450	0.5087	0.8100	0.0409	0.6918	36.5789	0.2713	942.0000	299.0000	0.3174	947.0000
635	0.4854	0.6437	0.5036	0.7990	0.0411	0.7113	36.4737	0.2599	985.0000	285.0000	0.2893	989.0000
636	0.4810	0.6485	0.5070	0.7993	0.0406	0.7012	36.8421	0.2769	992.0000	295.0000	0.2974	995.0000
637	0.4542	0.6397	0.5070	0.7994	0.0375	0.6901	36.6842	0.2728	1006.0000	297.0000	0.2952	1012.0000
638	0.4997	0.6464	0.5122	0.8185	0.0388	0.7077	36.7368	0.2536	957.0000	289.0000	0.3020	964.0000
639	0.4847	0.6439	0.5040	0.8054	0.0396	0.7000	36.5789	0.2676	986.0000	294.0000	0.2982	990.0000
640	0.5083	0.6490	0.5090	0.7994	0.0419	0.7149	36.5789	0.2480	968.0000	284.0000	0.2934	972.0000
641	0.4969	0.6462	0.5003	0.8002	0.0409	0.7048	36.5263	0.2693	969.0000	294.0000	0.3034	971.0000
642	0.4861	0.6483	0.5047	0.8156	0.0410	0.6941	36.6842	0.2735	957.0000	298.0000	0.3114	961.0000
643	0.4612	0.6469	0.5045	0.7991	0.0407	0.6802	36.5789	0.2959	998.0000	307.0000	0.3076	1004.0000
644	0.4802	0.6448	0.5079	0.8079	0.0392	0.6937	36.5789	0.2678	992.0000	299.0000	0.3014	994.0000
645	0.4850	0.6450	0.5055	0.7879	0.0408	0.6938	36.7895	0.2704	982.0000	301.0000	0.3065	988.0000
646	0.5108	0.6502	0.5082	0.8208	0.0404	0.7123	36.5263	0.2505	982.0000	287.0000	0.2923	990.0000
647	0.4936	0.6497	0.5074	0.8087	0.0412	0.7155	36.7895	0.2451	979.0000	288.0000	0.2942	984.0000
648	0.4911	0.6406	0.5066	0.8171	0.0395	0.7002	36.5789	0.2685	975.0000	295.0000	0.3026	978.0000
649	0.4997	0.6502	0.5064	0.8099	0.0412	0.6958	36.7368	0.2816	993.0000	299.0000	0.3011	995.0000
650	0.4770	0.6474	0.5052	0.7910	0.0407	0.6916	36.8421	0.2808	995.0000	306.0000	0.3075	1002.0000
651	0.4851	0.6485	0.5092	0.8121	0.0422	0.6998	36.7368	0.2682	977.0000	299.0000	0.3060	981.0000
652	0.4712	0.6450	0.5073	0.8142	0.0397	0.7121	36.5263	0.2675	965.0000	279.0000	0.2891	967.0000
653	0.5021	0.6532	0.5083	0.7994	0.0402	0.7109	36.5789	0.2574	1002.0000	292.0000	0.2914	1008.0000
654	0.5004	0.6439	0.5065	0.8115	0.0399	0.7029	36.3684	0.2585	982.0000	291.0000	0.2963	985.0000
655	0.4912	0.6455	0.5061	0.7859	0.0401	0.7051	36.5263	0.2656	1001.0000	302.0000	0.3017	1007.0000
656	0.4796	0.6485	0.5065	0.8206	0.0419	0.7015	36.4737	0.2818	981.0000	297.0000	0.3028	984.0000
657	0.4940	0.6423	0.4997	0.8037	0.0392	0.7110	36.5263	0.2544	1009.0000	288.0000	0.2854	1011.0000
658	0.4792	0.6467	0.5051	0.8076	0.0408	0.6840	36.6842	0.2865	986.0000	307.0000	0.3114	988.0000
659	0.4919	0.6427	0.5041	0.8207	0.0395	0.6933	36.6842	0.2763	940.0000	291.0000	0.3096	947.0000
660	0.4934	0.6592	0.5152	0.8042	0.0428	0.7080	36.4737	0.2653	1001.0000	299.0000	0.2987	1006.0000
661	0.4698	0.6469	0.5089	0.8231	0.0405	0.6880	36.6842	0.2863	981.0000	299.0000	0.3048	984.0000
662	0.4799	0.6483	0.5125	0.8012	0.0416	0.7076	36.7368	0.2705	992.0000	299.0000	0.3014	997.0000
663	0.4903	0.6418	0.5008	0.8182	0.0388	0.6970	36.5789	0.2716	994.0000	294.0000	0.2958	1000.0000
664	0.5063	0.6418	0.5049	0.8168	0.0391	0.7131	36.6316	0.2574	978.0000	287.0000	0.2935	981.0000
665	0.4945	0.6425	0.5075	0.8104	0.0375	0.7049	36.6842	0.2609	1010.0000	295.0000	0.2921	1017.0000
666	0.4854	0.6488	0.5083	0.8065	0.0401	0.7047	36.6316	0.2697	982.0000	297.0000	0.3024	986.0000
667	0.4983	0.6413	0.5051	0.8100	0.0372	0.6980	36.5789	0.2748	1002.0000	301.0000	0.3004	1005.0000
668	0.5031	0.6457	0.5082	0.8063	0.0397	0.7050	36.6842	0.2622	979.0000	291.0000	0.2972	983.0000
669	0.4846	0.6413	0.5023	0.8160	0.0379	0.6913	36.4737	0.2760	974.0000	292.0000	0.2998	978.0000
670	0.4909	0.6511	0.5083	0.8016	0.0409	0.7090	36.6842	0.2641	988.0000	300.0000	0.3036	994.0000
671	0.4839	0.6430	0.5053	0.8136	0.0390	0.6975	36.6316	0.2663	1012.0000	296.0000	0.2925	1018.0000
672	0.4798	0.6485	0.5062	0.8004	0.0403	0.6954	36.6316	0.2732	975.0000	300.0000	0.3077	980.0000
673	0.4871	0.6478	0.5082	0.8114	0.0411	0.7051	36.7368	0.2710	980.0000	295.0000	0.3010	983.0000
674	0.4826	0.6430	0.5026	0.7937	0.0388	0.7013	36.6316	0.2656	995.0000	302.0000	0.3035	1001.0000
675	0.4905	0.6492	0.5102	0.8033	0.0406	0.6923	36.5789	0.2751	1006.0000	302.0000	0.3002	1011.0000
676	0.4663	0.6467	0.5096	0.8225	0.0409	0.6952	36.5263	0.2713	976.0000	291.0000	0.2982	980.0000
677	0.4795	0.6416	0.5061	0.8146	0.0397	0.6898	36.4737	0.2720	981.0000	297.0000	0.3028	985.0000
678	0.4860	0.6446	0.5063	0.8134	0.0394	0.6919	36.5789	0.2753	990.0000	302.0000	0.3051	997.0000
679	0.4829	0.6448	0.5054	0.8049	0.0385	0.7086	36.5789	0.2772	989.0000	291.0000	0.2942	994.0000
680	0.5063	0.6488	0.5070	0.7951	0.0405	0.7076	36.5789	0.2699	985.0000	299.0000	0.3036	990.0000
681	0.4987	0.6437	0.5029	0.7936	0.0385	0.7048	36.8947	0.2658	972.0000	295.0000	0.3035	976.0000
682	0.5219	0.6420	0.5008	0.8070	0.0395	0.7230	36.7895	0.2541	971.0000	279.0000	0.2873	974.0000
683	0.5016	0.6460	0.5065	0.8053	0.0408	0.7035	36.7895	0.2601	998.0000	288.0000	0.2886	1002.0000
684	0.5144	0.6467	0.5072	0.8182	0.0399	0.7096	36.6316	0.2597	965.0000	290.0000	0.3005	968.0000
685	0.4972	0.6509	0.5116	0.8057	0.0409	0.7070	36.6842	0.2619	981.0000	291.0000	0.2966	986.0000
686	0.5049	0.6383	0.4973	0.8157	0.0402	0.7020	36.9474	0.2683	946.0000	284.0000	0.3002	948.0000
687	0.4993	0.6441	0.5053	0.8160	0.0393	0.7051	36.6842	0.2684	991.0000	288.0000	0.2906	998.0000
688	0.4947	0.6483	0.5099	0.8056	0.0406	0.6899	36.7368	0.2794	992.0000	310.0000	0.3125	996.0000
689	0.4859	0.6453	0.5042	0.7965	0.0408	0.6914	36.5263	0.2887	958.0000	302.0000	0.3152	963.0000
690	0.4933	0.6434	0.5012	0.7924	0.0400	0.6942	36.8421	0.2756	994.0000	304.0000	0.3058	998.0000
691	0.4792	0.6416	0.4997	0.8019	0.0384	0.7019	36.6842	0.2724	996.0000	297.0000	0.2982	1003.0000
692	0.4973	0.6434	0.5035	0.8043	0.0402	0.7037	36.8421	0.2674	974.0000	293.0000	0.3008	976.0000
693	0.4794	0.6469	0.5087	0.8011	0.0405	0.6999	36.7368	0.2674	1003.0000	299.0000	0.2981	1009.0000
694	0.4594	0.6409	0.5056	0.7952	0.0389	0.6948	36.5789	0.2829	987.0000	297.0000	0.3009	990.0000
695	0.4866	0.6455	0.5070	0.7975	0.0393	0.7090	36.5789	0.2676	1015.0000	298.0000	0.2936	1022.0000
696	0.4889	0.6420	0.5035	0.8166	0.0402	0.7031	36.8421	0.2627	961.0000	282.0000	0.2934	968.0000
697	0.4942	0.6383	0.5013	0.7958	0.0385	0.7059	36.8421	0.2561	991.0000	283.0000	0.2856	994.0000
698	0.4808	0.6446	0.5067	0.8014	0.0387	0.6855	36.4737	0.2880	974.0000	300.0000	0.3080	980.0000
699	0.4828	0.6432	0.5068	0.8059	0.0403	0.7109	36.6842	0.2518	986.0000	281.0000	0.2850	990.0000
700	0.4898	0.6404	0.4951	0.8010	0.0386	0.6849	36.7895	0.2774	947.0000	301.0000	0.3178	950.0000
701	0.4853	0.6462	0.5030	0.8097	0.0410	0.7022	36.6316	0.2700	978.0000	296.0000	0.3027	982.0000
702	0.4894	0.6450	0.5046	0.8209	0.0401	0.6970	36.5263	0.2677	956.0000	291.0000	0.3044	959.0000
703	0.4852	0.6423	0.5070	0.8027	0.0387	0.6961	36.6316	0.2738	981.0000	294.0000	0.2997	984.0000
704	0.4992	0.6450	0.5081	0.8182	0.0411	0.6938	36.7895	0.2701	941.0000	298.0000	0.3167	946.0000
705	0.4956	0.6495	0.5103	0.8038	0.0410	0.7037	36.5789	0.2720	991.0000	300.0000	0.3027	994.0000
706	0.4987	0.6416	0.4993	0.8040	0.0406	0.6977	36.6316	0.2769	973.0000	291.0000	0.2991	979.0000
707	0.4676	0.6471	0.5083	0.8118	0.0408	0.6865	36.5263	0.2867	953.0000	307.0000	0.3221	956.0000
708	0.4954	0.6504	0.5079	0.8003	0.0397	0.6957	36.6316	0.2660	1001.0000	307.0000	0.3067	1008.0000
709	0.4616	0.6485	0.5089	0.7927	0.0390	0.6832	36.4737	0.2858	1000.0000	311.0000	0.3110	1008.0000
710	0.4787	0.6444	0.5046	0.7989	0.0394	0.6918	36.4737	0.2746	989.0000	298.0000	0.3013	991.0000
711	0.4684	0.6453	0.5029	0.8007	0.0396	0.6841	36.7895	0.2900	986.0000	310.0000	0.3144	990.0000
712	0.4739	0.6425	0.5032	0.8050	0.0394	0.6879	36.5789	0.2816	983.0000	300.0000	0.3052	988.0000
713	0.4931	0.6423	0.5015	0.7920	0.0373	0.7063	36.6316	0.2637	1022.0000	293.0000	0.2867	1026.0000
714	0.4848	0.6437	0.5037	0.7903	0.0403	0.7118	36.6842	0.2562	998.0000	298.0000	0.2986	1001.0000
715	0.4814	0.6460	0.5052	0.8174	0.0399	0.6840	36.8421	0.2799	975.0000	302.0000	0.3097	980.0000
716	0.4863	0.6437	0.5061	0.8142	0.0396	0.7041	36.6842	0.2590	945.0000	289.0000	0.3058	950.0000
717	0.4949	0.6416	0.5016	0.8009	0.0393	0.6991	36.8421	0.2637	993.0000	303.0000	0.3051	998.0000
718	0.4974	0.6462	0.5086	0.7974	0.0394	0.7193	36.6316	0.2430	978.0000	293.0000	0.2996	985.0000
719	0.4822	0.6446	0.5047	0.8015	0.0399	0.6868	36.7895	0.2939	947.0000	301.0000	0.3178	951.0000
720	0.4733	0.6450	0.5050	0.8339	0.0394	0.6877	36.5263	0.2873	938.0000	288.0000	0.3070	942.0000
721	0.4973	0.6399	0.5030	0.8117	0.0382	0.7054	36.5789	0.2636	968.0000	285.0000	0.2944	971.0000
722	0.4893	0.6448	0.5066	0.8144	0.0401	0.7135	36.6316	0.2488	994.0000	291.0000	0.2928	997.0000
723	0.4749	0.6509	0.5078	0.8110	0.0418	0.6960	36.6316	0.2818	979.0000	305.0000	0.3115	983.0000
724	0.4770	0.6420	0.5047	0.8096	0.0392	0.6934	36.5263	0.2830	982.0000	298.0000	0.3035	985.0000
725	0.5052	0.6432	0.5061	0.7894	0.0398	0.7087	36.7368	0.2648	1020.0000	287.0000	0.2814	1026.0000
726	0.4799	0.6434	0.5018	0.8019	0.0400	0.6870	36.6842	0.2734	980.0000	305.0000	0.3112	984.0000
727	0.5069	0.6406	0.5048	0.7818	0.0387	0.7021	36.5789	0.2618	1006.0000	294.0000	0.2922	1013.0000
728	0.5000	0.6469	0.5047	0.8030	0.0397	0.7062	36.6842	0.2653	1007.0000	292.0000	0.2900	1013.0000
729	0.5019	0.6416	0.5086	0.8136	0.0409	0.7123	36.6316	0.2663	963.0000	285.0000	0.2960	966.0000
730	0.5137	0.6469	0.5061	0.8100	0.0403	0.7130	36.7895	0.2541	975.0000	283.0000	0.2903	980.0000
731	0.5023	0.6420	0.5056	0.7991	0.0382	0.7112	36.8947	0.2538	1014.0000	287.0000	0.2830	1019.0000
732	0.4773	0.6467	0.5069	0.7882	0.0399	0.6865	36.7368	0.2853	982.0000	308.0000	0.3136	987.0000
733	0.4804	0.6453	0.5038	0.8091	0.0401	0.6962	36.7895	0.2821	978.0000	302.0000	0.3088	982.0000
734	0.4787	0.6413	0.5059	0.8020	0.0393	0.6885	36.8947	0.2814	981.0000	302.0000	0.3078	986.0000
735	0.4730	0.6474	0.5096	0.8002	0.0411	0.6927	36.6842	0.2814	979.0000	302.0000	0.3085	983.0000
736	0.4891	0.6432	0.5058	0.8055	0.0395	0.6969	36.5789	0.2648	996.0000	299.0000	0.3002	999.0000
737	0.4754	0.6460	0.5037	0.7950	0.0392	0.6976	36.5789	0.2686	1013.0000	300.0000	0.2962	1018.0000
738	0.5046	0.6455	0.5031	0.8175	0.0400	0.7056	36.4211	0.2614	988.0000	282.0000	0.2854	994.0000
739	0.5158	0.6469	0.5070	0.7903	0.0401	0.7136	36.5789	0.2551	1010.0000	285.0000	0.2822	1018.0000
740	0.4750	0.6525	0.5066	0.8034	0.0411	0.6881	36.6842	0.2765	985.0000	315.0000	0.3198	987.0000
741	0.4839	0.6390	0.5045	0.8064	0.0390	0.6675	36.6316	0.2929	926.0000	310.0000	0.3348	929.0000
742	0.4933	0.6492	0.5082	0.8059	0.0393	0.7168	36.6842	0.2504	1025.0000	290.0000	0.2829	1031.0000
743	0.5011	0.6492	0.5060	0.7999	0.0430	0.6952	36.8421	0.2719	976.0000	297.0000	0.3043	979.0000
744	0.4892	0.6388	0.5068	0.8072	0.0389	0.6975	36.4737	0.2683	965.0000	295.0000	0.3057	970.0000
745	0.4792	0.6464	0.5065	0.8049	0.0403	0.7107	36.6842	0.2610	1010.0000	292.0000	0.2891	1013.0000
746	0.4843	0.6520	0.5097	0.8160	0.0403	0.7048	36.4211	0.2663	992.0000	293.0000	0.2954	995.0000
747	0.4813	0.6364	0.5012	0.8112	0.0383	0.6799	36.6316	0.2805	970.0000	297.0000	0.3062	973.0000
748	0.4839	0.6474	0.5050	0.8018	0.0397	0.6844	36.6842	0.2854	990.0000	305.0000	0.3081	995.0000
749	0.4886	0.6502	0.5088	0.8026	0.0419	0.6934	36.6842	0.2799	993.0000	304.0000	0.3061	996.0000
750	0.4868	0.6434	0.5102	0.8102	0.0390	0.6972	36.5789	0.2519	992.0000	293.0000	0.2954	998.0000
751	0.4956	0.6446	0.5024	0.8090	0.0394	0.6984	36.6316	0.2643	974.0000	291.0000	0.2988	978.0000
752	0.4657	0.6448	0.5054	0.7985	0.0406	0.6882	36.5789	0.2870	951.0000	305.0000	0.3207	955.0000
753	0.4905	0.6511	0.5116	0.8034	0.0404	0.6975	36.6842	0.2768	998.0000	296.0000	0.2966	1002.0000
754	0.4927	0.6406	0.5019	0.8186	0.0402	0.6937	36.5263	0.2677	963.0000	291.0000	0.3022	969.0000
755	0.4913	0.6469	0.5063	0.8075	0.0405	0.7019	36.4737	0.2600	999.0000	295.0000	0.2953	1001.0000
756	0.4737	0.6467	0.5061	0.8120	0.0384	0.7000	36.7895	0.2795	1001.0000	294.0000	0.2937	1006.0000
757	0.4671	0.6439	0.5005	0.7921	0.0393	0.6964	36.6316	0.2795	1007.0000	304.0000	0.3019	1014.0000
758	0.4771	0.6460	0.5040	0.8005	0.0394	0.6932	36.7895	0.2830	992.0000	302.0000	0.3044	995.0000
759	0.4834	0.6420	0.5052	0.7984	0.0394	0.6793	36.5789	0.2865	964.0000	304.0000	0.3154	969.0000
760	0.4830	0.6437	0.5034	0.8161	0.0388	0.6929	36.7368	0.2704	959.0000	292.0000	0.3045	964.0000
761	0.4942	0.6430	0.5074	0.7868	0.0390	0.7054	36.4737	0.2759	1011.0000	302.0000	0.2987	1016.0000
762	0.4987	0.6413	0.5007	0.8196	0.0402	0.7035	36.5263	0.2665	923.0000	285.0000	0.3088	927.0000
763	0.4868	0.6483	0.5064	0.7965	0.0394	0.6897	36.5789	0.2915	964.0000	305.0000	0.3164	968.0000
764	0.4998	0.6462	0.5048	0.7954	0.0404	0.7086	36.3158	0.2623	991.0000	294.0000	0.2967	994.0000
765	0.4769	0.6430	0.5061	0.7913	0.0384	0.6903	36.3684	0.2983	982.0000	306.0000	0.3116	990.0000
766	0.4830	0.6478	0.5103	0.8095	0.0399	0.7040	36.6842	0.2661	973.0000	299.0000	0.3073	979.0000
767	0.4909	0.6432	0.5045	0.8044	0.0379	0.6893	36.7368	0.2654	982.0000	298.0000	0.3035	986.0000
768	0.4891	0.6476	0.5062	0.7837	0.0390	0.7033	36.7368	0.2579	1004.0000	300.0000	0.2988	1009.0000
769	0.5057	0.6483	0.5031	0.7991	0.0418	0.7140	36.6842	0.2434	1006.0000	289.0000	0.2873	1012.0000
770	0.4903	0.6469	0.5083	0.8114	0.0401	0.7035	36.8421	0.2670	999.0000	296.0000	0.2963	1004.0000
771	0.4855	0.6427	0.4994	0.8016	0.0395	0.7070	36.5263	0.2641	985.0000	292.0000	0.2964	993.0000
772	0.4754	0.6413	0.5063	0.8165	0.0389	0.6843	36.5789	0.2845	980.0000	303.0000	0.3092	986.0000
773	0.4803	0.6478	0.5103	0.8071	0.0402	0.6929	36.5789	0.2857	975.0000	304.0000	0.3118	980.0000
774	0.4775	0.6427	0.5065	0.8172	0.0401	0.6891	36.7368	0.2805	976.0000	301.0000	0.3084	981.0000
775	0.4784	0.6525	0.5123	0.8121	0.0408	0.6923	36.5789	0.2834	1001.0000	303.0000	0.3027	1004.0000
776	0.5020	0.6434	0.5046	0.8267	0.0392	0.7152	36.6842	0.2526	983.0000	279.0000	0.2838	987.0000
777	0.4923	0.6427	0.5038	0.7946	0.0379	0.6934	36.5789	0.2898	966.0000	299.0000	0.3095	969.0000
778	0.4904	0.6460	0.5086	0.8121	0.0401	0.6977	36.7368	0.2736	952.0000	298.0000	0.3130	958.0000
779	0.4787	0.6467	0.5080	0.8060	0.0406	0.6982	36.5263	0.2741	988.0000	295.0000	0.2986	993.0000
780	0.4755	0.6511	0.5132	0.8070	0.0431	0.7109	36.5789	0.2662	1014.0000	299.0000	0.2949	1019.0000
781	0.4892	0.6525	0.5110	0.8029	0.0412	0.6952	36.5789	0.2777	953.0000	306.0000	0.3211	958.0000
782	0.4842	0.6483	0.5089	0.8183	0.0417	0.6932	36.7895	0.2815	940.0000	304.0000	0.3234	942.0000
783	0.4863	0.6448	0.5022	0.8011	0.0401	0.7023	36.7368	0.2639	989.0000	293.0000	0.2963	992.0000
784	0.4872	0.6483	0.5033	0.8053	0.0425	0.6966	36.7368	0.2755	996.0000	297.0000	0.2982	1000.0000
785	0.5079	0.6474	0.5079	0.8100	0.0403	0.6985	36.6842	0.2705	976.0000	295.0000	0.3023	980.0000
786	0.4784	0.6455	0.5103	0.8056	0.0385	0.7087	36.8421	0.2571	993.0000	285.0000	0.2870	1001.0000
787	0.4983	0.6430	0.5028	0.8145	0.0396	0.6997	36.5789	0.2690	955.0000	289.0000	0.3026	961.0000
788	0.4715	0.6404	0.5052	0.8044	0.0400	0.7038	36.6316	0.2680	977.0000	292.0000	0.2989	983.0000
789	0.5052	0.6423	0.5006	0.7891	0.0407	0.6976	36.4211	0.2629	987.0000	303.0000	0.3070	991.0000
790	0.5053	0.6427	0.5058	0.8119	0.0389	0.7086	36.6842	0.2665	987.0000	283.0000	0.2867	993.0000
791	0.4505	0.6455	0.5097	0.8142	0.0386	0.6792	36.9474	0.3012	1000.0000	318.0000	0.3180	1006.0000
792	0.4949	0.6511	0.5080	0.8053	0.0413	0.7127	36.7368	0.2710	1011.0000	299.0000	0.2957	1017.0000
793	0.4805	0.6430	0.5043	0.7977	0.0387	0.7022	36.8421	0.2622	1009.0000	298.0000	0.2953	1017.0000
794	0.4872	0.6469	0.5054	0.8190	0.0398	0.7067	36.5263	0.2719	973.0000	289.0000	0.2970	976.0000
795	0.5060	0.6502	0.5065	0.7826	0.0404	0.7031	36.4737	0.2607	1025.0000	303.0000	0.2956	1028.0000
796	0.4730	0.6437	0.5022	0.8102	0.0396	0.7000	36.8421	0.2768	988.0000	294.0000	0.2976	994.0000
797	0.4764	0.6413	0.5043	0.8098	0.0388	0.6805	36.6842	0.2883	934.0000	296.0000	0.3169	940.0000
798	0.4860	0.6441	0.4998	0.7929	0.0385	0.7031	36.5263	0.2681	1004.0000	285.0000	0.2839	1009.0000
799	0.4703	0.6539	0.5063	0.7864	0.0408	0.6918	36.8421	0.2914	1010.0000	316.0000	0.3129	1014.0000
800	0.4830	0.6511	0.5101	0.8188	0.0413	0.6952	36.5789	0.2774	1002.0000	300.0000	0.2994	1004.0000
801	0.4715	0.6427	0.5037	0.8022	0.0398	0.6970	36.5789	0.2881	981.0000	300.0000	0.3058	986.0000
802	0.4929	0.6404	0.5053	0.8044	0.0398	0.6841	36.3158	0.2777	984.0000	307.0000	0.3120	988.0000
803	0.4949	0.6460	0.5076	0.7989	0.0405	0.6992	36.8421	0.2594	984.0000	303.0000	0.3079	990.0000
804	0.4810	0.6509	0.5074	0.8077	0.0417	0.6940	36.7895	0.2753	964.0000	304.0000	0.3154	966.0000
805	0.4790	0.6441	0.5035	0.8052	0.0392	0.6921	36.8421	0.2730	984.0000	292.0000	0.2967	991.0000
806	0.4769	0.6455	0.5022	0.7936	0.0400	0.6976	36.6842	0.2758	1001.0000	300.0000	0.2997	1008.0000
807	0.4965	0.6516	0.5103	0.8061	0.0404	0.7194	36.5263	0.2493	1007.0000	291.0000	0.2890	1015.0000
808	0.4880	0.6455	0.5056	0.8087	0.0403	0.6951	36.6316	0.2727	964.0000	301.0000	0.3122	967.0000
809	0.4899	0.6495	0.5101	0.8027	0.0398	0.7138	36.7895	0.2551	1003.0000	295.0000	0.2941	1009.0000
810	0.4950	0.6448	0.5084	0.7993	0.0414	0.7039	36.5789	0.2667	988.0000	297.0000	0.3006	991.0000
811	0.4815	0.6462	0.5080	0.7993	0.0389	0.7118	36.6842	0.2651	999.0000	291.0000	0.2913	1002.0000
812	0.4984	0.6511	0.5101	0.8061	0.0400	0.6995	36.7895	0.2706	1012.0000	303.0000	0.2994	1016.0000
813	0.4896	0.6427	0.5049	0.8050	0.0387	0.6778	36.3684	0.2887	991.0000	306.0000	0.3088	993.0000
814	0.4799	0.6504	0.5067	0.8031	0.0397	0.6904	36.7895	0.2783	1011.0000	303.0000	0.2997	1016.0000
815	0.4772	0.6497	0.5096	0.8032	0.0397	0.6956	36.6842	0.2768	996.0000	304.0000	0.3052	1000.0000
816	0.4744	0.6462	0.5110	0.8142	0.0396	0.6959	36.3684	0.2839	976.0000	294.0000	0.3012	981.0000
817	0.4791	0.6457	0.5048	0.8152	0.0412	0.6869	36.3158	0.2839	945.0000	290.0000	0.3069	947.0000
818	0.5052	0.6430	0.5038	0.8025	0.0392	0.6928	36.4737	0.2655	949.0000	299.0000	0.3151	952.0000
819	0.4745	0.6467	0.5050	0.8048	0.0396	0.6832	36.6316	0.2988	985.0000	317.0000	0.3218	990.0000
820	0.4756	0.6457	0.5032	0.7973	0.0402	0.6880	36.9474	0.2899	984.0000	302.0000	0.3069	987.0000
821	0.4774	0.6490	0.5053	0.7930	0.0406	0.6834	36.4737	0.2913	992.0000	312.0000	0.3145	994.0000
822	0.4863	0.6453	0.5073	0.8039	0.0381	0.7085	36.7368	0.2710	989.0000	285.0000	0.2882	994.0000
823	0.4920	0.6425	0.5028	0.7946	0.0379	0.6918	36.5263	0.2760	1006.0000	310.0000	0.3082	1013.0000
824	0.4881	0.6420	0.5018	0.8182	0.0404	0.7049	36.6316	0.2660	942.0000	284.0000	0.3015	944.0000
825	0.4808	0.6488	0.5064	0.7977	0.0411	0.6913	36.6316	0.2832	971.0000	302.0000	0.3110	974.0000
826	0.4838	0.6441	0.5027	0.7951	0.0390	0.7188	36.6316	0.2650	994.0000	277.0000	0.2787	1000.0000
827	0.4885	0.6490	0.5071	0.8182	0.0417	0.6974	36.4737	0.2620	975.0000	303.0000	0.3108	979.0000
828	0.4811	0.6476	0.5109	0.7976	0.0419	0.7060	36.7368	0.2721	987.0000	294.0000	0.2979	995.0000
829	0.4863	0.6430	0.5024	0.8065	0.0399	0.6934	36.4211	0.2729	993.0000	293.0000	0.2951	998.0000
830	0.4779	0.6490	0.5057	0.8138	0.0396	0.6824	36.8947	0.2967	970.0000	310.0000	0.3196	975.0000
831	0.4861	0.6448	0.4980	0.7980	0.0417	0.6931	36.4211	0.2741	949.0000	303.0000	0.3193	953.0000
832	0.4589	0.6525	0.5105	0.8035	0.0399	0.6912	36.5789	0.2886	1011.0000	307.0000	0.3037	1016.0000
833	0.4808	0.6511	0.5130	0.8143	0.0423	0.6952	36.7368	0.2788	1002.0000	303.0000	0.3024	1006.0000
834	0.5040	0.6518	0.5116	0.8075	0.0408	0.7191	36.7368	0.2466	1006.0000	285.0000	0.2833	1012.0000
835	0.4804	0.6392	0.5038	0.8036	0.0378	0.6937	36.7895	0.2725	974.0000	291.0000	0.2988	980.0000
836	0.4624	0.6469	0.5038	0.7957	0.0409	0.6847	36.7895	0.2818	994.0000	319.0000	0.3209	996.0000
837	0.4608	0.6444	0.5096	0.8162	0.0393	0.6913	36.6842	0.2852	962.0000	289.0000	0.3004	968.0000
838	0.4762	0.6455	0.5090	0.8227	0.0414	0.6935	36.7368	0.2689	955.0000	295.0000	0.3089	959.0000
839	0.4722	0.6388	0.4965	0.8044	0.0387	0.7042	36.5263	0.2604	977.0000	289.0000	0.2958	984.0000
840	0.4980	0.6441	0.5053	0.8132	0.0385	0.7107	36.5789	0.2634	978.0000	289.0000	0.2955	985.0000
841	0.4705	0.6444	0.5039	0.8102	0.0399	0.6853	36.7368	0.2842	975.0000	304.0000	0.3118	980.0000
842	0.4680	0.6481	0.5067	0.8101	0.0395	0.6932	36.6842	0.2786	985.0000	296.0000	0.3005	989.0000
843	0.4768	0.6385	0.5027	0.8110	0.0377	0.6851	36.5789	0.2884	947.0000	296.0000	0.3126	954.0000
844	0.4779	0.6399	0.5034	0.8011	0.0392	0.7032	36.5789	0.2802	992.0000	294.0000	0.2964	999.0000
845	0.4890	0.6416	0.5039	0.8151	0.0385	0.7167	36.4737	0.2518	979.0000	279.0000	0.2850	984.0000
846	0.5035	0.6437	0.5036	0.8095	0.0390	0.7111	36.7895	0.2533	1003.0000	291.0000	0.2901	1009.0000
847	0.4824	0.6464	0.5058	0.8046	0.0392	0.6842	36.7895	0.2889	975.0000	303.0000	0.3108	979.0000
848	0.4780	0.6464	0.5066	0.8054	0.0393	0.7026	36.5789	0.2725	964.0000	297.0000	0.3081	968.0000
849	0.4955	0.6430	0.5025	0.8147	0.0410	0.6877	36.5789	0.2731	949.0000	299.0000	0.3151	952.0000
850	0.4915	0.6406	0.5072	0.8051	0.0386	0.7002	36.5789	0.2756	998.0000	296.0000	0.2966	1003.0000
851	0.5084	0.6490	0.5110	0.8048	0.0398	0.6968	36.5263	0.2679	1025.0000	301.0000	0.2937	1031.0000
852	0.4854	0.6455	0.5048	0.7994	0.0388	0.7068	36.5789	0.2666	998.0000	293.0000	0.2936	1007.0000
853	0.4919	0.6416	0.5039	0.8149	0.0410	0.6940	36.7368	0.2692	942.0000	293.0000	0.3110	946.0000
854	0.4853	0.6471	0.5093	0.8177	0.0410	0.6968	36.5789	0.2573	968.0000	296.0000	0.3058	970.0000
855	0.4772	0.6511	0.5015	0.8135	0.0417	0.6942	36.5263	0.2767	927.0000	301.0000	0.3247	929.0000
856	0.4914	0.6381	0.5052	0.8020	0.0364	0.6898	36.6842	0.2813	994.0000	296.0000	0.2978	1001.0000
857	0.4850	0.6437	0.5070	0.7934	0.0400	0.7062	36.4737	0.2662	1008.0000	297.0000	0.2946	1012.0000
858	0.4821	0.6476	0.5059	0.8192	0.0389	0.7002	36.6316	0.2623	990.0000	296.0000	0.2990	994.0000
859	0.4893	0.6450	0.5032	0.8146	0.0415	0.7017	36.4737	0.2733	954.0000	290.0000	0.3040	958.0000
860	0.4818	0.6464	0.5101	0.8079	0.0400	0.6885	36.8421	0.2780	955.0000	302.0000	0.3162	960.0000
861	0.5008	0.6444	0.4998	0.7989	0.0398	0.7087	36.6316	0.2603	977.0000	291.0000	0.2979	983.0000
862	0.5022	0.6441	0.5034	0.7905	0.0396	0.7120	36.7368	0.2537	993.0000	291.0000	0.2931	1001.0000
863	0.4696	0.6502	0.5079	0.8100	0.0420	0.6866	36.7368	0.2846	937.0000	308.0000	0.3287	942.0000
864	0.4878	0.6462	0.5075	0.7994	0.0382	0.6975	36.6842	0.2794	987.0000	299.0000	0.3029	993.0000
865	0.4869	0.6432	0.5009	0.8083	0.0393	0.6836	36.6316	0.2799	969.0000	304.0000	0.3137	975.0000
866	0.4837	0.6406	0.5041	0.8031	0.0382	0.6983	36.6842	0.2766	999.0000	291.0000	0.2913	1003.0000
867	0.5040	0.6495	0.5048	0.7991	0.0410	0.7107	36.5789	0.2571	997.0000	295.0000	0.2959	1001.0000
868	0.4899	0.6453	0.5056	0.8126	0.0388	0.7065	36.4737	0.2652	963.0000	280.0000	0.2908	968.0000
869	0.4964	0.6509	0.5075	0.8095	0.0420	0.7015	36.4211	0.2640	960.0000	297.0000	0.3094	966.0000
870	0.4841	0.6511	0.5108	0.8074	0.0401	0.6947	36.4211	0.2796	1027.0000	305.0000	0.2970	1032.0000
871	0.4713	0.6513	0.5058	0.8003	0.0405	0.6799	36.6842	0.2909	1004.0000	317.0000	0.3157	1011.0000
872	0.4961	0.6453	0.5057	0.7942	0.0391	0.6915	36.5789	0.2821	991.0000	307.0000	0.3098	994.0000
873	0.4953	0.6523	0.5116	0.8089	0.0410	0.7079	36.7368	0.2640	992.0000	293.0000	0.2954	996.0000
874	0.4802	0.6471	0.5055	0.8201	0.0409	0.7065	36.6316	0.2721	977.0000	293.0000	0.2999	981.0000
875	0.4746	0.6448	0.5062	0.8046	0.0396	0.7136	36.5263	0.2654	995.0000	287.0000	0.2884	1000.0000
876	0.5022	0.6518	0.5106	0.8188	0.0421	0.7159	36.6842	0.2618	982.0000	287.0000	0.2923	986.0000
877	0.4915	0.6437	0.5095	0.8146	0.0405	0.6992	36.6842	0.2655	978.0000	291.0000	0.2975	984.0000
878	0.4785	0.6464	0.5068	0.7943	0.0387	0.6981	36.8421	0.2637	1001.0000	308.0000	0.3077	1009.0000
879	0.4818	0.6483	0.5085	0.8178	0.0405	0.7070	36.5263	0.2623	982.0000	291.0000	0.2963	987.0000
880	0.4999	0.6413	0.5036	0.8083	0.0392	0.7179	36.5263	0.2594	994.0000	285.0000	0.2867	999.0000
881	0.5040	0.6504	0.5081	0.8048	0.0408	0.6962	36.5263	0.2601	989.0000	298.0000	0.3013	994.0000
882	0.4853	0.6502	0.5039	0.8044	0.0403	0.6890	36.7895	0.2863	966.0000	301.0000	0.3116	970.0000
883	0.4835	0.6471	0.5046	0.8184	0.0423	0.6979	36.6316	0.2694	954.0000	290.0000	0.3040	957.0000
884	0.5032	0.6448	0.5063	0.8117	0.0404	0.7032	36.5789	0.2707	956.0000	289.0000	0.3023	961.0000
885	0.4959	0.6453	0.5047	0.8094	0.0401	0.6939	36.7895	0.2619	987.0000	291.0000	0.2948	991.0000
886	0.4778	0.6485	0.5044	0.8008	0.0410	0.6998	36.7368	0.2725	985.0000	300.0000	0.3046	989.0000
887	0.5080	0.6474	0.5044	0.7868	0.0398	0.7083	36.8947	0.2646	1010.0000	306.0000	0.3030	1014.0000
888	0.5049	0.6450	0.5091	0.8075	0.0391	0.7101	36.7368	0.2589	1012.0000	294.0000	0.2905	1019.0000
889	0.4876	0.6351	0.5021	0.8149	0.0373	0.7032	36.5789	0.2710	962.0000	287.0000	0.2983	964.0000
890	0.5102	0.6441	0.5065	0.8017	0.0398	0.7160	36.4211	0.2421	1005.0000	278.0000	0.2766	1008.0000
891	0.4993	0.6481	0.5031	0.8004	0.0402	0.7047	36.5789	0.2683	1017.0000	298.0000	0.2930	1020.0000
892	0.5060	0.6395	0.5044	0.8184	0.0402	0.6986	36.7895	0.2523	946.0000	285.0000	0.3013	949.0000
893	0.4749	0.6392	0.5069	0.8084	0.0392	0.6811	36.8947	0.2928	976.0000	302.0000	0.3094	983.0000
894	0.4880	0.6434	0.5000	0.8079	0.0392	0.7025	36.7895	0.2617	999.0000	287.0000	0.2873	1002.0000
895	0.4903	0.6467	0.5043	0.8033	0.0410	0.6945	36.4737	0.2650	988.0000	299.0000	0.3026	993.0000
896	0.4743	0.6390	0.5035	0.8230	0.0390	0.6857	36.7368	0.2779	947.0000	288.0000	0.3041	951.0000
897	0.4908	0.6418	0.5033	0.8071	0.0383	0.7027	36.4211	0.2810	988.0000	294.0000	0.2976	994.0000
898	0.4805	0.6511	0.5131	0.7986	0.0407	0.6955	36.5789	0.2880	979.0000	305.0000	0.3115	984.0000
899	0.4870	0.6488	0.5101	0.8069	0.0395	0.6964	36.6842	0.2710	975.0000	294.0000	0.3015	979.0000
900	0.4831	0.6423	0.5027	0.8057	0.0393	0.6966	36.4737	0.2736	998.0000	289.0000	0.2896	1002.0000
901	0.4997	0.6532	0.5107	0.8091	0.0402	0.7043	36.5789	0.2676	1015.0000	299.0000	0.2946	1021.0000
902	0.4774	0.6457	0.5068	0.7847	0.0379	0.6911	36.5263	0.2945	1019.0000	316.0000	0.3101	1026.0000
903	0.4825	0.6492	0.5063	0.8063	0.0409	0.6889	37.0000	0.2880	982.0000	310.0000	0.3157	984.0000
904	0.4891	0.6488	0.5116	0.8071	0.0405	0.7016	36.5789	0.2722	981.0000	290.0000	0.2956	983.0000
905	0.4762	0.6416	0.5050	0.8069	0.0393	0.6891	36.6316	0.2761	982.0000	298.0000	0.3035	987.0000
906	0.4958	0.6481	0.5067	0.8052	0.0407	0.6963	36.5789	0.2708	973.0000	302.0000	0.3104	979.0000
907	0.4961	0.6476	0.5094	0.8243	0.0413	0.7002	36.5263	0.2662	964.0000	281.0000	0.2915	970.0000
908	0.4857	0.6476	0.5049	0.8047	0.0403	0.6784	36.7895	0.2866	965.0000	303.0000	0.3140	967.0000
909	0.4767	0.6462	0.5066	0.8001	0.0402	0.7023	36.8421	0.2600	1009.0000	303.0000	0.3003	1013.0000
910	0.4868	0.6476	0.5068	0.8132	0.0419	0.6964	36.8947	0.2783	962.0000	301.0000	0.3129	965.0000
911	0.4623	0.6469	0.5111	0.8055	0.0399	0.6933	36.4211	0.2809	993.0000	299.0000	0.3011	998.0000
912	0.4991	0.6464	0.5025	0.7989	0.0418	0.7072	36.5263	0.2552	979.0000	293.0000	0.2993	984.0000
913	0.4854	0.6492	0.5112	0.8119	0.0406	0.6989	36.7368	0.2647	991.0000	300.0000	0.3027	995.0000
914	0.4781	0.6409	0.5059	0.8009	0.0373	0.6811	36.8947	0.2976	981.0000	305.0000	0.3109	987.0000
915	0.4797	0.6453	0.5037	0.8149	0.0396	0.6988	36.7368	0.2727	991.0000	295.0000	0.2977	995.0000
916	0.5029	0.6464	0.5065	0.8132	0.0400	0.6923	36.4737	0.2764	957.0000	303.0000	0.3166	961.0000
917	0.5068	0.6504	0.5102	0.8021	0.0419	0.7040	36.6842	0.2608	1010.0000	293.0000	0.2901	1013.0000
918	0.5035	0.6432	0.5005	0.8022	0.0398	0.7109	36.7368	0.2507	1006.0000	286.0000	0.2843	1010.0000
919	0.4794	0.6488	0.5055	0.8124	0.0397	0.6970	36.7895	0.2730	971.0000	296.0000	0.3048	973.0000
920	0.4767	0.6462	0.5042	0.8125	0.0396	0.7005	36.7895	0.2704	999.0000	292.0000	0.2923	1001.0000
921	0.4963	0.6469	0.5048	0.8042	0.0408	0.7213	36.7368	0.2455	983.0000	280.0000	0.2848	985.0000
922	0.4813	0.6469	0.5091	0.8178	0.0411	0.6948	36.5789	0.2771	983.0000	295.0000	0.3001	987.0000
923	0.4835	0.6399	0.5083	0.8224	0.0382	0.6896	36.3684	0.2838	951.0000	297.0000	0.3123	955.0000
924	0.4987	0.6492	0.5104	0.8121	0.0395	0.7049	36.6316	0.2807	985.0000	299.0000	0.3036	989.0000
925	0.4800	0.6455	0.5069	0.7918	0.0402	0.6979	36.8947	0.2722	992.0000	299.0000	0.3014	998.0000
926	0.4914	0.6441	0.4982	0.8113	0.0399	0.6905	36.6316	0.2837	963.0000	299.0000	0.3105	966.0000
927	0.4892	0.6453	0.5038	0.7879	0.0389	0.6898	36.6842	0.2665	1014.0000	300.0000	0.2959	1020.0000
928	0.4966	0.6409	0.5024	0.7943	0.0394	0.7032	36.7895	0.2622	973.0000	291.0000	0.2991	979.0000
929	0.4864	0.6397	0.5005	0.8118	0.0378	0.7119	36.4211	0.2588	970.0000	289.0000	0.2979	974.0000
930	0.4766	0.6481	0.5075	0.8091	0.0402	0.6837	36.4211	0.2794	975.0000	309.0000	0.3169	978.0000
931	0.4808	0.6457	0.5036	0.8163	0.0417	0.6848	36.7895	0.2947	966.0000	298.0000	0.3085	970.0000
932	0.4734	0.6455	0.5049	0.8013	0.0397	0.6906	36.7895	0.2867	961.0000	299.0000	0.3111	964.0000
933	0.4937	0.6483	0.5087	0.8190	0.0406	0.7060	36.5789	0.2686	972.0000	290.0000	0.2984	978.0000
934	0.4954	0.6464	0.5047	0.7986	0.0396	0.7109	36.6316	0.2453	987.0000	286.0000	0.2898	989.0000
935	0.4829	0.6474	0.5087	0.8105	0.0410	0.7030	36.5263	0.2665	972.0000	295.0000	0.3035	974.0000
936	0.4845	0.6516	0.5073	0.7941	0.0413	0.6933	36.7368	0.2856	993.0000	310.0000	0.3122	998.0000
937	0.4831	0.6474	0.5105	0.8201	0.0409	0.6958	36.3684	0.2764	962.0000	292.0000	0.3035	966.0000
938	0.4991	0.6409	0.5005	0.7981	0.0371	0.7003	36.7895	0.2530	1003.0000	292.0000	0.2911	1008.0000
939	0.4863	0.6483	0.5047	0.8029	0.0394	0.7072	36.6316	0.2646	1017.0000	302.0000	0.2970	1022.0000
940	0.4859	0.6485	0.5083	0.8055	0.0392	0.7061	36.7895	0.2648	994.0000	290.0000	0.2918	996.0000
941	0.4769	0.6455	0.5064	0.7940	0.0386	0.6998	36.7368	0.2827	1024.0000	307.0000	0.2998	1027.0000
942	0.5092	0.6430	0.5049	0.8071	0.0408	0.7187	36.9474	0.2403	983.0000	280.0000	0.2848	987.0000
943	0.4765	0.6450	0.4997	0.8104	0.0399	0.6933	36.3684	0.2841	944.0000	296.0000	0.3136	947.0000
944	0.4804	0.6467	0.5091	0.7964	0.0398	0.6891	36.5789	0.2840	966.0000	304.0000	0.3147	970.0000
945	0.4737	0.6499	0.5122	0.8077	0.0404	0.7085	36.7368	0.2783	1020.0000	297.0000	0.2912	1022.0000
946	0.5141	0.6504	0.5075	0.8044	0.0403	0.7067	36.8421	0.2649	989.0000	296.0000	0.2993	996.0000
947	0.4772	0.6511	0.5126	0.8019	0.0416	0.7027	36.5789	0.2818	970.0000	295.0000	0.3041	975.0000
948	0.4762	0.6499	0.5092	0.8185	0.0399	0.6974	36.5263	0.2698	994.0000	298.0000	0.2998	997.0000
949	0.4865	0.6467	0.5097	0.7925	0.0395	0.6870	36.3158	0.2823	989.0000	312.0000	0.3155	994.0000
950	0.4942	0.6371	0.5009	0.7956	0.0395	0.7017	36.5789	0.2604	959.0000	291.0000	0.3034	963.0000
951	0.4870	0.6464	0.5095	0.8000	0.0411	0.6886	36.7368	0.2830	969.0000	298.0000	0.3075	975.0000
952	0.4947	0.6430	0.4987	0.8036	0.0396	0.6903	36.7895	0.2687	968.0000	300.0000	0.3099	972.0000
953	0.5021	0.6439	0.5006	0.8132	0.0397	0.6994	36.7368	0.2573	994.0000	296.0000	0.2978	999.0000
954	0.5032	0.6439	0.5101	0.8027	0.0408	0.7073	36.5789	0.2525	976.0000	301.0000	0.3084	980.0000
955	0.4781	0.6395	0.5008	0.8080	0.0392	0.6973	36.6842	0.2757	983.0000	289.0000	0.2940	989.0000
956	0.4971	0.6471	0.5042	0.8146	0.0407	0.6954	36.8947	0.2873	974.0000	294.0000	0.3018	977.0000
957	0.4653	0.6481	0.5094	0.7970	0.0378	0.6881	36.7895	0.2944	1027.0000	312.0000	0.3038	1030.0000
958	0.4754	0.6462	0.5093	0.8093	0.0414	0.7062	36.6316	0.2650	1007.0000	290.0000	0.2880	1011.0000
959	0.4869	0.6418	0.5028	0.7927	0.0377	0.6941	36.6842	0.2733	1000.0000	302.0000	0.3020	1003.0000
960	0.4858	0.6446	0.5034	0.7980	0.0396	0.6941	36.5789	0.2787	985.0000	299.0000	0.3036	989.0000
961	0.5095	0.6490	0.5103	0.7944	0.0407	0.7088	36.7368	0.2678	971.0000	298.0000	0.3069	976.0000
962	0.4936	0.6448	0.5062	0.8052	0.0404	0.6979	36.8421	0.2757	981.0000	298.0000	0.3038	987.0000
963	0.4856	0.6432	0.5092	0.8048	0.0381	0.6953	36.7895	0.2718	961.0000	293.0000	0.3049	964.0000
964	0.4848	0.6513	0.5062	0.8204	0.0429	0.6947	36.7895	0.2688	956.0000	308.0000	0.3222	959.0000
965	0.4939	0.6441	0.5004	0.8082	0.0404	0.6961	36.7368	0.2694	947.0000	295.0000	0.3115	952.0000
966	0.4762	0.6462	0.5075	0.8167	0.0402	0.6843	36.5263	0.2944	949.0000	300.0000	0.3161	953.0000
967	0.4855	0.6418	0.5063	0.7998	0.0389	0.6851	36.6316	0.2694	990.0000	298.0000	0.3010	994.0000
968	0.4852	0.6397	0.4987	0.7969	0.0380	0.6928	36.7895	0.2778	985.0000	297.0000	0.3015	992.0000
969	0.4988	0.6444	0.5076	0.8213	0.0410	0.7089	36.5789	0.2690	990.0000	291.0000	0.2939	993.0000
970	0.4717	0.6444	0.5021	0.7913	0.0380	0.6867	36.6316	0.2826	997.0000	304.0000	0.3049	1002.0000
971	0.4758	0.6448	0.5052	0.8067	0.0410	0.6839	36.8947	0.2929	960.0000	309.0000	0.3219	966.0000
972	0.4984	0.6525	0.5124	0.8172	0.0421	0.7173	36.5263	0.2525	981.0000	282.0000	0.2875	985.0000
973	0.4693	0.6492	0.5090	0.8002	0.0412	0.7067	36.6316	0.2679	996.0000	298.0000	0.2992	1004.0000
974	0.4769	0.6518	0.5098	0.8041	0.0419	0.6803	36.6316	0.2925	973.0000	312.0000	0.3207	978.0000
975	0.5011	0.6478	0.5021	0.8108	0.0417	0.6974	36.7368	0.2756	979.0000	305.0000	0.3115	982.0000
976	0.4810	0.6390	0.4991	0.8044	0.0376	0.6931	36.7895	0.2729	997.0000	293.0000	0.2939	1001.0000
977	0.4934	0.6420	0.5015	0.8055	0.0402	0.7078	36.4211	0.2568	986.0000	285.0000	0.2890	989.0000
978	0.4929	0.6441	0.5095	0.8140	0.0412	0.7029	36.4211	0.2653	981.0000	289.0000	0.2946	985.0000
979	0.4906	0.6467	0.5115	0.8104	0.0399	0.7082	36.6842	0.2693	999.0000	294.0000	0.2943	1003.0000
980	0.4926	0.6457	0.5058	0.7985	0.0412	0.7060	36.8421	0.2559	1006.0000	288.0000	0.2863	1011.0000
981	0.4956	0.6478	0.5059	0.8052	0.0396	0.7101	36.6842	0.2544	987.0000	285.0000	0.2888	991.0000
982	0.4655	0.6467	0.5041	0.7989	0.0387	0.6860	36.6842	0.2828	1001.0000	309.0000	0.3087	1005.0000
983	0.4916	0.6474	0.5037	0.8060	0.0410	0.6897	36.5789	0.2756	981.0000	306.0000	0.3119	984.0000
984	0.4748	0.6444	0.5030	0.8015	0.0405	0.7001	36.4211	0.2583	1002.0000	294.0000	0.2934	1007.0000
985	0.4779	0.6478	0.5089	0.8129	0.0408	0.6973	36.6842	0.2671	963.0000	298.0000	0.3094	967.0000
986	0.5065	0.6457	0.5023	0.8010	0.0393	0.7149	36.8947	0.2520	997.0000	289.0000	0.2899	1002.0000
987	0.4806	0.6411	0.5047	0.8055	0.0389	0.6924	36.7895	0.2861	963.0000	299.0000	0.3105	969.0000
988	0.4933	0.6495	0.5078	0.7979	0.0397	0.6869	36.5789	0.2741	1013.0000	308.0000	0.3040	1016.0000
989	0.4863	0.6402	0.5017	0.8142	0.0380	0.6911	36.8421	0.2761	956.0000	296.0000	0.3096	961.0000
990	0.5110	0.6490	0.5066	0.8142	0.0411	0.7123	36.5263	0.2564	973.0000	294.0000	0.3022	976.0000
991	0.4734	0.6437	0.5040	0.8005	0.0386	0.6834	36.6316	0.2844	979.0000	296.0000	0.3023	984.0000
992	0.4953	0.6460	0.5079	0.7953	0.0389	0.7129	36.4737	0.2475	1005.0000	287.0000	0.2856	1008.0000
993	0.4953	0.6464	0.5077	0.8135	0.0428	0.6961	36.7368	0.2711	915.0000	295.0000	0.3224	918.0000
994	0.4836	0.6448	0.4995	0.7884	0.0394	0.6906	36.6316	0.2723	996.0000	311.0000	0.3122	999.0000
995	0.4805	0.6453	0.5072	0.8054	0.0403	0.7072	36.8421	0.2580	997.0000	299.0000	0.2999	1001.0000
996	0.4930	0.6411	0.5067	0.7885	0.0391	0.7073	36.6842	0.2628	988.0000	291.0000	0.2945	993.0000
997	0.4931	0.6476	0.5070	0.8107	0.0393	0.6966	36.5263	0.2759	970.0000	296.0000	0.3052	978.0000
998	0.4839	0.6457	0.5039	0.8098	0.0409	0.6876	36.5789	0.2866	955.0000	304.0000	0.3183	958.0000
999	0.5001	0.6460	0.5116	0.8156	0.0404	0.7048	36.7368	0.2723	979.0000	293.0000	0.2993	982.0000
1000	0.4931	0.6418	0.5016	0.8103	0.0372	0.7006	36.6316	0.2646	977.0000	289.0000	0.2958	984.0000
