accuracy	proportion	density	fuzziness	coverage	purity	sounds	missing	ubound	clusters	props	patterns
1	0.4995	0.6774	0.5057	0.7919	0.0364	0.7140	37.2105	0.2649	1291.0000	401.0000	0.3106	1294.0000
2	0.4901	0.6629	0.5037	0.8031	0.0293	0.7082	37.1053	0.2661	1152.0000	346.0000	0.3003	1156.0000
3	0.4964	0.6578	0.5027	0.8004	0.0284	0.7070	36.7368	0.2644	1106.0000	317.0000	0.2866	1111.0000
4	0.4846	0.6541	0.5064	0.8043	0.0258	0.7048	36.8947	0.2581	1028.0000	310.0000	0.3016	1031.0000
5	0.4790	0.6516	0.5061	0.7964	0.0262	0.6913	36.8947	0.2854	1038.0000	322.0000	0.3102	1043.0000
6	0.4902	0.6385	0.5025	0.8081	0.0253	0.7047	36.8947	0.2570	1009.0000	290.0000	0.2874	1014.0000
7	0.4814	0.6455	0.5066	0.8024	0.0254	0.6961	36.6316	0.2747	984.0000	301.0000	0.3059	990.0000
8	0.4932	0.6453	0.5005	0.8020	0.0247	0.7178	36.6316	0.2621	1025.0000	290.0000	0.2829	1029.0000
9	0.5057	0.6488	0.5102	0.8041	0.0249	0.7050	36.6842	0.2694	987.0000	292.0000	0.2958	991.0000
10	0.4777	0.6441	0.5072	0.8117	0.0263	0.6939	36.6316	0.2799	944.0000	287.0000	0.3040	947.0000
11	0.4938	0.6444	0.5067	0.8164	0.0247	0.7027	36.6842	0.2616	993.0000	300.0000	0.3021	997.0000
12	0.4826	0.6453	0.5084	0.8015	0.0245	0.6987	36.5789	0.2708	986.0000	298.0000	0.3022	988.0000
13	0.5034	0.6434	0.5070	0.8032	0.0244	0.6977	36.6316	0.2638	996.0000	293.0000	0.2942	1002.0000
14	0.5002	0.6483	0.5041	0.7997	0.0254	0.6956	36.6316	0.2692	971.0000	305.0000	0.3141	976.0000
15	0.4701	0.6397	0.5021	0.8172	0.0254	0.6940	36.4211	0.2850	930.0000	291.0000	0.3129	934.0000
16	0.4790	0.6404	0.5046	0.8061	0.0242	0.7004	36.8421	0.2673	980.0000	292.0000	0.2980	989.0000
17	0.4838	0.6467	0.5050	0.8124	0.0258	0.6873	36.5789	0.2784	975.0000	300.0000	0.3077	982.0000
18	0.4793	0.6446	0.5039	0.7999	0.0257	0.6965	36.4737	0.2842	981.0000	303.0000	0.3089	984.0000
19	0.4924	0.6464	0.5015	0.7927	0.0252	0.6968	36.6842	0.2643	981.0000	300.0000	0.3058	986.0000
20	0.4899	0.6504	0.5060	0.8154	0.0260	0.6966	36.7368	0.2752	979.0000	303.0000	0.3095	984.0000
21	0.4859	0.6450	0.5045	0.8077	0.0256	0.7080	36.6316	0.2647	992.0000	289.0000	0.2913	995.0000
22	0.5027	0.6420	0.5008	0.8001	0.0241	0.7041	36.5789	0.2594	950.0000	294.0000	0.3095	955.0000
23	0.4976	0.6467	0.5054	0.8073	0.0261	0.7159	36.7368	0.2651	964.0000	292.0000	0.3029	969.0000
24	0.4883	0.6399	0.5015	0.7981	0.0246	0.6977	36.5789	0.2613	974.0000	303.0000	0.3111	978.0000
25	0.4875	0.6495	0.5091	0.7998	0.0252	0.6956	36.6842	0.2835	977.0000	311.0000	0.3183	985.0000
26	0.4823	0.6471	0.5084	0.8156	0.0254	0.7116	36.4737	0.2618	1014.0000	294.0000	0.2899	1021.0000
27	0.4808	0.6425	0.5043	0.8010	0.0257	0.6932	36.8421	0.2795	993.0000	299.0000	0.3011	998.0000
28	0.4850	0.6474	0.5025	0.8094	0.0262	0.6854	36.7895	0.2930	949.0000	313.0000	0.3298	953.0000
29	0.4864	0.6488	0.5060	0.8138	0.0251	0.6946	36.9474	0.2716	942.0000	306.0000	0.3248	947.0000
30	0.4826	0.6471	0.5083	0.8021	0.0254	0.6850	36.6842	0.2901	953.0000	302.0000	0.3169	960.0000
31	0.4946	0.6416	0.5035	0.8041	0.0251	0.7015	36.6842	0.2512	998.0000	295.0000	0.2956	1003.0000
32	0.4805	0.6467	0.5111	0.8109	0.0260	0.6849	36.7895	0.2836	949.0000	295.0000	0.3109	955.0000
33	0.4998	0.6437	0.5010	0.8154	0.0253	0.7045	36.6842	0.2737	959.0000	285.0000	0.2972	964.0000
34	0.4711	0.6399	0.5023	0.8213	0.0247	0.7012	36.6842	0.2728	960.0000	286.0000	0.2979	962.0000
35	0.4852	0.6483	0.5069	0.7950	0.0246	0.7072	36.7895	0.2679	980.0000	291.0000	0.2969	984.0000
36	0.4821	0.6462	0.5049	0.8011	0.0250	0.6882	36.6316	0.2891	980.0000	311.0000	0.3173	985.0000
37	0.4968	0.6474	0.5073	0.8005	0.0254	0.7049	36.5263	0.2645	977.0000	301.0000	0.3081	981.0000
38	0.4750	0.6450	0.5041	0.8152	0.0249	0.6884	36.4737	0.2934	999.0000	305.0000	0.3053	1004.0000
39	0.4672	0.6523	0.5103	0.8148	0.0270	0.6903	36.7368	0.2856	996.0000	309.0000	0.3102	1000.0000
40	0.4851	0.6497	0.5090	0.8105	0.0265	0.6787	36.5789	0.3033	960.0000	315.0000	0.3281	964.0000
41	0.4822	0.6450	0.5024	0.8106	0.0249	0.6971	36.6842	0.2832	965.0000	300.0000	0.3109	970.0000
42	0.4984	0.6423	0.5027	0.8277	0.0251	0.6802	36.6842	0.2777	956.0000	296.0000	0.3096	959.0000
43	0.4887	0.6492	0.5080	0.8085	0.0258	0.6889	36.5263	0.2825	948.0000	303.0000	0.3196	952.0000
44	0.4604	0.6423	0.5002	0.8026	0.0254	0.6737	36.7368	0.3043	977.0000	308.0000	0.3153	982.0000
45	0.4945	0.6423	0.5113	0.8296	0.0261	0.6992	36.5263	0.2695	970.0000	289.0000	0.2979	974.0000
46	0.4918	0.6450	0.5043	0.8171	0.0253	0.7134	36.7368	0.2436	977.0000	278.0000	0.2845	980.0000
47	0.4856	0.6441	0.5062	0.7941	0.0243	0.6968	36.4737	0.2616	1002.0000	291.0000	0.2904	1005.0000
48	0.4883	0.6502	0.5034	0.8152	0.0266	0.7071	36.6316	0.2782	951.0000	290.0000	0.3049	953.0000
49	0.4921	0.6513	0.5030	0.8071	0.0262	0.6983	36.7895	0.2671	955.0000	301.0000	0.3152	957.0000
50	0.4890	0.6444	0.5051	0.8112	0.0259	0.7115	36.7368	0.2617	973.0000	285.0000	0.2929	976.0000
51	0.4874	0.6425	0.5008	0.8194	0.0251	0.6944	36.4737	0.2785	948.0000	290.0000	0.3059	953.0000
52	0.4867	0.6516	0.5079	0.8218	0.0265	0.6986	36.7895	0.2742	965.0000	308.0000	0.3192	970.0000
53	0.4989	0.6413	0.5050	0.8171	0.0249	0.7056	36.4737	0.2700	957.0000	290.0000	0.3030	962.0000
54	0.4751	0.6499	0.5060	0.8124	0.0259	0.6783	36.5263	0.2965	942.0000	304.0000	0.3227	948.0000
55	0.4813	0.6462	0.5069	0.8072	0.0250	0.6900	36.7368	0.2796	975.0000	310.0000	0.3179	979.0000
56	0.4826	0.6462	0.5040	0.8059	0.0246	0.6989	36.6316	0.2770	966.0000	296.0000	0.3064	970.0000
57	0.4945	0.6469	0.5051	0.8032	0.0255	0.6983	36.4737	0.2603	989.0000	304.0000	0.3074	993.0000
58	0.4908	0.6476	0.5066	0.8027	0.0253	0.6980	36.4211	0.2774	990.0000	306.0000	0.3091	995.0000
59	0.4853	0.6502	0.5078	0.7992	0.0251	0.7131	36.7368	0.2663	1001.0000	289.0000	0.2887	1009.0000
60	0.4780	0.6464	0.5011	0.8121	0.0253	0.6985	36.6316	0.2807	979.0000	298.0000	0.3044	985.0000
61	0.4956	0.6485	0.5053	0.8179	0.0251	0.7026	36.7368	0.2555	1009.0000	294.0000	0.2914	1014.0000
62	0.5003	0.6474	0.5038	0.8037	0.0255	0.6919	36.8421	0.2756	959.0000	301.0000	0.3139	965.0000
63	0.4929	0.6469	0.5065	0.7919	0.0254	0.6973	36.5789	0.2692	998.0000	295.0000	0.2956	1005.0000
64	0.4897	0.6444	0.5029	0.8159	0.0257	0.6924	36.4737	0.2816	976.0000	294.0000	0.3012	983.0000
65	0.4740	0.6464	0.5030	0.7978	0.0251	0.6893	36.6842	0.2818	983.0000	305.0000	0.3103	987.0000
66	0.4900	0.6460	0.5066	0.8016	0.0255	0.6996	36.5263	0.2709	996.0000	298.0000	0.2992	999.0000
67	0.4716	0.6427	0.5021	0.8069	0.0253	0.6914	36.6842	0.2844	988.0000	301.0000	0.3047	991.0000
68	0.4876	0.6430	0.5023	0.8113	0.0257	0.6901	36.4737	0.2801	951.0000	292.0000	0.3070	957.0000
69	0.4811	0.6381	0.5059	0.8070	0.0251	0.6849	36.8421	0.2847	940.0000	303.0000	0.3223	946.0000
70	0.4903	0.6497	0.5100	0.8222	0.0265	0.7050	36.7895	0.2624	985.0000	301.0000	0.3056	988.0000
71	0.5008	0.6444	0.5055	0.7995	0.0258	0.7114	36.5263	0.2648	1015.0000	295.0000	0.2906	1018.0000
72	0.4888	0.6467	0.5049	0.8114	0.0243	0.6960	36.9474	0.2608	1009.0000	302.0000	0.2993	1012.0000
73	0.5088	0.6423	0.5078	0.8198	0.0262	0.7167	36.7895	0.2594	983.0000	280.0000	0.2848	991.0000
74	0.4924	0.6453	0.5069	0.7995	0.0255	0.6939	36.4737	0.2674	968.0000	300.0000	0.3099	970.0000
75	0.4702	0.6471	0.5032	0.7948	0.0249	0.6700	36.5263	0.2960	984.0000	316.0000	0.3211	988.0000
76	0.4821	0.6409	0.5104	0.8150	0.0250	0.7071	36.7368	0.2600	980.0000	288.0000	0.2939	983.0000
77	0.4796	0.6448	0.5018	0.7994	0.0245	0.6829	36.3158	0.2811	997.0000	303.0000	0.3039	1002.0000
78	0.4685	0.6464	0.5044	0.7965	0.0251	0.6853	36.5789	0.2810	985.0000	310.0000	0.3147	987.0000
79	0.4821	0.6455	0.5045	0.8299	0.0262	0.6877	36.9474	0.2785	938.0000	294.0000	0.3134	941.0000
80	0.5013	0.6446	0.5069	0.8071	0.0253	0.6984	36.5263	0.2697	965.0000	297.0000	0.3078	968.0000
81	0.4849	0.6388	0.4989	0.8128	0.0238	0.7090	36.4737	0.2622	982.0000	282.0000	0.2872	986.0000
82	0.5033	0.6516	0.5074	0.8037	0.0255	0.7165	36.5789	0.2451	1003.0000	292.0000	0.2911	1007.0000
83	0.4915	0.6506	0.5097	0.8196	0.0261	0.6902	36.7368	0.2796	952.0000	299.0000	0.3141	955.0000
84	0.4890	0.6467	0.5036	0.8010	0.0246	0.6989	36.6842	0.2699	963.0000	298.0000	0.3094	967.0000
85	0.4805	0.6439	0.5052	0.8067	0.0254	0.6967	36.6842	0.2792	990.0000	298.0000	0.3010	996.0000
86	0.4898	0.6474	0.5062	0.8076	0.0259	0.7076	36.9474	0.2589	968.0000	294.0000	0.3037	974.0000
87	0.4988	0.6423	0.5072	0.8098	0.0254	0.7121	36.5263	0.2562	967.0000	283.0000	0.2927	972.0000
88	0.4928	0.6460	0.4996	0.7968	0.0261	0.7008	36.6316	0.2635	968.0000	294.0000	0.3037	972.0000
89	0.5118	0.6441	0.5062	0.8153	0.0256	0.7082	37.0000	0.2543	965.0000	284.0000	0.2943	970.0000
90	0.4873	0.6404	0.5029	0.8112	0.0241	0.6975	36.8421	0.2742	976.0000	292.0000	0.2992	980.0000
91	0.4892	0.6444	0.5046	0.8092	0.0250	0.7035	36.6316	0.2704	990.0000	295.0000	0.2980	995.0000
92	0.5007	0.6455	0.5041	0.7972	0.0251	0.6968	36.5263	0.2774	989.0000	300.0000	0.3033	995.0000
93	0.4903	0.6532	0.5128	0.8101	0.0261	0.6984	36.9474	0.2697	984.0000	302.0000	0.3069	986.0000
94	0.4724	0.6455	0.5031	0.7935	0.0254	0.6872	36.6316	0.2665	981.0000	302.0000	0.3078	986.0000
95	0.4895	0.6474	0.5077	0.8153	0.0259	0.7026	36.7895	0.2502	957.0000	292.0000	0.3051	961.0000
96	0.4587	0.6437	0.5090	0.8024	0.0241	0.6725	36.5263	0.2944	962.0000	315.0000	0.3274	967.0000
97	0.4915	0.6430	0.5014	0.8148	0.0259	0.6955	36.3684	0.2712	953.0000	295.0000	0.3095	956.0000
98	0.5151	0.6441	0.5052	0.8130	0.0247	0.7158	36.6316	0.2513	966.0000	291.0000	0.3012	972.0000
99	0.4892	0.6450	0.5069	0.7989	0.0254	0.6827	36.5263	0.2819	979.0000	309.0000	0.3156	983.0000
100	0.5056	0.6467	0.5079	0.8101	0.0247	0.7124	36.6316	0.2557	1006.0000	294.0000	0.2922	1008.0000
101	0.4775	0.6457	0.5091	0.8211	0.0258	0.6953	36.3684	0.2788	955.0000	298.0000	0.3120	960.0000
102	0.4939	0.6467	0.5019	0.8169	0.0257	0.6994	36.4737	0.2740	968.0000	294.0000	0.3037	973.0000
103	0.4726	0.6467	0.5027	0.8088	0.0250	0.6968	36.6842	0.2767	963.0000	289.0000	0.3001	967.0000
104	0.4893	0.6513	0.5103	0.8212	0.0268	0.7081	36.5263	0.2755	976.0000	299.0000	0.3064	979.0000
105	0.4766	0.6460	0.5055	0.8159	0.0254	0.6957	36.6842	0.2872	956.0000	294.0000	0.3075	959.0000
106	0.4813	0.6546	0.5109	0.8036	0.0269	0.6833	36.7895	0.2915	995.0000	315.0000	0.3166	998.0000
107	0.4916	0.6446	0.5007	0.8036	0.0244	0.6924	36.7368	0.2797	966.0000	299.0000	0.3095	969.0000
108	0.4951	0.6420	0.5034	0.8113	0.0255	0.7074	36.8947	0.2675	978.0000	293.0000	0.2996	984.0000
109	0.4648	0.6495	0.5055	0.8029	0.0255	0.6896	36.6316	0.2917	980.0000	303.0000	0.3092	984.0000
110	0.4860	0.6450	0.5039	0.8122	0.0253	0.7023	36.7895	0.2834	983.0000	291.0000	0.2960	987.0000
111	0.4715	0.6437	0.5077	0.8225	0.0244	0.6866	36.6316	0.2807	956.0000	300.0000	0.3138	960.0000
112	0.4726	0.6481	0.5066	0.8088	0.0257	0.6916	36.8421	0.2797	965.0000	298.0000	0.3088	969.0000
113	0.4954	0.6404	0.5052	0.8121	0.0242	0.7090	36.8421	0.2596	982.0000	287.0000	0.2923	985.0000
114	0.4671	0.6474	0.5082	0.8061	0.0244	0.7082	36.8421	0.2611	1015.0000	289.0000	0.2847	1022.0000
115	0.4922	0.6411	0.4972	0.8023	0.0243	0.7085	36.7368	0.2682	983.0000	289.0000	0.2940	988.0000
116	0.4893	0.6418	0.5022	0.8054	0.0254	0.6985	36.7895	0.2712	987.0000	295.0000	0.2989	991.0000
117	0.4928	0.6444	0.5070	0.8025	0.0256	0.6975	36.3684	0.2697	976.0000	291.0000	0.2982	978.0000
118	0.4782	0.6450	0.5057	0.8157	0.0253	0.6963	36.5789	0.2859	974.0000	295.0000	0.3029	977.0000
119	0.4854	0.6467	0.5063	0.8100	0.0254	0.7008	36.7895	0.2713	981.0000	289.0000	0.2946	987.0000
120	0.4906	0.6504	0.5078	0.8162	0.0265	0.6986	36.4737	0.2732	973.0000	296.0000	0.3042	977.0000
121	0.4727	0.6469	0.5060	0.8025	0.0253	0.6853	36.6316	0.2843	983.0000	312.0000	0.3174	987.0000
122	0.4972	0.6450	0.5035	0.8199	0.0256	0.7024	36.5789	0.2636	1003.0000	294.0000	0.2931	1005.0000
123	0.5005	0.6425	0.5061	0.8076	0.0254	0.6968	36.6316	0.2775	960.0000	295.0000	0.3073	966.0000
124	0.4644	0.6483	0.5083	0.8009	0.0261	0.6912	36.5789	0.2939	969.0000	313.0000	0.3230	974.0000
125	0.4838	0.6497	0.5053	0.8106	0.0261	0.6933	36.7368	0.2829	979.0000	307.0000	0.3136	983.0000
126	0.4887	0.6490	0.5074	0.8130	0.0262	0.7132	36.5263	0.2690	1009.0000	288.0000	0.2854	1014.0000
127	0.4701	0.6462	0.5070	0.7972	0.0250	0.6935	36.4211	0.2929	986.0000	298.0000	0.3022	992.0000
128	0.5086	0.6434	0.5038	0.8019	0.0245	0.7123	36.7368	0.2534	1005.0000	290.0000	0.2886	1008.0000
129	0.5060	0.6413	0.5025	0.8100	0.0246	0.6972	36.9474	0.2628	957.0000	297.0000	0.3103	959.0000
130	0.4896	0.6474	0.5028	0.8024	0.0249	0.6913	36.7895	0.2761	992.0000	298.0000	0.3004	995.0000
131	0.4842	0.6476	0.5083	0.8012	0.0251	0.6988	36.7368	0.2595	995.0000	290.0000	0.2915	1002.0000
132	0.4859	0.6476	0.5102	0.8032	0.0260	0.6989	36.6842	0.2715	1017.0000	298.0000	0.2930	1026.0000
133	0.4665	0.6427	0.5041	0.8072	0.0248	0.6786	36.8947	0.2862	972.0000	305.0000	0.3138	975.0000
134	0.4694	0.6385	0.5000	0.8121	0.0243	0.6951	36.5263	0.2879	984.0000	292.0000	0.2967	989.0000
135	0.4716	0.6509	0.5092	0.7983	0.0263	0.6865	36.6842	0.2828	997.0000	308.0000	0.3089	1003.0000
136	0.4785	0.6434	0.5081	0.8193	0.0254	0.6966	36.6842	0.2687	964.0000	290.0000	0.3008	968.0000
137	0.4902	0.6430	0.5048	0.8063	0.0249	0.6966	36.6842	0.2700	975.0000	297.0000	0.3046	979.0000
138	0.4736	0.6499	0.5046	0.8160	0.0256	0.6910	36.5789	0.2864	962.0000	298.0000	0.3098	964.0000
139	0.4951	0.6476	0.5058	0.7893	0.0255	0.7040	36.6316	0.2639	998.0000	299.0000	0.2996	1002.0000
140	0.4984	0.6478	0.5045	0.8122	0.0256	0.7123	36.9474	0.2674	979.0000	286.0000	0.2921	982.0000
141	0.4896	0.6441	0.5032	0.8043	0.0258	0.6900	36.6842	0.2797	991.0000	303.0000	0.3058	995.0000
142	0.4855	0.6453	0.5053	0.8021	0.0259	0.6941	36.7895	0.2759	993.0000	296.0000	0.2981	998.0000
143	0.4919	0.6457	0.4995	0.8118	0.0257	0.7120	36.4737	0.2578	1007.0000	284.0000	0.2820	1015.0000
144	0.4832	0.6467	0.5082	0.8099	0.0249	0.6979	36.5263	0.2745	967.0000	298.0000	0.3082	974.0000
145	0.5027	0.6497	0.5066	0.8067	0.0265	0.7031	36.5263	0.2593	970.0000	293.0000	0.3021	975.0000
146	0.4776	0.6467	0.5073	0.8074	0.0255	0.6865	36.4211	0.2882	1001.0000	304.0000	0.3037	1004.0000
147	0.4896	0.6427	0.5015	0.8100	0.0247	0.6953	36.7895	0.2728	979.0000	295.0000	0.3013	985.0000
148	0.4832	0.6516	0.5087	0.8160	0.0273	0.6913	36.5789	0.2759	940.0000	299.0000	0.3181	944.0000
149	0.4912	0.6488	0.5006	0.8111	0.0259	0.7019	36.6316	0.2686	953.0000	298.0000	0.3127	956.0000
150	0.4682	0.6448	0.5027	0.8171	0.0248	0.6950	36.7895	0.2884	967.0000	297.0000	0.3071	972.0000
151	0.4932	0.6439	0.5051	0.8010	0.0258	0.7024	36.6316	0.2664	972.0000	298.0000	0.3066	977.0000
152	0.4834	0.6467	0.5063	0.8165	0.0258	0.6917	36.4211	0.2813	964.0000	296.0000	0.3071	971.0000
153	0.4778	0.6437	0.5053	0.7934	0.0245	0.7008	36.3684	0.2770	985.0000	300.0000	0.3046	988.0000
154	0.4845	0.6413	0.5027	0.8185	0.0253	0.6929	36.5789	0.2742	969.0000	291.0000	0.3003	974.0000
155	0.4908	0.6397	0.5025	0.8052	0.0245	0.6975	36.4737	0.2739	974.0000	294.0000	0.3018	978.0000
156	0.4914	0.6411	0.5055	0.8095	0.0248	0.6969	36.8421	0.2700	974.0000	295.0000	0.3029	980.0000
157	0.4860	0.6518	0.5092	0.8091	0.0258	0.6984	36.7368	0.2720	968.0000	307.0000	0.3171	974.0000
158	0.4831	0.6437	0.5056	0.8141	0.0255	0.7049	36.4737	0.2621	968.0000	284.0000	0.2934	972.0000
159	0.4963	0.6425	0.5100	0.8091	0.0248	0.7191	36.7368	0.2606	977.0000	288.0000	0.2948	983.0000
160	0.4820	0.6390	0.4967	0.7977	0.0244	0.6998	36.4737	0.2688	965.0000	288.0000	0.2984	975.0000
161	0.4747	0.6444	0.5087	0.8086	0.0252	0.6889	36.7895	0.2816	952.0000	295.0000	0.3099	956.0000
162	0.4863	0.6404	0.4999	0.8085	0.0247	0.6940	36.8947	0.2778	957.0000	303.0000	0.3166	962.0000
163	0.4833	0.6434	0.5033	0.8071	0.0244	0.6904	36.8421	0.2827	987.0000	306.0000	0.3100	993.0000
164	0.4795	0.6416	0.5034	0.8061	0.0248	0.6834	36.7368	0.2795	981.0000	305.0000	0.3109	987.0000
165	0.4852	0.6399	0.5054	0.8183	0.0248	0.7039	36.7895	0.2620	968.0000	286.0000	0.2955	974.0000
166	0.4765	0.6525	0.5102	0.8167	0.0258	0.7059	36.3158	0.2644	967.0000	294.0000	0.3040	972.0000
167	0.4832	0.6495	0.5083	0.8067	0.0257	0.7062	36.6316	0.2729	975.0000	294.0000	0.3015	982.0000
168	0.4824	0.6481	0.5111	0.8021	0.0258	0.6964	36.6842	0.2754	974.0000	298.0000	0.3060	978.0000
169	0.4874	0.6376	0.5060	0.8108	0.0234	0.7004	36.5263	0.2651	967.0000	296.0000	0.3061	971.0000
170	0.4914	0.6425	0.5081	0.8049	0.0249	0.7008	36.5789	0.2723	958.0000	290.0000	0.3027	962.0000
171	0.4976	0.6430	0.4987	0.8279	0.0260	0.6957	36.7895	0.2636	958.0000	292.0000	0.3048	962.0000
172	0.4951	0.6432	0.5061	0.8010	0.0242	0.7001	36.7368	0.2552	996.0000	308.0000	0.3092	1002.0000
173	0.4818	0.6448	0.5108	0.8070	0.0253	0.6886	36.6842	0.2768	952.0000	299.0000	0.3141	956.0000
174	0.4938	0.6430	0.4978	0.7940	0.0242	0.6895	36.7368	0.2743	986.0000	306.0000	0.3103	989.0000
175	0.4876	0.6483	0.5086	0.7918	0.0256	0.6974	36.4211	0.2831	982.0000	301.0000	0.3065	989.0000
176	0.4789	0.6471	0.5030	0.8199	0.0255	0.7124	36.6842	0.2554	989.0000	287.0000	0.2902	992.0000
177	0.4928	0.6455	0.5065	0.8020	0.0245	0.6934	36.7368	0.2811	966.0000	299.0000	0.3095	970.0000
178	0.5053	0.6485	0.5074	0.8027	0.0256	0.7068	36.3158	0.2569	984.0000	293.0000	0.2978	989.0000
179	0.4869	0.6425	0.5077	0.8113	0.0257	0.6757	36.5263	0.2853	954.0000	304.0000	0.3187	958.0000
180	0.4839	0.6385	0.5045	0.8202	0.0245	0.6929	36.7368	0.2887	948.0000	299.0000	0.3154	952.0000
181	0.4839	0.6483	0.5038	0.8166	0.0261	0.7021	36.5789	0.2690	1000.0000	289.0000	0.2890	1004.0000
182	0.4684	0.6462	0.5056	0.8037	0.0251	0.6833	36.6842	0.2849	964.0000	315.0000	0.3268	969.0000
183	0.4941	0.6402	0.5028	0.8122	0.0248	0.7060	36.6316	0.2641	974.0000	288.0000	0.2957	979.0000
184	0.4695	0.6399	0.5034	0.8026	0.0241	0.6953	36.5789	0.2814	942.0000	291.0000	0.3089	949.0000
185	0.4942	0.6453	0.5058	0.7904	0.0248	0.7039	36.6842	0.2680	1007.0000	292.0000	0.2900	1013.0000
186	0.4860	0.6453	0.5056	0.8039	0.0248	0.6946	36.6316	0.2716	970.0000	300.0000	0.3093	973.0000
187	0.4786	0.6432	0.5062	0.8144	0.0255	0.6964	36.7895	0.2685	990.0000	291.0000	0.2939	995.0000
188	0.4925	0.6502	0.5071	0.8107	0.0263	0.6978	36.7895	0.2636	996.0000	295.0000	0.2962	1002.0000
189	0.5009	0.6474	0.5048	0.8180	0.0257	0.6866	36.3684	0.2854	959.0000	300.0000	0.3128	964.0000
190	0.4810	0.6420	0.5033	0.8124	0.0253	0.6894	36.5263	0.2771	983.0000	300.0000	0.3052	988.0000
191	0.4842	0.6450	0.5029	0.8013	0.0246	0.6922	36.8421	0.2712	984.0000	300.0000	0.3049	987.0000
192	0.4839	0.6492	0.5083	0.7967	0.0258	0.6925	36.6316	0.2808	966.0000	304.0000	0.3147	972.0000
193	0.4754	0.6439	0.5032	0.8169	0.0251	0.6940	36.6316	0.2826	966.0000	291.0000	0.3012	971.0000
194	0.4961	0.6448	0.5011	0.8037	0.0247	0.7078	36.6842	0.2547	994.0000	291.0000	0.2928	999.0000
195	0.4952	0.6381	0.5014	0.8176	0.0246	0.7061	36.7895	0.2736	968.0000	286.0000	0.2955	973.0000
196	0.4832	0.6448	0.5056	0.8081	0.0252	0.6984	36.6842	0.2727	966.0000	292.0000	0.3023	970.0000
197	0.4996	0.6416	0.5037	0.8125	0.0250	0.7084	36.7895	0.2602	989.0000	297.0000	0.3003	993.0000
198	0.4842	0.6450	0.5087	0.8232	0.0258	0.7054	36.3684	0.2647	978.0000	290.0000	0.2965	981.0000
199	0.4927	0.6506	0.5123	0.8201	0.0256	0.6963	36.6842	0.2776	953.0000	297.0000	0.3116	956.0000
200	0.4812	0.6409	0.5033	0.8130	0.0239	0.6942	36.4737	0.2658	980.0000	294.0000	0.3000	983.0000
201	0.4949	0.6439	0.5048	0.8076	0.0248	0.6904	36.4211	0.2699	963.0000	300.0000	0.3115	965.0000
202	0.4770	0.6502	0.5080	0.8176	0.0260	0.7082	36.5789	0.2606	996.0000	293.0000	0.2942	1003.0000
203	0.4904	0.6509	0.5105	0.8225	0.0263	0.7036	36.5789	0.2646	984.0000	291.0000	0.2957	989.0000
204	0.4900	0.6425	0.5035	0.8003	0.0250	0.6976	36.9474	0.2735	1017.0000	301.0000	0.2960	1021.0000
205	0.4911	0.6474	0.5074	0.8052	0.0250	0.6949	36.4737	0.2811	961.0000	300.0000	0.3122	963.0000
206	0.4866	0.6423	0.5053	0.8042	0.0235	0.6877	36.5263	0.2793	959.0000	299.0000	0.3118	963.0000
207	0.4970	0.6411	0.5060	0.8117	0.0253	0.6905	36.5263	0.2703	962.0000	298.0000	0.3098	968.0000
208	0.4851	0.6444	0.5051	0.8067	0.0242	0.7038	36.9474	0.2691	1017.0000	296.0000	0.2911	1024.0000
209	0.4935	0.6497	0.5067	0.7953	0.0257	0.6855	36.7368	0.2791	963.0000	302.0000	0.3136	968.0000
210	0.4826	0.6439	0.5045	0.7980	0.0247	0.7118	36.5789	0.2592	976.0000	285.0000	0.2920	982.0000
211	0.4880	0.6446	0.5057	0.8104	0.0253	0.7018	36.8947	0.2682	984.0000	297.0000	0.3018	987.0000
212	0.4695	0.6520	0.5095	0.8019	0.0259	0.6986	36.6842	0.2788	1016.0000	311.0000	0.3061	1022.0000
213	0.5063	0.6492	0.5081	0.8123	0.0254	0.7071	36.7368	0.2595	999.0000	290.0000	0.2903	1002.0000
214	0.4769	0.6460	0.5053	0.8206	0.0255	0.6870	36.4737	0.2814	959.0000	301.0000	0.3139	965.0000
215	0.4678	0.6483	0.5038	0.8152	0.0258	0.6875	36.4211	0.2860	1002.0000	307.0000	0.3064	1006.0000
216	0.4762	0.6464	0.5050	0.8092	0.0265	0.6935	36.5789	0.2818	940.0000	294.0000	0.3128	946.0000
217	0.4945	0.6388	0.4977	0.8121	0.0241	0.7218	36.5263	0.2405	982.0000	281.0000	0.2862	988.0000
218	0.4882	0.6499	0.5111	0.8147	0.0259	0.7075	36.6842	0.2655	984.0000	295.0000	0.2998	988.0000
219	0.4855	0.6448	0.5033	0.8157	0.0250	0.7030	36.6316	0.2604	981.0000	285.0000	0.2905	987.0000
220	0.4817	0.6355	0.5015	0.8118	0.0241	0.6906	36.5789	0.2803	958.0000	292.0000	0.3048	964.0000
221	0.4907	0.6455	0.5011	0.8285	0.0255	0.7086	36.6842	0.2656	951.0000	279.0000	0.2934	953.0000
222	0.4762	0.6425	0.5045	0.8146	0.0255	0.7025	36.7368	0.2791	953.0000	285.0000	0.2991	957.0000
223	0.4788	0.6441	0.5040	0.8187	0.0252	0.6855	36.7368	0.2864	976.0000	305.0000	0.3125	979.0000
224	0.4739	0.6390	0.4985	0.8077	0.0248	0.6900	36.6316	0.2861	936.0000	291.0000	0.3109	939.0000
225	0.4910	0.6467	0.5043	0.7947	0.0248	0.7063	36.7895	0.2761	990.0000	302.0000	0.3051	996.0000
226	0.4925	0.6462	0.5055	0.8139	0.0257	0.7085	36.3158	0.2688	966.0000	290.0000	0.3002	969.0000
227	0.5041	0.6495	0.5085	0.7972	0.0249	0.7257	36.7368	0.2428	1025.0000	285.0000	0.2780	1030.0000
228	0.4738	0.6441	0.5066	0.7985	0.0248	0.6871	36.6316	0.2889	982.0000	298.0000	0.3035	988.0000
229	0.4937	0.6430	0.5016	0.7995	0.0244	0.7181	36.5789	0.2486	993.0000	281.0000	0.2830	999.0000
230	0.4781	0.6497	0.5100	0.8138	0.0258	0.6980	36.4737	0.2767	989.0000	299.0000	0.3023	994.0000
231	0.4936	0.6395	0.5056	0.8161	0.0244	0.6962	36.6842	0.2721	933.0000	289.0000	0.3098	939.0000
232	0.4784	0.6469	0.5062	0.8027	0.0257	0.6915	36.7368	0.2773	943.0000	296.0000	0.3139	945.0000
233	0.4763	0.6478	0.5071	0.8045	0.0253	0.7046	36.6842	0.2626	1025.0000	298.0000	0.2907	1033.0000
234	0.4725	0.6485	0.5113	0.8053	0.0257	0.6967	36.8421	0.2841	984.0000	302.0000	0.3069	986.0000
235	0.4907	0.6444	0.5051	0.7994	0.0250	0.6943	36.4737	0.2677	973.0000	300.0000	0.3083	978.0000
236	0.4833	0.6495	0.5044	0.7990	0.0253	0.7091	36.6842	0.2622	994.0000	295.0000	0.2968	996.0000
237	0.4887	0.6411	0.5014	0.8085	0.0249	0.6969	36.3158	0.2680	970.0000	301.0000	0.3103	974.0000
238	0.4849	0.6404	0.5020	0.8031	0.0250	0.7055	36.5789	0.2714	983.0000	298.0000	0.3032	985.0000
239	0.4916	0.6483	0.5033	0.8231	0.0261	0.6934	36.7895	0.2804	937.0000	294.0000	0.3138	939.0000
240	0.4667	0.6509	0.5084	0.8181	0.0260	0.6829	36.7895	0.2880	979.0000	306.0000	0.3126	982.0000
241	0.5020	0.6476	0.5087	0.8160	0.0254	0.6921	36.6316	0.2756	973.0000	306.0000	0.3145	977.0000
242	0.5195	0.6506	0.5069	0.8111	0.0257	0.7042	36.6316	0.2726	966.0000	296.0000	0.3064	970.0000
243	0.4856	0.6453	0.5050	0.8139	0.0257	0.6959	36.5263	0.2751	969.0000	299.0000	0.3086	971.0000
244	0.4700	0.6423	0.5094	0.8104	0.0247	0.6892	36.4737	0.2969	983.0000	303.0000	0.3082	987.0000
245	0.4923	0.6434	0.5043	0.8119	0.0246	0.7106	36.6316	0.2619	998.0000	294.0000	0.2946	1001.0000
246	0.4879	0.6485	0.5015	0.7996	0.0250	0.7112	36.7895	0.2656	1018.0000	298.0000	0.2927	1022.0000
247	0.5153	0.6446	0.5103	0.8183	0.0254	0.7131	36.5789	0.2563	999.0000	280.0000	0.2803	1005.0000
248	0.5156	0.6469	0.5077	0.8050	0.0255	0.7121	36.7368	0.2507	983.0000	291.0000	0.2960	989.0000
249	0.4911	0.6425	0.5011	0.8107	0.0247	0.7042	36.7368	0.2756	956.0000	298.0000	0.3117	961.0000
250	0.4840	0.6418	0.5092	0.8059	0.0243	0.7047	36.7368	0.2642	986.0000	294.0000	0.2982	992.0000
251	0.5080	0.6404	0.5012	0.8181	0.0260	0.6967	36.7368	0.2812	944.0000	288.0000	0.3051	949.0000
252	0.4873	0.6497	0.5076	0.8125	0.0253	0.7025	36.7895	0.2726	992.0000	300.0000	0.3024	995.0000
253	0.4704	0.6460	0.5089	0.8050	0.0250	0.6823	36.8947	0.2858	948.0000	310.0000	0.3270	953.0000
254	0.5021	0.6527	0.5111	0.8006	0.0267	0.6970	36.6842	0.2808	993.0000	306.0000	0.3082	999.0000
255	0.4834	0.6502	0.5085	0.8041	0.0251	0.6912	36.4211	0.2724	981.0000	301.0000	0.3068	985.0000
256	0.4779	0.6525	0.5023	0.8008	0.0267	0.6980	36.5789	0.2722	994.0000	309.0000	0.3109	996.0000
257	0.4883	0.6430	0.5051	0.8244	0.0267	0.6980	36.7895	0.2652	932.0000	287.0000	0.3079	935.0000
258	0.4921	0.6460	0.5106	0.8113	0.0261	0.6983	36.6316	0.2786	972.0000	295.0000	0.3035	978.0000
259	0.4899	0.6441	0.5057	0.7954	0.0250	0.6959	36.4737	0.2764	1000.0000	302.0000	0.3020	1002.0000
260	0.4691	0.6420	0.5070	0.8083	0.0247	0.6861	36.7368	0.2884	963.0000	303.0000	0.3146	968.0000
261	0.4835	0.6450	0.4998	0.8043	0.0258	0.6761	36.7368	0.2867	970.0000	306.0000	0.3155	977.0000
262	0.4872	0.6444	0.5021	0.8139	0.0250	0.6986	36.5263	0.2704	982.0000	294.0000	0.2994	985.0000
263	0.4833	0.6416	0.5008	0.8059	0.0255	0.7172	36.5263	0.2595	974.0000	282.0000	0.2895	978.0000
264	0.4743	0.6434	0.5009	0.7942	0.0249	0.6946	36.6316	0.2879	992.0000	305.0000	0.3075	995.0000
265	0.4687	0.6453	0.5023	0.8163	0.0248	0.6816	36.4211	0.2953	961.0000	302.0000	0.3143	967.0000
266	0.4946	0.6460	0.5076	0.8212	0.0261	0.7074	36.4211	0.2563	993.0000	288.0000	0.2900	995.0000
267	0.4798	0.6453	0.5058	0.8068	0.0260	0.6951	36.7895	0.2711	979.0000	298.0000	0.3044	983.0000
268	0.4775	0.6492	0.5090	0.7845	0.0255	0.6818	36.6316	0.2909	997.0000	318.0000	0.3190	1003.0000
269	0.4882	0.6481	0.5087	0.8094	0.0256	0.6929	36.5789	0.2694	978.0000	291.0000	0.2975	983.0000
270	0.4763	0.6453	0.5084	0.8171	0.0250	0.7003	36.6316	0.2772	984.0000	302.0000	0.3069	990.0000
271	0.4761	0.6467	0.5052	0.7995	0.0247	0.7078	36.7368	0.2711	993.0000	290.0000	0.2920	997.0000
272	0.4983	0.6446	0.5023	0.8009	0.0251	0.7131	36.6316	0.2653	983.0000	290.0000	0.2950	990.0000
273	0.4914	0.6413	0.5065	0.8174	0.0259	0.7026	36.7895	0.2687	979.0000	288.0000	0.2942	981.0000
274	0.4882	0.6478	0.5043	0.8133	0.0252	0.6917	36.5789	0.2779	971.0000	307.0000	0.3162	976.0000
275	0.4934	0.6518	0.5094	0.7980	0.0269	0.6963	36.7895	0.2747	962.0000	312.0000	0.3243	968.0000
276	0.4825	0.6464	0.5033	0.7978	0.0245	0.7126	36.7368	0.2706	975.0000	293.0000	0.3005	981.0000
277	0.4800	0.6406	0.5024	0.8161	0.0255	0.6871	36.7368	0.2868	957.0000	303.0000	0.3166	959.0000
278	0.4720	0.6448	0.5009	0.8127	0.0254	0.6970	36.6316	0.2707	968.0000	292.0000	0.3017	974.0000
279	0.4921	0.6499	0.5078	0.8063	0.0255	0.6954	36.6316	0.2617	960.0000	298.0000	0.3104	963.0000
280	0.4800	0.6413	0.5021	0.8048	0.0240	0.6962	36.6316	0.2611	1001.0000	297.0000	0.2967	1003.0000
281	0.5080	0.6455	0.5069	0.8154	0.0259	0.7114	36.5789	0.2601	963.0000	278.0000	0.2887	968.0000
282	0.5080	0.6460	0.5049	0.8119	0.0254	0.7025	36.7895	0.2645	983.0000	293.0000	0.2981	985.0000
283	0.4690	0.6457	0.5049	0.7967	0.0257	0.6840	36.5263	0.2847	990.0000	312.0000	0.3152	993.0000
284	0.4962	0.6464	0.5024	0.8163	0.0258	0.7127	36.8947	0.2699	970.0000	287.0000	0.2959	974.0000
285	0.4766	0.6499	0.5088	0.8049	0.0266	0.6919	36.3158	0.2878	988.0000	311.0000	0.3148	991.0000
286	0.4902	0.6467	0.5023	0.7969	0.0261	0.6900	36.6316	0.2951	971.0000	307.0000	0.3162	975.0000
287	0.4831	0.6460	0.5076	0.7971	0.0245	0.7025	36.4211	0.2688	980.0000	299.0000	0.3051	983.0000
288	0.4905	0.6460	0.5013	0.8025	0.0251	0.6946	36.8421	0.2714	972.0000	303.0000	0.3117	977.0000
289	0.4879	0.6462	0.5079	0.7962	0.0252	0.7004	36.5263	0.2775	1010.0000	308.0000	0.3050	1015.0000
290	0.4722	0.6502	0.5080	0.8072	0.0246	0.7002	36.5789	0.2825	1005.0000	297.0000	0.2955	1009.0000
291	0.4865	0.6497	0.5057	0.8222	0.0251	0.7013	36.7368	0.2644	992.0000	291.0000	0.2933	997.0000
292	0.4885	0.6523	0.5090	0.8052	0.0262	0.6996	36.6842	0.2787	1011.0000	298.0000	0.2948	1017.0000
293	0.4968	0.6471	0.5074	0.8074	0.0255	0.7008	36.4737	0.2732	975.0000	292.0000	0.2995	979.0000
294	0.4869	0.6469	0.5062	0.7985	0.0258	0.6821	36.6316	0.2887	957.0000	306.0000	0.3197	962.0000
295	0.4797	0.6471	0.5074	0.7996	0.0254	0.6919	36.7368	0.2658	1014.0000	305.0000	0.3008	1017.0000
296	0.5126	0.6441	0.5061	0.8116	0.0255	0.7133	36.8421	0.2591	954.0000	287.0000	0.3008	959.0000
297	0.4803	0.6467	0.5083	0.8154	0.0245	0.6894	36.7368	0.2863	951.0000	304.0000	0.3197	954.0000
298	0.4823	0.6402	0.5023	0.7969	0.0241	0.6904	36.4737	0.2645	987.0000	300.0000	0.3040	994.0000
299	0.4896	0.6490	0.5092	0.7978	0.0260	0.6913	36.6316	0.2755	1000.0000	310.0000	0.3100	1004.0000
300	0.4880	0.6492	0.5023	0.7874	0.0267	0.6951	36.7368	0.2657	974.0000	301.0000	0.3090	981.0000
301	0.4922	0.6425	0.5030	0.8069	0.0244	0.6922	36.5263	0.2619	997.0000	297.0000	0.2979	1003.0000
302	0.4854	0.6471	0.5045	0.8188	0.0252	0.7153	36.6316	0.2590	976.0000	282.0000	0.2889	984.0000
303	0.4873	0.6467	0.5054	0.8016	0.0252	0.6963	36.6316	0.2693	986.0000	304.0000	0.3083	989.0000
304	0.4954	0.6485	0.5091	0.8018	0.0260	0.7071	36.6842	0.2655	991.0000	297.0000	0.2997	998.0000
305	0.4870	0.6511	0.5091	0.8113	0.0274	0.6765	36.7368	0.2838	950.0000	309.0000	0.3253	954.0000
306	0.4976	0.6409	0.5025	0.8099	0.0251	0.7094	36.5789	0.2583	988.0000	280.0000	0.2834	994.0000
307	0.4861	0.6402	0.5007	0.8084	0.0246	0.6957	36.4737	0.2780	957.0000	286.0000	0.2989	961.0000
308	0.4965	0.6476	0.5035	0.7989	0.0248	0.6981	36.6316	0.2652	1004.0000	303.0000	0.3018	1009.0000
309	0.4983	0.6390	0.5005	0.8179	0.0241	0.7069	36.7368	0.2594	988.0000	286.0000	0.2895	992.0000
310	0.4798	0.6483	0.5084	0.8092	0.0250	0.6769	36.6842	0.2970	1000.0000	316.0000	0.3160	1003.0000
311	0.4797	0.6425	0.5057	0.8303	0.0252	0.6866	36.7368	0.2857	931.0000	293.0000	0.3147	933.0000
312	0.4830	0.6474	0.5102	0.8068	0.0250	0.6977	36.6842	0.2749	981.0000	304.0000	0.3099	987.0000
313	0.4796	0.6444	0.5034	0.8077	0.0253	0.6976	36.4737	0.2819	961.0000	293.0000	0.3049	965.0000
314	0.4810	0.6525	0.5088	0.7991	0.0267	0.6833	36.5263	0.2849	950.0000	308.0000	0.3242	957.0000
315	0.4719	0.6374	0.4994	0.8056	0.0251	0.6819	36.5263	0.2898	959.0000	294.0000	0.3066	966.0000
316	0.4828	0.6395	0.5012	0.8085	0.0249	0.7018	36.7368	0.2634	985.0000	288.0000	0.2924	993.0000
317	0.4721	0.6430	0.5077	0.8028	0.0238	0.6913	36.7368	0.2856	994.0000	307.0000	0.3089	1000.0000
318	0.4830	0.6453	0.4992	0.8194	0.0260	0.6982	36.5789	0.2752	978.0000	301.0000	0.3078	983.0000
319	0.4939	0.6409	0.5002	0.7926	0.0237	0.6987	36.5789	0.2620	1019.0000	303.0000	0.2974	1024.0000
320	0.5002	0.6448	0.5058	0.8096	0.0259	0.7046	36.4737	0.2664	986.0000	293.0000	0.2972	991.0000
321	0.4709	0.6434	0.5090	0.8089	0.0254	0.7030	36.5789	0.2698	992.0000	292.0000	0.2944	996.0000
322	0.4868	0.6448	0.5073	0.7956	0.0242	0.7010	36.7368	0.2659	981.0000	298.0000	0.3038	987.0000
323	0.4745	0.6448	0.5065	0.8070	0.0252	0.6846	36.5263	0.2853	988.0000	312.0000	0.3158	994.0000
324	0.4763	0.6420	0.4999	0.7989	0.0245	0.7011	36.7895	0.2646	984.0000	294.0000	0.2988	989.0000
325	0.4927	0.6434	0.4998	0.7988	0.0242	0.7129	36.2632	0.2629	1021.0000	288.0000	0.2821	1024.0000
326	0.4705	0.6441	0.5025	0.8000	0.0255	0.6870	36.4211	0.2929	982.0000	303.0000	0.3086	986.0000
327	0.5000	0.6476	0.5084	0.8041	0.0264	0.6935	36.7368	0.2832	1019.0000	299.0000	0.2934	1022.0000
328	0.4983	0.6455	0.5071	0.8120	0.0257	0.7030	36.6316	0.2559	998.0000	292.0000	0.2926	1005.0000
329	0.4725	0.6474	0.5130	0.7964	0.0250	0.6954	36.7368	0.2716	996.0000	305.0000	0.3062	1002.0000
330	0.5008	0.6351	0.4978	0.8039	0.0249	0.6967	36.6842	0.2681	983.0000	293.0000	0.2981	988.0000
331	0.4845	0.6413	0.5062	0.7986	0.0248	0.6937	36.5789	0.2828	963.0000	306.0000	0.3178	968.0000
332	0.4758	0.6520	0.5096	0.8082	0.0261	0.6751	36.5789	0.2865	975.0000	310.0000	0.3179	982.0000
333	0.4928	0.6420	0.5059	0.8096	0.0255	0.7096	36.7895	0.2631	1012.0000	295.0000	0.2915	1014.0000
334	0.4950	0.6462	0.5010	0.8113	0.0254	0.6932	36.5789	0.2707	960.0000	296.0000	0.3083	963.0000
335	0.4760	0.6476	0.5079	0.8121	0.0256	0.7000	36.6316	0.2744	953.0000	296.0000	0.3106	957.0000
336	0.4769	0.6469	0.5066	0.8046	0.0254	0.7049	36.5263	0.2688	1015.0000	298.0000	0.2936	1020.0000
337	0.5067	0.6437	0.5023	0.8083	0.0253	0.7092	36.7368	0.2688	974.0000	287.0000	0.2947	976.0000
338	0.4945	0.6432	0.5073	0.8020	0.0248	0.6929	36.8421	0.2734	986.0000	302.0000	0.3063	989.0000
339	0.4952	0.6441	0.5016	0.8050	0.0249	0.7062	36.4737	0.2660	1017.0000	295.0000	0.2901	1022.0000
340	0.4795	0.6427	0.5041	0.8083	0.0253	0.7028	36.6316	0.2614	956.0000	299.0000	0.3128	961.0000
341	0.5026	0.6390	0.4980	0.8073	0.0239	0.7058	36.7895	0.2535	975.0000	285.0000	0.2923	979.0000
342	0.4846	0.6485	0.5053	0.7987	0.0250	0.6934	36.5789	0.2835	992.0000	302.0000	0.3044	995.0000
343	0.4859	0.6462	0.5044	0.7976	0.0250	0.7014	36.6316	0.2683	982.0000	302.0000	0.3075	985.0000
344	0.4691	0.6455	0.5042	0.8009	0.0257	0.6877	36.5263	0.2868	940.0000	304.0000	0.3234	943.0000
345	0.4918	0.6455	0.5085	0.8147	0.0257	0.6992	36.5263	0.2711	954.0000	294.0000	0.3082	958.0000
346	0.4868	0.6490	0.5086	0.8145	0.0253	0.7089	36.7368	0.2709	981.0000	288.0000	0.2936	985.0000
347	0.4782	0.6418	0.5060	0.8140	0.0265	0.6889	36.5789	0.2811	954.0000	299.0000	0.3134	956.0000
348	0.4774	0.6488	0.5069	0.7927	0.0265	0.6940	36.7368	0.2868	995.0000	308.0000	0.3095	1001.0000
349	0.5149	0.6462	0.5052	0.8143	0.0249	0.7084	36.6842	0.2552	964.0000	286.0000	0.2967	970.0000
350	0.4792	0.6457	0.5018	0.8044	0.0257	0.6848	36.4737	0.2863	952.0000	299.0000	0.3141	956.0000
351	0.4825	0.6469	0.5067	0.8044	0.0260	0.7000	36.8421	0.2771	1000.0000	299.0000	0.2990	1006.0000
352	0.4826	0.6483	0.5087	0.8043	0.0251	0.6908	36.6842	0.2776	967.0000	304.0000	0.3144	972.0000
353	0.4861	0.6455	0.5040	0.8097	0.0254	0.6938	36.6316	0.2699	985.0000	306.0000	0.3107	991.0000
354	0.4953	0.6423	0.5006	0.8081	0.0237	0.7083	36.7368	0.2505	988.0000	285.0000	0.2885	995.0000
355	0.4971	0.6490	0.5070	0.8071	0.0248	0.6985	36.8947	0.2735	966.0000	300.0000	0.3106	972.0000
356	0.4882	0.6446	0.4984	0.8047	0.0251	0.7063	36.6316	0.2612	959.0000	290.0000	0.3024	965.0000
357	0.4903	0.6516	0.5082	0.8036	0.0260	0.7031	36.7368	0.2781	996.0000	302.0000	0.3032	1000.0000
358	0.4928	0.6390	0.5049	0.8026	0.0242	0.7077	36.9474	0.2484	984.0000	278.0000	0.2825	989.0000
359	0.4664	0.6427	0.5015	0.7963	0.0250	0.6926	36.7895	0.2877	980.0000	290.0000	0.2959	986.0000
360	0.4831	0.6476	0.5030	0.8099	0.0260	0.7032	36.7368	0.2799	957.0000	295.0000	0.3083	962.0000
361	0.5038	0.6434	0.5036	0.7976	0.0255	0.7010	36.5263	0.2725	1009.0000	294.0000	0.2914	1014.0000
362	0.4995	0.6450	0.5056	0.8047	0.0254	0.7003	36.5263	0.2652	975.0000	297.0000	0.3046	981.0000
363	0.4781	0.6427	0.5080	0.8073	0.0253	0.7055	36.5789	0.2704	982.0000	298.0000	0.3035	989.0000
364	0.4783	0.6353	0.4975	0.8146	0.0245	0.6850	36.6842	0.2954	963.0000	299.0000	0.3105	966.0000
365	0.4891	0.6504	0.5072	0.8046	0.0268	0.6923	36.6842	0.2683	1015.0000	300.0000	0.2956	1020.0000
366	0.5011	0.6478	0.5072	0.8036	0.0252	0.7128	36.4737	0.2549	1001.0000	295.0000	0.2947	1006.0000
367	0.4811	0.6446	0.5060	0.8141	0.0252	0.6938	36.6842	0.2731	982.0000	300.0000	0.3055	987.0000
368	0.5021	0.6509	0.5075	0.8122	0.0258	0.6975	36.3158	0.2699	972.0000	300.0000	0.3086	976.0000
369	0.4759	0.6432	0.5023	0.8032	0.0251	0.6953	36.7368	0.2767	976.0000	299.0000	0.3064	980.0000
370	0.4893	0.6467	0.5016	0.8033	0.0256	0.7046	36.7368	0.2654	962.0000	294.0000	0.3056	965.0000
371	0.4832	0.6460	0.5027	0.8200	0.0258	0.6943	36.5789	0.2749	943.0000	297.0000	0.3150	947.0000
372	0.4915	0.6464	0.5087	0.8208	0.0259	0.6927	36.5263	0.2786	938.0000	291.0000	0.3102	940.0000
373	0.4941	0.6460	0.5031	0.8142	0.0263	0.7045	36.7895	0.2706	969.0000	291.0000	0.3003	972.0000
374	0.5082	0.6434	0.5026	0.8165	0.0262	0.6990	36.4211	0.2665	966.0000	295.0000	0.3054	970.0000
375	0.4990	0.6513	0.5083	0.8247	0.0255	0.6983	36.3684	0.2684	1000.0000	294.0000	0.2940	1004.0000
376	0.4890	0.6425	0.5017	0.8023	0.0250	0.7067	36.7368	0.2568	987.0000	290.0000	0.2938	992.0000
377	0.4759	0.6478	0.5044	0.8079	0.0244	0.6844	36.5789	0.2763	978.0000	310.0000	0.3170	983.0000
378	0.4932	0.6483	0.5102	0.8095	0.0254	0.7025	36.6316	0.2672	985.0000	295.0000	0.2995	991.0000
379	0.4840	0.6474	0.5063	0.8081	0.0256	0.6942	36.5263	0.2867	971.0000	304.0000	0.3131	977.0000
380	0.4857	0.6448	0.5030	0.8112	0.0258	0.6955	36.8947	0.2663	991.0000	302.0000	0.3047	996.0000
381	0.4860	0.6469	0.5014	0.8159	0.0257	0.7049	36.6316	0.2767	977.0000	294.0000	0.3009	983.0000
382	0.5022	0.6499	0.5085	0.8163	0.0257	0.7027	36.7895	0.2546	989.0000	299.0000	0.3023	992.0000
383	0.4971	0.6478	0.5020	0.7972	0.0256	0.7132	36.6316	0.2559	970.0000	286.0000	0.2948	973.0000
384	0.4839	0.6441	0.5004	0.8079	0.0260	0.6848	36.5263	0.2833	972.0000	302.0000	0.3107	975.0000
385	0.5003	0.6485	0.5082	0.8090	0.0265	0.7041	36.6842	0.2633	970.0000	293.0000	0.3021	973.0000
386	0.4810	0.6492	0.5058	0.7994	0.0255	0.6773	36.7368	0.2949	977.0000	320.0000	0.3275	982.0000
387	0.4840	0.6416	0.4970	0.8002	0.0238	0.7058	36.8421	0.2637	986.0000	290.0000	0.2941	989.0000
388	0.5011	0.6476	0.5038	0.8100	0.0252	0.6992	36.8421	0.2754	969.0000	294.0000	0.3034	974.0000
389	0.4881	0.6478	0.5086	0.8061	0.0256	0.7074	36.7895	0.2669	973.0000	291.0000	0.2991	979.0000
390	0.4724	0.6499	0.5066	0.7988	0.0258	0.6917	36.6316	0.2800	992.0000	311.0000	0.3135	1000.0000
391	0.4770	0.6446	0.5005	0.8111	0.0246	0.6804	36.5789	0.2799	1002.0000	306.0000	0.3054	1005.0000
392	0.4898	0.6474	0.5073	0.8038	0.0258	0.6958	36.5263	0.2726	941.0000	296.0000	0.3146	944.0000
393	0.4955	0.6455	0.5033	0.8043	0.0253	0.7094	36.5263	0.2580	978.0000	292.0000	0.2986	983.0000
394	0.5070	0.6409	0.5046	0.8047	0.0247	0.6964	36.6316	0.2640	982.0000	299.0000	0.3045	986.0000
395	0.4885	0.6390	0.5016	0.8224	0.0249	0.7157	36.6316	0.2530	946.0000	279.0000	0.2949	950.0000
396	0.4742	0.6437	0.5007	0.8094	0.0244	0.6902	36.6842	0.2788	975.0000	299.0000	0.3067	978.0000
397	0.4903	0.6462	0.5053	0.8135	0.0247	0.6961	36.2632	0.2621	975.0000	296.0000	0.3036	977.0000
398	0.4812	0.6423	0.5058	0.8082	0.0252	0.6917	36.4211	0.2710	974.0000	306.0000	0.3142	978.0000
399	0.4859	0.6504	0.5086	0.8021	0.0248	0.6961	36.9474	0.2705	1009.0000	298.0000	0.2953	1014.0000
400	0.4876	0.6485	0.5085	0.7948	0.0248	0.6918	36.6842	0.2693	983.0000	309.0000	0.3143	990.0000
401	0.4981	0.6450	0.5035	0.8034	0.0249	0.6975	36.3158	0.2751	960.0000	295.0000	0.3073	963.0000
402	0.4937	0.6423	0.5052	0.8107	0.0254	0.7023	36.6842	0.2583	964.0000	290.0000	0.3008	967.0000
403	0.4849	0.6474	0.5083	0.7959	0.0251	0.6933	36.5263	0.2726	976.0000	299.0000	0.3064	983.0000
404	0.4783	0.6450	0.5042	0.8085	0.0257	0.7030	36.6842	0.2690	986.0000	283.0000	0.2870	990.0000
405	0.4806	0.6434	0.4989	0.8107	0.0250	0.6989	36.7368	0.2671	981.0000	292.0000	0.2977	984.0000
406	0.4742	0.6439	0.5048	0.8088	0.0245	0.6999	36.7368	0.2686	958.0000	298.0000	0.3111	962.0000
407	0.4739	0.6420	0.5029	0.8014	0.0246	0.6969	36.4211	0.2681	1017.0000	297.0000	0.2920	1021.0000
408	0.5071	0.6395	0.4973	0.8098	0.0249	0.7038	36.8421	0.2664	971.0000	290.0000	0.2987	976.0000
409	0.4837	0.6434	0.5033	0.8194	0.0257	0.6824	36.5789	0.2842	931.0000	301.0000	0.3233	934.0000
410	0.4989	0.6478	0.5080	0.7933	0.0256	0.7079	36.6316	0.2574	1008.0000	298.0000	0.2956	1014.0000
411	0.5060	0.6474	0.5086	0.8049	0.0251	0.6999	36.6316	0.2622	1004.0000	301.0000	0.2998	1007.0000
412	0.4837	0.6467	0.5024	0.8078	0.0244	0.6970	36.3684	0.2749	957.0000	299.0000	0.3124	964.0000
413	0.5175	0.6441	0.5053	0.8042	0.0255	0.7031	36.3684	0.2622	962.0000	294.0000	0.3056	967.0000
414	0.4782	0.6464	0.5044	0.8186	0.0260	0.6973	36.5263	0.2791	970.0000	293.0000	0.3021	974.0000
415	0.4932	0.6378	0.5062	0.8083	0.0251	0.6994	36.5789	0.2746	960.0000	289.0000	0.3010	965.0000
416	0.4777	0.6437	0.5021	0.7958	0.0249	0.7011	36.6842	0.2827	987.0000	295.0000	0.2989	992.0000
417	0.4828	0.6439	0.4966	0.8020	0.0252	0.7103	36.5789	0.2655	1002.0000	291.0000	0.2904	1007.0000
418	0.4899	0.6439	0.5007	0.7977	0.0250	0.6986	36.3684	0.2715	961.0000	301.0000	0.3132	963.0000
419	0.4787	0.6430	0.5052	0.8019	0.0246	0.6892	36.6842	0.2830	996.0000	310.0000	0.3112	1001.0000
420	0.5109	0.6467	0.5063	0.8114	0.0250	0.7082	36.6842	0.2524	985.0000	289.0000	0.2934	989.0000
421	0.4802	0.6506	0.5115	0.7937	0.0256	0.6881	36.5263	0.2732	1013.0000	303.0000	0.2991	1020.0000
422	0.4897	0.6437	0.5058	0.8052	0.0257	0.6924	36.5263	0.2588	979.0000	291.0000	0.2972	984.0000
423	0.4692	0.6423	0.5042	0.8126	0.0259	0.7055	36.5789	0.2690	969.0000	291.0000	0.3003	972.0000
424	0.4789	0.6434	0.5045	0.8064	0.0248	0.7036	36.7895	0.2773	954.0000	292.0000	0.3061	959.0000
425	0.4684	0.6469	0.5050	0.8177	0.0247	0.7127	36.6316	0.2717	985.0000	287.0000	0.2914	990.0000
426	0.4888	0.6406	0.5047	0.8087	0.0241	0.6899	36.7895	0.2636	984.0000	299.0000	0.3039	988.0000
427	0.4828	0.6420	0.5014	0.8019	0.0254	0.6880	36.7368	0.2967	972.0000	304.0000	0.3128	978.0000
428	0.4913	0.6444	0.5051	0.8068	0.0255	0.6881	36.7895	0.2821	976.0000	302.0000	0.3094	979.0000
429	0.4938	0.6495	0.5092	0.8003	0.0253	0.7055	36.7368	0.2628	1002.0000	293.0000	0.2924	1006.0000
430	0.5005	0.6495	0.5087	0.8092	0.0261	0.7053	36.6316	0.2706	983.0000	295.0000	0.3001	988.0000
431	0.4916	0.6392	0.5023	0.7923	0.0246	0.7115	36.7368	0.2652	1009.0000	291.0000	0.2884	1013.0000
432	0.4888	0.6476	0.5084	0.8207	0.0256	0.6866	36.7368	0.2860	955.0000	305.0000	0.3194	959.0000
433	0.4857	0.6450	0.5068	0.8079	0.0256	0.7012	36.7368	0.2636	979.0000	299.0000	0.3054	982.0000
434	0.4890	0.6483	0.5078	0.8004	0.0256	0.6824	36.7895	0.2912	964.0000	305.0000	0.3164	969.0000
435	0.4652	0.6381	0.5037	0.8188	0.0248	0.6876	36.6316	0.2933	959.0000	294.0000	0.3066	962.0000
436	0.4805	0.6453	0.5073	0.8103	0.0245	0.7186	36.6842	0.2568	985.0000	284.0000	0.2883	988.0000
437	0.4824	0.6423	0.5008	0.7911	0.0258	0.6946	36.4737	0.2719	955.0000	297.0000	0.3110	961.0000
438	0.5007	0.6546	0.5097	0.8156	0.0269	0.6815	36.7368	0.2806	946.0000	309.0000	0.3266	949.0000
439	0.4764	0.6460	0.5073	0.8068	0.0251	0.6947	36.5263	0.2749	994.0000	303.0000	0.3048	999.0000
440	0.4678	0.6420	0.4997	0.7976	0.0250	0.6959	36.6842	0.2832	975.0000	294.0000	0.3015	981.0000
441	0.4697	0.6418	0.4996	0.8069	0.0251	0.6967	36.5263	0.2702	990.0000	293.0000	0.2960	997.0000
442	0.4766	0.6406	0.5027	0.8157	0.0249	0.7068	36.7368	0.2835	955.0000	286.0000	0.2995	959.0000
443	0.4729	0.6518	0.5073	0.8090	0.0269	0.6891	36.7368	0.2815	983.0000	305.0000	0.3103	987.0000
444	0.4755	0.6457	0.5020	0.8137	0.0254	0.6938	36.7368	0.2834	957.0000	296.0000	0.3093	959.0000
445	0.4859	0.6490	0.5043	0.8035	0.0251	0.6940	36.7368	0.2768	1009.0000	304.0000	0.3013	1012.0000
446	0.4841	0.6434	0.5049	0.8178	0.0250	0.7054	36.4737	0.2670	998.0000	295.0000	0.2956	1002.0000
447	0.4678	0.6448	0.5043	0.8006	0.0251	0.6913	36.6316	0.2781	1005.0000	301.0000	0.2995	1007.0000
448	0.4822	0.6413	0.5053	0.8081	0.0246	0.7054	36.6842	0.2688	988.0000	291.0000	0.2945	993.0000
449	0.4930	0.6446	0.5088	0.8063	0.0250	0.6951	36.5789	0.2740	992.0000	302.0000	0.3044	997.0000
450	0.4775	0.6490	0.5084	0.8004	0.0251	0.6851	36.5263	0.2913	975.0000	311.0000	0.3190	979.0000
451	0.4829	0.6478	0.5110	0.8182	0.0255	0.6922	36.6316	0.2797	966.0000	302.0000	0.3126	968.0000
452	0.4869	0.6450	0.5062	0.8029	0.0249	0.6957	36.6316	0.2737	993.0000	306.0000	0.3082	997.0000
453	0.4707	0.6457	0.5049	0.8081	0.0248	0.6864	36.5263	0.2783	972.0000	305.0000	0.3138	975.0000
454	0.4706	0.6427	0.5024	0.8056	0.0246	0.7053	36.6842	0.2661	969.0000	291.0000	0.3003	975.0000
455	0.4894	0.6360	0.4999	0.8268	0.0248	0.6940	36.5789	0.2724	943.0000	285.0000	0.3022	947.0000
456	0.4831	0.6488	0.5049	0.8025	0.0256	0.6994	36.6842	0.2801	997.0000	303.0000	0.3039	1003.0000
457	0.4764	0.6464	0.5090	0.8049	0.0253	0.6881	36.4737	0.2728	989.0000	310.0000	0.3134	995.0000
458	0.4791	0.6457	0.5096	0.8083	0.0254	0.7017	36.4737	0.2636	995.0000	295.0000	0.2965	999.0000
459	0.4842	0.6409	0.5033	0.8051	0.0249	0.6848	36.6316	0.2778	975.0000	306.0000	0.3138	978.0000
460	0.4870	0.6448	0.5044	0.7987	0.0253	0.7043	36.7368	0.2656	1011.0000	297.0000	0.2938	1015.0000
461	0.4971	0.6450	0.5059	0.8022	0.0264	0.6942	36.3684	0.2683	967.0000	300.0000	0.3102	973.0000
462	0.5100	0.6437	0.5015	0.8082	0.0244	0.6926	36.7895	0.2765	944.0000	295.0000	0.3125	948.0000
463	0.4895	0.6446	0.5061	0.8176	0.0247	0.7035	36.6316	0.2673	981.0000	296.0000	0.3017	984.0000
464	0.4932	0.6504	0.5070	0.8083	0.0265	0.7028	36.6842	0.2631	975.0000	303.0000	0.3108	982.0000
465	0.4730	0.6411	0.5017	0.7939	0.0244	0.6843	36.6316	0.2812	974.0000	299.0000	0.3070	979.0000
466	0.4828	0.6523	0.5078	0.8059	0.0261	0.7090	36.5789	0.2669	980.0000	296.0000	0.3020	983.0000
467	0.4855	0.6478	0.5093	0.7904	0.0249	0.6952	36.8947	0.2745	1026.0000	300.0000	0.2924	1032.0000
468	0.4922	0.6439	0.5063	0.8265	0.0253	0.7061	36.8421	0.2565	975.0000	292.0000	0.2995	981.0000
469	0.4942	0.6416	0.4997	0.8178	0.0240	0.6989	36.6842	0.2707	970.0000	290.0000	0.2990	976.0000
470	0.4882	0.6444	0.5053	0.8164	0.0264	0.6941	36.6842	0.2744	971.0000	291.0000	0.2997	975.0000
471	0.4963	0.6388	0.5023	0.8088	0.0254	0.7155	36.9474	0.2530	975.0000	281.0000	0.2882	981.0000
472	0.4921	0.6476	0.5065	0.8056	0.0256	0.7061	36.5789	0.2658	980.0000	298.0000	0.3041	986.0000
473	0.4882	0.6346	0.5054	0.8048	0.0240	0.7126	36.7368	0.2542	987.0000	283.0000	0.2867	995.0000
474	0.4891	0.6457	0.5094	0.8032	0.0242	0.6999	36.4737	0.2552	1026.0000	296.0000	0.2885	1033.0000
475	0.4899	0.6418	0.5043	0.8099	0.0244	0.6978	36.5263	0.2696	1001.0000	298.0000	0.2977	1006.0000
476	0.4727	0.6409	0.4993	0.8032	0.0251	0.6883	36.6316	0.2877	953.0000	295.0000	0.3095	959.0000
477	0.4798	0.6467	0.5062	0.7983	0.0257	0.7003	36.6842	0.2680	978.0000	295.0000	0.3016	982.0000
478	0.5039	0.6483	0.5049	0.8045	0.0257	0.7059	36.6316	0.2648	989.0000	298.0000	0.3013	995.0000
479	0.5041	0.6476	0.5096	0.8117	0.0254	0.7057	36.6316	0.2698	994.0000	296.0000	0.2978	1000.0000
480	0.5001	0.6444	0.5110	0.8044	0.0245	0.6986	36.5789	0.2568	1005.0000	297.0000	0.2955	1011.0000
481	0.4921	0.6430	0.5058	0.8194	0.0255	0.7154	36.5789	0.2515	984.0000	285.0000	0.2896	989.0000
482	0.4778	0.6460	0.5057	0.8143	0.0250	0.6939	36.6316	0.2793	981.0000	303.0000	0.3089	984.0000
483	0.4611	0.6416	0.5048	0.8136	0.0251	0.6838	36.5263	0.2934	969.0000	308.0000	0.3179	974.0000
484	0.4730	0.6411	0.5009	0.8115	0.0245	0.6930	36.7895	0.2736	998.0000	292.0000	0.2926	1004.0000
485	0.4738	0.6416	0.5082	0.8052	0.0249	0.6974	36.7895	0.2847	985.0000	293.0000	0.2975	989.0000
486	0.4870	0.6474	0.5045	0.7993	0.0258	0.7015	36.5263	0.2692	1013.0000	295.0000	0.2912	1015.0000
487	0.4954	0.6437	0.5039	0.8038	0.0249	0.7018	36.5789	0.2580	997.0000	296.0000	0.2969	1004.0000
488	0.5065	0.6495	0.5064	0.8060	0.0252	0.7092	36.5263	0.2520	1012.0000	295.0000	0.2915	1019.0000
489	0.4942	0.6474	0.5106	0.8095	0.0256	0.7008	36.5263	0.2669	993.0000	293.0000	0.2951	997.0000
490	0.4827	0.6502	0.5072	0.7943	0.0252	0.6961	36.4211	0.2753	1010.0000	307.0000	0.3040	1014.0000
491	0.4939	0.6481	0.5013	0.7957	0.0250	0.7084	36.7368	0.2666	1021.0000	300.0000	0.2938	1029.0000
492	0.4770	0.6488	0.5032	0.8023	0.0255	0.6856	36.6842	0.2788	969.0000	305.0000	0.3148	974.0000
493	0.4892	0.6474	0.5090	0.8174	0.0252	0.6869	36.6842	0.2841	969.0000	308.0000	0.3179	974.0000
494	0.4753	0.6504	0.5065	0.8022	0.0256	0.6871	36.4737	0.2869	974.0000	311.0000	0.3193	978.0000
495	0.4717	0.6444	0.5045	0.8124	0.0255	0.6955	36.5789	0.2798	943.0000	295.0000	0.3128	947.0000
496	0.4835	0.6444	0.5102	0.8185	0.0264	0.6940	36.6316	0.2772	920.0000	289.0000	0.3141	923.0000
497	0.4641	0.6446	0.5031	0.8103	0.0261	0.6821	36.4211	0.2961	956.0000	307.0000	0.3211	961.0000
498	0.4774	0.6476	0.5054	0.8064	0.0256	0.6899	36.8421	0.2840	1016.0000	310.0000	0.3051	1021.0000
499	0.4847	0.6441	0.5039	0.8055	0.0259	0.6890	36.7895	0.2830	973.0000	298.0000	0.3063	976.0000
500	0.4970	0.6476	0.5007	0.8152	0.0261	0.6775	36.6842	0.2831	953.0000	301.0000	0.3158	956.0000
501	0.4698	0.6502	0.5087	0.8099	0.0261	0.6931	36.5263	0.2826	989.0000	307.0000	0.3104	993.0000
502	0.4811	0.6441	0.5072	0.8104	0.0250	0.6921	36.6842	0.2710	995.0000	297.0000	0.2985	1000.0000
503	0.4771	0.6523	0.5106	0.8140	0.0267	0.6860	36.7895	0.2930	964.0000	308.0000	0.3195	969.0000
504	0.4983	0.6399	0.5073	0.8217	0.0245	0.6967	36.3158	0.2738	953.0000	300.0000	0.3148	957.0000
505	0.4667	0.6425	0.5034	0.7922	0.0255	0.6782	36.6842	0.2934	955.0000	310.0000	0.3246	957.0000
506	0.4808	0.6481	0.5067	0.8107	0.0254	0.6868	36.6316	0.2812	979.0000	303.0000	0.3095	985.0000
507	0.4773	0.6423	0.5002	0.8053	0.0241	0.6992	36.3684	0.2673	940.0000	293.0000	0.3117	942.0000
508	0.5028	0.6469	0.5082	0.8091	0.0247	0.7103	36.6316	0.2480	950.0000	293.0000	0.3084	957.0000
509	0.4907	0.6399	0.5003	0.8099	0.0247	0.6890	36.5789	0.2764	998.0000	300.0000	0.3006	1003.0000
510	0.4623	0.6488	0.5067	0.8007	0.0256	0.6945	36.6842	0.2794	991.0000	299.0000	0.3017	995.0000
511	0.4843	0.6502	0.5098	0.8089	0.0252	0.7012	36.7368	0.2710	1018.0000	303.0000	0.2976	1021.0000
512	0.4728	0.6446	0.5024	0.8102	0.0249	0.6991	36.4211	0.2788	969.0000	293.0000	0.3024	972.0000
513	0.4723	0.6444	0.5077	0.8116	0.0261	0.6920	36.5263	0.2908	953.0000	302.0000	0.3169	958.0000
514	0.4914	0.6397	0.4995	0.8015	0.0239	0.6918	36.6842	0.2813	991.0000	303.0000	0.3058	993.0000
515	0.4952	0.6460	0.5057	0.8035	0.0251	0.7072	36.7368	0.2529	1026.0000	297.0000	0.2895	1031.0000
516	0.4885	0.6450	0.5033	0.7998	0.0246	0.6978	36.4211	0.2628	962.0000	299.0000	0.3108	968.0000
517	0.4793	0.6404	0.4972	0.8055	0.0251	0.6882	36.5789	0.2760	981.0000	298.0000	0.3038	984.0000
518	0.4843	0.6439	0.5072	0.8123	0.0252	0.6861	36.7368	0.2836	957.0000	309.0000	0.3229	961.0000
519	0.4890	0.6469	0.5092	0.8101	0.0267	0.6926	36.5263	0.2783	949.0000	297.0000	0.3130	955.0000
520	0.4879	0.6511	0.5063	0.8036	0.0260	0.6980	36.4211	0.2750	984.0000	298.0000	0.3028	989.0000
521	0.4941	0.6448	0.5046	0.7995	0.0248	0.7005	36.5263	0.2597	1023.0000	301.0000	0.2942	1027.0000
522	0.4763	0.6464	0.5050	0.7987	0.0265	0.6880	36.6842	0.2885	1010.0000	309.0000	0.3059	1015.0000
523	0.5033	0.6455	0.5048	0.8041	0.0256	0.7157	36.5263	0.2565	1006.0000	279.0000	0.2773	1013.0000
524	0.4813	0.6444	0.5045	0.8025	0.0263	0.6988	36.7895	0.2654	986.0000	293.0000	0.2972	990.0000
525	0.4783	0.6483	0.5070	0.7948	0.0241	0.6950	36.5263	0.2744	996.0000	304.0000	0.3052	1003.0000
526	0.4734	0.6467	0.5064	0.8093	0.0255	0.7018	36.7895	0.2750	993.0000	292.0000	0.2941	998.0000
527	0.4953	0.6513	0.5111	0.8173	0.0257	0.7073	36.7368	0.2525	1005.0000	292.0000	0.2905	1010.0000
528	0.4633	0.6460	0.5118	0.8052	0.0251	0.6908	36.5263	0.2867	978.0000	308.0000	0.3149	982.0000
529	0.4791	0.6497	0.5023	0.8071	0.0263	0.6973	36.4211	0.2744	994.0000	295.0000	0.2968	997.0000
530	0.4894	0.6413	0.5011	0.8309	0.0248	0.7026	36.4211	0.2766	935.0000	288.0000	0.3080	938.0000
531	0.4776	0.6430	0.5002	0.8101	0.0249	0.6917	36.6842	0.2697	979.0000	298.0000	0.3044	984.0000
532	0.5002	0.6481	0.5075	0.8075	0.0257	0.7066	36.5263	0.2722	986.0000	291.0000	0.2951	992.0000
533	0.4668	0.6490	0.5103	0.8210	0.0256	0.7001	36.7895	0.2838	986.0000	299.0000	0.3032	991.0000
534	0.4984	0.6490	0.5099	0.8160	0.0259	0.7098	36.7368	0.2518	984.0000	290.0000	0.2947	990.0000
535	0.4873	0.6416	0.4984	0.8037	0.0255	0.6944	36.8421	0.2705	966.0000	291.0000	0.3012	973.0000
536	0.5120	0.6434	0.4949	0.8107	0.0248	0.7025	36.7895	0.2593	972.0000	292.0000	0.3004	974.0000
537	0.4796	0.6437	0.5038	0.8064	0.0253	0.7006	36.5789	0.2655	975.0000	290.0000	0.2974	978.0000
538	0.4653	0.6416	0.5012	0.7985	0.0252	0.6885	36.6842	0.2840	1000.0000	292.0000	0.2920	1005.0000
539	0.4956	0.6390	0.5029	0.8097	0.0238	0.6956	36.6842	0.2672	995.0000	295.0000	0.2965	1000.0000
540	0.4827	0.6511	0.5105	0.7991	0.0254	0.6975	36.5789	0.2725	1000.0000	312.0000	0.3120	1003.0000
541	0.4698	0.6420	0.5039	0.8058	0.0250	0.6896	36.7368	0.2875	971.0000	298.0000	0.3069	976.0000
542	0.4918	0.6464	0.5051	0.8034	0.0259	0.6995	36.7895	0.2795	975.0000	297.0000	0.3046	981.0000
543	0.4720	0.6450	0.5020	0.8132	0.0255	0.6970	36.4737	0.2844	967.0000	290.0000	0.2999	972.0000
544	0.4836	0.6476	0.5064	0.7972	0.0252	0.6846	36.7368	0.2954	934.0000	310.0000	0.3319	939.0000
545	0.4721	0.6476	0.5090	0.8118	0.0254	0.6901	36.6842	0.2915	950.0000	298.0000	0.3137	953.0000
546	0.4837	0.6381	0.5062	0.8049	0.0238	0.6916	36.7895	0.2761	1004.0000	304.0000	0.3028	1010.0000
547	0.4875	0.6430	0.4975	0.7912	0.0244	0.7066	36.8947	0.2573	984.0000	294.0000	0.2988	990.0000
548	0.4859	0.6483	0.5066	0.7930	0.0255	0.6975	36.9474	0.2780	995.0000	308.0000	0.3095	997.0000
549	0.4770	0.6446	0.5059	0.8063	0.0256	0.6961	36.6842	0.2879	955.0000	295.0000	0.3089	958.0000
550	0.4899	0.6434	0.5028	0.7973	0.0255	0.6849	36.6842	0.2844	973.0000	307.0000	0.3155	979.0000
551	0.4865	0.6434	0.5057	0.8098	0.0254	0.6969	36.6316	0.2672	958.0000	293.0000	0.3058	966.0000
552	0.4842	0.6457	0.5077	0.8138	0.0248	0.7021	36.5789	0.2612	997.0000	296.0000	0.2969	1001.0000
553	0.4888	0.6511	0.5047	0.8095	0.0252	0.6967	36.7368	0.2630	1012.0000	301.0000	0.2974	1016.0000
554	0.4822	0.6448	0.5040	0.7994	0.0248	0.7031	36.5789	0.2697	1008.0000	296.0000	0.2937	1012.0000
555	0.4920	0.6444	0.5026	0.7951	0.0247	0.7111	36.5263	0.2615	982.0000	295.0000	0.3004	989.0000
556	0.4818	0.6448	0.5085	0.8056	0.0246	0.6890	36.6842	0.2789	979.0000	312.0000	0.3187	981.0000
557	0.4758	0.6476	0.5047	0.8226	0.0259	0.7028	36.5263	0.2749	950.0000	293.0000	0.3084	954.0000
558	0.4814	0.6404	0.5037	0.8148	0.0254	0.6992	36.7368	0.2709	957.0000	284.0000	0.2968	960.0000
559	0.5012	0.6464	0.5079	0.8153	0.0255	0.6972	36.5789	0.2638	996.0000	296.0000	0.2972	1001.0000
560	0.4807	0.6446	0.5034	0.8041	0.0249	0.6852	36.5263	0.2823	978.0000	303.0000	0.3098	984.0000
561	0.4740	0.6460	0.5071	0.8135	0.0254	0.7085	36.6842	0.2674	979.0000	291.0000	0.2972	982.0000
562	0.4828	0.6460	0.5019	0.8055	0.0247	0.6909	36.6842	0.2788	996.0000	299.0000	0.3002	1000.0000
563	0.4758	0.6506	0.5078	0.7894	0.0255	0.6904	36.6842	0.2830	1018.0000	312.0000	0.3065	1024.0000
564	0.4750	0.6488	0.5127	0.8111	0.0255	0.7072	36.6316	0.2622	989.0000	292.0000	0.2952	993.0000
565	0.4970	0.6439	0.5038	0.8005	0.0258	0.6962	36.8421	0.2744	963.0000	296.0000	0.3074	967.0000
566	0.4840	0.6495	0.5100	0.8121	0.0250	0.6985	36.7895	0.2789	1007.0000	297.0000	0.2949	1013.0000
567	0.4842	0.6502	0.5085	0.8190	0.0254	0.6953	36.8421	0.2869	974.0000	305.0000	0.3131	977.0000
568	0.4785	0.6437	0.5031	0.8018	0.0249	0.6879	36.6316	0.2813	987.0000	305.0000	0.3090	989.0000
569	0.4952	0.6485	0.5069	0.8194	0.0258	0.7063	36.6316	0.2620	966.0000	291.0000	0.3012	969.0000
570	0.4839	0.6474	0.5045	0.8076	0.0247	0.6890	36.4211	0.2770	969.0000	303.0000	0.3127	973.0000
571	0.4756	0.6450	0.5038	0.8125	0.0245	0.6843	36.6842	0.2852	1001.0000	310.0000	0.3097	1005.0000
572	0.4995	0.6488	0.5051	0.8045	0.0252	0.7056	36.4737	0.2678	996.0000	298.0000	0.2992	1001.0000
573	0.4813	0.6471	0.5037	0.8069	0.0246	0.7012	36.6316	0.2724	999.0000	295.0000	0.2953	1002.0000
574	0.5012	0.6476	0.5070	0.8104	0.0252	0.7068	36.6842	0.2582	965.0000	287.0000	0.2974	969.0000
575	0.4908	0.6437	0.5038	0.8012	0.0243	0.7043	36.5789	0.2612	1004.0000	297.0000	0.2958	1006.0000
576	0.4667	0.6483	0.5090	0.8092	0.0252	0.6873	36.5789	0.2918	944.0000	306.0000	0.3242	949.0000
577	0.4807	0.6441	0.5028	0.8053	0.0246	0.6911	36.4737	0.2806	961.0000	295.0000	0.3070	966.0000
578	0.4769	0.6432	0.5052	0.8005	0.0253	0.6820	36.6842	0.2757	975.0000	309.0000	0.3169	979.0000
579	0.4809	0.6462	0.5061	0.8142	0.0251	0.6897	36.5263	0.2734	953.0000	303.0000	0.3179	957.0000
580	0.4999	0.6444	0.5072	0.8041	0.0249	0.6952	36.4737	0.2773	963.0000	303.0000	0.3146	968.0000
581	0.4774	0.6457	0.5028	0.8072	0.0260	0.6937	36.6842	0.2807	976.0000	302.0000	0.3094	981.0000
582	0.4635	0.6444	0.5044	0.7969	0.0252	0.6982	36.7368	0.2710	1008.0000	303.0000	0.3006	1011.0000
583	0.4894	0.6506	0.5076	0.8205	0.0257	0.7065	36.6316	0.2546	954.0000	289.0000	0.3029	960.0000
584	0.4736	0.6460	0.5019	0.7974	0.0249	0.6975	36.7368	0.2733	989.0000	305.0000	0.3084	995.0000
585	0.4914	0.6437	0.5026	0.8072	0.0251	0.6891	36.5789	0.2819	970.0000	301.0000	0.3103	973.0000
586	0.4815	0.6464	0.5089	0.8159	0.0246	0.7051	36.7368	0.2615	994.0000	297.0000	0.2988	1002.0000
587	0.4877	0.6488	0.5086	0.8086	0.0254	0.7108	36.6316	0.2564	980.0000	291.0000	0.2969	983.0000
588	0.4654	0.6485	0.5081	0.7962	0.0255	0.6888	36.4737	0.2933	972.0000	310.0000	0.3189	977.0000
589	0.4965	0.6523	0.5080	0.8141	0.0254	0.6986	36.5789	0.2695	983.0000	305.0000	0.3103	989.0000
590	0.5010	0.6506	0.5063	0.8034	0.0256	0.6994	36.6842	0.2655	1018.0000	301.0000	0.2957	1024.0000
591	0.5026	0.6485	0.5058	0.8036	0.0253	0.7046	36.8421	0.2630	992.0000	296.0000	0.2984	998.0000
592	0.4720	0.6418	0.5036	0.8083	0.0249	0.6870	36.7368	0.2894	969.0000	301.0000	0.3106	972.0000
593	0.4793	0.6455	0.5054	0.8054	0.0248	0.6959	36.5789	0.2714	1012.0000	299.0000	0.2955	1020.0000
594	0.4923	0.6376	0.4979	0.8137	0.0251	0.7090	36.5263	0.2570	942.0000	277.0000	0.2941	945.0000
595	0.5005	0.6453	0.4996	0.8125	0.0258	0.6983	36.7368	0.2546	960.0000	294.0000	0.3063	964.0000
596	0.4885	0.6464	0.5053	0.8110	0.0257	0.6945	36.7368	0.2771	963.0000	295.0000	0.3063	968.0000
597	0.5040	0.6448	0.5057	0.8122	0.0258	0.7224	36.7895	0.2541	991.0000	283.0000	0.2856	996.0000
598	0.4929	0.6513	0.5074	0.8091	0.0253	0.7036	36.6842	0.2711	964.0000	301.0000	0.3122	970.0000
599	0.4670	0.6364	0.5046	0.8044	0.0246	0.6924	36.5263	0.2790	976.0000	291.0000	0.2982	982.0000
600	0.4918	0.6450	0.5018	0.8033	0.0249	0.7076	36.7895	0.2610	1014.0000	293.0000	0.2890	1017.0000
601	0.4878	0.6444	0.5053	0.8150	0.0249	0.7016	36.8947	0.2639	967.0000	299.0000	0.3092	972.0000
602	0.4574	0.6402	0.5016	0.8164	0.0247	0.7053	36.7368	0.2797	982.0000	286.0000	0.2912	987.0000
603	0.4957	0.6430	0.5037	0.8123	0.0247	0.6985	36.6842	0.2675	943.0000	294.0000	0.3118	948.0000
604	0.4931	0.6543	0.5072	0.7987	0.0266	0.6917	36.7368	0.2866	978.0000	304.0000	0.3108	981.0000
605	0.5056	0.6411	0.5042	0.7918	0.0238	0.7043	36.7895	0.2634	1015.0000	303.0000	0.2985	1026.0000
606	0.4860	0.6441	0.5046	0.8249	0.0250	0.7056	36.3158	0.2748	952.0000	290.0000	0.3046	956.0000
607	0.4862	0.6404	0.5001	0.8167	0.0246	0.7067	36.4737	0.2634	988.0000	287.0000	0.2905	990.0000
608	0.4840	0.6402	0.5031	0.8088	0.0249	0.7093	36.5789	0.2678	994.0000	281.0000	0.2827	1001.0000
609	0.4779	0.6453	0.5041	0.8182	0.0261	0.6925	36.7368	0.2714	976.0000	288.0000	0.2951	981.0000
610	0.4623	0.6467	0.5073	0.8035	0.0248	0.6849	36.7895	0.2868	980.0000	307.0000	0.3133	984.0000
611	0.4955	0.6418	0.5033	0.7994	0.0263	0.7004	36.5789	0.2685	991.0000	300.0000	0.3027	996.0000
612	0.5032	0.6460	0.5073	0.8068	0.0254	0.6996	36.7368	0.2601	995.0000	301.0000	0.3025	1001.0000
613	0.4925	0.6388	0.4992	0.8171	0.0251	0.6994	36.6842	0.2753	957.0000	290.0000	0.3030	962.0000
614	0.4734	0.6437	0.5043	0.7939	0.0241	0.6940	36.7368	0.2853	988.0000	312.0000	0.3158	994.0000
615	0.4934	0.6476	0.5077	0.8093	0.0258	0.7031	36.4737	0.2732	964.0000	299.0000	0.3102	966.0000
616	0.4748	0.6511	0.5108	0.8114	0.0262	0.6874	36.5263	0.2848	963.0000	303.0000	0.3146	966.0000
617	0.4871	0.6460	0.5038	0.8061	0.0256	0.6978	36.8421	0.2723	1007.0000	304.0000	0.3019	1010.0000
618	0.4787	0.6427	0.4974	0.8072	0.0246	0.6858	36.7368	0.2741	985.0000	307.0000	0.3117	987.0000
619	0.4863	0.6437	0.5021	0.8047	0.0247	0.6966	36.8421	0.2724	1006.0000	295.0000	0.2932	1011.0000
620	0.4669	0.6450	0.5038	0.7970	0.0251	0.6972	36.5789	0.2858	978.0000	303.0000	0.3098	982.0000
621	0.4846	0.6441	0.5029	0.8011	0.0255	0.6914	36.5789	0.2854	979.0000	302.0000	0.3085	985.0000
622	0.4926	0.6557	0.5119	0.8224	0.0268	0.7104	36.8421	0.2743	956.0000	294.0000	0.3075	960.0000
623	0.5033	0.6483	0.5098	0.8088	0.0253	0.7065	36.7368	0.2623	961.0000	293.0000	0.3049	967.0000
624	0.4658	0.6453	0.5008	0.8016	0.0247	0.6971	36.4211	0.2670	982.0000	299.0000	0.3045	985.0000
625	0.4807	0.6432	0.5013	0.8020	0.0243	0.7071	36.6316	0.2568	998.0000	293.0000	0.2936	1001.0000
626	0.4851	0.6423	0.5058	0.8084	0.0257	0.6880	36.6842	0.2828	973.0000	300.0000	0.3083	977.0000
627	0.4833	0.6492	0.5116	0.8116	0.0261	0.6884	36.8421	0.2828	929.0000	303.0000	0.3262	932.0000
628	0.4949	0.6504	0.5072	0.8107	0.0258	0.7004	36.6316	0.2665	983.0000	293.0000	0.2981	990.0000
629	0.4878	0.6399	0.5015	0.8173	0.0248	0.6930	36.7368	0.2751	954.0000	287.0000	0.3008	958.0000
630	0.4969	0.6457	0.5062	0.8165	0.0253	0.7057	36.7895	0.2695	970.0000	292.0000	0.3010	976.0000
631	0.4933	0.6420	0.5050	0.8057	0.0251	0.6973	36.4737	0.2631	978.0000	294.0000	0.3006	980.0000
632	0.5051	0.6492	0.5037	0.8128	0.0257	0.7076	36.6316	0.2658	992.0000	291.0000	0.2933	995.0000
633	0.4986	0.6439	0.5053	0.8258	0.0258	0.6962	36.5789	0.2795	946.0000	293.0000	0.3097	949.0000
634	0.4791	0.6488	0.5110	0.8110	0.0262	0.6914	36.4737	0.2893	971.0000	299.0000	0.3079	977.0000
635	0.4741	0.6525	0.5104	0.8060	0.0252	0.6977	36.8421	0.2635	990.0000	300.0000	0.3030	994.0000
636	0.4789	0.6427	0.5004	0.7994	0.0249	0.7056	36.8947	0.2652	999.0000	296.0000	0.2963	1002.0000
637	0.4773	0.6427	0.5037	0.8063	0.0240	0.6842	36.8421	0.2919	951.0000	311.0000	0.3270	953.0000
638	0.4838	0.6444	0.5035	0.8075	0.0249	0.6922	36.6842	0.2814	942.0000	299.0000	0.3174	945.0000
639	0.4767	0.6397	0.5022	0.8056	0.0252	0.6941	36.1579	0.2700	946.0000	293.0000	0.3097	951.0000
640	0.4957	0.6453	0.5032	0.8106	0.0252	0.7085	36.6842	0.2656	984.0000	299.0000	0.3039	989.0000
641	0.4759	0.6478	0.5069	0.8013	0.0245	0.7068	36.6842	0.2659	1018.0000	298.0000	0.2927	1025.0000
642	0.4849	0.6420	0.5048	0.8149	0.0249	0.7027	37.0000	0.2660	957.0000	292.0000	0.3051	962.0000
643	0.4680	0.6471	0.5049	0.8126	0.0264	0.6787	36.5789	0.3084	960.0000	306.0000	0.3187	964.0000
644	0.4812	0.6460	0.5086	0.7950	0.0247	0.6926	36.7895	0.2696	997.0000	301.0000	0.3019	1000.0000
645	0.5155	0.6413	0.5039	0.8093	0.0251	0.7026	36.7368	0.2723	987.0000	294.0000	0.2979	993.0000
646	0.4963	0.6457	0.5065	0.8188	0.0250	0.7089	36.5789	0.2578	1002.0000	289.0000	0.2884	1006.0000
647	0.4902	0.6462	0.5074	0.8198	0.0248	0.6979	36.4737	0.2703	973.0000	291.0000	0.2991	978.0000
648	0.4814	0.6444	0.5021	0.8187	0.0246	0.6983	36.7895	0.2706	1007.0000	300.0000	0.2979	1010.0000
649	0.4938	0.6462	0.5039	0.8080	0.0254	0.7051	36.2632	0.2657	988.0000	297.0000	0.3006	990.0000
650	0.4906	0.6562	0.5097	0.8039	0.0252	0.6861	36.7368	0.2826	981.0000	313.0000	0.3191	984.0000
651	0.4822	0.6474	0.5042	0.8075	0.0244	0.6931	36.6316	0.2843	961.0000	304.0000	0.3163	966.0000
652	0.4936	0.6448	0.5067	0.8025	0.0256	0.7071	36.7368	0.2758	967.0000	291.0000	0.3009	973.0000
653	0.4965	0.6448	0.5033	0.8013	0.0253	0.6901	36.4737	0.2799	990.0000	302.0000	0.3051	996.0000
654	0.4850	0.6439	0.5077	0.8269	0.0260	0.7032	36.6842	0.2685	966.0000	287.0000	0.2971	969.0000
655	0.4811	0.6462	0.5072	0.7948	0.0250	0.7073	36.5789	0.2733	1018.0000	298.0000	0.2927	1021.0000
656	0.4915	0.6541	0.5088	0.8015	0.0260	0.6884	36.7895	0.2745	988.0000	310.0000	0.3138	992.0000
657	0.4964	0.6430	0.5047	0.8158	0.0260	0.7041	36.7368	0.2673	983.0000	292.0000	0.2970	986.0000
658	0.4831	0.6457	0.5044	0.8128	0.0257	0.7029	36.7895	0.2690	992.0000	293.0000	0.2954	997.0000
659	0.5019	0.6448	0.5047	0.8065	0.0252	0.7037	36.6842	0.2670	978.0000	291.0000	0.2975	983.0000
660	0.4799	0.6502	0.5082	0.7996	0.0255	0.7056	36.7895	0.2737	1005.0000	305.0000	0.3035	1010.0000
661	0.4783	0.6397	0.5017	0.8156	0.0247	0.6855	36.8421	0.2821	977.0000	304.0000	0.3112	980.0000
662	0.4981	0.6413	0.5060	0.8199	0.0242	0.7036	36.7368	0.2663	983.0000	296.0000	0.3011	985.0000
663	0.4769	0.6444	0.5045	0.8071	0.0248	0.6947	36.5263	0.2818	990.0000	294.0000	0.2970	994.0000
664	0.4808	0.6450	0.5064	0.8216	0.0247	0.6912	36.8947	0.2791	969.0000	298.0000	0.3075	977.0000
665	0.4656	0.6462	0.5052	0.7953	0.0252	0.6853	36.5263	0.2716	999.0000	306.0000	0.3063	1003.0000
666	0.4762	0.6432	0.5065	0.8135	0.0250	0.6993	36.7895	0.2730	986.0000	290.0000	0.2941	990.0000
667	0.4751	0.6495	0.5083	0.8099	0.0252	0.6888	36.6842	0.2817	998.0000	308.0000	0.3086	1002.0000
668	0.4875	0.6413	0.5000	0.8093	0.0245	0.6972	36.7368	0.2608	975.0000	290.0000	0.2974	981.0000
669	0.4687	0.6483	0.5096	0.8117	0.0251	0.7015	36.6842	0.2663	973.0000	299.0000	0.3073	975.0000
670	0.4920	0.6511	0.5083	0.8033	0.0254	0.6831	36.5789	0.2971	978.0000	312.0000	0.3190	980.0000
671	0.4874	0.6455	0.5043	0.8110	0.0261	0.6792	36.4737	0.2852	944.0000	309.0000	0.3273	948.0000
672	0.4724	0.6439	0.5073	0.8028	0.0232	0.6758	36.8421	0.2923	965.0000	314.0000	0.3254	970.0000
673	0.4946	0.6432	0.5042	0.8119	0.0253	0.6932	36.6316	0.2728	958.0000	294.0000	0.3069	962.0000
674	0.4858	0.6439	0.5044	0.8134	0.0252	0.7012	36.4737	0.2716	976.0000	283.0000	0.2900	981.0000
675	0.4862	0.6409	0.5002	0.8077	0.0243	0.6824	36.9474	0.2693	977.0000	304.0000	0.3112	981.0000
676	0.4809	0.6437	0.5026	0.8063	0.0246	0.7057	36.6316	0.2670	972.0000	294.0000	0.3025	977.0000
677	0.4927	0.6453	0.5063	0.8112	0.0250	0.6925	36.4737	0.2715	959.0000	296.0000	0.3087	964.0000
678	0.4744	0.6423	0.5052	0.8103	0.0259	0.6985	36.6316	0.2666	992.0000	301.0000	0.3034	995.0000
679	0.4909	0.6502	0.5114	0.8182	0.0264	0.6988	36.5263	0.2747	970.0000	289.0000	0.2979	975.0000
680	0.4988	0.6448	0.5027	0.8062	0.0254	0.7137	36.5263	0.2484	1001.0000	291.0000	0.2907	1009.0000
681	0.5029	0.6509	0.5094	0.8129	0.0260	0.7092	36.3158	0.2591	988.0000	290.0000	0.2935	992.0000
682	0.4891	0.6462	0.5054	0.8067	0.0246	0.6905	36.5789	0.2852	1003.0000	302.0000	0.3011	1007.0000
683	0.4749	0.6467	0.5087	0.8197	0.0249	0.6761	36.6316	0.2953	950.0000	310.0000	0.3263	953.0000
684	0.4808	0.6467	0.5061	0.8175	0.0251	0.6908	36.5789	0.2933	983.0000	305.0000	0.3103	989.0000
685	0.4841	0.6437	0.5051	0.8038	0.0246	0.6942	36.7895	0.2656	998.0000	293.0000	0.2936	1003.0000
686	0.5040	0.6457	0.5052	0.8046	0.0251	0.6988	36.5789	0.2645	972.0000	293.0000	0.3014	977.0000
687	0.4761	0.6439	0.5008	0.8069	0.0256	0.6881	36.5789	0.2778	968.0000	300.0000	0.3099	972.0000
688	0.4924	0.6448	0.5038	0.8217	0.0254	0.6977	36.7368	0.2661	991.0000	292.0000	0.2947	995.0000
689	0.4865	0.6492	0.5055	0.8014	0.0258	0.6914	36.8421	0.2792	965.0000	299.0000	0.3098	970.0000
690	0.4686	0.6413	0.5012	0.7828	0.0241	0.7063	36.5789	0.2705	995.0000	296.0000	0.2975	999.0000
691	0.4727	0.6439	0.5046	0.8071	0.0251	0.6949	36.5789	0.2792	976.0000	297.0000	0.3043	981.0000
692	0.4861	0.6474	0.5090	0.8041	0.0260	0.6869	37.0000	0.2798	973.0000	309.0000	0.3176	976.0000
693	0.4842	0.6457	0.5101	0.8054	0.0260	0.6975	36.5263	0.2761	998.0000	294.0000	0.2946	1001.0000
694	0.4886	0.6488	0.5030	0.8015	0.0261	0.7085	36.7368	0.2697	1001.0000	293.0000	0.2927	1005.0000
695	0.5058	0.6427	0.5038	0.8077	0.0250	0.7053	36.6316	0.2662	962.0000	285.0000	0.2963	967.0000
696	0.4904	0.6448	0.5019	0.8166	0.0255	0.7110	36.7368	0.2516	971.0000	288.0000	0.2966	977.0000
697	0.4895	0.6481	0.5028	0.8101	0.0253	0.6974	36.7368	0.2676	981.0000	292.0000	0.2977	988.0000
698	0.4886	0.6476	0.5029	0.8016	0.0264	0.6925	36.7895	0.2784	956.0000	301.0000	0.3149	959.0000
699	0.4831	0.6448	0.5020	0.8044	0.0249	0.7018	36.6316	0.2786	1000.0000	293.0000	0.2930	1008.0000
700	0.4716	0.6423	0.5063	0.8161	0.0249	0.6947	36.4737	0.2880	960.0000	289.0000	0.3010	964.0000
701	0.4868	0.6446	0.5023	0.8024	0.0253	0.6998	36.2632	0.2684	963.0000	292.0000	0.3032	971.0000
702	0.4869	0.6506	0.5114	0.8026	0.0261	0.6981	36.7895	0.2799	1009.0000	304.0000	0.3013	1013.0000
703	0.4646	0.6441	0.5032	0.8003	0.0253	0.6890	36.6842	0.2781	996.0000	297.0000	0.2982	1002.0000
704	0.4992	0.6469	0.5042	0.8051	0.0258	0.7057	36.4211	0.2683	970.0000	289.0000	0.2979	973.0000
705	0.4888	0.6492	0.5034	0.8013	0.0262	0.7002	36.7368	0.2715	995.0000	299.0000	0.3005	1003.0000
706	0.4968	0.6485	0.5034	0.7970	0.0261	0.7124	36.6842	0.2565	1008.0000	297.0000	0.2946	1012.0000
707	0.4809	0.6432	0.5034	0.8153	0.0250	0.6998	36.6316	0.2694	961.0000	290.0000	0.3018	966.0000
708	0.4732	0.6485	0.5057	0.7992	0.0258	0.6965	36.7895	0.2832	1008.0000	311.0000	0.3085	1013.0000
709	0.4796	0.6392	0.5027	0.8203	0.0255	0.6906	36.6842	0.2765	986.0000	293.0000	0.2972	989.0000
710	0.4921	0.6437	0.5019	0.8030	0.0248	0.7059	36.7368	0.2558	988.0000	289.0000	0.2925	992.0000
711	0.4889	0.6376	0.4982	0.8004	0.0247	0.6881	36.7895	0.2810	955.0000	299.0000	0.3131	959.0000
712	0.5026	0.6492	0.5077	0.8094	0.0251	0.7104	36.6842	0.2586	983.0000	288.0000	0.2930	989.0000
713	0.4754	0.6399	0.5042	0.8194	0.0249	0.6893	36.5789	0.2788	955.0000	293.0000	0.3068	960.0000
714	0.5065	0.6464	0.5050	0.8074	0.0258	0.7108	36.6842	0.2558	972.0000	290.0000	0.2984	975.0000
715	0.4968	0.6404	0.5028	0.8014	0.0242	0.6928	36.2632	0.2690	1000.0000	299.0000	0.2990	1004.0000
716	0.4900	0.6455	0.5044	0.7950	0.0259	0.6855	36.3158	0.2897	957.0000	304.0000	0.3177	960.0000
717	0.4947	0.6446	0.5066	0.8197	0.0257	0.7177	36.6842	0.2599	940.0000	279.0000	0.2968	942.0000
718	0.5008	0.6432	0.5052	0.8142	0.0250	0.6896	36.6316	0.2704	964.0000	301.0000	0.3122	966.0000
719	0.4874	0.6432	0.5038	0.8065	0.0245	0.6942	36.7368	0.2715	965.0000	299.0000	0.3098	969.0000
720	0.4806	0.6506	0.5107	0.8075	0.0251	0.6915	36.6316	0.2803	991.0000	311.0000	0.3138	996.0000
721	0.4900	0.6483	0.5048	0.8209	0.0246	0.6994	36.7368	0.2689	960.0000	296.0000	0.3083	963.0000
722	0.4800	0.6488	0.5024	0.8120	0.0253	0.6930	36.6842	0.2835	976.0000	296.0000	0.3033	980.0000
723	0.5106	0.6464	0.5088	0.8061	0.0250	0.7086	36.4737	0.2627	994.0000	298.0000	0.2998	999.0000
724	0.4865	0.6485	0.5045	0.8056	0.0252	0.6959	36.6842	0.2744	1009.0000	300.0000	0.2973	1017.0000
725	0.5112	0.6471	0.5045	0.8051	0.0250	0.7055	36.6842	0.2561	999.0000	301.0000	0.3013	1004.0000
726	0.4830	0.6527	0.5108	0.8150	0.0256	0.7024	36.8421	0.2763	989.0000	303.0000	0.3064	993.0000
727	0.5028	0.6534	0.5101	0.8043	0.0254	0.7187	36.6842	0.2569	995.0000	290.0000	0.2915	1000.0000
728	0.5042	0.6446	0.5056	0.8212	0.0259	0.6897	36.4737	0.2747	936.0000	299.0000	0.3194	939.0000
729	0.4954	0.6492	0.5136	0.8221	0.0263	0.7017	36.9474	0.2656	944.0000	292.0000	0.3093	949.0000
730	0.4866	0.6490	0.5071	0.8115	0.0259	0.6996	36.7895	0.2678	967.0000	297.0000	0.3071	972.0000
731	0.4918	0.6437	0.5092	0.8092	0.0255	0.6924	36.7368	0.2790	969.0000	295.0000	0.3044	973.0000
732	0.4867	0.6434	0.5066	0.8151	0.0251	0.6862	37.0000	0.2789	958.0000	298.0000	0.3111	962.0000
733	0.4724	0.6462	0.5064	0.8133	0.0245	0.6861	36.8421	0.2846	968.0000	306.0000	0.3161	972.0000
734	0.4705	0.6457	0.5035	0.8018	0.0250	0.6897	36.5789	0.2785	985.0000	304.0000	0.3086	992.0000
735	0.4748	0.6439	0.5014	0.8027	0.0244	0.6956	36.5789	0.2926	961.0000	306.0000	0.3184	965.0000
736	0.5002	0.6413	0.5012	0.8183	0.0248	0.7155	36.3684	0.2453	942.0000	274.0000	0.2909	946.0000
737	0.4925	0.6455	0.5057	0.8028	0.0248	0.7081	36.4737	0.2583	987.0000	297.0000	0.3009	993.0000
738	0.4937	0.6471	0.5036	0.7897	0.0260	0.7018	36.5789	0.2667	989.0000	298.0000	0.3013	993.0000
739	0.4990	0.6453	0.5008	0.8096	0.0252	0.7073	36.4737	0.2539	1009.0000	288.0000	0.2854	1013.0000
740	0.4743	0.6450	0.5089	0.8190	0.0257	0.6824	36.7895	0.2826	970.0000	310.0000	0.3196	974.0000
741	0.4892	0.6411	0.5005	0.8030	0.0251	0.7049	36.7368	0.2667	992.0000	288.0000	0.2903	996.0000
742	0.4581	0.6437	0.5024	0.8058	0.0249	0.6939	36.8947	0.2924	967.0000	302.0000	0.3123	972.0000
743	0.4918	0.6385	0.4992	0.8161	0.0249	0.6967	36.7895	0.2675	950.0000	289.0000	0.3042	956.0000
744	0.4776	0.6474	0.5032	0.8186	0.0251	0.6851	36.4737	0.2913	925.0000	293.0000	0.3168	928.0000
745	0.4781	0.6406	0.5039	0.8191	0.0253	0.7072	36.5263	0.2665	973.0000	286.0000	0.2939	977.0000
746	0.4893	0.6432	0.5097	0.8152	0.0250	0.7002	36.6842	0.2667	942.0000	291.0000	0.3089	946.0000
747	0.4944	0.6504	0.5089	0.8104	0.0260	0.7021	36.6316	0.2662	990.0000	296.0000	0.2990	993.0000
748	0.5060	0.6469	0.5052	0.8048	0.0259	0.7042	36.6842	0.2693	976.0000	300.0000	0.3074	980.0000
749	0.4964	0.6497	0.5065	0.8208	0.0259	0.7000	36.6842	0.2686	979.0000	295.0000	0.3013	984.0000
750	0.4742	0.6516	0.5103	0.8091	0.0275	0.7030	36.8421	0.2742	979.0000	300.0000	0.3064	983.0000
751	0.4945	0.6525	0.5105	0.7992	0.0266	0.7011	36.6842	0.2746	1018.0000	305.0000	0.2996	1022.0000
752	0.4688	0.6488	0.5027	0.8019	0.0253	0.6920	36.6842	0.2839	972.0000	308.0000	0.3169	976.0000
753	0.4977	0.6383	0.5005	0.8107	0.0246	0.7036	36.8421	0.2665	962.0000	286.0000	0.2973	967.0000
754	0.4997	0.6513	0.5114	0.8126	0.0259	0.6983	36.6316	0.2801	957.0000	297.0000	0.3103	960.0000
755	0.4952	0.6457	0.5095	0.8009	0.0257	0.6965	36.7895	0.2714	989.0000	302.0000	0.3054	996.0000
756	0.4609	0.6485	0.5087	0.8111	0.0252	0.7035	36.3158	0.2672	990.0000	298.0000	0.3010	997.0000
757	0.5023	0.6467	0.5074	0.8126	0.0254	0.7063	36.4737	0.2640	976.0000	293.0000	0.3002	983.0000
758	0.5158	0.6483	0.5032	0.8130	0.0258	0.7183	36.5263	0.2580	1001.0000	285.0000	0.2847	1005.0000
759	0.4857	0.6516	0.5086	0.7982	0.0255	0.6873	36.6316	0.2837	999.0000	316.0000	0.3163	1005.0000
760	0.4953	0.6534	0.5069	0.8043	0.0256	0.7137	36.6316	0.2621	984.0000	290.0000	0.2947	989.0000
761	0.4782	0.6460	0.5017	0.8041	0.0251	0.6951	36.6842	0.2758	992.0000	303.0000	0.3054	998.0000
762	0.4715	0.6460	0.5066	0.8197	0.0257	0.6824	36.4211	0.2876	954.0000	304.0000	0.3187	958.0000
763	0.4733	0.6413	0.5037	0.8162	0.0257	0.6957	36.5789	0.2705	970.0000	293.0000	0.3021	974.0000
764	0.4949	0.6413	0.5071	0.8190	0.0242	0.7077	36.7368	0.2561	973.0000	286.0000	0.2939	979.0000
765	0.4933	0.6418	0.5056	0.8054	0.0245	0.6941	36.8947	0.2744	985.0000	303.0000	0.3076	993.0000
766	0.4780	0.6367	0.4959	0.8071	0.0244	0.6953	36.6316	0.2754	944.0000	294.0000	0.3114	949.0000
767	0.4732	0.6411	0.5030	0.8112	0.0242	0.6972	36.5263	0.2701	1012.0000	298.0000	0.2945	1018.0000
768	0.4838	0.6406	0.5015	0.8113	0.0249	0.6945	36.6316	0.2739	962.0000	299.0000	0.3108	966.0000
769	0.4877	0.6455	0.5056	0.8002	0.0246	0.6994	36.5263	0.2669	980.0000	296.0000	0.3020	984.0000
770	0.4843	0.6427	0.5039	0.8036	0.0248	0.6935	36.7368	0.2818	955.0000	302.0000	0.3162	958.0000
771	0.4793	0.6518	0.5122	0.8077	0.0257	0.6986	36.7895	0.2787	1018.0000	310.0000	0.3045	1022.0000
772	0.5050	0.6481	0.5058	0.8155	0.0258	0.7110	36.6316	0.2504	991.0000	292.0000	0.2947	994.0000
773	0.4912	0.6353	0.5008	0.8114	0.0241	0.6915	36.6842	0.2701	937.0000	292.0000	0.3116	940.0000
774	0.4869	0.6416	0.4998	0.8138	0.0254	0.6941	36.7368	0.2710	993.0000	295.0000	0.2971	1000.0000
775	0.4847	0.6518	0.5112	0.8137	0.0264	0.7037	36.5263	0.2672	997.0000	296.0000	0.2969	1000.0000
776	0.5154	0.6437	0.5057	0.8108	0.0257	0.7040	36.7368	0.2648	966.0000	292.0000	0.3023	968.0000
777	0.4877	0.6455	0.5060	0.8140	0.0255	0.6905	36.6316	0.2930	982.0000	302.0000	0.3075	990.0000
778	0.4924	0.6448	0.5014	0.8088	0.0254	0.6938	36.4737	0.2809	980.0000	298.0000	0.3041	983.0000
779	0.4919	0.6416	0.4992	0.8110	0.0251	0.6992	36.6842	0.2728	980.0000	294.0000	0.3000	984.0000
780	0.4874	0.6467	0.5044	0.8091	0.0262	0.6956	36.8947	0.2726	987.0000	299.0000	0.3029	992.0000
781	0.4786	0.6467	0.5100	0.8154	0.0256	0.6851	36.6842	0.2828	995.0000	305.0000	0.3065	1000.0000
782	0.5064	0.6495	0.5104	0.8115	0.0254	0.7155	36.4737	0.2550	1004.0000	293.0000	0.2918	1010.0000
783	0.4940	0.6450	0.5078	0.8185	0.0254	0.7131	36.7895	0.2606	976.0000	289.0000	0.2961	980.0000
784	0.4885	0.6476	0.5072	0.8031	0.0250	0.6899	36.5789	0.2819	989.0000	306.0000	0.3094	997.0000
785	0.4817	0.6446	0.5053	0.8072	0.0256	0.6885	36.7368	0.2789	948.0000	300.0000	0.3165	952.0000
786	0.4981	0.6413	0.5048	0.8168	0.0252	0.7122	36.5789	0.2536	977.0000	280.0000	0.2866	982.0000
787	0.4867	0.6448	0.5033	0.8048	0.0252	0.6964	36.6316	0.2710	982.0000	293.0000	0.2984	985.0000
788	0.4809	0.6457	0.5076	0.7941	0.0254	0.7034	36.7895	0.2742	972.0000	304.0000	0.3128	976.0000
789	0.4886	0.6467	0.5072	0.8005	0.0255	0.7015	36.6316	0.2767	994.0000	296.0000	0.2978	999.0000
790	0.4761	0.6444	0.4979	0.8100	0.0253	0.6912	36.6842	0.2802	951.0000	291.0000	0.3060	953.0000
791	0.4837	0.6402	0.4999	0.8071	0.0242	0.6926	36.5263	0.2722	977.0000	294.0000	0.3009	981.0000
792	0.4690	0.6485	0.5025	0.8158	0.0255	0.6825	36.5263	0.2857	945.0000	307.0000	0.3249	949.0000
793	0.4773	0.6369	0.5016	0.8156	0.0244	0.7011	36.7895	0.2626	963.0000	285.0000	0.2960	968.0000
794	0.4941	0.6460	0.5035	0.8147	0.0261	0.6914	36.5789	0.2731	940.0000	302.0000	0.3213	943.0000
795	0.4725	0.6432	0.5045	0.8014	0.0244	0.6781	36.8421	0.2892	946.0000	312.0000	0.3298	950.0000
796	0.5089	0.6497	0.5096	0.8165	0.0257	0.7161	36.6842	0.2562	1000.0000	292.0000	0.2920	1005.0000
797	0.4700	0.6474	0.5052	0.8140	0.0254	0.6929	36.7368	0.2796	972.0000	301.0000	0.3097	978.0000
798	0.4551	0.6464	0.5052	0.8094	0.0256	0.6794	36.5789	0.2988	952.0000	308.0000	0.3235	955.0000
799	0.4796	0.6427	0.5029	0.7972	0.0254	0.7001	36.5789	0.2611	989.0000	293.0000	0.2963	991.0000
800	0.4675	0.6434	0.5074	0.8063	0.0245	0.6728	36.8421	0.2996	961.0000	318.0000	0.3309	967.0000
801	0.4857	0.6474	0.5034	0.8023	0.0254	0.6933	36.7368	0.2750	960.0000	295.0000	0.3073	964.0000
802	0.4932	0.6432	0.5005	0.8053	0.0248	0.6941	36.9474	0.2750	968.0000	300.0000	0.3099	971.0000
803	0.4777	0.6439	0.5033	0.8220	0.0261	0.6999	36.4211	0.2594	970.0000	277.0000	0.2856	973.0000
804	0.4768	0.6432	0.5084	0.8060	0.0249	0.6930	36.3158	0.2839	978.0000	297.0000	0.3037	982.0000
805	0.5017	0.6406	0.5010	0.8107	0.0242	0.7030	36.5263	0.2704	954.0000	292.0000	0.3061	959.0000
806	0.4820	0.6448	0.5040	0.8108	0.0257	0.6980	36.7895	0.2728	981.0000	295.0000	0.3007	984.0000
807	0.4965	0.6425	0.5061	0.8101	0.0251	0.7008	36.5789	0.2578	961.0000	292.0000	0.3039	965.0000
808	0.4847	0.6432	0.5049	0.8019	0.0249	0.7025	36.3684	0.2652	957.0000	294.0000	0.3072	959.0000
809	0.4804	0.6483	0.5080	0.8118	0.0264	0.6912	36.7895	0.2681	963.0000	303.0000	0.3146	967.0000
810	0.4827	0.6541	0.5098	0.8160	0.0264	0.6928	36.8421	0.2794	970.0000	306.0000	0.3155	973.0000
811	0.4813	0.6430	0.5055	0.8148	0.0252	0.6901	36.7895	0.2744	956.0000	296.0000	0.3096	960.0000
812	0.4776	0.6381	0.5015	0.8081	0.0248	0.7029	36.7895	0.2708	992.0000	284.0000	0.2863	994.0000
813	0.4735	0.6432	0.5017	0.8044	0.0263	0.6892	36.6316	0.2799	986.0000	302.0000	0.3063	989.0000
814	0.4808	0.6469	0.5082	0.8104	0.0245	0.6930	36.6842	0.2709	962.0000	305.0000	0.3170	966.0000
815	0.4931	0.6453	0.5039	0.7983	0.0249	0.7097	36.6842	0.2644	1008.0000	293.0000	0.2907	1013.0000
816	0.4808	0.6474	0.5078	0.7966	0.0256	0.6951	36.6842	0.2685	997.0000	307.0000	0.3079	1000.0000
817	0.4810	0.6457	0.5064	0.8026	0.0238	0.7069	36.7895	0.2622	986.0000	298.0000	0.3022	988.0000
818	0.4665	0.6450	0.5063	0.8120	0.0254	0.6921	36.7368	0.2931	960.0000	302.0000	0.3146	966.0000
819	0.4661	0.6467	0.5042	0.8060	0.0252	0.6819	36.6842	0.2832	970.0000	311.0000	0.3206	974.0000
820	0.4739	0.6453	0.5097	0.8050	0.0245	0.6933	36.4737	0.2789	1006.0000	305.0000	0.3032	1010.0000
821	0.4850	0.6411	0.5065	0.8123	0.0248	0.7032	36.6316	0.2705	983.0000	292.0000	0.2970	988.0000
822	0.4828	0.6423	0.5034	0.8180	0.0251	0.7149	36.6842	0.2444	970.0000	281.0000	0.2897	974.0000
823	0.4777	0.6481	0.5039	0.8153	0.0257	0.6941	36.6842	0.2767	971.0000	303.0000	0.3120	973.0000
824	0.4749	0.6483	0.5096	0.8088	0.0264	0.6922	36.7895	0.2832	987.0000	299.0000	0.3029	990.0000
825	0.4941	0.6476	0.5077	0.8080	0.0264	0.7018	36.7368	0.2636	997.0000	295.0000	0.2959	1002.0000
826	0.4817	0.6490	0.5088	0.7991	0.0249	0.6968	36.7368	0.2756	995.0000	303.0000	0.3045	999.0000
827	0.4793	0.6411	0.4967	0.8104	0.0252	0.6979	36.5789	0.2755	964.0000	291.0000	0.3019	970.0000
828	0.4743	0.6467	0.5072	0.8055	0.0250	0.6915	36.7895	0.2839	964.0000	301.0000	0.3122	970.0000
829	0.4692	0.6478	0.5083	0.8114	0.0253	0.6768	36.4211	0.2901	968.0000	311.0000	0.3213	972.0000
830	0.4938	0.6418	0.5046	0.8065	0.0254	0.7080	36.6316	0.2693	978.0000	296.0000	0.3027	982.0000
831	0.4868	0.6504	0.5024	0.7992	0.0250	0.6850	36.7895	0.2845	964.0000	312.0000	0.3237	969.0000
832	0.4835	0.6504	0.5041	0.8140	0.0262	0.7067	36.4737	0.2666	972.0000	294.0000	0.3025	978.0000
833	0.4953	0.6506	0.5131	0.8059	0.0260	0.6982	36.7368	0.2704	978.0000	306.0000	0.3129	984.0000
834	0.4830	0.6425	0.5042	0.8233	0.0253	0.6803	36.7895	0.2890	961.0000	303.0000	0.3153	964.0000
835	0.4870	0.6485	0.5060	0.8071	0.0253	0.6925	36.6842	0.2772	975.0000	294.0000	0.3015	980.0000
836	0.4897	0.6509	0.5094	0.8037	0.0258	0.6873	36.3158	0.2804	1009.0000	313.0000	0.3102	1014.0000
837	0.4862	0.6444	0.5049	0.8132	0.0247	0.7129	36.7895	0.2618	1022.0000	285.0000	0.2789	1027.0000
838	0.4683	0.6469	0.5077	0.7991	0.0254	0.6967	36.5263	0.2804	1001.0000	301.0000	0.3007	1007.0000
839	0.4849	0.6351	0.4937	0.8065	0.0250	0.7117	36.7368	0.2637	960.0000	282.0000	0.2938	963.0000
840	0.4738	0.6469	0.5072	0.8100	0.0244	0.7045	36.6316	0.2592	1001.0000	290.0000	0.2897	1005.0000
841	0.4818	0.6441	0.5075	0.8125	0.0253	0.7038	36.7895	0.2612	974.0000	291.0000	0.2988	978.0000
842	0.4858	0.6481	0.5066	0.8056	0.0254	0.6903	36.8947	0.2895	981.0000	303.0000	0.3089	983.0000
843	0.4894	0.6441	0.5022	0.8101	0.0258	0.6927	36.6316	0.2748	942.0000	295.0000	0.3132	946.0000
844	0.4900	0.6430	0.5031	0.8090	0.0250	0.6981	36.4737	0.2686	970.0000	294.0000	0.3031	972.0000
845	0.4988	0.6506	0.5030	0.8056	0.0264	0.7058	36.5263	0.2567	971.0000	302.0000	0.3110	975.0000
846	0.4668	0.6437	0.5051	0.8089	0.0255	0.6933	36.7368	0.2826	956.0000	296.0000	0.3096	962.0000
847	0.4788	0.6488	0.5127	0.7937	0.0261	0.6943	36.6842	0.2820	985.0000	307.0000	0.3117	991.0000
848	0.4863	0.6478	0.5074	0.8063	0.0257	0.7041	36.5263	0.2674	968.0000	295.0000	0.3048	971.0000
849	0.4799	0.6402	0.4988	0.8135	0.0253	0.6920	36.6316	0.2835	928.0000	292.0000	0.3147	931.0000
850	0.4625	0.6490	0.5087	0.8097	0.0261	0.6826	36.7895	0.2896	960.0000	302.0000	0.3146	963.0000
851	0.4590	0.6439	0.5080	0.8116	0.0244	0.6803	36.7368	0.2924	976.0000	304.0000	0.3115	980.0000
852	0.4861	0.6455	0.5076	0.8075	0.0262	0.6994	36.6842	0.2827	959.0000	297.0000	0.3097	963.0000
853	0.4818	0.6411	0.4991	0.7965	0.0259	0.6991	36.6316	0.2700	976.0000	297.0000	0.3043	980.0000
854	0.4869	0.6413	0.5046	0.8040	0.0247	0.6921	36.6842	0.2688	978.0000	297.0000	0.3037	982.0000
855	0.4963	0.6388	0.5015	0.8132	0.0254	0.7115	36.6316	0.2566	964.0000	287.0000	0.2977	972.0000
856	0.5027	0.6499	0.5028	0.8039	0.0254	0.7185	36.5263	0.2492	986.0000	287.0000	0.2911	990.0000
857	0.4896	0.6523	0.5104	0.8018	0.0256	0.6958	36.3158	0.2745	973.0000	313.0000	0.3217	976.0000
858	0.4819	0.6441	0.5066	0.8125	0.0261	0.6935	36.7368	0.2785	989.0000	300.0000	0.3033	994.0000
859	0.4752	0.6432	0.5088	0.8129	0.0255	0.6914	36.5263	0.2875	984.0000	295.0000	0.2998	989.0000
860	0.4928	0.6397	0.5068	0.7927	0.0241	0.7004	36.6316	0.2559	990.0000	295.0000	0.2980	997.0000
861	0.5003	0.6504	0.5055	0.8055	0.0257	0.7044	36.6842	0.2638	996.0000	296.0000	0.2972	1000.0000
862	0.4714	0.6437	0.5033	0.8135	0.0249	0.6879	37.0000	0.2803	992.0000	304.0000	0.3065	996.0000
863	0.4640	0.6439	0.5013	0.8124	0.0256	0.6916	36.3158	0.2816	959.0000	299.0000	0.3118	963.0000
864	0.4939	0.6416	0.5060	0.8253	0.0251	0.6867	36.6842	0.2625	933.0000	295.0000	0.3162	937.0000
865	0.5054	0.6434	0.5082	0.8062	0.0253	0.7207	36.5263	0.2522	988.0000	286.0000	0.2895	991.0000
866	0.4986	0.6413	0.4970	0.7949	0.0250	0.6981	36.5263	0.2724	981.0000	293.0000	0.2987	985.0000
867	0.4983	0.6388	0.5070	0.8134	0.0243	0.7038	36.5789	0.2696	981.0000	288.0000	0.2936	986.0000
868	0.4982	0.6474	0.5107	0.8055	0.0259	0.6858	36.2105	0.2810	984.0000	303.0000	0.3079	990.0000
869	0.4898	0.6378	0.4989	0.8000	0.0237	0.7039	36.6842	0.2724	965.0000	297.0000	0.3078	969.0000
870	0.4844	0.6502	0.5096	0.8186	0.0260	0.6913	36.9474	0.2788	974.0000	305.0000	0.3131	976.0000
871	0.4860	0.6460	0.5077	0.7948	0.0252	0.6937	36.7895	0.2745	972.0000	304.0000	0.3128	976.0000
872	0.4770	0.6460	0.5032	0.7999	0.0245	0.6884	36.6316	0.2831	983.0000	309.0000	0.3143	990.0000
873	0.4804	0.6376	0.4993	0.8068	0.0249	0.6949	36.4737	0.2758	960.0000	300.0000	0.3125	964.0000
874	0.4786	0.6499	0.5069	0.8048	0.0253	0.6841	36.5789	0.2822	976.0000	311.0000	0.3186	982.0000
875	0.4821	0.6432	0.5034	0.8101	0.0250	0.6916	36.5263	0.2794	973.0000	297.0000	0.3052	979.0000
876	0.4925	0.6423	0.5022	0.7993	0.0239	0.7004	36.5263	0.2678	978.0000	301.0000	0.3078	983.0000
877	0.4837	0.6497	0.5087	0.8123	0.0256	0.6928	36.6316	0.2813	980.0000	313.0000	0.3194	984.0000
878	0.4907	0.6490	0.5078	0.8020	0.0250	0.7020	36.5789	0.2740	993.0000	300.0000	0.3021	999.0000
879	0.4866	0.6437	0.5014	0.8053	0.0246	0.7165	36.8421	0.2599	992.0000	284.0000	0.2863	997.0000
880	0.4784	0.6437	0.5086	0.8070	0.0244	0.6972	36.5263	0.2732	989.0000	303.0000	0.3064	994.0000
881	0.5001	0.6453	0.5059	0.8222	0.0244	0.7058	36.7895	0.2550	980.0000	298.0000	0.3041	986.0000
882	0.4829	0.6474	0.5019	0.7971	0.0256	0.7136	36.4211	0.2519	1007.0000	289.0000	0.2870	1010.0000
883	0.4899	0.6469	0.5084	0.8154	0.0252	0.6997	36.5263	0.2762	980.0000	298.0000	0.3041	985.0000
884	0.4706	0.6427	0.5076	0.8103	0.0253	0.6980	36.4211	0.2752	950.0000	290.0000	0.3053	954.0000
885	0.4717	0.6481	0.5060	0.8083	0.0254	0.6860	36.7368	0.2943	960.0000	313.0000	0.3260	964.0000
886	0.4970	0.6488	0.5119	0.8032	0.0260	0.6979	36.6842	0.2562	968.0000	299.0000	0.3089	973.0000
887	0.4989	0.6441	0.5013	0.8170	0.0262	0.7058	36.7368	0.2560	958.0000	284.0000	0.2965	963.0000
888	0.4904	0.6467	0.5057	0.8064	0.0258	0.7017	36.8947	0.2641	990.0000	296.0000	0.2990	996.0000
889	0.4950	0.6432	0.5013	0.8072	0.0247	0.7087	36.7895	0.2620	1003.0000	294.0000	0.2931	1005.0000
890	0.4886	0.6488	0.5092	0.8144	0.0252	0.6984	36.5263	0.2747	973.0000	297.0000	0.3052	980.0000
891	0.4874	0.6446	0.5047	0.8085	0.0258	0.6894	36.7895	0.2766	954.0000	299.0000	0.3134	958.0000
892	0.4765	0.6441	0.5023	0.8092	0.0244	0.6856	36.6316	0.2995	966.0000	300.0000	0.3106	971.0000
893	0.5077	0.6430	0.5063	0.8085	0.0251	0.7082	36.4737	0.2593	981.0000	284.0000	0.2895	987.0000
894	0.4760	0.6432	0.5087	0.8186	0.0246	0.7112	36.7895	0.2693	984.0000	288.0000	0.2927	990.0000
895	0.4734	0.6495	0.5066	0.8141	0.0266	0.6844	36.7368	0.2902	961.0000	303.0000	0.3153	966.0000
896	0.5064	0.6413	0.4993	0.8044	0.0251	0.7089	36.4211	0.2588	959.0000	289.0000	0.3014	962.0000
897	0.4675	0.6416	0.5068	0.8054	0.0246	0.7049	36.4211	0.2819	1010.0000	294.0000	0.2911	1012.0000
898	0.4819	0.6444	0.5060	0.8027	0.0249	0.6859	36.6842	0.2782	1016.0000	310.0000	0.3051	1024.0000
899	0.4791	0.6434	0.5040	0.7896	0.0242	0.6904	36.6842	0.2915	1001.0000	311.0000	0.3107	1009.0000
900	0.4799	0.6448	0.5097	0.7894	0.0246	0.6880	36.5789	0.2772	987.0000	311.0000	0.3151	992.0000
901	0.4882	0.6518	0.5075	0.8073	0.0260	0.7002	36.8421	0.2801	979.0000	294.0000	0.3003	984.0000
902	0.4911	0.6492	0.5083	0.8026	0.0251	0.6996	36.7895	0.2687	990.0000	299.0000	0.3020	999.0000
903	0.4867	0.6488	0.5054	0.7974	0.0254	0.7015	36.8421	0.2677	984.0000	295.0000	0.2998	988.0000
904	0.5120	0.6485	0.5044	0.7946	0.0257	0.7159	36.6316	0.2425	1012.0000	295.0000	0.2915	1015.0000
905	0.4934	0.6457	0.5034	0.8077	0.0248	0.7047	36.5789	0.2675	977.0000	294.0000	0.3009	981.0000
906	0.4825	0.6450	0.5053	0.7959	0.0254	0.7074	36.7895	0.2704	986.0000	292.0000	0.2961	991.0000
907	0.4976	0.6437	0.5082	0.8063	0.0257	0.7031	36.7368	0.2549	964.0000	286.0000	0.2967	968.0000
908	0.4834	0.6457	0.5074	0.8155	0.0256	0.7006	36.6842	0.2696	993.0000	295.0000	0.2971	996.0000
909	0.5002	0.6490	0.5055	0.8180	0.0271	0.7088	36.5789	0.2626	986.0000	291.0000	0.2951	988.0000
910	0.4806	0.6476	0.5078	0.7980	0.0256	0.6896	36.7895	0.2944	966.0000	307.0000	0.3178	971.0000
911	0.4808	0.6481	0.5067	0.8093	0.0255	0.6928	36.6316	0.2767	1007.0000	307.0000	0.3049	1011.0000
912	0.4866	0.6457	0.5013	0.8133	0.0244	0.7043	36.8947	0.2729	994.0000	291.0000	0.2928	999.0000
913	0.4778	0.6413	0.5024	0.8072	0.0252	0.6851	36.6842	0.2832	936.0000	299.0000	0.3194	938.0000
914	0.4745	0.6425	0.5011	0.8142	0.0255	0.6975	36.6842	0.2706	947.0000	291.0000	0.3073	951.0000
915	0.4727	0.6504	0.5049	0.8123	0.0253	0.7015	36.6316	0.2778	971.0000	301.0000	0.3100	977.0000
916	0.4890	0.6450	0.5037	0.8177	0.0260	0.6923	36.6842	0.2712	970.0000	294.0000	0.3031	975.0000
917	0.4971	0.6450	0.5027	0.8146	0.0255	0.6951	36.7368	0.2735	984.0000	297.0000	0.3018	990.0000
918	0.4829	0.6450	0.5010	0.8069	0.0245	0.6871	36.5263	0.2744	1004.0000	304.0000	0.3028	1007.0000
919	0.4830	0.6434	0.5065	0.8148	0.0253	0.6814	36.6842	0.2803	967.0000	301.0000	0.3113	972.0000
920	0.4927	0.6446	0.5028	0.8213	0.0255	0.7075	36.8421	0.2554	972.0000	283.0000	0.2912	977.0000
921	0.4862	0.6455	0.5058	0.8032	0.0248	0.7032	36.6316	0.2620	1022.0000	296.0000	0.2896	1027.0000
922	0.4785	0.6444	0.5056	0.8139	0.0260	0.6923	36.6316	0.2939	963.0000	295.0000	0.3063	965.0000
923	0.4956	0.6497	0.5048	0.8083	0.0250	0.6968	36.4737	0.2698	1004.0000	299.0000	0.2978	1009.0000
924	0.4935	0.6460	0.5060	0.8095	0.0257	0.7089	36.5789	0.2592	983.0000	287.0000	0.2920	986.0000
925	0.4894	0.6439	0.5057	0.8081	0.0251	0.6928	36.7368	0.2740	955.0000	304.0000	0.3183	958.0000
926	0.4901	0.6457	0.5043	0.8003	0.0247	0.6860	36.7368	0.2702	1005.0000	308.0000	0.3065	1010.0000
927	0.4840	0.6483	0.5055	0.8157	0.0266	0.6941	36.4737	0.2754	956.0000	297.0000	0.3107	961.0000
928	0.4914	0.6476	0.5071	0.8102	0.0257	0.6989	36.5263	0.2661	974.0000	300.0000	0.3080	979.0000
929	0.4918	0.6499	0.5044	0.8098	0.0262	0.6898	36.6316	0.2844	959.0000	302.0000	0.3149	962.0000
930	0.4846	0.6464	0.5020	0.8120	0.0246	0.6955	36.8421	0.2770	950.0000	302.0000	0.3179	953.0000
931	0.4984	0.6471	0.5036	0.8062	0.0242	0.6994	36.6316	0.2658	975.0000	295.0000	0.3026	979.0000
932	0.5009	0.6474	0.5060	0.8038	0.0258	0.7007	36.5263	0.2769	976.0000	300.0000	0.3074	982.0000
933	0.4801	0.6471	0.5021	0.7952	0.0251	0.6921	36.5789	0.2761	993.0000	305.0000	0.3072	999.0000
934	0.4733	0.6439	0.5013	0.8077	0.0251	0.6974	36.6842	0.2725	982.0000	296.0000	0.3014	986.0000
935	0.4664	0.6499	0.5089	0.8133	0.0253	0.6935	36.5789	0.2717	954.0000	300.0000	0.3145	956.0000
936	0.4762	0.6427	0.5007	0.8062	0.0248	0.6982	36.6316	0.2772	949.0000	294.0000	0.3098	954.0000
937	0.4817	0.6509	0.5092	0.7997	0.0259	0.6889	36.6316	0.2761	983.0000	314.0000	0.3194	990.0000
938	0.4851	0.6457	0.5084	0.7950	0.0249	0.6876	36.6842	0.2790	1014.0000	311.0000	0.3067	1016.0000
939	0.4902	0.6409	0.5075	0.8137	0.0246	0.7085	36.7895	0.2623	1000.0000	291.0000	0.2910	1005.0000
940	0.4923	0.6520	0.5090	0.7966	0.0260	0.6982	36.6842	0.2714	989.0000	300.0000	0.3033	994.0000
941	0.4816	0.6446	0.5042	0.8059	0.0240	0.6988	36.7368	0.2726	1009.0000	299.0000	0.2963	1014.0000
942	0.4820	0.6448	0.5059	0.8064	0.0249	0.6936	36.6316	0.2914	974.0000	297.0000	0.3049	982.0000
943	0.4780	0.6469	0.5082	0.8043	0.0255	0.6985	36.6316	0.2700	1006.0000	305.0000	0.3032	1009.0000
944	0.4897	0.6427	0.5036	0.8081	0.0254	0.6971	36.5263	0.2700	979.0000	297.0000	0.3034	982.0000
945	0.4794	0.6457	0.5090	0.8100	0.0253	0.6892	36.6316	0.2739	979.0000	304.0000	0.3105	983.0000
946	0.4950	0.6467	0.5053	0.8195	0.0250	0.7017	36.4211	0.2643	995.0000	294.0000	0.2955	998.0000
947	0.4911	0.6525	0.5101	0.7988	0.0268	0.6963	36.7895	0.2653	1003.0000	310.0000	0.3091	1008.0000
948	0.5118	0.6471	0.5048	0.8231	0.0254	0.7171	36.7368	0.2474	1010.0000	280.0000	0.2772	1012.0000
949	0.4866	0.6530	0.5119	0.8131	0.0261	0.6897	36.7368	0.2781	976.0000	305.0000	0.3125	979.0000
950	0.4973	0.6460	0.5099	0.8024	0.0252	0.6973	36.6316	0.2709	988.0000	308.0000	0.3117	993.0000
951	0.4879	0.6483	0.5110	0.8097	0.0255	0.6947	36.5263	0.2737	963.0000	299.0000	0.3105	967.0000
952	0.4817	0.6439	0.5069	0.8103	0.0248	0.7049	36.4737	0.2689	1011.0000	294.0000	0.2908	1016.0000
953	0.4901	0.6448	0.5036	0.8148	0.0249	0.6923	36.5263	0.2825	950.0000	294.0000	0.3095	955.0000
954	0.5002	0.6460	0.5117	0.8129	0.0252	0.7022	36.8421	0.2584	981.0000	289.0000	0.2946	988.0000
955	0.4813	0.6413	0.5026	0.8059	0.0255	0.6936	36.6842	0.2738	941.0000	297.0000	0.3156	944.0000
956	0.4737	0.6425	0.5048	0.8015	0.0242	0.6981	36.7895	0.2773	993.0000	298.0000	0.3001	996.0000
957	0.4862	0.6404	0.5051	0.8162	0.0247	0.6900	36.6842	0.2840	969.0000	297.0000	0.3065	975.0000
958	0.4665	0.6481	0.5091	0.8056	0.0259	0.6952	36.7895	0.2729	975.0000	300.0000	0.3077	979.0000
959	0.4905	0.6457	0.5048	0.8017	0.0250	0.7021	36.4737	0.2673	1007.0000	290.0000	0.2880	1011.0000
960	0.4819	0.6448	0.5006	0.8067	0.0258	0.6868	36.8947	0.2814	959.0000	300.0000	0.3128	962.0000
961	0.4801	0.6474	0.5045	0.8080	0.0247	0.6959	36.5789	0.2778	983.0000	299.0000	0.3042	987.0000
962	0.4871	0.6483	0.5042	0.8038	0.0251	0.6993	36.4737	0.2794	1010.0000	302.0000	0.2990	1014.0000
963	0.4884	0.6495	0.5079	0.8051	0.0239	0.6987	36.7895	0.2730	982.0000	302.0000	0.3075	990.0000
964	0.4784	0.6425	0.5012	0.8082	0.0249	0.6946	36.5263	0.2792	982.0000	301.0000	0.3065	985.0000
965	0.4914	0.6485	0.5090	0.8106	0.0258	0.6988	36.5263	0.2802	988.0000	298.0000	0.3016	991.0000
966	0.4675	0.6476	0.5053	0.8055	0.0253	0.6886	36.7895	0.2825	996.0000	311.0000	0.3122	1000.0000
967	0.4732	0.6450	0.5092	0.8113	0.0255	0.6914	36.6842	0.2850	971.0000	304.0000	0.3131	973.0000
968	0.4599	0.6460	0.5061	0.8119	0.0251	0.6846	36.5263	0.2872	978.0000	303.0000	0.3098	982.0000
969	0.4766	0.6409	0.5075	0.8112	0.0249	0.7035	36.6842	0.2681	943.0000	288.0000	0.3054	946.0000
970	0.5064	0.6504	0.5127	0.7992	0.0251	0.7078	36.7368	0.2599	984.0000	295.0000	0.2998	987.0000
971	0.4789	0.6469	0.5091	0.8081	0.0260	0.7019	36.4211	0.2797	978.0000	296.0000	0.3027	983.0000
972	0.4765	0.6402	0.5027	0.8220	0.0250	0.7009	36.5789	0.2713	973.0000	296.0000	0.3042	978.0000
973	0.4881	0.6446	0.5025	0.8061	0.0250	0.7137	36.6316	0.2598	994.0000	293.0000	0.2948	999.0000
974	0.4819	0.6437	0.5079	0.8227	0.0257	0.6934	36.6842	0.2786	936.0000	292.0000	0.3120	941.0000
975	0.4956	0.6455	0.5045	0.8103	0.0255	0.6954	36.4211	0.2771	975.0000	293.0000	0.3005	980.0000
976	0.4833	0.6490	0.5079	0.8023	0.0250	0.7008	36.6316	0.2637	987.0000	300.0000	0.3040	990.0000
977	0.4826	0.6518	0.5092	0.8084	0.0261	0.7038	36.6316	0.2653	977.0000	298.0000	0.3050	983.0000
978	0.4820	0.6444	0.5054	0.8040	0.0247	0.6945	36.5263	0.2778	1006.0000	299.0000	0.2972	1010.0000
979	0.5016	0.6420	0.5037	0.8020	0.0251	0.7037	36.8421	0.2694	974.0000	299.0000	0.3070	978.0000
980	0.4925	0.6478	0.5073	0.8271	0.0267	0.6837	36.7368	0.2855	952.0000	307.0000	0.3225	955.0000
981	0.4819	0.6485	0.5050	0.8252	0.0256	0.6934	36.7895	0.2762	978.0000	296.0000	0.3027	981.0000
982	0.4989	0.6430	0.5052	0.8199	0.0246	0.7103	36.6842	0.2540	976.0000	282.0000	0.2889	981.0000
983	0.4815	0.6464	0.5039	0.8015	0.0252	0.6949	36.5263	0.2838	1003.0000	302.0000	0.3011	1009.0000
984	0.4925	0.6444	0.5070	0.7988	0.0254	0.7053	36.8421	0.2661	970.0000	287.0000	0.2959	974.0000
985	0.4957	0.6448	0.5069	0.7926	0.0247	0.6968	36.6842	0.2663	1022.0000	309.0000	0.3023	1028.0000
986	0.4880	0.6425	0.4996	0.7995	0.0246	0.6912	36.6842	0.2765	962.0000	294.0000	0.3056	965.0000
987	0.4841	0.6474	0.5099	0.8083	0.0258	0.6924	36.6316	0.2791	983.0000	305.0000	0.3103	988.0000
988	0.4673	0.6378	0.5064	0.8227	0.0239	0.7076	36.4737	0.2716	991.0000	289.0000	0.2916	998.0000
989	0.4885	0.6446	0.5027	0.7975	0.0253	0.7057	36.5263	0.2658	1019.0000	286.0000	0.2807	1028.0000
990	0.4616	0.6392	0.4998	0.8041	0.0246	0.6835	36.5263	0.2974	956.0000	305.0000	0.3190	960.0000
991	0.4805	0.6485	0.5077	0.8059	0.0256	0.6993	36.6842	0.2674	990.0000	308.0000	0.3111	998.0000
992	0.5073	0.6397	0.5041	0.8165	0.0246	0.7043	36.8947	0.2724	970.0000	290.0000	0.2990	976.0000
993	0.4790	0.6425	0.5037	0.8079	0.0250	0.6843	36.5263	0.2913	977.0000	307.0000	0.3142	981.0000
994	0.4771	0.6448	0.5024	0.8166	0.0254	0.6874	36.6316	0.2790	935.0000	293.0000	0.3134	938.0000
995	0.4748	0.6525	0.5100	0.8162	0.0260	0.6994	36.8421	0.2797	983.0000	297.0000	0.3021	987.0000
996	0.4894	0.6390	0.5004	0.7963	0.0247	0.6986	36.7368	0.2693	959.0000	284.0000	0.2961	966.0000
997	0.4768	0.6504	0.5039	0.8008	0.0264	0.6976	36.5789	0.2709	990.0000	300.0000	0.3030	993.0000
998	0.5036	0.6464	0.5084	0.8131	0.0256	0.7063	36.8947	0.2619	990.0000	291.0000	0.2939	996.0000
999	0.4852	0.6557	0.5143	0.8090	0.0260	0.6976	36.5789	0.2760	979.0000	307.0000	0.3136	985.0000
1000	0.4997	0.6509	0.5047	0.8102	0.0253	0.6905	36.6842	0.2677	991.0000	307.0000	0.3098	995.0000
