accuracy	proportion	density	fuzziness	coverage	purity	sounds	missing	ubound	clusters	props	patterns
1	0.5879	0.2499	0.6511	0.7370	0.0740	0.8113	33.2667	0.1055	2407.0000	358.0000	0.1487	2435.0000
2	0.5925	0.2499	0.6468	0.7390	0.0736	0.8240	32.6000	0.0931	2466.0000	338.0000	0.1371	2493.0000
3	0.6060	0.2499	0.6429	0.7222	0.0754	0.8142	33.0000	0.0996	2420.0000	352.0000	0.1455	2457.0000
4	0.5857	0.2499	0.6471	0.7155	0.0742	0.8061	32.9333	0.1000	2445.0000	358.0000	0.1464	2476.0000
5	0.6056	0.2499	0.6489	0.7410	0.0731	0.8245	33.0667	0.0942	2461.0000	350.0000	0.1422	2495.0000
6	0.5777	0.2499	0.6443	0.7306	0.0749	0.8084	32.8000	0.1041	2427.0000	354.0000	0.1459	2460.0000
7	0.5875	0.2499	0.6403	0.7382	0.0780	0.8097	33.0000	0.1057	2368.0000	368.0000	0.1554	2396.0000
8	0.6007	0.2499	0.6475	0.7321	0.0738	0.8175	33.0667	0.1006	2464.0000	349.0000	0.1416	2500.0000
9	0.5904	0.2499	0.6471	0.7414	0.0742	0.8183	32.9333	0.0980	2446.0000	344.0000	0.1406	2476.0000
10	0.5862	0.2499	0.6499	0.7336	0.0743	0.8225	32.8667	0.0961	2434.0000	342.0000	0.1405	2473.0000
11	0.5829	0.2499	0.6359	0.7302	0.0765	0.8024	33.1333	0.1087	2391.0000	370.0000	0.1547	2425.0000
12	0.5838	0.2499	0.6595	0.7227	0.0740	0.8113	33.1333	0.1038	2455.0000	362.0000	0.1475	2492.0000
13	0.5891	0.2499	0.6454	0.7332	0.0743	0.8151	33.2667	0.1045	2411.0000	356.0000	0.1477	2450.0000
14	0.5916	0.2499	0.6451	0.7481	0.0772	0.8147	33.2000	0.1013	2402.0000	343.0000	0.1428	2431.0000
15	0.5982	0.2499	0.6421	0.7354	0.0754	0.8158	32.8000	0.1006	2387.0000	348.0000	0.1458	2418.0000
16	0.6121	0.2499	0.6393	0.7278	0.0768	0.8121	33.3333	0.1069	2390.0000	351.0000	0.1469	2419.0000
17	0.5947	0.2499	0.6509	0.7384	0.0745	0.8174	33.0667	0.0974	2399.0000	343.0000	0.1430	2443.0000
18	0.5929	0.2499	0.6442	0.7436	0.0764	0.8144	33.2667	0.1002	2416.0000	346.0000	0.1432	2445.0000
19	0.5998	0.2499	0.6447	0.7428	0.0744	0.8140	33.0000	0.1066	2430.0000	349.0000	0.1436	2457.0000
20	0.5974	0.2499	0.6422	0.7298	0.0749	0.8186	32.9333	0.1016	2422.0000	355.0000	0.1466	2457.0000
21	0.5901	0.2499	0.6476	0.7293	0.0738	0.8066	32.5333	0.1082	2426.0000	358.0000	0.1476	2473.0000
22	0.5809	0.2499	0.6543	0.7289	0.0744	0.8123	32.7333	0.1001	2449.0000	357.0000	0.1458	2477.0000
23	0.5869	0.2499	0.6556	0.7317	0.0732	0.8119	32.9333	0.1071	2464.0000	352.0000	0.1429	2501.0000
24	0.5893	0.2499	0.6535	0.7331	0.0735	0.8220	32.7333	0.0907	2451.0000	338.0000	0.1379	2498.0000
25	0.5876	0.2499	0.6527	0.7370	0.0757	0.8124	33.0667	0.1040	2415.0000	354.0000	0.1466	2437.0000
26	0.5806	0.2499	0.6548	0.7424	0.0728	0.8146	32.4667	0.0996	2464.0000	354.0000	0.1437	2501.0000
27	0.5913	0.2499	0.6454	0.7427	0.0746	0.8190	33.3333	0.0970	2449.0000	342.0000	0.1396	2471.0000
28	0.6044	0.2499	0.6430	0.7352	0.0775	0.8082	32.8667	0.1089	2374.0000	353.0000	0.1487	2396.0000
29	0.5944	0.2499	0.6397	0.7319	0.0755	0.8114	32.8667	0.1050	2375.0000	353.0000	0.1486	2407.0000
30	0.5725	0.2499	0.6529	0.7257	0.0736	0.8112	33.2667	0.1053	2432.0000	357.0000	0.1468	2473.0000
31	0.5845	0.2499	0.6395	0.7300	0.0741	0.8151	33.1333	0.0990	2413.0000	349.0000	0.1446	2444.0000
32	0.5904	0.2499	0.6441	0.7445	0.0751	0.8194	33.2667	0.0971	2409.0000	341.0000	0.1416	2452.0000
33	0.6076	0.2499	0.6458	0.7424	0.0749	0.8247	33.2000	0.0974	2402.0000	339.0000	0.1411	2441.0000
34	0.5923	0.2499	0.6466	0.7272	0.0754	0.8098	33.1333	0.1080	2435.0000	360.0000	0.1478	2459.0000
35	0.5897	0.2499	0.6491	0.7600	0.0746	0.8143	32.4667	0.1032	2423.0000	341.0000	0.1407	2464.0000
36	0.5860	0.2499	0.6483	0.7360	0.0747	0.8111	33.1333	0.1049	2430.0000	360.0000	0.1481	2471.0000
37	0.5914	0.2499	0.6602	0.7277	0.0721	0.8105	32.9333	0.1047	2513.0000	360.0000	0.1433	2537.0000
38	0.5936	0.2499	0.6457	0.7370	0.0744	0.8198	33.1333	0.0969	2425.0000	349.0000	0.1439	2459.0000
39	0.5898	0.2499	0.6461	0.7341	0.0760	0.8113	33.0000	0.1051	2401.0000	351.0000	0.1462	2444.0000
40	0.5918	0.2499	0.6434	0.7300	0.0744	0.8082	32.8667	0.1079	2433.0000	354.0000	0.1455	2462.0000
41	0.6036	0.2499	0.6443	0.7379	0.0739	0.8205	32.9333	0.0953	2440.0000	337.0000	0.1381	2473.0000
42	0.5750	0.2499	0.6522	0.7439	0.0738	0.8216	33.1333	0.0952	2440.0000	341.0000	0.1398	2477.0000
43	0.5814	0.2499	0.6486	0.7310	0.0737	0.8138	33.2000	0.0974	2444.0000	353.0000	0.1444	2472.0000
44	0.5958	0.2499	0.6455	0.7406	0.0758	0.8151	32.7333	0.1005	2408.0000	346.0000	0.1437	2434.0000
45	0.5929	0.2499	0.6512	0.7247	0.0742	0.8117	32.6000	0.1024	2465.0000	359.0000	0.1456	2500.0000
46	0.5862	0.2499	0.6465	0.7299	0.0739	0.8144	33.0667	0.1040	2454.0000	352.0000	0.1434	2489.0000
47	0.5779	0.2499	0.6561	0.7434	0.0738	0.8164	33.0667	0.0923	2453.0000	347.0000	0.1415	2499.0000
48	0.5965	0.2499	0.6475	0.7325	0.0745	0.8149	32.9333	0.1038	2447.0000	345.0000	0.1410	2481.0000
49	0.5915	0.2499	0.6507	0.7234	0.0723	0.8102	33.1333	0.1022	2447.0000	353.0000	0.1443	2484.0000
50	0.5878	0.2499	0.6536	0.7161	0.0751	0.8050	32.9333	0.1108	2430.0000	359.0000	0.1477	2449.0000
51	0.5842	0.2499	0.6502	0.7381	0.0734	0.8088	33.2667	0.1028	2505.0000	346.0000	0.1381	2535.0000
52	0.5816	0.2499	0.6518	0.7318	0.0738	0.8169	33.2667	0.0997	2444.0000	346.0000	0.1416	2483.0000
53	0.5882	0.2499	0.6508	0.7258	0.0739	0.8068	33.0000	0.1006	2464.0000	353.0000	0.1433	2493.0000
54	0.5852	0.2499	0.6356	0.7294	0.0759	0.8140	33.4000	0.1004	2387.0000	359.0000	0.1504	2411.0000
55	0.5983	0.2499	0.6498	0.7305	0.0743	0.8132	33.2667	0.1027	2438.0000	351.0000	0.1440	2479.0000
56	0.5897	0.2499	0.6464	0.7319	0.0742	0.8101	32.8667	0.1029	2436.0000	351.0000	0.1441	2471.0000
57	0.5882	0.2499	0.6413	0.7479	0.0755	0.8162	32.9333	0.0984	2409.0000	347.0000	0.1440	2446.0000
58	0.5902	0.2499	0.6480	0.7294	0.0733	0.8130	33.3333	0.1013	2423.0000	352.0000	0.1453	2458.0000
59	0.5873	0.2499	0.6567	0.7457	0.0745	0.8186	32.9333	0.0996	2449.0000	344.0000	0.1405	2472.0000
60	0.6018	0.2499	0.6463	0.7496	0.0767	0.8183	33.0667	0.0990	2390.0000	341.0000	0.1427	2420.0000
61	0.5907	0.2499	0.6442	0.7262	0.0755	0.8028	33.1333	0.1086	2400.0000	366.0000	0.1525	2429.0000
62	0.5971	0.2499	0.6568	0.7412	0.0747	0.8200	32.9333	0.1003	2422.0000	346.0000	0.1429	2462.0000
63	0.5950	0.2499	0.6540	0.7285	0.0735	0.8153	33.3333	0.0948	2459.0000	343.0000	0.1395	2495.0000
64	0.5857	0.2499	0.6498	0.7345	0.0748	0.8109	32.8667	0.1020	2419.0000	350.0000	0.1447	2451.0000
65	0.5921	0.2499	0.6377	0.7265	0.0752	0.8098	33.0667	0.1085	2373.0000	352.0000	0.1483	2411.0000
66	0.6050	0.2499	0.6523	0.7414	0.0749	0.8213	32.6000	0.0936	2399.0000	332.0000	0.1384	2439.0000
67	0.5738	0.2499	0.6609	0.7183	0.0739	0.8081	33.2000	0.1019	2464.0000	358.0000	0.1453	2501.0000
68	0.5846	0.2499	0.6472	0.7395	0.0742	0.8117	33.0667	0.1009	2423.0000	350.0000	0.1444	2462.0000
69	0.5810	0.2499	0.6540	0.7240	0.0749	0.8086	33.1333	0.1064	2437.0000	358.0000	0.1469	2468.0000
70	0.5971	0.2499	0.6419	0.7359	0.0753	0.8207	32.8667	0.0950	2414.0000	341.0000	0.1413	2446.0000
71	0.5915	0.2499	0.6586	0.7417	0.0730	0.8163	32.8667	0.1013	2481.0000	349.0000	0.1407	2513.0000
72	0.5870	0.2499	0.6380	0.7324	0.0743	0.8059	33.0000	0.1050	2397.0000	355.0000	0.1481	2436.0000
73	0.5859	0.2499	0.6518	0.7379	0.0735	0.8139	33.2667	0.1011	2439.0000	342.0000	0.1402	2487.0000
74	0.5635	0.2499	0.6515	0.7127	0.0735	0.8020	32.8667	0.1066	2455.0000	358.0000	0.1458	2497.0000
75	0.5916	0.2499	0.6443	0.7256	0.0742	0.8136	33.2667	0.0992	2432.0000	357.0000	0.1468	2463.0000
76	0.6005	0.2499	0.6503	0.7367	0.0732	0.8192	33.1333	0.0955	2455.0000	335.0000	0.1365	2493.0000
77	0.5955	0.2499	0.6532	0.7290	0.0728	0.8056	33.0000	0.1059	2442.0000	355.0000	0.1454	2481.0000
78	0.5811	0.2499	0.6534	0.7366	0.0741	0.8087	33.2000	0.1041	2447.0000	361.0000	0.1475	2474.0000
79	0.5830	0.2499	0.6461	0.7308	0.0743	0.8145	32.8000	0.0998	2425.0000	354.0000	0.1460	2456.0000
80	0.5820	0.2499	0.6489	0.7323	0.0727	0.8108	32.8667	0.1024	2461.0000	359.0000	0.1459	2496.0000
81	0.5951	0.2499	0.6506	0.7293	0.0738	0.8153	32.9333	0.0986	2430.0000	345.0000	0.1420	2474.0000
82	0.5936	0.2499	0.6499	0.7345	0.0759	0.8220	33.0667	0.0967	2392.0000	340.0000	0.1421	2417.0000
83	0.5795	0.2499	0.6505	0.7282	0.0735	0.8096	32.9333	0.1007	2444.0000	352.0000	0.1440	2471.0000
84	0.5866	0.2499	0.6523	0.7192	0.0755	0.8084	33.1333	0.1024	2442.0000	360.0000	0.1474	2459.0000
85	0.5708	0.2499	0.6505	0.7335	0.0727	0.8108	32.8667	0.1023	2450.0000	358.0000	0.1461	2481.0000
86	0.5929	0.2499	0.6496	0.7307	0.0743	0.8165	32.8000	0.0966	2444.0000	344.0000	0.1408	2467.0000
87	0.5934	0.2499	0.6354	0.7354	0.0759	0.8121	33.2667	0.1015	2392.0000	353.0000	0.1476	2419.0000
88	0.5915	0.2499	0.6424	0.7500	0.0747	0.8154	33.0667	0.1024	2425.0000	349.0000	0.1439	2464.0000
89	0.5809	0.2499	0.6476	0.7329	0.0754	0.8129	33.1333	0.0979	2447.0000	350.0000	0.1430	2459.0000
90	0.5915	0.2499	0.6530	0.7337	0.0750	0.8146	33.2000	0.1042	2439.0000	356.0000	0.1460	2467.0000
91	0.5968	0.2499	0.6508	0.7444	0.0735	0.8151	33.0667	0.1035	2450.0000	350.0000	0.1429	2490.0000
92	0.6110	0.2499	0.6502	0.7378	0.0755	0.8154	32.8000	0.1039	2425.0000	345.0000	0.1423	2451.0000
93	0.5839	0.2499	0.6459	0.7278	0.0735	0.8127	32.8667	0.1047	2444.0000	347.0000	0.1420	2487.0000
94	0.6016	0.2499	0.6528	0.7185	0.0746	0.8065	32.8000	0.1046	2426.0000	356.0000	0.1467	2457.0000
95	0.5988	0.2499	0.6393	0.7250	0.0754	0.8104	32.8000	0.1040	2394.0000	359.0000	0.1500	2423.0000
96	0.5976	0.2499	0.6497	0.7418	0.0761	0.8147	33.2000	0.1043	2402.0000	348.0000	0.1449	2436.0000
97	0.5932	0.2499	0.6454	0.7165	0.0754	0.8136	32.9333	0.1001	2418.0000	357.0000	0.1476	2451.0000
98	0.5959	0.2499	0.6341	0.7389	0.0766	0.8160	32.8667	0.0993	2394.0000	339.0000	0.1416	2421.0000
99	0.5767	0.2499	0.6583	0.7390	0.0745	0.8107	33.0667	0.1064	2424.0000	356.0000	0.1469	2463.0000
100	0.5918	0.2499	0.6453	0.7395	0.0766	0.8155	32.8667	0.1006	2379.0000	349.0000	0.1467	2414.0000
101	0.5880	0.2499	0.6350	0.7235	0.0757	0.8064	33.4000	0.1096	2396.0000	368.0000	0.1536	2437.0000
102	0.6008	0.2499	0.6583	0.7219	0.0730	0.8137	32.9333	0.1021	2449.0000	347.0000	0.1417	2488.0000
103	0.6056	0.2499	0.6506	0.7334	0.0749	0.8147	32.9333	0.1026	2440.0000	354.0000	0.1451	2471.0000
104	0.5861	0.2499	0.6459	0.7317	0.0763	0.8141	32.8000	0.1058	2361.0000	358.0000	0.1516	2395.0000
105	0.5970	0.2499	0.6502	0.7445	0.0752	0.8133	33.2667	0.1032	2429.0000	345.0000	0.1420	2473.0000
106	0.6033	0.2499	0.6545	0.7298	0.0731	0.8135	33.0000	0.0959	2486.0000	355.0000	0.1428	2502.0000
107	0.5905	0.2499	0.6545	0.7350	0.0743	0.8151	32.9333	0.1004	2446.0000	351.0000	0.1435	2481.0000
108	0.5839	0.2499	0.6325	0.7317	0.0771	0.8108	33.0667	0.1032	2383.0000	359.0000	0.1507	2414.0000
109	0.6050	0.2499	0.6456	0.7522	0.0755	0.8165	32.8667	0.1019	2377.0000	341.0000	0.1435	2420.0000
110	0.5983	0.2499	0.6497	0.7318	0.0758	0.8123	32.8667	0.1019	2427.0000	351.0000	0.1446	2458.0000
111	0.5948	0.2499	0.6503	0.7355	0.0754	0.8185	32.8000	0.0967	2442.0000	344.0000	0.1409	2468.0000
112	0.5819	0.2499	0.6559	0.7198	0.0732	0.8086	32.8667	0.1010	2490.0000	356.0000	0.1430	2519.0000
113	0.5978	0.2499	0.6561	0.7480	0.0765	0.8194	33.1333	0.0993	2403.0000	348.0000	0.1448	2439.0000
114	0.5894	0.2499	0.6530	0.7320	0.0737	0.8091	32.8000	0.1044	2434.0000	361.0000	0.1483	2475.0000
115	0.5833	0.2499	0.6374	0.7436	0.0755	0.8108	32.9333	0.1047	2412.0000	357.0000	0.1480	2438.0000
116	0.6004	0.2499	0.6555	0.7360	0.0739	0.8164	33.2667	0.0998	2443.0000	354.0000	0.1449	2473.0000
117	0.5886	0.2499	0.6516	0.7281	0.0721	0.8152	32.7333	0.1014	2493.0000	351.0000	0.1408	2521.0000
118	0.5920	0.2499	0.6527	0.7363	0.0767	0.8075	32.6000	0.1025	2403.0000	356.0000	0.1481	2436.0000
119	0.5820	0.2499	0.6556	0.7310	0.0751	0.8117	33.3333	0.1032	2424.0000	364.0000	0.1502	2459.0000
120	0.5948	0.2499	0.6434	0.7487	0.0754	0.8147	33.4667	0.1031	2402.0000	350.0000	0.1457	2435.0000
121	0.5873	0.2499	0.6388	0.7279	0.0770	0.8095	32.8000	0.1018	2370.0000	351.0000	0.1481	2404.0000
122	0.5908	0.2499	0.6389	0.7331	0.0760	0.8111	33.0000	0.1038	2395.0000	351.0000	0.1466	2432.0000
123	0.5938	0.2499	0.6518	0.7244	0.0746	0.8126	33.0667	0.1034	2434.0000	355.0000	0.1459	2470.0000
124	0.5986	0.2499	0.6388	0.7292	0.0767	0.8162	33.1333	0.1016	2405.0000	350.0000	0.1455	2431.0000
125	0.6070	0.2499	0.6438	0.7293	0.0756	0.8184	33.1333	0.1036	2400.0000	357.0000	0.1487	2431.0000
126	0.5829	0.2499	0.6544	0.7404	0.0728	0.8116	32.8000	0.1023	2466.0000	354.0000	0.1436	2490.0000
127	0.5978	0.2499	0.6475	0.7326	0.0745	0.8123	33.0667	0.1051	2427.0000	358.0000	0.1475	2459.0000
128	0.5860	0.2499	0.6479	0.7368	0.0744	0.8180	33.2000	0.1014	2428.0000	346.0000	0.1425	2458.0000
129	0.5857	0.2499	0.6515	0.7509	0.0751	0.8177	33.4000	0.1001	2400.0000	351.0000	0.1462	2443.0000
130	0.5928	0.2499	0.6529	0.7367	0.0722	0.8133	32.8000	0.1060	2466.0000	356.0000	0.1444	2505.0000
131	0.5806	0.2499	0.6657	0.7314	0.0725	0.8158	33.0667	0.0978	2496.0000	360.0000	0.1442	2535.0000
132	0.6028	0.2499	0.6515	0.7336	0.0746	0.8127	33.2000	0.1068	2454.0000	357.0000	0.1455	2475.0000
133	0.6211	0.2499	0.6505	0.7482	0.0750	0.8239	33.0000	0.1008	2388.0000	335.0000	0.1403	2423.0000
134	0.5827	0.2499	0.6440	0.7316	0.0752	0.8057	33.2000	0.1064	2442.0000	362.0000	0.1482	2481.0000
135	0.5933	0.2499	0.6552	0.7295	0.0725	0.8138	32.6000	0.1034	2457.0000	355.0000	0.1445	2504.0000
136	0.5804	0.2499	0.6499	0.7262	0.0763	0.8093	33.0667	0.0991	2419.0000	360.0000	0.1488	2446.0000
137	0.6005	0.2499	0.6491	0.7198	0.0751	0.8055	33.0000	0.1103	2405.0000	362.0000	0.1505	2442.0000
138	0.5964	0.2499	0.6418	0.7384	0.0768	0.8140	32.9333	0.0997	2388.0000	349.0000	0.1461	2420.0000
139	0.5857	0.2499	0.6489	0.7364	0.0748	0.8144	32.8000	0.1018	2441.0000	345.0000	0.1413	2469.0000
140	0.5985	0.2499	0.6581	0.7312	0.0730	0.8227	32.8000	0.0981	2478.0000	347.0000	0.1400	2514.0000
141	0.5924	0.2499	0.6391	0.7551	0.0768	0.8221	33.1333	0.0965	2404.0000	331.0000	0.1377	2438.0000
142	0.5630	0.2499	0.6484	0.7183	0.0756	0.7966	33.0667	0.1097	2429.0000	377.0000	0.1552	2460.0000
143	0.5890	0.2499	0.6524	0.7341	0.0735	0.8151	32.6667	0.1003	2449.0000	348.0000	0.1421	2486.0000
144	0.5876	0.2499	0.6569	0.7389	0.0733	0.8178	33.1333	0.1020	2443.0000	357.0000	0.1461	2493.0000
145	0.5899	0.2499	0.6495	0.7426	0.0746	0.8182	33.3333	0.0990	2432.0000	354.0000	0.1456	2464.0000
146	0.5945	0.2499	0.6573	0.7326	0.0738	0.8145	32.8000	0.1069	2465.0000	356.0000	0.1444	2498.0000
147	0.5917	0.2499	0.6405	0.7485	0.0757	0.8162	33.4000	0.1021	2401.0000	355.0000	0.1479	2432.0000
148	0.5843	0.2499	0.6487	0.7317	0.0753	0.8116	33.1333	0.1035	2433.0000	354.0000	0.1455	2463.0000
149	0.5970	0.2499	0.6482	0.7390	0.0750	0.8194	33.0667	0.0953	2416.0000	339.0000	0.1403	2453.0000
150	0.6133	0.2499	0.6513	0.7374	0.0745	0.8219	33.0667	0.0971	2452.0000	342.0000	0.1395	2470.0000
151	0.5902	0.2499	0.6559	0.7264	0.0749	0.8208	32.6000	0.0957	2471.0000	344.0000	0.1392	2499.0000
152	0.5867	0.2499	0.6471	0.7282	0.0758	0.8016	32.7333	0.1113	2428.0000	367.0000	0.1512	2468.0000
153	0.5875	0.2499	0.6542	0.7398	0.0763	0.8138	33.1333	0.0998	2453.0000	348.0000	0.1419	2477.0000
154	0.5870	0.2499	0.6597	0.7396	0.0748	0.8152	33.0667	0.0976	2442.0000	348.0000	0.1425	2480.0000
155	0.5761	0.2499	0.6585	0.7384	0.0724	0.8032	33.1333	0.1107	2503.0000	365.0000	0.1458	2527.0000
156	0.5917	0.2499	0.6469	0.7369	0.0733	0.8214	33.0667	0.0988	2399.0000	340.0000	0.1417	2442.0000
157	0.5928	0.2499	0.6474	0.7169	0.0745	0.8133	33.0667	0.1025	2443.0000	348.0000	0.1424	2467.0000
158	0.5906	0.2499	0.6531	0.7426	0.0744	0.8161	33.0667	0.1016	2460.0000	352.0000	0.1431	2489.0000
159	0.5933	0.2499	0.6463	0.7232	0.0756	0.8123	32.8000	0.1026	2417.0000	356.0000	0.1473	2440.0000
160	0.5942	0.2499	0.6385	0.7332	0.0775	0.8106	33.1333	0.1025	2380.0000	351.0000	0.1475	2413.0000
161	0.5941	0.2499	0.6462	0.7289	0.0755	0.8129	33.2000	0.1019	2436.0000	349.0000	0.1433	2463.0000
162	0.5920	0.2499	0.6480	0.7351	0.0770	0.8121	33.2667	0.1027	2410.0000	350.0000	0.1452	2441.0000
163	0.5978	0.2499	0.6444	0.7295	0.0741	0.8144	32.9333	0.0993	2421.0000	344.0000	0.1421	2456.0000
164	0.5965	0.2499	0.6463	0.7259	0.0748	0.8110	33.0000	0.1054	2422.0000	354.0000	0.1462	2450.0000
165	0.5731	0.2499	0.6542	0.7276	0.0749	0.8053	33.2000	0.1072	2450.0000	361.0000	0.1473	2487.0000
166	0.6035	0.2499	0.6432	0.7543	0.0758	0.8270	32.7333	0.0902	2407.0000	321.0000	0.1334	2436.0000
167	0.5944	0.2499	0.6535	0.7500	0.0772	0.8184	33.1333	0.1012	2424.0000	337.0000	0.1390	2458.0000
168	0.6079	0.2499	0.6501	0.7304	0.0741	0.8240	33.1333	0.0966	2450.0000	339.0000	0.1384	2484.0000
169	0.5976	0.2499	0.6483	0.7393	0.0733	0.8172	33.0667	0.0972	2434.0000	343.0000	0.1409	2468.0000
170	0.5860	0.2499	0.6554	0.7302	0.0734	0.8144	32.6667	0.0998	2468.0000	353.0000	0.1430	2511.0000
171	0.5985	0.2499	0.6436	0.7306	0.0749	0.8137	32.8667	0.1063	2401.0000	359.0000	0.1495	2435.0000
172	0.5942	0.2499	0.6411	0.7322	0.0757	0.8055	32.8000	0.1073	2405.0000	354.0000	0.1472	2441.0000
173	0.5923	0.2499	0.6473	0.7216	0.0741	0.8034	33.2667	0.1105	2449.0000	362.0000	0.1478	2480.0000
174	0.6006	0.2499	0.6467	0.7360	0.0756	0.8196	32.7333	0.0978	2460.0000	343.0000	0.1394	2484.0000
175	0.5917	0.2499	0.6409	0.7267	0.0741	0.8141	33.0667	0.1003	2418.0000	350.0000	0.1447	2453.0000
176	0.5877	0.2499	0.6488	0.7437	0.0755	0.8185	33.0000	0.0980	2400.0000	352.0000	0.1467	2438.0000
177	0.5964	0.2499	0.6505	0.7424	0.0747	0.8221	33.0667	0.0964	2455.0000	346.0000	0.1409	2491.0000
178	0.5812	0.2499	0.6543	0.7233	0.0742	0.8085	33.2000	0.1055	2465.0000	360.0000	0.1460	2492.0000
179	0.5930	0.2499	0.6587	0.7386	0.0723	0.8204	33.0667	0.0955	2456.0000	344.0000	0.1401	2499.0000
180	0.5766	0.2499	0.6498	0.7458	0.0750	0.8095	32.7333	0.1061	2387.0000	353.0000	0.1479	2423.0000
181	0.6033	0.2499	0.6501	0.7428	0.0742	0.8202	33.1333	0.0995	2409.0000	346.0000	0.1436	2447.0000
182	0.5865	0.2499	0.6541	0.7265	0.0741	0.8076	32.9333	0.1020	2464.0000	357.0000	0.1449	2496.0000
183	0.5861	0.2499	0.6367	0.7294	0.0746	0.8061	33.2667	0.1053	2383.0000	358.0000	0.1502	2423.0000
184	0.5863	0.2499	0.6543	0.7389	0.0736	0.8186	32.6667	0.0954	2468.0000	339.0000	0.1374	2504.0000
185	0.5942	0.2499	0.6442	0.7426	0.0740	0.8215	33.0000	0.0974	2424.0000	335.0000	0.1382	2447.0000
186	0.5802	0.2499	0.6445	0.7328	0.0754	0.8154	33.1333	0.0982	2429.0000	351.0000	0.1445	2457.0000
187	0.5903	0.2499	0.6538	0.7228	0.0762	0.8068	32.8000	0.1063	2461.0000	358.0000	0.1455	2493.0000
188	0.5982	0.2499	0.6502	0.7326	0.0747	0.8124	33.0000	0.1085	2430.0000	357.0000	0.1469	2471.0000
189	0.5871	0.2499	0.6391	0.7428	0.0761	0.8125	33.0667	0.0993	2377.0000	357.0000	0.1502	2411.0000
190	0.6097	0.2499	0.6513	0.7427	0.0748	0.8257	33.0667	0.0941	2430.0000	345.0000	0.1420	2479.0000
191	0.5997	0.2499	0.6509	0.7165	0.0741	0.8076	33.1333	0.1046	2439.0000	361.0000	0.1480	2469.0000
192	0.5997	0.2499	0.6507	0.7265	0.0728	0.8169	32.8667	0.0996	2440.0000	342.0000	0.1402	2479.0000
193	0.5792	0.2499	0.6492	0.7357	0.0755	0.8096	32.9333	0.1036	2407.0000	351.0000	0.1458	2444.0000
194	0.5965	0.2499	0.6496	0.7405	0.0741	0.8178	32.9333	0.0986	2452.0000	336.0000	0.1370	2488.0000
195	0.5974	0.2499	0.6481	0.7321	0.0747	0.8160	32.9333	0.0974	2422.0000	349.0000	0.1441	2469.0000
196	0.5934	0.2499	0.6533	0.7358	0.0741	0.8094	33.0667	0.1043	2418.0000	344.0000	0.1423	2460.0000
197	0.6025	0.2499	0.6507	0.7366	0.0724	0.8220	32.8000	0.0971	2455.0000	341.0000	0.1389	2491.0000
198	0.5939	0.2499	0.6410	0.7333	0.0760	0.8160	33.0000	0.1043	2389.0000	354.0000	0.1482	2417.0000
199	0.5947	0.2499	0.6571	0.7335	0.0750	0.8203	32.8000	0.0977	2472.0000	343.0000	0.1388	2491.0000
200	0.5920	0.2499	0.6461	0.7543	0.0736	0.8222	32.8000	0.0994	2428.0000	350.0000	0.1442	2467.0000
201	0.5875	0.2499	0.6459	0.7436	0.0745	0.8151	32.8667	0.1005	2448.0000	343.0000	0.1401	2479.0000
202	0.5949	0.2499	0.6446	0.7392	0.0756	0.8127	33.0667	0.1028	2404.0000	355.0000	0.1477	2425.0000
203	0.5905	0.2499	0.6506	0.7486	0.0731	0.8192	32.8667	0.0990	2469.0000	344.0000	0.1393	2490.0000
204	0.5741	0.2499	0.6484	0.7266	0.0744	0.8050	32.8667	0.1135	2420.0000	371.0000	0.1533	2458.0000
205	0.5962	0.2499	0.6486	0.7517	0.0764	0.8163	32.6000	0.1017	2417.0000	349.0000	0.1444	2441.0000
206	0.5999	0.2499	0.6426	0.7370	0.0749	0.8161	32.9333	0.1031	2420.0000	351.0000	0.1450	2444.0000
207	0.5967	0.2499	0.6490	0.7207	0.0747	0.8121	32.8667	0.1025	2431.0000	365.0000	0.1501	2457.0000
208	0.5967	0.2499	0.6488	0.7358	0.0740	0.8125	33.0000	0.1021	2476.0000	353.0000	0.1426	2497.0000
209	0.5969	0.2499	0.6370	0.7333	0.0781	0.8173	32.8000	0.0955	2367.0000	349.0000	0.1474	2398.0000
210	0.5836	0.2499	0.6423	0.7435	0.0779	0.8141	33.0000	0.1012	2380.0000	345.0000	0.1450	2401.0000
211	0.5925	0.2499	0.6526	0.7360	0.0722	0.8136	33.0000	0.1018	2453.0000	345.0000	0.1406	2487.0000
212	0.6057	0.2499	0.6438	0.7463	0.0760	0.8221	33.0667	0.0992	2404.0000	338.0000	0.1406	2433.0000
213	0.6000	0.2499	0.6545	0.7289	0.0730	0.8207	33.2000	0.0960	2480.0000	343.0000	0.1383	2502.0000
214	0.5980	0.2499	0.6522	0.7333	0.0720	0.8169	32.4000	0.0976	2462.0000	344.0000	0.1397	2509.0000
215	0.6018	0.2499	0.6553	0.7366	0.0744	0.8267	32.8667	0.0924	2445.0000	339.0000	0.1387	2476.0000
216	0.5848	0.2499	0.6425	0.7423	0.0735	0.8134	33.0000	0.1032	2424.0000	349.0000	0.1440	2469.0000
217	0.5795	0.2499	0.6486	0.7489	0.0759	0.8154	33.0000	0.0987	2449.0000	347.0000	0.1417	2481.0000
218	0.5893	0.2499	0.6526	0.7412	0.0736	0.8155	33.0000	0.1006	2451.0000	351.0000	0.1432	2485.0000
219	0.5846	0.2499	0.6516	0.7443	0.0762	0.8176	33.6000	0.0994	2420.0000	348.0000	0.1438	2454.0000
220	0.5952	0.2499	0.6532	0.7228	0.0738	0.8079	32.9333	0.1033	2484.0000	359.0000	0.1445	2507.0000
221	0.5833	0.2499	0.6452	0.7428	0.0745	0.8137	33.2667	0.1032	2414.0000	348.0000	0.1442	2454.0000
222	0.5856	0.2499	0.6509	0.7272	0.0729	0.8117	33.2000	0.1051	2437.0000	349.0000	0.1432	2477.0000
223	0.6026	0.2499	0.6461	0.7368	0.0752	0.8148	33.0667	0.1017	2425.0000	346.0000	0.1427	2454.0000
224	0.6038	0.2499	0.6425	0.7382	0.0748	0.8145	32.6667	0.1039	2399.0000	344.0000	0.1434	2428.0000
225	0.5992	0.2499	0.6473	0.7262	0.0754	0.8133	32.7333	0.1030	2441.0000	345.0000	0.1413	2471.0000
226	0.5867	0.2499	0.6535	0.7296	0.0744	0.8167	33.0000	0.0995	2448.0000	354.0000	0.1446	2484.0000
227	0.5959	0.2499	0.6497	0.7407	0.0769	0.8122	32.9333	0.1041	2397.0000	348.0000	0.1452	2427.0000
228	0.5772	0.2499	0.6513	0.7316	0.0724	0.8024	33.4000	0.1087	2447.0000	358.0000	0.1463	2497.0000
229	0.6025	0.2499	0.6438	0.7353	0.0733	0.8179	33.0000	0.0980	2416.0000	345.0000	0.1428	2467.0000
230	0.5843	0.2499	0.6404	0.7336	0.0750	0.8115	33.0000	0.1006	2426.0000	358.0000	0.1476	2465.0000
231	0.5914	0.2499	0.6547	0.7368	0.0738	0.8162	33.2000	0.0987	2452.0000	358.0000	0.1460	2501.0000
232	0.5979	0.2499	0.6500	0.7347	0.0746	0.8174	32.9333	0.1020	2410.0000	344.0000	0.1427	2440.0000
233	0.5910	0.2499	0.6412	0.7250	0.0744	0.8141	32.5333	0.1035	2447.0000	348.0000	0.1422	2466.0000
234	0.5937	0.2499	0.6424	0.7459	0.0771	0.8190	33.1333	0.1010	2396.0000	354.0000	0.1477	2432.0000
235	0.5867	0.2499	0.6549	0.7235	0.0737	0.8079	33.0000	0.1065	2453.0000	354.0000	0.1443	2489.0000
236	0.5889	0.2499	0.6487	0.7350	0.0747	0.8163	33.0000	0.0988	2456.0000	347.0000	0.1413	2492.0000
237	0.5872	0.2499	0.6536	0.7262	0.0749	0.8108	33.0667	0.1053	2429.0000	356.0000	0.1466	2460.0000
238	0.5798	0.2499	0.6530	0.7364	0.0734	0.8109	33.0667	0.1048	2486.0000	371.0000	0.1492	2504.0000
239	0.5729	0.2499	0.6409	0.7380	0.0757	0.8112	32.4667	0.1028	2376.0000	352.0000	0.1481	2404.0000
240	0.6092	0.2499	0.6397	0.7253	0.0777	0.8132	32.8667	0.1018	2370.0000	359.0000	0.1515	2403.0000
241	0.6013	0.2499	0.6521	0.7290	0.0729	0.8178	32.6000	0.0974	2473.0000	343.0000	0.1387	2502.0000
242	0.5956	0.2499	0.6424	0.7338	0.0769	0.8130	33.0667	0.1072	2379.0000	361.0000	0.1517	2410.0000
243	0.5855	0.2499	0.6620	0.7369	0.0719	0.8110	33.1333	0.1047	2472.0000	359.0000	0.1452	2531.0000
244	0.5843	0.2499	0.6460	0.7418	0.0763	0.8132	32.9333	0.1013	2397.0000	350.0000	0.1460	2430.0000
245	0.5944	0.2499	0.6458	0.7199	0.0759	0.8097	32.6667	0.1039	2397.0000	352.0000	0.1469	2430.0000
246	0.5945	0.2499	0.6500	0.7324	0.0738	0.8139	33.0000	0.1043	2439.0000	345.0000	0.1415	2463.0000
247	0.5836	0.2499	0.6477	0.7321	0.0735	0.8166	32.8000	0.0987	2458.0000	342.0000	0.1391	2484.0000
248	0.5877	0.2499	0.6469	0.7280	0.0745	0.8144	33.0667	0.1018	2459.0000	351.0000	0.1427	2481.0000
249	0.5936	0.2499	0.6530	0.7186	0.0724	0.8130	33.0667	0.1007	2459.0000	356.0000	0.1448	2495.0000
250	0.5969	0.2499	0.6572	0.7294	0.0728	0.8211	32.9333	0.0951	2490.0000	345.0000	0.1386	2520.0000
251	0.5906	0.2499	0.6483	0.7295	0.0743	0.8107	33.4000	0.1022	2453.0000	358.0000	0.1459	2480.0000
252	0.5877	0.2499	0.6498	0.7442	0.0744	0.8184	32.9333	0.1005	2414.0000	356.0000	0.1475	2453.0000
253	0.6040	0.2499	0.6495	0.7359	0.0748	0.8188	33.1333	0.0962	2428.0000	351.0000	0.1446	2452.0000
254	0.6025	0.2499	0.6421	0.7406	0.0748	0.8196	32.6667	0.0982	2406.0000	343.0000	0.1426	2429.0000
255	0.5817	0.2499	0.6550	0.7354	0.0740	0.8103	32.6667	0.1007	2446.0000	351.0000	0.1435	2485.0000
256	0.5973	0.2499	0.6481	0.7378	0.0732	0.8148	32.9333	0.1028	2441.0000	341.0000	0.1397	2484.0000
257	0.5864	0.2499	0.6502	0.7423	0.0736	0.8138	33.2667	0.0997	2467.0000	348.0000	0.1411	2495.0000
258	0.6003	0.2499	0.6543	0.7319	0.0752	0.8111	32.6667	0.1019	2425.0000	356.0000	0.1468	2465.0000
259	0.6018	0.2499	0.6486	0.7354	0.0745	0.8230	33.4000	0.0943	2466.0000	343.0000	0.1391	2493.0000
260	0.5810	0.2499	0.6488	0.7307	0.0728	0.8103	33.5333	0.1047	2439.0000	356.0000	0.1460	2479.0000
261	0.5944	0.2499	0.6520	0.7314	0.0730	0.8121	33.2667	0.1030	2467.0000	351.0000	0.1423	2489.0000
262	0.5891	0.2499	0.6487	0.7247	0.0748	0.8113	33.0667	0.1053	2432.0000	353.0000	0.1451	2462.0000
263	0.5896	0.2499	0.6419	0.7212	0.0755	0.8138	33.0000	0.1054	2404.0000	355.0000	0.1477	2440.0000
264	0.5853	0.2499	0.6527	0.7309	0.0723	0.8138	32.7333	0.1020	2462.0000	346.0000	0.1405	2503.0000
265	0.5958	0.2499	0.6477	0.7381	0.0727	0.8181	32.6000	0.0982	2471.0000	349.0000	0.1412	2511.0000
266	0.5842	0.2499	0.6494	0.7238	0.0750	0.8069	33.0000	0.1053	2448.0000	366.0000	0.1495	2474.0000
267	0.5901	0.2499	0.6519	0.7500	0.0740	0.8233	32.7333	0.0953	2445.0000	345.0000	0.1411	2473.0000
268	0.5991	0.2499	0.6543	0.7229	0.0725	0.8167	33.0000	0.0991	2465.0000	349.0000	0.1416	2507.0000
269	0.6084	0.2499	0.6419	0.7232	0.0762	0.8174	33.2000	0.0989	2410.0000	349.0000	0.1448	2433.0000
270	0.5796	0.2499	0.6333	0.7479	0.0746	0.8073	32.8000	0.1093	2363.0000	360.0000	0.1523	2395.0000
271	0.5928	0.2499	0.6463	0.7277	0.0753	0.8093	33.0667	0.1040	2441.0000	357.0000	0.1463	2476.0000
272	0.5979	0.2499	0.6469	0.7261	0.0757	0.8138	33.2000	0.0979	2400.0000	355.0000	0.1479	2428.0000
273	0.5848	0.2499	0.6460	0.7259	0.0737	0.8055	33.2667	0.1092	2427.0000	357.0000	0.1471	2467.0000
274	0.6071	0.2499	0.6483	0.7328	0.0759	0.8160	32.8000	0.1005	2401.0000	347.0000	0.1445	2443.0000
275	0.5856	0.2499	0.6550	0.7236	0.0740	0.8141	33.1333	0.1002	2488.0000	355.0000	0.1427	2510.0000
276	0.5893	0.2499	0.6528	0.7350	0.0741	0.8125	33.2000	0.1041	2419.0000	357.0000	0.1476	2455.0000
277	0.5887	0.2499	0.6528	0.7217	0.0728	0.8128	32.6667	0.0993	2463.0000	347.0000	0.1409	2492.0000
278	0.5815	0.2499	0.6488	0.7332	0.0744	0.8156	32.7333	0.0975	2463.0000	348.0000	0.1413	2497.0000
279	0.5843	0.2499	0.6574	0.7204	0.0739	0.8048	32.9333	0.1078	2465.0000	361.0000	0.1465	2490.0000
280	0.5825	0.2499	0.6504	0.7172	0.0732	0.8054	33.1333	0.1069	2435.0000	365.0000	0.1499	2485.0000
281	0.6126	0.2499	0.6531	0.7325	0.0745	0.8235	33.0000	0.0960	2399.0000	338.0000	0.1409	2445.0000
282	0.5944	0.2499	0.6523	0.7345	0.0742	0.8184	32.9333	0.0981	2470.0000	343.0000	0.1389	2506.0000
283	0.5970	0.2499	0.6413	0.7367	0.0749	0.8152	33.0000	0.1015	2445.0000	351.0000	0.1436	2483.0000
284	0.5734	0.2499	0.6489	0.7217	0.0766	0.8062	32.6000	0.1034	2423.0000	364.0000	0.1502	2466.0000
285	0.5890	0.2499	0.6567	0.7279	0.0736	0.8083	33.0667	0.1080	2456.0000	354.0000	0.1441	2474.0000
286	0.5786	0.2499	0.6530	0.7348	0.0726	0.8092	32.7333	0.1020	2463.0000	357.0000	0.1449	2504.0000
287	0.6008	0.2499	0.6499	0.7463	0.0755	0.8159	33.2667	0.1026	2451.0000	343.0000	0.1399	2475.0000
288	0.5896	0.2499	0.6521	0.7377	0.0720	0.8155	33.1333	0.1005	2449.0000	351.0000	0.1433	2502.0000
289	0.5813	0.2499	0.6564	0.7258	0.0718	0.8083	33.4000	0.1047	2475.0000	364.0000	0.1471	2510.0000
290	0.5747	0.2499	0.6563	0.7315	0.0738	0.8073	33.2667	0.1072	2455.0000	358.0000	0.1458	2491.0000
291	0.5893	0.2499	0.6473	0.7343	0.0748	0.8086	33.1333	0.1040	2451.0000	354.0000	0.1444	2473.0000
292	0.5848	0.2499	0.6544	0.7257	0.0732	0.8182	32.8000	0.0962	2448.0000	352.0000	0.1438	2487.0000
293	0.5908	0.2499	0.6551	0.7197	0.0723	0.8078	32.7333	0.1026	2470.0000	359.0000	0.1453	2506.0000
294	0.5909	0.2499	0.6559	0.7398	0.0737	0.8239	33.1333	0.0931	2495.0000	340.0000	0.1363	2526.0000
295	0.5969	0.2499	0.6457	0.7388	0.0748	0.8150	32.8667	0.1014	2409.0000	346.0000	0.1436	2454.0000
296	0.6006	0.2499	0.6520	0.7296	0.0745	0.8075	33.0000	0.1075	2430.0000	358.0000	0.1473	2470.0000
297	0.5939	0.2499	0.6381	0.7462	0.0767	0.8189	33.1333	0.0994	2381.0000	338.0000	0.1420	2402.0000
298	0.5947	0.2499	0.6474	0.7282	0.0758	0.8148	32.8000	0.0981	2428.0000	353.0000	0.1454	2467.0000
299	0.6080	0.2499	0.6506	0.7250	0.0744	0.8258	33.1333	0.0946	2418.0000	341.0000	0.1410	2457.0000
300	0.5916	0.2499	0.6559	0.7428	0.0734	0.8174	32.8667	0.0980	2465.0000	347.0000	0.1408	2503.0000
301	0.6041	0.2499	0.6481	0.7439	0.0744	0.8225	32.8000	0.0961	2436.0000	343.0000	0.1408	2467.0000
302	0.5827	0.2499	0.6574	0.7377	0.0727	0.8160	32.7333	0.0972	2511.0000	351.0000	0.1398	2546.0000
303	0.5794	0.2499	0.6446	0.7299	0.0753	0.8145	32.8667	0.1001	2418.0000	347.0000	0.1435	2450.0000
304	0.5866	0.2499	0.6515	0.7164	0.0732	0.8053	32.7333	0.1069	2475.0000	360.0000	0.1455	2512.0000
305	0.6024	0.2499	0.6388	0.7292	0.0766	0.8156	33.0667	0.0986	2423.0000	348.0000	0.1436	2456.0000
306	0.5931	0.2499	0.6376	0.7333	0.0761	0.8137	32.9333	0.1048	2382.0000	351.0000	0.1474	2410.0000
307	0.5929	0.2499	0.6504	0.7314	0.0769	0.8094	33.0000	0.1027	2408.0000	355.0000	0.1474	2440.0000
308	0.5940	0.2499	0.6438	0.7358	0.0756	0.8084	33.1333	0.1091	2420.0000	350.0000	0.1446	2440.0000
309	0.5864	0.2499	0.6535	0.7289	0.0743	0.8166	32.8667	0.0967	2434.0000	350.0000	0.1438	2467.0000
310	0.5985	0.2499	0.6387	0.7270	0.0767	0.8062	32.8000	0.1055	2397.0000	364.0000	0.1519	2426.0000
311	0.5978	0.2499	0.6445	0.7240	0.0748	0.8124	33.0667	0.1037	2404.0000	356.0000	0.1481	2435.0000
312	0.5912	0.2499	0.6523	0.7302	0.0747	0.8120	33.1333	0.1019	2418.0000	349.0000	0.1443	2449.0000
313	0.5853	0.2499	0.6534	0.7306	0.0741	0.8110	33.0667	0.1038	2416.0000	362.0000	0.1498	2461.0000
314	0.5806	0.2499	0.6501	0.7333	0.0745	0.8113	33.0667	0.1003	2414.0000	348.0000	0.1442	2457.0000
315	0.5855	0.2499	0.6579	0.7410	0.0720	0.8179	32.8667	0.1006	2479.0000	348.0000	0.1404	2518.0000
316	0.5943	0.2499	0.6534	0.7271	0.0724	0.8155	32.9333	0.1006	2437.0000	351.0000	0.1440	2485.0000
317	0.6002	0.2499	0.6445	0.7380	0.0767	0.8160	33.0667	0.0970	2425.0000	345.0000	0.1423	2449.0000
318	0.5815	0.2499	0.6462	0.7247	0.0738	0.8091	33.1333	0.1051	2451.0000	355.0000	0.1448	2497.0000
319	0.5921	0.2499	0.6458	0.7387	0.0746	0.8161	33.0667	0.0992	2438.0000	348.0000	0.1427	2470.0000
320	0.5876	0.2499	0.6489	0.7324	0.0746	0.8020	33.0667	0.1091	2430.0000	356.0000	0.1465	2452.0000
321	0.5822	0.2499	0.6508	0.7261	0.0752	0.8072	33.2000	0.1070	2422.0000	357.0000	0.1474	2450.0000
322	0.5991	0.2499	0.6374	0.7301	0.0757	0.8115	32.9333	0.1042	2412.0000	354.0000	0.1468	2439.0000
323	0.6041	0.2499	0.6498	0.7335	0.0745	0.8196	32.4000	0.0944	2419.0000	341.0000	0.1410	2455.0000
324	0.5769	0.2499	0.6538	0.7331	0.0749	0.8137	33.0000	0.1012	2409.0000	359.0000	0.1490	2447.0000
325	0.5767	0.2499	0.6502	0.7372	0.0748	0.8121	33.0000	0.1073	2418.0000	363.0000	0.1501	2455.0000
326	0.6077	0.2499	0.6548	0.7328	0.0744	0.8219	32.6667	0.0948	2446.0000	347.0000	0.1419	2478.0000
327	0.6164	0.2499	0.6457	0.7388	0.0763	0.8219	32.7333	0.0962	2397.0000	337.0000	0.1406	2425.0000
328	0.5982	0.2499	0.6465	0.7395	0.0745	0.8182	33.2000	0.1017	2407.0000	345.0000	0.1433	2439.0000
329	0.5948	0.2499	0.6473	0.7203	0.0741	0.8046	32.8667	0.1075	2443.0000	363.0000	0.1486	2479.0000
330	0.5890	0.2499	0.6550	0.7338	0.0735	0.8137	33.6000	0.0983	2481.0000	346.0000	0.1395	2514.0000
331	0.5854	0.2499	0.6471	0.7374	0.0747	0.8117	32.8000	0.1053	2402.0000	350.0000	0.1457	2441.0000
332	0.5837	0.2499	0.6414	0.7337	0.0755	0.8083	32.8667	0.1046	2395.0000	360.0000	0.1503	2418.0000
333	0.5949	0.2499	0.6572	0.7445	0.0747	0.8230	33.1333	0.0985	2402.0000	341.0000	0.1420	2446.0000
334	0.5959	0.2499	0.6458	0.7355	0.0762	0.8114	33.4667	0.1040	2418.0000	355.0000	0.1468	2450.0000
335	0.6012	0.2499	0.6523	0.7400	0.0743	0.8228	32.8667	0.0951	2429.0000	339.0000	0.1396	2474.0000
336	0.5971	0.2499	0.6448	0.7424	0.0762	0.8177	32.8000	0.0998	2403.0000	344.0000	0.1432	2434.0000
337	0.6049	0.2499	0.6469	0.7373	0.0741	0.8218	32.8667	0.0956	2436.0000	342.0000	0.1404	2461.0000
338	0.6002	0.2499	0.6520	0.7325	0.0729	0.8137	33.2000	0.1037	2487.0000	344.0000	0.1383	2503.0000
339	0.5948	0.2499	0.6541	0.7369	0.0756	0.8108	33.0667	0.1036	2462.0000	353.0000	0.1434	2472.0000
340	0.5754	0.2499	0.6454	0.7352	0.0738	0.8109	32.9333	0.1037	2430.0000	360.0000	0.1481	2463.0000
341	0.5933	0.2499	0.6551	0.7443	0.0744	0.8188	33.0000	0.1015	2455.0000	342.0000	0.1393	2491.0000
342	0.5974	0.2499	0.6440	0.7304	0.0780	0.8037	32.7333	0.1069	2419.0000	360.0000	0.1488	2451.0000
343	0.5969	0.2499	0.6484	0.7421	0.0730	0.8215	32.4667	0.0967	2445.0000	337.0000	0.1378	2492.0000
344	0.6016	0.2499	0.6493	0.7293	0.0737	0.8168	32.9333	0.0996	2435.0000	349.0000	0.1433	2474.0000
345	0.5938	0.2499	0.6512	0.7413	0.0744	0.8150	33.2000	0.1010	2427.0000	347.0000	0.1430	2469.0000
346	0.6049	0.2499	0.6449	0.7277	0.0773	0.8153	32.8000	0.1034	2414.0000	351.0000	0.1454	2445.0000
347	0.6017	0.2499	0.6488	0.7429	0.0750	0.8225	32.6667	0.0957	2412.0000	335.0000	0.1389	2451.0000
348	0.5768	0.2499	0.6604	0.7254	0.0715	0.8081	33.0000	0.1024	2514.0000	361.0000	0.1436	2549.0000
349	0.6009	0.2499	0.6622	0.7417	0.0715	0.8171	32.4000	0.1019	2502.0000	342.0000	0.1367	2535.0000
350	0.5922	0.2499	0.6435	0.7236	0.0756	0.8129	33.3333	0.1032	2399.0000	360.0000	0.1501	2437.0000
351	0.5937	0.2499	0.6511	0.7155	0.0722	0.8178	33.1333	0.0966	2438.0000	345.0000	0.1415	2482.0000
352	0.5898	0.2499	0.6511	0.7361	0.0742	0.8135	33.1333	0.0997	2458.0000	353.0000	0.1436	2491.0000
353	0.5795	0.2499	0.6390	0.7407	0.0760	0.8113	33.2000	0.1019	2364.0000	356.0000	0.1506	2403.0000
354	0.5753	0.2499	0.6436	0.7375	0.0747	0.8123	33.3333	0.1050	2456.0000	359.0000	0.1462	2483.0000
355	0.5895	0.2499	0.6481	0.7124	0.0728	0.8003	33.2000	0.1127	2440.0000	375.0000	0.1537	2481.0000
356	0.5954	0.2499	0.6504	0.7262	0.0739	0.8156	32.8000	0.1028	2456.0000	355.0000	0.1445	2488.0000
357	0.5975	0.2499	0.6586	0.7307	0.0741	0.8112	33.2000	0.1018	2448.0000	350.0000	0.1430	2480.0000
358	0.5929	0.2499	0.6538	0.7261	0.0735	0.8172	32.6667	0.0983	2476.0000	348.0000	0.1405	2514.0000
359	0.5987	0.2499	0.6499	0.7341	0.0760	0.8193	32.8667	0.0987	2383.0000	338.0000	0.1418	2416.0000
360	0.5899	0.2499	0.6440	0.7297	0.0768	0.8067	33.4000	0.1091	2376.0000	358.0000	0.1507	2411.0000
361	0.5929	0.2499	0.6397	0.7313	0.0758	0.8122	32.6000	0.1021	2408.0000	348.0000	0.1445	2431.0000
362	0.5998	0.2499	0.6556	0.7431	0.0723	0.8263	32.5333	0.0888	2475.0000	335.0000	0.1354	2502.0000
363	0.5905	0.2499	0.6474	0.7366	0.0729	0.8181	32.8667	0.0968	2462.0000	348.0000	0.1413	2499.0000
364	0.5926	0.2499	0.6506	0.7270	0.0744	0.8104	32.9333	0.1016	2448.0000	347.0000	0.1417	2482.0000
365	0.5751	0.2499	0.6587	0.7300	0.0738	0.8161	32.9333	0.0992	2475.0000	353.0000	0.1426	2499.0000
366	0.5795	0.2499	0.6504	0.7365	0.0738	0.8183	33.0667	0.0964	2423.0000	350.0000	0.1444	2464.0000
367	0.5868	0.2499	0.6495	0.7285	0.0748	0.8140	33.0667	0.0984	2424.0000	351.0000	0.1448	2458.0000
368	0.5904	0.2499	0.6440	0.7326	0.0762	0.8212	33.3333	0.0952	2445.0000	350.0000	0.1431	2466.0000
369	0.5921	0.2499	0.6550	0.7520	0.0744	0.8192	32.6000	0.0963	2442.0000	338.0000	0.1384	2480.0000
370	0.6017	0.2499	0.6448	0.7311	0.0752	0.8135	32.8000	0.1035	2395.0000	353.0000	0.1474	2440.0000
371	0.5926	0.2499	0.6599	0.7368	0.0742	0.8116	33.3333	0.1049	2465.0000	359.0000	0.1456	2493.0000
372	0.5706	0.2499	0.6476	0.7296	0.0744	0.8061	33.1333	0.1076	2430.0000	370.0000	0.1523	2462.0000
373	0.6072	0.2499	0.6407	0.7351	0.0764	0.8170	32.8000	0.0952	2413.0000	342.0000	0.1417	2449.0000
374	0.5998	0.2499	0.6519	0.7303	0.0749	0.8191	32.8667	0.0963	2417.0000	340.0000	0.1407	2457.0000
375	0.5979	0.2499	0.6453	0.7214	0.0747	0.8091	33.0000	0.1007	2435.0000	351.0000	0.1441	2472.0000
376	0.5776	0.2499	0.6455	0.7302	0.0745	0.8132	33.0667	0.0979	2433.0000	356.0000	0.1463	2469.0000
377	0.5793	0.2499	0.6432	0.7332	0.0764	0.8092	33.0000	0.1028	2397.0000	357.0000	0.1489	2429.0000
378	0.5884	0.2499	0.6485	0.7351	0.0748	0.8124	33.0667	0.1024	2429.0000	349.0000	0.1437	2466.0000
379	0.5834	0.2499	0.6493	0.7322	0.0745	0.8112	33.3333	0.1059	2422.0000	356.0000	0.1470	2466.0000
380	0.5921	0.2499	0.6368	0.7237	0.0771	0.8068	32.8667	0.1051	2376.0000	361.0000	0.1519	2396.0000
381	0.5890	0.2499	0.6581	0.7471	0.0738	0.8165	33.0000	0.1033	2484.0000	353.0000	0.1421	2508.0000
382	0.5936	0.2499	0.6515	0.7287	0.0764	0.8116	32.9333	0.1012	2421.0000	348.0000	0.1437	2450.0000
383	0.5894	0.2499	0.6490	0.7422	0.0745	0.8181	33.0000	0.0983	2441.0000	338.0000	0.1385	2474.0000
384	0.5948	0.2499	0.6450	0.7403	0.0751	0.8198	32.9333	0.0992	2420.0000	358.0000	0.1479	2451.0000
385	0.5793	0.2499	0.6489	0.7343	0.0740	0.8061	33.4000	0.1090	2463.0000	358.0000	0.1454	2495.0000
386	0.5906	0.2499	0.6464	0.7407	0.0749	0.8179	33.2000	0.0975	2471.0000	345.0000	0.1396	2498.0000
387	0.5813	0.2499	0.6480	0.7466	0.0765	0.8161	32.8000	0.1009	2397.0000	354.0000	0.1477	2432.0000
388	0.5807	0.2499	0.6491	0.7129	0.0737	0.8098	32.6667	0.1011	2449.0000	357.0000	0.1458	2488.0000
389	0.5883	0.2499	0.6529	0.7285	0.0757	0.8081	33.4000	0.1078	2415.0000	359.0000	0.1487	2451.0000
390	0.5905	0.2499	0.6407	0.7354	0.0779	0.8089	32.8667	0.1029	2381.0000	356.0000	0.1495	2400.0000
391	0.5984	0.2499	0.6508	0.7249	0.0748	0.8129	33.2000	0.1000	2426.0000	364.0000	0.1500	2449.0000
392	0.5766	0.2499	0.6421	0.7283	0.0734	0.8064	32.9333	0.0991	2427.0000	356.0000	0.1467	2477.0000
393	0.5887	0.2499	0.6393	0.7429	0.0757	0.8170	33.1333	0.0987	2402.0000	344.0000	0.1432	2416.0000
394	0.5818	0.2499	0.6574	0.7364	0.0735	0.8081	32.8000	0.1035	2463.0000	347.0000	0.1409	2497.0000
395	0.5992	0.2499	0.6548	0.7243	0.0745	0.8161	33.1333	0.1004	2440.0000	344.0000	0.1410	2484.0000
396	0.5821	0.2499	0.6482	0.7438	0.0744	0.8163	32.8667	0.1015	2421.0000	356.0000	0.1470	2456.0000
397	0.5880	0.2499	0.6481	0.7417	0.0746	0.8108	33.2667	0.1023	2432.0000	355.0000	0.1460	2468.0000
398	0.6040	0.2499	0.6572	0.7251	0.0722	0.8185	32.9333	0.0984	2470.0000	342.0000	0.1385	2512.0000
399	0.5825	0.2499	0.6439	0.7416	0.0749	0.8168	32.8667	0.0944	2440.0000	334.0000	0.1369	2473.0000
400	0.5855	0.2499	0.6510	0.7165	0.0740	0.8107	32.6667	0.1034	2428.0000	354.0000	0.1458	2472.0000
401	0.5955	0.2499	0.6470	0.7230	0.0751	0.8118	33.4000	0.1048	2430.0000	352.0000	0.1449	2462.0000
402	0.5696	0.2499	0.6491	0.7233	0.0756	0.8071	32.8667	0.1051	2402.0000	359.0000	0.1495	2436.0000
403	0.5993	0.2499	0.6441	0.7360	0.0747	0.8141	33.0000	0.1041	2418.0000	355.0000	0.1468	2462.0000
404	0.5932	0.2499	0.6388	0.7255	0.0773	0.8073	33.1333	0.1030	2390.0000	367.0000	0.1536	2424.0000
405	0.5929	0.2499	0.6507	0.7357	0.0735	0.8229	32.8667	0.0937	2459.0000	336.0000	0.1366	2503.0000
406	0.5835	0.2499	0.6484	0.7328	0.0747	0.8117	32.6667	0.1036	2403.0000	349.0000	0.1452	2445.0000
407	0.5903	0.2499	0.6519	0.7388	0.0733	0.8089	33.4000	0.1053	2452.0000	349.0000	0.1423	2478.0000
408	0.5901	0.2499	0.6520	0.7147	0.0721	0.8168	33.1333	0.0975	2478.0000	354.0000	0.1429	2514.0000
409	0.5911	0.2499	0.6416	0.7417	0.0751	0.8147	32.8000	0.1023	2392.0000	358.0000	0.1497	2422.0000
410	0.6001	0.2499	0.6449	0.7484	0.0749	0.8221	33.2667	0.1000	2409.0000	347.0000	0.1440	2445.0000
411	0.6027	0.2499	0.6516	0.7430	0.0757	0.8239	33.0000	0.0930	2438.0000	333.0000	0.1366	2472.0000
412	0.5907	0.2499	0.6605	0.7384	0.0734	0.8231	33.0000	0.0946	2466.0000	344.0000	0.1395	2509.0000
413	0.5986	0.2499	0.6504	0.7457	0.0739	0.8171	33.2667	0.1029	2433.0000	353.0000	0.1451	2456.0000
414	0.5887	0.2499	0.6487	0.7306	0.0736	0.8136	33.2667	0.1009	2430.0000	351.0000	0.1444	2473.0000
415	0.5772	0.2499	0.6595	0.7183	0.0740	0.8057	32.8000	0.1056	2489.0000	366.0000	0.1470	2516.0000
416	0.5856	0.2499	0.6489	0.7386	0.0759	0.8184	33.4000	0.0959	2387.0000	338.0000	0.1416	2424.0000
417	0.6019	0.2499	0.6448	0.7399	0.0748	0.8217	33.0667	0.0977	2444.0000	342.0000	0.1399	2460.0000
418	0.5894	0.2499	0.6487	0.7333	0.0750	0.8164	33.1333	0.1020	2390.0000	346.0000	0.1448	2419.0000
419	0.5988	0.2499	0.6470	0.7336	0.0747	0.8201	33.0667	0.1006	2422.0000	344.0000	0.1420	2456.0000
420	0.5855	0.2499	0.6458	0.7257	0.0734	0.8057	32.8667	0.1039	2415.0000	351.0000	0.1453	2463.0000
421	0.5872	0.2499	0.6476	0.7396	0.0736	0.8228	33.0000	0.0916	2469.0000	337.0000	0.1365	2493.0000
422	0.5958	0.2499	0.6497	0.7474	0.0738	0.8223	32.8667	0.0969	2443.0000	341.0000	0.1396	2471.0000
423	0.5848	0.2499	0.6437	0.7353	0.0754	0.8169	33.0000	0.0986	2426.0000	345.0000	0.1422	2448.0000
424	0.5781	0.2499	0.6478	0.7374	0.0727	0.8090	33.4667	0.1036	2437.0000	354.0000	0.1453	2487.0000
425	0.5773	0.2499	0.6598	0.7235	0.0726	0.8095	33.2000	0.1013	2488.0000	362.0000	0.1455	2521.0000
426	0.5805	0.2499	0.6566	0.7352	0.0725	0.8096	32.8667	0.1029	2462.0000	360.0000	0.1462	2503.0000
427	0.5930	0.2499	0.6437	0.7273	0.0763	0.8102	32.7333	0.1042	2385.0000	352.0000	0.1476	2418.0000
428	0.5915	0.2499	0.6435	0.7343	0.0758	0.8109	33.2667	0.0993	2413.0000	353.0000	0.1463	2440.0000
429	0.5975	0.2499	0.6549	0.7303	0.0732	0.8167	33.0000	0.0936	2478.0000	347.0000	0.1400	2501.0000
430	0.6159	0.2499	0.6501	0.7353	0.0731	0.8233	33.1333	0.0951	2451.0000	339.0000	0.1383	2494.0000
431	0.5769	0.2499	0.6526	0.7252	0.0729	0.8065	32.8667	0.1086	2449.0000	364.0000	0.1486	2489.0000
432	0.5870	0.2499	0.6579	0.7301	0.0734	0.8146	32.9333	0.0986	2443.0000	356.0000	0.1457	2485.0000
433	0.5828	0.2499	0.6475	0.7178	0.0756	0.8046	33.4667	0.1084	2409.0000	367.0000	0.1523	2440.0000
434	0.5826	0.2499	0.6537	0.7202	0.0751	0.8134	33.0000	0.0990	2429.0000	358.0000	0.1474	2455.0000
435	0.5824	0.2499	0.6466	0.7273	0.0754	0.8132	32.8000	0.0984	2456.0000	352.0000	0.1433	2474.0000
436	0.5849	0.2499	0.6636	0.7269	0.0730	0.8128	32.6667	0.0981	2491.0000	350.0000	0.1405	2525.0000
437	0.5952	0.2499	0.6537	0.7371	0.0751	0.8172	33.4000	0.0993	2460.0000	351.0000	0.1427	2490.0000
438	0.5883	0.2499	0.6548	0.7278	0.0733	0.8111	33.0000	0.1051	2438.0000	352.0000	0.1444	2477.0000
439	0.5971	0.2499	0.6408	0.7362	0.0746	0.8073	33.0667	0.1045	2428.0000	348.0000	0.1433	2453.0000
440	0.5806	0.2499	0.6426	0.7285	0.0750	0.8117	32.7333	0.1011	2412.0000	357.0000	0.1480	2444.0000
441	0.5924	0.2499	0.6501	0.7275	0.0738	0.8169	33.2667	0.0976	2457.0000	350.0000	0.1425	2489.0000
442	0.5908	0.2499	0.6573	0.7335	0.0727	0.8199	32.6667	0.0971	2482.0000	340.0000	0.1370	2511.0000
443	0.6008	0.2499	0.6476	0.7225	0.0739	0.8122	33.1333	0.1015	2454.0000	353.0000	0.1438	2486.0000
444	0.5796	0.2499	0.6412	0.7306	0.0749	0.8118	33.0667	0.1033	2414.0000	353.0000	0.1462	2446.0000
445	0.5778	0.2499	0.6480	0.7279	0.0745	0.8063	33.0000	0.1021	2429.0000	357.0000	0.1470	2473.0000
446	0.5983	0.2499	0.6451	0.7347	0.0763	0.8170	32.7333	0.0983	2425.0000	343.0000	0.1414	2461.0000
447	0.5941	0.2499	0.6568	0.7229	0.0748	0.8117	32.8667	0.1030	2446.0000	354.0000	0.1447	2476.0000
448	0.5772	0.2499	0.6505	0.7201	0.0734	0.8034	32.8667	0.1082	2427.0000	360.0000	0.1483	2461.0000
449	0.5898	0.2499	0.6528	0.7450	0.0742	0.8150	32.7333	0.1032	2412.0000	350.0000	0.1451	2451.0000
450	0.5807	0.2499	0.6542	0.7334	0.0731	0.8131	33.2667	0.0990	2435.0000	347.0000	0.1425	2469.0000
451	0.5777	0.2499	0.6527	0.7160	0.0738	0.8129	32.8667	0.1001	2442.0000	356.0000	0.1458	2477.0000
452	0.5834	0.2499	0.6547	0.7382	0.0757	0.8148	32.6667	0.1008	2425.0000	356.0000	0.1468	2461.0000
453	0.5900	0.2499	0.6470	0.7369	0.0758	0.8105	33.0667	0.1035	2413.0000	350.0000	0.1450	2440.0000
454	0.5964	0.2499	0.6500	0.7319	0.0722	0.8179	32.9333	0.0977	2462.0000	343.0000	0.1393	2505.0000
455	0.5912	0.2499	0.6532	0.7340	0.0744	0.8091	33.0667	0.1071	2459.0000	354.0000	0.1440	2492.0000
456	0.5850	0.2499	0.6466	0.7181	0.0728	0.8105	33.1333	0.1027	2465.0000	362.0000	0.1469	2493.0000
457	0.5854	0.2499	0.6514	0.7267	0.0736	0.8087	33.0000	0.1051	2439.0000	358.0000	0.1468	2459.0000
458	0.5860	0.2499	0.6440	0.7349	0.0751	0.8176	32.9333	0.1027	2436.0000	343.0000	0.1408	2473.0000
459	0.5996	0.2499	0.6445	0.7407	0.0761	0.8138	33.3333	0.1004	2417.0000	352.0000	0.1456	2452.0000
460	0.5828	0.2499	0.6430	0.7292	0.0751	0.8056	33.1333	0.1074	2386.0000	363.0000	0.1521	2417.0000
461	0.5874	0.2499	0.6365	0.7494	0.0761	0.8173	33.2667	0.1056	2373.0000	351.0000	0.1479	2401.0000
462	0.6000	0.2499	0.6512	0.7444	0.0762	0.8149	33.1333	0.1056	2401.0000	348.0000	0.1449	2420.0000
463	0.5758	0.2499	0.6588	0.7380	0.0752	0.8079	33.4000	0.1077	2448.0000	366.0000	0.1495	2473.0000
464	0.5818	0.2499	0.6546	0.7274	0.0721	0.8064	33.4667	0.1052	2477.0000	360.0000	0.1453	2516.0000
465	0.5812	0.2499	0.6576	0.7316	0.0745	0.8157	32.9333	0.1033	2455.0000	352.0000	0.1434	2493.0000
466	0.5682	0.2499	0.6447	0.7346	0.0761	0.8097	32.8667	0.1010	2404.0000	359.0000	0.1493	2437.0000
467	0.5790	0.2499	0.6507	0.7315	0.0744	0.8132	32.8667	0.0978	2465.0000	356.0000	0.1444	2483.0000
468	0.5940	0.2499	0.6464	0.7284	0.0738	0.8163	33.2667	0.0999	2454.0000	345.0000	0.1406	2483.0000
469	0.5949	0.2499	0.6466	0.7410	0.0752	0.8218	33.2000	0.0981	2417.0000	346.0000	0.1432	2447.0000
470	0.6027	0.2499	0.6514	0.7195	0.0748	0.8152	33.2000	0.1007	2451.0000	349.0000	0.1424	2478.0000
471	0.5911	0.2499	0.6468	0.7380	0.0742	0.8146	33.1333	0.1024	2416.0000	344.0000	0.1424	2452.0000
472	0.6079	0.2499	0.6442	0.7276	0.0754	0.8144	32.6667	0.0999	2424.0000	337.0000	0.1390	2455.0000
473	0.6013	0.2499	0.6453	0.7331	0.0756	0.8218	32.8000	0.0958	2406.0000	338.0000	0.1405	2436.0000
474	0.5864	0.2499	0.6459	0.7268	0.0730	0.8084	33.2000	0.1028	2427.0000	360.0000	0.1483	2478.0000
475	0.5902	0.2499	0.6453	0.7286	0.0749	0.8120	32.6667	0.0990	2438.0000	347.0000	0.1423	2477.0000
476	0.6056	0.2499	0.6473	0.7219	0.0749	0.8138	32.8000	0.0997	2472.0000	348.0000	0.1408	2494.0000
477	0.5782	0.2499	0.6544	0.7305	0.0749	0.8038	33.2667	0.1080	2438.0000	360.0000	0.1477	2476.0000
478	0.6052	0.2499	0.6446	0.7415	0.0751	0.8166	32.9333	0.0996	2419.0000	343.0000	0.1418	2447.0000
479	0.5923	0.2499	0.6527	0.7366	0.0749	0.8162	32.6000	0.0977	2432.0000	342.0000	0.1406	2457.0000
480	0.5795	0.2499	0.6537	0.7306	0.0747	0.8108	32.9333	0.1005	2430.0000	355.0000	0.1461	2460.0000
481	0.5956	0.2499	0.6491	0.7381	0.0739	0.8149	33.2667	0.0993	2420.0000	341.0000	0.1409	2462.0000
482	0.5776	0.2499	0.6515	0.7418	0.0749	0.8134	33.0667	0.1024	2417.0000	346.0000	0.1432	2450.0000
483	0.5892	0.2499	0.6497	0.7367	0.0746	0.8055	32.7333	0.1050	2475.0000	350.0000	0.1414	2499.0000
484	0.5997	0.2499	0.6462	0.7336	0.0746	0.8168	32.9333	0.0974	2428.0000	352.0000	0.1450	2457.0000
485	0.5947	0.2499	0.6439	0.7371	0.0735	0.8150	33.0000	0.1024	2454.0000	351.0000	0.1430	2489.0000
486	0.5736	0.2499	0.6519	0.7191	0.0744	0.8038	33.1333	0.1077	2444.0000	367.0000	0.1502	2469.0000
487	0.6003	0.2499	0.6502	0.7347	0.0743	0.8188	32.9333	0.0992	2441.0000	347.0000	0.1422	2481.0000
488	0.5763	0.2499	0.6468	0.7227	0.0735	0.8117	32.9333	0.1045	2440.0000	355.0000	0.1455	2472.0000
489	0.5880	0.2499	0.6603	0.7158	0.0725	0.8143	33.0667	0.0989	2471.0000	354.0000	0.1433	2513.0000
490	0.6010	0.2499	0.6465	0.7447	0.0740	0.8214	33.1333	0.0974	2438.0000	340.0000	0.1395	2464.0000
491	0.5910	0.2499	0.6490	0.7292	0.0750	0.8139	33.1333	0.0998	2438.0000	359.0000	0.1473	2469.0000
492	0.5888	0.2499	0.6382	0.7438	0.0764	0.8172	33.0000	0.1028	2397.0000	350.0000	0.1460	2429.0000
493	0.6022	0.2499	0.6507	0.7260	0.0743	0.8163	33.1333	0.1005	2440.0000	351.0000	0.1439	2475.0000
494	0.5908	0.2499	0.6510	0.7481	0.0757	0.8165	32.9333	0.1024	2448.0000	348.0000	0.1422	2468.0000
495	0.5957	0.2499	0.6492	0.7367	0.0769	0.8110	32.9333	0.1022	2430.0000	349.0000	0.1436	2449.0000
496	0.5866	0.2499	0.6508	0.7427	0.0744	0.8142	32.8667	0.1028	2407.0000	355.0000	0.1475	2446.0000
497	0.5821	0.2499	0.6464	0.7291	0.0740	0.8067	33.0667	0.1064	2439.0000	357.0000	0.1464	2479.0000
498	0.5920	0.2499	0.6512	0.7479	0.0762	0.8206	33.0667	0.0971	2408.0000	347.0000	0.1441	2439.0000
499	0.5961	0.2499	0.6434	0.7247	0.0747	0.8157	33.0667	0.1022	2420.0000	356.0000	0.1471	2462.0000
500	0.5889	0.2499	0.6490	0.7159	0.0729	0.8114	32.8667	0.1038	2452.0000	353.0000	0.1440	2480.0000
501	0.5934	0.2499	0.6487	0.7446	0.0749	0.8114	32.8000	0.1053	2431.0000	347.0000	0.1427	2454.0000
502	0.5990	0.2499	0.6437	0.7388	0.0758	0.8177	33.0000	0.0973	2404.0000	346.0000	0.1439	2440.0000
503	0.5890	0.2499	0.6501	0.7354	0.0734	0.8100	32.9333	0.1046	2461.0000	353.0000	0.1434	2491.0000
504	0.5834	0.2499	0.6484	0.7334	0.0737	0.8115	33.0000	0.0995	2452.0000	350.0000	0.1427	2490.0000
505	0.5934	0.2499	0.6574	0.7359	0.0727	0.8211	32.8667	0.0967	2456.0000	341.0000	0.1388	2500.0000
506	0.5923	0.2499	0.6562	0.7253	0.0727	0.8156	33.1333	0.1001	2448.0000	344.0000	0.1405	2494.0000
507	0.6017	0.2499	0.6552	0.7287	0.0752	0.8164	33.2000	0.1018	2431.0000	355.0000	0.1460	2461.0000
508	0.5971	0.2499	0.6500	0.7326	0.0733	0.8085	33.0000	0.1030	2427.0000	355.0000	0.1463	2459.0000
509	0.5959	0.2499	0.6415	0.7312	0.0770	0.8071	33.2667	0.1032	2406.0000	357.0000	0.1484	2437.0000
510	0.6022	0.2499	0.6554	0.7258	0.0740	0.8177	33.0000	0.0994	2438.0000	350.0000	0.1436	2474.0000
511	0.5725	0.2499	0.6477	0.7320	0.0754	0.8113	33.3333	0.0992	2435.0000	353.0000	0.1450	2456.0000
512	0.5897	0.2499	0.6580	0.7208	0.0740	0.8131	33.1333	0.0993	2480.0000	354.0000	0.1427	2519.0000
513	0.5876	0.2499	0.6544	0.7349	0.0711	0.8197	33.0667	0.0998	2486.0000	352.0000	0.1416	2514.0000
514	0.5905	0.2499	0.6420	0.7360	0.0747	0.8199	33.1333	0.0947	2428.0000	346.0000	0.1425	2453.0000
515	0.5759	0.2499	0.6508	0.7173	0.0753	0.8038	32.8000	0.1093	2410.0000	365.0000	0.1515	2452.0000
516	0.5845	0.2499	0.6467	0.7325	0.0752	0.8111	32.6667	0.1022	2393.0000	348.0000	0.1454	2433.0000
517	0.5810	0.2499	0.6597	0.7346	0.0736	0.8164	33.3333	0.0991	2479.0000	342.0000	0.1380	2504.0000
518	0.5929	0.2499	0.6472	0.7378	0.0758	0.8151	33.1333	0.1009	2437.0000	348.0000	0.1428	2463.0000
519	0.5992	0.2499	0.6440	0.7381	0.0742	0.8154	33.2000	0.1031	2416.0000	349.0000	0.1445	2455.0000
520	0.5938	0.2499	0.6388	0.7424	0.0754	0.8150	32.9333	0.0992	2421.0000	346.0000	0.1429	2455.0000
521	0.5994	0.2499	0.6408	0.7293	0.0771	0.8164	32.7333	0.0968	2411.0000	349.0000	0.1448	2427.0000
522	0.6010	0.2499	0.6481	0.7357	0.0733	0.8189	33.0667	0.0979	2462.0000	345.0000	0.1401	2493.0000
523	0.6154	0.2499	0.6494	0.7488	0.0748	0.8227	32.8667	0.1000	2424.0000	336.0000	0.1386	2453.0000
524	0.6038	0.2499	0.6459	0.7350	0.0749	0.8136	32.7333	0.1029	2433.0000	348.0000	0.1430	2467.0000
525	0.5870	0.2499	0.6435	0.7383	0.0743	0.8147	32.9333	0.1012	2441.0000	353.0000	0.1446	2470.0000
526	0.6034	0.2499	0.6499	0.7410	0.0734	0.8220	33.0667	0.0937	2453.0000	344.0000	0.1402	2490.0000
527	0.5876	0.2499	0.6512	0.7509	0.0741	0.8223	33.1333	0.0951	2476.0000	338.0000	0.1365	2497.0000
528	0.5935	0.2499	0.6517	0.7339	0.0739	0.8172	33.2000	0.1003	2440.0000	356.0000	0.1459	2482.0000
529	0.5845	0.2499	0.6542	0.7319	0.0718	0.8123	33.0000	0.1038	2497.0000	360.0000	0.1442	2532.0000
530	0.5865	0.2499	0.6450	0.7385	0.0736	0.8082	33.1333	0.1069	2417.0000	363.0000	0.1502	2450.0000
531	0.5799	0.2499	0.6521	0.7390	0.0758	0.8107	32.7333	0.0983	2429.0000	343.0000	0.1412	2462.0000
532	0.5796	0.2499	0.6463	0.7365	0.0730	0.8109	33.2000	0.1019	2446.0000	351.0000	0.1435	2484.0000
533	0.5839	0.2499	0.6482	0.7316	0.0759	0.8141	32.8667	0.0947	2457.0000	347.0000	0.1412	2488.0000
534	0.5839	0.2499	0.6480	0.7380	0.0753	0.8128	33.2667	0.1032	2418.0000	356.0000	0.1472	2456.0000
535	0.5752	0.2499	0.6503	0.7299	0.0744	0.8139	33.2000	0.0999	2417.0000	359.0000	0.1485	2455.0000
536	0.5949	0.2499	0.6520	0.7470	0.0745	0.8260	33.0000	0.0952	2423.0000	332.0000	0.1370	2463.0000
537	0.5925	0.2499	0.6435	0.7399	0.0761	0.8096	33.0667	0.1065	2391.0000	349.0000	0.1460	2425.0000
538	0.5773	0.2499	0.6508	0.7259	0.0725	0.8063	33.0667	0.1081	2476.0000	358.0000	0.1446	2513.0000
539	0.6066	0.2499	0.6490	0.7478	0.0763	0.8190	32.8000	0.0998	2391.0000	339.0000	0.1418	2422.0000
540	0.5748	0.2499	0.6482	0.7522	0.0741	0.8135	33.1333	0.1032	2439.0000	345.0000	0.1415	2471.0000
541	0.5882	0.2499	0.6394	0.7206	0.0742	0.8125	32.8000	0.1003	2434.0000	347.0000	0.1426	2472.0000
542	0.5984	0.2499	0.6500	0.7361	0.0731	0.8172	32.9333	0.0992	2433.0000	342.0000	0.1406	2466.0000
543	0.5927	0.2499	0.6502	0.7356	0.0753	0.8104	32.6000	0.1016	2417.0000	351.0000	0.1452	2461.0000
544	0.5865	0.2499	0.6411	0.7383	0.0768	0.8118	33.2000	0.1058	2368.0000	357.0000	0.1508	2395.0000
545	0.5810	0.2499	0.6545	0.7323	0.0752	0.8115	33.0000	0.1027	2459.0000	358.0000	0.1456	2478.0000
546	0.5722	0.2499	0.6495	0.7375	0.0769	0.8115	33.0667	0.1020	2411.0000	355.0000	0.1472	2433.0000
547	0.5839	0.2499	0.6504	0.7456	0.0741	0.8113	33.0667	0.1064	2450.0000	353.0000	0.1441	2494.0000
548	0.5953	0.2499	0.6518	0.7364	0.0752	0.8133	32.8000	0.1034	2429.0000	349.0000	0.1437	2454.0000
549	0.5938	0.2499	0.6501	0.7431	0.0737	0.8158	32.8667	0.1010	2471.0000	353.0000	0.1429	2509.0000
550	0.5846	0.2499	0.6524	0.7218	0.0734	0.8110	33.0000	0.1015	2450.0000	357.0000	0.1457	2494.0000
551	0.6048	0.2499	0.6613	0.7310	0.0736	0.8186	32.6667	0.0993	2513.0000	346.0000	0.1377	2525.0000
552	0.5930	0.2499	0.6524	0.7365	0.0721	0.8143	33.3333	0.1041	2439.0000	350.0000	0.1435	2474.0000
553	0.5906	0.2499	0.6552	0.7291	0.0744	0.8100	32.9333	0.1072	2473.0000	355.0000	0.1436	2508.0000
554	0.5934	0.2499	0.6536	0.7323	0.0734	0.8156	32.5333	0.0991	2453.0000	350.0000	0.1427	2480.0000
555	0.5961	0.2499	0.6502	0.7365	0.0735	0.8137	33.1333	0.1013	2439.0000	354.0000	0.1451	2477.0000
556	0.5827	0.2499	0.6530	0.7252	0.0739	0.8079	32.6000	0.1046	2496.0000	356.0000	0.1426	2519.0000
557	0.5981	0.2499	0.6497	0.7325	0.0748	0.8130	32.7333	0.1025	2419.0000	355.0000	0.1468	2448.0000
558	0.5961	0.2499	0.6464	0.7353	0.0749	0.8190	33.1333	0.0986	2446.0000	347.0000	0.1419	2483.0000
559	0.5927	0.2499	0.6545	0.7250	0.0733	0.8198	33.0667	0.0988	2461.0000	345.0000	0.1402	2495.0000
560	0.5843	0.2499	0.6442	0.7372	0.0742	0.8144	32.4000	0.0989	2452.0000	340.0000	0.1387	2474.0000
561	0.5815	0.2499	0.6562	0.7361	0.0725	0.8133	33.2000	0.0972	2486.0000	353.0000	0.1420	2520.0000
562	0.5872	0.2499	0.6487	0.7308	0.0759	0.8197	33.0667	0.0995	2419.0000	349.0000	0.1443	2433.0000
563	0.5853	0.2499	0.6469	0.7260	0.0743	0.8099	32.6000	0.0993	2436.0000	360.0000	0.1478	2472.0000
564	0.5985	0.2499	0.6431	0.7364	0.0747	0.8201	32.8000	0.0964	2411.0000	349.0000	0.1448	2454.0000
565	0.6031	0.2499	0.6529	0.7416	0.0741	0.8186	33.0667	0.1016	2445.0000	344.0000	0.1407	2474.0000
566	0.5895	0.2499	0.6407	0.7323	0.0751	0.8166	33.2667	0.1003	2415.0000	352.0000	0.1458	2453.0000
567	0.5989	0.2499	0.6461	0.7439	0.0750	0.8208	33.0000	0.0942	2424.0000	342.0000	0.1411	2453.0000
568	0.5946	0.2499	0.6423	0.7360	0.0746	0.8169	33.1333	0.1012	2414.0000	353.0000	0.1462	2458.0000
569	0.5989	0.2499	0.6506	0.7298	0.0727	0.8133	33.0667	0.1021	2444.0000	349.0000	0.1428	2485.0000
570	0.6004	0.2499	0.6528	0.7440	0.0738	0.8186	32.9333	0.0989	2445.0000	344.0000	0.1407	2490.0000
571	0.5817	0.2499	0.6508	0.7249	0.0734	0.8132	32.8667	0.0994	2438.0000	358.0000	0.1468	2478.0000
572	0.5903	0.2499	0.6506	0.7295	0.0741	0.8088	32.9333	0.1003	2433.0000	352.0000	0.1447	2467.0000
573	0.5925	0.2499	0.6461	0.7321	0.0743	0.8127	33.0667	0.1037	2435.0000	345.0000	0.1417	2472.0000
574	0.5839	0.2499	0.6515	0.7413	0.0731	0.8125	33.1333	0.1035	2421.0000	356.0000	0.1470	2444.0000
575	0.5837	0.2499	0.6541	0.7285	0.0720	0.8088	32.8667	0.1037	2479.0000	357.0000	0.1440	2505.0000
576	0.6021	0.2499	0.6517	0.7245	0.0734	0.8129	33.0000	0.1021	2460.0000	353.0000	0.1435	2489.0000
577	0.5914	0.2499	0.6567	0.7454	0.0756	0.8168	33.2667	0.1061	2394.0000	346.0000	0.1445	2434.0000
578	0.6052	0.2499	0.6502	0.7359	0.0739	0.8114	33.0000	0.1039	2474.0000	353.0000	0.1427	2497.0000
579	0.5947	0.2499	0.6411	0.7392	0.0755	0.8180	32.9333	0.1077	2386.0000	352.0000	0.1475	2416.0000
580	0.5889	0.2499	0.6469	0.7484	0.0754	0.8218	32.9333	0.0953	2433.0000	348.0000	0.1430	2452.0000
581	0.6028	0.2499	0.6544	0.7332	0.0736	0.8178	32.8000	0.0955	2468.0000	345.0000	0.1398	2491.0000
582	0.5961	0.2499	0.6483	0.7501	0.0743	0.8173	33.2667	0.1022	2440.0000	347.0000	0.1422	2466.0000
583	0.5997	0.2499	0.6487	0.7319	0.0739	0.8209	32.9333	0.0975	2457.0000	342.0000	0.1392	2487.0000
584	0.5922	0.2499	0.6540	0.7444	0.0740	0.8151	32.9333	0.1011	2431.0000	336.0000	0.1382	2465.0000
585	0.5935	0.2499	0.6537	0.7229	0.0735	0.8172	33.4667	0.0997	2455.0000	354.0000	0.1442	2506.0000
586	0.5834	0.2499	0.6491	0.7313	0.0741	0.8118	33.2667	0.1001	2437.0000	349.0000	0.1432	2463.0000
587	0.5908	0.2499	0.6455	0.7411	0.0751	0.8169	32.8000	0.1007	2397.0000	348.0000	0.1452	2436.0000
588	0.5875	0.2499	0.6415	0.7335	0.0753	0.8159	32.8000	0.0941	2434.0000	344.0000	0.1413	2458.0000
589	0.5922	0.2499	0.6483	0.7302	0.0751	0.8107	32.8667	0.1019	2418.0000	356.0000	0.1472	2452.0000
590	0.5829	0.2499	0.6457	0.7224	0.0739	0.8108	32.9333	0.1031	2468.0000	357.0000	0.1447	2494.0000
591	0.6001	0.2499	0.6476	0.7317	0.0752	0.8136	33.0000	0.1041	2435.0000	349.0000	0.1433	2464.0000
592	0.5933	0.2499	0.6529	0.7324	0.0746	0.8161	33.0000	0.1023	2453.0000	348.0000	0.1419	2488.0000
593	0.5898	0.2499	0.6556	0.7245	0.0715	0.8200	32.6667	0.1002	2478.0000	347.0000	0.1400	2525.0000
594	0.5792	0.2499	0.6480	0.7178	0.0740	0.8099	33.2000	0.1043	2450.0000	356.0000	0.1453	2483.0000
595	0.6017	0.2499	0.6334	0.7187	0.0770	0.8094	33.0000	0.1038	2378.0000	360.0000	0.1514	2403.0000
596	0.5905	0.2499	0.6472	0.7259	0.0750	0.8077	33.1333	0.1032	2426.0000	359.0000	0.1480	2466.0000
597	0.5945	0.2499	0.6556	0.7383	0.0738	0.8117	32.9333	0.1039	2430.0000	349.0000	0.1436	2480.0000
598	0.5943	0.2499	0.6517	0.7406	0.0733	0.8252	33.0000	0.0921	2432.0000	334.0000	0.1373	2476.0000
599	0.5938	0.2499	0.6524	0.7441	0.0729	0.8158	32.9333	0.1028	2455.0000	341.0000	0.1389	2481.0000
600	0.5900	0.2499	0.6485	0.7303	0.0734	0.8188	32.7333	0.0925	2437.0000	345.0000	0.1416	2477.0000
601	0.5889	0.2499	0.6508	0.7287	0.0743	0.8165	33.1333	0.1004	2454.0000	347.0000	0.1414	2478.0000
602	0.5827	0.2499	0.6508	0.7284	0.0732	0.8134	33.0667	0.0995	2414.0000	342.0000	0.1417	2464.0000
603	0.6110	0.2499	0.6461	0.7403	0.0743	0.8207	33.4667	0.0989	2422.0000	341.0000	0.1408	2463.0000
604	0.6017	0.2499	0.6502	0.7363	0.0750	0.8203	32.9333	0.0981	2440.0000	339.0000	0.1389	2466.0000
605	0.5837	0.2499	0.6545	0.7311	0.0730	0.8183	32.8667	0.0977	2443.0000	348.0000	0.1424	2477.0000
606	0.5918	0.2499	0.6444	0.7423	0.0748	0.8201	33.0000	0.1014	2415.0000	345.0000	0.1429	2451.0000
607	0.5850	0.2499	0.6553	0.7288	0.0753	0.8111	33.1333	0.1024	2426.0000	348.0000	0.1434	2456.0000
608	0.5915	0.2499	0.6486	0.7276	0.0746	0.8085	33.2667	0.1084	2411.0000	361.0000	0.1497	2447.0000
609	0.5812	0.2499	0.6454	0.7379	0.0747	0.8143	33.6000	0.1036	2414.0000	354.0000	0.1466	2441.0000
610	0.6078	0.2499	0.6500	0.7294	0.0752	0.8128	32.8667	0.1037	2417.0000	352.0000	0.1456	2445.0000
611	0.5850	0.2499	0.6507	0.7454	0.0733	0.8207	32.6000	0.0952	2418.0000	338.0000	0.1398	2463.0000
612	0.5970	0.2499	0.6498	0.7277	0.0741	0.8168	33.0667	0.0983	2452.0000	351.0000	0.1431	2483.0000
613	0.5825	0.2499	0.6454	0.7337	0.0733	0.8136	33.4667	0.0996	2440.0000	341.0000	0.1398	2461.0000
614	0.5863	0.2499	0.6431	0.7307	0.0747	0.8110	32.9333	0.1031	2423.0000	364.0000	0.1502	2440.0000
615	0.5808	0.2499	0.6404	0.7245	0.0747	0.8071	33.4000	0.1067	2421.0000	362.0000	0.1495	2452.0000
616	0.6002	0.2499	0.6520	0.7278	0.0750	0.8174	32.8000	0.0981	2462.0000	346.0000	0.1405	2491.0000
617	0.5977	0.2499	0.6481	0.7090	0.0740	0.8111	33.1333	0.1051	2447.0000	360.0000	0.1471	2469.0000
618	0.5925	0.2499	0.6461	0.7432	0.0753	0.8125	33.0000	0.1016	2415.0000	341.0000	0.1412	2462.0000
619	0.6016	0.2499	0.6432	0.7263	0.0742	0.8155	32.8667	0.1005	2423.0000	350.0000	0.1444	2461.0000
620	0.5911	0.2499	0.6581	0.7196	0.0737	0.8151	32.9333	0.1003	2408.0000	354.0000	0.1470	2461.0000
621	0.5741	0.2499	0.6567	0.7401	0.0722	0.8102	33.1333	0.1030	2480.0000	352.0000	0.1419	2524.0000
622	0.5800	0.2499	0.6586	0.7370	0.0735	0.8038	33.0000	0.1104	2461.0000	358.0000	0.1455	2484.0000
623	0.5769	0.2499	0.6392	0.7298	0.0764	0.8101	33.2667	0.1038	2404.0000	351.0000	0.1460	2431.0000
624	0.5808	0.2499	0.6490	0.7307	0.0743	0.8053	33.2000	0.1064	2438.0000	368.0000	0.1509	2471.0000
625	0.5792	0.2499	0.6468	0.7298	0.0735	0.8129	33.2000	0.1008	2471.0000	358.0000	0.1449	2491.0000
626	0.5864	0.2499	0.6522	0.7270	0.0738	0.8061	32.8667	0.1040	2445.0000	357.0000	0.1460	2490.0000
627	0.5947	0.2499	0.6495	0.7293	0.0768	0.8146	33.1333	0.1046	2410.0000	352.0000	0.1461	2439.0000
628	0.5892	0.2499	0.6519	0.7382	0.0732	0.8170	33.3333	0.0944	2454.0000	348.0000	0.1418	2496.0000
629	0.5925	0.2499	0.6396	0.7264	0.0750	0.8205	32.9333	0.0974	2370.0000	343.0000	0.1447	2404.0000
630	0.6093	0.2499	0.6498	0.7298	0.0751	0.8230	33.1333	0.0970	2440.0000	346.0000	0.1418	2476.0000
631	0.5944	0.2499	0.6461	0.7230	0.0753	0.8139	33.0000	0.1023	2418.0000	361.0000	0.1493	2436.0000
632	0.6043	0.2499	0.6469	0.7302	0.0752	0.8257	32.8667	0.0946	2405.0000	340.0000	0.1414	2435.0000
633	0.5918	0.2499	0.6536	0.7384	0.0747	0.8172	32.8667	0.0984	2452.0000	351.0000	0.1431	2492.0000
634	0.5869	0.2499	0.6476	0.7292	0.0747	0.8119	32.8667	0.1045	2410.0000	353.0000	0.1465	2436.0000
635	0.5798	0.2499	0.6517	0.7274	0.0727	0.8108	32.6000	0.1004	2448.0000	342.0000	0.1397	2493.0000
636	0.6062	0.2499	0.6388	0.7385	0.0770	0.8150	32.9333	0.1037	2398.0000	349.0000	0.1455	2421.0000
637	0.5997	0.2499	0.6326	0.7438	0.0765	0.8258	33.1333	0.0949	2352.0000	337.0000	0.1433	2379.0000
638	0.6020	0.2499	0.6363	0.7262	0.0765	0.8143	32.8000	0.1045	2385.0000	350.0000	0.1468	2419.0000
639	0.5891	0.2499	0.6520	0.7363	0.0755	0.8132	33.0667	0.1037	2398.0000	349.0000	0.1455	2441.0000
640	0.5783	0.2499	0.6471	0.7427	0.0752	0.8115	32.9333	0.1036	2420.0000	350.0000	0.1446	2442.0000
641	0.5824	0.2499	0.6479	0.7450	0.0743	0.8099	32.9333	0.1044	2426.0000	350.0000	0.1443	2467.0000
642	0.5695	0.2499	0.6508	0.7287	0.0737	0.8127	33.3333	0.0943	2435.0000	341.0000	0.1400	2468.0000
643	0.5889	0.2499	0.6507	0.7520	0.0740	0.8160	32.8667	0.1027	2421.0000	352.0000	0.1454	2459.0000
644	0.5899	0.2499	0.6521	0.7293	0.0723	0.8146	32.9333	0.1013	2486.0000	358.0000	0.1440	2507.0000
645	0.5815	0.2499	0.6504	0.7314	0.0748	0.8179	33.0667	0.0930	2433.0000	355.0000	0.1459	2468.0000
646	0.5996	0.2499	0.6526	0.7271	0.0747	0.8172	32.6000	0.1001	2447.0000	351.0000	0.1434	2484.0000
647	0.5900	0.2499	0.6565	0.7285	0.0725	0.8131	33.0667	0.1067	2459.0000	362.0000	0.1472	2509.0000
648	0.5821	0.2499	0.6459	0.7308	0.0751	0.8090	32.7333	0.1026	2433.0000	355.0000	0.1459	2463.0000
649	0.5935	0.2499	0.6465	0.7287	0.0776	0.8188	32.8000	0.0958	2404.0000	350.0000	0.1456	2431.0000
650	0.6024	0.2499	0.6480	0.7231	0.0756	0.8104	32.9333	0.1024	2417.0000	348.0000	0.1440	2453.0000
651	0.6038	0.2499	0.6555	0.7302	0.0737	0.8229	32.9333	0.0969	2471.0000	346.0000	0.1400	2507.0000
652	0.5798	0.2499	0.6463	0.7456	0.0749	0.8132	33.3333	0.0985	2416.0000	350.0000	0.1449	2456.0000
653	0.5917	0.2499	0.6434	0.7410	0.0759	0.8093	32.6667	0.1045	2402.0000	347.0000	0.1445	2438.0000
654	0.5981	0.2499	0.6473	0.7192	0.0749	0.8084	32.8667	0.1067	2441.0000	365.0000	0.1495	2468.0000
655	0.6049	0.2499	0.6466	0.7411	0.0742	0.8251	32.9333	0.0941	2431.0000	335.0000	0.1378	2470.0000
656	0.5996	0.2499	0.6501	0.7353	0.0745	0.8148	32.9333	0.1021	2443.0000	346.0000	0.1416	2474.0000
657	0.5899	0.2499	0.6518	0.7244	0.0728	0.8110	32.9333	0.1004	2474.0000	353.0000	0.1427	2508.0000
658	0.5982	0.2499	0.6463	0.7304	0.0770	0.8071	33.4000	0.1055	2432.0000	358.0000	0.1472	2466.0000
659	0.5890	0.2499	0.6561	0.7239	0.0755	0.8073	32.9333	0.1088	2440.0000	358.0000	0.1467	2473.0000
660	0.5850	0.2499	0.6494	0.7400	0.0759	0.8102	33.2667	0.1056	2434.0000	354.0000	0.1454	2469.0000
661	0.6024	0.2499	0.6438	0.7269	0.0733	0.8182	33.0667	0.0958	2406.0000	342.0000	0.1421	2450.0000
662	0.5937	0.2499	0.6450	0.7410	0.0762	0.8203	33.2667	0.0996	2396.0000	352.0000	0.1469	2435.0000
663	0.5942	0.2499	0.6431	0.7348	0.0756	0.8138	33.2667	0.0989	2417.0000	361.0000	0.1494	2454.0000
664	0.5922	0.2499	0.6532	0.7413	0.0740	0.8147	33.1333	0.0979	2485.0000	342.0000	0.1376	2520.0000
665	0.5937	0.2499	0.6503	0.7206	0.0737	0.8087	33.0667	0.1017	2452.0000	359.0000	0.1464	2492.0000
666	0.5973	0.2499	0.6610	0.7579	0.0746	0.8251	32.9333	0.0935	2452.0000	337.0000	0.1374	2480.0000
667	0.5812	0.2499	0.6459	0.7326	0.0766	0.8134	33.2000	0.1007	2415.0000	350.0000	0.1449	2447.0000
668	0.5942	0.2499	0.6459	0.7213	0.0747	0.8151	33.2000	0.0989	2420.0000	353.0000	0.1459	2453.0000
669	0.5769	0.2499	0.6494	0.7432	0.0760	0.8127	33.2667	0.1033	2416.0000	357.0000	0.1478	2450.0000
670	0.5853	0.2499	0.6505	0.7396	0.0726	0.8104	33.1333	0.1022	2451.0000	352.0000	0.1436	2481.0000
671	0.6131	0.2499	0.6479	0.7403	0.0725	0.8214	32.8000	0.1024	2408.0000	334.0000	0.1387	2441.0000
672	0.5907	0.2499	0.6454	0.7319	0.0729	0.8161	33.2667	0.0977	2446.0000	362.0000	0.1480	2489.0000
673	0.5822	0.2499	0.6602	0.7204	0.0724	0.8100	33.0000	0.1035	2449.0000	358.0000	0.1462	2497.0000
674	0.5970	0.2499	0.6541	0.7354	0.0750	0.8201	33.2000	0.0990	2471.0000	347.0000	0.1404	2503.0000
675	0.5920	0.2499	0.6518	0.7427	0.0724	0.8167	33.0000	0.0989	2461.0000	352.0000	0.1430	2506.0000
676	0.5909	0.2499	0.6534	0.7372	0.0735	0.8199	32.9333	0.0917	2468.0000	348.0000	0.1410	2496.0000
677	0.5850	0.2499	0.6459	0.7354	0.0751	0.8111	33.1333	0.1021	2448.0000	350.0000	0.1430	2484.0000
678	0.5780	0.2499	0.6367	0.7249	0.0746	0.8068	33.0000	0.1052	2377.0000	363.0000	0.1527	2411.0000
679	0.6043	0.2499	0.6480	0.7442	0.0754	0.8204	33.0000	0.1003	2432.0000	336.0000	0.1382	2461.0000
680	0.5930	0.2499	0.6408	0.7428	0.0756	0.8197	33.2667	0.0967	2421.0000	341.0000	0.1409	2448.0000
681	0.5840	0.2499	0.6538	0.7297	0.0741	0.8124	32.9333	0.1039	2435.0000	369.0000	0.1515	2470.0000
682	0.5935	0.2499	0.6382	0.7346	0.0768	0.8189	32.8000	0.0980	2396.0000	349.0000	0.1457	2430.0000
683	0.6029	0.2499	0.6458	0.7383	0.0755	0.8167	32.8000	0.1027	2415.0000	344.0000	0.1424	2445.0000
684	0.5881	0.2499	0.6519	0.7361	0.0737	0.8149	32.8667	0.0988	2452.0000	356.0000	0.1452	2495.0000
685	0.5973	0.2499	0.6421	0.7295	0.0752	0.8102	33.0667	0.1036	2448.0000	358.0000	0.1462	2470.0000
686	0.5874	0.2499	0.6528	0.7241	0.0734	0.8121	33.3333	0.1043	2443.0000	357.0000	0.1461	2484.0000
687	0.6019	0.2499	0.6468	0.7361	0.0748	0.8161	32.9333	0.0985	2429.0000	338.0000	0.1392	2459.0000
688	0.5964	0.2499	0.6432	0.7320	0.0742	0.8146	33.0667	0.1015	2404.0000	358.0000	0.1489	2435.0000
689	0.5719	0.2499	0.6382	0.7452	0.0761	0.8064	33.1333	0.1059	2407.0000	355.0000	0.1475	2437.0000
690	0.5896	0.2499	0.6496	0.7274	0.0720	0.8124	33.0667	0.1058	2448.0000	356.0000	0.1454	2490.0000
691	0.5904	0.2499	0.6561	0.7280	0.0728	0.8074	32.8667	0.1058	2468.0000	350.0000	0.1418	2503.0000
692	0.5803	0.2499	0.6585	0.7349	0.0726	0.8152	32.7333	0.0970	2476.0000	342.0000	0.1381	2504.0000
693	0.6059	0.2499	0.6352	0.7308	0.0757	0.8138	33.2000	0.1004	2390.0000	347.0000	0.1452	2413.0000
694	0.5884	0.2499	0.6500	0.7283	0.0763	0.8190	32.6000	0.0936	2412.0000	345.0000	0.1430	2440.0000
695	0.5846	0.2499	0.6545	0.7449	0.0743	0.8151	32.8667	0.1044	2430.0000	355.0000	0.1461	2461.0000
696	0.5894	0.2499	0.6505	0.7304	0.0754	0.8105	32.8667	0.1032	2462.0000	356.0000	0.1446	2485.0000
697	0.5917	0.2499	0.6502	0.7234	0.0736	0.8213	32.7333	0.0937	2462.0000	353.0000	0.1434	2480.0000
698	0.5935	0.2499	0.6490	0.7323	0.0734	0.8161	32.6667	0.0950	2488.0000	341.0000	0.1371	2508.0000
699	0.5857	0.2499	0.6388	0.7287	0.0768	0.8111	33.2000	0.0991	2425.0000	357.0000	0.1472	2442.0000
700	0.5786	0.2499	0.6520	0.7218	0.0749	0.8123	32.8000	0.1002	2429.0000	356.0000	0.1466	2466.0000
701	0.5831	0.2499	0.6569	0.7272	0.0728	0.8116	33.0667	0.1031	2477.0000	354.0000	0.1429	2520.0000
702	0.6036	0.2499	0.6439	0.7374	0.0736	0.8207	32.8000	0.0980	2439.0000	337.0000	0.1382	2469.0000
703	0.6046	0.2499	0.6520	0.7355	0.0750	0.8245	33.2000	0.0992	2421.0000	342.0000	0.1413	2463.0000
704	0.5961	0.2499	0.6463	0.7313	0.0737	0.8175	32.9333	0.0982	2451.0000	354.0000	0.1444	2473.0000
705	0.6092	0.2499	0.6488	0.7482	0.0746	0.8190	32.8667	0.0990	2429.0000	342.0000	0.1408	2460.0000
706	0.6107	0.2499	0.6522	0.7365	0.0738	0.8168	33.0667	0.1004	2453.0000	353.0000	0.1439	2489.0000
707	0.5938	0.2499	0.6547	0.7272	0.0728	0.8140	32.9333	0.1004	2461.0000	350.0000	0.1422	2499.0000
708	0.5898	0.2499	0.6424	0.7378	0.0754	0.8144	32.6667	0.1053	2404.0000	349.0000	0.1452	2437.0000
709	0.5962	0.2499	0.6560	0.7262	0.0731	0.8190	32.9333	0.0974	2478.0000	347.0000	0.1400	2522.0000
710	0.5861	0.2499	0.6530	0.7224	0.0726	0.8151	32.8000	0.0990	2463.0000	353.0000	0.1433	2489.0000
711	0.5922	0.2499	0.6501	0.7312	0.0752	0.8127	32.6667	0.1030	2427.0000	351.0000	0.1446	2454.0000
712	0.5803	0.2499	0.6438	0.7412	0.0752	0.8132	33.2000	0.1028	2429.0000	349.0000	0.1437	2457.0000
713	0.5828	0.2499	0.6591	0.7313	0.0730	0.8168	32.8667	0.1043	2462.0000	357.0000	0.1450	2487.0000
714	0.5923	0.2499	0.6512	0.7254	0.0732	0.8091	33.2000	0.1050	2449.0000	356.0000	0.1454	2488.0000
715	0.5976	0.2499	0.6479	0.7273	0.0758	0.8143	32.8000	0.0983	2416.0000	352.0000	0.1457	2444.0000
716	0.5867	0.2499	0.6509	0.7415	0.0733	0.8194	33.2667	0.0956	2436.0000	345.0000	0.1416	2463.0000
717	0.5945	0.2499	0.6446	0.7266	0.0727	0.8132	33.0000	0.1003	2471.0000	347.0000	0.1404	2502.0000
718	0.5942	0.2499	0.6469	0.7298	0.0753	0.8111	33.2667	0.1033	2425.0000	355.0000	0.1464	2455.0000
719	0.5944	0.2499	0.6457	0.7362	0.0762	0.8081	32.6667	0.1091	2421.0000	359.0000	0.1483	2446.0000
720	0.5969	0.2499	0.6583	0.7178	0.0741	0.8133	33.2000	0.1013	2469.0000	351.0000	0.1422	2493.0000
721	0.5847	0.2499	0.6523	0.7372	0.0735	0.8162	33.6000	0.1017	2455.0000	356.0000	0.1450	2487.0000
722	0.5737	0.2499	0.6551	0.7402	0.0750	0.8147	32.9333	0.1005	2440.0000	351.0000	0.1439	2462.0000
723	0.6110	0.2499	0.6485	0.7393	0.0756	0.8153	32.8667	0.1028	2433.0000	338.0000	0.1389	2460.0000
724	0.5983	0.2499	0.6571	0.7375	0.0727	0.8174	32.8000	0.1007	2443.0000	342.0000	0.1400	2481.0000
725	0.5894	0.2499	0.6530	0.7334	0.0744	0.8155	32.8667	0.0999	2437.0000	344.0000	0.1412	2475.0000
726	0.5959	0.2499	0.6545	0.7407	0.0744	0.8214	33.1333	0.0970	2428.0000	338.0000	0.1392	2444.0000
727	0.5949	0.2499	0.6453	0.7404	0.0760	0.8091	33.1333	0.1059	2397.0000	353.0000	0.1473	2430.0000
728	0.5882	0.2499	0.6482	0.7274	0.0747	0.8137	32.8667	0.0999	2439.0000	353.0000	0.1447	2483.0000
729	0.5986	0.2499	0.6420	0.7504	0.0757	0.8198	32.8667	0.0954	2409.0000	339.0000	0.1407	2433.0000
730	0.5904	0.2499	0.6563	0.7404	0.0725	0.8162	33.3333	0.0977	2452.0000	354.0000	0.1444	2502.0000
731	0.6018	0.2499	0.6468	0.7411	0.0741	0.8208	32.9333	0.0987	2451.0000	347.0000	0.1416	2485.0000
732	0.5860	0.2499	0.6490	0.7312	0.0765	0.8152	33.2000	0.0998	2387.0000	352.0000	0.1475	2415.0000
733	0.5966	0.2499	0.6288	0.7418	0.0769	0.8186	32.6000	0.0994	2360.0000	340.0000	0.1441	2398.0000
734	0.5878	0.2499	0.6451	0.7277	0.0759	0.8092	32.9333	0.1062	2402.0000	358.0000	0.1490	2441.0000
735	0.5880	0.2499	0.6486	0.7383	0.0766	0.8156	33.0667	0.0970	2402.0000	359.0000	0.1495	2428.0000
736	0.5847	0.2499	0.6534	0.7314	0.0767	0.8097	32.9333	0.1040	2424.0000	352.0000	0.1452	2466.0000
737	0.6028	0.2499	0.6503	0.7382	0.0735	0.8156	32.6000	0.1025	2422.0000	349.0000	0.1441	2461.0000
738	0.5830	0.2499	0.6488	0.7266	0.0726	0.8108	33.0667	0.1027	2462.0000	363.0000	0.1474	2483.0000
739	0.6053	0.2499	0.6435	0.7354	0.0761	0.8152	33.3333	0.0992	2414.0000	348.0000	0.1442	2446.0000
740	0.5968	0.2499	0.6520	0.7201	0.0729	0.8114	33.2667	0.1035	2466.0000	355.0000	0.1440	2489.0000
741	0.5906	0.2499	0.6524	0.7252	0.0743	0.8110	33.4000	0.1007	2451.0000	359.0000	0.1465	2489.0000
742	0.5984	0.2499	0.6504	0.7303	0.0739	0.8211	32.7333	0.0995	2454.0000	343.0000	0.1398	2481.0000
743	0.5901	0.2499	0.6514	0.7187	0.0737	0.8213	32.6000	0.0956	2429.0000	346.0000	0.1424	2449.0000
744	0.5873	0.2499	0.6474	0.7431	0.0745	0.8126	33.4667	0.1046	2434.0000	351.0000	0.1442	2446.0000
745	0.5834	0.2499	0.6469	0.7353	0.0759	0.8146	33.0667	0.1046	2390.0000	352.0000	0.1473	2423.0000
746	0.5962	0.2499	0.6391	0.7251	0.0777	0.8087	33.2000	0.1008	2383.0000	356.0000	0.1494	2418.0000
747	0.6025	0.2499	0.6371	0.7369	0.0774	0.8129	33.1333	0.1051	2356.0000	343.0000	0.1456	2384.0000
748	0.5920	0.2499	0.6521	0.7259	0.0735	0.8122	33.2667	0.1000	2470.0000	346.0000	0.1401	2501.0000
749	0.5919	0.2499	0.6489	0.7232	0.0734	0.8165	33.0667	0.0971	2451.0000	348.0000	0.1420	2486.0000
750	0.5748	0.2499	0.6510	0.7449	0.0745	0.8060	33.2000	0.1099	2420.0000	350.0000	0.1446	2450.0000
751	0.5934	0.2499	0.6531	0.7320	0.0733	0.8168	33.2000	0.1021	2462.0000	355.0000	0.1442	2491.0000
752	0.5846	0.2499	0.6442	0.7286	0.0750	0.8025	33.0667	0.1098	2458.0000	362.0000	0.1473	2496.0000
753	0.5895	0.2499	0.6363	0.7255	0.0750	0.8049	33.3333	0.1098	2410.0000	360.0000	0.1494	2449.0000
754	0.5915	0.2499	0.6508	0.7368	0.0746	0.8188	32.9333	0.0971	2432.0000	343.0000	0.1410	2468.0000
755	0.5831	0.2499	0.6453	0.7274	0.0743	0.8063	33.1333	0.1025	2423.0000	345.0000	0.1424	2461.0000
756	0.5950	0.2499	0.6562	0.7311	0.0731	0.8177	33.1333	0.1004	2464.0000	348.0000	0.1412	2501.0000
757	0.5784	0.2499	0.6592	0.7322	0.0726	0.8060	33.0667	0.1075	2475.0000	350.0000	0.1414	2505.0000
758	0.5937	0.2499	0.6540	0.7349	0.0771	0.8137	33.1333	0.1017	2428.0000	352.0000	0.1450	2449.0000
759	0.5920	0.2499	0.6514	0.7210	0.0766	0.8028	32.8667	0.1118	2413.0000	370.0000	0.1533	2442.0000
760	0.5961	0.2499	0.6441	0.7275	0.0760	0.8147	33.1333	0.0985	2439.0000	346.0000	0.1419	2483.0000
761	0.5850	0.2499	0.6444	0.7311	0.0747	0.8044	33.2000	0.1076	2431.0000	363.0000	0.1493	2461.0000
762	0.5813	0.2499	0.6540	0.7328	0.0732	0.8100	33.1333	0.1033	2446.0000	354.0000	0.1447	2474.0000
763	0.6032	0.2499	0.6489	0.7343	0.0749	0.8208	32.2000	0.0950	2435.0000	350.0000	0.1437	2472.0000
764	0.5819	0.2499	0.6514	0.7333	0.0734	0.8115	33.0000	0.1049	2448.0000	355.0000	0.1450	2479.0000
765	0.5862	0.2499	0.6495	0.7501	0.0727	0.8147	33.0000	0.1017	2467.0000	346.0000	0.1403	2505.0000
766	0.5883	0.2499	0.6544	0.7280	0.0738	0.8126	32.6667	0.1009	2453.0000	358.0000	0.1459	2485.0000
767	0.5718	0.2499	0.6469	0.7305	0.0752	0.8023	32.8667	0.1088	2433.0000	368.0000	0.1513	2467.0000
768	0.5724	0.2499	0.6488	0.7369	0.0722	0.8138	33.0667	0.0997	2452.0000	350.0000	0.1427	2492.0000
769	0.5863	0.2499	0.6518	0.7357	0.0742	0.8071	32.8667	0.1051	2456.0000	354.0000	0.1441	2489.0000
770	0.5932	0.2499	0.6500	0.7420	0.0749	0.8157	33.0000	0.1006	2430.0000	344.0000	0.1416	2459.0000
771	0.5912	0.2499	0.6486	0.7425	0.0746	0.8127	33.4000	0.1022	2438.0000	340.0000	0.1395	2477.0000
772	0.5933	0.2499	0.6393	0.7259	0.0734	0.8126	33.2000	0.0992	2425.0000	348.0000	0.1435	2463.0000
773	0.5989	0.2499	0.6408	0.7345	0.0760	0.8204	33.0667	0.0969	2364.0000	345.0000	0.1459	2402.0000
774	0.5795	0.2499	0.6589	0.7327	0.0730	0.8122	32.8667	0.0999	2470.0000	356.0000	0.1441	2496.0000
775	0.5951	0.2499	0.6501	0.7341	0.0756	0.8241	32.9333	0.0958	2436.0000	347.0000	0.1424	2450.0000
776	0.5842	0.2499	0.6521	0.7383	0.0743	0.8095	32.5333	0.1017	2459.0000	349.0000	0.1419	2492.0000
777	0.5985	0.2499	0.6536	0.7321	0.0752	0.8126	32.9333	0.1054	2455.0000	352.0000	0.1434	2487.0000
778	0.5852	0.2499	0.6535	0.7326	0.0736	0.8130	32.8000	0.1034	2489.0000	349.0000	0.1402	2499.0000
779	0.5839	0.2499	0.6521	0.7253	0.0736	0.8104	33.2667	0.1027	2458.0000	358.0000	0.1456	2498.0000
780	0.5920	0.2499	0.6507	0.7379	0.0742	0.8129	33.1333	0.1006	2447.0000	350.0000	0.1430	2477.0000
781	0.5894	0.2499	0.6437	0.7249	0.0764	0.8058	32.9333	0.1053	2404.0000	366.0000	0.1522	2436.0000
782	0.5802	0.2499	0.6504	0.7451	0.0741	0.8125	33.1333	0.1019	2446.0000	350.0000	0.1431	2484.0000
783	0.5943	0.2499	0.6508	0.7443	0.0736	0.8220	33.5333	0.0952	2469.0000	342.0000	0.1385	2496.0000
784	0.5874	0.2499	0.6526	0.7232	0.0737	0.8061	32.7333	0.1063	2445.0000	355.0000	0.1452	2485.0000
785	0.5879	0.2499	0.6459	0.7154	0.0735	0.8054	33.0667	0.1044	2459.0000	362.0000	0.1472	2490.0000
786	0.5884	0.2499	0.6434	0.7323	0.0782	0.8182	32.7333	0.0968	2430.0000	342.0000	0.1407	2455.0000
787	0.5759	0.2499	0.6507	0.7370	0.0747	0.8158	33.0000	0.0982	2431.0000	351.0000	0.1444	2474.0000
788	0.5976	0.2499	0.6445	0.7501	0.0741	0.8263	32.9333	0.0969	2423.0000	336.0000	0.1387	2456.0000
789	0.5904	0.2499	0.6556	0.7219	0.0719	0.8095	33.2667	0.1039	2473.0000	358.0000	0.1448	2496.0000
790	0.5958	0.2499	0.6473	0.7321	0.0751	0.8163	33.0667	0.1032	2428.0000	347.0000	0.1429	2456.0000
791	0.5888	0.2499	0.6448	0.7342	0.0737	0.8179	32.7333	0.0991	2408.0000	351.0000	0.1458	2463.0000
792	0.5791	0.2499	0.6421	0.7261	0.0737	0.8043	33.1333	0.1097	2423.0000	357.0000	0.1473	2460.0000
793	0.6002	0.2499	0.6452	0.7304	0.0777	0.8251	32.8667	0.0909	2395.0000	342.0000	0.1428	2428.0000
794	0.5945	0.2499	0.6536	0.7278	0.0731	0.8204	32.9333	0.0959	2458.0000	344.0000	0.1400	2495.0000
795	0.5912	0.2499	0.6546	0.7328	0.0739	0.8142	32.9333	0.1021	2480.0000	353.0000	0.1423	2506.0000
796	0.5961	0.2499	0.6489	0.7354	0.0733	0.8164	32.8667	0.0993	2461.0000	345.0000	0.1402	2486.0000
797	0.5852	0.2499	0.6570	0.7338	0.0744	0.8139	32.9333	0.0980	2424.0000	347.0000	0.1432	2465.0000
798	0.6177	0.2499	0.6531	0.7404	0.0769	0.8216	33.2000	0.0940	2433.0000	333.0000	0.1369	2461.0000
799	0.6019	0.2499	0.6481	0.7298	0.0741	0.8111	32.8667	0.1089	2453.0000	353.0000	0.1439	2488.0000
800	0.6033	0.2499	0.6463	0.7329	0.0737	0.8119	33.4667	0.1003	2462.0000	355.0000	0.1442	2498.0000
801	0.5926	0.2499	0.6469	0.7375	0.0735	0.8205	32.8000	0.0932	2431.0000	336.0000	0.1382	2474.0000
802	0.6008	0.2499	0.6419	0.7371	0.0738	0.8141	33.0667	0.1014	2438.0000	341.0000	0.1399	2468.0000
803	0.5759	0.2499	0.6529	0.7369	0.0752	0.8125	33.2000	0.1046	2443.0000	357.0000	0.1461	2478.0000
804	0.5975	0.2499	0.6525	0.7324	0.0764	0.8156	32.5333	0.0991	2467.0000	344.0000	0.1394	2491.0000
805	0.6009	0.2499	0.6393	0.7359	0.0753	0.8166	32.8667	0.0965	2438.0000	342.0000	0.1403	2470.0000
806	0.5981	0.2499	0.6499	0.7342	0.0764	0.8189	32.9333	0.0976	2418.0000	352.0000	0.1456	2441.0000
807	0.5934	0.2499	0.6359	0.7240	0.0756	0.8136	33.0000	0.1005	2428.0000	353.0000	0.1454	2458.0000
808	0.6000	0.2499	0.6452	0.7372	0.0763	0.8198	32.7333	0.0906	2423.0000	335.0000	0.1383	2462.0000
809	0.6098	0.2499	0.6447	0.7275	0.0746	0.8139	33.0667	0.1005	2434.0000	352.0000	0.1446	2470.0000
810	0.5926	0.2499	0.6473	0.7390	0.0742	0.8192	32.8667	0.1016	2440.0000	344.0000	0.1410	2487.0000
811	0.5898	0.2499	0.6572	0.7397	0.0723	0.8090	33.0667	0.1076	2483.0000	356.0000	0.1434	2519.0000
812	0.5861	0.2499	0.6474	0.7393	0.0745	0.8133	32.9333	0.0988	2414.0000	352.0000	0.1458	2459.0000
813	0.5945	0.2499	0.6507	0.7359	0.0748	0.8172	33.2667	0.0979	2418.0000	350.0000	0.1447	2451.0000
814	0.5991	0.2499	0.6418	0.7386	0.0760	0.8178	33.0000	0.0972	2445.0000	339.0000	0.1387	2463.0000
815	0.5718	0.2499	0.6508	0.7269	0.0722	0.8057	33.0667	0.1041	2449.0000	364.0000	0.1486	2499.0000
816	0.5907	0.2499	0.6386	0.7365	0.0754	0.8137	33.3333	0.1001	2414.0000	364.0000	0.1508	2450.0000
817	0.5862	0.2499	0.6565	0.7459	0.0736	0.8120	33.2000	0.1044	2457.0000	350.0000	0.1425	2478.0000
818	0.5951	0.2499	0.6614	0.7339	0.0748	0.8153	33.2667	0.1000	2434.0000	349.0000	0.1434	2474.0000
819	0.5848	0.2499	0.6417	0.7299	0.0756	0.8148	33.0667	0.0994	2437.0000	346.0000	0.1420	2465.0000
820	0.5949	0.2499	0.6452	0.7390	0.0764	0.8103	33.4000	0.1043	2389.0000	356.0000	0.1490	2419.0000
821	0.6048	0.2499	0.6546	0.7348	0.0750	0.8179	32.6667	0.0999	2453.0000	345.0000	0.1406	2486.0000
822	0.5805	0.2499	0.6511	0.7418	0.0737	0.8080	32.8667	0.1061	2451.0000	356.0000	0.1452	2481.0000
823	0.5776	0.2499	0.6427	0.7314	0.0749	0.8017	32.9333	0.1096	2421.0000	365.0000	0.1508	2455.0000
824	0.5869	0.2499	0.6458	0.7295	0.0738	0.8082	33.0667	0.1038	2430.0000	358.0000	0.1473	2471.0000
825	0.5954	0.2499	0.6484	0.7175	0.0754	0.8115	32.8000	0.1041	2420.0000	353.0000	0.1459	2447.0000
826	0.5892	0.2499	0.6340	0.7381	0.0768	0.8092	33.0667	0.1054	2374.0000	355.0000	0.1495	2406.0000
827	0.6013	0.2499	0.6489	0.7524	0.0744	0.8310	32.8667	0.0885	2414.0000	326.0000	0.1350	2446.0000
828	0.5873	0.2499	0.6474	0.7402	0.0737	0.8204	33.0000	0.0972	2461.0000	348.0000	0.1414	2493.0000
829	0.5863	0.2499	0.6585	0.7419	0.0737	0.8212	33.0667	0.0965	2458.0000	353.0000	0.1436	2499.0000
830	0.5889	0.2499	0.6514	0.7465	0.0739	0.8200	33.1333	0.1022	2439.0000	340.0000	0.1394	2477.0000
831	0.5942	0.2499	0.6528	0.7457	0.0718	0.8181	33.1333	0.0993	2468.0000	353.0000	0.1430	2509.0000
832	0.5927	0.2499	0.6432	0.7443	0.0767	0.8200	32.9333	0.0999	2434.0000	342.0000	0.1405	2456.0000
833	0.5974	0.2499	0.6473	0.7493	0.0750	0.8154	32.9333	0.1045	2391.0000	349.0000	0.1460	2416.0000
834	0.6026	0.2499	0.6440	0.7321	0.0756	0.8175	33.0667	0.0999	2415.0000	343.0000	0.1420	2447.0000
835	0.5964	0.2499	0.6479	0.7323	0.0747	0.8147	33.0000	0.0998	2465.0000	349.0000	0.1416	2489.0000
836	0.5851	0.2499	0.6529	0.7374	0.0721	0.8109	32.6667	0.1029	2490.0000	359.0000	0.1442	2529.0000
837	0.5949	0.2499	0.6506	0.7359	0.0736	0.8192	33.0667	0.1000	2440.0000	349.0000	0.1430	2473.0000
838	0.5949	0.2499	0.6428	0.7301	0.0763	0.8070	33.0000	0.1028	2412.0000	357.0000	0.1480	2442.0000
839	0.5934	0.2499	0.6415	0.7305	0.0763	0.8153	33.4000	0.0999	2439.0000	346.0000	0.1419	2458.0000
840	0.6161	0.2499	0.6401	0.7485	0.0763	0.8254	32.8000	0.0971	2391.0000	339.0000	0.1418	2428.0000
841	0.5870	0.2499	0.6459	0.7351	0.0749	0.8152	32.9333	0.1024	2409.0000	351.0000	0.1457	2444.0000
842	0.5847	0.2499	0.6497	0.7328	0.0740	0.8159	32.7333	0.0979	2466.0000	345.0000	0.1399	2493.0000
843	0.5668	0.2499	0.6528	0.7475	0.0738	0.8110	33.2000	0.1032	2438.0000	350.0000	0.1436	2481.0000
844	0.5912	0.2499	0.6481	0.7264	0.0747	0.8117	33.2000	0.1019	2462.0000	353.0000	0.1434	2479.0000
845	0.5903	0.2499	0.6447	0.7294	0.0755	0.8127	33.4000	0.1057	2439.0000	360.0000	0.1476	2472.0000
846	0.5766	0.2499	0.6494	0.7428	0.0735	0.8101	32.7333	0.1026	2468.0000	346.0000	0.1402	2495.0000
847	0.5918	0.2499	0.6329	0.7334	0.0773	0.8126	33.0000	0.1006	2369.0000	361.0000	0.1524	2407.0000
848	0.5902	0.2499	0.6534	0.7459	0.0742	0.8172	32.8667	0.1002	2444.0000	346.0000	0.1416	2472.0000
849	0.6066	0.2499	0.6449	0.7537	0.0741	0.8264	33.4000	0.0900	2425.0000	332.0000	0.1369	2450.0000
850	0.5790	0.2499	0.6562	0.7448	0.0739	0.8113	32.9333	0.1058	2443.0000	362.0000	0.1482	2488.0000
851	0.5821	0.2499	0.6474	0.7281	0.0740	0.8027	33.0667	0.1067	2454.0000	360.0000	0.1467	2493.0000
852	0.5856	0.2499	0.6473	0.7344	0.0757	0.8115	32.7333	0.1042	2428.0000	360.0000	0.1483	2455.0000
853	0.5910	0.2499	0.6520	0.7389	0.0742	0.8162	33.0667	0.0975	2428.0000	353.0000	0.1454	2463.0000
854	0.5942	0.2499	0.6464	0.7311	0.0735	0.8109	33.0000	0.1074	2455.0000	354.0000	0.1442	2487.0000
855	0.5981	0.2499	0.6416	0.7322	0.0764	0.8159	32.9333	0.1014	2424.0000	343.0000	0.1415	2451.0000
856	0.5999	0.2499	0.6501	0.7343	0.0740	0.8198	32.8000	0.0980	2469.0000	351.0000	0.1422	2497.0000
857	0.5996	0.2499	0.6505	0.7380	0.0754	0.8163	33.2000	0.0968	2474.0000	345.0000	0.1395	2508.0000
858	0.5877	0.2499	0.6486	0.7456	0.0750	0.8188	33.0667	0.1014	2412.0000	339.0000	0.1405	2433.0000
859	0.5976	0.2499	0.6390	0.7464	0.0764	0.8213	33.0667	0.0986	2394.0000	345.0000	0.1441	2420.0000
860	0.5732	0.2499	0.6478	0.7310	0.0736	0.8068	33.0667	0.1082	2438.0000	354.0000	0.1452	2469.0000
861	0.5861	0.2499	0.6517	0.7402	0.0744	0.8156	33.2667	0.0972	2434.0000	344.0000	0.1413	2463.0000
862	0.6019	0.2499	0.6523	0.7424	0.0738	0.8199	33.0667	0.0977	2443.0000	344.0000	0.1408	2470.0000
863	0.5942	0.2499	0.6552	0.7318	0.0749	0.8071	33.0667	0.1067	2421.0000	357.0000	0.1475	2443.0000
864	0.5926	0.2499	0.6474	0.7348	0.0739	0.8114	32.8000	0.0987	2439.0000	346.0000	0.1419	2474.0000
865	0.5829	0.2499	0.6473	0.7294	0.0754	0.8102	33.2000	0.1042	2415.0000	355.0000	0.1470	2446.0000
866	0.5808	0.2499	0.6465	0.7220	0.0742	0.8138	32.9333	0.0991	2456.0000	357.0000	0.1454	2493.0000
867	0.5710	0.2499	0.6464	0.7430	0.0768	0.8037	33.2000	0.1064	2424.0000	359.0000	0.1481	2452.0000
868	0.5965	0.2499	0.6364	0.7348	0.0769	0.8019	33.0000	0.1132	2389.0000	376.0000	0.1574	2413.0000
869	0.5852	0.2499	0.6502	0.7321	0.0765	0.8145	33.4000	0.0966	2401.0000	344.0000	0.1433	2442.0000
870	0.6101	0.2499	0.6358	0.7401	0.0771	0.8204	33.0667	0.0977	2374.0000	338.0000	0.1424	2411.0000
871	0.5921	0.2499	0.6457	0.7294	0.0745	0.8128	33.0667	0.1009	2446.0000	356.0000	0.1455	2476.0000
872	0.5924	0.2499	0.6466	0.7251	0.0768	0.8098	32.9333	0.0995	2404.0000	359.0000	0.1493	2443.0000
873	0.6064	0.2499	0.6516	0.7328	0.0732	0.8203	32.9333	0.1025	2482.0000	343.0000	0.1382	2508.0000
874	0.5775	0.2499	0.6491	0.7378	0.0754	0.8071	33.1333	0.1111	2416.0000	357.0000	0.1478	2455.0000
875	0.5854	0.2499	0.6476	0.7393	0.0753	0.8149	33.2000	0.0979	2421.0000	348.0000	0.1437	2461.0000
876	0.5944	0.2499	0.6555	0.7267	0.0742	0.8127	32.6000	0.1005	2429.0000	355.0000	0.1462	2463.0000
877	0.5956	0.2499	0.6362	0.7296	0.0766	0.8102	33.0000	0.1076	2352.0000	357.0000	0.1518	2394.0000
878	0.5976	0.2499	0.6483	0.7365	0.0750	0.8159	32.8667	0.0980	2430.0000	346.0000	0.1424	2459.0000
879	0.5993	0.2499	0.6397	0.7356	0.0748	0.8229	32.8667	0.0945	2391.0000	337.0000	0.1409	2422.0000
880	0.5974	0.2499	0.6458	0.7356	0.0755	0.8162	32.6667	0.1033	2432.0000	350.0000	0.1439	2453.0000
881	0.5858	0.2499	0.6411	0.7336	0.0758	0.8176	32.9333	0.0986	2382.0000	352.0000	0.1478	2416.0000
882	0.6035	0.2499	0.6493	0.7555	0.0758	0.8187	33.0667	0.0990	2444.0000	330.0000	0.1350	2475.0000
883	0.5791	0.2499	0.6507	0.7374	0.0734	0.8101	33.4000	0.1032	2449.0000	364.0000	0.1486	2488.0000
884	0.5787	0.2499	0.6439	0.7272	0.0743	0.8168	33.2000	0.0966	2442.0000	352.0000	0.1441	2469.0000
885	0.5818	0.2499	0.6441	0.7297	0.0749	0.8122	33.0000	0.1024	2405.0000	354.0000	0.1472	2431.0000
886	0.5888	0.2499	0.6460	0.7319	0.0746	0.8141	33.0667	0.0986	2434.0000	357.0000	0.1467	2471.0000
887	0.6003	0.2499	0.6486	0.7375	0.0748	0.8170	32.9333	0.0996	2385.0000	349.0000	0.1463	2421.0000
888	0.5861	0.2499	0.6583	0.7271	0.0732	0.8173	32.8667	0.0966	2496.0000	345.0000	0.1382	2534.0000
889	0.6047	0.2499	0.6410	0.7293	0.0757	0.8111	32.8000	0.1024	2385.0000	349.0000	0.1463	2429.0000
890	0.6004	0.2499	0.6427	0.7389	0.0743	0.8197	33.1333	0.1016	2431.0000	347.0000	0.1427	2467.0000
891	0.5912	0.2499	0.6534	0.7257	0.0740	0.8089	33.0000	0.1080	2464.0000	364.0000	0.1477	2496.0000
892	0.5855	0.2499	0.6378	0.7206	0.0756	0.8096	33.3333	0.1077	2407.0000	359.0000	0.1491	2424.0000
893	0.6007	0.2499	0.6582	0.7400	0.0736	0.8187	33.0667	0.0986	2459.0000	338.0000	0.1375	2496.0000
894	0.5901	0.2499	0.6490	0.7383	0.0738	0.8139	33.2000	0.0996	2449.0000	347.0000	0.1417	2482.0000
895	0.5875	0.2499	0.6379	0.7362	0.0760	0.8126	33.1333	0.1013	2376.0000	350.0000	0.1473	2406.0000
896	0.5937	0.2499	0.6488	0.7461	0.0746	0.8178	33.2667	0.1012	2395.0000	345.0000	0.1441	2417.0000
897	0.5926	0.2499	0.6487	0.7270	0.0747	0.8084	33.1333	0.1019	2429.0000	359.0000	0.1478	2469.0000
898	0.5822	0.2499	0.6437	0.7304	0.0744	0.8146	33.1333	0.0997	2427.0000	353.0000	0.1454	2459.0000
899	0.5818	0.2499	0.6480	0.7352	0.0745	0.8106	33.1333	0.0990	2444.0000	361.0000	0.1477	2465.0000
900	0.5807	0.2499	0.6468	0.7340	0.0734	0.8147	33.0667	0.1020	2461.0000	359.0000	0.1459	2481.0000
901	0.5855	0.2499	0.6496	0.7407	0.0750	0.8117	32.8000	0.1011	2414.0000	348.0000	0.1442	2454.0000
902	0.5962	0.2499	0.6511	0.7373	0.0752	0.8190	32.8667	0.0966	2445.0000	349.0000	0.1427	2470.0000
903	0.5917	0.2499	0.6471	0.7395	0.0743	0.8077	32.9333	0.1044	2443.0000	347.0000	0.1420	2479.0000
904	0.5950	0.2499	0.6460	0.7333	0.0751	0.8098	33.1333	0.1068	2418.0000	357.0000	0.1476	2446.0000
905	0.6143	0.2499	0.6486	0.7363	0.0754	0.8150	32.8667	0.1067	2382.0000	337.0000	0.1415	2419.0000
906	0.5794	0.2499	0.6556	0.7266	0.0739	0.8170	32.8667	0.0945	2454.0000	352.0000	0.1434	2481.0000
907	0.5986	0.2499	0.6528	0.7293	0.0737	0.8189	33.0667	0.0979	2464.0000	342.0000	0.1388	2493.0000
908	0.6047	0.2499	0.6510	0.7426	0.0735	0.8141	33.7333	0.1046	2451.0000	351.0000	0.1432	2485.0000
909	0.5895	0.2499	0.6468	0.7404	0.0733	0.8090	32.9333	0.1090	2434.0000	349.0000	0.1434	2478.0000
910	0.5779	0.2499	0.6499	0.7467	0.0748	0.8132	33.1333	0.1027	2430.0000	362.0000	0.1490	2472.0000
911	0.5958	0.2499	0.6478	0.7208	0.0751	0.8156	33.2000	0.1007	2439.0000	355.0000	0.1456	2468.0000
912	0.6046	0.2499	0.6461	0.7326	0.0762	0.8156	32.7333	0.1028	2404.0000	353.0000	0.1468	2428.0000
913	0.5926	0.2499	0.6575	0.7258	0.0747	0.8119	32.6667	0.1046	2443.0000	345.0000	0.1412	2482.0000
914	0.5790	0.2499	0.6456	0.7265	0.0748	0.8064	32.8667	0.1051	2426.0000	357.0000	0.1472	2453.0000
915	0.5845	0.2499	0.6564	0.7417	0.0722	0.8164	32.4667	0.0998	2459.0000	334.0000	0.1358	2490.0000
916	0.5808	0.2499	0.6514	0.7323	0.0731	0.8105	32.7333	0.1021	2451.0000	353.0000	0.1440	2477.0000
917	0.5808	0.2499	0.6481	0.7379	0.0749	0.8111	33.0000	0.1057	2410.0000	350.0000	0.1452	2445.0000
918	0.5972	0.2499	0.6512	0.7375	0.0768	0.8159	33.2000	0.0988	2441.0000	348.0000	0.1426	2470.0000
919	0.5909	0.2499	0.6486	0.7370	0.0765	0.8180	32.8667	0.1004	2375.0000	351.0000	0.1478	2402.0000
920	0.5876	0.2499	0.6500	0.7300	0.0751	0.8116	32.8667	0.1015	2436.0000	348.0000	0.1429	2473.0000
921	0.5766	0.2499	0.6567	0.7215	0.0727	0.8005	33.0000	0.1106	2450.0000	370.0000	0.1510	2487.0000
922	0.5821	0.2499	0.6555	0.7257	0.0735	0.8172	33.2667	0.0972	2437.0000	353.0000	0.1449	2487.0000
923	0.5833	0.2499	0.6608	0.7322	0.0732	0.8154	32.8000	0.1036	2442.0000	350.0000	0.1433	2486.0000
924	0.6031	0.2499	0.6380	0.7355	0.0753	0.8197	32.6000	0.0987	2410.0000	345.0000	0.1432	2440.0000
925	0.6014	0.2499	0.6462	0.7270	0.0739	0.8077	32.7333	0.1036	2450.0000	351.0000	0.1433	2475.0000
926	0.6039	0.2499	0.6425	0.7452	0.0760	0.8159	32.9333	0.1018	2410.0000	342.0000	0.1419	2435.0000
927	0.6041	0.2499	0.6534	0.7310	0.0740	0.8136	33.0000	0.0981	2433.0000	355.0000	0.1459	2471.0000
928	0.5853	0.2499	0.6490	0.7257	0.0748	0.8126	33.1333	0.1001	2436.0000	358.0000	0.1470	2466.0000
929	0.5967	0.2499	0.6500	0.7383	0.0734	0.8196	33.1333	0.1000	2434.0000	347.0000	0.1426	2459.0000
930	0.5798	0.2499	0.6529	0.7389	0.0745	0.8177	33.0667	0.0990	2433.0000	357.0000	0.1467	2466.0000
931	0.5792	0.2499	0.6507	0.7236	0.0741	0.8056	33.1333	0.1026	2472.0000	362.0000	0.1464	2499.0000
932	0.5783	0.2499	0.6544	0.7341	0.0740	0.8085	32.9333	0.1015	2447.0000	346.0000	0.1414	2483.0000
933	0.5880	0.2499	0.6495	0.7342	0.0725	0.8158	32.7333	0.1014	2418.0000	351.0000	0.1452	2461.0000
934	0.5889	0.2499	0.6446	0.7205	0.0738	0.8127	33.1333	0.1027	2416.0000	360.0000	0.1490	2450.0000
935	0.5802	0.2499	0.6557	0.7357	0.0714	0.8146	32.8667	0.1002	2484.0000	352.0000	0.1417	2535.0000
936	0.5855	0.2499	0.6504	0.7329	0.0753	0.8160	33.4000	0.0970	2419.0000	345.0000	0.1426	2465.0000
937	0.5990	0.2499	0.6571	0.7369	0.0740	0.8185	32.9333	0.0992	2462.0000	350.0000	0.1422	2497.0000
938	0.5896	0.2499	0.6544	0.7461	0.0756	0.8162	32.8000	0.0984	2453.0000	349.0000	0.1423	2476.0000
939	0.5822	0.2499	0.6540	0.7319	0.0748	0.8133	33.2667	0.1023	2413.0000	358.0000	0.1484	2441.0000
940	0.5932	0.2499	0.6521	0.7482	0.0735	0.8096	32.9333	0.1051	2466.0000	355.0000	0.1440	2499.0000
941	0.5964	0.2499	0.6491	0.7340	0.0744	0.8200	32.8667	0.1002	2427.0000	350.0000	0.1442	2470.0000
942	0.6172	0.2499	0.6472	0.7427	0.0742	0.8209	32.7333	0.0904	2449.0000	332.0000	0.1356	2479.0000
943	0.6001	0.2499	0.6486	0.7357	0.0744	0.8160	33.3333	0.0991	2447.0000	349.0000	0.1426	2483.0000
944	0.5883	0.2499	0.6518	0.7410	0.0739	0.8169	33.1333	0.1014	2432.0000	338.0000	0.1390	2465.0000
945	0.5868	0.2499	0.6654	0.7510	0.0732	0.8253	33.0667	0.0956	2467.0000	338.0000	0.1370	2503.0000
946	0.5720	0.2499	0.6525	0.7204	0.0743	0.8070	33.4000	0.1038	2439.0000	357.0000	0.1464	2463.0000
947	0.5901	0.2499	0.6499	0.7330	0.0744	0.8139	33.1333	0.1010	2425.0000	356.0000	0.1468	2459.0000
948	0.5887	0.2499	0.6412	0.7421	0.0742	0.8153	33.0667	0.1062	2400.0000	359.0000	0.1496	2438.0000
949	0.5863	0.2499	0.6438	0.7484	0.0747	0.8162	33.4667	0.1009	2396.0000	345.0000	0.1440	2422.0000
950	0.5875	0.2499	0.6610	0.7430	0.0738	0.8115	33.2000	0.1032	2462.0000	347.0000	0.1409	2494.0000
951	0.6002	0.2499	0.6454	0.7361	0.0751	0.8154	33.1333	0.1028	2446.0000	354.0000	0.1447	2484.0000
952	0.6024	0.2499	0.6477	0.7498	0.0755	0.8212	32.8667	0.1009	2421.0000	334.0000	0.1380	2446.0000
953	0.5825	0.2499	0.6493	0.7175	0.0735	0.8107	33.0667	0.0997	2433.0000	352.0000	0.1447	2471.0000
954	0.5932	0.2499	0.6489	0.7361	0.0747	0.8220	33.5333	0.0972	2461.0000	347.0000	0.1410	2492.0000
955	0.5989	0.2499	0.6477	0.7410	0.0757	0.8242	32.6667	0.0957	2408.0000	342.0000	0.1420	2448.0000
956	0.6009	0.2499	0.6484	0.7260	0.0738	0.8205	33.2000	0.0988	2416.0000	348.0000	0.1440	2464.0000
957	0.5933	0.2499	0.6491	0.7285	0.0747	0.8089	33.2000	0.1055	2411.0000	345.0000	0.1431	2453.0000
958	0.5964	0.2499	0.6530	0.7479	0.0735	0.8124	32.8667	0.1037	2446.0000	343.0000	0.1402	2491.0000
959	0.6042	0.2499	0.6516	0.7309	0.0747	0.8216	33.2000	0.0966	2430.0000	337.0000	0.1387	2472.0000
960	0.6108	0.2499	0.6474	0.7290	0.0754	0.8141	32.7333	0.1041	2431.0000	348.0000	0.1432	2460.0000
961	0.5894	0.2499	0.6453	0.7405	0.0768	0.8164	33.1333	0.0984	2440.0000	351.0000	0.1439	2470.0000
962	0.5918	0.2499	0.6450	0.7312	0.0751	0.8070	32.8000	0.1089	2418.0000	355.0000	0.1468	2450.0000
963	0.5877	0.2499	0.6458	0.7313	0.0737	0.8178	32.9333	0.0944	2436.0000	344.0000	0.1412	2472.0000
964	0.5834	0.2499	0.6530	0.7221	0.0737	0.8146	32.6000	0.0978	2460.0000	352.0000	0.1431	2494.0000
965	0.5809	0.2499	0.6426	0.7253	0.0752	0.8098	33.2000	0.1014	2408.0000	357.0000	0.1483	2446.0000
966	0.5877	0.2499	0.6528	0.7382	0.0755	0.8089	33.0000	0.1020	2413.0000	345.0000	0.1430	2453.0000
967	0.6003	0.2499	0.6426	0.7318	0.0743	0.8171	32.8667	0.0979	2429.0000	342.0000	0.1408	2457.0000
968	0.5916	0.2499	0.6514	0.7224	0.0748	0.8103	33.2667	0.1026	2463.0000	351.0000	0.1425	2490.0000
969	0.5982	0.2499	0.6470	0.7403	0.0745	0.8210	32.8000	0.0958	2425.0000	346.0000	0.1427	2463.0000
970	0.5876	0.2499	0.6501	0.7333	0.0746	0.8156	32.6000	0.0998	2459.0000	346.0000	0.1407	2486.0000
971	0.5756	0.2499	0.6551	0.7393	0.0733	0.8142	33.0000	0.0971	2451.0000	351.0000	0.1432	2495.0000
972	0.5763	0.2499	0.6448	0.7278	0.0757	0.8089	33.1333	0.1048	2367.0000	364.0000	0.1538	2400.0000
973	0.6044	0.2499	0.6450	0.7368	0.0760	0.8168	33.0000	0.1007	2426.0000	339.0000	0.1397	2448.0000
974	0.5738	0.2499	0.6493	0.7327	0.0749	0.8041	32.8667	0.1048	2462.0000	364.0000	0.1478	2493.0000
975	0.5833	0.2499	0.6433	0.7292	0.0727	0.8154	33.2667	0.0991	2453.0000	351.0000	0.1431	2481.0000
976	0.5904	0.2499	0.6502	0.7278	0.0735	0.8127	33.2000	0.1012	2458.0000	351.0000	0.1428	2484.0000
977	0.5711	0.2499	0.6606	0.7298	0.0725	0.7998	33.1333	0.1103	2471.0000	369.0000	0.1493	2501.0000
978	0.5984	0.2499	0.6533	0.7371	0.0760	0.8185	32.9333	0.0965	2406.0000	349.0000	0.1451	2439.0000
979	0.5953	0.2499	0.6435	0.7310	0.0770	0.8119	32.9333	0.1048	2362.0000	349.0000	0.1478	2389.0000
980	0.5985	0.2499	0.6546	0.7385	0.0739	0.8223	33.3333	0.0991	2438.0000	347.0000	0.1423	2471.0000
981	0.5892	0.2499	0.6411	0.7237	0.0753	0.8079	32.8667	0.1038	2418.0000	352.0000	0.1456	2444.0000
982	0.5928	0.2499	0.6581	0.7347	0.0738	0.8176	32.6667	0.0960	2461.0000	352.0000	0.1430	2502.0000
983	0.5949	0.2499	0.6488	0.7274	0.0738	0.8097	33.1333	0.1034	2459.0000	362.0000	0.1472	2493.0000
984	0.5826	0.2499	0.6457	0.7392	0.0754	0.8122	33.0000	0.1058	2426.0000	347.0000	0.1430	2449.0000
985	0.5781	0.2499	0.6442	0.7343	0.0748	0.8041	33.3333	0.1097	2450.0000	364.0000	0.1486	2469.0000
986	0.6085	0.2499	0.6353	0.7479	0.0758	0.8168	32.9333	0.1030	2393.0000	343.0000	0.1433	2424.0000
987	0.5848	0.2499	0.6518	0.7478	0.0745	0.8153	33.0000	0.1000	2450.0000	342.0000	0.1396	2477.0000
988	0.5815	0.2499	0.6505	0.7307	0.0748	0.8072	33.2667	0.1070	2418.0000	360.0000	0.1489	2453.0000
989	0.6036	0.2499	0.6572	0.7295	0.0747	0.8155	33.3333	0.1012	2471.0000	356.0000	0.1441	2502.0000
990	0.5872	0.2499	0.6453	0.7257	0.0757	0.8140	32.8667	0.1002	2420.0000	348.0000	0.1438	2448.0000
991	0.5995	0.2499	0.6447	0.7447	0.0757	0.8182	33.0667	0.0976	2410.0000	342.0000	0.1419	2440.0000
992	0.6020	0.2499	0.6544	0.7402	0.0757	0.8211	33.2667	0.0991	2430.0000	343.0000	0.1412	2464.0000
993	0.5998	0.2499	0.6411	0.7372	0.0756	0.8089	32.8000	0.1072	2415.0000	347.0000	0.1437	2442.0000
994	0.5917	0.2499	0.6511	0.7305	0.0734	0.8073	32.8000	0.1075	2423.0000	358.0000	0.1478	2460.0000
995	0.5905	0.2499	0.6471	0.7230	0.0744	0.8116	32.8667	0.1040	2414.0000	353.0000	0.1462	2455.0000
996	0.6036	0.2499	0.6520	0.7346	0.0747	0.8160	32.8000	0.0990	2451.0000	345.0000	0.1408	2477.0000
997	0.5982	0.2499	0.6459	0.7461	0.0748	0.8208	32.9333	0.0966	2465.0000	342.0000	0.1387	2479.0000
998	0.5876	0.2499	0.6531	0.7347	0.0735	0.8116	33.0667	0.1071	2425.0000	348.0000	0.1435	2465.0000
999	0.5925	0.2499	0.6551	0.7248	0.0731	0.8191	32.8667	0.0953	2492.0000	347.0000	0.1392	2512.0000
1000	0.5918	0.2499	0.6478	0.7360	0.0755	0.8157	33.0667	0.1016	2442.0000	355.0000	0.1454	2472.0000
