accuracy	proportion	density	fuzziness	coverage	purity	sounds	missing	ubound	clusters	props	patterns
1	0.6663	0.5000	0.8492	0.7636	0.2267	0.8053	33.6000	0.1334	2805.0000	712.0000	0.2538	2807.0000
2	0.6684	0.5000	0.8480	0.7777	0.2095	0.8074	33.8000	0.1303	2816.0000	712.0000	0.2528	2818.0000
3	0.6835	0.5000	0.8482	0.7742	0.2272	0.8124	33.8667	0.1272	2805.0000	690.0000	0.2460	2807.0000
4	0.6844	0.5000	0.8482	0.7700	0.2288	0.8081	33.8667	0.1302	2834.0000	708.0000	0.2498	2836.0000
5	0.6712	0.5000	0.8481	0.7721	0.2212	0.8068	33.5333	0.1295	2834.0000	712.0000	0.2512	2836.0000
6	0.6805	0.5000	0.8474	0.7837	0.2265	0.8141	33.7333	0.1243	2803.0000	685.0000	0.2444	2805.0000
7	0.6690	0.5000	0.8487	0.7781	0.2142	0.8061	33.7333	0.1329	2818.0000	729.0000	0.2587	2820.0000
8	0.6786	0.5000	0.8496	0.7674	0.2207	0.7978	33.8000	0.1388	2832.0000	729.0000	0.2574	2834.0000
9	0.6725	0.5000	0.8484	0.7722	0.2086	0.8067	33.8000	0.1319	2837.0000	720.0000	0.2538	2839.0000
10	0.6826	0.5000	0.8481	0.7685	0.2132	0.8098	33.9333	0.1304	2835.0000	707.0000	0.2494	2837.0000
11	0.6791	0.5000	0.8482	0.7716	0.2351	0.8137	33.8667	0.1279	2819.0000	694.0000	0.2462	2821.0000
12	0.6781	0.5000	0.8484	0.7733	0.2229	0.8114	33.8667	0.1267	2830.0000	711.0000	0.2512	2832.0000
13	0.6740	0.5000	0.8477	0.7829	0.2341	0.8126	33.7333	0.1298	2809.0000	692.0000	0.2464	2811.0000
14	0.6892	0.5000	0.8478	0.7725	0.2111	0.8153	33.9333	0.1228	2826.0000	694.0000	0.2456	2828.0000
15	0.6801	0.5000	0.8475	0.7725	0.2046	0.8146	33.9333	0.1231	2810.0000	688.0000	0.2448	2812.0000
16	0.6816	0.5000	0.8463	0.7786	0.2205	0.8145	33.8000	0.1290	2829.0000	697.0000	0.2464	2831.0000
17	0.6800	0.5000	0.8482	0.7917	0.2302	0.8180	34.0000	0.1231	2814.0000	692.0000	0.2459	2816.0000
18	0.6849	0.5000	0.8484	0.7705	0.2169	0.8101	33.7333	0.1265	2822.0000	694.0000	0.2459	2824.0000
19	0.6752	0.5000	0.8489	0.7771	0.2182	0.8220	33.9333	0.1171	2829.0000	684.0000	0.2418	2831.0000
20	0.6743	0.5000	0.8471	0.7637	0.2146	0.8016	33.7333	0.1359	2824.0000	732.0000	0.2592	2826.0000
21	0.6811	0.5000	0.8460	0.7708	0.2320	0.8122	33.8000	0.1271	2806.0000	687.0000	0.2448	2808.0000
22	0.6845	0.5000	0.8479	0.7788	0.2230	0.8101	33.9333	0.1295	2813.0000	691.0000	0.2456	2815.0000
23	0.6789	0.5000	0.8503	0.7811	0.2166	0.8140	33.8667	0.1277	2831.0000	716.0000	0.2529	2833.0000
24	0.6738	0.5000	0.8500	0.7736	0.2081	0.8111	34.0000	0.1276	2822.0000	699.0000	0.2477	2824.0000
25	0.6666	0.5000	0.8481	0.7655	0.2324	0.8016	33.8000	0.1361	2814.0000	720.0000	0.2559	2816.0000
26	0.6783	0.5000	0.8465	0.7792	0.2254	0.8070	33.7333	0.1342	2813.0000	716.0000	0.2545	2815.0000
27	0.6770	0.5000	0.8483	0.7877	0.2145	0.8155	33.7333	0.1260	2812.0000	681.0000	0.2422	2814.0000
28	0.6760	0.5000	0.8497	0.7754	0.2208	0.8111	34.0000	0.1297	2822.0000	707.0000	0.2505	2824.0000
29	0.6777	0.5000	0.8484	0.7722	0.2341	0.8079	33.7333	0.1327	2813.0000	705.0000	0.2506	2815.0000
30	0.6800	0.5000	0.8487	0.7748	0.2321	0.8104	33.8000	0.1297	2825.0000	703.0000	0.2488	2827.0000
31	0.6680	0.5000	0.8487	0.7748	0.2287	0.8050	33.8000	0.1327	2834.0000	724.0000	0.2555	2836.0000
32	0.6859	0.5000	0.8482	0.7793	0.2289	0.8125	33.5333	0.1296	2833.0000	707.0000	0.2496	2835.0000
33	0.6762	0.5000	0.8471	0.7841	0.2256	0.8145	33.8000	0.1271	2811.0000	699.0000	0.2487	2813.0000
34	0.6727	0.5000	0.8489	0.7772	0.2120	0.7949	33.7333	0.1453	2813.0000	736.0000	0.2616	2815.0000
35	0.6741	0.5000	0.8484	0.7815	0.2225	0.8095	34.0000	0.1310	2824.0000	702.0000	0.2486	2826.0000
36	0.6722	0.5000	0.8486	0.7709	0.2081	0.8073	33.9333	0.1295	2824.0000	716.0000	0.2535	2826.0000
37	0.6727	0.5000	0.8499	0.7695	0.2086	0.8078	33.8667	0.1301	2832.0000	715.0000	0.2525	2834.0000
38	0.6774	0.5000	0.8466	0.7733	0.2298	0.8055	33.8000	0.1349	2811.0000	710.0000	0.2526	2813.0000
39	0.6840	0.5000	0.8468	0.7778	0.2418	0.8085	33.7333	0.1315	2811.0000	702.0000	0.2497	2813.0000
40	0.6741	0.5000	0.8485	0.7710	0.2283	0.8087	33.7333	0.1295	2829.0000	700.0000	0.2474	2831.0000
41	0.6799	0.5000	0.8484	0.7686	0.2177	0.8079	33.8667	0.1314	2819.0000	708.0000	0.2512	2821.0000
42	0.6786	0.5000	0.8491	0.7820	0.2307	0.8107	34.0000	0.1310	2825.0000	699.0000	0.2474	2827.0000
43	0.6784	0.5000	0.8473	0.7787	0.2134	0.8138	33.6000	0.1251	2814.0000	706.0000	0.2509	2816.0000
44	0.6772	0.5000	0.8482	0.7736	0.2168	0.8045	33.4667	0.1322	2800.0000	704.0000	0.2514	2802.0000
45	0.6782	0.5000	0.8457	0.7715	0.2201	0.7983	33.9333	0.1388	2810.0000	731.0000	0.2601	2812.0000
46	0.6751	0.5000	0.8468	0.7813	0.2173	0.8141	33.8667	0.1268	2821.0000	704.0000	0.2496	2823.0000
47	0.6789	0.5000	0.8510	0.7817	0.2230	0.8052	33.6000	0.1354	2827.0000	711.0000	0.2515	2829.0000
48	0.6725	0.5000	0.8482	0.7734	0.2181	0.8067	33.5333	0.1308	2814.0000	719.0000	0.2555	2816.0000
49	0.6827	0.5000	0.8470	0.7699	0.2249	0.8106	34.0000	0.1283	2818.0000	696.0000	0.2470	2820.0000
50	0.6763	0.5000	0.8475	0.7714	0.2156	0.8080	33.6667	0.1304	2807.0000	698.0000	0.2487	2809.0000
51	0.6780	0.5000	0.8494	0.7771	0.2058	0.8159	34.0000	0.1249	2819.0000	681.0000	0.2416	2821.0000
52	0.6775	0.5000	0.8481	0.7699	0.2209	0.8060	33.8667	0.1328	2824.0000	708.0000	0.2507	2826.0000
53	0.6839	0.5000	0.8466	0.7820	0.2097	0.8084	33.8667	0.1286	2823.0000	709.0000	0.2512	2825.0000
54	0.6873	0.5000	0.8480	0.7745	0.2152	0.8136	34.1333	0.1253	2812.0000	697.0000	0.2479	2814.0000
55	0.6789	0.5000	0.8477	0.7836	0.2264	0.8114	33.6000	0.1316	2828.0000	701.0000	0.2479	2830.0000
56	0.6845	0.5000	0.8491	0.7794	0.2326	0.8167	33.6667	0.1266	2817.0000	694.0000	0.2464	2819.0000
57	0.6797	0.5000	0.8493	0.7818	0.2097	0.8092	34.0667	0.1315	2811.0000	700.0000	0.2490	2813.0000
58	0.6819	0.5000	0.8504	0.7908	0.2349	0.8170	33.3333	0.1260	2826.0000	691.0000	0.2445	2828.0000
59	0.6752	0.5000	0.8451	0.7780	0.2278	0.8078	34.0667	0.1331	2799.0000	710.0000	0.2537	2801.0000
60	0.6740	0.5000	0.8474	0.7778	0.2291	0.8138	33.8000	0.1249	2804.0000	695.0000	0.2479	2806.0000
61	0.6742	0.5000	0.8482	0.7765	0.2294	0.8111	33.6667	0.1297	2817.0000	706.0000	0.2506	2819.0000
62	0.6731	0.5000	0.8499	0.7777	0.2105	0.8127	33.5333	0.1292	2827.0000	706.0000	0.2497	2829.0000
63	0.6769	0.5000	0.8479	0.7706	0.2036	0.8076	33.7333	0.1307	2826.0000	715.0000	0.2530	2828.0000
64	0.6736	0.5000	0.8486	0.7729	0.2308	0.8006	33.9333	0.1371	2818.0000	724.0000	0.2569	2820.0000
65	0.6901	0.5000	0.8474	0.7745	0.2386	0.8121	33.4667	0.1263	2834.0000	692.0000	0.2442	2836.0000
66	0.6755	0.5000	0.8495	0.7803	0.2206	0.8161	33.7333	0.1237	2838.0000	707.0000	0.2491	2840.0000
67	0.6805	0.5000	0.8476	0.7738	0.2201	0.8089	33.9333	0.1299	2823.0000	700.0000	0.2480	2825.0000
68	0.6833	0.5000	0.8494	0.7739	0.2248	0.8088	33.9333	0.1321	2832.0000	706.0000	0.2493	2834.0000
69	0.6728	0.5000	0.8474	0.7726	0.2264	0.8087	34.0667	0.1291	2829.0000	710.0000	0.2510	2831.0000
70	0.6840	0.5000	0.8485	0.7754	0.2216	0.8133	33.6667	0.1264	2807.0000	707.0000	0.2519	2809.0000
71	0.6836	0.5000	0.8475	0.7816	0.2316	0.8154	33.7333	0.1269	2826.0000	689.0000	0.2438	2828.0000
72	0.6788	0.5000	0.8498	0.7779	0.2275	0.8205	33.8000	0.1208	2815.0000	685.0000	0.2433	2817.0000
73	0.6714	0.5000	0.8494	0.7699	0.2075	0.8056	33.8667	0.1349	2809.0000	723.0000	0.2574	2811.0000
74	0.6814	0.5000	0.8485	0.7765	0.2330	0.8133	33.8667	0.1269	2839.0000	707.0000	0.2490	2841.0000
75	0.6832	0.5000	0.8499	0.7803	0.2032	0.8166	33.7333	0.1232	2833.0000	699.0000	0.2467	2835.0000
76	0.6756	0.5000	0.8494	0.7607	0.2223	0.8043	33.7333	0.1338	2812.0000	707.0000	0.2514	2814.0000
77	0.6796	0.5000	0.8499	0.7847	0.2280	0.8135	33.2667	0.1310	2822.0000	706.0000	0.2502	2824.0000
78	0.6638	0.5000	0.8460	0.7608	0.2053	0.8031	34.0000	0.1327	2804.0000	721.0000	0.2571	2806.0000
79	0.6884	0.5000	0.8479	0.7660	0.2237	0.8127	33.6667	0.1251	2826.0000	700.0000	0.2477	2828.0000
80	0.6723	0.5000	0.8488	0.7820	0.2257	0.8076	33.6000	0.1329	2819.0000	706.0000	0.2504	2821.0000
81	0.6815	0.5000	0.8483	0.7788	0.2282	0.8143	33.5333	0.1276	2827.0000	696.0000	0.2462	2829.0000
82	0.6785	0.5000	0.8480	0.7764	0.2305	0.8136	33.5333	0.1302	2815.0000	698.0000	0.2480	2817.0000
83	0.6753	0.5000	0.8481	0.7792	0.2123	0.8051	33.5333	0.1349	2806.0000	725.0000	0.2584	2808.0000
84	0.6765	0.5000	0.8482	0.7732	0.2172	0.8126	33.8667	0.1260	2828.0000	702.0000	0.2482	2830.0000
85	0.6713	0.5000	0.8502	0.7636	0.2067	0.8048	33.8000	0.1313	2819.0000	720.0000	0.2554	2821.0000
86	0.6733	0.5000	0.8486	0.7780	0.2234	0.8147	33.8000	0.1266	2798.0000	695.0000	0.2484	2800.0000
87	0.6718	0.5000	0.8485	0.7755	0.2197	0.8120	33.6667	0.1301	2817.0000	697.0000	0.2474	2819.0000
88	0.6667	0.5000	0.8494	0.7814	0.2130	0.8082	33.8667	0.1313	2824.0000	719.0000	0.2546	2826.0000
89	0.6791	0.5000	0.8489	0.7712	0.2180	0.8066	33.8000	0.1331	2820.0000	714.0000	0.2532	2822.0000
90	0.6831	0.5000	0.8491	0.7785	0.2325	0.8115	34.0667	0.1307	2822.0000	707.0000	0.2505	2824.0000
91	0.6755	0.5000	0.8493	0.7766	0.2181	0.8108	33.6667	0.1296	2822.0000	703.0000	0.2491	2824.0000
92	0.6724	0.5000	0.8491	0.7695	0.2240	0.8109	33.7333	0.1297	2824.0000	707.0000	0.2504	2826.0000
93	0.6689	0.5000	0.8477	0.7730	0.2103	0.8039	33.8000	0.1336	2811.0000	714.0000	0.2540	2813.0000
94	0.6773	0.5000	0.8471	0.7660	0.2239	0.8040	33.8000	0.1302	2828.0000	726.0000	0.2567	2830.0000
95	0.6678	0.5000	0.8497	0.7727	0.2244	0.8041	33.8000	0.1347	2818.0000	712.0000	0.2527	2820.0000
96	0.6723	0.5000	0.8483	0.7713	0.2025	0.8063	33.9333	0.1300	2822.0000	703.0000	0.2491	2824.0000
97	0.6858	0.5000	0.8487	0.7762	0.2055	0.8122	33.6667	0.1292	2823.0000	696.0000	0.2465	2825.0000
98	0.6858	0.5000	0.8488	0.7665	0.2082	0.8132	33.8000	0.1251	2827.0000	690.0000	0.2441	2829.0000
99	0.6798	0.5000	0.8483	0.7833	0.2340	0.8055	33.7333	0.1356	2816.0000	702.0000	0.2493	2818.0000
100	0.6755	0.5000	0.8488	0.7672	0.2151	0.8069	33.7333	0.1342	2812.0000	706.0000	0.2511	2814.0000
101	0.6807	0.5000	0.8494	0.7791	0.2201	0.8129	33.7333	0.1304	2804.0000	712.0000	0.2539	2806.0000
102	0.6824	0.5000	0.8493	0.7758	0.2189	0.8165	33.8667	0.1236	2816.0000	686.0000	0.2436	2818.0000
103	0.6821	0.5000	0.8491	0.7779	0.2317	0.8145	33.9333	0.1267	2814.0000	697.0000	0.2477	2816.0000
104	0.6761	0.5000	0.8480	0.7740	0.2158	0.8012	33.7333	0.1369	2828.0000	715.0000	0.2528	2830.0000
105	0.6703	0.5000	0.8494	0.7783	0.2069	0.8096	34.0000	0.1300	2833.0000	708.0000	0.2499	2835.0000
106	0.6800	0.5000	0.8497	0.7841	0.2100	0.8156	33.6667	0.1253	2811.0000	687.0000	0.2444	2813.0000
107	0.6833	0.5000	0.8451	0.7763	0.2318	0.8105	33.7333	0.1309	2799.0000	694.0000	0.2479	2801.0000
108	0.6749	0.5000	0.8474	0.7786	0.2114	0.8067	33.8000	0.1350	2804.0000	708.0000	0.2525	2806.0000
109	0.6723	0.5000	0.8480	0.7761	0.2206	0.8057	33.8000	0.1306	2814.0000	713.0000	0.2534	2816.0000
110	0.6911	0.5000	0.8475	0.7775	0.2136	0.8157	33.8667	0.1228	2814.0000	706.0000	0.2509	2816.0000
111	0.6747	0.5000	0.8496	0.7763	0.2150	0.8080	33.8000	0.1325	2834.0000	704.0000	0.2484	2836.0000
112	0.6793	0.5000	0.8483	0.7776	0.2355	0.8039	33.6667	0.1344	2826.0000	702.0000	0.2484	2828.0000
113	0.6839	0.5000	0.8467	0.7667	0.2157	0.8083	33.8667	0.1285	2813.0000	712.0000	0.2531	2815.0000
114	0.6689	0.5000	0.8491	0.7804	0.2242	0.8057	33.6667	0.1340	2829.0000	716.0000	0.2531	2831.0000
115	0.6863	0.5000	0.8483	0.7766	0.2293	0.8117	33.7333	0.1269	2815.0000	700.0000	0.2487	2817.0000
116	0.6817	0.5000	0.8482	0.7686	0.2154	0.8132	33.8667	0.1262	2821.0000	700.0000	0.2481	2823.0000
117	0.6765	0.5000	0.8489	0.7725	0.2115	0.8128	33.4667	0.1263	2817.0000	705.0000	0.2503	2819.0000
118	0.6865	0.5000	0.8488	0.7819	0.2353	0.8130	33.7333	0.1295	2824.0000	693.0000	0.2454	2826.0000
119	0.6835	0.5000	0.8506	0.7664	0.2192	0.8079	33.8667	0.1304	2833.0000	713.0000	0.2517	2835.0000
120	0.6717	0.5000	0.8498	0.7672	0.2242	0.8075	33.8667	0.1332	2818.0000	705.0000	0.2502	2820.0000
121	0.6796	0.5000	0.8488	0.7836	0.2242	0.8172	33.8667	0.1251	2827.0000	685.0000	0.2423	2829.0000
122	0.6751	0.5000	0.8479	0.7712	0.2112	0.8162	33.6000	0.1236	2814.0000	694.0000	0.2466	2816.0000
123	0.6775	0.5000	0.8477	0.7779	0.2360	0.8137	33.9333	0.1251	2822.0000	693.0000	0.2456	2824.0000
124	0.6820	0.5000	0.8484	0.7772	0.2247	0.8118	33.8000	0.1297	2807.0000	701.0000	0.2497	2809.0000
125	0.6835	0.5000	0.8468	0.7693	0.2178	0.8084	33.9333	0.1251	2815.0000	716.0000	0.2544	2817.0000
126	0.6762	0.5000	0.8483	0.7589	0.2298	0.8072	33.8667	0.1320	2832.0000	709.0000	0.2504	2834.0000
127	0.6739	0.5000	0.8481	0.7871	0.2306	0.8159	33.8000	0.1230	2804.0000	685.0000	0.2443	2806.0000
128	0.6810	0.5000	0.8487	0.7823	0.2272	0.8134	34.0000	0.1281	2823.0000	696.0000	0.2465	2825.0000
129	0.6764	0.5000	0.8497	0.7760	0.2116	0.8067	33.6000	0.1329	2824.0000	706.0000	0.2500	2826.0000
130	0.6833	0.5000	0.8474	0.7744	0.2021	0.8082	33.7333	0.1304	2815.0000	704.0000	0.2501	2817.0000
131	0.6762	0.5000	0.8465	0.7826	0.2358	0.8100	33.7333	0.1308	2812.0000	692.0000	0.2461	2814.0000
132	0.6778	0.5000	0.8483	0.7794	0.2314	0.8119	33.6667	0.1303	2826.0000	701.0000	0.2481	2828.0000
133	0.6717	0.5000	0.8489	0.7767	0.2049	0.8114	33.5333	0.1280	2826.0000	700.0000	0.2477	2828.0000
134	0.6749	0.5000	0.8476	0.7888	0.2169	0.8160	33.6000	0.1248	2815.0000	690.0000	0.2451	2817.0000
135	0.6738	0.5000	0.8481	0.7732	0.2240	0.8070	33.8000	0.1327	2821.0000	705.0000	0.2499	2823.0000
136	0.6736	0.5000	0.8480	0.7808	0.2218	0.8128	34.0667	0.1296	2817.0000	697.0000	0.2474	2819.0000
137	0.6777	0.5000	0.8495	0.7766	0.2308	0.8084	33.7333	0.1332	2819.0000	710.0000	0.2519	2821.0000
138	0.6663	0.5000	0.8483	0.7777	0.2230	0.8041	33.8667	0.1373	2810.0000	711.0000	0.2530	2812.0000
139	0.6812	0.5000	0.8494	0.7762	0.2187	0.8107	33.8000	0.1277	2816.0000	700.0000	0.2486	2818.0000
140	0.6724	0.5000	0.8495	0.7664	0.2199	0.8051	34.0000	0.1311	2822.0000	716.0000	0.2537	2824.0000
141	0.6782	0.5000	0.8473	0.7770	0.2305	0.8147	33.6000	0.1257	2827.0000	696.0000	0.2462	2829.0000
142	0.6690	0.5000	0.8481	0.7709	0.2187	0.8087	33.8000	0.1297	2832.0000	710.0000	0.2507	2834.0000
143	0.6846	0.5000	0.8473	0.7762	0.2237	0.8071	33.8000	0.1318	2834.0000	721.0000	0.2544	2836.0000
144	0.6720	0.5000	0.8479	0.7783	0.2241	0.8038	33.7333	0.1374	2825.0000	714.0000	0.2527	2827.0000
145	0.6734	0.5000	0.8482	0.7776	0.2128	0.8096	33.8000	0.1319	2817.0000	708.0000	0.2513	2819.0000
146	0.6695	0.5000	0.8489	0.7734	0.2193	0.8046	33.8667	0.1321	2821.0000	714.0000	0.2531	2823.0000
147	0.6732	0.5000	0.8472	0.7686	0.2065	0.8044	33.6667	0.1309	2815.0000	730.0000	0.2593	2817.0000
148	0.6746	0.5000	0.8505	0.7870	0.2172	0.8194	33.8000	0.1243	2812.0000	683.0000	0.2429	2814.0000
149	0.6746	0.5000	0.8457	0.7751	0.2326	0.8038	33.8667	0.1334	2821.0000	703.0000	0.2492	2823.0000
150	0.6824	0.5000	0.8461	0.7829	0.2275	0.8085	33.9333	0.1309	2819.0000	705.0000	0.2501	2821.0000
151	0.6857	0.5000	0.8498	0.7860	0.2334	0.8205	33.4667	0.1222	2816.0000	694.0000	0.2464	2818.0000
152	0.6796	0.5000	0.8485	0.7686	0.2186	0.8089	34.1333	0.1292	2826.0000	703.0000	0.2488	2828.0000
153	0.6772	0.5000	0.8485	0.7758	0.2164	0.8064	33.8667	0.1316	2823.0000	708.0000	0.2508	2825.0000
154	0.6749	0.5000	0.8476	0.7701	0.2153	0.8068	34.0000	0.1323	2812.0000	720.0000	0.2560	2814.0000
155	0.6720	0.5000	0.8478	0.7773	0.2335	0.8063	33.8667	0.1321	2819.0000	719.0000	0.2551	2821.0000
156	0.6882	0.5000	0.8497	0.7761	0.2300	0.8165	34.0667	0.1249	2798.0000	691.0000	0.2470	2800.0000
157	0.6811	0.5000	0.8465	0.7797	0.2371	0.8149	33.8000	0.1277	2813.0000	685.0000	0.2435	2815.0000
158	0.6692	0.5000	0.8500	0.7887	0.2269	0.8054	34.0000	0.1359	2811.0000	712.0000	0.2533	2813.0000
159	0.6728	0.5000	0.8476	0.7698	0.2023	0.8044	34.0000	0.1331	2821.0000	716.0000	0.2538	2823.0000
160	0.6786	0.5000	0.8461	0.7714	0.2018	0.8124	33.5333	0.1270	2829.0000	700.0000	0.2474	2831.0000
161	0.6807	0.5000	0.8488	0.7789	0.2260	0.8124	33.6667	0.1289	2822.0000	695.0000	0.2463	2824.0000
162	0.6760	0.5000	0.8466	0.7793	0.2241	0.8122	33.6667	0.1287	2814.0000	693.0000	0.2463	2816.0000
163	0.6807	0.5000	0.8499	0.7636	0.2191	0.8106	33.8000	0.1290	2819.0000	692.0000	0.2455	2821.0000
164	0.6757	0.5000	0.8495	0.7690	0.2170	0.8072	33.9333	0.1315	2817.0000	729.0000	0.2588	2819.0000
165	0.6737	0.5000	0.8453	0.7792	0.2321	0.8066	34.0667	0.1313	2821.0000	700.0000	0.2481	2823.0000
166	0.6749	0.5000	0.8485	0.7737	0.2293	0.8129	33.5333	0.1255	2828.0000	684.0000	0.2419	2830.0000
167	0.6854	0.5000	0.8479	0.7922	0.2297	0.8176	33.9333	0.1274	2815.0000	698.0000	0.2480	2817.0000
168	0.6723	0.5000	0.8463	0.7795	0.2047	0.8049	33.6667	0.1319	2826.0000	714.0000	0.2527	2828.0000
169	0.6874	0.5000	0.8482	0.7823	0.2365	0.8215	33.4667	0.1209	2830.0000	684.0000	0.2417	2832.0000
170	0.6801	0.5000	0.8472	0.7721	0.2243	0.8082	33.8000	0.1310	2832.0000	712.0000	0.2514	2834.0000
171	0.6718	0.5000	0.8484	0.7764	0.2031	0.8043	34.0667	0.1341	2816.0000	728.0000	0.2585	2818.0000
172	0.6758	0.5000	0.8486	0.7810	0.2272	0.8104	33.8667	0.1284	2826.0000	705.0000	0.2495	2828.0000
173	0.6779	0.5000	0.8473	0.7735	0.2219	0.8112	33.9333	0.1277	2817.0000	715.0000	0.2538	2819.0000
174	0.6845	0.5000	0.8475	0.7821	0.2324	0.8154	33.7333	0.1285	2818.0000	688.0000	0.2441	2820.0000
175	0.6691	0.5000	0.8488	0.7856	0.2157	0.8061	33.8667	0.1336	2814.0000	708.0000	0.2516	2816.0000
176	0.6801	0.5000	0.8492	0.7837	0.1949	0.8070	33.8000	0.1309	2828.0000	704.0000	0.2489	2830.0000
177	0.6834	0.5000	0.8485	0.7737	0.2179	0.8159	33.6667	0.1250	2835.0000	688.0000	0.2427	2837.0000
178	0.6767	0.5000	0.8484	0.7692	0.2277	0.8089	33.8000	0.1308	2812.0000	710.0000	0.2525	2814.0000
179	0.6784	0.5000	0.8478	0.7929	0.2201	0.8105	33.7333	0.1303	2828.0000	709.0000	0.2507	2830.0000
180	0.6825	0.5000	0.8482	0.7700	0.2070	0.8059	33.7333	0.1300	2832.0000	711.0000	0.2511	2834.0000
181	0.6770	0.5000	0.8489	0.7753	0.2334	0.8110	33.8000	0.1297	2813.0000	693.0000	0.2464	2815.0000
182	0.6725	0.5000	0.8493	0.7766	0.2151	0.8056	33.6000	0.1350	2835.0000	715.0000	0.2522	2837.0000
183	0.6780	0.5000	0.8474	0.7735	0.2101	0.8070	34.0667	0.1307	2825.0000	714.0000	0.2527	2827.0000
184	0.6771	0.5000	0.8498	0.7771	0.2250	0.8100	34.0000	0.1292	2816.0000	687.0000	0.2440	2818.0000
185	0.6827	0.5000	0.8483	0.7761	0.2281	0.8167	33.7333	0.1234	2820.0000	702.0000	0.2489	2822.0000
186	0.6781	0.5000	0.8480	0.7653	0.2240	0.8054	34.0000	0.1340	2829.0000	710.0000	0.2510	2831.0000
187	0.6721	0.5000	0.8473	0.7801	0.2098	0.8085	33.7333	0.1276	2812.0000	701.0000	0.2493	2814.0000
188	0.6748	0.5000	0.8475	0.7694	0.2058	0.8066	33.8000	0.1293	2815.0000	705.0000	0.2504	2817.0000
189	0.6671	0.5000	0.8485	0.7767	0.2177	0.8034	33.6667	0.1353	2821.0000	713.0000	0.2527	2823.0000
190	0.6694	0.5000	0.8481	0.7738	0.2107	0.8140	33.4667	0.1250	2827.0000	693.0000	0.2451	2829.0000
191	0.6762	0.5000	0.8489	0.7749	0.2162	0.8137	33.6667	0.1272	2811.0000	691.0000	0.2458	2813.0000
192	0.6792	0.5000	0.8493	0.7941	0.2310	0.8047	33.6667	0.1344	2819.0000	706.0000	0.2504	2821.0000
193	0.6738	0.5000	0.8501	0.7728	0.2348	0.8108	33.7333	0.1301	2822.0000	692.0000	0.2452	2824.0000
194	0.6817	0.5000	0.8476	0.7709	0.2145	0.8097	33.8000	0.1277	2823.0000	703.0000	0.2490	2825.0000
195	0.6600	0.5000	0.8481	0.7732	0.2212	0.7985	34.0667	0.1399	2824.0000	729.0000	0.2581	2826.0000
196	0.6748	0.5000	0.8485	0.7910	0.2249	0.8134	34.1333	0.1310	2832.0000	700.0000	0.2472	2834.0000
197	0.6801	0.5000	0.8471	0.7674	0.2209	0.8100	33.7333	0.1249	2835.0000	699.0000	0.2466	2837.0000
198	0.6606	0.5000	0.8480	0.7674	0.2045	0.7983	33.9333	0.1365	2819.0000	724.0000	0.2568	2821.0000
199	0.6789	0.5000	0.8498	0.7784	0.2231	0.8106	33.6667	0.1311	2818.0000	701.0000	0.2488	2820.0000
200	0.6840	0.5000	0.8487	0.7769	0.2077	0.8123	33.8000	0.1257	2814.0000	703.0000	0.2498	2816.0000
201	0.6710	0.5000	0.8461	0.7746	0.2136	0.8113	33.6000	0.1293	2806.0000	704.0000	0.2509	2808.0000
202	0.6716	0.5000	0.8495	0.7790	0.2140	0.8139	33.4667	0.1267	2824.0000	702.0000	0.2486	2826.0000
203	0.6747	0.5000	0.8493	0.7873	0.2209	0.8116	33.7333	0.1282	2813.0000	705.0000	0.2506	2815.0000
204	0.6747	0.5000	0.8467	0.7604	0.2192	0.8015	33.6667	0.1350	2811.0000	717.0000	0.2551	2813.0000
205	0.6803	0.5000	0.8506	0.7842	0.2096	0.8097	33.7333	0.1299	2822.0000	700.0000	0.2481	2824.0000
206	0.6713	0.5000	0.8492	0.7850	0.2182	0.8098	33.9333	0.1295	2837.0000	700.0000	0.2467	2839.0000
207	0.6778	0.5000	0.8489	0.7731	0.2151	0.8077	33.7333	0.1304	2837.0000	728.0000	0.2566	2839.0000
208	0.6795	0.5000	0.8494	0.7735	0.2378	0.8087	33.6667	0.1326	2812.0000	704.0000	0.2504	2814.0000
209	0.6755	0.5000	0.8484	0.7709	0.1944	0.8093	33.8667	0.1275	2824.0000	710.0000	0.2514	2826.0000
210	0.6731	0.5000	0.8476	0.7905	0.2300	0.8157	33.6000	0.1249	2821.0000	691.0000	0.2449	2823.0000
211	0.6775	0.5000	0.8463	0.7790	0.2124	0.8157	34.0667	0.1238	2819.0000	702.0000	0.2490	2821.0000
212	0.6776	0.5000	0.8476	0.7827	0.2165	0.8175	34.0000	0.1226	2817.0000	686.0000	0.2435	2819.0000
213	0.6705	0.5000	0.8475	0.7597	0.2186	0.7984	33.7333	0.1385	2829.0000	734.0000	0.2595	2831.0000
214	0.6819	0.5000	0.8493	0.7751	0.2152	0.8157	33.7333	0.1231	2819.0000	692.0000	0.2455	2821.0000
215	0.6744	0.5000	0.8482	0.7790	0.2248	0.8094	33.6000	0.1309	2820.0000	703.0000	0.2493	2822.0000
216	0.6741	0.5000	0.8477	0.7734	0.2265	0.8096	33.8667	0.1294	2822.0000	714.0000	0.2530	2825.0000
217	0.6863	0.5000	0.8482	0.7707	0.2141	0.8122	33.5333	0.1259	2820.0000	694.0000	0.2461	2822.0000
218	0.6750	0.5000	0.8487	0.7801	0.2284	0.8138	33.5333	0.1273	2822.0000	703.0000	0.2491	2824.0000
219	0.6712	0.5000	0.8488	0.7742	0.2267	0.8050	33.8000	0.1350	2828.0000	715.0000	0.2528	2830.0000
220	0.6714	0.5000	0.8485	0.7639	0.2316	0.8055	33.6667	0.1323	2810.0000	718.0000	0.2555	2812.0000
221	0.6723	0.5000	0.8490	0.7759	0.2250	0.8099	33.8000	0.1299	2823.0000	716.0000	0.2536	2825.0000
222	0.6807	0.5000	0.8492	0.7757	0.2317	0.8119	33.6667	0.1266	2823.0000	697.0000	0.2469	2825.0000
223	0.6895	0.5000	0.8484	0.7748	0.2355	0.8087	33.6000	0.1292	2821.0000	702.0000	0.2488	2823.0000
224	0.6649	0.5000	0.8491	0.7772	0.2241	0.8005	33.8667	0.1376	2834.0000	712.0000	0.2512	2836.0000
225	0.6786	0.5000	0.8480	0.7795	0.2258	0.8098	33.6000	0.1305	2816.0000	703.0000	0.2496	2818.0000
226	0.6830	0.5000	0.8478	0.7815	0.2251	0.8081	33.7333	0.1287	2820.0000	715.0000	0.2535	2822.0000
227	0.6811	0.5000	0.8487	0.7792	0.2121	0.8115	33.8000	0.1284	2827.0000	691.0000	0.2444	2829.0000
228	0.6765	0.5000	0.8485	0.7789	0.2300	0.8163	33.6667	0.1227	2834.0000	688.0000	0.2428	2836.0000
229	0.6781	0.5000	0.8464	0.7739	0.2077	0.8120	33.9333	0.1267	2817.0000	715.0000	0.2538	2819.0000
230	0.6920	0.5000	0.8489	0.7755	0.2356	0.8161	33.8000	0.1232	2818.0000	690.0000	0.2449	2820.0000
231	0.6851	0.5000	0.8475	0.7891	0.2253	0.8162	33.6667	0.1259	2816.0000	684.0000	0.2429	2818.0000
232	0.6885	0.5000	0.8495	0.7685	0.2269	0.8138	33.4000	0.1252	2806.0000	689.0000	0.2455	2808.0000
233	0.6764	0.5000	0.8477	0.7660	0.2074	0.8031	33.8667	0.1353	2810.0000	704.0000	0.2505	2812.0000
234	0.6851	0.5000	0.8474	0.7794	0.2148	0.8155	33.8000	0.1215	2816.0000	687.0000	0.2440	2818.0000
235	0.6814	0.5000	0.8483	0.7772	0.2216	0.8082	33.6667	0.1314	2823.0000	703.0000	0.2490	2825.0000
236	0.6664	0.5000	0.8489	0.7737	0.2233	0.7995	33.6667	0.1389	2838.0000	720.0000	0.2537	2840.0000
237	0.6802	0.5000	0.8490	0.7779	0.2276	0.8184	34.0667	0.1228	2820.0000	700.0000	0.2482	2822.0000
238	0.6802	0.5000	0.8483	0.7720	0.2106	0.8147	33.8000	0.1262	2826.0000	698.0000	0.2470	2828.0000
239	0.6837	0.5000	0.8472	0.7691	0.2261	0.8064	33.9333	0.1292	2816.0000	711.0000	0.2525	2818.0000
240	0.6760	0.5000	0.8475	0.7685	0.2363	0.8021	33.8000	0.1353	2817.0000	709.0000	0.2517	2819.0000
241	0.6730	0.5000	0.8463	0.7677	0.2262	0.8039	33.8000	0.1327	2835.0000	711.0000	0.2508	2837.0000
242	0.6865	0.5000	0.8475	0.7713	0.2344	0.8097	34.1333	0.1297	2811.0000	692.0000	0.2462	2813.0000
243	0.6765	0.5000	0.8484	0.7846	0.2248	0.8176	33.6667	0.1243	2827.0000	678.0000	0.2398	2829.0000
244	0.6841	0.5000	0.8487	0.7802	0.2190	0.8133	33.5333	0.1282	2810.0000	697.0000	0.2480	2812.0000
245	0.6713	0.5000	0.8472	0.7677	0.2054	0.8007	33.7333	0.1365	2805.0000	723.0000	0.2578	2807.0000
246	0.6783	0.5000	0.8485	0.7723	0.2271	0.8067	33.7333	0.1352	2825.0000	715.0000	0.2531	2827.0000
247	0.6874	0.5000	0.8478	0.7808	0.2321	0.8154	33.7333	0.1208	2828.0000	681.0000	0.2408	2830.0000
248	0.6771	0.5000	0.8502	0.7799	0.2187	0.8091	33.6000	0.1292	2827.0000	700.0000	0.2476	2829.0000
249	0.6738	0.5000	0.8486	0.7683	0.2026	0.8099	33.6000	0.1262	2832.0000	705.0000	0.2489	2834.0000
250	0.6716	0.5000	0.8492	0.7661	0.2125	0.8015	33.6000	0.1393	2814.0000	741.0000	0.2633	2816.0000
251	0.6663	0.5000	0.8475	0.7668	0.2021	0.8081	33.8000	0.1290	2823.0000	712.0000	0.2522	2825.0000
252	0.6868	0.5000	0.8481	0.7707	0.2162	0.8164	33.5333	0.1228	2817.0000	683.0000	0.2425	2819.0000
253	0.6867	0.5000	0.8490	0.7942	0.2216	0.8188	33.7333	0.1219	2837.0000	682.0000	0.2404	2839.0000
254	0.6772	0.5000	0.8484	0.7809	0.2247	0.8108	33.6000	0.1292	2818.0000	701.0000	0.2488	2820.0000
255	0.6650	0.5000	0.8487	0.7586	0.1952	0.8059	33.6667	0.1281	2811.0000	715.0000	0.2544	2813.0000
256	0.6851	0.5000	0.8490	0.7681	0.2219	0.8091	33.7333	0.1313	2823.0000	700.0000	0.2480	2825.0000
257	0.6713	0.5000	0.8484	0.7774	0.2279	0.8102	33.7333	0.1287	2830.0000	706.0000	0.2495	2832.0000
258	0.6656	0.5000	0.8475	0.7774	0.2258	0.8084	33.8000	0.1319	2828.0000	715.0000	0.2528	2830.0000
259	0.6937	0.5000	0.8491	0.7831	0.2262	0.8239	33.5333	0.1187	2817.0000	683.0000	0.2425	2819.0000
260	0.6774	0.5000	0.8488	0.7761	0.2216	0.8101	33.7333	0.1308	2827.0000	719.0000	0.2543	2829.0000
261	0.6848	0.5000	0.8485	0.7721	0.2341	0.8135	33.8667	0.1292	2823.0000	678.0000	0.2402	2825.0000
262	0.6795	0.5000	0.8483	0.7686	0.2311	0.8020	33.6667	0.1369	2833.0000	731.0000	0.2580	2835.0000
263	0.6706	0.5000	0.8488	0.7768	0.2291	0.8085	33.7333	0.1325	2818.0000	708.0000	0.2512	2820.0000
264	0.6807	0.5000	0.8494	0.7806	0.2269	0.8057	33.8000	0.1348	2834.0000	723.0000	0.2551	2836.0000
265	0.6761	0.5000	0.8487	0.7763	0.2359	0.8089	33.8000	0.1350	2827.0000	710.0000	0.2511	2829.0000
266	0.6772	0.5000	0.8477	0.7758	0.2284	0.8063	33.8667	0.1359	2820.0000	711.0000	0.2521	2822.0000
267	0.6810	0.5000	0.8478	0.7664	0.2244	0.8055	33.5333	0.1326	2833.0000	718.0000	0.2534	2835.0000
268	0.6781	0.5000	0.8481	0.7651	0.2098	0.8127	33.9333	0.1250	2812.0000	704.0000	0.2504	2814.0000
269	0.6778	0.5000	0.8458	0.7759	0.2293	0.8083	33.6667	0.1326	2827.0000	711.0000	0.2515	2829.0000
270	0.6816	0.5000	0.8461	0.7840	0.2119	0.8144	33.9333	0.1228	2818.0000	688.0000	0.2441	2820.0000
271	0.6781	0.5000	0.8495	0.7797	0.2273	0.8132	33.8000	0.1298	2823.0000	702.0000	0.2487	2825.0000
272	0.6879	0.5000	0.8476	0.7744	0.2256	0.8091	33.6667	0.1292	2842.0000	705.0000	0.2481	2844.0000
273	0.6915	0.5000	0.8481	0.7806	0.2289	0.8184	33.6000	0.1214	2817.0000	678.0000	0.2407	2819.0000
274	0.6795	0.5000	0.8457	0.7731	0.2292	0.8091	33.9333	0.1278	2816.0000	697.0000	0.2475	2818.0000
275	0.6658	0.5000	0.8490	0.7650	0.1970	0.7992	34.1333	0.1385	2828.0000	728.0000	0.2574	2830.0000
276	0.6797	0.5000	0.8492	0.7845	0.2335	0.8151	33.8000	0.1269	2818.0000	692.0000	0.2456	2820.0000
277	0.6809	0.5000	0.8493	0.7743	0.2214	0.8053	33.6000	0.1338	2817.0000	711.0000	0.2524	2819.0000
278	0.6776	0.5000	0.8477	0.7761	0.2309	0.8148	33.6667	0.1254	2822.0000	695.0000	0.2463	2824.0000
279	0.6836	0.5000	0.8486	0.7771	0.2355	0.8158	33.6000	0.1247	2817.0000	693.0000	0.2460	2819.0000
280	0.6764	0.5000	0.8479	0.7790	0.2067	0.8086	33.8000	0.1274	2825.0000	698.0000	0.2471	2827.0000
281	0.6868	0.5000	0.8460	0.7774	0.2171	0.8142	33.6667	0.1245	2807.0000	704.0000	0.2508	2809.0000
282	0.6746	0.5000	0.8475	0.7752	0.2174	0.8099	33.7333	0.1318	2825.0000	707.0000	0.2503	2827.0000
283	0.6747	0.5000	0.8478	0.7666	0.2149	0.8005	33.6667	0.1393	2813.0000	736.0000	0.2616	2815.0000
284	0.6705	0.5000	0.8497	0.7729	0.2332	0.8100	33.7333	0.1303	2833.0000	710.0000	0.2506	2835.0000
285	0.6846	0.5000	0.8482	0.7902	0.2174	0.8195	33.8667	0.1219	2830.0000	697.0000	0.2463	2832.0000
286	0.6743	0.5000	0.8486	0.7880	0.2228	0.8117	33.7333	0.1294	2824.0000	701.0000	0.2482	2826.0000
287	0.6797	0.5000	0.8477	0.7747	0.2217	0.8088	33.8000	0.1285	2827.0000	708.0000	0.2504	2829.0000
288	0.6724	0.5000	0.8489	0.7698	0.2149	0.8053	33.5333	0.1340	2823.0000	714.0000	0.2529	2825.0000
289	0.6842	0.5000	0.8471	0.7886	0.2305	0.8115	33.6667	0.1312	2819.0000	695.0000	0.2465	2821.0000
290	0.6754	0.5000	0.8475	0.7773	0.2217	0.8080	33.7333	0.1290	2820.0000	706.0000	0.2504	2822.0000
291	0.6723	0.5000	0.8489	0.7682	0.2066	0.8130	33.7333	0.1260	2826.0000	704.0000	0.2491	2828.0000
292	0.6795	0.5000	0.8486	0.7828	0.2066	0.8116	33.5333	0.1276	2820.0000	698.0000	0.2475	2822.0000
293	0.6778	0.5000	0.8468	0.7737	0.2018	0.8080	33.8667	0.1319	2812.0000	699.0000	0.2486	2814.0000
294	0.6832	0.5000	0.8499	0.7718	0.2257	0.8106	33.8000	0.1271	2829.0000	700.0000	0.2474	2831.0000
295	0.6718	0.5000	0.8467	0.7740	0.2168	0.8097	33.8000	0.1286	2804.0000	697.0000	0.2486	2806.0000
296	0.6801	0.5000	0.8472	0.7763	0.2245	0.8088	33.6667	0.1314	2814.0000	717.0000	0.2548	2816.0000
297	0.6824	0.5000	0.8461	0.7670	0.2294	0.8092	33.8667	0.1301	2828.0000	702.0000	0.2482	2830.0000
298	0.6877	0.5000	0.8483	0.7883	0.2379	0.8153	33.8000	0.1305	2821.0000	697.0000	0.2471	2823.0000
299	0.6729	0.5000	0.8494	0.7724	0.2156	0.8052	33.9333	0.1349	2807.0000	704.0000	0.2508	2809.0000
300	0.6757	0.5000	0.8463	0.7854	0.2300	0.8144	33.8667	0.1263	2816.0000	706.0000	0.2507	2818.0000
301	0.6808	0.5000	0.8486	0.7797	0.2321	0.8097	33.5333	0.1339	2804.0000	695.0000	0.2479	2806.0000
302	0.6768	0.5000	0.8504	0.7904	0.2239	0.8192	33.8000	0.1226	2834.0000	702.0000	0.2477	2836.0000
303	0.6729	0.5000	0.8481	0.7774	0.2094	0.8039	33.8667	0.1344	2819.0000	718.0000	0.2547	2821.0000
304	0.6765	0.5000	0.8470	0.7722	0.2086	0.8052	34.0667	0.1330	2800.0000	708.0000	0.2529	2802.0000
305	0.6718	0.5000	0.8466	0.7670	0.2090	0.8019	34.0000	0.1339	2817.0000	711.0000	0.2524	2819.0000
306	0.6717	0.5000	0.8499	0.7641	0.2128	0.8038	33.7333	0.1345	2831.0000	713.0000	0.2519	2833.0000
307	0.6750	0.5000	0.8481	0.7718	0.2332	0.8089	33.8000	0.1321	2830.0000	704.0000	0.2488	2832.0000
308	0.6711	0.5000	0.8486	0.7732	0.2280	0.8054	33.9333	0.1352	2824.0000	715.0000	0.2532	2826.0000
309	0.6874	0.5000	0.8488	0.7708	0.2180	0.8096	33.8667	0.1254	2820.0000	714.0000	0.2532	2822.0000
310	0.6804	0.5000	0.8463	0.7840	0.2342	0.8218	33.5333	0.1221	2811.0000	680.0000	0.2419	2813.0000
311	0.6727	0.5000	0.8491	0.7830	0.2188	0.8045	34.0000	0.1341	2820.0000	717.0000	0.2543	2822.0000
312	0.6756	0.5000	0.8486	0.7730	0.2290	0.8068	33.9333	0.1333	2815.0000	718.0000	0.2551	2817.0000
313	0.6783	0.5000	0.8475	0.7788	0.2144	0.8188	33.8000	0.1214	2825.0000	684.0000	0.2421	2827.0000
314	0.6695	0.5000	0.8500	0.7766	0.2213	0.8089	33.8000	0.1350	2817.0000	704.0000	0.2499	2819.0000
315	0.6785	0.5000	0.8486	0.7778	0.2253	0.8116	34.0000	0.1287	2805.0000	690.0000	0.2460	2807.0000
316	0.6759	0.5000	0.8494	0.7769	0.2255	0.8124	33.6667	0.1314	2817.0000	689.0000	0.2446	2819.0000
317	0.6751	0.5000	0.8477	0.7869	0.2232	0.8100	33.7333	0.1310	2836.0000	701.0000	0.2472	2838.0000
318	0.6781	0.5000	0.8465	0.7674	0.2304	0.8054	33.9333	0.1324	2815.0000	706.0000	0.2508	2817.0000
319	0.6756	0.5000	0.8504	0.7822	0.2169	0.8103	33.8000	0.1291	2818.0000	696.0000	0.2470	2820.0000
320	0.6694	0.5000	0.8486	0.7764	0.2238	0.8032	33.6000	0.1377	2826.0000	723.0000	0.2558	2828.0000
321	0.6807	0.5000	0.8468	0.7699	0.2312	0.8048	33.7333	0.1327	2813.0000	706.0000	0.2510	2815.0000
322	0.6849	0.5000	0.8486	0.7755	0.2276	0.8105	33.8667	0.1286	2795.0000	706.0000	0.2526	2797.0000
323	0.6816	0.5000	0.8494	0.7849	0.2372	0.8145	33.7333	0.1268	2829.0000	708.0000	0.2503	2831.0000
324	0.6821	0.5000	0.8492	0.7747	0.2293	0.8133	33.6667	0.1272	2828.0000	693.0000	0.2450	2830.0000
325	0.6726	0.5000	0.8489	0.7871	0.2363	0.8097	33.6667	0.1317	2815.0000	694.0000	0.2465	2817.0000
326	0.6807	0.5000	0.8478	0.7728	0.2273	0.8141	33.8000	0.1257	2832.0000	701.0000	0.2475	2834.0000
327	0.6699	0.5000	0.8495	0.7730	0.2057	0.8088	33.8667	0.1325	2824.0000	718.0000	0.2542	2826.0000
328	0.6717	0.5000	0.8480	0.7713	0.2172	0.7997	33.6667	0.1380	2816.0000	721.0000	0.2560	2818.0000
329	0.6699	0.5000	0.8472	0.7738	0.2201	0.8080	33.7333	0.1321	2834.0000	712.0000	0.2512	2836.0000
330	0.6698	0.5000	0.8487	0.7866	0.2314	0.8094	34.1333	0.1328	2832.0000	708.0000	0.2500	2835.0000
331	0.6836	0.5000	0.8471	0.7795	0.2162	0.8143	33.9333	0.1270	2821.0000	707.0000	0.2506	2823.0000
332	0.6754	0.5000	0.8485	0.7880	0.2234	0.8082	33.7333	0.1340	2830.0000	705.0000	0.2491	2832.0000
333	0.6671	0.5000	0.8471	0.7815	0.2274	0.8121	33.6000	0.1286	2822.0000	712.0000	0.2523	2824.0000
334	0.6886	0.5000	0.8478	0.7703	0.2128	0.8127	33.8667	0.1254	2814.0000	687.0000	0.2441	2816.0000
335	0.6873	0.5000	0.8486	0.7775	0.2287	0.8198	33.6667	0.1214	2820.0000	698.0000	0.2475	2822.0000
336	0.6801	0.5000	0.8497	0.7782	0.2392	0.8113	33.6667	0.1320	2832.0000	707.0000	0.2496	2834.0000
337	0.6805	0.5000	0.8483	0.7733	0.2342	0.8080	33.5333	0.1320	2825.0000	699.0000	0.2474	2827.0000
338	0.6764	0.5000	0.8471	0.7838	0.2235	0.8070	33.8000	0.1331	2818.0000	704.0000	0.2498	2820.0000
339	0.6722	0.5000	0.8484	0.7769	0.2248	0.8067	33.6000	0.1323	2821.0000	706.0000	0.2503	2823.0000
340	0.6799	0.5000	0.8496	0.7839	0.2281	0.8107	33.8667	0.1284	2825.0000	688.0000	0.2435	2827.0000
341	0.6814	0.5000	0.8473	0.7799	0.2264	0.8093	33.8000	0.1292	2830.0000	706.0000	0.2495	2832.0000
342	0.6782	0.5000	0.8492	0.7767	0.2201	0.8119	33.7333	0.1289	2818.0000	717.0000	0.2544	2820.0000
343	0.6707	0.5000	0.8485	0.7843	0.2310	0.8087	33.8000	0.1317	2819.0000	706.0000	0.2504	2821.0000
344	0.6577	0.5000	0.8486	0.7782	0.2121	0.7934	34.0000	0.1438	2825.0000	735.0000	0.2602	2827.0000
345	0.6786	0.5000	0.8485	0.7778	0.2127	0.8115	33.6000	0.1278	2835.0000	699.0000	0.2466	2837.0000
346	0.6730	0.5000	0.8491	0.7801	0.2148	0.8052	33.8000	0.1337	2814.0000	714.0000	0.2537	2816.0000
347	0.6845	0.5000	0.8501	0.7702	0.2213	0.8063	33.9333	0.1324	2815.0000	709.0000	0.2519	2817.0000
348	0.6860	0.5000	0.8479	0.7813	0.2357	0.8162	34.0000	0.1267	2820.0000	697.0000	0.2472	2822.0000
349	0.6817	0.5000	0.8443	0.7811	0.2184	0.8117	34.0667	0.1283	2817.0000	696.0000	0.2471	2819.0000
350	0.6814	0.5000	0.8467	0.7784	0.2207	0.8088	33.7333	0.1303	2830.0000	709.0000	0.2505	2832.0000
351	0.6833	0.5000	0.8495	0.7710	0.2250	0.8073	33.5333	0.1298	2841.0000	708.0000	0.2492	2843.0000
352	0.6708	0.5000	0.8483	0.7796	0.2260	0.8088	33.8000	0.1303	2831.0000	705.0000	0.2490	2833.0000
353	0.6764	0.5000	0.8494	0.7680	0.2005	0.8054	33.5333	0.1326	2820.0000	715.0000	0.2535	2822.0000
354	0.6738	0.5000	0.8471	0.7628	0.2067	0.8056	33.8667	0.1283	2814.0000	712.0000	0.2530	2816.0000
355	0.6759	0.5000	0.8458	0.7694	0.2235	0.8043	34.0667	0.1326	2814.0000	723.0000	0.2569	2816.0000
356	0.6808	0.5000	0.8501	0.7745	0.2266	0.8123	33.8000	0.1296	2819.0000	695.0000	0.2465	2821.0000
357	0.6723	0.5000	0.8480	0.7713	0.2022	0.8035	33.6000	0.1339	2825.0000	713.0000	0.2524	2827.0000
358	0.6749	0.5000	0.8487	0.7758	0.2102	0.8075	33.7333	0.1300	2819.0000	712.0000	0.2526	2821.0000
359	0.6808	0.5000	0.8476	0.7761	0.2291	0.8146	33.7333	0.1254	2820.0000	704.0000	0.2496	2822.0000
360	0.6667	0.5000	0.8487	0.7705	0.2348	0.8060	33.6000	0.1331	2817.0000	704.0000	0.2499	2819.0000
361	0.6743	0.5000	0.8492	0.7710	0.2300	0.8117	33.6667	0.1317	2812.0000	699.0000	0.2486	2814.0000
362	0.6734	0.5000	0.8494	0.7810	0.2213	0.8068	33.8667	0.1305	2816.0000	712.0000	0.2528	2818.0000
363	0.6836	0.5000	0.8489	0.7834	0.2270	0.8166	33.9333	0.1265	2827.0000	694.0000	0.2455	2829.0000
364	0.6779	0.5000	0.8489	0.7822	0.2171	0.8175	33.8000	0.1235	2814.0000	689.0000	0.2448	2816.0000
365	0.6801	0.5000	0.8477	0.7774	0.2227	0.8126	33.7333	0.1285	2814.0000	705.0000	0.2505	2816.0000
366	0.6747	0.5000	0.8472	0.7688	0.2277	0.8049	33.6667	0.1323	2820.0000	713.0000	0.2528	2822.0000
367	0.6782	0.5000	0.8480	0.7772	0.2240	0.8109	33.8667	0.1284	2819.0000	701.0000	0.2487	2821.0000
368	0.6776	0.5000	0.8438	0.7658	0.2119	0.8105	34.0667	0.1276	2814.0000	711.0000	0.2527	2816.0000
369	0.6765	0.5000	0.8485	0.7790	0.2286	0.8103	33.9333	0.1276	2826.0000	710.0000	0.2512	2828.0000
370	0.6715	0.5000	0.8484	0.7679	0.2187	0.8044	33.5333	0.1314	2825.0000	716.0000	0.2535	2827.0000
371	0.6691	0.5000	0.8483	0.7666	0.2032	0.8010	33.4667	0.1331	2803.0000	713.0000	0.2544	2805.0000
372	0.6834	0.5000	0.8488	0.7754	0.2239	0.8207	33.8667	0.1208	2819.0000	686.0000	0.2433	2821.0000
373	0.6742	0.5000	0.8474	0.7677	0.2129	0.8048	33.8667	0.1309	2821.0000	712.0000	0.2524	2823.0000
374	0.6784	0.5000	0.8475	0.7756	0.2150	0.8078	34.0667	0.1303	2833.0000	726.0000	0.2563	2835.0000
375	0.6718	0.5000	0.8484	0.7724	0.2131	0.8069	33.7333	0.1287	2823.0000	703.0000	0.2490	2825.0000
376	0.6874	0.5000	0.8489	0.7882	0.2193	0.8201	33.6667	0.1247	2816.0000	685.0000	0.2433	2818.0000
377	0.6709	0.5000	0.8470	0.7825	0.2206	0.8117	33.6000	0.1306	2813.0000	706.0000	0.2510	2815.0000
378	0.6753	0.5000	0.8502	0.7752	0.2112	0.8107	33.7333	0.1291	2816.0000	699.0000	0.2482	2818.0000
379	0.6733	0.5000	0.8483	0.7795	0.2195	0.8096	34.0000	0.1307	2819.0000	710.0000	0.2519	2821.0000
380	0.6793	0.5000	0.8457	0.7736	0.2308	0.8076	33.7333	0.1290	2816.0000	704.0000	0.2500	2818.0000
381	0.6813	0.5000	0.8478	0.7614	0.2324	0.8094	33.6667	0.1291	2822.0000	705.0000	0.2498	2824.0000
382	0.6748	0.5000	0.8479	0.7676	0.2124	0.8067	33.7333	0.1317	2820.0000	707.0000	0.2507	2822.0000
383	0.6787	0.5000	0.8487	0.7822	0.2328	0.8102	33.8000	0.1325	2814.0000	703.0000	0.2498	2816.0000
384	0.6785	0.5000	0.8474	0.7730	0.2299	0.8129	33.8667	0.1289	2823.0000	705.0000	0.2497	2825.0000
385	0.6792	0.5000	0.8490	0.7900	0.2279	0.8095	33.7333	0.1317	2817.0000	706.0000	0.2506	2819.0000
386	0.6827	0.5000	0.8478	0.7727	0.2378	0.8109	33.8000	0.1297	2804.0000	686.0000	0.2447	2806.0000
387	0.6771	0.5000	0.8492	0.7646	0.2229	0.8099	33.7333	0.1282	2811.0000	702.0000	0.2497	2813.0000
388	0.6679	0.5000	0.8475	0.7762	0.2216	0.8048	33.5333	0.1318	2827.0000	705.0000	0.2494	2829.0000
389	0.6828	0.5000	0.8491	0.7716	0.2164	0.8074	33.7333	0.1298	2828.0000	709.0000	0.2507	2830.0000
390	0.6745	0.5000	0.8465	0.7824	0.2228	0.8068	33.8000	0.1296	2812.0000	702.0000	0.2496	2814.0000
391	0.6750	0.5000	0.8473	0.7736	0.2125	0.8123	34.1333	0.1242	2817.0000	696.0000	0.2471	2819.0000
392	0.6835	0.5000	0.8487	0.7716	0.2281	0.8128	33.6000	0.1284	2827.0000	705.0000	0.2494	2829.0000
393	0.6651	0.5000	0.8484	0.7754	0.2295	0.8060	33.8667	0.1360	2824.0000	712.0000	0.2521	2826.0000
394	0.6892	0.5000	0.8488	0.7822	0.2334	0.8166	33.6000	0.1258	2813.0000	689.0000	0.2449	2815.0000
395	0.6727	0.5000	0.8449	0.7659	0.2312	0.8006	33.7333	0.1349	2810.0000	707.0000	0.2516	2812.0000
396	0.6836	0.5000	0.8489	0.7647	0.2002	0.8073	33.6667	0.1304	2823.0000	705.0000	0.2497	2825.0000
397	0.6744	0.5000	0.8475	0.7867	0.2347	0.8143	33.7333	0.1287	2834.0000	697.0000	0.2459	2836.0000
398	0.6780	0.5000	0.8478	0.7788	0.2318	0.8068	33.8000	0.1341	2814.0000	714.0000	0.2537	2816.0000
399	0.6839	0.5000	0.8480	0.7813	0.2103	0.8194	33.8000	0.1215	2833.0000	691.0000	0.2439	2835.0000
400	0.6812	0.5000	0.8461	0.7738	0.2092	0.8048	33.9333	0.1330	2819.0000	716.0000	0.2540	2821.0000
401	0.6853	0.5000	0.8493	0.7741	0.2282	0.8116	33.9333	0.1315	2828.0000	711.0000	0.2514	2830.0000
402	0.6829	0.5000	0.8479	0.7718	0.2329	0.8114	33.4667	0.1318	2831.0000	697.0000	0.2462	2833.0000
403	0.6680	0.5000	0.8482	0.7708	0.2287	0.8010	33.8667	0.1379	2821.0000	720.0000	0.2552	2823.0000
404	0.6749	0.5000	0.8462	0.7790	0.2221	0.8085	33.7333	0.1312	2826.0000	712.0000	0.2519	2828.0000
405	0.6776	0.5000	0.8451	0.7807	0.2191	0.8098	34.0000	0.1296	2823.0000	720.0000	0.2550	2825.0000
406	0.6755	0.5000	0.8495	0.7686	0.2107	0.8041	33.8000	0.1348	2817.0000	715.0000	0.2538	2819.0000
407	0.6592	0.5000	0.8492	0.7758	0.2423	0.7977	33.8000	0.1431	2822.0000	732.0000	0.2594	2824.0000
408	0.6776	0.5000	0.8479	0.7715	0.1996	0.8119	33.6000	0.1263	2821.0000	697.0000	0.2471	2823.0000
409	0.6782	0.5000	0.8496	0.7727	0.2241	0.8089	33.7333	0.1317	2817.0000	704.0000	0.2499	2819.0000
410	0.6768	0.5000	0.8497	0.7743	0.2209	0.8098	33.8000	0.1271	2817.0000	697.0000	0.2474	2819.0000
411	0.6789	0.5000	0.8491	0.7717	0.2221	0.8054	34.0000	0.1365	2800.0000	702.0000	0.2507	2802.0000
412	0.6750	0.5000	0.8482	0.7726	0.2322	0.8055	34.0000	0.1332	2813.0000	707.0000	0.2513	2815.0000
413	0.6756	0.5000	0.8508	0.7891	0.2212	0.8039	34.0000	0.1391	2833.0000	724.0000	0.2556	2835.0000
414	0.6864	0.5000	0.8486	0.7765	0.2297	0.8192	33.8000	0.1223	2820.0000	680.0000	0.2411	2822.0000
415	0.6753	0.5000	0.8488	0.7756	0.2298	0.8082	33.6667	0.1318	2828.0000	717.0000	0.2535	2830.0000
416	0.6817	0.5000	0.8465	0.7712	0.2070	0.8113	34.0667	0.1257	2826.0000	689.0000	0.2438	2828.0000
417	0.6868	0.5000	0.8476	0.7781	0.2227	0.8170	33.8000	0.1211	2827.0000	685.0000	0.2423	2829.0000
418	0.6929	0.5000	0.8485	0.7741	0.2264	0.8171	33.6667	0.1214	2830.0000	693.0000	0.2449	2832.0000
419	0.6774	0.5000	0.8485	0.7799	0.2274	0.8143	33.9333	0.1266	2825.0000	699.0000	0.2474	2827.0000
420	0.6779	0.5000	0.8490	0.7791	0.2277	0.8144	33.8000	0.1259	2819.0000	690.0000	0.2448	2821.0000
421	0.6777	0.5000	0.8491	0.7774	0.2082	0.8101	33.7333	0.1269	2820.0000	708.0000	0.2511	2822.0000
422	0.6690	0.5000	0.8495	0.7923	0.2130	0.8170	34.0000	0.1242	2813.0000	695.0000	0.2471	2815.0000
423	0.6826	0.5000	0.8487	0.7755	0.2069	0.8127	33.4667	0.1241	2822.0000	695.0000	0.2463	2824.0000
424	0.6706	0.5000	0.8478	0.7644	0.2130	0.8027	33.8000	0.1342	2824.0000	721.0000	0.2553	2826.0000
425	0.6813	0.5000	0.8498	0.7717	0.2379	0.8018	33.6667	0.1366	2819.0000	707.0000	0.2508	2821.0000
426	0.6702	0.5000	0.8488	0.7751	0.2228	0.8094	33.6667	0.1325	2827.0000	709.0000	0.2508	2829.0000
427	0.6853	0.5000	0.8479	0.7759	0.2286	0.8156	33.7333	0.1262	2811.0000	694.0000	0.2469	2813.0000
428	0.6571	0.5000	0.8481	0.7874	0.2154	0.8086	34.1333	0.1288	2805.0000	707.0000	0.2520	2807.0000
429	0.6836	0.5000	0.8477	0.7759	0.2196	0.8053	33.8667	0.1348	2819.0000	716.0000	0.2540	2821.0000
430	0.6787	0.5000	0.8471	0.7829	0.2254	0.8104	34.0000	0.1289	2815.0000	697.0000	0.2476	2817.0000
431	0.6742	0.5000	0.8498	0.7782	0.2164	0.8080	33.5333	0.1320	2815.0000	701.0000	0.2490	2817.0000
432	0.6871	0.5000	0.8479	0.7774	0.2243	0.8196	33.6000	0.1227	2823.0000	688.0000	0.2437	2825.0000
433	0.6792	0.5000	0.8483	0.7697	0.2344	0.8114	34.1333	0.1267	2812.0000	686.0000	0.2440	2814.0000
434	0.6847	0.5000	0.8473	0.7744	0.2098	0.8098	33.6667	0.1287	2825.0000	705.0000	0.2496	2827.0000
435	0.6825	0.5000	0.8495	0.7820	0.2318	0.8137	34.0000	0.1279	2826.0000	692.0000	0.2449	2828.0000
436	0.6753	0.5000	0.8470	0.7750	0.2311	0.8130	33.6000	0.1254	2819.0000	694.0000	0.2462	2821.0000
437	0.6765	0.5000	0.8487	0.7807	0.2207	0.8142	33.7333	0.1263	2828.0000	706.0000	0.2496	2830.0000
438	0.6726	0.5000	0.8464	0.7739	0.2241	0.8126	33.5333	0.1272	2826.0000	717.0000	0.2537	2828.0000
439	0.6776	0.5000	0.8493	0.7851	0.2240	0.8142	33.5333	0.1277	2806.0000	679.0000	0.2420	2808.0000
440	0.6868	0.5000	0.8486	0.7847	0.2226	0.8136	33.8000	0.1275	2820.0000	700.0000	0.2482	2822.0000
441	0.6714	0.5000	0.8477	0.7764	0.2139	0.8023	33.8667	0.1357	2803.0000	720.0000	0.2569	2805.0000
442	0.6735	0.5000	0.8471	0.7870	0.2235	0.8112	33.7333	0.1277	2828.0000	710.0000	0.2511	2830.0000
443	0.6754	0.5000	0.8492	0.7780	0.2158	0.8066	34.0000	0.1306	2821.0000	712.0000	0.2524	2823.0000
444	0.6684	0.5000	0.8492	0.7817	0.2063	0.7999	33.8667	0.1402	2824.0000	721.0000	0.2553	2826.0000
445	0.6800	0.5000	0.8492	0.7747	0.2241	0.8142	33.8000	0.1283	2815.0000	691.0000	0.2455	2817.0000
446	0.6805	0.5000	0.8503	0.7806	0.2404	0.8139	33.3333	0.1255	2817.0000	689.0000	0.2446	2819.0000
447	0.6754	0.5000	0.8503	0.7802	0.2238	0.8095	33.8000	0.1351	2838.0000	711.0000	0.2505	2840.0000
448	0.6826	0.5000	0.8474	0.7760	0.2214	0.8081	33.8667	0.1333	2810.0000	703.0000	0.2502	2812.0000
449	0.6755	0.5000	0.8456	0.7804	0.2283	0.8054	33.6667	0.1342	2818.0000	710.0000	0.2520	2820.0000
450	0.6709	0.5000	0.8485	0.7813	0.2254	0.8105	33.8667	0.1303	2816.0000	700.0000	0.2486	2818.0000
451	0.6793	0.5000	0.8482	0.7768	0.2113	0.8130	34.0000	0.1265	2832.0000	704.0000	0.2486	2834.0000
452	0.6794	0.5000	0.8479	0.7832	0.2270	0.8095	34.1333	0.1300	2806.0000	694.0000	0.2473	2808.0000
453	0.6860	0.5000	0.8503	0.7870	0.2295	0.8201	33.7333	0.1246	2831.0000	689.0000	0.2434	2833.0000
454	0.6818	0.5000	0.8483	0.7797	0.2311	0.8137	33.7333	0.1272	2836.0000	695.0000	0.2451	2838.0000
455	0.6775	0.5000	0.8491	0.7773	0.2145	0.8143	33.6000	0.1261	2822.0000	694.0000	0.2459	2824.0000
456	0.6662	0.5000	0.8497	0.7816	0.2187	0.8066	33.8000	0.1332	2828.0000	716.0000	0.2532	2830.0000
457	0.6672	0.5000	0.8490	0.7739	0.2070	0.7977	33.6000	0.1412	2805.0000	728.0000	0.2595	2807.0000
458	0.6749	0.5000	0.8488	0.7789	0.2212	0.8109	33.8667	0.1308	2821.0000	702.0000	0.2488	2823.0000
459	0.6625	0.5000	0.8490	0.7798	0.2238	0.8051	33.8000	0.1358	2843.0000	716.0000	0.2518	2845.0000
460	0.6736	0.5000	0.8503	0.7788	0.2118	0.8129	33.6667	0.1260	2820.0000	704.0000	0.2496	2822.0000
461	0.6746	0.5000	0.8493	0.7838	0.2127	0.8076	33.8667	0.1323	2811.0000	712.0000	0.2533	2813.0000
462	0.6828	0.5000	0.8482	0.7711	0.2247	0.8111	33.8000	0.1258	2838.0000	701.0000	0.2470	2840.0000
463	0.6733	0.5000	0.8491	0.7764	0.2091	0.8116	33.6000	0.1282	2827.0000	714.0000	0.2526	2829.0000
464	0.6810	0.5000	0.8463	0.7779	0.2149	0.8204	33.8667	0.1192	2815.0000	685.0000	0.2433	2817.0000
465	0.6800	0.5000	0.8496	0.7758	0.2217	0.8131	33.8667	0.1286	2832.0000	698.0000	0.2465	2834.0000
466	0.6710	0.5000	0.8484	0.7751	0.2286	0.8029	34.1333	0.1357	2825.0000	722.0000	0.2556	2827.0000
467	0.6714	0.5000	0.8472	0.7844	0.2201	0.8083	33.8667	0.1324	2823.0000	708.0000	0.2508	2825.0000
468	0.6893	0.5000	0.8498	0.7791	0.2301	0.8211	33.6000	0.1206	2819.0000	689.0000	0.2444	2821.0000
469	0.6740	0.5000	0.8496	0.7791	0.2031	0.8102	33.6667	0.1279	2823.0000	696.0000	0.2465	2825.0000
470	0.6798	0.5000	0.8468	0.7743	0.2235	0.8131	33.4667	0.1257	2805.0000	698.0000	0.2488	2807.0000
471	0.6717	0.5000	0.8476	0.7658	0.2047	0.8043	33.8000	0.1333	2826.0000	711.0000	0.2516	2828.0000
472	0.6767	0.5000	0.8483	0.7828	0.2224	0.8148	33.5333	0.1258	2814.0000	690.0000	0.2452	2816.0000
473	0.6798	0.5000	0.8489	0.7768	0.2051	0.8052	33.7333	0.1310	2834.0000	727.0000	0.2565	2836.0000
474	0.6827	0.5000	0.8475	0.7756	0.2185	0.8049	33.7333	0.1360	2815.0000	707.0000	0.2512	2817.0000
475	0.6731	0.5000	0.8495	0.7800	0.2224	0.8116	34.2667	0.1306	2822.0000	706.0000	0.2502	2824.0000
476	0.6852	0.5000	0.8500	0.7849	0.2284	0.8159	34.0667	0.1238	2815.0000	691.0000	0.2455	2817.0000
477	0.6650	0.5000	0.8490	0.7704	0.2301	0.8032	33.4000	0.1343	2822.0000	721.0000	0.2555	2824.0000
478	0.6789	0.5000	0.8467	0.7788	0.2232	0.8106	33.7333	0.1276	2819.0000	694.0000	0.2462	2821.0000
479	0.6824	0.5000	0.8455	0.7768	0.2277	0.8019	33.6667	0.1319	2810.0000	716.0000	0.2548	2812.0000
480	0.6774	0.5000	0.8483	0.7800	0.2115	0.8062	33.8667	0.1354	2815.0000	705.0000	0.2504	2817.0000
481	0.6645	0.5000	0.8496	0.7804	0.2208	0.8053	33.7333	0.1335	2823.0000	717.0000	0.2540	2825.0000
482	0.6808	0.5000	0.8483	0.7738	0.2302	0.8054	33.7333	0.1333	2825.0000	718.0000	0.2542	2827.0000
483	0.6790	0.5000	0.8472	0.7753	0.2170	0.8119	33.8000	0.1286	2817.0000	701.0000	0.2488	2819.0000
484	0.6846	0.5000	0.8483	0.7698	0.2226	0.8135	33.9333	0.1259	2851.0000	710.0000	0.2490	2853.0000
485	0.6853	0.5000	0.8495	0.7838	0.2252	0.8125	33.7333	0.1279	2806.0000	696.0000	0.2480	2808.0000
486	0.6785	0.5000	0.8498	0.7816	0.2261	0.8121	33.6667	0.1293	2838.0000	691.0000	0.2435	2840.0000
487	0.6770	0.5000	0.8489	0.7644	0.2139	0.8082	33.9333	0.1275	2827.0000	716.0000	0.2533	2829.0000
488	0.6746	0.5000	0.8504	0.7858	0.2284	0.8144	33.6667	0.1292	2829.0000	699.0000	0.2471	2831.0000
489	0.6850	0.5000	0.8496	0.7808	0.2267	0.8116	33.4000	0.1301	2821.0000	698.0000	0.2474	2823.0000
490	0.6713	0.5000	0.8486	0.7839	0.2331	0.8079	33.7333	0.1342	2824.0000	703.0000	0.2489	2826.0000
491	0.6753	0.5000	0.8489	0.7775	0.2253	0.8181	33.8000	0.1235	2810.0000	692.0000	0.2463	2812.0000
492	0.6640	0.5000	0.8485	0.7732	0.2186	0.8075	33.9333	0.1294	2826.0000	711.0000	0.2516	2828.0000
493	0.6788	0.5000	0.8471	0.7774	0.2207	0.8111	33.4667	0.1277	2815.0000	710.0000	0.2522	2817.0000
494	0.6696	0.5000	0.8494	0.7740	0.2216	0.8145	33.9333	0.1256	2826.0000	698.0000	0.2470	2828.0000
495	0.6710	0.5000	0.8483	0.7766	0.2298	0.8090	33.8000	0.1314	2810.0000	710.0000	0.2527	2812.0000
496	0.6679	0.5000	0.8471	0.7626	0.2241	0.8025	33.5333	0.1360	2815.0000	713.0000	0.2533	2817.0000
497	0.6804	0.5000	0.8479	0.7774	0.2353	0.8105	33.5333	0.1299	2813.0000	701.0000	0.2492	2815.0000
498	0.6721	0.5000	0.8480	0.7705	0.2302	0.8040	33.8000	0.1347	2828.0000	718.0000	0.2539	2830.0000
499	0.6774	0.5000	0.8489	0.7645	0.2185	0.8065	33.4000	0.1293	2836.0000	720.0000	0.2539	2838.0000
500	0.6693	0.5000	0.8480	0.7703	0.2145	0.8069	33.6667	0.1307	2816.0000	720.0000	0.2557	2818.0000
501	0.6831	0.5000	0.8482	0.7777	0.2294	0.8042	33.6000	0.1343	2826.0000	708.0000	0.2505	2828.0000
502	0.6691	0.5000	0.8475	0.7828	0.2352	0.8063	33.9333	0.1334	2820.0000	703.0000	0.2493	2822.0000
503	0.6819	0.5000	0.8488	0.7740	0.2399	0.8105	33.6000	0.1325	2817.0000	698.0000	0.2478	2819.0000
504	0.6771	0.5000	0.8507	0.7824	0.2317	0.8090	33.7333	0.1334	2828.0000	710.0000	0.2511	2830.0000
505	0.6831	0.5000	0.8467	0.7767	0.2243	0.8070	33.9333	0.1310	2825.0000	705.0000	0.2496	2827.0000
506	0.6809	0.5000	0.8502	0.7720	0.2127	0.8136	33.7333	0.1261	2832.0000	707.0000	0.2496	2834.0000
507	0.6776	0.5000	0.8483	0.7761	0.2162	0.8076	33.7333	0.1321	2825.0000	721.0000	0.2552	2827.0000
508	0.6804	0.5000	0.8497	0.7669	0.2348	0.8093	33.6667	0.1308	2826.0000	702.0000	0.2484	2828.0000
509	0.6752	0.5000	0.8439	0.7730	0.2111	0.8041	34.0000	0.1336	2819.0000	721.0000	0.2558	2821.0000
510	0.6782	0.5000	0.8484	0.7792	0.2113	0.8086	33.4667	0.1305	2815.0000	704.0000	0.2501	2817.0000
511	0.6706	0.5000	0.8490	0.7670	0.2002	0.8066	34.0000	0.1282	2818.0000	704.0000	0.2498	2820.0000
512	0.6863	0.5000	0.8480	0.7789	0.2268	0.8195	33.9333	0.1231	2824.0000	679.0000	0.2404	2826.0000
513	0.6815	0.5000	0.8476	0.7756	0.2285	0.8076	33.9333	0.1331	2818.0000	703.0000	0.2495	2820.0000
514	0.6602	0.5000	0.8496	0.7758	0.2281	0.8021	33.6667	0.1377	2817.0000	714.0000	0.2535	2819.0000
515	0.6833	0.5000	0.8482	0.7735	0.2224	0.8127	33.5333	0.1278	2820.0000	704.0000	0.2496	2822.0000
516	0.6756	0.5000	0.8475	0.7723	0.2003	0.8077	33.9333	0.1266	2817.0000	708.0000	0.2513	2819.0000
517	0.6815	0.5000	0.8479	0.7823	0.2261	0.8208	34.0667	0.1200	2818.0000	688.0000	0.2441	2820.0000
518	0.6849	0.5000	0.8491	0.7828	0.2144	0.8190	33.4667	0.1206	2828.0000	678.0000	0.2397	2830.0000
519	0.6687	0.5000	0.8490	0.7712	0.2236	0.8068	33.8000	0.1348	2829.0000	704.0000	0.2489	2831.0000
520	0.6749	0.5000	0.8479	0.7696	0.2115	0.8097	33.7333	0.1303	2825.0000	706.0000	0.2499	2827.0000
521	0.6831	0.5000	0.8479	0.7788	0.2314	0.8177	33.7333	0.1238	2819.0000	694.0000	0.2462	2821.0000
522	0.6725	0.5000	0.8476	0.7720	0.2055	0.8091	34.0667	0.1267	2828.0000	713.0000	0.2521	2830.0000
523	0.6787	0.5000	0.8473	0.7691	0.2305	0.8061	33.6667	0.1313	2825.0000	695.0000	0.2460	2827.0000
524	0.6766	0.5000	0.8471	0.7724	0.2316	0.8151	33.6667	0.1245	2824.0000	701.0000	0.2482	2826.0000
525	0.6770	0.5000	0.8471	0.7773	0.2154	0.8156	33.7333	0.1226	2827.0000	695.0000	0.2458	2829.0000
526	0.6806	0.5000	0.8494	0.7722	0.2151	0.8138	34.1333	0.1259	2798.0000	691.0000	0.2470	2800.0000
527	0.6737	0.5000	0.8483	0.7764	0.2145	0.8069	33.9333	0.1330	2823.0000	714.0000	0.2529	2825.0000
528	0.6732	0.5000	0.8474	0.7880	0.2470	0.8108	33.5333	0.1284	2820.0000	679.0000	0.2408	2822.0000
529	0.6764	0.5000	0.8471	0.7725	0.2237	0.8065	33.8000	0.1321	2821.0000	715.0000	0.2535	2823.0000
530	0.6813	0.5000	0.8462	0.7807	0.2223	0.8154	33.8667	0.1241	2807.0000	689.0000	0.2455	2809.0000
531	0.6852	0.5000	0.8467	0.7669	0.2262	0.8052	33.7333	0.1342	2812.0000	717.0000	0.2550	2814.0000
532	0.6877	0.5000	0.8484	0.7828	0.2338	0.8150	33.8667	0.1275	2820.0000	701.0000	0.2486	2822.0000
533	0.6759	0.5000	0.8487	0.7831	0.2217	0.8101	33.6000	0.1318	2822.0000	711.0000	0.2519	2824.0000
534	0.6684	0.5000	0.8485	0.7786	0.2302	0.8036	33.8000	0.1358	2812.0000	715.0000	0.2543	2814.0000
535	0.6827	0.5000	0.8471	0.7763	0.2269	0.8119	33.8667	0.1272	2816.0000	691.0000	0.2454	2818.0000
536	0.6885	0.5000	0.8472	0.7696	0.2308	0.8181	33.6667	0.1200	2827.0000	701.0000	0.2480	2829.0000
537	0.6777	0.5000	0.8496	0.7835	0.2275	0.8171	34.0000	0.1240	2823.0000	692.0000	0.2451	2825.0000
538	0.6720	0.5000	0.8483	0.7646	0.2149	0.8055	33.6000	0.1315	2808.0000	720.0000	0.2564	2810.0000
539	0.6795	0.5000	0.8466	0.7697	0.2246	0.8019	33.4667	0.1361	2812.0000	726.0000	0.2582	2814.0000
540	0.6778	0.5000	0.8483	0.7756	0.2286	0.8078	33.9333	0.1305	2818.0000	708.0000	0.2512	2820.0000
541	0.6837	0.5000	0.8490	0.7911	0.2267	0.8139	33.7333	0.1286	2815.0000	682.0000	0.2423	2817.0000
542	0.6735	0.5000	0.8492	0.7755	0.2199	0.8077	33.8000	0.1285	2818.0000	706.0000	0.2505	2820.0000
543	0.6869	0.5000	0.8477	0.7745	0.2315	0.8066	33.8667	0.1332	2799.0000	702.0000	0.2508	2801.0000
544	0.6826	0.5000	0.8455	0.7880	0.2143	0.8107	33.6667	0.1292	2821.0000	688.0000	0.2439	2823.0000
545	0.6822	0.5000	0.8480	0.7747	0.2320	0.8079	33.8667	0.1300	2818.0000	697.0000	0.2473	2820.0000
546	0.6854	0.5000	0.8464	0.7692	0.2163	0.8107	33.7333	0.1275	2823.0000	689.0000	0.2441	2825.0000
547	0.6856	0.5000	0.8477	0.7709	0.2210	0.8136	33.7333	0.1242	2821.0000	697.0000	0.2471	2823.0000
548	0.6766	0.5000	0.8452	0.7770	0.2247	0.8105	33.5333	0.1284	2808.0000	709.0000	0.2525	2810.0000
549	0.6751	0.5000	0.8459	0.7686	0.2122	0.8085	33.6667	0.1292	2809.0000	702.0000	0.2499	2811.0000
550	0.6749	0.5000	0.8505	0.7732	0.2176	0.8128	33.5333	0.1249	2815.0000	706.0000	0.2508	2817.0000
551	0.6786	0.5000	0.8478	0.7734	0.2267	0.8094	33.8667	0.1284	2809.0000	709.0000	0.2524	2811.0000
552	0.6775	0.5000	0.8500	0.7805	0.2210	0.8175	33.9333	0.1240	2814.0000	681.0000	0.2420	2816.0000
553	0.6805	0.5000	0.8476	0.7781	0.2273	0.8076	33.7333	0.1350	2829.0000	708.0000	0.2503	2831.0000
554	0.6868	0.5000	0.8499	0.7817	0.2365	0.8152	33.9333	0.1256	2826.0000	691.0000	0.2445	2828.0000
555	0.6765	0.5000	0.8492	0.7694	0.2282	0.8066	33.4667	0.1329	2821.0000	718.0000	0.2545	2823.0000
556	0.6700	0.5000	0.8488	0.7835	0.2343	0.8101	33.6667	0.1301	2824.0000	702.0000	0.2486	2826.0000
557	0.6728	0.5000	0.8480	0.7695	0.2274	0.8065	34.0000	0.1312	2823.0000	710.0000	0.2515	2825.0000
558	0.6779	0.5000	0.8476	0.7786	0.2222	0.8075	33.8000	0.1328	2807.0000	707.0000	0.2519	2809.0000
559	0.6809	0.5000	0.8477	0.7808	0.2136	0.8061	33.8667	0.1302	2828.0000	711.0000	0.2514	2830.0000
560	0.6796	0.5000	0.8480	0.7695	0.2209	0.8033	34.0000	0.1339	2819.0000	723.0000	0.2565	2821.0000
561	0.6728	0.5000	0.8495	0.7763	0.2240	0.8101	33.9333	0.1305	2826.0000	715.0000	0.2530	2828.0000
562	0.6729	0.5000	0.8497	0.7789	0.2352	0.8116	34.0000	0.1287	2815.0000	704.0000	0.2501	2817.0000
563	0.6846	0.5000	0.8475	0.7802	0.2194	0.8157	33.8667	0.1255	2821.0000	694.0000	0.2460	2823.0000
564	0.6754	0.5000	0.8482	0.7776	0.2184	0.8129	33.6667	0.1278	2838.0000	710.0000	0.2502	2840.0000
565	0.6705	0.5000	0.8494	0.7755	0.2091	0.7994	33.7333	0.1382	2815.0000	720.0000	0.2558	2817.0000
566	0.6735	0.5000	0.8485	0.7748	0.2192	0.8146	33.5333	0.1245	2813.0000	689.0000	0.2449	2815.0000
567	0.6747	0.5000	0.8496	0.7726	0.2247	0.8070	34.0000	0.1350	2831.0000	717.0000	0.2533	2833.0000
568	0.6783	0.5000	0.8494	0.7721	0.2253	0.8118	33.6000	0.1277	2825.0000	703.0000	0.2488	2827.0000
569	0.6790	0.5000	0.8483	0.7757	0.2032	0.8113	33.9333	0.1279	2824.0000	702.0000	0.2486	2826.0000
570	0.6761	0.5000	0.8486	0.7721	0.2373	0.8127	33.5333	0.1308	2828.0000	695.0000	0.2458	2830.0000
571	0.6757	0.5000	0.8483	0.7909	0.2317	0.8127	33.8000	0.1276	2810.0000	690.0000	0.2456	2812.0000
572	0.6784	0.5000	0.8461	0.7687	0.2130	0.8106	33.9333	0.1276	2830.0000	703.0000	0.2484	2832.0000
573	0.6731	0.5000	0.8504	0.7713	0.2096	0.8054	33.7333	0.1320	2815.0000	721.0000	0.2561	2817.0000
574	0.6732	0.5000	0.8497	0.7709	0.2302	0.8072	33.8000	0.1321	2796.0000	704.0000	0.2518	2798.0000
575	0.6826	0.5000	0.8490	0.7796	0.2066	0.8132	33.7333	0.1270	2819.0000	687.0000	0.2437	2821.0000
576	0.6760	0.5000	0.8463	0.7691	0.2251	0.8086	33.8667	0.1287	2815.0000	708.0000	0.2515	2817.0000
577	0.6783	0.5000	0.8485	0.7813	0.2275	0.8166	34.0000	0.1270	2832.0000	703.0000	0.2482	2834.0000
578	0.6849	0.5000	0.8485	0.7779	0.2222	0.8111	33.6667	0.1274	2831.0000	701.0000	0.2476	2833.0000
579	0.6858	0.5000	0.8462	0.7691	0.2258	0.8126	33.8667	0.1265	2819.0000	698.0000	0.2476	2821.0000
580	0.6783	0.5000	0.8496	0.7741	0.2111	0.8107	33.8667	0.1253	2830.0000	698.0000	0.2466	2832.0000
581	0.6833	0.5000	0.8485	0.7777	0.2314	0.8164	33.8667	0.1265	2808.0000	699.0000	0.2489	2810.0000
582	0.6734	0.5000	0.8493	0.7796	0.2040	0.8089	33.8667	0.1322	2826.0000	711.0000	0.2516	2828.0000
583	0.6782	0.5000	0.8472	0.7674	0.2193	0.8098	33.9333	0.1273	2822.0000	707.0000	0.2505	2824.0000
584	0.6740	0.5000	0.8481	0.7848	0.2008	0.8113	34.0667	0.1244	2834.0000	700.0000	0.2470	2836.0000
585	0.6750	0.5000	0.8480	0.7768	0.2164	0.8132	33.9333	0.1265	2824.0000	699.0000	0.2475	2826.0000
586	0.6735	0.5000	0.8464	0.7654	0.2120	0.8049	33.7333	0.1295	2818.0000	710.0000	0.2520	2820.0000
587	0.6836	0.5000	0.8498	0.7756	0.2132	0.8138	33.8667	0.1255	2825.0000	702.0000	0.2485	2827.0000
588	0.6840	0.5000	0.8479	0.7766	0.2238	0.8074	34.0000	0.1294	2835.0000	720.0000	0.2540	2837.0000
589	0.6850	0.5000	0.8492	0.7837	0.2170	0.8195	33.8667	0.1215	2823.0000	699.0000	0.2476	2825.0000
590	0.6870	0.5000	0.8488	0.7703	0.2181	0.8134	33.6667	0.1240	2828.0000	701.0000	0.2479	2830.0000
591	0.6806	0.5000	0.8485	0.7680	0.2265	0.8105	33.6000	0.1305	2836.0000	707.0000	0.2493	2838.0000
592	0.6841	0.5000	0.8474	0.7766	0.2059	0.8137	33.6000	0.1256	2837.0000	698.0000	0.2460	2839.0000
593	0.6765	0.5000	0.8494	0.7822	0.2328	0.8186	33.8000	0.1221	2818.0000	690.0000	0.2449	2820.0000
594	0.6826	0.5000	0.8484	0.7773	0.2127	0.8097	33.6000	0.1299	2829.0000	710.0000	0.2510	2831.0000
595	0.6709	0.5000	0.8493	0.7915	0.2276	0.8186	34.0667	0.1226	2817.0000	686.0000	0.2435	2819.0000
596	0.6746	0.5000	0.8488	0.7619	0.2105	0.8079	33.6000	0.1288	2822.0000	710.0000	0.2516	2824.0000
597	0.6761	0.5000	0.8487	0.7746	0.2172	0.8110	33.6667	0.1284	2824.0000	685.0000	0.2426	2826.0000
598	0.6720	0.5000	0.8491	0.7687	0.2122	0.8018	33.5333	0.1346	2837.0000	726.0000	0.2559	2839.0000
599	0.6804	0.5000	0.8465	0.7829	0.2297	0.8107	33.4667	0.1301	2824.0000	703.0000	0.2489	2826.0000
600	0.6783	0.5000	0.8489	0.7701	0.2300	0.8146	33.8000	0.1256	2823.0000	695.0000	0.2462	2825.0000
601	0.6845	0.5000	0.8470	0.7806	0.2238	0.8117	33.7333	0.1291	2822.0000	695.0000	0.2463	2824.0000
602	0.6761	0.5000	0.8478	0.7888	0.2175	0.8174	33.8667	0.1240	2843.0000	691.0000	0.2431	2845.0000
603	0.6730	0.5000	0.8468	0.7731	0.2217	0.8052	33.7333	0.1320	2815.0000	702.0000	0.2494	2817.0000
604	0.6684	0.5000	0.8502	0.7770	0.2295	0.8027	33.5333	0.1378	2807.0000	712.0000	0.2537	2809.0000
605	0.6781	0.5000	0.8480	0.7748	0.2049	0.8077	33.8667	0.1272	2825.0000	710.0000	0.2513	2827.0000
606	0.6797	0.5000	0.8487	0.7782	0.2277	0.8098	33.6000	0.1275	2833.0000	693.0000	0.2446	2835.0000
607	0.6670	0.5000	0.8484	0.7759	0.2214	0.8039	34.0667	0.1332	2819.0000	716.0000	0.2540	2821.0000
608	0.6719	0.5000	0.8462	0.7736	0.2269	0.8076	33.6000	0.1312	2820.0000	711.0000	0.2521	2822.0000
609	0.6758	0.5000	0.8483	0.7807	0.2257	0.8090	33.7333	0.1317	2814.0000	711.0000	0.2527	2816.0000
610	0.6770	0.5000	0.8476	0.7688	0.2040	0.8026	33.8667	0.1297	2828.0000	723.0000	0.2557	2830.0000
611	0.6850	0.5000	0.8469	0.7768	0.2285	0.8163	33.8000	0.1249	2818.0000	707.0000	0.2509	2820.0000
612	0.6813	0.5000	0.8475	0.7632	0.2187	0.8095	34.1333	0.1286	2823.0000	705.0000	0.2497	2825.0000
613	0.6772	0.5000	0.8484	0.7692	0.2146	0.8078	33.8667	0.1302	2824.0000	715.0000	0.2532	2826.0000
614	0.6722	0.5000	0.8487	0.7615	0.2168	0.8042	33.6000	0.1316	2830.0000	728.0000	0.2572	2832.0000
615	0.6703	0.5000	0.8486	0.7677	0.2084	0.8077	33.8667	0.1292	2809.0000	706.0000	0.2513	2811.0000
616	0.6847	0.5000	0.8495	0.7825	0.2367	0.8155	33.9333	0.1289	2830.0000	696.0000	0.2459	2832.0000
617	0.6815	0.5000	0.8479	0.7828	0.2326	0.8157	33.8667	0.1243	2812.0000	686.0000	0.2440	2814.0000
618	0.6853	0.5000	0.8485	0.7826	0.2216	0.8182	33.8667	0.1228	2834.0000	692.0000	0.2442	2836.0000
619	0.6834	0.5000	0.8500	0.7783	0.2144	0.8155	33.4667	0.1259	2828.0000	701.0000	0.2479	2830.0000
620	0.6856	0.5000	0.8485	0.7802	0.2241	0.8148	34.0000	0.1264	2814.0000	696.0000	0.2473	2816.0000
621	0.6800	0.5000	0.8492	0.7780	0.2241	0.8029	33.7333	0.1356	2813.0000	707.0000	0.2513	2815.0000
622	0.6772	0.5000	0.8470	0.7778	0.2229	0.8097	33.7333	0.1307	2813.0000	711.0000	0.2528	2815.0000
623	0.6750	0.5000	0.8492	0.7721	0.2335	0.8058	33.7333	0.1317	2830.0000	719.0000	0.2541	2832.0000
624	0.6682	0.5000	0.8496	0.7805	0.2397	0.8071	33.9333	0.1339	2828.0000	709.0000	0.2507	2830.0000
625	0.6741	0.5000	0.8489	0.7722	0.2151	0.8055	33.8667	0.1352	2829.0000	717.0000	0.2534	2831.0000
626	0.6785	0.5000	0.8467	0.7851	0.2234	0.8108	33.7333	0.1261	2825.0000	704.0000	0.2492	2827.0000
627	0.6756	0.5000	0.8494	0.7724	0.2251	0.8131	33.8000	0.1271	2813.0000	703.0000	0.2499	2815.0000
628	0.6652	0.5000	0.8483	0.7788	0.1985	0.8031	33.8667	0.1326	2827.0000	723.0000	0.2557	2829.0000
629	0.6697	0.5000	0.8466	0.7754	0.2089	0.8016	33.6667	0.1377	2821.0000	724.0000	0.2566	2823.0000
630	0.6762	0.5000	0.8505	0.7745	0.2280	0.8114	33.6667	0.1285	2834.0000	706.0000	0.2491	2836.0000
631	0.6786	0.5000	0.8483	0.7666	0.2222	0.8158	33.8667	0.1238	2830.0000	694.0000	0.2452	2832.0000
632	0.6787	0.5000	0.8472	0.7684	0.2153	0.8085	33.7333	0.1297	2830.0000	702.0000	0.2481	2832.0000
633	0.6701	0.5000	0.8495	0.7719	0.2194	0.8109	33.8000	0.1269	2825.0000	708.0000	0.2506	2827.0000
634	0.6734	0.5000	0.8495	0.7800	0.2095	0.8126	33.8667	0.1271	2824.0000	692.0000	0.2450	2826.0000
635	0.6817	0.5000	0.8463	0.7823	0.2290	0.8145	34.0000	0.1274	2821.0000	696.0000	0.2467	2823.0000
636	0.6625	0.5000	0.8486	0.7660	0.2010	0.7969	33.8667	0.1378	2822.0000	732.0000	0.2594	2824.0000
637	0.6838	0.5000	0.8469	0.7701	0.2029	0.8140	33.6667	0.1250	2824.0000	687.0000	0.2433	2826.0000
638	0.6782	0.5000	0.8474	0.7803	0.2286	0.8129	33.8000	0.1267	2832.0000	704.0000	0.2486	2834.0000
639	0.6721	0.5000	0.8456	0.7866	0.2222	0.8106	33.5333	0.1314	2808.0000	702.0000	0.2500	2810.0000
640	0.6771	0.5000	0.8485	0.7732	0.2325	0.8049	33.7333	0.1335	2822.0000	706.0000	0.2502	2824.0000
641	0.6866	0.5000	0.8481	0.7801	0.2306	0.8101	33.8000	0.1291	2818.0000	695.0000	0.2466	2820.0000
642	0.6886	0.5000	0.8477	0.7902	0.2296	0.8167	33.8000	0.1268	2818.0000	692.0000	0.2456	2820.0000
643	0.6772	0.5000	0.8475	0.7837	0.2313	0.8160	33.6000	0.1274	2812.0000	684.0000	0.2432	2814.0000
644	0.6754	0.5000	0.8482	0.7778	0.2157	0.8094	33.5333	0.1298	2815.0000	704.0000	0.2501	2817.0000
645	0.6804	0.5000	0.8478	0.7884	0.2221	0.8136	33.7333	0.1276	2805.0000	692.0000	0.2467	2807.0000
646	0.6801	0.5000	0.8491	0.7865	0.2286	0.8137	33.5333	0.1301	2815.0000	686.0000	0.2437	2817.0000
647	0.6799	0.5000	0.8471	0.7695	0.2283	0.8143	33.6667	0.1232	2820.0000	695.0000	0.2465	2822.0000
648	0.6659	0.5000	0.8455	0.7670	0.2113	0.8020	33.9333	0.1326	2817.0000	726.0000	0.2577	2819.0000
649	0.6728	0.5000	0.8477	0.7603	0.2168	0.8055	33.8667	0.1308	2825.0000	712.0000	0.2520	2827.0000
650	0.6725	0.5000	0.8498	0.7654	0.2226	0.8013	33.7333	0.1346	2813.0000	707.0000	0.2513	2815.0000
651	0.6703	0.5000	0.8467	0.7777	0.2133	0.8074	33.6667	0.1299	2824.0000	705.0000	0.2496	2826.0000
652	0.6709	0.5000	0.8471	0.7758	0.2268	0.8031	33.8000	0.1340	2808.0000	715.0000	0.2546	2810.0000
653	0.6871	0.5000	0.8481	0.7677	0.2171	0.8125	33.7333	0.1241	2801.0000	698.0000	0.2492	2803.0000
654	0.6780	0.5000	0.8493	0.7749	0.2306	0.8036	34.0000	0.1357	2837.0000	717.0000	0.2527	2839.0000
655	0.6838	0.5000	0.8454	0.7788	0.2234	0.8136	33.7333	0.1261	2813.0000	686.0000	0.2439	2815.0000
656	0.6739	0.5000	0.8484	0.7836	0.2176	0.8099	33.8000	0.1308	2820.0000	696.0000	0.2468	2822.0000
657	0.6812	0.5000	0.8487	0.7850	0.2298	0.8144	34.1333	0.1289	2824.0000	693.0000	0.2454	2826.0000
658	0.6798	0.5000	0.8467	0.7749	0.2287	0.8082	33.9333	0.1310	2808.0000	707.0000	0.2518	2810.0000
659	0.6717	0.5000	0.8487	0.7781	0.2203	0.8078	33.8667	0.1295	2821.0000	712.0000	0.2524	2823.0000
660	0.6737	0.5000	0.8491	0.7867	0.2159	0.8119	33.7333	0.1303	2823.0000	707.0000	0.2504	2825.0000
661	0.6833	0.5000	0.8493	0.7719	0.2131	0.8132	33.6000	0.1244	2801.0000	697.0000	0.2488	2803.0000
662	0.6736	0.5000	0.8467	0.7723	0.2288	0.8089	34.0667	0.1282	2822.0000	718.0000	0.2544	2824.0000
663	0.6687	0.5000	0.8493	0.7866	0.2250	0.8120	33.7333	0.1288	2814.0000	700.0000	0.2488	2816.0000
664	0.6739	0.5000	0.8477	0.7759	0.2286	0.8123	33.8000	0.1276	2829.0000	709.0000	0.2506	2831.0000
665	0.6822	0.5000	0.8471	0.7865	0.2266	0.8148	33.8000	0.1267	2817.0000	695.0000	0.2467	2819.0000
666	0.6714	0.5000	0.8492	0.7784	0.2288	0.8120	33.6000	0.1283	2814.0000	712.0000	0.2530	2816.0000
667	0.6678	0.5000	0.8492	0.7784	0.2297	0.8069	34.0667	0.1347	2826.0000	711.0000	0.2516	2828.0000
668	0.6848	0.5000	0.8482	0.7810	0.2229	0.8097	33.8000	0.1282	2830.0000	700.0000	0.2473	2832.0000
669	0.6813	0.5000	0.8477	0.7806	0.2226	0.8108	33.8667	0.1293	2830.0000	705.0000	0.2491	2832.0000
670	0.6865	0.5000	0.8481	0.7810	0.2320	0.8145	33.7333	0.1279	2820.0000	683.0000	0.2422	2822.0000
671	0.6793	0.5000	0.8492	0.7660	0.2195	0.8093	33.5333	0.1308	2830.0000	699.0000	0.2470	2832.0000
672	0.6732	0.5000	0.8471	0.7711	0.2245	0.8056	34.0667	0.1309	2814.0000	706.0000	0.2509	2816.0000
673	0.6752	0.5000	0.8475	0.7735	0.2176	0.8088	33.8000	0.1301	2818.0000	698.0000	0.2477	2820.0000
674	0.6838	0.5000	0.8482	0.7981	0.2226	0.8195	33.9333	0.1239	2830.0000	688.0000	0.2431	2832.0000
675	0.6814	0.5000	0.8490	0.7804	0.2257	0.8089	33.6667	0.1313	2818.0000	709.0000	0.2516	2820.0000
676	0.6776	0.5000	0.8467	0.7759	0.2121	0.8087	33.8000	0.1297	2822.0000	703.0000	0.2491	2824.0000
677	0.6768	0.5000	0.8489	0.7851	0.2236	0.8116	33.8000	0.1280	2832.0000	705.0000	0.2489	2834.0000
678	0.6785	0.5000	0.8491	0.7719	0.2187	0.8079	33.8667	0.1320	2825.0000	717.0000	0.2538	2827.0000
679	0.6803	0.5000	0.8480	0.7749	0.2290	0.8141	33.9333	0.1232	2824.0000	705.0000	0.2496	2826.0000
680	0.6838	0.5000	0.8489	0.7821	0.2089	0.8204	33.7333	0.1191	2807.0000	686.0000	0.2444	2809.0000
681	0.6812	0.5000	0.8477	0.7665	0.2282	0.8117	33.7333	0.1265	2816.0000	703.0000	0.2496	2818.0000
682	0.6755	0.5000	0.8501	0.7788	0.2384	0.8127	34.0667	0.1296	2811.0000	710.0000	0.2526	2813.0000
683	0.6778	0.5000	0.8457	0.7755	0.2255	0.8117	33.8000	0.1282	2814.0000	702.0000	0.2495	2816.0000
684	0.6670	0.5000	0.8489	0.7803	0.2285	0.8057	33.6667	0.1315	2815.0000	698.0000	0.2480	2817.0000
685	0.6721	0.5000	0.8454	0.7806	0.2313	0.8053	33.6000	0.1357	2819.0000	717.0000	0.2543	2821.0000
686	0.6768	0.5000	0.8488	0.7636	0.2243	0.8076	33.8667	0.1287	2821.0000	722.0000	0.2559	2823.0000
687	0.6768	0.5000	0.8481	0.7813	0.2171	0.8111	33.6667	0.1302	2824.0000	704.0000	0.2493	2826.0000
688	0.6706	0.5000	0.8493	0.7652	0.2139	0.8023	33.8667	0.1344	2824.0000	732.0000	0.2592	2826.0000
689	0.6791	0.5000	0.8500	0.7817	0.2355	0.8164	33.6667	0.1282	2822.0000	691.0000	0.2449	2824.0000
690	0.6846	0.5000	0.8492	0.7747	0.2336	0.8173	33.8667	0.1229	2827.0000	684.0000	0.2420	2829.0000
691	0.6790	0.5000	0.8493	0.7756	0.2073	0.8094	33.5333	0.1305	2814.0000	708.0000	0.2516	2816.0000
692	0.6814	0.5000	0.8487	0.7851	0.2211	0.8141	33.6667	0.1265	2811.0000	695.0000	0.2472	2813.0000
693	0.6733	0.5000	0.8476	0.7753	0.2276	0.8084	33.9333	0.1315	2823.0000	704.0000	0.2494	2825.0000
694	0.6814	0.5000	0.8487	0.7772	0.2303	0.8167	33.9333	0.1228	2822.0000	687.0000	0.2434	2824.0000
695	0.6726	0.5000	0.8440	0.7654	0.2293	0.8074	33.9333	0.1293	2812.0000	709.0000	0.2521	2814.0000
696	0.6768	0.5000	0.8475	0.7788	0.2371	0.8065	33.8667	0.1344	2807.0000	703.0000	0.2504	2809.0000
697	0.6754	0.5000	0.8475	0.7757	0.2228	0.8081	33.5333	0.1331	2825.0000	699.0000	0.2474	2827.0000
698	0.6833	0.5000	0.8474	0.7697	0.2323	0.8075	33.8000	0.1342	2825.0000	720.0000	0.2549	2827.0000
699	0.6731	0.5000	0.8489	0.7763	0.2213	0.8086	33.6667	0.1305	2828.0000	718.0000	0.2539	2830.0000
700	0.6711	0.5000	0.8476	0.7705	0.2264	0.8024	33.6000	0.1352	2836.0000	718.0000	0.2532	2838.0000
701	0.6787	0.5000	0.8477	0.7652	0.2060	0.8050	33.6667	0.1299	2824.0000	697.0000	0.2468	2826.0000
702	0.6786	0.5000	0.8474	0.7777	0.2306	0.8163	33.8000	0.1254	2826.0000	698.0000	0.2470	2829.0000
703	0.6813	0.5000	0.8485	0.7769	0.2258	0.8114	33.6000	0.1274	2832.0000	697.0000	0.2461	2834.0000
704	0.6874	0.5000	0.8492	0.7722	0.2156	0.8152	33.5333	0.1221	2815.0000	694.0000	0.2465	2817.0000
705	0.6601	0.5000	0.8473	0.7744	0.2027	0.8059	33.6667	0.1308	2821.0000	703.0000	0.2492	2823.0000
706	0.6741	0.5000	0.8479	0.7711	0.2270	0.8073	33.8000	0.1313	2818.0000	716.0000	0.2541	2820.0000
707	0.6823	0.5000	0.8464	0.7734	0.2285	0.8100	33.7333	0.1277	2808.0000	693.0000	0.2468	2810.0000
708	0.6837	0.5000	0.8476	0.7677	0.2343	0.8108	33.9333	0.1277	2820.0000	712.0000	0.2525	2822.0000
709	0.6822	0.5000	0.8490	0.7739	0.2190	0.8144	33.6000	0.1258	2821.0000	692.0000	0.2453	2823.0000
710	0.6748	0.5000	0.8472	0.7739	0.2295	0.8086	34.3333	0.1341	2830.0000	711.0000	0.2512	2832.0000
711	0.6741	0.5000	0.8504	0.7763	0.2241	0.8100	33.8667	0.1292	2831.0000	696.0000	0.2458	2833.0000
712	0.6816	0.5000	0.8477	0.7645	0.2182	0.8068	33.7333	0.1302	2822.0000	712.0000	0.2523	2824.0000
713	0.6741	0.5000	0.8479	0.7778	0.2248	0.8065	33.9333	0.1319	2811.0000	710.0000	0.2526	2813.0000
714	0.6752	0.5000	0.8471	0.7731	0.2209	0.8113	34.0000	0.1278	2822.0000	693.0000	0.2456	2824.0000
715	0.6842	0.5000	0.8484	0.7857	0.2055	0.8138	34.1333	0.1260	2822.0000	692.0000	0.2452	2824.0000
716	0.6766	0.5000	0.8470	0.7780	0.2282	0.8123	33.7333	0.1267	2813.0000	705.0000	0.2506	2815.0000
717	0.6702	0.5000	0.8484	0.7796	0.2325	0.8132	34.0000	0.1291	2809.0000	702.0000	0.2499	2811.0000
718	0.6750	0.5000	0.8496	0.7773	0.2203	0.8122	34.0000	0.1293	2828.0000	709.0000	0.2507	2830.0000
719	0.6729	0.5000	0.8469	0.7749	0.2106	0.8073	33.6667	0.1316	2813.0000	715.0000	0.2542	2815.0000
720	0.6788	0.5000	0.8487	0.7708	0.2163	0.8054	33.8667	0.1299	2815.0000	712.0000	0.2529	2817.0000
721	0.6659	0.5000	0.8501	0.7769	0.2252	0.8024	33.8000	0.1363	2825.0000	720.0000	0.2549	2827.0000
722	0.6806	0.5000	0.8449	0.7714	0.2374	0.8064	33.8000	0.1334	2805.0000	695.0000	0.2478	2807.0000
723	0.6723	0.5000	0.8476	0.7795	0.2180	0.8083	33.8667	0.1289	2829.0000	708.0000	0.2503	2831.0000
724	0.6781	0.5000	0.8463	0.7746	0.2240	0.8101	33.7333	0.1280	2805.0000	716.0000	0.2553	2807.0000
725	0.6755	0.5000	0.8481	0.7826	0.2297	0.8125	34.0000	0.1289	2816.0000	694.0000	0.2464	2818.0000
726	0.6738	0.5000	0.8492	0.7794	0.2289	0.8088	33.8667	0.1305	2816.0000	700.0000	0.2486	2818.0000
727	0.6692	0.5000	0.8469	0.7776	0.2147	0.8031	33.8000	0.1355	2840.0000	734.0000	0.2585	2842.0000
728	0.6720	0.5000	0.8484	0.7693	0.2268	0.8034	33.9333	0.1381	2821.0000	720.0000	0.2552	2823.0000
729	0.6768	0.5000	0.8491	0.7754	0.2242	0.8120	33.6667	0.1236	2821.0000	701.0000	0.2485	2823.0000
730	0.6754	0.5000	0.8473	0.7724	0.2124	0.8106	33.8000	0.1283	2807.0000	696.0000	0.2480	2809.0000
731	0.6784	0.5000	0.8471	0.7803	0.2343	0.8147	33.9333	0.1303	2823.0000	696.0000	0.2465	2825.0000
732	0.6743	0.5000	0.8481	0.7714	0.2235	0.8093	33.6667	0.1311	2829.0000	697.0000	0.2464	2831.0000
733	0.6776	0.5000	0.8480	0.7825	0.2178	0.8063	33.8667	0.1307	2804.0000	696.0000	0.2482	2806.0000
734	0.6786	0.5000	0.8470	0.7776	0.2097	0.8104	33.9333	0.1287	2818.0000	694.0000	0.2463	2820.0000
735	0.6851	0.5000	0.8477	0.7752	0.2186	0.8166	33.8000	0.1242	2820.0000	691.0000	0.2450	2822.0000
736	0.6927	0.5000	0.8489	0.7743	0.2367	0.8101	33.9333	0.1314	2830.0000	700.0000	0.2473	2832.0000
737	0.6720	0.5000	0.8500	0.7760	0.2319	0.8125	33.7333	0.1308	2827.0000	702.0000	0.2483	2829.0000
738	0.6736	0.5000	0.8477	0.7858	0.2195	0.8081	33.7333	0.1337	2819.0000	713.0000	0.2529	2821.0000
739	0.6784	0.5000	0.8490	0.7757	0.2153	0.8083	33.8000	0.1293	2820.0000	703.0000	0.2493	2822.0000
740	0.6731	0.5000	0.8475	0.7735	0.2165	0.8053	33.6667	0.1315	2812.0000	715.0000	0.2543	2814.0000
741	0.6836	0.5000	0.8471	0.7891	0.2294	0.8192	33.9333	0.1259	2817.0000	699.0000	0.2481	2819.0000
742	0.6785	0.5000	0.8491	0.7810	0.2147	0.8117	33.8000	0.1270	2825.0000	697.0000	0.2467	2827.0000
743	0.6736	0.5000	0.8479	0.7671	0.2214	0.8022	33.5333	0.1340	2807.0000	712.0000	0.2537	2809.0000
744	0.6832	0.5000	0.8482	0.7832	0.2262	0.8199	34.0667	0.1230	2839.0000	686.0000	0.2416	2841.0000
745	0.6772	0.5000	0.8451	0.7749	0.2040	0.8085	33.8000	0.1287	2813.0000	709.0000	0.2520	2815.0000
746	0.6763	0.5000	0.8488	0.7812	0.2247	0.8155	33.6000	0.1279	2811.0000	700.0000	0.2490	2813.0000
747	0.6855	0.5000	0.8476	0.7706	0.2265	0.8093	33.6000	0.1306	2817.0000	688.0000	0.2442	2819.0000
748	0.6780	0.5000	0.8474	0.7761	0.2183	0.8069	33.8000	0.1294	2821.0000	709.0000	0.2513	2823.0000
749	0.6839	0.5000	0.8490	0.7715	0.2200	0.8118	33.8667	0.1294	2825.0000	706.0000	0.2499	2827.0000
750	0.6825	0.5000	0.8488	0.7806	0.2359	0.8143	33.9333	0.1269	2805.0000	692.0000	0.2467	2807.0000
751	0.6822	0.5000	0.8459	0.7763	0.2338	0.8095	33.6667	0.1286	2819.0000	708.0000	0.2512	2821.0000
752	0.6659	0.5000	0.8482	0.7850	0.2167	0.8112	33.7333	0.1286	2826.0000	702.0000	0.2484	2828.0000
753	0.6705	0.5000	0.8503	0.7799	0.2153	0.8036	33.5333	0.1348	2827.0000	702.0000	0.2483	2829.0000
754	0.6804	0.5000	0.8482	0.7700	0.2032	0.8091	33.4667	0.1281	2829.0000	710.0000	0.2510	2831.0000
755	0.6751	0.5000	0.8475	0.7749	0.2041	0.8059	33.8667	0.1310	2811.0000	712.0000	0.2533	2813.0000
756	0.6821	0.5000	0.8463	0.7795	0.2228	0.8070	33.8667	0.1312	2817.0000	701.0000	0.2488	2819.0000
757	0.6681	0.5000	0.8499	0.7808	0.2149	0.8140	33.6667	0.1289	2834.0000	708.0000	0.2498	2836.0000
758	0.6791	0.5000	0.8482	0.7686	0.2031	0.8151	33.7333	0.1228	2821.0000	701.0000	0.2485	2823.0000
759	0.6647	0.5000	0.8471	0.7841	0.2126	0.8074	33.8000	0.1344	2821.0000	717.0000	0.2542	2823.0000
760	0.6868	0.5000	0.8496	0.7809	0.2257	0.8148	33.5333	0.1267	2829.0000	694.0000	0.2453	2831.0000
761	0.6857	0.5000	0.8481	0.7809	0.2308	0.8146	34.1333	0.1271	2826.0000	696.0000	0.2463	2828.0000
762	0.6838	0.5000	0.8449	0.7673	0.1986	0.8108	34.0000	0.1252	2814.0000	722.0000	0.2566	2816.0000
763	0.6791	0.5000	0.8479	0.7691	0.2157	0.8090	33.6667	0.1293	2827.0000	692.0000	0.2448	2829.0000
764	0.6719	0.5000	0.8495	0.7758	0.2072	0.8128	34.0000	0.1289	2822.0000	702.0000	0.2488	2824.0000
765	0.6773	0.5000	0.8466	0.7776	0.2229	0.8056	33.6000	0.1350	2802.0000	712.0000	0.2541	2804.0000
766	0.6734	0.5000	0.8470	0.7696	0.2130	0.8060	33.7333	0.1294	2813.0000	709.0000	0.2520	2815.0000
767	0.6707	0.5000	0.8484	0.7799	0.2136	0.8097	33.6000	0.1297	2816.0000	699.0000	0.2482	2818.0000
768	0.6686	0.5000	0.8488	0.7710	0.2263	0.8087	33.6000	0.1297	2808.0000	712.0000	0.2536	2810.0000
769	0.6704	0.5000	0.8491	0.7716	0.2195	0.8038	33.9333	0.1344	2812.0000	718.0000	0.2553	2814.0000
770	0.6653	0.5000	0.8486	0.7718	0.2306	0.7986	33.7333	0.1402	2825.0000	738.0000	0.2612	2827.0000
771	0.6799	0.5000	0.8485	0.7722	0.2305	0.8124	33.9333	0.1295	2828.0000	709.0000	0.2507	2830.0000
772	0.6778	0.5000	0.8457	0.7805	0.2342	0.8098	33.8000	0.1313	2808.0000	703.0000	0.2504	2810.0000
773	0.6750	0.5000	0.8482	0.7754	0.2070	0.8125	33.8667	0.1272	2811.0000	682.0000	0.2426	2813.0000
774	0.6680	0.5000	0.8492	0.7838	0.2272	0.8052	33.9333	0.1401	2823.0000	719.0000	0.2547	2825.0000
775	0.6716	0.5000	0.8489	0.7844	0.2142	0.8078	33.8667	0.1307	2834.0000	703.0000	0.2481	2836.0000
776	0.6733	0.5000	0.8468	0.7667	0.2191	0.8114	33.7333	0.1253	2825.0000	710.0000	0.2513	2828.0000
777	0.6918	0.5000	0.8460	0.7655	0.2019	0.8169	33.9333	0.1188	2802.0000	684.0000	0.2441	2804.0000
778	0.6724	0.5000	0.8495	0.7713	0.2054	0.8082	33.9333	0.1325	2815.0000	707.0000	0.2512	2817.0000
779	0.6797	0.5000	0.8471	0.7702	0.2155	0.8091	33.6000	0.1285	2818.0000	693.0000	0.2459	2820.0000
780	0.6855	0.5000	0.8478	0.7637	0.2295	0.8144	33.8000	0.1251	2832.0000	695.0000	0.2454	2834.0000
781	0.6744	0.5000	0.8488	0.7697	0.2263	0.8047	33.6667	0.1305	2836.0000	715.0000	0.2521	2838.0000
782	0.6865	0.5000	0.8464	0.7791	0.2315	0.8152	33.8667	0.1245	2802.0000	687.0000	0.2452	2804.0000
783	0.6725	0.5000	0.8485	0.7771	0.2287	0.8109	33.8667	0.1300	2807.0000	685.0000	0.2440	2809.0000
784	0.6789	0.5000	0.8509	0.7694	0.2131	0.8102	33.5333	0.1301	2835.0000	703.0000	0.2480	2837.0000
785	0.6825	0.5000	0.8484	0.7856	0.2276	0.8163	33.8000	0.1284	2828.0000	694.0000	0.2454	2830.0000
786	0.6766	0.5000	0.8456	0.7709	0.2225	0.7979	33.8667	0.1384	2829.0000	736.0000	0.2602	2831.0000
787	0.6751	0.5000	0.8485	0.7805	0.2075	0.8078	33.7333	0.1312	2816.0000	705.0000	0.2504	2818.0000
788	0.6757	0.5000	0.8488	0.7890	0.2158	0.8118	33.7333	0.1280	2821.0000	691.0000	0.2449	2823.0000
789	0.6809	0.5000	0.8475	0.7750	0.2225	0.8090	33.8000	0.1269	2820.0000	702.0000	0.2489	2822.0000
790	0.6840	0.5000	0.8486	0.7862	0.2109	0.8147	33.8000	0.1279	2825.0000	693.0000	0.2453	2827.0000
791	0.6681	0.5000	0.8488	0.7696	0.2091	0.8088	33.7333	0.1326	2824.0000	705.0000	0.2496	2826.0000
792	0.6783	0.5000	0.8487	0.7760	0.2232	0.8060	33.7333	0.1345	2811.0000	721.0000	0.2565	2813.0000
793	0.6759	0.5000	0.8463	0.7644	0.2269	0.8102	33.6667	0.1257	2815.0000	709.0000	0.2519	2817.0000
794	0.6774	0.5000	0.8481	0.7815	0.2172	0.8113	33.5333	0.1278	2835.0000	714.0000	0.2519	2837.0000
795	0.6728	0.5000	0.8482	0.7740	0.2257	0.8066	33.6000	0.1328	2805.0000	704.0000	0.2510	2807.0000
796	0.6683	0.5000	0.8484	0.7651	0.2050	0.8082	33.9333	0.1305	2805.0000	707.0000	0.2520	2807.0000
797	0.6788	0.5000	0.8472	0.7815	0.2195	0.8133	33.6000	0.1282	2796.0000	697.0000	0.2493	2798.0000
798	0.6693	0.5000	0.8475	0.7671	0.2216	0.8025	33.8667	0.1326	2817.0000	723.0000	0.2567	2819.0000
799	0.6734	0.5000	0.8494	0.7880	0.2292	0.8121	33.7333	0.1318	2827.0000	706.0000	0.2497	2829.0000
800	0.6810	0.5000	0.8470	0.7731	0.2127	0.8134	33.6000	0.1264	2813.0000	703.0000	0.2499	2815.0000
801	0.6742	0.5000	0.8477	0.7811	0.2239	0.8130	33.6000	0.1286	2812.0000	686.0000	0.2440	2814.0000
802	0.6764	0.5000	0.8482	0.7764	0.2249	0.8092	33.8000	0.1298	2820.0000	711.0000	0.2521	2822.0000
803	0.6829	0.5000	0.8479	0.7668	0.2231	0.8104	33.8667	0.1301	2837.0000	717.0000	0.2527	2839.0000
804	0.6812	0.5000	0.8483	0.7769	0.2271	0.8058	33.8667	0.1351	2832.0000	718.0000	0.2535	2834.0000
805	0.6758	0.5000	0.8492	0.7732	0.2370	0.8152	33.8000	0.1278	2823.0000	692.0000	0.2451	2825.0000
806	0.6767	0.5000	0.8475	0.7794	0.2358	0.8058	33.6000	0.1343	2825.0000	717.0000	0.2538	2827.0000
807	0.6714	0.5000	0.8502	0.7792	0.2130	0.8129	33.8667	0.1278	2827.0000	722.0000	0.2554	2829.0000
808	0.6796	0.5000	0.8481	0.7866	0.2324	0.8191	33.7333	0.1229	2835.0000	696.0000	0.2455	2837.0000
809	0.6724	0.5000	0.8477	0.7677	0.2036	0.8119	34.1333	0.1257	2813.0000	710.0000	0.2524	2815.0000
810	0.6789	0.5000	0.8498	0.7723	0.2118	0.8146	33.6667	0.1241	2823.0000	688.0000	0.2437	2825.0000
811	0.6780	0.5000	0.8472	0.7814	0.2294	0.8121	33.8000	0.1268	2824.0000	689.0000	0.2440	2826.0000
812	0.6665	0.5000	0.8497	0.7804	0.2290	0.8087	33.6000	0.1355	2817.0000	714.0000	0.2535	2819.0000
813	0.6705	0.5000	0.8482	0.7798	0.2330	0.8080	33.6000	0.1300	2823.0000	695.0000	0.2462	2825.0000
814	0.6804	0.5000	0.8479	0.7792	0.2259	0.8162	33.9333	0.1220	2821.0000	692.0000	0.2453	2823.0000
815	0.6789	0.5000	0.8480	0.7706	0.2251	0.8088	33.8667	0.1279	2828.0000	705.0000	0.2493	2830.0000
816	0.6727	0.5000	0.8485	0.7728	0.2310	0.8033	33.8667	0.1334	2824.0000	717.0000	0.2539	2826.0000
817	0.6715	0.5000	0.8479	0.7690	0.2278	0.8060	34.0000	0.1308	2824.0000	731.0000	0.2589	2826.0000
818	0.6856	0.5000	0.8482	0.7800	0.2259	0.8226	33.6000	0.1192	2818.0000	675.0000	0.2395	2820.0000
819	0.6822	0.5000	0.8486	0.7794	0.2105	0.8097	33.7333	0.1276	2825.0000	697.0000	0.2467	2827.0000
820	0.6698	0.5000	0.8498	0.7885	0.2227	0.8103	34.0000	0.1331	2832.0000	707.0000	0.2496	2834.0000
821	0.6808	0.5000	0.8488	0.7858	0.2312	0.8164	33.7333	0.1267	2822.0000	688.0000	0.2438	2824.0000
822	0.6775	0.5000	0.8495	0.7773	0.2283	0.8091	33.6667	0.1315	2828.0000	704.0000	0.2489	2830.0000
823	0.6729	0.5000	0.8499	0.7701	0.2056	0.8080	33.5333	0.1278	2827.0000	707.0000	0.2501	2829.0000
824	0.6804	0.5000	0.8488	0.7800	0.2343	0.8165	33.6000	0.1222	2829.0000	685.0000	0.2421	2831.0000
825	0.6809	0.5000	0.8481	0.7683	0.2145	0.8126	33.5333	0.1263	2821.0000	691.0000	0.2449	2823.0000
826	0.6764	0.5000	0.8497	0.7829	0.2155	0.8076	34.0000	0.1323	2825.0000	708.0000	0.2506	2827.0000
827	0.6834	0.5000	0.8477	0.7758	0.2288	0.8082	33.8000	0.1335	2822.0000	700.0000	0.2481	2824.0000
828	0.6833	0.5000	0.8491	0.7798	0.2369	0.8109	33.8000	0.1303	2835.0000	688.0000	0.2427	2837.0000
829	0.6783	0.5000	0.8491	0.7743	0.2204	0.8118	33.8000	0.1263	2825.0000	702.0000	0.2485	2827.0000
830	0.6745	0.5000	0.8469	0.7707	0.2103	0.8040	33.9333	0.1335	2827.0000	724.0000	0.2561	2829.0000
831	0.6784	0.5000	0.8483	0.7677	0.2146	0.8108	33.8000	0.1257	2822.0000	699.0000	0.2477	2824.0000
832	0.6733	0.5000	0.8483	0.7754	0.2165	0.8119	33.8000	0.1283	2814.0000	689.0000	0.2448	2816.0000
833	0.6691	0.5000	0.8497	0.7809	0.2341	0.8076	34.0667	0.1349	2823.0000	716.0000	0.2536	2825.0000
834	0.6761	0.5000	0.8493	0.7879	0.2305	0.8206	33.6667	0.1229	2808.0000	679.0000	0.2418	2810.0000
835	0.6820	0.5000	0.8448	0.7823	0.2141	0.8161	33.8000	0.1209	2808.0000	688.0000	0.2450	2810.0000
836	0.6784	0.5000	0.8470	0.7617	0.2251	0.8032	33.9333	0.1325	2830.0000	717.0000	0.2534	2832.0000
837	0.6849	0.5000	0.8493	0.7698	0.2249	0.8096	33.7333	0.1298	2836.0000	705.0000	0.2486	2838.0000
838	0.6783	0.5000	0.8481	0.7647	0.2120	0.8102	34.2667	0.1270	2827.0000	702.0000	0.2483	2829.0000
839	0.6716	0.5000	0.8477	0.7777	0.2285	0.8104	33.6000	0.1314	2816.0000	698.0000	0.2479	2818.0000
840	0.6851	0.5000	0.8475	0.7846	0.2106	0.8149	33.4000	0.1277	2814.0000	691.0000	0.2456	2816.0000
841	0.6779	0.5000	0.8505	0.7979	0.2156	0.8167	33.6667	0.1291	2824.0000	681.0000	0.2411	2826.0000
842	0.6684	0.5000	0.8469	0.7735	0.2327	0.8099	33.8000	0.1275	2825.0000	695.0000	0.2460	2827.0000
843	0.6844	0.5000	0.8477	0.7746	0.2159	0.8158	34.0000	0.1238	2819.0000	694.0000	0.2462	2821.0000
844	0.6767	0.5000	0.8484	0.7657	0.2179	0.8131	33.8000	0.1295	2815.0000	712.0000	0.2529	2817.0000
845	0.6780	0.5000	0.8480	0.7802	0.2315	0.8060	33.7333	0.1350	2828.0000	705.0000	0.2493	2830.0000
846	0.6781	0.5000	0.8477	0.7794	0.2248	0.8078	33.4667	0.1289	2826.0000	705.0000	0.2495	2828.0000
847	0.6743	0.5000	0.8488	0.7696	0.2221	0.8038	33.7333	0.1347	2827.0000	714.0000	0.2526	2829.0000
848	0.6758	0.5000	0.8492	0.7648	0.2252	0.8089	33.7333	0.1297	2833.0000	713.0000	0.2517	2836.0000
849	0.6670	0.5000	0.8477	0.7726	0.2061	0.8070	33.6667	0.1306	2829.0000	705.0000	0.2492	2831.0000
850	0.6843	0.5000	0.8475	0.7704	0.2033	0.8116	33.7333	0.1266	2815.0000	699.0000	0.2483	2817.0000
851	0.6764	0.5000	0.8492	0.7735	0.2118	0.8099	33.8000	0.1293	2835.0000	697.0000	0.2459	2837.0000
852	0.6830	0.5000	0.8476	0.7754	0.2141	0.8128	33.8000	0.1290	2815.0000	691.0000	0.2455	2817.0000
853	0.6686	0.5000	0.8471	0.7740	0.2258	0.8047	33.9333	0.1342	2835.0000	729.0000	0.2571	2837.0000
854	0.6835	0.5000	0.8487	0.7800	0.2293	0.8082	33.6667	0.1323	2829.0000	705.0000	0.2492	2831.0000
855	0.6755	0.5000	0.8476	0.7796	0.2174	0.8142	33.7333	0.1229	2834.0000	700.0000	0.2470	2836.0000
856	0.6857	0.5000	0.8496	0.7812	0.2313	0.8178	33.8000	0.1252	2820.0000	687.0000	0.2436	2822.0000
857	0.6724	0.5000	0.8489	0.7679	0.2247	0.8048	33.6667	0.1339	2819.0000	701.0000	0.2487	2821.0000
858	0.6692	0.5000	0.8477	0.7734	0.2049	0.8049	33.8667	0.1361	2828.0000	713.0000	0.2521	2830.0000
859	0.6730	0.5000	0.8485	0.7704	0.2153	0.8091	33.8000	0.1292	2820.0000	706.0000	0.2504	2822.0000
860	0.6814	0.5000	0.8478	0.7678	0.2326	0.8103	33.8000	0.1288	2818.0000	703.0000	0.2495	2821.0000
861	0.6718	0.5000	0.8476	0.7664	0.2310	0.8003	33.8000	0.1368	2823.0000	713.0000	0.2526	2825.0000
862	0.6798	0.5000	0.8473	0.7826	0.2294	0.8105	33.6667	0.1328	2829.0000	704.0000	0.2489	2831.0000
863	0.6797	0.5000	0.8494	0.7773	0.2016	0.8130	33.9333	0.1269	2814.0000	701.0000	0.2491	2816.0000
864	0.6816	0.5000	0.8480	0.7772	0.2223	0.8047	33.8667	0.1357	2826.0000	711.0000	0.2516	2828.0000
865	0.6776	0.5000	0.8470	0.7754	0.2264	0.8121	33.8000	0.1270	2812.0000	710.0000	0.2525	2814.0000
866	0.6705	0.5000	0.8489	0.7820	0.2265	0.8059	33.7333	0.1353	2841.0000	718.0000	0.2527	2843.0000
867	0.6742	0.5000	0.8488	0.7745	0.2073	0.8074	33.7333	0.1323	2835.0000	714.0000	0.2519	2837.0000
868	0.6839	0.5000	0.8471	0.7740	0.2293	0.8107	33.7333	0.1310	2817.0000	699.0000	0.2481	2819.0000
869	0.6743	0.5000	0.8470	0.7729	0.1986	0.8065	33.7333	0.1270	2814.0000	714.0000	0.2537	2816.0000
870	0.6774	0.5000	0.8455	0.7691	0.2331	0.8091	33.9333	0.1314	2826.0000	708.0000	0.2505	2828.0000
871	0.6875	0.5000	0.8489	0.7657	0.2313	0.8101	34.0000	0.1292	2828.0000	699.0000	0.2472	2830.0000
872	0.6812	0.5000	0.8482	0.7726	0.2322	0.8110	33.6667	0.1304	2830.0000	699.0000	0.2470	2832.0000
873	0.6769	0.5000	0.8488	0.7733	0.2337	0.8054	33.6667	0.1334	2809.0000	705.0000	0.2510	2811.0000
874	0.6731	0.5000	0.8497	0.7659	0.2065	0.8059	33.8000	0.1294	2826.0000	709.0000	0.2509	2828.0000
875	0.6797	0.5000	0.8445	0.7797	0.2237	0.8110	33.9333	0.1284	2817.0000	687.0000	0.2439	2819.0000
876	0.6764	0.5000	0.8488	0.7832	0.2219	0.8189	33.4000	0.1236	2823.0000	687.0000	0.2434	2825.0000
877	0.6813	0.5000	0.8487	0.7822	0.2396	0.8152	33.8000	0.1261	2809.0000	692.0000	0.2464	2811.0000
878	0.6856	0.5000	0.8456	0.7727	0.2079	0.8168	33.8000	0.1215	2824.0000	690.0000	0.2443	2826.0000
879	0.6822	0.5000	0.8490	0.7757	0.2184	0.8121	33.8667	0.1283	2819.0000	693.0000	0.2458	2821.0000
880	0.6765	0.5000	0.8485	0.7695	0.2341	0.8075	33.6667	0.1307	2824.0000	706.0000	0.2500	2826.0000
881	0.6669	0.5000	0.8461	0.7636	0.2151	0.7981	33.7333	0.1363	2798.0000	720.0000	0.2573	2800.0000
882	0.6793	0.5000	0.8476	0.7792	0.2211	0.8091	33.7333	0.1323	2817.0000	711.0000	0.2524	2819.0000
883	0.6957	0.5000	0.8474	0.7763	0.2103	0.8178	33.3333	0.1224	2836.0000	681.0000	0.2401	2838.0000
884	0.6780	0.5000	0.8488	0.7897	0.2205	0.8128	33.6667	0.1313	2819.0000	701.0000	0.2487	2821.0000
885	0.6795	0.5000	0.8489	0.7705	0.2217	0.8130	33.6000	0.1242	2809.0000	696.0000	0.2478	2811.0000
886	0.6765	0.5000	0.8477	0.7692	0.2296	0.8082	34.0000	0.1320	2804.0000	732.0000	0.2611	2806.0000
887	0.6806	0.5000	0.8483	0.7774	0.2312	0.8123	33.8000	0.1289	2817.0000	705.0000	0.2503	2819.0000
888	0.6736	0.5000	0.8485	0.7624	0.2181	0.8104	33.8000	0.1304	2823.0000	704.0000	0.2494	2825.0000
889	0.6786	0.5000	0.8496	0.7814	0.2175	0.8131	34.0000	0.1258	2818.0000	695.0000	0.2466	2820.0000
890	0.6816	0.5000	0.8487	0.7738	0.2235	0.8121	33.6000	0.1275	2821.0000	703.0000	0.2492	2823.0000
891	0.6782	0.5000	0.8495	0.7760	0.2304	0.8196	34.0000	0.1221	2829.0000	694.0000	0.2453	2831.0000
892	0.6806	0.5000	0.8503	0.7889	0.2322	0.8167	33.8000	0.1274	2837.0000	705.0000	0.2485	2839.0000
893	0.6768	0.5000	0.8476	0.7759	0.2160	0.8041	33.7333	0.1342	2811.0000	714.0000	0.2540	2813.0000
894	0.6747	0.5000	0.8485	0.7746	0.2056	0.7997	33.7333	0.1347	2816.0000	695.0000	0.2468	2818.0000
895	0.6838	0.5000	0.8463	0.7775	0.2332	0.8123	33.8667	0.1287	2807.0000	685.0000	0.2440	2809.0000
896	0.6802	0.5000	0.8483	0.7813	0.2283	0.8110	33.8000	0.1290	2819.0000	712.0000	0.2526	2821.0000
897	0.6740	0.5000	0.8504	0.7698	0.2152	0.8034	33.7333	0.1361	2823.0000	710.0000	0.2515	2825.0000
898	0.6774	0.5000	0.8451	0.7728	0.2138	0.8093	33.8000	0.1279	2827.0000	700.0000	0.2476	2829.0000
899	0.6760	0.5000	0.8494	0.7757	0.2224	0.8058	33.6667	0.1335	2827.0000	713.0000	0.2522	2829.0000
900	0.6766	0.5000	0.8469	0.7751	0.2213	0.8127	33.8000	0.1269	2845.0000	702.0000	0.2467	2847.0000
901	0.6758	0.5000	0.8490	0.7758	0.2221	0.8086	33.8000	0.1344	2823.0000	722.0000	0.2558	2825.0000
902	0.6689	0.5000	0.8473	0.7852	0.2264	0.8081	33.9333	0.1349	2803.0000	705.0000	0.2515	2805.0000
903	0.6756	0.5000	0.8465	0.7765	0.2174	0.8046	33.7333	0.1354	2845.0000	709.0000	0.2492	2847.0000
904	0.6738	0.5000	0.8476	0.7706	0.2138	0.8059	33.4667	0.1324	2814.0000	709.0000	0.2520	2816.0000
905	0.6736	0.5000	0.8486	0.7643	0.2189	0.7999	33.5333	0.1365	2819.0000	721.0000	0.2558	2821.0000
906	0.6827	0.5000	0.8457	0.7845	0.2298	0.8130	33.8000	0.1269	2815.0000	698.0000	0.2480	2817.0000
907	0.6770	0.5000	0.8476	0.7791	0.2122	0.8139	33.8000	0.1250	2818.0000	708.0000	0.2512	2820.0000
908	0.6774	0.5000	0.8479	0.7785	0.2191	0.8110	33.6667	0.1304	2817.0000	693.0000	0.2460	2819.0000
909	0.6817	0.5000	0.8483	0.7646	0.2320	0.8099	34.0000	0.1295	2824.0000	705.0000	0.2496	2826.0000
910	0.6828	0.5000	0.8503	0.7763	0.2139	0.8137	34.0000	0.1278	2814.0000	697.0000	0.2477	2816.0000
911	0.6739	0.5000	0.8484	0.7769	0.2324	0.8117	33.9333	0.1287	2821.0000	695.0000	0.2464	2823.0000
912	0.6785	0.5000	0.8466	0.7843	0.2252	0.8114	33.7333	0.1287	2814.0000	692.0000	0.2459	2816.0000
913	0.6857	0.5000	0.8475	0.7663	0.2326	0.8084	33.5333	0.1267	2829.0000	705.0000	0.2492	2831.0000
914	0.6782	0.5000	0.8439	0.7683	0.2292	0.8048	34.0000	0.1332	2816.0000	718.0000	0.2550	2818.0000
915	0.6737	0.5000	0.8482	0.7646	0.2302	0.8000	33.9333	0.1375	2829.0000	729.0000	0.2577	2831.0000
916	0.6649	0.5000	0.8488	0.7724	0.2102	0.8068	33.6667	0.1296	2834.0000	703.0000	0.2481	2836.0000
917	0.6806	0.5000	0.8465	0.7707	0.2233	0.8045	33.8667	0.1319	2828.0000	710.0000	0.2511	2830.0000
918	0.6796	0.5000	0.8479	0.7688	0.2292	0.8087	33.6667	0.1305	2818.0000	700.0000	0.2484	2820.0000
919	0.6790	0.5000	0.8483	0.7853	0.2256	0.8160	33.8667	0.1246	2816.0000	677.0000	0.2404	2818.0000
920	0.6855	0.5000	0.8482	0.7664	0.2100	0.8108	33.9333	0.1268	2820.0000	701.0000	0.2486	2822.0000
921	0.6863	0.5000	0.8485	0.7776	0.2295	0.8099	33.8000	0.1285	2821.0000	702.0000	0.2488	2823.0000
922	0.6716	0.5000	0.8486	0.7821	0.2203	0.8122	33.1333	0.1283	2815.0000	695.0000	0.2469	2817.0000
923	0.6754	0.5000	0.8470	0.7727	0.2279	0.8183	33.7333	0.1194	2827.0000	698.0000	0.2469	2829.0000
924	0.6753	0.5000	0.8507	0.7701	0.2317	0.8125	34.0000	0.1308	2819.0000	693.0000	0.2458	2821.0000
925	0.6797	0.5000	0.8474	0.7891	0.2261	0.8202	33.6667	0.1225	2809.0000	682.0000	0.2428	2811.0000
926	0.6743	0.5000	0.8474	0.7751	0.2166	0.8092	33.9333	0.1294	2813.0000	702.0000	0.2496	2815.0000
927	0.6739	0.5000	0.8488	0.7788	0.2326	0.8069	33.6000	0.1333	2828.0000	720.0000	0.2546	2830.0000
928	0.6761	0.5000	0.8482	0.7707	0.2280	0.8024	33.7333	0.1374	2818.0000	718.0000	0.2548	2820.0000
929	0.6818	0.5000	0.8500	0.7717	0.2196	0.8155	33.8667	0.1247	2840.0000	689.0000	0.2426	2842.0000
930	0.6782	0.5000	0.8478	0.7790	0.2322	0.8126	33.6667	0.1296	2827.0000	706.0000	0.2497	2829.0000
931	0.6807	0.5000	0.8492	0.7824	0.2264	0.8133	33.8667	0.1281	2814.0000	694.0000	0.2466	2816.0000
932	0.6808	0.5000	0.8510	0.7829	0.2260	0.8132	33.7333	0.1302	2821.0000	700.0000	0.2481	2823.0000
933	0.6803	0.5000	0.8463	0.7652	0.2127	0.8083	34.0667	0.1294	2822.0000	700.0000	0.2481	2824.0000
934	0.6761	0.5000	0.8465	0.7714	0.2311	0.8075	33.9333	0.1290	2827.0000	716.0000	0.2533	2829.0000
935	0.6802	0.5000	0.8476	0.7800	0.2333	0.8230	33.8000	0.1212	2828.0000	685.0000	0.2422	2830.0000
936	0.6772	0.5000	0.8456	0.7667	0.2194	0.8118	33.6000	0.1281	2809.0000	688.0000	0.2449	2811.0000
937	0.6743	0.5000	0.8492	0.7805	0.2180	0.8076	33.7333	0.1300	2821.0000	703.0000	0.2492	2823.0000
938	0.6944	0.5000	0.8460	0.7677	0.2365	0.8129	33.9333	0.1294	2807.0000	699.0000	0.2490	2809.0000
939	0.6785	0.5000	0.8486	0.7763	0.2158	0.8125	33.6000	0.1285	2808.0000	698.0000	0.2486	2810.0000
940	0.6841	0.5000	0.8475	0.7815	0.2303	0.8141	33.6667	0.1249	2819.0000	697.0000	0.2473	2821.0000
941	0.6703	0.5000	0.8494	0.7754	0.2111	0.8063	33.8667	0.1318	2816.0000	700.0000	0.2486	2818.0000
942	0.6828	0.5000	0.8483	0.7768	0.2131	0.8192	33.8000	0.1219	2808.0000	678.0000	0.2415	2810.0000
943	0.6660	0.5000	0.8474	0.7687	0.2266	0.8081	33.8667	0.1302	2817.0000	709.0000	0.2517	2819.0000
944	0.6751	0.5000	0.8497	0.7733	0.2146	0.8103	33.8667	0.1293	2829.0000	699.0000	0.2471	2831.0000
945	0.6757	0.5000	0.8482	0.7778	0.2183	0.8093	33.6667	0.1286	2819.0000	696.0000	0.2469	2821.0000
946	0.6715	0.5000	0.8489	0.7715	0.2114	0.8030	33.8000	0.1324	2816.0000	722.0000	0.2564	2818.0000
947	0.6786	0.5000	0.8462	0.7866	0.2190	0.8118	33.6667	0.1284	2812.0000	696.0000	0.2475	2814.0000
948	0.6793	0.5000	0.8493	0.7719	0.2256	0.8169	33.8667	0.1238	2809.0000	699.0000	0.2488	2811.0000
949	0.6786	0.5000	0.8488	0.7761	0.2152	0.8073	33.4667	0.1336	2836.0000	711.0000	0.2507	2838.0000
950	0.6722	0.5000	0.8495	0.7697	0.2068	0.8052	33.6667	0.1338	2822.0000	715.0000	0.2534	2824.0000
951	0.6740	0.5000	0.8484	0.7759	0.2282	0.8071	33.4000	0.1330	2812.0000	706.0000	0.2511	2814.0000
952	0.6777	0.5000	0.8504	0.7753	0.2240	0.8118	33.8000	0.1264	2818.0000	701.0000	0.2488	2820.0000
953	0.6849	0.5000	0.8483	0.7735	0.2171	0.8110	34.0667	0.1282	2816.0000	704.0000	0.2500	2818.0000
954	0.6799	0.5000	0.8457	0.7679	0.2248	0.8058	33.8667	0.1287	2817.0000	715.0000	0.2538	2819.0000
955	0.6746	0.5000	0.8488	0.7728	0.2346	0.8046	33.9333	0.1377	2825.0000	714.0000	0.2527	2827.0000
956	0.6730	0.5000	0.8483	0.7813	0.2302	0.8075	34.0000	0.1328	2833.0000	716.0000	0.2527	2835.0000
957	0.6704	0.5000	0.8485	0.7699	0.2302	0.8062	34.0000	0.1322	2822.0000	724.0000	0.2566	2824.0000
958	0.6759	0.5000	0.8490	0.7644	0.2194	0.8046	33.8000	0.1353	2824.0000	723.0000	0.2560	2826.0000
959	0.6762	0.5000	0.8478	0.7809	0.2181	0.8094	33.9333	0.1320	2814.0000	706.0000	0.2509	2816.0000
960	0.6812	0.5000	0.8489	0.7718	0.2001	0.8079	33.8667	0.1267	2825.0000	709.0000	0.2510	2827.0000
961	0.6806	0.5000	0.8489	0.7791	0.2153	0.8131	33.6667	0.1280	2826.0000	700.0000	0.2477	2828.0000
962	0.6640	0.5000	0.8479	0.7660	0.2072	0.8031	33.8667	0.1351	2828.0000	723.0000	0.2557	2830.0000
963	0.6790	0.5000	0.8488	0.7735	0.2244	0.8088	33.6000	0.1310	2819.0000	704.0000	0.2497	2821.0000
964	0.6763	0.5000	0.8485	0.7786	0.2240	0.8108	33.8000	0.1302	2822.0000	707.0000	0.2505	2824.0000
965	0.6757	0.5000	0.8475	0.7818	0.2278	0.8043	33.8000	0.1366	2828.0000	714.0000	0.2525	2830.0000
966	0.6828	0.5000	0.8467	0.7787	0.2198	0.8048	33.9333	0.1331	2827.0000	718.0000	0.2540	2829.0000
967	0.6836	0.5000	0.8479	0.7785	0.2258	0.8124	33.9333	0.1258	2836.0000	701.0000	0.2472	2838.0000
968	0.6730	0.5000	0.8500	0.7882	0.2148	0.8131	34.0000	0.1277	2828.0000	699.0000	0.2472	2830.0000
969	0.6782	0.5000	0.8469	0.7757	0.2222	0.8097	33.8000	0.1269	2829.0000	715.0000	0.2527	2831.0000
970	0.6853	0.5000	0.8479	0.7761	0.2310	0.8153	33.7333	0.1244	2814.0000	682.0000	0.2424	2816.0000
971	0.6749	0.5000	0.8491	0.7632	0.2220	0.8077	33.6000	0.1296	2825.0000	722.0000	0.2556	2827.0000
972	0.6733	0.5000	0.8470	0.7791	0.2112	0.8124	33.7333	0.1233	2819.0000	707.0000	0.2508	2821.0000
973	0.6789	0.5000	0.8483	0.7818	0.2297	0.8136	33.8000	0.1267	2827.0000	700.0000	0.2476	2829.0000
974	0.6731	0.5000	0.8497	0.7825	0.2313	0.8183	33.8000	0.1263	2822.0000	684.0000	0.2424	2824.0000
975	0.6636	0.5000	0.8482	0.7664	0.1941	0.7985	34.0000	0.1372	2815.0000	743.0000	0.2639	2817.0000
976	0.6806	0.5000	0.8487	0.7757	0.2136	0.8125	33.7333	0.1270	2808.0000	701.0000	0.2496	2810.0000
977	0.6875	0.5000	0.8492	0.7719	0.1986	0.8146	33.3333	0.1234	2839.0000	696.0000	0.2452	2841.0000
978	0.6813	0.5000	0.8484	0.7730	0.2249	0.8143	33.8667	0.1252	2820.0000	689.0000	0.2443	2822.0000
979	0.6717	0.5000	0.8488	0.7740	0.2264	0.8049	33.6667	0.1348	2820.0000	718.0000	0.2546	2822.0000
980	0.6815	0.5000	0.8496	0.7735	0.2107	0.8045	33.8667	0.1321	2836.0000	720.0000	0.2539	2838.0000
981	0.6843	0.5000	0.8481	0.7738	0.2282	0.8118	34.1333	0.1279	2823.0000	693.0000	0.2455	2825.0000
982	0.6755	0.5000	0.8500	0.7805	0.2125	0.8131	33.5333	0.1289	2821.0000	700.0000	0.2481	2823.0000
983	0.6721	0.5000	0.8485	0.7783	0.2248	0.8065	33.8667	0.1347	2820.0000	700.0000	0.2482	2822.0000
984	0.6867	0.5000	0.8494	0.7887	0.2188	0.8200	33.7333	0.1233	2838.0000	693.0000	0.2442	2840.0000
985	0.6752	0.5000	0.8477	0.7777	0.2182	0.8097	33.6667	0.1284	2820.0000	697.0000	0.2472	2822.0000
986	0.6817	0.5000	0.8485	0.7791	0.2267	0.8177	33.9333	0.1231	2835.0000	683.0000	0.2409	2837.0000
987	0.6748	0.5000	0.8492	0.7955	0.2314	0.8154	33.8667	0.1291	2822.0000	694.0000	0.2459	2824.0000
988	0.6828	0.5000	0.8482	0.7595	0.1997	0.8036	33.8667	0.1304	2826.0000	715.0000	0.2530	2828.0000
989	0.6829	0.5000	0.8478	0.7718	0.2221	0.8071	33.8667	0.1312	2825.0000	714.0000	0.2527	2827.0000
990	0.6669	0.5000	0.8475	0.7688	0.2141	0.8049	33.6667	0.1319	2832.0000	721.0000	0.2546	2834.0000
991	0.6883	0.5000	0.8471	0.7753	0.2301	0.8101	34.0000	0.1288	2826.0000	694.0000	0.2456	2828.0000
992	0.6790	0.5000	0.8476	0.7714	0.2296	0.8103	33.5333	0.1285	2818.0000	708.0000	0.2512	2820.0000
993	0.6863	0.5000	0.8475	0.7723	0.2309	0.8113	33.6667	0.1282	2809.0000	696.0000	0.2478	2811.0000
994	0.6837	0.5000	0.8477	0.7833	0.2199	0.8132	33.4667	0.1295	2820.0000	702.0000	0.2489	2822.0000
995	0.6758	0.5000	0.8483	0.7786	0.2205	0.8117	34.0667	0.1292	2817.0000	697.0000	0.2474	2819.0000
996	0.6770	0.5000	0.8483	0.7768	0.2317	0.8110	33.6667	0.1318	2818.0000	694.0000	0.2463	2820.0000
997	0.6770	0.5000	0.8498	0.7700	0.2368	0.8087	33.8000	0.1316	2828.0000	703.0000	0.2486	2830.0000
998	0.6726	0.5000	0.8495	0.7858	0.2190	0.8095	33.8000	0.1312	2813.0000	706.0000	0.2510	2815.0000
999	0.6866	0.5000	0.8482	0.7759	0.2321	0.8171	33.8000	0.1232	2817.0000	678.0000	0.2407	2819.0000
1000	0.6809	0.5000	0.8476	0.7712	0.2174	0.8127	33.6667	0.1251	2826.0000	702.0000	0.2484	2828.0000
