accuracy	proportion	density	fuzziness	coverage	purity	sounds	missing	ubound	clusters	props	patterns
1	0.7145	0.4582	0.3309	0.7033	0.0486	0.8018	19.2000	0.1158	898.0000	176.0000	0.1960	902.0000
2	0.6969	0.4557	0.3431	0.7053	0.0394	0.7783	18.9000	0.1148	863.0000	176.0000	0.2039	865.0000
3	0.6592	0.4549	0.3360	0.7078	0.0428	0.7732	19.2000	0.1349	878.0000	189.0000	0.2153	880.0000
4	0.5955	0.4631	0.3375	0.7136	0.0436	0.7743	19.1000	0.1199	941.0000	191.0000	0.2030	943.0000
5	0.6654	0.4607	0.3236	0.7094	0.0458	0.7829	19.1000	0.1262	937.0000	188.0000	0.2006	939.0000
6	0.6936	0.4565	0.3387	0.7033	0.0480	0.7865	19.0000	0.1243	895.0000	188.0000	0.2101	897.0000
7	0.6879	0.4553	0.3265	0.7089	0.0452	0.7799	18.8000	0.1227	875.0000	190.0000	0.2171	878.0000
8	0.6896	0.4565	0.3135	0.7061	0.0495	0.7859	19.2000	0.1227	916.0000	181.0000	0.1976	920.0000
9	0.6530	0.4557	0.3276	0.7113	0.0478	0.7727	19.0000	0.1347	875.0000	170.0000	0.1943	877.0000
10	0.6242	0.4574	0.3337	0.7342	0.0435	0.7842	19.1000	0.1235	899.0000	180.0000	0.2002	902.0000
11	0.6517	0.4553	0.3162	0.7047	0.0457	0.7704	19.5000	0.1452	911.0000	188.0000	0.2064	913.0000
12	0.6756	0.4557	0.3373	0.7012	0.0465	0.7813	18.6000	0.1319	896.0000	185.0000	0.2065	898.0000
13	0.6735	0.4574	0.3385	0.7090	0.0403	0.7706	18.9000	0.1307	894.0000	173.0000	0.1935	897.0000
14	0.6765	0.4623	0.3368	0.7180	0.0495	0.7925	19.2000	0.1164	902.0000	183.0000	0.2029	904.0000
15	0.6743	0.4574	0.3331	0.6884	0.0450	0.7834	19.1000	0.1130	908.0000	180.0000	0.1982	910.0000
16	0.6582	0.4602	0.3197	0.7069	0.0475	0.7898	19.1000	0.1303	918.0000	170.0000	0.1852	920.0000
17	0.6475	0.4561	0.3121	0.7121	0.0494	0.7930	19.0000	0.1134	925.0000	169.0000	0.1827	927.0000
18	0.6970	0.4619	0.3499	0.7006	0.0497	0.7794	19.1000	0.1205	928.0000	184.0000	0.1983	930.0000
19	0.6988	0.4545	0.3159	0.6993	0.0451	0.7760	19.2000	0.1418	880.0000	184.0000	0.2091	883.0000
20	0.6789	0.4607	0.3180	0.7350	0.0472	0.7977	18.8000	0.1275	876.0000	171.0000	0.1952	879.0000
21	0.6762	0.4615	0.3285	0.7276	0.0494	0.8008	19.0000	0.1164	902.0000	175.0000	0.1940	905.0000
22	0.6858	0.4586	0.3316	0.7032	0.0460	0.7961	18.8000	0.1214	846.0000	162.0000	0.1915	848.0000
23	0.7137	0.4619	0.3416	0.7049	0.0570	0.7973	18.9000	0.1197	938.0000	171.0000	0.1823	940.0000
24	0.6979	0.4590	0.3117	0.7149	0.0445	0.7950	19.0000	0.1202	860.0000	172.0000	0.2000	862.0000
25	0.6751	0.4536	0.3325	0.7183	0.0456	0.7936	18.8000	0.1247	896.0000	165.0000	0.1842	898.0000
26	0.6722	0.4528	0.3341	0.7372	0.0415	0.7753	19.4000	0.1289	893.0000	168.0000	0.1881	895.0000
27	0.6545	0.4557	0.3295	0.7263	0.0450	0.7811	19.1000	0.1572	843.0000	179.0000	0.2123	847.0000
28	0.6824	0.4602	0.3400	0.7203	0.0478	0.7844	19.1000	0.1269	912.0000	172.0000	0.1886	915.0000
29	0.6747	0.4594	0.3337	0.7200	0.0462	0.7926	18.8000	0.1416	890.0000	184.0000	0.2067	892.0000
30	0.6607	0.4594	0.3248	0.7001	0.0447	0.7661	19.3000	0.1440	897.0000	191.0000	0.2129	899.0000
31	0.6849	0.4536	0.3184	0.6977	0.0447	0.7819	19.1000	0.1205	878.0000	172.0000	0.1959	880.0000
32	0.6379	0.4594	0.3236	0.7252	0.0412	0.7901	19.3000	0.1304	847.0000	180.0000	0.2125	849.0000
33	0.6730	0.4615	0.3285	0.6956	0.0436	0.7803	19.4000	0.1219	943.0000	181.0000	0.1919	945.0000
34	0.6328	0.4627	0.3240	0.7167	0.0409	0.7695	19.3000	0.1247	938.0000	188.0000	0.2004	940.0000
35	0.7223	0.4561	0.3290	0.7053	0.0492	0.8053	18.6000	0.1083	937.0000	165.0000	0.1761	939.0000
36	0.7008	0.4569	0.3225	0.7174	0.0466	0.8025	18.9000	0.1055	888.0000	167.0000	0.1881	891.0000
37	0.6603	0.4607	0.3396	0.7229	0.0472	0.7852	18.8000	0.1186	863.0000	169.0000	0.1958	865.0000
38	0.7044	0.4598	0.3393	0.7121	0.0422	0.7890	19.1000	0.1225	880.0000	178.0000	0.2023	882.0000
39	0.6753	0.4541	0.3322	0.7415	0.0502	0.8043	19.2000	0.1194	913.0000	168.0000	0.1840	915.0000
40	0.6809	0.4574	0.3256	0.7130	0.0463	0.7868	19.1000	0.1364	858.0000	181.0000	0.2110	861.0000
41	0.6764	0.4607	0.3236	0.6940	0.0477	0.7827	19.0000	0.1168	935.0000	185.0000	0.1979	938.0000
42	0.6912	0.4557	0.3150	0.7568	0.0481	0.8014	19.1000	0.1113	924.0000	155.0000	0.1677	927.0000
43	0.6559	0.4602	0.3272	0.7285	0.0475	0.7923	19.0000	0.1080	929.0000	176.0000	0.1895	932.0000
44	0.6825	0.4565	0.3250	0.7130	0.0482	0.7913	18.8000	0.1200	909.0000	183.0000	0.2013	911.0000
45	0.6870	0.4574	0.3441	0.7231	0.0485	0.8059	19.1000	0.1033	910.0000	164.0000	0.1802	912.0000
46	0.6792	0.4569	0.3261	0.7093	0.0475	0.8061	19.2000	0.1081	944.0000	173.0000	0.1833	946.0000
47	0.6746	0.4561	0.3051	0.6931	0.0479	0.7995	19.3000	0.1076	896.0000	179.0000	0.1998	898.0000
48	0.6683	0.4569	0.3304	0.7278	0.0470	0.7886	19.4000	0.1311	879.0000	168.0000	0.1911	882.0000
49	0.7000	0.4607	0.3374	0.7132	0.0508	0.8094	19.1000	0.1059	903.0000	168.0000	0.1860	906.0000
50	0.6802	0.4557	0.3190	0.7202	0.0427	0.8061	19.3000	0.0966	895.0000	173.0000	0.1933	899.0000
51	0.6641	0.4569	0.3404	0.7240	0.0429	0.7793	19.1000	0.1274	930.0000	179.0000	0.1925	934.0000
52	0.6726	0.4582	0.3315	0.7361	0.0500	0.7850	18.9000	0.1382	919.0000	179.0000	0.1948	921.0000
53	0.7298	0.4578	0.3295	0.7301	0.0418	0.8135	19.0000	0.0999	837.0000	158.0000	0.1888	839.0000
54	0.6970	0.4607	0.3320	0.7093	0.0463	0.8022	19.1000	0.1128	881.0000	168.0000	0.1907	883.0000
55	0.7045	0.4615	0.3371	0.7099	0.0518	0.7945	19.4000	0.1293	915.0000	180.0000	0.1967	918.0000
56	0.6931	0.4565	0.3276	0.7232	0.0430	0.7860	19.1000	0.1326	807.0000	175.0000	0.2169	809.0000
57	0.6766	0.4569	0.3382	0.7262	0.0458	0.7754	19.0000	0.1355	896.0000	179.0000	0.1998	898.0000
58	0.6785	0.4574	0.3296	0.6925	0.0447	0.7799	18.8000	0.1156	935.0000	180.0000	0.1925	937.0000
59	0.6910	0.4619	0.3360	0.7069	0.0461	0.7836	19.4000	0.1249	922.0000	182.0000	0.1974	926.0000
60	0.7159	0.4569	0.3224	0.7113	0.0435	0.7998	19.2000	0.1079	848.0000	163.0000	0.1922	850.0000
61	0.6443	0.4602	0.3382	0.6953	0.0457	0.7713	19.2000	0.1500	959.0000	194.0000	0.2023	961.0000
62	0.6614	0.4557	0.3217	0.7193	0.0483	0.7901	19.6000	0.1423	898.0000	175.0000	0.1949	902.0000
63	0.6810	0.4582	0.3061	0.6839	0.0451	0.7734	18.8000	0.1306	911.0000	178.0000	0.1954	917.0000
64	0.6854	0.4590	0.3286	0.7075	0.0443	0.7751	19.1000	0.1249	913.0000	181.0000	0.1982	915.0000
65	0.6440	0.4561	0.3313	0.7048	0.0410	0.7712	19.1000	0.1377	908.0000	188.0000	0.2070	910.0000
66	0.6606	0.4598	0.3411	0.7188	0.0433	0.7888	19.1000	0.1196	917.0000	174.0000	0.1897	919.0000
67	0.6788	0.4553	0.3157	0.6893	0.0471	0.7828	19.3000	0.1326	880.0000	182.0000	0.2068	882.0000
68	0.6707	0.4569	0.3180	0.7323	0.0466	0.7955	19.3000	0.1419	842.0000	172.0000	0.2043	844.0000
69	0.6783	0.4569	0.3395	0.7107	0.0489	0.8036	19.0000	0.1160	888.0000	174.0000	0.1959	890.0000
70	0.6644	0.4631	0.3221	0.7130	0.0423	0.7883	18.8000	0.1225	913.0000	178.0000	0.1950	915.0000
71	0.6268	0.4582	0.3236	0.7153	0.0420	0.7763	19.4000	0.1402	849.0000	183.0000	0.2155	852.0000
72	0.6466	0.4685	0.3300	0.6953	0.0403	0.7627	19.1000	0.1434	888.0000	197.0000	0.2218	891.0000
73	0.6589	0.4574	0.3295	0.7174	0.0432	0.7875	18.7000	0.1188	888.0000	174.0000	0.1959	890.0000
74	0.6767	0.4607	0.3354	0.7150	0.0502	0.8035	19.3000	0.1204	927.0000	165.0000	0.1780	931.0000
75	0.6868	0.4590	0.3370	0.7194	0.0411	0.7934	19.2000	0.1042	886.0000	170.0000	0.1919	889.0000
76	0.6927	0.4631	0.3362	0.7122	0.0509	0.7994	19.0000	0.1158	937.0000	172.0000	0.1836	939.0000
77	0.7162	0.4565	0.3139	0.7076	0.0477	0.8069	19.1000	0.1076	852.0000	159.0000	0.1866	855.0000
78	0.6574	0.4582	0.3301	0.7263	0.0462	0.8034	18.8000	0.1253	879.0000	169.0000	0.1923	884.0000
79	0.6937	0.4545	0.3283	0.7132	0.0516	0.7945	19.2000	0.1392	892.0000	170.0000	0.1906	895.0000
80	0.7030	0.4607	0.3329	0.7101	0.0482	0.7951	19.0000	0.1108	936.0000	190.0000	0.2030	939.0000
81	0.6919	0.4582	0.3129	0.7312	0.0431	0.7896	19.2000	0.1267	857.0000	167.0000	0.1949	865.0000
82	0.7050	0.4598	0.3381	0.7056	0.0468	0.7904	19.1000	0.1314	893.0000	185.0000	0.2072	895.0000
83	0.6598	0.4602	0.3431	0.7104	0.0479	0.7977	19.1000	0.1041	968.0000	176.0000	0.1818	970.0000
84	0.6779	0.4623	0.3355	0.7179	0.0481	0.7854	19.1000	0.1166	887.0000	177.0000	0.1995	890.0000
85	0.6805	0.4602	0.3312	0.7147	0.0475	0.7895	19.0000	0.1317	866.0000	181.0000	0.2090	868.0000
86	0.6525	0.4607	0.3348	0.7095	0.0382	0.7624	19.1000	0.1367	895.0000	197.0000	0.2201	897.0000
87	0.6830	0.4549	0.3372	0.7283	0.0477	0.8036	19.0000	0.1104	842.0000	159.0000	0.1888	845.0000
88	0.6433	0.4635	0.3352	0.6974	0.0453	0.7854	19.0000	0.1280	946.0000	178.0000	0.1882	948.0000
89	0.6737	0.4561	0.3165	0.7322	0.0446	0.7793	18.9000	0.1236	835.0000	183.0000	0.2192	837.0000
90	0.7064	0.4565	0.3290	0.7218	0.0490	0.7866	19.2000	0.1351	918.0000	181.0000	0.1972	920.0000
91	0.6836	0.4569	0.3366	0.7032	0.0437	0.7743	19.3000	0.1196	946.0000	177.0000	0.1871	949.0000
92	0.6460	0.4656	0.3281	0.7028	0.0438	0.7842	19.2000	0.1219	923.0000	184.0000	0.1993	925.0000
93	0.6447	0.4619	0.3194	0.7065	0.0412	0.7723	19.0000	0.1296	921.0000	179.0000	0.1944	923.0000
94	0.6701	0.4549	0.3402	0.7235	0.0474	0.7955	19.0000	0.1142	883.0000	165.0000	0.1869	885.0000
95	0.6740	0.4586	0.3411	0.7004	0.0499	0.7932	19.0000	0.1221	912.0000	178.0000	0.1952	915.0000
96	0.6923	0.4586	0.3476	0.7283	0.0468	0.7976	19.0000	0.1169	930.0000	173.0000	0.1860	932.0000
97	0.6725	0.4615	0.3376	0.7008	0.0477	0.7800	19.2000	0.1327	906.0000	178.0000	0.1965	908.0000
98	0.6811	0.4557	0.3155	0.7071	0.0446	0.7998	19.1000	0.1081	910.0000	180.0000	0.1978	912.0000
99	0.6655	0.4565	0.3318	0.7288	0.0426	0.7708	19.3000	0.1554	869.0000	178.0000	0.2048	871.0000
100	0.6893	0.4598	0.3396	0.7051	0.0511	0.7850	19.2000	0.1231	953.0000	178.0000	0.1868	956.0000
101	0.6894	0.4623	0.3373	0.7025	0.0426	0.7853	19.1000	0.1171	940.0000	189.0000	0.2011	942.0000
102	0.6605	0.4561	0.3240	0.7240	0.0405	0.7855	19.6000	0.1300	858.0000	171.0000	0.1993	860.0000
103	0.6306	0.4532	0.3230	0.7238	0.0466	0.7907	19.1000	0.1334	872.0000	169.0000	0.1938	874.0000
104	0.6526	0.4623	0.3349	0.6972	0.0480	0.7911	18.7000	0.1365	928.0000	177.0000	0.1907	930.0000
105	0.6747	0.4594	0.3370	0.7061	0.0458	0.7917	18.9000	0.1263	868.0000	177.0000	0.2039	874.0000
106	0.7098	0.4569	0.3305	0.7024	0.0473	0.7957	19.3000	0.1203	891.0000	171.0000	0.1919	893.0000
107	0.6991	0.4623	0.3328	0.6942	0.0503	0.8022	19.0000	0.1283	927.0000	165.0000	0.1780	929.0000
108	0.6330	0.4619	0.3373	0.7162	0.0429	0.7717	19.3000	0.1337	978.0000	181.0000	0.1851	980.0000
109	0.6495	0.4594	0.3224	0.7100	0.0456	0.7860	19.2000	0.1322	917.0000	182.0000	0.1985	919.0000
110	0.7026	0.4586	0.3352	0.6947	0.0504	0.7943	19.2000	0.1000	938.0000	178.0000	0.1898	940.0000
111	0.6674	0.4586	0.3320	0.7254	0.0461	0.7736	19.2000	0.1474	887.0000	183.0000	0.2063	895.0000
112	0.6716	0.4565	0.3350	0.7200	0.0464	0.7953	19.1000	0.1170	901.0000	172.0000	0.1909	903.0000
113	0.6639	0.4574	0.3254	0.7234	0.0448	0.7960	19.3000	0.1211	897.0000	177.0000	0.1973	899.0000
114	0.6523	0.4520	0.3353	0.6902	0.0438	0.7516	18.9000	0.1440	926.0000	193.0000	0.2084	928.0000
115	0.6766	0.4619	0.3444	0.6946	0.0497	0.7830	18.8000	0.1162	924.0000	183.0000	0.1981	926.0000
116	0.6752	0.4574	0.3255	0.7094	0.0488	0.7859	19.2000	0.1160	890.0000	172.0000	0.1933	892.0000
117	0.6974	0.4619	0.3304	0.7190	0.0508	0.8025	19.3000	0.1034	944.0000	180.0000	0.1907	946.0000
118	0.6987	0.4602	0.3387	0.7213	0.0499	0.8019	19.0000	0.1128	931.0000	178.0000	0.1912	934.0000
119	0.6624	0.4594	0.3352	0.7001	0.0494	0.7828	19.0000	0.1199	957.0000	185.0000	0.1933	959.0000
120	0.6968	0.4615	0.3337	0.7033	0.0478	0.7821	19.1000	0.1302	909.0000	175.0000	0.1925	912.0000
121	0.6591	0.4536	0.3327	0.7042	0.0382	0.7665	19.2000	0.1349	871.0000	187.0000	0.2147	874.0000
122	0.6327	0.4578	0.3239	0.7240	0.0413	0.7749	19.1000	0.1199	889.0000	182.0000	0.2047	891.0000
123	0.6856	0.4582	0.3251	0.7032	0.0434	0.8069	19.3000	0.1075	901.0000	171.0000	0.1898	903.0000
124	0.7184	0.4619	0.3334	0.6976	0.0471	0.7774	18.9000	0.1261	904.0000	189.0000	0.2091	907.0000
125	0.6340	0.4586	0.3347	0.7057	0.0449	0.7708	19.5000	0.1461	917.0000	183.0000	0.1996	919.0000
126	0.6187	0.4553	0.3167	0.7135	0.0366	0.7707	19.2000	0.1441	869.0000	186.0000	0.2140	871.0000
127	0.6922	0.4569	0.3311	0.7137	0.0427	0.8019	19.0000	0.1151	883.0000	164.0000	0.1857	885.0000
128	0.6672	0.4553	0.3228	0.7134	0.0415	0.7757	19.0000	0.1524	935.0000	181.0000	0.1936	937.0000
129	0.6559	0.4553	0.3287	0.7229	0.0412	0.7748	19.3000	0.1318	901.0000	182.0000	0.2020	903.0000
130	0.6922	0.4652	0.3423	0.6945	0.0518	0.7923	18.8000	0.1232	959.0000	185.0000	0.1929	961.0000
131	0.6585	0.4602	0.3299	0.6942	0.0420	0.7793	18.9000	0.1197	968.0000	180.0000	0.1860	970.0000
132	0.6174	0.4615	0.3580	0.6971	0.0464	0.7644	19.3000	0.1422	1002.0000	190.0000	0.1896	1004.0000
133	0.6520	0.4602	0.3412	0.7088	0.0506	0.7916	19.0000	0.1226	940.0000	177.0000	0.1883	943.0000
134	0.6833	0.4590	0.3271	0.7198	0.0466	0.7889	19.1000	0.1281	923.0000	173.0000	0.1874	925.0000
135	0.6533	0.4582	0.3142	0.7098	0.0388	0.7786	19.1000	0.0974	916.0000	172.0000	0.1878	918.0000
136	0.6689	0.4611	0.3185	0.7093	0.0453	0.7725	19.3000	0.1298	905.0000	186.0000	0.2055	907.0000
137	0.6746	0.4594	0.3217	0.7113	0.0452	0.7955	19.2000	0.1016	939.0000	177.0000	0.1885	943.0000
138	0.6801	0.4557	0.3247	0.7346	0.0427	0.7803	19.1000	0.1236	878.0000	180.0000	0.2050	881.0000
139	0.6357	0.4598	0.3236	0.7079	0.0453	0.7936	19.0000	0.1353	893.0000	171.0000	0.1915	895.0000
140	0.6785	0.4611	0.3505	0.7119	0.0487	0.8070	19.2000	0.1149	882.0000	173.0000	0.1961	884.0000
141	0.6582	0.4586	0.3184	0.7115	0.0473	0.7914	18.9000	0.1074	922.0000	167.0000	0.1811	924.0000
142	0.6784	0.4602	0.3287	0.7088	0.0510	0.8042	19.1000	0.1128	949.0000	172.0000	0.1812	951.0000
143	0.7043	0.4565	0.3401	0.7175	0.0512	0.8132	19.1000	0.1134	895.0000	167.0000	0.1866	898.0000
144	0.6499	0.4611	0.3400	0.7142	0.0472	0.7690	19.4000	0.1366	914.0000	192.0000	0.2101	917.0000
145	0.6401	0.4569	0.3324	0.7258	0.0406	0.7627	19.1000	0.1546	883.0000	181.0000	0.2050	885.0000
146	0.6924	0.4607	0.3390	0.7186	0.0505	0.7975	19.1000	0.1179	904.0000	177.0000	0.1958	906.0000
147	0.6471	0.4565	0.3358	0.6986	0.0415	0.7791	19.5000	0.1298	893.0000	178.0000	0.1993	895.0000
148	0.6773	0.4619	0.3473	0.7062	0.0465	0.7981	19.2000	0.1120	974.0000	175.0000	0.1797	976.0000
149	0.6988	0.4602	0.3364	0.7029	0.0471	0.7800	19.2000	0.1347	917.0000	202.0000	0.2203	919.0000
150	0.6484	0.4602	0.3324	0.7193	0.0382	0.7740	19.1000	0.1312	825.0000	185.0000	0.2242	827.0000
151	0.6906	0.4631	0.3497	0.6966	0.0478	0.7794	18.9000	0.1332	955.0000	191.0000	0.2000	957.0000
152	0.6891	0.4553	0.3328	0.7367	0.0471	0.7810	19.1000	0.1429	858.0000	170.0000	0.1981	860.0000
153	0.6500	0.4569	0.3174	0.7117	0.0396	0.7677	18.9000	0.1308	880.0000	180.0000	0.2045	882.0000
154	0.6763	0.4586	0.3307	0.7085	0.0429	0.7802	19.1000	0.1210	931.0000	176.0000	0.1890	933.0000
155	0.6935	0.4545	0.3167	0.7085	0.0439	0.7843	19.4000	0.1110	853.0000	169.0000	0.1981	855.0000
156	0.6433	0.4611	0.3330	0.7072	0.0480	0.7694	18.8000	0.1447	939.0000	182.0000	0.1938	941.0000
157	0.6872	0.4578	0.3337	0.7165	0.0497	0.7925	18.8000	0.1256	940.0000	175.0000	0.1862	942.0000
158	0.7059	0.4627	0.3286	0.7328	0.0512	0.7950	19.3000	0.1126	899.0000	169.0000	0.1880	901.0000
159	0.7196	0.4578	0.3218	0.7027	0.0448	0.7953	18.9000	0.1093	896.0000	171.0000	0.1908	898.0000
160	0.6587	0.4574	0.3327	0.7468	0.0492	0.8095	18.9000	0.1163	890.0000	165.0000	0.1854	892.0000
161	0.6576	0.4594	0.3344	0.6966	0.0481	0.7798	18.8000	0.1306	879.0000	183.0000	0.2082	881.0000
162	0.7070	0.4574	0.3245	0.7002	0.0455	0.8000	19.2000	0.1176	892.0000	172.0000	0.1928	894.0000
163	0.6675	0.4598	0.3386	0.7119	0.0488	0.8015	19.1000	0.1240	947.0000	177.0000	0.1869	949.0000
164	0.6775	0.4565	0.3134	0.7123	0.0466	0.7960	19.2000	0.1151	901.0000	173.0000	0.1920	903.0000
165	0.6615	0.4586	0.3318	0.7089	0.0435	0.7899	18.9000	0.1049	910.0000	174.0000	0.1912	913.0000
166	0.6880	0.4586	0.3351	0.7236	0.0493	0.7892	18.7000	0.1264	915.0000	171.0000	0.1869	921.0000
167	0.6882	0.4578	0.3408	0.7078	0.0484	0.8017	19.4000	0.1124	894.0000	166.0000	0.1857	896.0000
168	0.6771	0.4561	0.3166	0.7122	0.0429	0.7778	18.9000	0.1394	889.0000	186.0000	0.2092	891.0000
169	0.6456	0.4607	0.3282	0.7071	0.0480	0.7976	18.9000	0.1196	929.0000	173.0000	0.1862	931.0000
170	0.6802	0.4602	0.3343	0.6792	0.0390	0.7768	19.2000	0.1168	855.0000	183.0000	0.2140	857.0000
171	0.6881	0.4615	0.3390	0.7325	0.0511	0.8107	18.9000	0.1133	895.0000	165.0000	0.1844	898.0000
172	0.6332	0.4536	0.3221	0.7121	0.0417	0.7838	19.3000	0.1351	947.0000	177.0000	0.1869	950.0000
173	0.6450	0.4602	0.3455	0.7054	0.0480	0.7859	19.4000	0.1450	948.0000	190.0000	0.2004	951.0000
174	0.7129	0.4615	0.3458	0.7205	0.0483	0.8014	18.8000	0.1179	922.0000	163.0000	0.1768	925.0000
175	0.6787	0.4619	0.3312	0.7170	0.0479	0.7847	19.0000	0.1367	924.0000	186.0000	0.2013	929.0000
176	0.6671	0.4627	0.3296	0.6994	0.0471	0.7996	19.2000	0.0986	906.0000	174.0000	0.1921	908.0000
177	0.6810	0.4557	0.3191	0.7084	0.0468	0.7795	18.8000	0.1256	927.0000	177.0000	0.1909	930.0000
178	0.6968	0.4565	0.3418	0.6879	0.0499	0.7988	19.0000	0.1072	960.0000	180.0000	0.1875	962.0000
179	0.6900	0.4582	0.3188	0.7204	0.0449	0.7912	19.4000	0.1121	876.0000	177.0000	0.2021	878.0000
180	0.6524	0.4574	0.3247	0.7075	0.0399	0.7743	18.9000	0.1096	893.0000	180.0000	0.2016	895.0000
181	0.6878	0.4611	0.3308	0.7110	0.0503	0.7923	19.2000	0.1294	910.0000	181.0000	0.1989	912.0000
182	0.6566	0.4602	0.3321	0.7184	0.0460	0.7957	18.9000	0.1034	927.0000	170.0000	0.1834	930.0000
183	0.6598	0.4582	0.3247	0.6901	0.0454	0.7779	19.1000	0.1174	931.0000	183.0000	0.1966	933.0000
184	0.6626	0.4619	0.3443	0.7253	0.0471	0.7801	19.4000	0.1298	930.0000	185.0000	0.1989	933.0000
185	0.6926	0.4549	0.3284	0.7303	0.0491	0.7982	18.9000	0.1111	903.0000	184.0000	0.2038	905.0000
186	0.6656	0.4611	0.3373	0.7133	0.0520	0.7922	19.3000	0.1177	950.0000	179.0000	0.1884	952.0000
187	0.6699	0.4656	0.3439	0.7246	0.0507	0.7948	19.1000	0.1132	977.0000	187.0000	0.1914	979.0000
188	0.6734	0.4545	0.3142	0.6755	0.0348	0.7627	19.3000	0.1241	848.0000	192.0000	0.2264	850.0000
189	0.6821	0.4615	0.3352	0.6899	0.0498	0.7928	18.8000	0.1188	944.0000	181.0000	0.1917	946.0000
190	0.6669	0.4561	0.3299	0.7142	0.0477	0.7930	19.4000	0.1295	934.0000	172.0000	0.1842	936.0000
191	0.7049	0.4615	0.3276	0.7212	0.0487	0.7992	19.2000	0.1162	897.0000	173.0000	0.1929	899.0000
192	0.6630	0.4574	0.3370	0.7006	0.0440	0.7790	18.9000	0.1271	938.0000	181.0000	0.1930	944.0000
193	0.6750	0.4602	0.3331	0.7144	0.0429	0.7762	19.2000	0.1110	905.0000	184.0000	0.2033	908.0000
194	0.6799	0.4565	0.3364	0.7103	0.0476	0.8143	19.4000	0.0940	963.0000	164.0000	0.1703	967.0000
195	0.6561	0.4631	0.3371	0.7053	0.0503	0.7878	18.9000	0.1378	929.0000	184.0000	0.1981	931.0000
196	0.6908	0.4590	0.3283	0.7139	0.0406	0.7787	18.9000	0.1142	912.0000	186.0000	0.2039	914.0000
197	0.6470	0.4586	0.3317	0.7274	0.0459	0.7903	19.0000	0.1270	916.0000	183.0000	0.1998	918.0000
198	0.6262	0.4565	0.3234	0.6841	0.0404	0.7586	19.1000	0.1386	866.0000	173.0000	0.1998	868.0000
199	0.6904	0.4611	0.3375	0.7245	0.0490	0.8018	19.0000	0.1117	877.0000	166.0000	0.1893	879.0000
200	0.6951	0.4607	0.3196	0.7075	0.0468	0.7834	18.9000	0.1248	903.0000	177.0000	0.1960	905.0000
201	0.6415	0.4569	0.3290	0.7198	0.0422	0.7825	18.6000	0.1263	896.0000	170.0000	0.1897	902.0000
202	0.6747	0.4615	0.3252	0.7012	0.0395	0.7773	19.1000	0.1284	864.0000	185.0000	0.2141	867.0000
203	0.6720	0.4615	0.3314	0.7134	0.0495	0.7893	19.0000	0.1305	939.0000	181.0000	0.1928	942.0000
204	0.6920	0.4569	0.3259	0.7158	0.0441	0.7662	19.0000	0.1461	867.0000	172.0000	0.1984	869.0000
205	0.6535	0.4569	0.3350	0.7041	0.0442	0.7890	19.1000	0.1222	928.0000	187.0000	0.2015	932.0000
206	0.6458	0.4561	0.3308	0.6956	0.0442	0.7809	19.1000	0.1182	884.0000	176.0000	0.1991	886.0000
207	0.6553	0.4545	0.3376	0.7233	0.0492	0.7892	18.8000	0.1177	906.0000	178.0000	0.1965	908.0000
208	0.6677	0.4557	0.3200	0.7057	0.0410	0.7790	19.5000	0.1290	867.0000	176.0000	0.2030	870.0000
209	0.6560	0.4619	0.3254	0.7178	0.0405	0.7780	19.1000	0.1485	899.0000	182.0000	0.2024	908.0000
210	0.7009	0.4598	0.3405	0.7156	0.0519	0.8078	19.2000	0.0982	873.0000	166.0000	0.1901	875.0000
211	0.7142	0.4574	0.3250	0.7089	0.0493	0.7919	19.6000	0.1219	920.0000	174.0000	0.1891	923.0000
212	0.6971	0.4619	0.3312	0.7002	0.0418	0.7960	19.2000	0.1194	916.0000	176.0000	0.1921	924.0000
213	0.6701	0.4590	0.3314	0.7123	0.0431	0.7768	19.3000	0.1185	925.0000	180.0000	0.1946	927.0000
214	0.6966	0.4627	0.3314	0.7233	0.0457	0.7834	19.1000	0.1249	881.0000	186.0000	0.2111	883.0000
215	0.6810	0.4602	0.3132	0.7213	0.0456	0.7644	19.0000	0.1364	848.0000	190.0000	0.2241	850.0000
216	0.6534	0.4586	0.3262	0.7161	0.0463	0.7757	19.3000	0.1334	943.0000	179.0000	0.1898	945.0000
217	0.6258	0.4578	0.3279	0.7145	0.0473	0.7913	19.5000	0.1349	930.0000	179.0000	0.1925	932.0000
218	0.6832	0.4615	0.3371	0.7229	0.0477	0.8008	19.0000	0.1052	917.0000	169.0000	0.1843	920.0000
219	0.6785	0.4582	0.3431	0.7266	0.0509	0.7798	19.2000	0.1471	884.0000	183.0000	0.2070	889.0000
220	0.6878	0.4644	0.3443	0.7021	0.0488	0.7945	19.1000	0.1141	923.0000	174.0000	0.1885	925.0000
221	0.7029	0.4553	0.3206	0.7142	0.0440	0.8125	19.1000	0.1074	881.0000	175.0000	0.1986	883.0000
222	0.6531	0.4565	0.3225	0.7133	0.0491	0.7846	19.0000	0.1310	870.0000	168.0000	0.1931	872.0000
223	0.6964	0.4557	0.3313	0.7208	0.0476	0.7922	19.0000	0.1353	858.0000	166.0000	0.1935	860.0000
224	0.6384	0.4602	0.3424	0.7073	0.0471	0.7842	18.9000	0.1338	931.0000	181.0000	0.1944	933.0000
225	0.6559	0.4619	0.3269	0.7081	0.0445	0.7751	19.1000	0.1397	839.0000	177.0000	0.2110	841.0000
226	0.6917	0.4578	0.3274	0.6973	0.0471	0.7731	19.0000	0.1215	922.0000	187.0000	0.2028	924.0000
227	0.6628	0.4635	0.3401	0.6915	0.0505	0.7851	18.9000	0.1188	959.0000	193.0000	0.2013	961.0000
228	0.6765	0.4590	0.3273	0.7123	0.0503	0.7975	18.9000	0.1269	929.0000	165.0000	0.1776	931.0000
229	0.6670	0.4549	0.3347	0.7166	0.0431	0.7778	19.0000	0.1273	896.0000	184.0000	0.2054	898.0000
230	0.6633	0.4528	0.3181	0.6980	0.0478	0.7884	18.8000	0.1129	872.0000	158.0000	0.1812	879.0000
231	0.6753	0.4611	0.3249	0.7104	0.0450	0.7730	19.2000	0.1148	876.0000	181.0000	0.2066	879.0000
232	0.6815	0.4578	0.3392	0.7098	0.0481	0.7898	19.2000	0.1181	866.0000	186.0000	0.2148	868.0000
233	0.6959	0.4594	0.3249	0.7050	0.0465	0.7960	19.3000	0.1186	899.0000	166.0000	0.1846	901.0000
234	0.7034	0.4693	0.3239	0.7146	0.0473	0.7884	19.0000	0.1151	934.0000	178.0000	0.1906	936.0000
235	0.6936	0.4553	0.3356	0.7024	0.0502	0.8016	19.1000	0.1032	952.0000	169.0000	0.1775	954.0000
236	0.6882	0.4561	0.3338	0.7129	0.0482	0.8048	19.1000	0.1077	949.0000	168.0000	0.1770	951.0000
237	0.6494	0.4582	0.3237	0.7056	0.0389	0.7705	19.4000	0.1254	893.0000	189.0000	0.2116	895.0000
238	0.6838	0.4598	0.3291	0.7044	0.0542	0.7891	18.9000	0.1356	942.0000	170.0000	0.1805	944.0000
239	0.6854	0.4590	0.3340	0.7190	0.0460	0.7910	18.8000	0.1119	888.0000	168.0000	0.1892	890.0000
240	0.6484	0.4569	0.3316	0.7080	0.0485	0.7945	18.8000	0.1056	881.0000	160.0000	0.1816	883.0000
241	0.6683	0.4578	0.3199	0.7259	0.0429	0.7936	18.9000	0.1200	931.0000	183.0000	0.1966	933.0000
242	0.6466	0.4598	0.3408	0.6998	0.0462	0.7824	18.7000	0.1201	951.0000	187.0000	0.1966	953.0000
243	0.6699	0.4561	0.3296	0.6818	0.0497	0.7854	19.1000	0.1162	919.0000	195.0000	0.2122	921.0000
244	0.6853	0.4578	0.3181	0.7128	0.0456	0.7879	19.2000	0.1228	910.0000	176.0000	0.1934	917.0000
245	0.6545	0.4590	0.3398	0.7011	0.0443	0.7894	19.2000	0.1243	946.0000	176.0000	0.1860	948.0000
246	0.7174	0.4569	0.3343	0.6902	0.0444	0.7811	19.3000	0.1433	904.0000	186.0000	0.2058	906.0000
247	0.6835	0.4545	0.3131	0.7280	0.0408	0.7945	18.9000	0.0995	892.0000	166.0000	0.1861	895.0000
248	0.7061	0.4598	0.3341	0.7031	0.0412	0.7873	18.9000	0.1040	959.0000	180.0000	0.1877	961.0000
249	0.6644	0.4586	0.3319	0.7180	0.0410	0.7834	19.2000	0.1172	862.0000	176.0000	0.2042	865.0000
250	0.6398	0.4594	0.3263	0.7008	0.0477	0.7940	19.6000	0.1167	924.0000	172.0000	0.1861	926.0000
251	0.6920	0.4557	0.3138	0.7236	0.0455	0.7827	19.0000	0.1190	891.0000	174.0000	0.1953	895.0000
252	0.6780	0.4586	0.3354	0.7095	0.0466	0.7942	19.2000	0.1131	842.0000	184.0000	0.2185	844.0000
253	0.6834	0.4561	0.3313	0.7351	0.0490	0.8017	19.3000	0.1212	871.0000	165.0000	0.1894	873.0000
254	0.6771	0.4590	0.3408	0.7143	0.0511	0.7890	19.0000	0.1346	918.0000	176.0000	0.1917	924.0000
255	0.6958	0.4524	0.3089	0.7241	0.0458	0.7990	19.0000	0.1254	866.0000	165.0000	0.1905	868.0000
256	0.6535	0.4607	0.3425	0.6981	0.0457	0.7898	19.3000	0.1163	920.0000	181.0000	0.1967	922.0000
257	0.6490	0.4594	0.3312	0.6943	0.0368	0.7652	19.0000	0.1077	891.0000	181.0000	0.2031	893.0000
258	0.6734	0.4602	0.3363	0.6942	0.0516	0.7914	18.9000	0.1179	932.0000	178.0000	0.1910	943.0000
259	0.6608	0.4545	0.3388	0.7228	0.0522	0.7976	19.2000	0.1368	911.0000	172.0000	0.1888	923.0000
260	0.6816	0.4598	0.3406	0.6876	0.0436	0.7775	18.9000	0.1264	904.0000	181.0000	0.2002	907.0000
261	0.6657	0.4619	0.3475	0.7179	0.0528	0.7866	18.9000	0.1224	960.0000	174.0000	0.1812	964.0000
262	0.6695	0.4541	0.3295	0.7208	0.0412	0.7941	19.1000	0.1094	852.0000	167.0000	0.1960	854.0000
263	0.6715	0.4545	0.3204	0.6921	0.0460	0.7665	18.8000	0.1402	909.0000	184.0000	0.2024	911.0000
264	0.6465	0.4598	0.3217	0.7078	0.0432	0.7843	18.8000	0.1113	929.0000	179.0000	0.1927	931.0000
265	0.6884	0.4590	0.3400	0.7138	0.0475	0.7963	19.3000	0.1213	935.0000	180.0000	0.1925	937.0000
266	0.6976	0.4607	0.3376	0.7012	0.0478	0.7785	19.2000	0.1342	885.0000	200.0000	0.2260	887.0000
267	0.7017	0.4586	0.3294	0.7030	0.0498	0.7937	18.9000	0.1339	882.0000	180.0000	0.2041	884.0000
268	0.6925	0.4582	0.3236	0.7113	0.0442	0.7928	18.9000	0.1183	909.0000	174.0000	0.1914	911.0000
269	0.7246	0.4607	0.3410	0.6929	0.0543	0.8013	18.9000	0.1003	1000.0000	180.0000	0.1800	1003.0000
270	0.6647	0.4553	0.3261	0.7117	0.0493	0.7799	18.9000	0.1406	917.0000	181.0000	0.1974	919.0000
271	0.6192	0.4598	0.3274	0.7044	0.0447	0.7780	19.3000	0.1292	938.0000	197.0000	0.2100	940.0000
272	0.6711	0.4607	0.3411	0.7009	0.0448	0.7925	19.1000	0.1124	959.0000	178.0000	0.1856	962.0000
273	0.6915	0.4607	0.3271	0.7114	0.0447	0.7931	19.0000	0.1197	855.0000	175.0000	0.2047	862.0000
274	0.7209	0.4619	0.3333	0.7118	0.0488	0.8134	19.3000	0.0883	883.0000	164.0000	0.1857	885.0000
275	0.6756	0.4594	0.3272	0.6879	0.0448	0.7822	19.0000	0.1109	916.0000	182.0000	0.1987	918.0000
276	0.6783	0.4586	0.3240	0.7007	0.0479	0.8071	19.3000	0.1029	922.0000	176.0000	0.1909	924.0000
277	0.6814	0.4565	0.3283	0.7222	0.0454	0.7693	19.1000	0.1302	920.0000	193.0000	0.2098	922.0000
278	0.7102	0.4598	0.3346	0.6993	0.0535	0.7920	19.0000	0.1182	935.0000	170.0000	0.1818	937.0000
279	0.6737	0.4578	0.3408	0.7260	0.0443	0.7957	19.2000	0.1060	900.0000	174.0000	0.1933	911.0000
280	0.6616	0.4602	0.3426	0.6998	0.0463	0.7737	18.9000	0.1316	960.0000	194.0000	0.2021	962.0000
281	0.6650	0.4594	0.3307	0.7163	0.0488	0.7818	19.0000	0.1228	945.0000	168.0000	0.1778	948.0000
282	0.6748	0.4574	0.3219	0.7168	0.0447	0.7931	19.1000	0.1180	838.0000	163.0000	0.1945	840.0000
283	0.6916	0.4590	0.3386	0.7209	0.0477	0.7913	19.2000	0.1286	897.0000	172.0000	0.1918	899.0000
284	0.6914	0.4623	0.3369	0.7150	0.0469	0.7839	19.1000	0.1185	905.0000	180.0000	0.1989	912.0000
285	0.6573	0.4565	0.3335	0.7120	0.0467	0.7895	19.2000	0.1293	876.0000	174.0000	0.1986	878.0000
286	0.6929	0.4549	0.3298	0.7354	0.0461	0.7880	19.4000	0.1329	875.0000	180.0000	0.2057	877.0000
287	0.6826	0.4565	0.3237	0.7095	0.0430	0.7858	19.3000	0.1342	874.0000	182.0000	0.2082	876.0000
288	0.6484	0.4569	0.3342	0.7085	0.0442	0.7823	19.5000	0.1239	927.0000	180.0000	0.1942	930.0000
289	0.6856	0.4578	0.3228	0.7334	0.0491	0.7921	19.2000	0.1131	858.0000	164.0000	0.1911	861.0000
290	0.6867	0.4557	0.3188	0.7214	0.0470	0.7994	19.1000	0.1286	855.0000	173.0000	0.2023	858.0000
291	0.6992	0.4586	0.3327	0.7348	0.0495	0.7963	19.5000	0.1074	886.0000	172.0000	0.1941	888.0000
292	0.6766	0.4569	0.3268	0.6876	0.0401	0.7850	19.1000	0.1102	910.0000	185.0000	0.2033	912.0000
293	0.6498	0.4557	0.3324	0.6983	0.0448	0.7735	19.0000	0.1306	931.0000	190.0000	0.2041	933.0000
294	0.6711	0.4508	0.3151	0.7370	0.0425	0.7923	19.0000	0.1249	846.0000	171.0000	0.2021	851.0000
295	0.6491	0.4557	0.3235	0.6893	0.0406	0.7742	19.3000	0.1393	942.0000	194.0000	0.2059	944.0000
296	0.6735	0.4536	0.3188	0.7193	0.0482	0.7800	18.7000	0.1316	920.0000	183.0000	0.1989	922.0000
297	0.6556	0.4586	0.3228	0.7023	0.0364	0.7755	19.0000	0.1116	853.0000	175.0000	0.2052	855.0000
298	0.6431	0.4648	0.3441	0.7043	0.0510	0.7949	19.2000	0.1264	945.0000	180.0000	0.1905	947.0000
299	0.6733	0.4602	0.3320	0.7161	0.0515	0.8001	19.0000	0.1107	906.0000	171.0000	0.1887	908.0000
300	0.6914	0.4586	0.3291	0.6949	0.0407	0.7626	19.5000	0.1231	874.0000	192.0000	0.2197	876.0000
301	0.7180	0.4549	0.3224	0.7131	0.0421	0.8024	19.1000	0.1116	881.0000	173.0000	0.1964	886.0000
302	0.7082	0.4594	0.3321	0.6910	0.0457	0.7841	18.9000	0.1128	895.0000	179.0000	0.2000	897.0000
303	0.6720	0.4586	0.3508	0.6996	0.0480	0.7975	19.4000	0.1118	993.0000	174.0000	0.1752	995.0000
304	0.6624	0.4619	0.3313	0.7184	0.0463	0.7814	19.1000	0.1287	879.0000	173.0000	0.1968	881.0000
305	0.6849	0.4557	0.3223	0.7267	0.0468	0.7989	19.2000	0.1202	885.0000	176.0000	0.1989	887.0000
306	0.6737	0.4536	0.3166	0.7154	0.0455	0.7907	19.1000	0.1047	876.0000	174.0000	0.1986	878.0000
307	0.6916	0.4541	0.3209	0.7195	0.0519	0.7800	19.1000	0.1352	875.0000	170.0000	0.1943	878.0000
308	0.6831	0.4611	0.3211	0.7109	0.0477	0.7855	19.3000	0.1492	913.0000	171.0000	0.1873	915.0000
309	0.6245	0.4553	0.3167	0.7134	0.0348	0.7575	19.0000	0.1451	870.0000	184.0000	0.2115	872.0000
310	0.6824	0.4569	0.3306	0.7119	0.0497	0.7776	19.1000	0.1134	893.0000	174.0000	0.1948	895.0000
311	0.6468	0.4586	0.3277	0.7210	0.0444	0.7791	19.0000	0.1326	864.0000	183.0000	0.2118	867.0000
312	0.6533	0.4549	0.3155	0.7135	0.0472	0.7897	19.1000	0.1284	894.0000	171.0000	0.1913	896.0000
313	0.6592	0.4569	0.3224	0.7047	0.0453	0.8000	19.1000	0.1233	902.0000	176.0000	0.1951	904.0000
314	0.6873	0.4582	0.3279	0.7365	0.0494	0.7857	19.2000	0.1220	936.0000	174.0000	0.1859	944.0000
315	0.6831	0.4578	0.3399	0.7194	0.0467	0.7825	18.9000	0.1304	885.0000	178.0000	0.2011	887.0000
316	0.6614	0.4623	0.3386	0.7348	0.0527	0.7980	19.2000	0.1099	946.0000	171.0000	0.1808	949.0000
317	0.6818	0.4557	0.3250	0.7208	0.0417	0.7801	19.1000	0.1210	842.0000	179.0000	0.2126	849.0000
318	0.6666	0.4586	0.3401	0.7121	0.0401	0.7691	18.9000	0.1227	905.0000	170.0000	0.1878	907.0000
319	0.6267	0.4611	0.3317	0.7273	0.0405	0.7767	18.9000	0.1135	919.0000	188.0000	0.2046	921.0000
320	0.6845	0.4578	0.3291	0.7035	0.0457	0.7873	19.0000	0.1185	901.0000	183.0000	0.2031	904.0000
321	0.6618	0.4528	0.3211	0.7078	0.0390	0.7737	19.4000	0.1264	859.0000	175.0000	0.2037	861.0000
322	0.7174	0.4619	0.3377	0.6968	0.0477	0.7890	18.9000	0.1339	891.0000	179.0000	0.2009	896.0000
323	0.6745	0.4553	0.3273	0.7131	0.0523	0.8168	18.8000	0.1164	891.0000	151.0000	0.1695	903.0000
324	0.6702	0.4631	0.3331	0.7296	0.0459	0.7911	18.9000	0.1283	872.0000	185.0000	0.2122	874.0000
325	0.6605	0.4565	0.3300	0.7278	0.0425	0.7703	19.0000	0.1393	902.0000	186.0000	0.2062	904.0000
326	0.6816	0.4541	0.3294	0.7193	0.0403	0.7771	19.3000	0.1098	860.0000	180.0000	0.2093	862.0000
327	0.6922	0.4586	0.3347	0.6981	0.0487	0.7857	19.0000	0.1258	907.0000	179.0000	0.1974	909.0000
328	0.6801	0.4586	0.3326	0.7238	0.0460	0.7813	19.1000	0.1158	919.0000	175.0000	0.1904	921.0000
329	0.6795	0.4569	0.3330	0.7060	0.0450	0.7930	19.1000	0.1206	912.0000	189.0000	0.2072	914.0000
330	0.6925	0.4611	0.3344	0.7123	0.0481	0.7953	19.3000	0.1127	885.0000	162.0000	0.1831	887.0000
331	0.6535	0.4557	0.3213	0.7120	0.0425	0.7736	19.1000	0.1258	868.0000	181.0000	0.2085	870.0000
332	0.6416	0.4582	0.3430	0.7269	0.0460	0.7811	19.0000	0.1336	947.0000	180.0000	0.1901	950.0000
333	0.6525	0.4565	0.3330	0.6976	0.0464	0.7834	18.7000	0.1218	928.0000	165.0000	0.1778	930.0000
334	0.6848	0.4569	0.3237	0.7081	0.0452	0.7958	19.2000	0.1189	869.0000	170.0000	0.1956	871.0000
335	0.6839	0.4574	0.3249	0.7067	0.0474	0.7942	19.2000	0.1163	873.0000	168.0000	0.1924	875.0000
336	0.6748	0.4582	0.3433	0.6981	0.0498	0.7931	19.3000	0.1127	941.0000	176.0000	0.1870	943.0000
337	0.6753	0.4586	0.3302	0.7200	0.0465	0.8073	18.8000	0.0994	921.0000	182.0000	0.1976	923.0000
338	0.6740	0.4607	0.3344	0.7055	0.0455	0.7960	19.0000	0.1168	929.0000	164.0000	0.1765	931.0000
339	0.6599	0.4569	0.3306	0.7084	0.0443	0.7930	19.1000	0.1168	914.0000	163.0000	0.1783	916.0000
340	0.6599	0.4594	0.3261	0.7178	0.0407	0.7755	19.1000	0.1176	895.0000	180.0000	0.2011	898.0000
341	0.6747	0.4602	0.3339	0.6985	0.0506	0.8012	19.0000	0.1237	921.0000	174.0000	0.1889	923.0000
342	0.6803	0.4594	0.3348	0.7244	0.0472	0.7966	19.1000	0.1125	888.0000	170.0000	0.1914	890.0000
343	0.6115	0.4541	0.3110	0.6953	0.0393	0.7694	19.2000	0.1295	897.0000	185.0000	0.2062	899.0000
344	0.7079	0.4586	0.3401	0.7128	0.0468	0.8014	19.2000	0.0991	967.0000	170.0000	0.1758	969.0000
345	0.6621	0.4615	0.3292	0.7092	0.0487	0.7704	19.0000	0.1354	933.0000	187.0000	0.2004	940.0000
346	0.6603	0.4598	0.3323	0.7088	0.0421	0.7960	19.1000	0.1001	894.0000	167.0000	0.1868	896.0000
347	0.6684	0.4619	0.3454	0.7014	0.0490	0.7934	18.9000	0.1116	967.0000	184.0000	0.1903	969.0000
348	0.6958	0.4516	0.3167	0.7080	0.0444	0.7977	18.9000	0.1223	855.0000	160.0000	0.1871	862.0000
349	0.6744	0.4602	0.3304	0.7150	0.0479	0.7979	19.2000	0.1329	900.0000	171.0000	0.1900	902.0000
350	0.7044	0.4545	0.3142	0.7222	0.0443	0.7740	18.5000	0.1270	843.0000	194.0000	0.2301	847.0000
351	0.6909	0.4561	0.3297	0.7229	0.0440	0.8016	18.9000	0.1113	876.0000	174.0000	0.1986	878.0000
352	0.6883	0.4549	0.3262	0.7187	0.0437	0.7961	19.1000	0.1059	865.0000	164.0000	0.1896	871.0000
353	0.6464	0.4569	0.3257	0.7106	0.0439	0.7903	19.5000	0.1140	891.0000	170.0000	0.1908	893.0000
354	0.6751	0.4557	0.3271	0.7204	0.0408	0.7806	19.1000	0.1271	888.0000	192.0000	0.2162	890.0000
355	0.6505	0.4582	0.3313	0.7052	0.0449	0.8029	18.9000	0.1014	930.0000	156.0000	0.1677	932.0000
356	0.6815	0.4594	0.3271	0.7152	0.0398	0.7784	19.2000	0.1208	910.0000	185.0000	0.2033	914.0000
357	0.7062	0.4557	0.3255	0.7119	0.0403	0.7940	18.8000	0.0974	877.0000	173.0000	0.1973	879.0000
358	0.6968	0.4611	0.3346	0.7105	0.0477	0.7821	19.0000	0.1205	879.0000	176.0000	0.2002	882.0000
359	0.6839	0.4536	0.3245	0.6993	0.0442	0.7821	19.2000	0.1287	875.0000	178.0000	0.2034	877.0000
360	0.6699	0.4528	0.3236	0.7140	0.0395	0.7735	19.2000	0.1433	880.0000	181.0000	0.2057	883.0000
361	0.6779	0.4598	0.3444	0.7134	0.0449	0.7945	19.1000	0.1067	947.0000	168.0000	0.1774	956.0000
362	0.6650	0.4578	0.3282	0.6958	0.0424	0.7723	18.9000	0.1310	943.0000	191.0000	0.2025	945.0000
363	0.6991	0.4623	0.3392	0.6841	0.0469	0.7957	19.4000	0.1200	915.0000	183.0000	0.2000	917.0000
364	0.6736	0.4586	0.3352	0.7136	0.0484	0.7983	19.1000	0.1279	946.0000	163.0000	0.1723	948.0000
365	0.6288	0.4607	0.3264	0.6889	0.0415	0.7733	19.1000	0.1287	915.0000	190.0000	0.2077	923.0000
366	0.6463	0.4594	0.3301	0.7273	0.0518	0.7969	19.1000	0.1301	881.0000	180.0000	0.2043	884.0000
367	0.6595	0.4586	0.3154	0.7206	0.0428	0.7881	18.8000	0.1335	856.0000	166.0000	0.1939	858.0000
368	0.6393	0.4561	0.3120	0.7002	0.0385	0.7603	18.9000	0.1371	898.0000	183.0000	0.2038	900.0000
369	0.6591	0.4569	0.3276	0.7003	0.0483	0.7910	18.7000	0.1158	894.0000	177.0000	0.1980	896.0000
370	0.6786	0.4569	0.3283	0.6979	0.0413	0.7674	19.2000	0.1310	915.0000	200.0000	0.2186	917.0000
371	0.6783	0.4607	0.3215	0.7156	0.0521	0.8001	18.9000	0.1243	922.0000	174.0000	0.1887	924.0000
372	0.7038	0.4586	0.3255	0.6971	0.0431	0.8014	19.3000	0.1036	970.0000	182.0000	0.1876	972.0000
373	0.6306	0.4553	0.3171	0.7296	0.0415	0.7721	19.0000	0.1284	867.0000	189.0000	0.2180	872.0000
374	0.6889	0.4590	0.3275	0.7121	0.0455	0.7925	18.9000	0.1308	878.0000	179.0000	0.2039	881.0000
375	0.6495	0.4615	0.3309	0.7084	0.0431	0.7929	18.9000	0.1345	906.0000	184.0000	0.2031	908.0000
376	0.6716	0.4631	0.3403	0.7235	0.0529	0.7902	18.7000	0.1268	971.0000	170.0000	0.1751	973.0000
377	0.6527	0.4582	0.3220	0.6953	0.0397	0.7780	19.0000	0.1233	924.0000	192.0000	0.2078	926.0000
378	0.6816	0.4602	0.3333	0.7027	0.0479	0.7645	19.1000	0.1454	958.0000	188.0000	0.1962	961.0000
379	0.6906	0.4586	0.3279	0.7171	0.0464	0.8025	19.1000	0.1252	887.0000	174.0000	0.1962	890.0000
380	0.6611	0.4586	0.3319	0.7143	0.0480	0.8164	19.1000	0.1131	901.0000	144.0000	0.1598	903.0000
381	0.6954	0.4607	0.3317	0.7049	0.0501	0.7856	19.2000	0.1232	905.0000	188.0000	0.2077	907.0000
382	0.7115	0.4561	0.3229	0.7082	0.0469	0.7869	18.9000	0.1186	876.0000	168.0000	0.1918	878.0000
383	0.6503	0.4582	0.3293	0.7128	0.0438	0.7805	19.3000	0.1220	889.0000	182.0000	0.2047	891.0000
384	0.6405	0.4602	0.3399	0.7239	0.0465	0.7894	19.1000	0.1311	898.0000	174.0000	0.1938	900.0000
385	0.7221	0.4602	0.3412	0.6853	0.0490	0.7967	19.3000	0.1107	888.0000	167.0000	0.1881	892.0000
386	0.6563	0.4578	0.3373	0.7142	0.0453	0.7806	19.1000	0.1073	942.0000	186.0000	0.1975	944.0000
387	0.6480	0.4598	0.3321	0.7063	0.0405	0.7754	19.1000	0.1211	970.0000	185.0000	0.1907	972.0000
388	0.7041	0.4504	0.3183	0.7112	0.0427	0.7881	19.6000	0.1248	843.0000	169.0000	0.2005	845.0000
389	0.6753	0.4561	0.3333	0.7026	0.0460	0.7951	19.3000	0.1195	906.0000	175.0000	0.1932	908.0000
390	0.7007	0.4574	0.3293	0.6962	0.0478	0.7828	19.2000	0.1246	893.0000	183.0000	0.2049	895.0000
391	0.6793	0.4545	0.3302	0.7322	0.0474	0.7750	19.1000	0.1587	834.0000	176.0000	0.2110	841.0000
392	0.6425	0.4569	0.3363	0.6932	0.0471	0.7583	19.2000	0.1349	941.0000	196.0000	0.2083	943.0000
393	0.6701	0.4594	0.3297	0.7051	0.0460	0.7818	19.0000	0.1323	882.0000	178.0000	0.2018	885.0000
394	0.6772	0.4656	0.3426	0.7248	0.0508	0.7775	19.4000	0.1345	964.0000	184.0000	0.1909	969.0000
395	0.6509	0.4569	0.3348	0.7075	0.0409	0.7766	18.9000	0.1247	901.0000	183.0000	0.2031	903.0000
396	0.7012	0.4520	0.3233	0.6993	0.0417	0.7729	19.4000	0.1329	827.0000	181.0000	0.2189	829.0000
397	0.6697	0.4565	0.3258	0.7172	0.0485	0.7825	19.0000	0.1390	939.0000	181.0000	0.1928	941.0000
398	0.6913	0.4586	0.3369	0.7168	0.0473	0.7777	19.3000	0.1336	864.0000	177.0000	0.2049	866.0000
399	0.6795	0.4565	0.3304	0.7116	0.0488	0.7948	19.3000	0.1240	950.0000	182.0000	0.1916	956.0000
400	0.6813	0.4623	0.3388	0.7010	0.0450	0.7757	19.1000	0.1486	883.0000	184.0000	0.2084	885.0000
401	0.6776	0.4582	0.3263	0.7145	0.0469	0.7860	19.4000	0.1284	928.0000	189.0000	0.2037	930.0000
402	0.6647	0.4586	0.3323	0.7131	0.0462	0.7876	19.1000	0.1131	897.0000	179.0000	0.1996	899.0000
403	0.6703	0.4569	0.3305	0.6993	0.0406	0.7604	19.1000	0.1412	911.0000	189.0000	0.2075	913.0000
404	0.6786	0.4607	0.3431	0.7132	0.0484	0.7909	19.0000	0.1219	918.0000	187.0000	0.2037	920.0000
405	0.6609	0.4615	0.3297	0.6887	0.0422	0.7787	18.7000	0.1185	903.0000	185.0000	0.2049	905.0000
406	0.6863	0.4582	0.3433	0.7290	0.0522	0.7959	19.0000	0.1101	924.0000	166.0000	0.1797	927.0000
407	0.7225	0.4578	0.3352	0.7145	0.0479	0.8014	19.1000	0.1021	894.0000	166.0000	0.1857	896.0000
408	0.6744	0.4574	0.3333	0.7251	0.0506	0.7991	18.7000	0.1157	922.0000	167.0000	0.1811	929.0000
409	0.6898	0.4565	0.3212	0.7129	0.0465	0.7884	19.0000	0.1253	880.0000	169.0000	0.1920	883.0000
410	0.6795	0.4602	0.3266	0.7126	0.0454	0.7805	19.0000	0.1423	852.0000	174.0000	0.2042	855.0000
411	0.6880	0.4602	0.3459	0.6950	0.0469	0.8054	18.9000	0.1113	966.0000	172.0000	0.1781	971.0000
412	0.6431	0.4565	0.3294	0.7226	0.0483	0.7737	18.8000	0.1333	969.0000	190.0000	0.1961	973.0000
413	0.6246	0.4627	0.3396	0.7108	0.0404	0.7667	19.1000	0.1382	929.0000	191.0000	0.2056	931.0000
414	0.6811	0.4644	0.3478	0.7029	0.0516	0.7988	19.2000	0.1192	938.0000	174.0000	0.1855	940.0000
415	0.6704	0.4574	0.3393	0.7011	0.0511	0.8014	18.9000	0.1326	933.0000	172.0000	0.1844	935.0000
416	0.6732	0.4664	0.3386	0.6916	0.0500	0.7729	18.8000	0.1334	954.0000	194.0000	0.2034	956.0000
417	0.7039	0.4569	0.3391	0.7120	0.0504	0.8027	19.3000	0.1099	889.0000	172.0000	0.1935	891.0000
418	0.6834	0.4594	0.3250	0.7156	0.0417	0.7933	19.5000	0.1124	854.0000	169.0000	0.1979	856.0000
419	0.6415	0.4557	0.3195	0.6970	0.0404	0.7791	18.9000	0.1317	911.0000	172.0000	0.1888	914.0000
420	0.6650	0.4561	0.3308	0.7013	0.0468	0.7634	18.9000	0.1643	837.0000	178.0000	0.2127	839.0000
421	0.6696	0.4561	0.3375	0.7064	0.0462	0.7880	18.8000	0.1187	884.0000	184.0000	0.2081	890.0000
422	0.6558	0.4627	0.3387	0.7130	0.0484	0.7760	19.4000	0.1302	947.0000	184.0000	0.1943	949.0000
423	0.6709	0.4574	0.3224	0.7151	0.0420	0.7786	19.0000	0.1316	851.0000	181.0000	0.2127	853.0000
424	0.6832	0.4598	0.3411	0.7041	0.0492	0.7975	18.9000	0.1138	900.0000	165.0000	0.1833	902.0000
425	0.6769	0.4569	0.3339	0.7239	0.0405	0.7857	19.0000	0.1319	838.0000	173.0000	0.2064	841.0000
426	0.6889	0.4582	0.3373	0.7195	0.0428	0.7892	19.0000	0.1171	897.0000	168.0000	0.1873	899.0000
427	0.6684	0.4561	0.3248	0.7177	0.0458	0.7749	19.3000	0.1340	871.0000	185.0000	0.2124	873.0000
428	0.6915	0.4541	0.3136	0.7230	0.0421	0.7909	19.2000	0.1117	891.0000	175.0000	0.1964	893.0000
429	0.6997	0.4594	0.3518	0.7082	0.0507	0.7749	19.4000	0.1340	929.0000	181.0000	0.1948	932.0000
430	0.6842	0.4648	0.3330	0.7051	0.0514	0.7865	19.2000	0.1415	958.0000	185.0000	0.1931	960.0000
431	0.6654	0.4594	0.3231	0.7177	0.0468	0.7864	19.2000	0.1330	930.0000	183.0000	0.1968	932.0000
432	0.6689	0.4598	0.3396	0.6968	0.0429	0.7661	18.8000	0.1296	942.0000	192.0000	0.2038	944.0000
433	0.6802	0.4553	0.3292	0.7064	0.0423	0.7798	19.2000	0.1189	907.0000	179.0000	0.1974	909.0000
434	0.6720	0.4594	0.3429	0.7119	0.0477	0.7853	19.7000	0.1338	854.0000	179.0000	0.2096	856.0000
435	0.6659	0.4611	0.3417	0.7112	0.0434	0.7800	19.2000	0.1248	896.0000	179.0000	0.1998	899.0000
436	0.6561	0.4586	0.3259	0.7145	0.0472	0.7960	19.1000	0.1046	921.0000	174.0000	0.1889	923.0000
437	0.6541	0.4557	0.3088	0.7155	0.0430	0.7786	19.0000	0.1371	886.0000	177.0000	0.1998	888.0000
438	0.6685	0.4586	0.3277	0.7097	0.0475	0.7760	18.8000	0.1326	926.0000	193.0000	0.2084	928.0000
439	0.7248	0.4586	0.3413	0.7060	0.0505	0.7939	18.9000	0.1110	896.0000	168.0000	0.1875	898.0000
440	0.6741	0.4549	0.3164	0.7072	0.0402	0.7861	19.0000	0.1002	857.0000	175.0000	0.2042	861.0000
441	0.6875	0.4594	0.3492	0.7104	0.0457	0.7830	19.2000	0.1094	901.0000	187.0000	0.2075	903.0000
442	0.6352	0.4528	0.3159	0.6973	0.0449	0.7825	19.3000	0.1229	930.0000	189.0000	0.2032	932.0000
443	0.6840	0.4549	0.3237	0.7179	0.0404	0.7750	19.1000	0.1151	845.0000	178.0000	0.2107	847.0000
444	0.6707	0.4594	0.3254	0.7156	0.0452	0.7969	18.9000	0.1099	940.0000	179.0000	0.1904	942.0000
445	0.6460	0.4578	0.3362	0.7076	0.0479	0.7810	19.0000	0.1094	972.0000	181.0000	0.1862	980.0000
446	0.7065	0.4590	0.3171	0.7226	0.0469	0.7925	19.1000	0.1091	880.0000	167.0000	0.1898	883.0000
447	0.6903	0.4590	0.3370	0.7019	0.0502	0.8009	19.1000	0.1022	901.0000	167.0000	0.1853	903.0000
448	0.6702	0.4615	0.3369	0.7164	0.0425	0.7715	19.1000	0.1399	897.0000	184.0000	0.2051	899.0000
449	0.7029	0.4598	0.3375	0.7319	0.0516	0.8135	19.0000	0.1133	911.0000	165.0000	0.1811	915.0000
450	0.6761	0.4602	0.3282	0.6905	0.0462	0.7805	19.2000	0.1106	917.0000	188.0000	0.2050	919.0000
451	0.6431	0.4553	0.3290	0.7140	0.0450	0.7834	18.9000	0.1276	902.0000	187.0000	0.2073	904.0000
452	0.6587	0.4561	0.3235	0.7169	0.0438	0.7961	19.3000	0.1151	882.0000	170.0000	0.1927	884.0000
453	0.6733	0.4590	0.3310	0.7168	0.0486	0.7735	18.7000	0.1423	905.0000	189.0000	0.2088	907.0000
454	0.6769	0.4635	0.3379	0.7059	0.0492	0.7814	19.4000	0.1211	886.0000	181.0000	0.2043	897.0000
455	0.7013	0.4557	0.3135	0.7103	0.0431	0.7813	18.9000	0.1065	881.0000	176.0000	0.1998	883.0000
456	0.6835	0.4553	0.3318	0.7260	0.0439	0.7968	19.4000	0.1086	865.0000	165.0000	0.1908	879.0000
457	0.6679	0.4532	0.3276	0.7002	0.0452	0.7956	19.1000	0.1144	911.0000	176.0000	0.1932	913.0000
458	0.6144	0.4536	0.3155	0.6940	0.0377	0.7551	19.4000	0.1299	904.0000	195.0000	0.2157	907.0000
459	0.6521	0.4586	0.3229	0.7034	0.0472	0.7811	19.1000	0.1207	926.0000	183.0000	0.1976	929.0000
460	0.6843	0.4598	0.3381	0.7109	0.0464	0.7677	19.3000	0.1392	885.0000	196.0000	0.2215	887.0000
461	0.6786	0.4602	0.3282	0.7149	0.0436	0.7782	19.1000	0.1358	893.0000	173.0000	0.1937	895.0000
462	0.6755	0.4586	0.3354	0.7195	0.0506	0.7847	19.2000	0.1352	942.0000	174.0000	0.1847	944.0000
463	0.6733	0.4602	0.3311	0.7074	0.0446	0.7795	18.7000	0.1105	926.0000	182.0000	0.1965	928.0000
464	0.6795	0.4586	0.3287	0.7326	0.0459	0.7950	19.2000	0.1223	861.0000	161.0000	0.1870	863.0000
465	0.6897	0.4619	0.3299	0.7207	0.0424	0.7793	19.4000	0.1258	857.0000	176.0000	0.2054	859.0000
466	0.6598	0.4598	0.3267	0.6957	0.0414	0.7650	19.0000	0.1365	874.0000	186.0000	0.2128	876.0000
467	0.6755	0.4553	0.3473	0.7023	0.0464	0.7841	18.9000	0.1185	929.0000	174.0000	0.1873	931.0000
468	0.6697	0.4611	0.3316	0.7044	0.0450	0.7681	19.3000	0.1369	866.0000	186.0000	0.2148	868.0000
469	0.6723	0.4586	0.3386	0.7161	0.0465	0.7804	19.0000	0.1570	878.0000	177.0000	0.2016	884.0000
470	0.6442	0.4607	0.3198	0.7177	0.0444	0.7840	19.0000	0.1196	909.0000	179.0000	0.1969	911.0000
471	0.6850	0.4619	0.3470	0.7377	0.0534	0.8072	18.8000	0.1149	940.0000	178.0000	0.1894	942.0000
472	0.6753	0.4590	0.3254	0.6966	0.0389	0.7746	19.2000	0.1407	828.0000	173.0000	0.2089	832.0000
473	0.6583	0.4536	0.3181	0.7058	0.0406	0.7783	19.3000	0.1161	860.0000	184.0000	0.2140	863.0000
474	0.6807	0.4557	0.3182	0.7289	0.0414	0.7934	18.9000	0.1095	903.0000	187.0000	0.2071	907.0000
475	0.6678	0.4598	0.3303	0.7082	0.0460	0.7854	19.3000	0.1338	908.0000	190.0000	0.2093	910.0000
476	0.6860	0.4582	0.3318	0.7171	0.0460	0.7796	19.2000	0.1399	909.0000	186.0000	0.2046	911.0000
477	0.6580	0.4553	0.3325	0.7184	0.0453	0.7708	19.4000	0.1543	869.0000	187.0000	0.2152	871.0000
478	0.6998	0.4631	0.3397	0.6842	0.0431	0.7823	18.9000	0.1112	942.0000	180.0000	0.1911	944.0000
479	0.6736	0.4553	0.3165	0.7342	0.0442	0.7854	18.9000	0.1425	913.0000	173.0000	0.1895	915.0000
480	0.6185	0.4594	0.3224	0.7170	0.0393	0.7922	19.1000	0.1160	874.0000	178.0000	0.2037	876.0000
481	0.6542	0.4545	0.3452	0.7295	0.0512	0.7816	19.3000	0.1353	941.0000	174.0000	0.1849	943.0000
482	0.6873	0.4627	0.3212	0.7194	0.0407	0.7849	18.8000	0.1102	910.0000	176.0000	0.1934	912.0000
483	0.6609	0.4615	0.3445	0.6863	0.0480	0.7783	19.1000	0.1377	937.0000	194.0000	0.2070	939.0000
484	0.6970	0.4615	0.3340	0.7040	0.0513	0.8148	19.1000	0.1071	933.0000	162.0000	0.1736	936.0000
485	0.6851	0.4594	0.3367	0.7120	0.0471	0.7878	19.1000	0.1153	945.0000	190.0000	0.2011	947.0000
486	0.6718	0.4582	0.3230	0.7087	0.0488	0.7881	19.0000	0.1117	923.0000	171.0000	0.1853	925.0000
487	0.6650	0.4569	0.3124	0.7316	0.0397	0.7743	19.1000	0.1317	812.0000	180.0000	0.2217	814.0000
488	0.7019	0.4536	0.3322	0.7109	0.0495	0.7955	19.2000	0.1354	922.0000	171.0000	0.1855	927.0000
489	0.6732	0.4639	0.3282	0.6980	0.0424	0.7794	19.1000	0.1233	940.0000	184.0000	0.1957	942.0000
490	0.6794	0.4553	0.3257	0.6931	0.0454	0.7742	19.4000	0.1375	853.0000	183.0000	0.2145	858.0000
491	0.6684	0.4590	0.3228	0.7054	0.0428	0.7693	19.1000	0.1279	877.0000	192.0000	0.2189	880.0000
492	0.6615	0.4586	0.3198	0.7318	0.0475	0.7782	19.2000	0.1375	923.0000	182.0000	0.1972	925.0000
493	0.6484	0.4652	0.3353	0.6999	0.0481	0.7954	19.0000	0.1153	966.0000	188.0000	0.1946	968.0000
494	0.6580	0.4578	0.3349	0.6955	0.0450	0.7659	19.1000	0.1385	937.0000	185.0000	0.1974	939.0000
495	0.6554	0.4582	0.3178	0.7039	0.0436	0.7746	19.3000	0.1340	877.0000	178.0000	0.2030	879.0000
496	0.7146	0.4598	0.3359	0.7305	0.0455	0.7926	19.1000	0.1004	930.0000	175.0000	0.1882	932.0000
497	0.6821	0.4627	0.3258	0.6961	0.0406	0.7865	19.0000	0.1035	879.0000	182.0000	0.2071	881.0000
498	0.6291	0.4574	0.3378	0.7037	0.0388	0.7647	18.9000	0.1203	929.0000	195.0000	0.2099	931.0000
499	0.6890	0.4590	0.3449	0.7260	0.0437	0.7650	19.0000	0.1062	932.0000	196.0000	0.2103	934.0000
500	0.6961	0.4561	0.3245	0.7267	0.0495	0.7888	19.1000	0.1269	868.0000	171.0000	0.1970	870.0000
501	0.6894	0.4668	0.3396	0.7098	0.0499	0.7900	18.8000	0.1164	960.0000	180.0000	0.1875	962.0000
502	0.6799	0.4586	0.3343	0.7186	0.0441	0.7956	19.4000	0.1162	896.0000	179.0000	0.1998	899.0000
503	0.6636	0.4565	0.3225	0.7354	0.0453	0.7804	19.0000	0.1340	852.0000	174.0000	0.2042	861.0000
504	0.7117	0.4574	0.3373	0.6912	0.0461	0.7756	18.9000	0.1188	872.0000	181.0000	0.2076	877.0000
505	0.6857	0.4611	0.3457	0.7239	0.0478	0.7829	18.7000	0.1207	914.0000	182.0000	0.1991	916.0000
506	0.7016	0.4582	0.3415	0.7088	0.0487	0.7829	18.9000	0.1236	858.0000	184.0000	0.2145	860.0000
507	0.6754	0.4574	0.3311	0.7151	0.0421	0.7933	19.1000	0.1032	912.0000	172.0000	0.1886	914.0000
508	0.6648	0.4578	0.3272	0.7204	0.0444	0.7887	19.3000	0.1181	881.0000	173.0000	0.1964	883.0000
509	0.6883	0.4627	0.3225	0.7100	0.0388	0.7669	19.2000	0.1194	898.0000	191.0000	0.2127	900.0000
510	0.6703	0.4561	0.3268	0.7015	0.0462	0.7889	18.9000	0.1258	925.0000	169.0000	0.1827	927.0000
511	0.6537	0.4623	0.3309	0.7105	0.0465	0.7679	19.1000	0.1332	949.0000	186.0000	0.1960	951.0000
512	0.6688	0.4541	0.3205	0.7180	0.0421	0.7864	18.8000	0.1110	860.0000	177.0000	0.2058	862.0000
513	0.6568	0.4602	0.3335	0.6948	0.0463	0.7731	18.6000	0.1382	905.0000	182.0000	0.2011	907.0000
514	0.6731	0.4561	0.3329	0.6935	0.0497	0.7954	18.9000	0.0987	945.0000	184.0000	0.1947	947.0000
515	0.7097	0.4586	0.3309	0.6954	0.0489	0.7752	19.1000	0.1245	918.0000	176.0000	0.1917	921.0000
516	0.6806	0.4586	0.3347	0.7194	0.0521	0.8121	19.3000	0.1330	907.0000	159.0000	0.1753	911.0000
517	0.6593	0.4578	0.3255	0.7182	0.0415	0.7829	19.2000	0.1254	816.0000	172.0000	0.2108	818.0000
518	0.6717	0.4660	0.3405	0.7081	0.0515	0.7986	19.2000	0.1362	905.0000	176.0000	0.1945	908.0000
519	0.6833	0.4582	0.3357	0.7081	0.0496	0.8002	18.9000	0.1168	921.0000	181.0000	0.1965	923.0000
520	0.6116	0.4569	0.3366	0.7056	0.0433	0.7503	18.8000	0.1531	906.0000	199.0000	0.2196	908.0000
521	0.6971	0.4590	0.3274	0.7387	0.0486	0.8081	18.9000	0.1049	927.0000	163.0000	0.1758	930.0000
522	0.6758	0.4512	0.3083	0.7188	0.0443	0.7989	19.2000	0.1134	838.0000	163.0000	0.1945	840.0000
523	0.6765	0.4524	0.3127	0.7348	0.0441	0.7979	19.0000	0.1339	835.0000	182.0000	0.2180	838.0000
524	0.7026	0.4590	0.3382	0.7210	0.0440	0.7858	18.9000	0.1176	899.0000	182.0000	0.2024	901.0000
525	0.6453	0.4574	0.3448	0.7038	0.0396	0.7740	19.3000	0.1416	884.0000	178.0000	0.2014	887.0000
526	0.6958	0.4569	0.3241	0.7150	0.0434	0.7860	19.2000	0.1195	885.0000	181.0000	0.2045	887.0000
527	0.7082	0.4623	0.3335	0.7101	0.0494	0.8005	19.1000	0.1098	948.0000	183.0000	0.1930	950.0000
528	0.6660	0.4578	0.3325	0.7148	0.0415	0.7649	19.1000	0.1387	880.0000	192.0000	0.2182	882.0000
529	0.7073	0.4648	0.3457	0.7143	0.0466	0.7920	19.2000	0.1177	942.0000	173.0000	0.1837	944.0000
530	0.6985	0.4578	0.3373	0.7149	0.0506	0.8124	19.1000	0.0983	899.0000	171.0000	0.1902	902.0000
531	0.6852	0.4619	0.3352	0.7162	0.0475	0.7797	19.0000	0.1358	887.0000	180.0000	0.2029	894.0000
532	0.6938	0.4586	0.3464	0.7099	0.0545	0.7959	19.3000	0.1095	952.0000	168.0000	0.1765	955.0000
533	0.6788	0.4557	0.3303	0.7361	0.0452	0.7977	19.3000	0.1263	888.0000	162.0000	0.1824	892.0000
534	0.7075	0.4586	0.3347	0.7106	0.0526	0.8007	18.8000	0.1141	922.0000	168.0000	0.1822	924.0000
535	0.6828	0.4623	0.3318	0.7011	0.0446	0.7803	19.0000	0.1298	908.0000	183.0000	0.2015	912.0000
536	0.6704	0.4602	0.3438	0.7134	0.0433	0.7844	19.0000	0.1251	855.0000	178.0000	0.2082	857.0000
537	0.6622	0.4582	0.3246	0.7128	0.0473	0.8157	19.2000	0.1070	900.0000	167.0000	0.1856	902.0000
538	0.6437	0.4549	0.3382	0.6928	0.0421	0.7704	18.9000	0.1396	863.0000	175.0000	0.2028	865.0000
539	0.6564	0.4594	0.3328	0.7303	0.0410	0.7727	19.1000	0.1496	880.0000	193.0000	0.2193	882.0000
540	0.6540	0.4615	0.3355	0.7171	0.0421	0.7754	18.9000	0.1143	969.0000	196.0000	0.2023	971.0000
541	0.6976	0.4619	0.3426	0.7184	0.0506	0.7979	19.1000	0.1240	894.0000	174.0000	0.1946	896.0000
542	0.6627	0.4565	0.3239	0.7284	0.0446	0.7785	19.0000	0.1403	838.0000	175.0000	0.2088	845.0000
543	0.6402	0.4623	0.3325	0.6849	0.0406	0.7834	19.0000	0.1068	917.0000	191.0000	0.2083	920.0000
544	0.6700	0.4569	0.3227	0.7136	0.0446	0.7979	19.1000	0.1280	869.0000	169.0000	0.1945	872.0000
545	0.6344	0.4602	0.3428	0.7006	0.0406	0.7777	18.8000	0.1105	922.0000	189.0000	0.2050	924.0000
546	0.6495	0.4586	0.3399	0.7355	0.0460	0.7973	19.2000	0.1232	882.0000	165.0000	0.1871	884.0000
547	0.6409	0.4582	0.3196	0.7032	0.0418	0.7788	19.0000	0.1328	902.0000	175.0000	0.1940	904.0000
548	0.6484	0.4569	0.3324	0.7144	0.0422	0.7774	18.7000	0.1248	869.0000	169.0000	0.1945	873.0000
549	0.6430	0.4569	0.3264	0.6918	0.0424	0.7870	18.9000	0.1219	885.0000	179.0000	0.2023	887.0000
550	0.6686	0.4598	0.3362	0.6870	0.0455	0.7782	19.1000	0.1161	974.0000	179.0000	0.1838	977.0000
551	0.6454	0.4582	0.3181	0.6816	0.0467	0.7602	19.1000	0.1454	959.0000	192.0000	0.2002	963.0000
552	0.6781	0.4602	0.3604	0.7243	0.0430	0.7949	19.3000	0.1203	887.0000	168.0000	0.1894	890.0000
553	0.6974	0.4627	0.3461	0.7046	0.0564	0.8049	19.3000	0.1116	981.0000	168.0000	0.1713	984.0000
554	0.6560	0.4586	0.3323	0.7111	0.0394	0.7550	19.2000	0.1296	871.0000	188.0000	0.2158	873.0000
555	0.6643	0.4565	0.3287	0.7029	0.0454	0.7676	18.8000	0.1467	861.0000	179.0000	0.2079	866.0000
556	0.6689	0.4586	0.3342	0.6968	0.0461	0.7834	19.2000	0.1200	923.0000	186.0000	0.2015	925.0000
557	0.7139	0.4578	0.3458	0.7243	0.0489	0.7986	19.0000	0.1154	859.0000	170.0000	0.1979	863.0000
558	0.6859	0.4594	0.3237	0.7300	0.0444	0.7958	19.0000	0.1110	867.0000	176.0000	0.2030	869.0000
559	0.6660	0.4631	0.3246	0.7201	0.0460	0.7854	19.2000	0.1235	907.0000	181.0000	0.1996	915.0000
560	0.6582	0.4594	0.3366	0.7195	0.0423	0.7800	19.2000	0.1286	895.0000	183.0000	0.2045	898.0000
561	0.6464	0.4545	0.3329	0.7093	0.0449	0.7671	18.9000	0.1424	867.0000	178.0000	0.2053	869.0000
562	0.6669	0.4615	0.3283	0.6997	0.0420	0.7722	19.1000	0.1399	903.0000	187.0000	0.2071	906.0000
563	0.6961	0.4565	0.3250	0.7024	0.0453	0.7968	18.8000	0.1151	894.0000	174.0000	0.1946	896.0000
564	0.6455	0.4549	0.3238	0.7281	0.0415	0.7895	19.0000	0.1110	846.0000	174.0000	0.2057	848.0000
565	0.6597	0.4627	0.3374	0.7187	0.0418	0.7788	19.0000	0.1093	893.0000	184.0000	0.2060	895.0000
566	0.6784	0.4598	0.3375	0.7073	0.0490	0.7771	19.1000	0.1147	970.0000	191.0000	0.1969	975.0000
567	0.6679	0.4545	0.3381	0.7326	0.0509	0.7864	19.1000	0.1284	886.0000	176.0000	0.1986	888.0000
568	0.7156	0.4557	0.3175	0.7045	0.0467	0.7928	19.4000	0.1091	938.0000	176.0000	0.1876	940.0000
569	0.6881	0.4586	0.3315	0.7015	0.0462	0.7762	18.7000	0.1271	887.0000	176.0000	0.1984	892.0000
570	0.7108	0.4607	0.3368	0.6929	0.0475	0.8031	19.0000	0.1129	950.0000	181.0000	0.1905	952.0000
571	0.6544	0.4607	0.3410	0.7135	0.0407	0.7671	19.0000	0.1489	906.0000	186.0000	0.2053	910.0000
572	0.6982	0.4594	0.3334	0.7203	0.0416	0.7897	19.0000	0.1158	866.0000	170.0000	0.1963	869.0000
573	0.6674	0.4557	0.3338	0.7035	0.0464	0.7848	19.3000	0.1321	903.0000	176.0000	0.1949	905.0000
574	0.6691	0.4561	0.3204	0.7296	0.0466	0.7887	19.0000	0.1327	913.0000	170.0000	0.1862	915.0000
575	0.6736	0.4598	0.3389	0.7273	0.0424	0.7918	18.8000	0.1209	879.0000	167.0000	0.1900	881.0000
576	0.7115	0.4504	0.3094	0.6988	0.0437	0.7973	18.8000	0.1208	827.0000	167.0000	0.2019	829.0000
577	0.6938	0.4598	0.3406	0.6928	0.0446	0.7916	19.2000	0.1028	919.0000	177.0000	0.1926	924.0000
578	0.7187	0.4607	0.3351	0.7225	0.0463	0.7973	18.8000	0.1059	903.0000	181.0000	0.2004	905.0000
579	0.6943	0.4590	0.3323	0.7158	0.0437	0.7842	19.2000	0.1257	864.0000	185.0000	0.2141	867.0000
580	0.6770	0.4578	0.3301	0.7068	0.0457	0.7867	19.2000	0.1153	908.0000	163.0000	0.1795	911.0000
581	0.6852	0.4528	0.3266	0.7259	0.0455	0.8021	19.1000	0.1076	887.0000	168.0000	0.1894	889.0000
582	0.7040	0.4615	0.3314	0.7164	0.0502	0.7910	19.2000	0.1088	909.0000	170.0000	0.1870	911.0000
583	0.6874	0.4553	0.3302	0.7152	0.0455	0.7908	19.3000	0.1309	903.0000	172.0000	0.1905	911.0000
584	0.6193	0.4569	0.3260	0.7067	0.0380	0.7659	19.1000	0.1360	912.0000	188.0000	0.2061	914.0000
585	0.6505	0.4553	0.3355	0.7382	0.0427	0.7846	19.1000	0.1247	883.0000	175.0000	0.1982	885.0000
586	0.6454	0.4574	0.3322	0.6972	0.0442	0.7601	19.2000	0.1314	895.0000	187.0000	0.2089	897.0000
587	0.6678	0.4602	0.3396	0.7072	0.0481	0.7926	19.4000	0.1174	945.0000	182.0000	0.1926	947.0000
588	0.6591	0.4574	0.3237	0.7302	0.0466	0.7948	19.1000	0.1118	889.0000	168.0000	0.1890	891.0000
589	0.6880	0.4541	0.3152	0.7046	0.0488	0.8001	18.8000	0.1175	895.0000	168.0000	0.1877	897.0000
590	0.6934	0.4569	0.3278	0.7161	0.0484	0.7904	19.3000	0.1182	896.0000	171.0000	0.1908	899.0000
591	0.6620	0.4545	0.3337	0.7123	0.0397	0.7945	19.2000	0.1183	887.0000	173.0000	0.1950	889.0000
592	0.7194	0.4631	0.3516	0.7128	0.0545	0.8017	18.9000	0.1174	939.0000	175.0000	0.1864	942.0000
593	0.6523	0.4574	0.3278	0.7011	0.0477	0.7725	19.3000	0.1277	884.0000	182.0000	0.2059	886.0000
594	0.6909	0.4557	0.3114	0.7107	0.0458	0.7828	19.4000	0.1363	852.0000	175.0000	0.2054	864.0000
595	0.6799	0.4557	0.3430	0.7300	0.0514	0.7903	18.7000	0.1412	857.0000	160.0000	0.1867	861.0000
596	0.6596	0.4565	0.3244	0.7242	0.0469	0.7817	19.1000	0.1325	900.0000	178.0000	0.1978	902.0000
597	0.6946	0.4598	0.3267	0.7087	0.0458	0.7976	19.1000	0.1102	887.0000	173.0000	0.1950	889.0000
598	0.6991	0.4586	0.3281	0.7189	0.0497	0.8112	18.9000	0.1055	886.0000	168.0000	0.1896	888.0000
599	0.6628	0.4582	0.3391	0.6998	0.0489	0.7824	19.1000	0.1369	975.0000	188.0000	0.1928	977.0000
600	0.6598	0.4611	0.3257	0.6943	0.0457	0.7952	19.0000	0.1198	891.0000	179.0000	0.2009	893.0000
601	0.6655	0.4574	0.3286	0.7228	0.0396	0.7872	18.8000	0.1245	874.0000	180.0000	0.2059	876.0000
602	0.6771	0.4582	0.3145	0.7201	0.0482	0.7915	19.0000	0.1445	884.0000	178.0000	0.2014	889.0000
603	0.6570	0.4541	0.3313	0.7020	0.0416	0.7750	19.0000	0.1266	934.0000	178.0000	0.1906	936.0000
604	0.6921	0.4602	0.3410	0.6998	0.0511	0.8167	18.9000	0.1059	928.0000	169.0000	0.1821	930.0000
605	0.7026	0.4611	0.3348	0.6977	0.0429	0.7688	19.3000	0.1220	921.0000	195.0000	0.2117	923.0000
606	0.6655	0.4578	0.3375	0.6847	0.0468	0.7913	19.1000	0.1102	892.0000	180.0000	0.2018	894.0000
607	0.6377	0.4561	0.3236	0.6940	0.0474	0.7951	18.9000	0.1304	929.0000	176.0000	0.1895	931.0000
608	0.7090	0.4565	0.3243	0.7063	0.0487	0.7919	19.0000	0.1198	867.0000	177.0000	0.2042	869.0000
609	0.6805	0.4677	0.3411	0.7167	0.0448	0.7987	19.1000	0.1010	892.0000	178.0000	0.1996	894.0000
610	0.6785	0.4578	0.3222	0.7317	0.0515	0.7931	19.1000	0.1475	931.0000	167.0000	0.1794	937.0000
611	0.6685	0.4627	0.3401	0.7244	0.0497	0.8067	18.9000	0.1207	888.0000	158.0000	0.1779	890.0000
612	0.7126	0.4623	0.3392	0.7061	0.0514	0.7980	19.2000	0.1249	893.0000	178.0000	0.1993	897.0000
613	0.6714	0.4569	0.3348	0.7043	0.0462	0.7793	19.2000	0.1208	934.0000	180.0000	0.1927	938.0000
614	0.6911	0.4553	0.3303	0.7158	0.0508	0.8056	19.1000	0.1067	920.0000	165.0000	0.1793	922.0000
615	0.6577	0.4565	0.3212	0.7160	0.0443	0.7771	19.0000	0.1215	904.0000	184.0000	0.2035	906.0000
616	0.6642	0.4598	0.3297	0.7048	0.0485	0.7807	19.2000	0.1367	962.0000	183.0000	0.1902	964.0000
617	0.6782	0.4561	0.3365	0.6915	0.0467	0.7923	19.4000	0.1123	956.0000	172.0000	0.1799	958.0000
618	0.6673	0.4598	0.3337	0.7089	0.0452	0.7905	18.9000	0.1270	905.0000	179.0000	0.1978	909.0000
619	0.6665	0.4623	0.3468	0.7063	0.0426	0.7870	18.9000	0.1128	963.0000	189.0000	0.1963	965.0000
620	0.6559	0.4582	0.3251	0.7246	0.0397	0.7741	19.0000	0.1239	881.0000	177.0000	0.2009	883.0000
621	0.6625	0.4586	0.3271	0.7007	0.0480	0.7902	19.3000	0.1281	908.0000	187.0000	0.2059	910.0000
622	0.7184	0.4623	0.3386	0.7208	0.0486	0.8047	19.0000	0.1087	895.0000	173.0000	0.1933	898.0000
623	0.6466	0.4565	0.3258	0.7081	0.0384	0.7654	18.8000	0.1491	861.0000	173.0000	0.2009	864.0000
624	0.6749	0.4582	0.3254	0.6922	0.0461	0.7796	19.4000	0.1265	916.0000	194.0000	0.2118	918.0000
625	0.6687	0.4582	0.3283	0.7220	0.0466	0.8012	19.1000	0.1330	876.0000	168.0000	0.1918	879.0000
626	0.6736	0.4602	0.3275	0.7353	0.0515	0.7953	19.0000	0.1199	895.0000	173.0000	0.1933	898.0000
627	0.6594	0.4578	0.3227	0.7171	0.0433	0.7801	19.0000	0.1384	911.0000	181.0000	0.1987	913.0000
628	0.6370	0.4598	0.3369	0.7193	0.0494	0.7812	19.3000	0.1421	930.0000	176.0000	0.1892	932.0000
629	0.6661	0.4602	0.3340	0.7306	0.0474	0.7906	19.3000	0.1196	916.0000	176.0000	0.1921	918.0000
630	0.6752	0.4594	0.3296	0.7018	0.0474	0.7884	18.9000	0.1158	914.0000	180.0000	0.1969	916.0000
631	0.6913	0.4598	0.3340	0.7103	0.0498	0.8014	18.8000	0.1134	877.0000	172.0000	0.1961	879.0000
632	0.6937	0.4594	0.3344	0.7165	0.0506	0.7966	18.6000	0.1236	923.0000	167.0000	0.1809	925.0000
633	0.6861	0.4615	0.3248	0.7050	0.0501	0.7922	19.5000	0.1216	915.0000	183.0000	0.2000	918.0000
634	0.6674	0.4598	0.3414	0.7109	0.0486	0.8001	19.4000	0.1137	917.0000	175.0000	0.1908	919.0000
635	0.6856	0.4574	0.3304	0.7027	0.0457	0.7767	19.0000	0.1407	927.0000	177.0000	0.1909	929.0000
636	0.6357	0.4598	0.3415	0.7136	0.0485	0.7909	19.5000	0.1350	926.0000	178.0000	0.1922	928.0000
637	0.6651	0.4607	0.3317	0.7319	0.0492	0.7834	19.0000	0.1181	898.0000	180.0000	0.2004	903.0000
638	0.7008	0.4528	0.3154	0.7302	0.0458	0.7961	19.2000	0.0933	844.0000	170.0000	0.2014	853.0000
639	0.6618	0.4639	0.3527	0.7063	0.0458	0.7829	18.8000	0.1179	951.0000	187.0000	0.1966	953.0000
640	0.6926	0.4557	0.3265	0.7262	0.0459	0.7880	18.7000	0.1250	868.0000	172.0000	0.1982	870.0000
641	0.6918	0.4602	0.3404	0.7194	0.0491	0.7936	19.1000	0.1112	861.0000	166.0000	0.1928	863.0000
642	0.6805	0.4487	0.3187	0.7203	0.0456	0.7979	19.1000	0.1332	895.0000	169.0000	0.1888	897.0000
643	0.6618	0.4602	0.3295	0.6924	0.0437	0.7816	19.0000	0.1275	911.0000	189.0000	0.2075	915.0000
644	0.6773	0.4578	0.3303	0.7228	0.0461	0.7776	19.2000	0.1284	910.0000	183.0000	0.2011	912.0000
645	0.6835	0.4574	0.3356	0.7249	0.0466	0.8086	18.9000	0.0982	949.0000	167.0000	0.1760	953.0000
646	0.6687	0.4607	0.3155	0.7184	0.0450	0.7885	19.1000	0.1112	901.0000	177.0000	0.1964	903.0000
647	0.6770	0.4594	0.3244	0.7147	0.0484	0.7895	18.8000	0.1386	895.0000	175.0000	0.1955	902.0000
648	0.7245	0.4578	0.3237	0.7210	0.0474	0.8104	19.6000	0.1098	860.0000	166.0000	0.1930	862.0000
649	0.6584	0.4553	0.3204	0.7195	0.0421	0.7754	19.5000	0.1185	865.0000	186.0000	0.2150	867.0000
650	0.6569	0.4607	0.3296	0.7182	0.0426	0.7873	19.3000	0.1179	912.0000	183.0000	0.2007	914.0000
651	0.6750	0.4607	0.3243	0.7097	0.0442	0.7847	19.0000	0.1148	892.0000	182.0000	0.2040	894.0000
652	0.6685	0.4627	0.3399	0.7195	0.0498	0.7811	19.3000	0.1328	891.0000	181.0000	0.2031	895.0000
653	0.6354	0.4594	0.3263	0.6970	0.0453	0.7739	19.3000	0.1211	1001.0000	183.0000	0.1828	1003.0000
654	0.6432	0.4623	0.3361	0.7102	0.0452	0.7860	18.9000	0.1273	896.0000	181.0000	0.2020	901.0000
655	0.6882	0.4598	0.3337	0.7181	0.0521	0.7889	19.0000	0.1082	904.0000	177.0000	0.1958	906.0000
656	0.6617	0.4553	0.3385	0.7439	0.0478	0.7895	19.3000	0.1301	870.0000	176.0000	0.2023	873.0000
657	0.6720	0.4549	0.3195	0.7032	0.0395	0.7911	19.0000	0.1205	823.0000	171.0000	0.2078	826.0000
658	0.7103	0.4578	0.3179	0.7071	0.0447	0.8175	18.7000	0.0904	868.0000	164.0000	0.1889	870.0000
659	0.6625	0.4561	0.3361	0.7081	0.0495	0.7862	19.2000	0.1429	841.0000	185.0000	0.2200	843.0000
660	0.6654	0.4615	0.3227	0.7203	0.0469	0.7698	19.0000	0.1407	866.0000	182.0000	0.2102	868.0000
661	0.6453	0.4602	0.3317	0.7128	0.0415	0.7718	19.3000	0.1253	950.0000	176.0000	0.1853	955.0000
662	0.6891	0.4590	0.3281	0.7264	0.0464	0.7764	18.9000	0.1347	909.0000	180.0000	0.1980	912.0000
663	0.7159	0.4582	0.3422	0.7156	0.0476	0.7988	19.0000	0.1165	881.0000	168.0000	0.1907	884.0000
664	0.6522	0.4561	0.3302	0.7222	0.0434	0.7767	19.2000	0.1323	901.0000	178.0000	0.1976	903.0000
665	0.6780	0.4631	0.3332	0.6997	0.0460	0.7877	18.9000	0.1213	933.0000	178.0000	0.1908	935.0000
666	0.6779	0.4598	0.3333	0.7216	0.0424	0.7876	19.3000	0.1081	898.0000	179.0000	0.1993	900.0000
667	0.6325	0.4586	0.3192	0.7224	0.0459	0.7966	19.0000	0.1169	952.0000	175.0000	0.1838	954.0000
668	0.6776	0.4516	0.3270	0.7368	0.0510	0.8002	18.9000	0.1187	922.0000	174.0000	0.1887	925.0000
669	0.6627	0.4569	0.3230	0.6977	0.0439	0.7823	19.1000	0.1252	903.0000	183.0000	0.2027	905.0000
670	0.7446	0.4598	0.3367	0.7192	0.0487	0.8185	19.2000	0.0895	888.0000	166.0000	0.1869	890.0000
671	0.6570	0.4565	0.3348	0.7054	0.0454	0.7786	18.9000	0.1188	949.0000	196.0000	0.2065	951.0000
672	0.6133	0.4607	0.3347	0.7313	0.0385	0.7720	19.3000	0.1456	883.0000	177.0000	0.2005	885.0000
673	0.6352	0.4615	0.3387	0.7176	0.0409	0.7965	19.0000	0.1046	957.0000	178.0000	0.1860	959.0000
674	0.6227	0.4541	0.3307	0.6999	0.0390	0.7604	18.6000	0.1326	903.0000	191.0000	0.2115	905.0000
675	0.6685	0.4602	0.3483	0.7059	0.0484	0.7770	19.0000	0.1167	925.0000	187.0000	0.2022	927.0000
676	0.7075	0.4615	0.3289	0.7248	0.0502	0.8147	18.9000	0.1142	960.0000	172.0000	0.1792	962.0000
677	0.6868	0.4590	0.3306	0.7020	0.0540	0.8072	19.2000	0.1166	938.0000	172.0000	0.1834	940.0000
678	0.6983	0.4586	0.3254	0.7207	0.0487	0.8026	19.0000	0.1082	897.0000	173.0000	0.1929	899.0000
679	0.6439	0.4582	0.3334	0.7138	0.0463	0.7822	18.9000	0.1173	914.0000	180.0000	0.1969	916.0000
680	0.6869	0.4623	0.3361	0.6817	0.0485	0.7869	19.0000	0.1208	970.0000	196.0000	0.2021	972.0000
681	0.6742	0.4586	0.3265	0.7391	0.0439	0.7893	19.3000	0.1290	841.0000	166.0000	0.1974	848.0000
682	0.6993	0.4611	0.3435	0.7229	0.0502	0.7984	19.3000	0.1216	894.0000	177.0000	0.1980	896.0000
683	0.6847	0.4611	0.3314	0.7174	0.0411	0.7831	19.5000	0.1280	874.0000	184.0000	0.2105	877.0000
684	0.6498	0.4586	0.3280	0.7057	0.0497	0.7789	19.0000	0.1395	954.0000	186.0000	0.1950	961.0000
685	0.6605	0.4590	0.3241	0.6917	0.0467	0.7915	19.2000	0.1172	899.0000	173.0000	0.1924	902.0000
686	0.6775	0.4565	0.3258	0.7339	0.0491	0.8105	18.9000	0.1203	883.0000	159.0000	0.1801	887.0000
687	0.7181	0.4668	0.3384	0.7142	0.0472	0.8006	19.0000	0.1034	878.0000	180.0000	0.2050	880.0000
688	0.6817	0.4611	0.3286	0.7254	0.0471	0.8016	19.1000	0.1154	894.0000	171.0000	0.1913	899.0000
689	0.6927	0.4590	0.3260	0.7064	0.0427	0.7766	18.5000	0.1122	903.0000	169.0000	0.1872	907.0000
690	0.6830	0.4582	0.3281	0.6947	0.0526	0.8014	18.8000	0.1050	954.0000	182.0000	0.1908	956.0000
691	0.6933	0.4508	0.3340	0.7287	0.0501	0.7942	18.8000	0.1206	892.0000	167.0000	0.1872	895.0000
692	0.6860	0.4569	0.3483	0.7084	0.0490	0.7870	19.0000	0.1256	948.0000	177.0000	0.1867	950.0000
693	0.6836	0.4569	0.3289	0.7113	0.0476	0.7868	19.2000	0.1220	905.0000	173.0000	0.1912	907.0000
694	0.6691	0.4565	0.3117	0.7092	0.0437	0.7651	19.0000	0.1357	853.0000	176.0000	0.2063	855.0000
695	0.6632	0.4545	0.3260	0.7268	0.0472	0.7778	19.0000	0.1272	894.0000	192.0000	0.2148	896.0000
696	0.7011	0.4607	0.3173	0.7113	0.0409	0.7927	18.8000	0.1052	890.0000	167.0000	0.1876	892.0000
697	0.6553	0.4607	0.3354	0.7231	0.0469	0.7699	19.4000	0.1445	901.0000	188.0000	0.2087	903.0000
698	0.6911	0.4553	0.3328	0.7258	0.0525	0.7917	19.0000	0.1506	865.0000	165.0000	0.1908	872.0000
699	0.6641	0.4553	0.3162	0.7496	0.0418	0.7703	19.2000	0.1190	846.0000	176.0000	0.2080	849.0000
700	0.6677	0.4561	0.3156	0.7248	0.0474	0.7930	19.1000	0.1215	868.0000	166.0000	0.1912	870.0000
701	0.6616	0.4578	0.3191	0.7283	0.0461	0.8072	19.1000	0.1163	896.0000	163.0000	0.1819	899.0000
702	0.6499	0.4520	0.3171	0.7226	0.0506	0.7974	18.7000	0.1257	897.0000	170.0000	0.1895	899.0000
703	0.6689	0.4602	0.3329	0.7078	0.0482	0.7915	19.5000	0.1251	903.0000	174.0000	0.1927	905.0000
704	0.6308	0.4557	0.3234	0.7190	0.0425	0.7818	19.1000	0.1301	915.0000	172.0000	0.1880	917.0000
705	0.7023	0.4619	0.3455	0.7023	0.0526	0.7918	19.3000	0.1217	971.0000	188.0000	0.1936	973.0000
706	0.6646	0.4619	0.3373	0.7139	0.0452	0.7916	18.9000	0.1152	926.0000	176.0000	0.1901	933.0000
707	0.6397	0.4541	0.3120	0.7158	0.0386	0.7757	19.2000	0.1439	816.0000	177.0000	0.2169	818.0000
708	0.7224	0.4602	0.3430	0.6901	0.0455	0.7990	18.9000	0.1115	921.0000	176.0000	0.1911	924.0000
709	0.6735	0.4578	0.3225	0.7152	0.0473	0.7763	19.2000	0.1604	863.0000	177.0000	0.2051	865.0000
710	0.7099	0.4524	0.3237	0.6978	0.0407	0.7679	18.9000	0.1428	892.0000	190.0000	0.2130	901.0000
711	0.6607	0.4574	0.3245	0.7256	0.0433	0.7852	18.9000	0.1339	893.0000	178.0000	0.1993	895.0000
712	0.6681	0.4586	0.3344	0.7174	0.0455	0.7758	19.2000	0.1407	911.0000	182.0000	0.1998	913.0000
713	0.6501	0.4635	0.3278	0.7210	0.0443	0.7947	19.3000	0.1235	922.0000	174.0000	0.1887	926.0000
714	0.6913	0.4619	0.3329	0.7035	0.0485	0.7918	19.1000	0.1035	937.0000	185.0000	0.1974	939.0000
715	0.6020	0.4598	0.3413	0.6809	0.0407	0.7760	19.2000	0.1065	940.0000	193.0000	0.2053	942.0000
716	0.6666	0.4578	0.3301	0.7084	0.0413	0.7756	19.1000	0.1281	854.0000	182.0000	0.2131	858.0000
717	0.6938	0.4615	0.3422	0.6936	0.0436	0.7779	19.2000	0.1187	952.0000	193.0000	0.2027	955.0000
718	0.6623	0.4602	0.3220	0.7087	0.0463	0.7831	19.3000	0.1270	910.0000	179.0000	0.1967	916.0000
719	0.7016	0.4528	0.3278	0.7025	0.0476	0.7892	18.9000	0.1276	902.0000	171.0000	0.1896	906.0000
720	0.6809	0.4607	0.3471	0.7000	0.0489	0.7807	19.3000	0.1204	911.0000	186.0000	0.2042	914.0000
721	0.7027	0.4615	0.3403	0.6985	0.0539	0.7965	19.5000	0.1056	994.0000	181.0000	0.1821	996.0000
722	0.6393	0.4619	0.3283	0.7077	0.0396	0.7907	18.9000	0.1129	876.0000	173.0000	0.1975	878.0000
723	0.6832	0.4615	0.3304	0.7226	0.0454	0.7864	19.0000	0.1262	905.0000	184.0000	0.2033	907.0000
724	0.6571	0.4582	0.3314	0.7252	0.0469	0.7975	19.1000	0.1106	880.0000	172.0000	0.1955	882.0000
725	0.6669	0.4569	0.3236	0.7112	0.0431	0.7845	19.3000	0.1291	898.0000	181.0000	0.2016	900.0000
726	0.6728	0.4578	0.3326	0.7082	0.0462	0.7665	19.3000	0.1215	890.0000	189.0000	0.2124	896.0000
727	0.7072	0.4602	0.3177	0.7083	0.0490	0.7932	18.7000	0.1345	890.0000	184.0000	0.2067	892.0000
728	0.6484	0.4590	0.3231	0.7086	0.0402	0.7613	19.0000	0.1341	876.0000	187.0000	0.2135	878.0000
729	0.7135	0.4598	0.3438	0.7244	0.0480	0.8077	19.2000	0.1133	888.0000	166.0000	0.1869	890.0000
730	0.6318	0.4611	0.3168	0.7180	0.0443	0.7876	18.9000	0.1325	890.0000	177.0000	0.1989	892.0000
731	0.7118	0.4561	0.3297	0.7092	0.0471	0.7910	19.2000	0.1066	905.0000	169.0000	0.1867	909.0000
732	0.6842	0.4553	0.3263	0.7423	0.0501	0.7987	19.0000	0.1232	867.0000	163.0000	0.1880	871.0000
733	0.6950	0.4586	0.3333	0.7498	0.0473	0.8048	18.8000	0.1140	854.0000	163.0000	0.1909	856.0000
734	0.6209	0.4541	0.3238	0.7104	0.0405	0.7901	19.1000	0.1255	839.0000	172.0000	0.2050	841.0000
735	0.6912	0.4619	0.3233	0.7315	0.0440	0.7854	19.1000	0.1122	877.0000	176.0000	0.2007	884.0000
736	0.6736	0.4611	0.3316	0.6954	0.0440	0.7880	19.2000	0.1124	925.0000	177.0000	0.1914	930.0000
737	0.6424	0.4561	0.3184	0.7235	0.0391	0.7577	19.0000	0.1354	887.0000	187.0000	0.2108	889.0000
738	0.6759	0.4594	0.3323	0.6906	0.0438	0.7828	19.2000	0.1088	928.0000	184.0000	0.1983	931.0000
739	0.6496	0.4598	0.3286	0.7041	0.0410	0.7746	19.0000	0.1301	931.0000	191.0000	0.2052	933.0000
740	0.6729	0.4561	0.3326	0.7175	0.0429	0.7728	18.9000	0.1409	876.0000	191.0000	0.2180	878.0000
741	0.6646	0.4569	0.3202	0.7077	0.0445	0.7762	19.3000	0.1244	857.0000	182.0000	0.2124	859.0000
742	0.6475	0.4602	0.3391	0.6874	0.0526	0.7914	19.2000	0.1244	976.0000	173.0000	0.1773	978.0000
743	0.6803	0.4524	0.3295	0.7147	0.0496	0.7998	18.8000	0.1086	902.0000	171.0000	0.1896	909.0000
744	0.7009	0.4582	0.3403	0.7135	0.0457	0.7902	18.9000	0.1158	932.0000	173.0000	0.1856	939.0000
745	0.6738	0.4565	0.3304	0.7014	0.0497	0.7856	19.3000	0.1169	934.0000	178.0000	0.1906	936.0000
746	0.6893	0.4590	0.3381	0.7173	0.0484	0.7965	19.3000	0.1107	920.0000	172.0000	0.1870	922.0000
747	0.6888	0.4569	0.3225	0.7319	0.0388	0.7768	19.2000	0.1377	859.0000	184.0000	0.2142	861.0000
748	0.6801	0.4586	0.3337	0.7082	0.0388	0.7778	19.1000	0.1225	884.0000	185.0000	0.2093	886.0000
749	0.6718	0.4607	0.3371	0.7098	0.0478	0.7867	19.3000	0.1203	901.0000	174.0000	0.1931	903.0000
750	0.6628	0.4602	0.3229	0.7099	0.0448	0.7713	19.2000	0.1180	868.0000	174.0000	0.2005	870.0000
751	0.6778	0.4532	0.3133	0.7191	0.0459	0.8001	19.3000	0.1083	905.0000	166.0000	0.1834	907.0000
752	0.7102	0.4508	0.3221	0.6977	0.0450	0.8067	18.8000	0.1084	869.0000	163.0000	0.1876	872.0000
753	0.6383	0.4582	0.3197	0.7014	0.0431	0.7831	19.0000	0.1163	927.0000	177.0000	0.1909	930.0000
754	0.6461	0.4590	0.3283	0.6960	0.0371	0.7753	19.1000	0.1163	892.0000	192.0000	0.2152	894.0000
755	0.6681	0.4590	0.3208	0.7258	0.0459	0.7730	19.2000	0.1286	874.0000	180.0000	0.2059	878.0000
756	0.6543	0.4582	0.3282	0.7092	0.0430	0.7748	18.9000	0.1470	915.0000	194.0000	0.2120	917.0000
757	0.7021	0.4565	0.3261	0.7113	0.0457	0.7873	18.8000	0.1107	901.0000	182.0000	0.2020	903.0000
758	0.6649	0.4569	0.3396	0.7039	0.0420	0.7733	19.2000	0.1239	936.0000	184.0000	0.1966	938.0000
759	0.6709	0.4590	0.3296	0.6881	0.0543	0.7791	19.3000	0.1337	934.0000	180.0000	0.1927	936.0000
760	0.6247	0.4627	0.3306	0.7253	0.0431	0.7757	19.1000	0.1294	878.0000	188.0000	0.2141	880.0000
761	0.6961	0.4590	0.3330	0.7102	0.0468	0.7910	19.1000	0.1216	944.0000	193.0000	0.2044	946.0000
762	0.7024	0.4569	0.3304	0.7256	0.0443	0.7809	19.1000	0.1203	862.0000	174.0000	0.2019	864.0000
763	0.6843	0.4532	0.3219	0.7279	0.0488	0.8038	18.7000	0.1216	910.0000	170.0000	0.1868	913.0000
764	0.6625	0.4594	0.3375	0.7132	0.0424	0.7929	18.6000	0.1025	901.0000	169.0000	0.1876	903.0000
765	0.6817	0.4561	0.3413	0.7141	0.0454	0.7975	19.0000	0.1183	908.0000	172.0000	0.1894	910.0000
766	0.6768	0.4594	0.3311	0.7231	0.0514	0.7890	19.3000	0.1239	956.0000	176.0000	0.1841	958.0000
767	0.6673	0.4586	0.3374	0.7278	0.0522	0.7921	19.3000	0.1294	941.0000	177.0000	0.1881	944.0000
768	0.6686	0.4611	0.3196	0.6991	0.0381	0.7573	19.0000	0.1334	875.0000	181.0000	0.2069	878.0000
769	0.6462	0.4607	0.3175	0.6996	0.0451	0.7838	19.3000	0.1253	913.0000	175.0000	0.1917	915.0000
770	0.6947	0.4574	0.3318	0.6907	0.0523	0.7917	19.0000	0.1335	972.0000	182.0000	0.1872	974.0000
771	0.7057	0.4607	0.3550	0.6914	0.0479	0.7836	19.1000	0.1006	950.0000	173.0000	0.1821	952.0000
772	0.6924	0.4598	0.3099	0.7145	0.0421	0.7988	19.1000	0.1031	876.0000	174.0000	0.1986	879.0000
773	0.6421	0.4574	0.3248	0.6883	0.0417	0.7550	19.3000	0.1377	927.0000	194.0000	0.2093	929.0000
774	0.6261	0.4590	0.3363	0.7218	0.0437	0.7615	19.2000	0.1517	876.0000	196.0000	0.2237	878.0000
775	0.7068	0.4578	0.3303	0.7031	0.0506	0.7944	19.0000	0.1198	910.0000	167.0000	0.1835	913.0000
776	0.6996	0.4586	0.3199	0.7039	0.0471	0.7955	19.2000	0.1133	934.0000	172.0000	0.1842	937.0000
777	0.6622	0.4565	0.3373	0.7082	0.0497	0.7915	19.0000	0.1334	923.0000	179.0000	0.1939	925.0000
778	0.6462	0.4574	0.3360	0.7322	0.0425	0.7694	18.9000	0.1241	882.0000	186.0000	0.2109	884.0000
779	0.6701	0.4557	0.3306	0.6971	0.0470	0.7862	19.0000	0.1123	911.0000	175.0000	0.1921	913.0000
780	0.6617	0.4631	0.3375	0.7174	0.0463	0.7828	18.9000	0.1221	889.0000	179.0000	0.2013	891.0000
781	0.6510	0.4553	0.3240	0.6984	0.0437	0.7683	18.9000	0.1324	912.0000	193.0000	0.2116	914.0000
782	0.6502	0.4553	0.3278	0.7095	0.0415	0.7742	19.1000	0.1323	937.0000	188.0000	0.2006	939.0000
783	0.6950	0.4627	0.3493	0.7166	0.0512	0.8003	19.4000	0.1259	915.0000	174.0000	0.1902	918.0000
784	0.7132	0.4607	0.3490	0.6984	0.0555	0.8065	19.1000	0.1193	918.0000	166.0000	0.1808	922.0000
785	0.6895	0.4582	0.3392	0.7159	0.0480	0.7831	19.1000	0.1254	956.0000	182.0000	0.1904	958.0000
786	0.6609	0.4598	0.3353	0.7064	0.0476	0.7799	19.5000	0.1257	895.0000	173.0000	0.1933	897.0000
787	0.6544	0.4586	0.3293	0.7487	0.0443	0.8003	19.4000	0.1086	870.0000	168.0000	0.1931	872.0000
788	0.6395	0.4569	0.3304	0.7199	0.0426	0.7890	19.2000	0.1108	914.0000	179.0000	0.1958	916.0000
789	0.6854	0.4623	0.3303	0.6992	0.0480	0.7847	19.1000	0.1294	959.0000	183.0000	0.1908	961.0000
790	0.7151	0.4590	0.3325	0.7128	0.0482	0.8071	19.4000	0.0988	918.0000	165.0000	0.1797	920.0000
791	0.6848	0.4615	0.3362	0.7138	0.0504	0.7873	19.2000	0.1183	948.0000	178.0000	0.1878	950.0000
792	0.6924	0.4565	0.3386	0.7115	0.0504	0.7778	19.3000	0.1218	937.0000	186.0000	0.1985	939.0000
793	0.6822	0.4648	0.3494	0.7090	0.0509	0.7873	19.1000	0.1214	980.0000	191.0000	0.1949	982.0000
794	0.6579	0.4594	0.3272	0.7087	0.0468	0.7930	19.0000	0.1314	881.0000	177.0000	0.2009	885.0000
795	0.6628	0.4557	0.3209	0.7050	0.0437	0.7961	19.0000	0.1140	877.0000	172.0000	0.1961	879.0000
796	0.6666	0.4639	0.3286	0.7102	0.0475	0.7831	18.9000	0.1302	868.0000	185.0000	0.2131	874.0000
797	0.6773	0.4602	0.3436	0.6888	0.0475	0.7754	18.9000	0.1484	955.0000	184.0000	0.1927	957.0000
798	0.6725	0.4578	0.3262	0.7194	0.0473	0.7916	19.0000	0.1187	921.0000	178.0000	0.1933	923.0000
799	0.7027	0.4586	0.3188	0.6887	0.0477	0.7937	19.4000	0.1185	927.0000	189.0000	0.2039	933.0000
800	0.6422	0.4524	0.3208	0.6966	0.0415	0.7905	19.1000	0.1320	887.0000	177.0000	0.1995	891.0000
801	0.6558	0.4594	0.3269	0.7162	0.0448	0.7707	19.2000	0.1416	897.0000	189.0000	0.2107	899.0000
802	0.6987	0.4594	0.3391	0.7060	0.0533	0.7902	19.2000	0.1182	918.0000	168.0000	0.1830	924.0000
803	0.6696	0.4623	0.3393	0.6990	0.0410	0.7795	19.0000	0.1124	929.0000	173.0000	0.1862	931.0000
804	0.6896	0.4602	0.3321	0.7174	0.0462	0.7912	18.9000	0.1181	905.0000	179.0000	0.1978	908.0000
805	0.6591	0.4561	0.3218	0.7128	0.0432	0.7716	19.1000	0.1317	914.0000	177.0000	0.1937	917.0000
806	0.6652	0.4561	0.3465	0.7242	0.0460	0.7963	19.3000	0.1029	904.0000	170.0000	0.1881	906.0000
807	0.6377	0.4561	0.3305	0.7285	0.0406	0.7708	19.1000	0.1121	915.0000	188.0000	0.2055	917.0000
808	0.6872	0.4594	0.3266	0.7030	0.0507	0.7884	19.1000	0.1050	929.0000	182.0000	0.1959	931.0000
809	0.6843	0.4598	0.3303	0.7172	0.0478	0.7979	19.3000	0.1234	879.0000	173.0000	0.1968	881.0000
810	0.6406	0.4590	0.3362	0.7050	0.0438	0.7746	19.0000	0.1267	934.0000	186.0000	0.1991	936.0000
811	0.6653	0.4549	0.3307	0.7068	0.0423	0.7755	19.3000	0.1367	871.0000	189.0000	0.2170	873.0000
812	0.6512	0.4607	0.3303	0.6953	0.0486	0.7876	19.5000	0.1286	910.0000	174.0000	0.1912	912.0000
813	0.6846	0.4615	0.3391	0.7088	0.0569	0.8133	19.3000	0.0980	892.0000	167.0000	0.1872	895.0000
814	0.6223	0.4532	0.3227	0.7351	0.0435	0.7764	19.0000	0.1433	894.0000	179.0000	0.2002	896.0000
815	0.6765	0.4553	0.3267	0.7315	0.0516	0.8087	19.0000	0.1200	898.0000	162.0000	0.1804	900.0000
816	0.6971	0.4611	0.3514	0.7151	0.0545	0.7926	19.0000	0.1342	929.0000	179.0000	0.1927	934.0000
817	0.6591	0.4574	0.3221	0.7153	0.0495	0.7973	19.2000	0.1245	931.0000	182.0000	0.1955	933.0000
818	0.6430	0.4598	0.3391	0.7243	0.0384	0.7700	19.1000	0.1171	875.0000	185.0000	0.2114	879.0000
819	0.6962	0.4594	0.3272	0.7080	0.0453	0.7950	19.2000	0.1152	853.0000	170.0000	0.1993	855.0000
820	0.6835	0.4545	0.3300	0.7255	0.0488	0.7859	19.1000	0.1391	870.0000	176.0000	0.2023	876.0000
821	0.6488	0.4590	0.3283	0.7392	0.0445	0.7913	19.3000	0.1313	875.0000	175.0000	0.2000	878.0000
822	0.6401	0.4582	0.3305	0.7057	0.0415	0.7783	19.2000	0.1342	902.0000	174.0000	0.1929	904.0000
823	0.6862	0.4565	0.3272	0.7233	0.0504	0.7952	18.7000	0.1251	897.0000	166.0000	0.1851	901.0000
824	0.6605	0.4582	0.3219	0.7070	0.0449	0.7760	19.1000	0.1381	882.0000	184.0000	0.2086	884.0000
825	0.6508	0.4578	0.3205	0.7055	0.0399	0.7712	19.3000	0.1288	881.0000	193.0000	0.2191	883.0000
826	0.6421	0.4582	0.3410	0.7086	0.0417	0.7707	19.3000	0.1173	908.0000	184.0000	0.2026	910.0000
827	0.6740	0.4598	0.3333	0.6906	0.0515	0.7873	19.0000	0.1344	941.0000	185.0000	0.1966	944.0000
828	0.6214	0.4582	0.3276	0.7055	0.0381	0.7681	19.1000	0.1214	863.0000	181.0000	0.2097	866.0000
829	0.7091	0.4569	0.3252	0.7070	0.0490	0.7957	19.1000	0.1225	894.0000	180.0000	0.2013	897.0000
830	0.7024	0.4590	0.3246	0.7290	0.0477	0.7959	19.1000	0.1170	887.0000	182.0000	0.2052	889.0000
831	0.6417	0.4557	0.3266	0.6906	0.0434	0.7979	19.2000	0.1015	916.0000	174.0000	0.1900	918.0000
832	0.6468	0.4607	0.3257	0.7060	0.0457	0.7713	19.0000	0.1558	901.0000	189.0000	0.2098	903.0000
833	0.6461	0.4590	0.3330	0.6818	0.0409	0.7659	18.9000	0.1189	923.0000	200.0000	0.2167	925.0000
834	0.6554	0.4594	0.3424	0.7147	0.0491	0.7837	19.6000	0.1120	918.0000	184.0000	0.2004	925.0000
835	0.6574	0.4594	0.3369	0.7004	0.0420	0.7988	19.0000	0.1025	919.0000	172.0000	0.1872	921.0000
836	0.7020	0.4594	0.3366	0.7230	0.0477	0.8051	19.0000	0.1110	892.0000	168.0000	0.1883	895.0000
837	0.6864	0.4557	0.3228	0.7545	0.0433	0.7992	19.0000	0.1122	822.0000	151.0000	0.1837	824.0000
838	0.6658	0.4553	0.3382	0.7218	0.0487	0.7947	19.0000	0.1160	911.0000	173.0000	0.1899	916.0000
839	0.6765	0.4598	0.3281	0.7105	0.0441	0.7919	18.8000	0.1073	946.0000	169.0000	0.1786	949.0000
840	0.6323	0.4602	0.3187	0.7196	0.0366	0.7575	18.9000	0.1248	878.0000	200.0000	0.2278	880.0000
841	0.6468	0.4574	0.3367	0.7191	0.0455	0.7806	19.2000	0.1295	903.0000	166.0000	0.1838	909.0000
842	0.7036	0.4582	0.3259	0.7000	0.0467	0.7882	19.2000	0.1038	958.0000	184.0000	0.1921	960.0000
843	0.6719	0.4586	0.3422	0.7067	0.0443	0.7827	19.4000	0.1234	881.0000	174.0000	0.1975	891.0000
844	0.6751	0.4520	0.3207	0.7158	0.0438	0.7825	19.0000	0.1332	906.0000	181.0000	0.1998	908.0000
845	0.6795	0.4586	0.3329	0.6822	0.0462	0.7896	18.7000	0.1016	911.0000	181.0000	0.1987	914.0000
846	0.6562	0.4611	0.3256	0.7028	0.0450	0.7770	19.0000	0.1248	915.0000	188.0000	0.2055	917.0000
847	0.6666	0.4639	0.3381	0.7051	0.0518	0.8003	18.9000	0.1072	971.0000	178.0000	0.1833	974.0000
848	0.6685	0.4536	0.3312	0.7178	0.0469	0.8082	19.0000	0.0980	892.0000	162.0000	0.1816	894.0000
849	0.6846	0.4565	0.3177	0.7184	0.0406	0.8000	19.3000	0.0964	856.0000	172.0000	0.2009	860.0000
850	0.6884	0.4586	0.3319	0.7171	0.0451	0.8026	19.3000	0.0914	907.0000	168.0000	0.1852	909.0000
851	0.6398	0.4553	0.3308	0.7207	0.0469	0.7784	18.9000	0.1331	953.0000	182.0000	0.1910	956.0000
852	0.7099	0.4574	0.3278	0.7107	0.0482	0.7950	19.1000	0.1383	902.0000	171.0000	0.1896	907.0000
853	0.7093	0.4549	0.3210	0.7108	0.0474	0.7902	18.8000	0.1200	906.0000	168.0000	0.1854	913.0000
854	0.6832	0.4627	0.3469	0.7044	0.0483	0.8022	19.1000	0.1000	956.0000	175.0000	0.1831	958.0000
855	0.6727	0.4594	0.3327	0.7458	0.0465	0.8147	19.2000	0.1036	877.0000	169.0000	0.1927	880.0000
856	0.6463	0.4582	0.3181	0.7197	0.0382	0.7804	18.9000	0.1182	874.0000	175.0000	0.2002	876.0000
857	0.6913	0.4553	0.3135	0.7148	0.0479	0.8071	18.9000	0.1060	902.0000	166.0000	0.1840	906.0000
858	0.6902	0.4536	0.3307	0.7088	0.0457	0.7881	19.2000	0.1111	878.0000	181.0000	0.2062	880.0000
859	0.6729	0.4545	0.3082	0.7293	0.0441	0.8016	19.3000	0.1138	857.0000	173.0000	0.2019	863.0000
860	0.6933	0.4557	0.3302	0.7189	0.0428	0.7933	19.2000	0.1160	886.0000	174.0000	0.1964	888.0000
861	0.6635	0.4565	0.3303	0.6994	0.0395	0.7779	19.5000	0.1148	926.0000	193.0000	0.2084	928.0000
862	0.6664	0.4541	0.3252	0.7075	0.0463	0.7738	19.0000	0.1476	915.0000	191.0000	0.2087	917.0000
863	0.6654	0.4586	0.3244	0.7231	0.0425	0.7882	19.5000	0.1096	883.0000	171.0000	0.1937	885.0000
864	0.6690	0.4532	0.3134	0.7083	0.0409	0.7755	19.1000	0.1082	913.0000	184.0000	0.2015	915.0000
865	0.6525	0.4557	0.3254	0.7179	0.0417	0.7710	18.8000	0.1350	932.0000	189.0000	0.2028	934.0000
866	0.6789	0.4598	0.3436	0.6946	0.0496	0.7776	19.3000	0.1440	934.0000	185.0000	0.1981	936.0000
867	0.6752	0.4602	0.3331	0.7056	0.0521	0.7979	19.3000	0.1265	931.0000	172.0000	0.1847	933.0000
868	0.6664	0.4602	0.3337	0.6996	0.0468	0.7800	19.0000	0.1272	944.0000	181.0000	0.1917	946.0000
869	0.6771	0.4594	0.3390	0.7104	0.0502	0.7986	19.2000	0.1220	963.0000	168.0000	0.1745	965.0000
870	0.6427	0.4569	0.3251	0.7315	0.0385	0.7842	18.8000	0.1238	873.0000	169.0000	0.1936	875.0000
871	0.6397	0.4549	0.3148	0.7369	0.0402	0.7659	19.3000	0.1325	916.0000	184.0000	0.2009	918.0000
872	0.7012	0.4590	0.3358	0.7002	0.0484	0.7883	19.2000	0.1032	965.0000	178.0000	0.1845	967.0000
873	0.6768	0.4607	0.3393	0.7265	0.0398	0.7741	19.2000	0.1305	905.0000	188.0000	0.2077	907.0000
874	0.6993	0.4590	0.3314	0.7184	0.0442	0.7931	18.9000	0.1044	903.0000	176.0000	0.1949	905.0000
875	0.6954	0.4582	0.3361	0.7149	0.0465	0.7912	19.4000	0.1175	932.0000	170.0000	0.1824	934.0000
876	0.6254	0.4594	0.3442	0.7034	0.0412	0.7763	19.1000	0.1273	908.0000	183.0000	0.2015	910.0000
877	0.6538	0.4578	0.3399	0.6994	0.0444	0.7800	19.1000	0.1309	914.0000	186.0000	0.2035	916.0000
878	0.6777	0.4607	0.3287	0.7040	0.0402	0.7777	19.3000	0.1058	916.0000	193.0000	0.2107	918.0000
879	0.6791	0.4557	0.3082	0.6989	0.0396	0.7876	18.9000	0.1074	845.0000	177.0000	0.2095	847.0000
880	0.6734	0.4615	0.3426	0.7065	0.0530	0.7871	19.3000	0.1400	934.0000	184.0000	0.1970	936.0000
881	0.6646	0.4578	0.3293	0.7112	0.0378	0.7758	19.1000	0.1097	873.0000	165.0000	0.1890	875.0000
882	0.6481	0.4549	0.3235	0.7077	0.0410	0.7909	19.0000	0.1350	891.0000	172.0000	0.1930	893.0000
883	0.6293	0.4553	0.3269	0.7145	0.0418	0.7616	18.9000	0.1390	922.0000	191.0000	0.2072	924.0000
884	0.6557	0.4528	0.3220	0.7273	0.0430	0.7888	18.9000	0.1335	875.0000	170.0000	0.1943	878.0000
885	0.7026	0.4578	0.3373	0.7001	0.0416	0.7820	19.0000	0.1166	933.0000	173.0000	0.1854	936.0000
886	0.6609	0.4611	0.3318	0.7031	0.0504	0.7843	19.2000	0.1175	927.0000	187.0000	0.2017	929.0000
887	0.6315	0.4627	0.3366	0.7118	0.0515	0.7779	18.7000	0.1426	929.0000	182.0000	0.1959	931.0000
888	0.6420	0.4578	0.3218	0.7022	0.0444	0.7830	18.9000	0.1193	905.0000	177.0000	0.1956	908.0000
889	0.6735	0.4644	0.3352	0.7011	0.0513	0.7868	19.3000	0.1320	896.0000	182.0000	0.2031	898.0000
890	0.6724	0.4607	0.3374	0.7216	0.0513	0.7774	19.2000	0.1379	944.0000	190.0000	0.2013	946.0000
891	0.6393	0.4557	0.3238	0.7044	0.0404	0.7553	18.9000	0.1486	909.0000	203.0000	0.2233	911.0000
892	0.6923	0.4590	0.3274	0.7258	0.0492	0.7894	18.8000	0.1301	914.0000	179.0000	0.1958	917.0000
893	0.6633	0.4541	0.3217	0.7162	0.0455	0.7804	18.8000	0.1304	871.0000	170.0000	0.1952	873.0000
