accuracy	proportion	density	fuzziness	coverage	purity	sounds	missing	ubound	clusters	props	patterns
1	0.6549	0.4644	0.3352	0.7275	0.0370	0.7674	19.5000	0.1621	864.0000	174.0000	0.2014	869.0000
2	0.6863	0.4607	0.3413	0.7059	0.0397	0.7809	19.4000	0.1308	919.0000	180.0000	0.1959	921.0000
3	0.6664	0.4586	0.3243	0.6995	0.0375	0.7751	19.5000	0.1322	890.0000	192.0000	0.2157	893.0000
4	0.6474	0.4569	0.3293	0.7044	0.0371	0.7716	19.4000	0.1316	892.0000	184.0000	0.2063	894.0000
5	0.6343	0.4607	0.3399	0.7159	0.0372	0.7723	19.3000	0.1373	937.0000	175.0000	0.1868	939.0000
6	0.6860	0.4532	0.3280	0.7169	0.0355	0.7901	18.7000	0.1097	833.0000	166.0000	0.1993	835.0000
7	0.6586	0.4590	0.3308	0.7079	0.0352	0.7835	19.2000	0.1230	921.0000	179.0000	0.1944	926.0000
8	0.6192	0.4598	0.3296	0.7176	0.0384	0.7804	19.0000	0.1353	912.0000	168.0000	0.1842	914.0000
9	0.6920	0.4557	0.3138	0.7154	0.0359	0.7935	19.3000	0.1114	834.0000	172.0000	0.2062	838.0000
10	0.6524	0.4586	0.3353	0.7261	0.0378	0.7943	18.8000	0.1213	900.0000	174.0000	0.1933	902.0000
11	0.6563	0.4499	0.3220	0.7237	0.0338	0.7628	18.9000	0.1375	812.0000	167.0000	0.2057	816.0000
12	0.7092	0.4541	0.3123	0.7065	0.0371	0.7722	19.0000	0.1255	863.0000	187.0000	0.2167	868.0000
13	0.6888	0.4639	0.3354	0.7210	0.0390	0.8045	19.0000	0.1025	931.0000	176.0000	0.1890	933.0000
14	0.6479	0.4582	0.3385	0.7095	0.0391	0.7707	19.5000	0.1300	951.0000	187.0000	0.1966	953.0000
15	0.6449	0.4594	0.3322	0.7113	0.0394	0.7940	18.9000	0.1209	888.0000	178.0000	0.2005	890.0000
16	0.6710	0.4586	0.3293	0.7422	0.0399	0.7821	19.4000	0.1092	915.0000	178.0000	0.1945	919.0000
17	0.6294	0.4590	0.3321	0.7147	0.0405	0.7649	19.1000	0.1180	928.0000	183.0000	0.1972	930.0000
18	0.6951	0.4561	0.3269	0.7062	0.0365	0.7968	18.8000	0.1236	909.0000	175.0000	0.1925	911.0000
19	0.6912	0.4528	0.3189	0.7198	0.0361	0.7902	19.4000	0.1281	924.0000	177.0000	0.1916	928.0000
20	0.6551	0.4627	0.3277	0.7000	0.0363	0.7862	19.1000	0.1128	893.0000	188.0000	0.2105	899.0000
21	0.7065	0.4565	0.3317	0.6948	0.0402	0.7695	19.7000	0.1157	930.0000	187.0000	0.2011	932.0000
22	0.6726	0.4578	0.3413	0.7135	0.0385	0.7824	19.0000	0.1216	892.0000	186.0000	0.2085	894.0000
23	0.6729	0.4611	0.3328	0.7020	0.0348	0.7817	19.1000	0.1394	905.0000	177.0000	0.1956	915.0000
24	0.6722	0.4594	0.3421	0.7136	0.0375	0.7966	19.1000	0.1241	894.0000	169.0000	0.1890	898.0000
25	0.6858	0.4598	0.3373	0.7047	0.0379	0.7824	19.3000	0.1208	932.0000	188.0000	0.2017	944.0000
26	0.6624	0.4578	0.3319	0.7044	0.0359	0.7824	19.1000	0.1202	915.0000	177.0000	0.1934	917.0000
27	0.6674	0.4590	0.3261	0.7158	0.0364	0.7740	19.3000	0.1172	930.0000	185.0000	0.1989	932.0000
28	0.6261	0.4569	0.3307	0.7095	0.0360	0.7747	19.4000	0.1297	916.0000	180.0000	0.1965	919.0000
29	0.6390	0.4594	0.3241	0.7258	0.0370	0.7749	19.1000	0.1452	859.0000	177.0000	0.2061	861.0000
30	0.6626	0.4627	0.3543	0.7130	0.0381	0.7746	19.0000	0.1181	938.0000	181.0000	0.1930	942.0000
31	0.6403	0.4569	0.3373	0.7088	0.0376	0.7901	18.9000	0.1118	921.0000	173.0000	0.1878	923.0000
32	0.6201	0.4561	0.3348	0.7166	0.0364	0.7659	18.9000	0.1287	927.0000	183.0000	0.1974	929.0000
33	0.6545	0.4627	0.3436	0.6928	0.0410	0.7744	18.9000	0.1268	962.0000	192.0000	0.1996	964.0000
34	0.6538	0.4569	0.3429	0.7303	0.0378	0.7838	19.0000	0.1271	901.0000	171.0000	0.1898	903.0000
35	0.6761	0.4561	0.3338	0.7104	0.0374	0.7996	19.2000	0.1105	970.0000	176.0000	0.1814	982.0000
36	0.6516	0.4602	0.3345	0.7041	0.0349	0.7783	18.9000	0.1303	880.0000	174.0000	0.1977	883.0000
37	0.6757	0.4565	0.3234	0.7198	0.0349	0.8030	19.6000	0.1167	882.0000	167.0000	0.1893	884.0000
38	0.6370	0.4594	0.3252	0.7030	0.0348	0.7675	18.6000	0.1401	904.0000	183.0000	0.2024	906.0000
39	0.6250	0.4611	0.3376	0.7071	0.0388	0.7704	19.0000	0.1401	916.0000	189.0000	0.2063	918.0000
40	0.7093	0.4586	0.3230	0.6981	0.0358	0.8020	18.8000	0.1062	935.0000	176.0000	0.1882	937.0000
41	0.6735	0.4598	0.3254	0.7105	0.0382	0.7949	18.9000	0.1245	910.0000	181.0000	0.1989	912.0000
42	0.6920	0.4574	0.3239	0.7290	0.0354	0.7825	19.2000	0.1225	853.0000	170.0000	0.1993	855.0000
43	0.6568	0.4590	0.3420	0.7022	0.0373	0.7905	19.2000	0.1016	951.0000	178.0000	0.1872	955.0000
44	0.6546	0.4582	0.3370	0.7200	0.0368	0.7821	19.5000	0.1472	904.0000	184.0000	0.2035	907.0000
45	0.6861	0.4615	0.3312	0.7135	0.0392	0.7858	18.8000	0.1395	966.0000	188.0000	0.1946	968.0000
46	0.6573	0.4561	0.3215	0.7265	0.0373	0.7764	19.2000	0.1229	863.0000	184.0000	0.2132	866.0000
47	0.6419	0.4644	0.3353	0.7156	0.0388	0.8003	19.4000	0.1173	973.0000	172.0000	0.1768	975.0000
48	0.6850	0.4611	0.3396	0.7220	0.0384	0.7975	19.2000	0.1150	923.0000	181.0000	0.1961	925.0000
49	0.6643	0.4590	0.3399	0.7187	0.0356	0.7850	19.1000	0.1140	874.0000	165.0000	0.1888	876.0000
50	0.6748	0.4607	0.3442	0.7136	0.0374	0.7961	19.0000	0.1141	900.0000	168.0000	0.1867	902.0000
51	0.6720	0.4553	0.3295	0.7353	0.0356	0.7855	19.0000	0.1237	884.0000	165.0000	0.1867	886.0000
52	0.6701	0.4611	0.3253	0.6925	0.0341	0.7798	19.0000	0.1191	877.0000	183.0000	0.2087	881.0000
53	0.6350	0.4594	0.3298	0.7272	0.0380	0.7822	19.1000	0.1158	852.0000	175.0000	0.2054	854.0000
54	0.7068	0.4541	0.3212	0.7374	0.0354	0.7791	19.3000	0.1404	885.0000	175.0000	0.1977	889.0000
55	0.6437	0.4631	0.3325	0.7078	0.0378	0.7773	19.0000	0.1377	919.0000	191.0000	0.2078	921.0000
56	0.6461	0.4598	0.3373	0.7009	0.0379	0.7724	19.1000	0.1284	928.0000	179.0000	0.1929	930.0000
57	0.6707	0.4561	0.3307	0.7023	0.0364	0.7909	18.9000	0.1310	890.0000	176.0000	0.1978	893.0000
58	0.6711	0.4611	0.3392	0.6979	0.0400	0.7888	18.9000	0.0968	960.0000	179.0000	0.1865	962.0000
59	0.6232	0.4586	0.3323	0.7234	0.0389	0.7705	19.1000	0.1352	923.0000	186.0000	0.2015	925.0000
60	0.6609	0.4631	0.3461	0.7002	0.0387	0.7776	19.0000	0.1134	935.0000	183.0000	0.1957	937.0000
61	0.6708	0.4586	0.3239	0.6975	0.0351	0.7819	18.7000	0.1271	877.0000	174.0000	0.1984	879.0000
62	0.6403	0.4532	0.3235	0.7126	0.0365	0.7830	19.1000	0.1228	930.0000	173.0000	0.1860	932.0000
63	0.6992	0.4644	0.3531	0.7118	0.0377	0.7940	19.2000	0.1065	945.0000	169.0000	0.1788	948.0000
64	0.6132	0.4594	0.3277	0.7175	0.0403	0.7554	18.9000	0.1484	918.0000	196.0000	0.2135	920.0000
65	0.7011	0.4582	0.3169	0.7297	0.0349	0.7824	19.0000	0.1293	876.0000	175.0000	0.1998	878.0000
66	0.7025	0.4569	0.3272	0.7166	0.0368	0.7973	18.9000	0.1093	891.0000	176.0000	0.1975	893.0000
67	0.6774	0.4586	0.3121	0.7100	0.0323	0.7849	19.2000	0.1186	858.0000	169.0000	0.1970	864.0000
68	0.6983	0.4532	0.3277	0.7122	0.0356	0.7741	18.8000	0.1195	880.0000	178.0000	0.2023	882.0000
69	0.6919	0.4561	0.3217	0.7105	0.0366	0.7823	19.0000	0.1080	915.0000	169.0000	0.1847	918.0000
70	0.6787	0.4598	0.3312	0.7021	0.0347	0.7878	19.1000	0.1213	952.0000	180.0000	0.1891	954.0000
71	0.6637	0.4574	0.3314	0.7037	0.0382	0.7796	18.8000	0.1057	905.0000	178.0000	0.1967	907.0000
72	0.6742	0.4602	0.3375	0.7136	0.0341	0.7873	18.9000	0.1235	873.0000	172.0000	0.1970	877.0000
73	0.6720	0.4561	0.3323	0.7203	0.0378	0.7697	19.0000	0.1320	889.0000	181.0000	0.2036	891.0000
74	0.6670	0.4590	0.3308	0.7086	0.0374	0.7682	19.2000	0.1187	893.0000	183.0000	0.2049	895.0000
75	0.6272	0.4623	0.3360	0.7035	0.0396	0.7768	19.1000	0.1274	961.0000	183.0000	0.1904	963.0000
76	0.6627	0.4578	0.3304	0.7091	0.0363	0.7838	19.4000	0.1305	911.0000	181.0000	0.1987	913.0000
77	0.6794	0.4602	0.3255	0.7328	0.0362	0.7905	19.1000	0.1153	898.0000	176.0000	0.1960	902.0000
78	0.7106	0.4627	0.3372	0.7320	0.0367	0.7844	19.0000	0.1362	894.0000	179.0000	0.2002	896.0000
79	0.6770	0.4578	0.3160	0.6893	0.0349	0.7566	19.0000	0.1467	849.0000	191.0000	0.2250	852.0000
80	0.6688	0.4582	0.3298	0.7009	0.0361	0.7857	19.1000	0.1088	901.0000	171.0000	0.1898	903.0000
81	0.6328	0.4536	0.3261	0.7322	0.0362	0.7699	19.2000	0.1392	834.0000	180.0000	0.2158	837.0000
82	0.6720	0.4590	0.3152	0.6973	0.0348	0.7736	18.8000	0.1087	858.0000	177.0000	0.2063	860.0000
83	0.6713	0.4607	0.3284	0.7235	0.0364	0.8004	18.9000	0.1119	855.0000	167.0000	0.1953	858.0000
84	0.6709	0.4545	0.3296	0.7209	0.0375	0.7857	19.1000	0.1204	894.0000	173.0000	0.1935	896.0000
85	0.6725	0.4578	0.3324	0.7072	0.0390	0.7641	19.3000	0.1291	916.0000	190.0000	0.2074	918.0000
86	0.6854	0.4561	0.3270	0.7218	0.0354	0.7740	18.9000	0.1270	852.0000	170.0000	0.1995	859.0000
87	0.6335	0.4623	0.3323	0.7233	0.0401	0.7576	19.2000	0.1417	923.0000	200.0000	0.2167	925.0000
88	0.6841	0.4561	0.3367	0.7119	0.0360	0.8003	19.2000	0.1135	898.0000	167.0000	0.1860	900.0000
89	0.6637	0.4594	0.3228	0.7052	0.0353	0.7786	19.3000	0.1468	890.0000	178.0000	0.2000	893.0000
90	0.6582	0.4557	0.3189	0.7296	0.0344	0.7866	19.1000	0.1171	848.0000	173.0000	0.2040	857.0000
91	0.6589	0.4532	0.3193	0.7208	0.0385	0.7771	18.9000	0.1255	850.0000	183.0000	0.2153	852.0000
92	0.6786	0.4611	0.3371	0.7190	0.0356	0.8012	19.2000	0.1123	965.0000	168.0000	0.1741	967.0000
93	0.6727	0.4541	0.3241	0.7186	0.0386	0.8026	19.2000	0.0989	907.0000	170.0000	0.1874	910.0000
94	0.6499	0.4590	0.3194	0.7266	0.0356	0.7800	19.0000	0.1331	886.0000	176.0000	0.1986	888.0000
95	0.6435	0.4578	0.3372	0.7061	0.0385	0.7889	19.2000	0.1282	893.0000	175.0000	0.1960	895.0000
96	0.7157	0.4639	0.3425	0.7061	0.0384	0.8031	18.9000	0.1070	921.0000	177.0000	0.1922	926.0000
97	0.6209	0.4619	0.3352	0.7283	0.0418	0.7654	19.0000	0.1454	948.0000	196.0000	0.2068	950.0000
98	0.6591	0.4574	0.3303	0.7085	0.0386	0.7722	18.8000	0.1478	884.0000	181.0000	0.2048	886.0000
99	0.6689	0.4598	0.3354	0.7287	0.0355	0.8008	19.1000	0.1151	889.0000	159.0000	0.1789	891.0000
100	0.6850	0.4598	0.3228	0.6994	0.0374	0.7744	18.9000	0.1177	856.0000	172.0000	0.2009	858.0000
101	0.6830	0.4582	0.3409	0.7079	0.0392	0.7809	18.8000	0.1283	892.0000	185.0000	0.2074	897.0000
102	0.6464	0.4574	0.3232	0.6955	0.0366	0.7717	19.1000	0.1179	938.0000	182.0000	0.1940	940.0000
103	0.6355	0.4602	0.3329	0.7081	0.0353	0.7742	19.0000	0.1423	923.0000	177.0000	0.1918	930.0000
104	0.6528	0.4598	0.3333	0.7220	0.0373	0.7864	19.0000	0.1411	927.0000	168.0000	0.1812	930.0000
105	0.6598	0.4615	0.3415	0.7175	0.0355	0.7813	19.2000	0.1214	898.0000	169.0000	0.1882	900.0000
106	0.6503	0.4631	0.3411	0.7041	0.0391	0.7904	18.7000	0.1259	969.0000	186.0000	0.1920	971.0000
107	0.6446	0.4561	0.3331	0.7090	0.0405	0.7624	18.8000	0.1307	883.0000	191.0000	0.2163	885.0000
108	0.6980	0.4574	0.3506	0.7147	0.0349	0.7897	19.1000	0.1173	881.0000	174.0000	0.1975	883.0000
109	0.6722	0.4607	0.3282	0.7128	0.0389	0.7989	19.0000	0.1186	906.0000	172.0000	0.1898	908.0000
110	0.6350	0.4598	0.3411	0.6991	0.0385	0.7731	19.0000	0.1305	926.0000	180.0000	0.1944	928.0000
111	0.6591	0.4578	0.3236	0.7092	0.0359	0.7815	19.3000	0.1096	874.0000	181.0000	0.2071	876.0000
112	0.6552	0.4635	0.3453	0.7198	0.0397	0.7777	19.0000	0.1189	900.0000	175.0000	0.1944	902.0000
113	0.6618	0.4594	0.3377	0.7094	0.0365	0.7887	19.4000	0.1227	888.0000	169.0000	0.1903	890.0000
114	0.6511	0.4565	0.3204	0.7273	0.0374	0.8025	18.9000	0.1127	891.0000	176.0000	0.1975	893.0000
115	0.6605	0.4574	0.3263	0.7252	0.0375	0.7923	19.2000	0.1120	875.0000	170.0000	0.1943	880.0000
116	0.7071	0.4623	0.3340	0.7031	0.0375	0.8046	19.2000	0.0983	971.0000	171.0000	0.1761	973.0000
117	0.6449	0.4586	0.3172	0.7219	0.0356	0.7972	19.2000	0.1127	914.0000	169.0000	0.1849	920.0000
118	0.6489	0.4586	0.3383	0.7112	0.0366	0.7896	19.6000	0.1112	918.0000	174.0000	0.1895	920.0000
119	0.6765	0.4627	0.3328	0.7224	0.0371	0.7785	19.0000	0.1284	888.0000	176.0000	0.1982	890.0000
120	0.6724	0.4578	0.3257	0.6944	0.0375	0.7777	19.1000	0.1421	935.0000	187.0000	0.2000	937.0000
121	0.6463	0.4594	0.3227	0.6952	0.0390	0.7871	18.9000	0.1087	912.0000	173.0000	0.1897	914.0000
122	0.6475	0.4623	0.3316	0.7122	0.0401	0.7901	19.3000	0.1159	920.0000	179.0000	0.1946	922.0000
123	0.6239	0.4541	0.3150	0.7286	0.0394	0.7722	19.1000	0.1373	939.0000	185.0000	0.1970	941.0000
124	0.6565	0.4652	0.3353	0.7090	0.0366	0.7706	19.0000	0.1364	892.0000	180.0000	0.2018	895.0000
125	0.6847	0.4582	0.3286	0.7055	0.0357	0.7926	19.2000	0.1274	930.0000	169.0000	0.1817	932.0000
126	0.6418	0.4644	0.3262	0.7152	0.0391	0.7656	19.3000	0.1354	889.0000	195.0000	0.2193	899.0000
127	0.6770	0.4586	0.3225	0.7362	0.0357	0.7820	19.1000	0.1312	888.0000	179.0000	0.2016	890.0000
128	0.6495	0.4532	0.3192	0.7033	0.0394	0.7814	18.8000	0.1389	940.0000	188.0000	0.2000	942.0000
129	0.6792	0.4635	0.3296	0.7088	0.0385	0.7907	18.8000	0.1064	946.0000	186.0000	0.1966	957.0000
130	0.6315	0.4590	0.3329	0.7205	0.0402	0.7690	19.1000	0.1290	957.0000	187.0000	0.1954	959.0000
131	0.6925	0.4615	0.3379	0.6902	0.0360	0.7862	18.8000	0.1189	905.0000	182.0000	0.2011	907.0000
132	0.6830	0.4607	0.3365	0.7232	0.0367	0.7979	19.5000	0.1118	907.0000	170.0000	0.1874	910.0000
133	0.6540	0.4611	0.3334	0.7189	0.0349	0.7787	19.4000	0.1136	888.0000	169.0000	0.1903	890.0000
134	0.6512	0.4602	0.3291	0.7067	0.0376	0.7760	19.0000	0.1266	928.0000	179.0000	0.1929	930.0000
135	0.6594	0.4590	0.3300	0.7122	0.0374	0.7706	19.2000	0.1290	910.0000	178.0000	0.1956	912.0000
136	0.7002	0.4602	0.3382	0.7107	0.0362	0.7829	18.8000	0.1181	906.0000	174.0000	0.1921	908.0000
137	0.6615	0.4631	0.3376	0.7120	0.0358	0.7897	18.9000	0.1300	918.0000	165.0000	0.1797	920.0000
138	0.6613	0.4598	0.3268	0.7050	0.0373	0.7777	19.0000	0.1237	899.0000	183.0000	0.2036	901.0000
139	0.6477	0.4553	0.3266	0.6979	0.0353	0.7975	19.1000	0.1296	865.0000	172.0000	0.1988	867.0000
140	0.6565	0.4578	0.3324	0.6959	0.0392	0.7752	19.2000	0.1157	922.0000	192.0000	0.2082	924.0000
141	0.6773	0.4607	0.3349	0.7041	0.0351	0.7959	19.3000	0.1315	910.0000	173.0000	0.1901	912.0000
142	0.6703	0.4619	0.3284	0.7167	0.0361	0.7730	19.0000	0.1144	838.0000	181.0000	0.2160	842.0000
143	0.6547	0.4602	0.3384	0.6933	0.0351	0.7883	19.1000	0.1196	939.0000	175.0000	0.1864	941.0000
144	0.6615	0.4652	0.3437	0.7224	0.0367	0.7791	19.1000	0.1137	924.0000	181.0000	0.1959	926.0000
145	0.6478	0.4541	0.3405	0.7161	0.0385	0.7768	19.0000	0.1395	963.0000	177.0000	0.1838	965.0000
146	0.6604	0.4594	0.3222	0.7092	0.0374	0.7791	19.1000	0.1235	883.0000	184.0000	0.2084	885.0000
147	0.6345	0.4557	0.3295	0.7139	0.0382	0.7706	19.1000	0.1306	887.0000	178.0000	0.2007	889.0000
148	0.6638	0.4586	0.3285	0.7078	0.0357	0.7730	19.1000	0.1228	897.0000	179.0000	0.1996	900.0000
149	0.6884	0.4602	0.3419	0.7109	0.0368	0.7878	19.2000	0.1063	907.0000	170.0000	0.1874	909.0000
150	0.6400	0.4586	0.3352	0.7179	0.0388	0.7777	19.1000	0.1335	914.0000	179.0000	0.1958	916.0000
151	0.7005	0.4615	0.3336	0.7125	0.0382	0.7847	19.3000	0.1182	918.0000	181.0000	0.1972	920.0000
152	0.6827	0.4561	0.3351	0.7105	0.0337	0.8043	18.8000	0.1227	884.0000	167.0000	0.1889	887.0000
153	0.6487	0.4615	0.3303	0.7028	0.0359	0.7792	18.9000	0.1281	894.0000	172.0000	0.1924	901.0000
154	0.6493	0.4574	0.3306	0.7292	0.0340	0.8005	19.0000	0.1256	922.0000	154.0000	0.1670	928.0000
155	0.6379	0.4557	0.3300	0.7090	0.0366	0.7720	18.8000	0.1113	938.0000	179.0000	0.1908	940.0000
156	0.6707	0.4520	0.3101	0.7145	0.0335	0.7892	19.1000	0.1096	846.0000	166.0000	0.1962	849.0000
157	0.6676	0.4598	0.3215	0.7026	0.0341	0.7940	19.4000	0.1236	837.0000	160.0000	0.1912	840.0000
158	0.6959	0.4549	0.3279	0.7122	0.0355	0.7950	18.8000	0.1027	913.0000	178.0000	0.1950	920.0000
159	0.6489	0.4545	0.3318	0.7300	0.0399	0.7678	18.9000	0.1135	884.0000	190.0000	0.2149	886.0000
160	0.6892	0.4598	0.3462	0.7261	0.0378	0.8018	19.2000	0.1085	917.0000	168.0000	0.1832	922.0000
161	0.6758	0.4615	0.3350	0.7162	0.0349	0.7914	19.1000	0.1212	883.0000	165.0000	0.1869	885.0000
162	0.6593	0.4586	0.3256	0.7191	0.0390	0.7705	19.1000	0.1261	888.0000	180.0000	0.2027	890.0000
163	0.6512	0.4561	0.3355	0.7023	0.0397	0.7752	19.0000	0.1237	918.0000	189.0000	0.2059	920.0000
164	0.6896	0.4561	0.3265	0.7244	0.0364	0.7957	18.8000	0.1089	866.0000	175.0000	0.2021	868.0000
165	0.6646	0.4635	0.3469	0.6997	0.0379	0.7851	18.6000	0.1196	926.0000	174.0000	0.1879	928.0000
166	0.6786	0.4635	0.3384	0.7221	0.0369	0.7986	19.4000	0.1263	945.0000	174.0000	0.1841	947.0000
167	0.6938	0.4607	0.3517	0.7054	0.0393	0.7938	18.8000	0.1272	907.0000	174.0000	0.1918	909.0000
168	0.6904	0.4574	0.3340	0.7233	0.0396	0.7696	19.1000	0.1270	909.0000	190.0000	0.2090	911.0000
169	0.6796	0.4619	0.3379	0.7217	0.0404	0.7663	19.1000	0.1450	887.0000	193.0000	0.2176	889.0000
170	0.6405	0.4582	0.3263	0.6995	0.0371	0.7764	19.3000	0.1334	944.0000	180.0000	0.1907	946.0000
171	0.6875	0.4549	0.3225	0.7150	0.0347	0.7938	19.1000	0.1187	861.0000	167.0000	0.1940	867.0000
172	0.6316	0.4574	0.3250	0.6939	0.0368	0.7573	19.0000	0.1345	903.0000	184.0000	0.2038	905.0000
173	0.6988	0.4574	0.3257	0.7045	0.0336	0.7838	19.1000	0.1181	861.0000	161.0000	0.1870	863.0000
174	0.6055	0.4586	0.3248	0.7194	0.0385	0.7759	19.3000	0.1230	904.0000	174.0000	0.1925	906.0000
175	0.6504	0.4557	0.3180	0.7217	0.0369	0.7562	19.6000	0.1692	828.0000	183.0000	0.2210	830.0000
176	0.6785	0.4611	0.3348	0.7170	0.0381	0.7898	19.0000	0.1208	912.0000	174.0000	0.1908	914.0000
177	0.6613	0.4574	0.3111	0.7470	0.0409	0.7776	19.2000	0.1406	858.0000	187.0000	0.2179	860.0000
178	0.6476	0.4590	0.3313	0.7284	0.0360	0.7945	19.5000	0.1130	931.0000	167.0000	0.1794	935.0000
179	0.6449	0.4578	0.3328	0.6979	0.0370	0.7704	19.1000	0.1358	938.0000	188.0000	0.2004	940.0000
180	0.7064	0.4598	0.3268	0.7322	0.0381	0.7947	18.6000	0.1097	862.0000	175.0000	0.2030	867.0000
181	0.6820	0.4565	0.3224	0.7352	0.0366	0.7845	19.2000	0.1266	885.0000	173.0000	0.1955	887.0000
182	0.6963	0.4631	0.3377	0.7188	0.0397	0.7903	19.2000	0.1118	914.0000	182.0000	0.1991	916.0000
183	0.6665	0.4660	0.3348	0.6972	0.0368	0.7840	19.2000	0.1107	937.0000	167.0000	0.1782	939.0000
184	0.6664	0.4598	0.3472	0.7077	0.0389	0.7777	19.0000	0.1370	933.0000	183.0000	0.1961	935.0000
185	0.7074	0.4635	0.3374	0.6846	0.0407	0.7938	19.3000	0.1154	934.0000	189.0000	0.2024	936.0000
186	0.6344	0.4644	0.3395	0.6930	0.0371	0.7751	18.9000	0.1446	930.0000	191.0000	0.2054	934.0000
187	0.6604	0.4631	0.3425	0.6996	0.0343	0.7851	19.1000	0.1180	1001.0000	175.0000	0.1748	1003.0000
188	0.6487	0.4619	0.3385	0.7165	0.0379	0.7799	19.3000	0.1194	906.0000	179.0000	0.1976	908.0000
189	0.6884	0.4602	0.3331	0.7146	0.0358	0.7911	19.1000	0.1305	905.0000	176.0000	0.1945	911.0000
190	0.6798	0.4532	0.3294	0.7038	0.0357	0.7516	19.1000	0.1237	909.0000	182.0000	0.2002	913.0000
191	0.6494	0.4578	0.3261	0.7053	0.0362	0.7824	19.1000	0.1058	892.0000	179.0000	0.2007	894.0000
192	0.6892	0.4598	0.3261	0.7165	0.0381	0.7939	19.0000	0.1263	898.0000	179.0000	0.1993	903.0000
193	0.6857	0.4578	0.3190	0.7128	0.0348	0.8056	19.1000	0.1018	908.0000	162.0000	0.1784	911.0000
194	0.6303	0.4574	0.3388	0.7082	0.0375	0.7647	19.1000	0.1362	902.0000	180.0000	0.1996	904.0000
195	0.6495	0.4532	0.3185	0.7091	0.0378	0.7858	18.9000	0.1176	896.0000	177.0000	0.1975	898.0000
196	0.6556	0.4574	0.3382	0.7038	0.0369	0.7799	19.2000	0.1257	952.0000	183.0000	0.1922	956.0000
197	0.6670	0.4602	0.3434	0.7185	0.0380	0.7873	19.2000	0.1052	929.0000	171.0000	0.1841	932.0000
198	0.6740	0.4582	0.3377	0.6952	0.0351	0.7971	19.4000	0.1365	940.0000	164.0000	0.1745	942.0000
199	0.6858	0.4582	0.3412	0.7294	0.0379	0.7974	18.9000	0.1164	881.0000	168.0000	0.1907	884.0000
200	0.6810	0.4569	0.3220	0.7429	0.0353	0.7808	19.2000	0.1390	890.0000	174.0000	0.1955	892.0000
201	0.6931	0.4520	0.3126	0.7052	0.0330	0.7932	18.9000	0.1322	851.0000	162.0000	0.1904	854.0000
202	0.6829	0.4569	0.3293	0.7229	0.0348	0.8028	19.3000	0.1093	920.0000	160.0000	0.1739	924.0000
203	0.6613	0.4590	0.3339	0.7055	0.0367	0.7591	18.9000	0.1445	907.0000	176.0000	0.1940	909.0000
204	0.6388	0.4557	0.3345	0.7446	0.0374	0.7802	19.2000	0.1509	897.0000	179.0000	0.1996	900.0000
205	0.6976	0.4586	0.3368	0.6933	0.0361	0.7769	19.0000	0.1242	879.0000	181.0000	0.2059	881.0000
206	0.6649	0.4578	0.3341	0.7230	0.0389	0.7925	18.8000	0.1184	868.0000	177.0000	0.2039	870.0000
207	0.6436	0.4607	0.3431	0.7234	0.0383	0.7899	19.2000	0.1355	917.0000	174.0000	0.1897	920.0000
208	0.6592	0.4565	0.3252	0.7213	0.0369	0.7871	19.1000	0.1210	906.0000	174.0000	0.1921	908.0000
209	0.6999	0.4586	0.3426	0.6993	0.0411	0.7839	18.9000	0.1056	905.0000	191.0000	0.2110	907.0000
210	0.6472	0.4619	0.3401	0.7152	0.0371	0.7865	19.1000	0.1258	904.0000	170.0000	0.1881	906.0000
211	0.6632	0.4627	0.3352	0.7151	0.0372	0.7889	19.0000	0.1120	913.0000	171.0000	0.1873	917.0000
212	0.6931	0.4565	0.3296	0.7253	0.0348	0.8100	19.4000	0.1267	928.0000	160.0000	0.1724	930.0000
213	0.6685	0.4549	0.3337	0.7250	0.0365	0.7782	19.1000	0.1256	884.0000	178.0000	0.2014	889.0000
214	0.6502	0.4569	0.3104	0.7106	0.0340	0.7809	18.9000	0.1304	884.0000	175.0000	0.1980	887.0000
215	0.7000	0.4627	0.3362	0.7188	0.0374	0.7837	19.3000	0.1258	898.0000	176.0000	0.1960	900.0000
216	0.6839	0.4582	0.3263	0.7206	0.0364	0.7815	18.6000	0.1195	897.0000	184.0000	0.2051	899.0000
217	0.6260	0.4574	0.3295	0.7056	0.0382	0.7824	19.1000	0.1260	960.0000	175.0000	0.1823	962.0000
218	0.6726	0.4536	0.3208	0.7182	0.0364	0.7895	18.9000	0.1213	851.0000	173.0000	0.2033	853.0000
219	0.6898	0.4631	0.3278	0.7097	0.0355	0.7748	19.2000	0.1178	884.0000	167.0000	0.1889	890.0000
220	0.7067	0.4590	0.3410	0.7069	0.0374	0.8010	18.9000	0.0989	891.0000	171.0000	0.1919	894.0000
221	0.6308	0.4549	0.3271	0.7044	0.0381	0.7746	19.2000	0.1421	911.0000	183.0000	0.2009	913.0000
222	0.6922	0.4607	0.3506	0.7024	0.0366	0.7954	18.8000	0.1172	967.0000	172.0000	0.1779	971.0000
223	0.6968	0.4578	0.3391	0.7223	0.0363	0.7959	18.8000	0.1263	902.0000	168.0000	0.1863	906.0000
224	0.6331	0.4553	0.3163	0.7111	0.0383	0.7651	18.9000	0.1375	926.0000	188.0000	0.2030	928.0000
225	0.6389	0.4598	0.3324	0.7149	0.0363	0.7701	18.9000	0.1266	902.0000	180.0000	0.1996	906.0000
226	0.6750	0.4590	0.3408	0.7495	0.0356	0.7940	19.0000	0.1225	868.0000	170.0000	0.1959	879.0000
227	0.6515	0.4495	0.3261	0.7127	0.0386	0.7792	19.3000	0.1418	927.0000	186.0000	0.2006	929.0000
228	0.6662	0.4582	0.3201	0.7010	0.0359	0.7819	18.7000	0.1186	935.0000	174.0000	0.1861	937.0000
229	0.6439	0.4557	0.3302	0.7183	0.0377	0.7767	19.3000	0.1275	881.0000	183.0000	0.2077	883.0000
230	0.6415	0.4623	0.3327	0.7201	0.0374	0.7662	18.8000	0.1322	869.0000	191.0000	0.2198	875.0000
231	0.6680	0.4574	0.3354	0.7047	0.0354	0.7746	19.1000	0.1362	953.0000	169.0000	0.1773	955.0000
232	0.6593	0.4590	0.3117	0.7261	0.0392	0.7805	19.0000	0.1176	875.0000	185.0000	0.2114	877.0000
233	0.6605	0.4545	0.3270	0.7211	0.0375	0.7907	19.0000	0.1107	890.0000	171.0000	0.1921	892.0000
234	0.6881	0.4569	0.3323	0.7300	0.0341	0.8065	18.9000	0.0985	857.0000	160.0000	0.1867	859.0000
235	0.6814	0.4586	0.3347	0.6993	0.0358	0.7898	19.3000	0.1244	905.0000	187.0000	0.2066	907.0000
236	0.6798	0.4590	0.3434	0.7363	0.0369	0.7914	19.0000	0.1270	909.0000	169.0000	0.1859	911.0000
237	0.6560	0.4627	0.3549	0.6957	0.0375	0.7678	19.0000	0.1405	936.0000	192.0000	0.2051	938.0000
238	0.6565	0.4553	0.3118	0.7120	0.0374	0.7776	19.0000	0.1306	919.0000	182.0000	0.1980	921.0000
239	0.6939	0.4553	0.3213	0.7376	0.0379	0.8067	19.2000	0.0913	853.0000	165.0000	0.1934	855.0000
240	0.6638	0.4574	0.3240	0.7182	0.0367	0.7937	19.2000	0.1299	837.0000	169.0000	0.2019	839.0000
241	0.6637	0.4582	0.3355	0.7081	0.0367	0.7861	18.9000	0.0992	917.0000	171.0000	0.1865	920.0000
242	0.6644	0.4623	0.3357	0.7243	0.0370	0.7940	19.2000	0.1245	920.0000	167.0000	0.1815	922.0000
243	0.6745	0.4619	0.3256	0.7192	0.0340	0.7958	19.2000	0.1175	868.0000	168.0000	0.1935	870.0000
244	0.6731	0.4594	0.3364	0.6990	0.0403	0.7965	19.2000	0.1135	906.0000	191.0000	0.2108	908.0000
245	0.6759	0.4586	0.3196	0.7159	0.0352	0.7851	19.0000	0.1133	864.0000	171.0000	0.1979	866.0000
246	0.6670	0.4631	0.3296	0.7189	0.0394	0.7705	19.4000	0.1303	911.0000	178.0000	0.1954	913.0000
247	0.6698	0.4557	0.3181	0.7014	0.0337	0.7820	19.0000	0.1198	859.0000	166.0000	0.1932	862.0000
248	0.6489	0.4594	0.3312	0.7101	0.0391	0.7686	19.1000	0.1344	874.0000	185.0000	0.2117	878.0000
249	0.6617	0.4607	0.3298	0.6973	0.0348	0.7947	19.4000	0.1204	937.0000	171.0000	0.1825	939.0000
250	0.6756	0.4541	0.3272	0.7221	0.0352	0.7791	19.1000	0.1090	893.0000	167.0000	0.1870	895.0000
251	0.7015	0.4602	0.3363	0.6967	0.0371	0.8015	19.1000	0.0995	874.0000	175.0000	0.2002	883.0000
252	0.6876	0.4598	0.3423	0.7087	0.0369	0.7980	18.8000	0.1248	938.0000	172.0000	0.1834	947.0000
253	0.6681	0.4598	0.3371	0.7220	0.0396	0.7838	19.1000	0.1096	888.0000	184.0000	0.2072	890.0000
254	0.6177	0.4635	0.3328	0.7089	0.0364	0.7631	19.4000	0.1356	923.0000	182.0000	0.1972	925.0000
255	0.6709	0.4607	0.3315	0.7157	0.0361	0.7709	18.9000	0.1341	925.0000	181.0000	0.1957	934.0000
256	0.6866	0.4598	0.3346	0.7296	0.0363	0.7900	19.3000	0.1165	963.0000	175.0000	0.1817	966.0000
257	0.6843	0.4569	0.3304	0.7302	0.0395	0.7802	19.1000	0.1231	927.0000	188.0000	0.2028	929.0000
258	0.6492	0.4590	0.3362	0.7037	0.0368	0.7654	19.1000	0.1261	908.0000	186.0000	0.2048	910.0000
259	0.6484	0.4578	0.3270	0.7059	0.0363	0.7608	19.1000	0.1276	871.0000	183.0000	0.2101	873.0000
260	0.6739	0.4619	0.3194	0.7217	0.0417	0.7588	19.2000	0.1444	855.0000	198.0000	0.2316	857.0000
261	0.6966	0.4594	0.3234	0.7159	0.0345	0.7991	19.2000	0.1285	922.0000	168.0000	0.1822	924.0000
262	0.6587	0.4512	0.3334	0.7069	0.0373	0.7726	19.0000	0.1286	906.0000	180.0000	0.1987	908.0000
263	0.6613	0.4598	0.3375	0.6901	0.0345	0.7839	19.2000	0.1100	994.0000	177.0000	0.1781	996.0000
264	0.6250	0.4578	0.3324	0.7558	0.0369	0.7815	19.3000	0.1597	868.0000	172.0000	0.1982	870.0000
265	0.7006	0.4574	0.3321	0.7083	0.0401	0.8050	18.8000	0.0973	886.0000	174.0000	0.1964	888.0000
266	0.6589	0.4611	0.3411	0.7331	0.0362	0.7922	19.3000	0.1137	972.0000	171.0000	0.1759	974.0000
267	0.6725	0.4611	0.3330	0.7242	0.0371	0.8031	19.5000	0.1065	940.0000	162.0000	0.1723	944.0000
268	0.6547	0.4611	0.3318	0.6999	0.0353	0.7831	19.4000	0.1247	950.0000	181.0000	0.1905	952.0000
269	0.6713	0.4561	0.3203	0.7170	0.0343	0.7989	18.8000	0.1242	862.0000	171.0000	0.1984	867.0000
270	0.6872	0.4631	0.3405	0.7071	0.0376	0.7983	18.9000	0.1226	923.0000	182.0000	0.1972	927.0000
271	0.6489	0.4623	0.3402	0.7204	0.0384	0.7860	18.9000	0.1286	905.0000	173.0000	0.1912	907.0000
272	0.6556	0.4598	0.3298	0.7133	0.0397	0.7677	18.6000	0.1355	901.0000	187.0000	0.2075	903.0000
273	0.6332	0.4565	0.3345	0.7234	0.0352	0.7870	19.2000	0.1221	913.0000	171.0000	0.1873	919.0000
274	0.6554	0.4594	0.3282	0.7248	0.0378	0.7982	18.7000	0.1146	882.0000	169.0000	0.1916	884.0000
275	0.6671	0.4590	0.3250	0.7161	0.0365	0.7862	19.6000	0.1237	925.0000	167.0000	0.1805	927.0000
276	0.6980	0.4615	0.3450	0.7233	0.0362	0.7997	19.1000	0.1204	961.0000	168.0000	0.1748	963.0000
277	0.6736	0.4574	0.3275	0.7130	0.0362	0.7847	19.1000	0.1312	899.0000	182.0000	0.2024	903.0000
278	0.6957	0.4574	0.3396	0.7290	0.0394	0.7933	19.2000	0.1131	868.0000	177.0000	0.2039	870.0000
279	0.7050	0.4598	0.3242	0.7257	0.0346	0.7873	18.9000	0.1093	894.0000	179.0000	0.2002	899.0000
280	0.6191	0.4594	0.3227	0.7163	0.0380	0.7662	19.0000	0.1419	940.0000	194.0000	0.2064	942.0000
281	0.6524	0.4611	0.3184	0.7184	0.0386	0.7807	19.1000	0.1297	890.0000	189.0000	0.2124	892.0000
282	0.6936	0.4582	0.3350	0.7039	0.0360	0.7777	18.9000	0.1060	877.0000	177.0000	0.2018	880.0000
283	0.6674	0.4569	0.3263	0.7148	0.0393	0.7778	19.3000	0.1308	909.0000	182.0000	0.2002	911.0000
284	0.6441	0.4586	0.3333	0.6922	0.0385	0.7695	19.1000	0.1311	906.0000	189.0000	0.2086	908.0000
285	0.6500	0.4615	0.3450	0.7057	0.0381	0.7729	18.9000	0.1271	952.0000	186.0000	0.1954	954.0000
286	0.7153	0.4598	0.3197	0.7072	0.0360	0.7863	19.0000	0.1208	867.0000	177.0000	0.2042	869.0000
287	0.6658	0.4578	0.3355	0.6987	0.0400	0.7765	19.2000	0.1154	962.0000	194.0000	0.2017	964.0000
288	0.6322	0.4582	0.3311	0.7297	0.0391	0.7898	19.3000	0.1159	938.0000	177.0000	0.1887	940.0000
289	0.6560	0.4557	0.3038	0.7269	0.0354	0.7695	19.4000	0.1255	846.0000	177.0000	0.2092	848.0000
290	0.5974	0.4619	0.3257	0.7188	0.0373	0.7753	19.0000	0.1117	886.0000	179.0000	0.2020	890.0000
291	0.6513	0.4541	0.3181	0.7196	0.0369	0.7769	19.2000	0.1153	892.0000	183.0000	0.2052	894.0000
292	0.6850	0.4598	0.3358	0.7192	0.0376	0.7850	19.2000	0.1461	915.0000	182.0000	0.1989	917.0000
293	0.6896	0.4635	0.3365	0.6894	0.0394	0.7934	19.2000	0.1269	987.0000	181.0000	0.1834	989.0000
294	0.6741	0.4631	0.3390	0.6971	0.0376	0.7988	18.7000	0.1174	936.0000	181.0000	0.1934	939.0000
295	0.6415	0.4586	0.3367	0.7198	0.0383	0.7823	18.8000	0.1242	923.0000	181.0000	0.1961	925.0000
296	0.6591	0.4615	0.3441	0.7182	0.0377	0.7482	19.3000	0.1221	922.0000	195.0000	0.2115	924.0000
297	0.6554	0.4582	0.3248	0.7008	0.0343	0.7874	19.0000	0.1189	916.0000	185.0000	0.2020	926.0000
298	0.6408	0.4611	0.3470	0.7021	0.0377	0.7724	19.1000	0.1269	930.0000	182.0000	0.1957	932.0000
299	0.6788	0.4582	0.3249	0.6910	0.0348	0.7705	19.1000	0.1269	865.0000	192.0000	0.2220	867.0000
300	0.6381	0.4578	0.3135	0.6921	0.0372	0.7852	19.2000	0.1286	903.0000	178.0000	0.1971	905.0000
301	0.6794	0.4545	0.3215	0.7010	0.0369	0.7765	19.1000	0.1108	934.0000	178.0000	0.1906	936.0000
302	0.6607	0.4619	0.3408	0.7035	0.0364	0.7883	19.2000	0.1281	944.0000	182.0000	0.1928	947.0000
303	0.6728	0.4611	0.3112	0.6928	0.0368	0.7889	19.3000	0.1232	898.0000	182.0000	0.2027	901.0000
304	0.6633	0.4565	0.3209	0.7089	0.0347	0.7697	19.1000	0.1301	862.0000	174.0000	0.2019	864.0000
305	0.6818	0.4607	0.3412	0.7021	0.0396	0.7864	18.9000	0.1240	921.0000	186.0000	0.2020	923.0000
306	0.6606	0.4586	0.3287	0.6880	0.0391	0.7746	18.9000	0.1465	946.0000	190.0000	0.2008	948.0000
307	0.6966	0.4574	0.3197	0.7237	0.0369	0.8015	19.4000	0.1122	862.0000	164.0000	0.1903	869.0000
308	0.6621	0.4598	0.3380	0.7115	0.0343	0.7860	19.1000	0.1400	914.0000	173.0000	0.1893	918.0000
309	0.7345	0.4565	0.3285	0.7071	0.0360	0.7861	19.2000	0.1148	914.0000	176.0000	0.1926	916.0000
310	0.6722	0.4619	0.3374	0.7041	0.0372	0.7920	18.5000	0.1356	937.0000	173.0000	0.1846	941.0000
311	0.6627	0.4598	0.3326	0.7281	0.0371	0.7920	19.0000	0.1152	906.0000	176.0000	0.1943	915.0000
312	0.7081	0.4545	0.3409	0.7253	0.0362	0.7920	19.1000	0.1195	917.0000	179.0000	0.1952	920.0000
313	0.6761	0.4619	0.3383	0.6918	0.0379	0.7770	19.0000	0.1134	903.0000	187.0000	0.2071	905.0000
314	0.6524	0.4561	0.3272	0.7045	0.0338	0.7672	19.0000	0.1155	895.0000	179.0000	0.2000	904.0000
315	0.6391	0.4586	0.3300	0.7088	0.0371	0.7864	18.9000	0.1178	948.0000	186.0000	0.1962	953.0000
316	0.7117	0.4602	0.3410	0.7067	0.0375	0.7910	19.1000	0.1240	872.0000	178.0000	0.2041	874.0000
317	0.6711	0.4586	0.3358	0.7075	0.0377	0.7856	19.2000	0.1234	880.0000	180.0000	0.2045	882.0000
318	0.6261	0.4569	0.3357	0.7018	0.0397	0.7620	19.2000	0.1254	921.0000	193.0000	0.2096	923.0000
319	0.6599	0.4574	0.3290	0.7128	0.0374	0.7905	19.1000	0.1116	932.0000	166.0000	0.1781	934.0000
320	0.6587	0.4541	0.3404	0.7074	0.0356	0.8024	19.0000	0.1065	947.0000	162.0000	0.1711	949.0000
321	0.6638	0.4578	0.3375	0.7142	0.0351	0.7917	19.0000	0.1160	900.0000	165.0000	0.1833	902.0000
322	0.6552	0.4631	0.3442	0.7106	0.0367	0.7910	19.1000	0.1271	926.0000	169.0000	0.1825	928.0000
323	0.6756	0.4549	0.3199	0.7182	0.0359	0.7805	19.2000	0.1223	878.0000	177.0000	0.2016	880.0000
324	0.7089	0.4590	0.3396	0.6849	0.0351	0.8119	19.3000	0.1062	956.0000	173.0000	0.1810	958.0000
325	0.6590	0.4561	0.3360	0.7180	0.0370	0.7987	19.3000	0.1141	946.0000	172.0000	0.1818	948.0000
326	0.6517	0.4602	0.3289	0.7124	0.0391	0.7766	18.8000	0.1194	929.0000	186.0000	0.2002	932.0000
327	0.6445	0.4586	0.3356	0.7157	0.0397	0.7894	19.1000	0.1224	933.0000	178.0000	0.1908	935.0000
328	0.6619	0.4578	0.3219	0.7037	0.0385	0.7912	19.3000	0.1219	930.0000	186.0000	0.2000	932.0000
329	0.6722	0.4607	0.3401	0.7234	0.0364	0.7925	18.8000	0.1315	889.0000	174.0000	0.1957	891.0000
330	0.6319	0.4611	0.3273	0.7450	0.0401	0.7684	19.1000	0.1377	927.0000	184.0000	0.1985	929.0000
331	0.6796	0.4594	0.3255	0.7108	0.0337	0.8044	19.1000	0.1018	877.0000	156.0000	0.1779	879.0000
332	0.6861	0.4549	0.3227	0.7367	0.0348	0.7950	18.7000	0.1272	869.0000	170.0000	0.1956	871.0000
333	0.6955	0.4582	0.3407	0.7015	0.0386	0.7959	18.6000	0.1101	931.0000	182.0000	0.1955	934.0000
334	0.7121	0.4627	0.3400	0.7219	0.0386	0.8007	19.2000	0.1110	917.0000	181.0000	0.1974	919.0000
335	0.6729	0.4582	0.3372	0.7253	0.0385	0.7986	19.1000	0.1207	921.0000	171.0000	0.1857	923.0000
336	0.6346	0.4582	0.3300	0.7244	0.0393	0.7748	19.4000	0.1498	947.0000	182.0000	0.1922	949.0000
337	0.6618	0.4569	0.3073	0.6896	0.0399	0.7686	19.5000	0.1580	913.0000	192.0000	0.2103	915.0000
338	0.6594	0.4574	0.3280	0.7153	0.0346	0.7923	19.0000	0.1213	865.0000	172.0000	0.1988	867.0000
339	0.6895	0.4598	0.3340	0.7259	0.0368	0.7827	19.2000	0.1128	901.0000	181.0000	0.2009	903.0000
340	0.6814	0.4590	0.3188	0.7027	0.0381	0.7696	18.7000	0.1299	869.0000	183.0000	0.2106	871.0000
341	0.6941	0.4607	0.3332	0.7039	0.0364	0.8008	18.9000	0.1265	949.0000	169.0000	0.1781	951.0000
342	0.6131	0.4578	0.3311	0.7147	0.0386	0.7679	18.9000	0.1189	956.0000	187.0000	0.1956	958.0000
343	0.6290	0.4607	0.3284	0.6906	0.0402	0.7530	19.0000	0.1154	985.0000	206.0000	0.2091	987.0000
344	0.6637	0.4594	0.3351	0.7024	0.0390	0.7739	18.9000	0.1104	910.0000	186.0000	0.2044	912.0000
345	0.6782	0.4627	0.3307	0.7075	0.0367	0.7795	19.0000	0.1199	903.0000	178.0000	0.1971	905.0000
346	0.6619	0.4611	0.3289	0.6928	0.0362	0.8031	19.2000	0.1138	899.0000	170.0000	0.1891	902.0000
347	0.6656	0.4582	0.3362	0.6788	0.0350	0.7712	19.3000	0.1316	922.0000	186.0000	0.2017	928.0000
348	0.6673	0.4615	0.3342	0.7278	0.0399	0.8004	18.8000	0.1046	934.0000	175.0000	0.1874	936.0000
349	0.6502	0.4549	0.3269	0.7250	0.0382	0.7721	19.2000	0.1288	894.0000	183.0000	0.2047	896.0000
350	0.6851	0.4561	0.3368	0.6840	0.0423	0.7831	19.2000	0.1078	927.0000	193.0000	0.2082	929.0000
351	0.6580	0.4660	0.3323	0.6909	0.0363	0.7601	19.1000	0.1306	924.0000	186.0000	0.2013	926.0000
352	0.6271	0.4528	0.3203	0.7063	0.0346	0.7794	19.1000	0.1282	905.0000	161.0000	0.1779	907.0000
353	0.6543	0.4586	0.3363	0.7068	0.0398	0.7784	19.0000	0.1179	962.0000	186.0000	0.1933	964.0000
354	0.6486	0.4541	0.3241	0.6892	0.0364	0.7737	18.7000	0.1159	901.0000	180.0000	0.1998	910.0000
355	0.6595	0.4594	0.3229	0.7332	0.0351	0.7984	18.9000	0.1076	897.0000	162.0000	0.1806	899.0000
356	0.6762	0.4611	0.3322	0.7089	0.0416	0.7928	19.1000	0.1126	927.0000	182.0000	0.1963	929.0000
357	0.6914	0.4619	0.3386	0.7241	0.0408	0.7917	19.2000	0.1043	925.0000	176.0000	0.1903	927.0000
358	0.6429	0.4656	0.3543	0.6990	0.0391	0.7678	18.9000	0.1205	974.0000	187.0000	0.1920	976.0000
359	0.6507	0.4623	0.3355	0.6976	0.0399	0.7827	19.1000	0.1202	955.0000	190.0000	0.1990	957.0000
360	0.6592	0.4578	0.3235	0.7170	0.0384	0.7872	18.7000	0.1090	917.0000	179.0000	0.1952	919.0000
361	0.7039	0.4611	0.3364	0.7288	0.0344	0.8049	19.0000	0.1241	917.0000	165.0000	0.1799	920.0000
362	0.6686	0.4627	0.3357	0.7113	0.0373	0.7993	19.4000	0.1174	939.0000	170.0000	0.1810	941.0000
363	0.6497	0.4607	0.3421	0.7380	0.0373	0.7837	19.3000	0.1192	905.0000	183.0000	0.2022	907.0000
364	0.6616	0.4574	0.3291	0.7079	0.0389	0.7858	19.1000	0.1342	948.0000	186.0000	0.1962	950.0000
365	0.6660	0.4561	0.3305	0.7061	0.0356	0.7751	19.1000	0.1369	903.0000	181.0000	0.2004	905.0000
366	0.6657	0.4598	0.3480	0.7132	0.0410	0.7826	19.3000	0.1075	953.0000	183.0000	0.1920	955.0000
367	0.6672	0.4569	0.3390	0.7085	0.0378	0.7750	19.3000	0.1250	938.0000	190.0000	0.2026	940.0000
368	0.6371	0.4545	0.3272	0.7039	0.0333	0.7927	19.0000	0.1279	908.0000	166.0000	0.1828	910.0000
369	0.7072	0.4545	0.3295	0.7188	0.0365	0.7993	19.2000	0.1194	862.0000	165.0000	0.1914	866.0000
370	0.6710	0.4553	0.3241	0.7195	0.0381	0.7721	19.1000	0.1293	842.0000	171.0000	0.2031	844.0000
371	0.6703	0.4569	0.3295	0.7000	0.0358	0.7995	18.9000	0.1035	958.0000	162.0000	0.1691	960.0000
372	0.6694	0.4532	0.3230	0.7199	0.0365	0.7907	19.3000	0.1199	863.0000	169.0000	0.1958	865.0000
373	0.6478	0.4607	0.3391	0.7174	0.0377	0.7683	19.1000	0.1298	875.0000	182.0000	0.2080	877.0000
374	0.6742	0.4549	0.3130	0.7152	0.0351	0.7840	18.9000	0.1261	897.0000	177.0000	0.1973	899.0000
375	0.6749	0.4594	0.3363	0.6912	0.0363	0.7987	19.0000	0.1064	905.0000	175.0000	0.1934	907.0000
376	0.6657	0.4549	0.3306	0.7008	0.0358	0.7832	19.2000	0.1071	876.0000	171.0000	0.1952	878.0000
377	0.6826	0.4541	0.3293	0.7109	0.0364	0.7858	19.0000	0.1179	884.0000	186.0000	0.2104	887.0000
378	0.6712	0.4598	0.3270	0.7197	0.0344	0.7812	18.8000	0.1332	873.0000	172.0000	0.1970	876.0000
379	0.6785	0.4623	0.3448	0.7128	0.0394	0.7996	19.1000	0.1152	945.0000	175.0000	0.1852	947.0000
380	0.6810	0.4582	0.3275	0.7012	0.0343	0.8070	19.3000	0.0957	894.0000	159.0000	0.1779	896.0000
381	0.6675	0.4611	0.3327	0.7224	0.0385	0.7895	19.1000	0.1156	886.0000	178.0000	0.2009	889.0000
382	0.6732	0.4594	0.3439	0.6930	0.0369	0.7841	19.2000	0.1191	930.0000	185.0000	0.1989	932.0000
383	0.7070	0.4598	0.3386	0.7117	0.0364	0.7881	19.0000	0.1400	914.0000	180.0000	0.1969	916.0000
384	0.6532	0.4541	0.3191	0.7227	0.0385	0.7799	19.4000	0.1292	838.0000	180.0000	0.2148	840.0000
385	0.6579	0.4578	0.3173	0.7073	0.0373	0.7626	19.4000	0.1327	865.0000	199.0000	0.2301	869.0000
386	0.6749	0.4619	0.3325	0.6996	0.0362	0.7814	19.3000	0.1460	931.0000	189.0000	0.2030	934.0000
387	0.6457	0.4582	0.3302	0.7122	0.0377	0.7825	19.0000	0.1183	927.0000	178.0000	0.1920	931.0000
388	0.7130	0.4635	0.3392	0.7159	0.0382	0.8046	19.0000	0.0997	929.0000	172.0000	0.1851	933.0000
389	0.6571	0.4569	0.3379	0.7199	0.0375	0.7824	19.1000	0.1236	868.0000	180.0000	0.2074	871.0000
390	0.6585	0.4574	0.3361	0.7253	0.0349	0.7998	18.8000	0.1080	941.0000	158.0000	0.1679	943.0000
391	0.6409	0.4582	0.3285	0.7023	0.0402	0.7768	19.1000	0.1168	895.0000	185.0000	0.2067	897.0000
392	0.6657	0.4631	0.3387	0.7155	0.0372	0.7869	19.1000	0.1220	957.0000	172.0000	0.1797	960.0000
393	0.6893	0.4602	0.3360	0.7123	0.0340	0.7762	18.9000	0.1347	905.0000	177.0000	0.1956	909.0000
394	0.6358	0.4590	0.3260	0.7021	0.0371	0.7882	19.1000	0.1325	950.0000	179.0000	0.1884	952.0000
395	0.6575	0.4607	0.3214	0.7053	0.0350	0.7856	19.1000	0.1196	908.0000	176.0000	0.1938	911.0000
396	0.6257	0.4516	0.3230	0.7082	0.0360	0.7732	18.8000	0.1325	860.0000	185.0000	0.2151	862.0000
397	0.6529	0.4578	0.3274	0.6931	0.0379	0.7837	19.0000	0.1086	919.0000	177.0000	0.1926	921.0000
398	0.6739	0.4586	0.3467	0.7206	0.0365	0.7961	19.4000	0.1206	916.0000	161.0000	0.1758	918.0000
399	0.6686	0.4627	0.3439	0.7329	0.0377	0.7827	18.7000	0.1203	892.0000	177.0000	0.1984	894.0000
400	0.6519	0.4578	0.3324	0.7265	0.0383	0.7662	19.1000	0.1238	883.0000	180.0000	0.2039	885.0000
401	0.6447	0.4602	0.3494	0.7148	0.0389	0.7849	19.2000	0.1324	909.0000	172.0000	0.1892	912.0000
402	0.6702	0.4574	0.3356	0.7123	0.0372	0.7890	19.1000	0.1128	897.0000	173.0000	0.1929	899.0000
403	0.6738	0.4586	0.3305	0.7106	0.0363	0.7820	19.1000	0.1300	894.0000	175.0000	0.1957	896.0000
404	0.6747	0.4619	0.3225	0.7086	0.0352	0.7867	19.0000	0.1190	924.0000	169.0000	0.1829	926.0000
405	0.6156	0.4586	0.3226	0.7163	0.0348	0.7770	19.1000	0.1423	901.0000	168.0000	0.1865	903.0000
406	0.6690	0.4619	0.3277	0.7351	0.0372	0.7909	19.1000	0.1240	886.0000	171.0000	0.1930	888.0000
407	0.6664	0.4561	0.3230	0.6991	0.0349	0.7767	19.4000	0.1344	936.0000	185.0000	0.1976	938.0000
408	0.6741	0.4553	0.3249	0.7070	0.0373	0.7740	19.0000	0.1502	868.0000	177.0000	0.2039	870.0000
409	0.6827	0.4557	0.3247	0.7208	0.0366	0.7856	19.2000	0.1178	896.0000	176.0000	0.1964	898.0000
410	0.6428	0.4615	0.3322	0.6884	0.0384	0.7859	19.2000	0.1189	949.0000	195.0000	0.2055	952.0000
411	0.6629	0.4541	0.3251	0.7328	0.0346	0.7841	19.1000	0.1257	862.0000	166.0000	0.1926	864.0000
412	0.6466	0.4536	0.3093	0.7126	0.0356	0.7566	19.3000	0.1459	878.0000	187.0000	0.2130	880.0000
413	0.6614	0.4569	0.3200	0.7326	0.0380	0.7834	19.1000	0.1294	884.0000	171.0000	0.1934	886.0000
414	0.6767	0.4561	0.3351	0.7150	0.0357	0.7767	19.7000	0.1208	907.0000	176.0000	0.1940	910.0000
415	0.6495	0.4590	0.3420	0.7009	0.0409	0.7868	19.3000	0.1253	961.0000	186.0000	0.1935	965.0000
416	0.6574	0.4578	0.3363	0.7088	0.0372	0.7700	18.8000	0.1149	911.0000	185.0000	0.2031	913.0000
417	0.6532	0.4590	0.3371	0.7241	0.0369	0.7785	19.5000	0.1348	916.0000	175.0000	0.1910	920.0000
418	0.6646	0.4644	0.3422	0.7091	0.0378	0.7719	18.8000	0.1212	988.0000	188.0000	0.1903	990.0000
419	0.6755	0.4590	0.3273	0.7216	0.0356	0.7902	19.2000	0.1196	886.0000	166.0000	0.1874	888.0000
420	0.6857	0.4598	0.3265	0.6999	0.0356	0.8037	19.6000	0.0972	909.0000	171.0000	0.1881	911.0000
421	0.6487	0.4615	0.3374	0.7180	0.0392	0.7795	19.4000	0.1318	906.0000	172.0000	0.1898	908.0000
422	0.6496	0.4586	0.3241	0.7357	0.0392	0.7971	19.4000	0.1067	880.0000	177.0000	0.2011	882.0000
423	0.6179	0.4598	0.3307	0.7078	0.0394	0.7727	19.1000	0.1252	823.0000	185.0000	0.2248	825.0000
424	0.6842	0.4578	0.3263	0.6957	0.0368	0.7875	18.8000	0.1053	910.0000	182.0000	0.2000	912.0000
425	0.6760	0.4623	0.3463	0.7143	0.0373	0.7921	19.3000	0.1235	890.0000	177.0000	0.1989	893.0000
426	0.6227	0.4598	0.3272	0.7114	0.0387	0.7536	19.2000	0.1486	896.0000	191.0000	0.2132	898.0000
427	0.6907	0.4549	0.3194	0.7086	0.0352	0.7930	19.1000	0.1301	854.0000	172.0000	0.2014	856.0000
428	0.6529	0.4602	0.3368	0.7345	0.0381	0.7742	18.9000	0.1233	891.0000	172.0000	0.1930	893.0000
429	0.6463	0.4586	0.3376	0.7250	0.0397	0.7711	19.2000	0.1204	956.0000	189.0000	0.1977	958.0000
430	0.6691	0.4561	0.3317	0.7131	0.0365	0.8079	19.3000	0.1054	888.0000	158.0000	0.1779	890.0000
431	0.6696	0.4541	0.3240	0.7180	0.0356	0.7957	18.8000	0.1266	841.0000	176.0000	0.2093	843.0000
432	0.6656	0.4615	0.3368	0.6956	0.0379	0.7716	18.7000	0.1284	914.0000	191.0000	0.2090	916.0000
433	0.6854	0.4561	0.3299	0.7078	0.0380	0.7655	19.3000	0.1281	919.0000	187.0000	0.2035	921.0000
434	0.6439	0.4594	0.3298	0.6928	0.0379	0.7692	18.8000	0.1397	886.0000	185.0000	0.2088	888.0000
435	0.6554	0.4607	0.3484	0.7273	0.0383	0.7874	19.3000	0.1276	911.0000	167.0000	0.1833	913.0000
436	0.6569	0.4639	0.3497	0.6862	0.0380	0.7786	18.9000	0.1273	930.0000	195.0000	0.2097	932.0000
437	0.6580	0.4553	0.3194	0.7098	0.0388	0.7706	18.9000	0.1151	841.0000	182.0000	0.2164	843.0000
438	0.6788	0.4586	0.3228	0.7073	0.0374	0.7851	19.2000	0.1128	940.0000	175.0000	0.1862	943.0000
439	0.6914	0.4582	0.3320	0.7076	0.0374	0.7952	19.2000	0.1079	913.0000	173.0000	0.1895	916.0000
440	0.6763	0.4602	0.3388	0.7231	0.0384	0.7790	18.8000	0.1272	901.0000	177.0000	0.1964	903.0000
441	0.6834	0.4549	0.3275	0.7141	0.0347	0.7875	19.2000	0.1224	893.0000	168.0000	0.1881	895.0000
442	0.7125	0.4615	0.3316	0.6881	0.0346	0.7865	19.1000	0.1328	941.0000	171.0000	0.1817	945.0000
443	0.6643	0.4631	0.3464	0.7015	0.0368	0.7799	19.3000	0.1219	934.0000	180.0000	0.1927	936.0000
444	0.6788	0.4582	0.3441	0.7223	0.0380	0.8112	19.2000	0.1041	920.0000	176.0000	0.1913	922.0000
445	0.6518	0.4594	0.3305	0.7060	0.0350	0.7787	18.8000	0.1246	954.0000	172.0000	0.1803	956.0000
446	0.6574	0.4607	0.3458	0.7174	0.0374	0.7904	19.3000	0.1246	930.0000	176.0000	0.1892	936.0000
447	0.6609	0.4598	0.3335	0.7219	0.0383	0.7695	19.1000	0.1319	896.0000	181.0000	0.2020	898.0000
448	0.6374	0.4578	0.3348	0.6990	0.0361	0.7927	19.2000	0.1059	920.0000	178.0000	0.1935	923.0000
449	0.6463	0.4582	0.3410	0.7231	0.0364	0.7946	19.0000	0.1201	940.0000	170.0000	0.1809	943.0000
450	0.6771	0.4561	0.3269	0.7045	0.0351	0.7807	19.1000	0.1185	944.0000	183.0000	0.1939	946.0000
451	0.6571	0.4569	0.3200	0.7140	0.0365	0.7804	19.0000	0.1247	919.0000	167.0000	0.1817	921.0000
452	0.6815	0.4607	0.3420	0.7210	0.0388	0.7943	18.9000	0.1148	908.0000	167.0000	0.1839	910.0000
453	0.6856	0.4574	0.3251	0.7013	0.0360	0.7900	18.7000	0.1101	846.0000	168.0000	0.1986	848.0000
454	0.6364	0.4615	0.3190	0.7230	0.0374	0.7739	19.3000	0.1656	894.0000	181.0000	0.2025	896.0000
455	0.6965	0.4569	0.3206	0.7181	0.0348	0.7953	19.3000	0.1181	862.0000	174.0000	0.2019	864.0000
456	0.6319	0.4586	0.3216	0.7071	0.0391	0.7767	18.9000	0.1195	928.0000	179.0000	0.1929	930.0000
457	0.6826	0.4615	0.3254	0.7164	0.0346	0.7936	19.3000	0.1178	938.0000	167.0000	0.1780	940.0000
458	0.6672	0.4557	0.3230	0.7260	0.0361	0.7953	19.3000	0.1065	929.0000	165.0000	0.1776	936.0000
459	0.7000	0.4607	0.3336	0.7078	0.0386	0.7952	18.9000	0.1216	910.0000	177.0000	0.1945	912.0000
460	0.6485	0.4561	0.3337	0.6896	0.0414	0.7642	19.5000	0.1157	970.0000	206.0000	0.2124	972.0000
461	0.7016	0.4611	0.3388	0.7191	0.0371	0.7826	19.1000	0.1352	894.0000	180.0000	0.2013	900.0000
462	0.6818	0.4631	0.3405	0.7159	0.0366	0.8005	18.8000	0.1002	956.0000	171.0000	0.1789	958.0000
463	0.6403	0.4590	0.3235	0.7236	0.0387	0.7829	19.1000	0.1368	882.0000	176.0000	0.1995	886.0000
464	0.6707	0.4602	0.3382	0.7179	0.0399	0.7694	19.5000	0.1291	905.0000	187.0000	0.2066	907.0000
465	0.6747	0.4574	0.3420	0.7395	0.0380	0.7744	19.5000	0.1235	896.0000	183.0000	0.2042	898.0000
466	0.7019	0.4602	0.3456	0.7264	0.0368	0.7945	18.8000	0.1154	915.0000	174.0000	0.1902	917.0000
467	0.6942	0.4561	0.3294	0.6983	0.0386	0.7805	19.1000	0.1117	921.0000	182.0000	0.1976	923.0000
468	0.6572	0.4594	0.3348	0.7137	0.0382	0.7855	19.3000	0.1036	889.0000	179.0000	0.2013	891.0000
469	0.6854	0.4557	0.3211	0.7197	0.0380	0.7889	19.2000	0.1176	895.0000	173.0000	0.1933	897.0000
470	0.6471	0.4557	0.3276	0.7053	0.0365	0.7785	19.0000	0.1099	948.0000	171.0000	0.1804	951.0000
471	0.6787	0.4582	0.3270	0.7080	0.0376	0.7943	18.7000	0.1140	890.0000	177.0000	0.1989	892.0000
472	0.6581	0.4557	0.3227	0.7233	0.0384	0.7759	19.0000	0.1259	870.0000	184.0000	0.2115	873.0000
473	0.6583	0.4602	0.3449	0.7148	0.0359	0.7765	19.1000	0.1285	915.0000	179.0000	0.1956	918.0000
474	0.6146	0.4569	0.3314	0.7113	0.0382	0.7666	18.7000	0.1531	933.0000	180.0000	0.1929	935.0000
475	0.6348	0.4541	0.3311	0.7037	0.0343	0.7801	19.1000	0.1377	848.0000	173.0000	0.2040	851.0000
476	0.6252	0.4602	0.3176	0.7098	0.0386	0.7844	19.0000	0.1312	873.0000	184.0000	0.2108	875.0000
477	0.6439	0.4590	0.3211	0.7190	0.0369	0.7757	19.3000	0.1193	879.0000	177.0000	0.2014	882.0000
478	0.6794	0.4574	0.3390	0.7184	0.0389	0.7832	19.0000	0.1437	939.0000	173.0000	0.1842	941.0000
479	0.6532	0.4561	0.3193	0.7153	0.0348	0.8089	18.6000	0.1161	886.0000	155.0000	0.1749	888.0000
480	0.6528	0.4574	0.3296	0.7099	0.0378	0.7794	18.8000	0.1282	918.0000	184.0000	0.2004	922.0000
481	0.6466	0.4553	0.3274	0.7098	0.0362	0.7691	19.3000	0.1200	909.0000	184.0000	0.2024	911.0000
482	0.6981	0.4598	0.3297	0.7298	0.0380	0.7814	19.1000	0.1308	863.0000	173.0000	0.2005	866.0000
483	0.6905	0.4611	0.3438	0.6957	0.0372	0.7877	19.2000	0.1297	898.0000	179.0000	0.1993	905.0000
484	0.6807	0.4553	0.3314	0.7086	0.0344	0.7842	19.1000	0.1414	873.0000	178.0000	0.2039	876.0000
485	0.6432	0.4561	0.3174	0.7177	0.0353	0.7734	19.0000	0.1303	910.0000	177.0000	0.1945	912.0000
486	0.6506	0.4639	0.3335	0.7147	0.0397	0.7836	19.1000	0.1187	955.0000	187.0000	0.1958	957.0000
487	0.6902	0.4594	0.3240	0.6893	0.0389	0.7978	19.2000	0.1049	938.0000	178.0000	0.1898	940.0000
488	0.6449	0.4590	0.3398	0.6867	0.0374	0.7741	19.4000	0.1258	938.0000	174.0000	0.1855	941.0000
489	0.6379	0.4590	0.3301	0.7011	0.0364	0.7662	19.2000	0.1444	907.0000	184.0000	0.2029	909.0000
490	0.6681	0.4578	0.3265	0.7161	0.0342	0.7991	19.2000	0.1144	913.0000	170.0000	0.1862	915.0000
491	0.6593	0.4574	0.3216	0.7302	0.0358	0.7730	18.9000	0.1329	898.0000	178.0000	0.1982	900.0000
492	0.6934	0.4574	0.3338	0.7160	0.0357	0.7994	19.0000	0.1090	885.0000	174.0000	0.1966	891.0000
493	0.6876	0.4602	0.3247	0.7468	0.0359	0.7778	19.2000	0.1348	871.0000	180.0000	0.2067	873.0000
494	0.6422	0.4574	0.3328	0.6999	0.0377	0.7751	19.3000	0.1405	943.0000	182.0000	0.1930	945.0000
495	0.6463	0.4607	0.3234	0.7352	0.0363	0.7980	18.9000	0.1323	879.0000	172.0000	0.1957	881.0000
496	0.6370	0.4541	0.3340	0.7156	0.0382	0.7678	19.0000	0.1261	916.0000	186.0000	0.2031	918.0000
497	0.6404	0.4590	0.3314	0.7140	0.0387	0.7909	19.1000	0.1230	889.0000	176.0000	0.1980	891.0000
498	0.6406	0.4516	0.3245	0.6990	0.0412	0.7533	19.0000	0.1274	907.0000	196.0000	0.2161	909.0000
499	0.6596	0.4602	0.3317	0.7084	0.0378	0.7724	19.1000	0.1284	938.0000	187.0000	0.1994	940.0000
500	0.6838	0.4561	0.3373	0.7001	0.0355	0.7963	19.5000	0.1160	913.0000	171.0000	0.1873	915.0000
501	0.6955	0.4615	0.3457	0.7099	0.0347	0.7908	19.3000	0.1214	917.0000	169.0000	0.1843	919.0000
502	0.6675	0.4598	0.3293	0.7075	0.0396	0.7759	19.6000	0.1223	935.0000	189.0000	0.2021	937.0000
503	0.7159	0.4664	0.3358	0.7149	0.0352	0.7942	19.2000	0.1219	905.0000	177.0000	0.1956	907.0000
504	0.6892	0.4623	0.3317	0.7358	0.0368	0.8049	19.2000	0.1099	861.0000	180.0000	0.2091	866.0000
505	0.6985	0.4619	0.3314	0.7093	0.0369	0.7926	19.0000	0.1072	934.0000	182.0000	0.1949	936.0000
506	0.6998	0.4569	0.3281	0.7004	0.0388	0.7977	19.1000	0.1136	914.0000	186.0000	0.2035	916.0000
507	0.6816	0.4590	0.3291	0.7147	0.0378	0.7918	19.1000	0.1160	918.0000	177.0000	0.1928	920.0000
508	0.6379	0.4541	0.3096	0.7125	0.0368	0.7565	19.1000	0.1278	880.0000	181.0000	0.2057	882.0000
509	0.6801	0.4611	0.3396	0.6987	0.0375	0.7816	18.9000	0.1123	880.0000	187.0000	0.2125	891.0000
510	0.6556	0.4574	0.3335	0.7100	0.0379	0.7892	19.2000	0.1320	920.0000	178.0000	0.1935	923.0000
511	0.6762	0.4615	0.3408	0.7183	0.0362	0.7686	19.2000	0.1438	876.0000	177.0000	0.2021	878.0000
512	0.6894	0.4611	0.3417	0.7031	0.0364	0.8024	19.2000	0.1317	918.0000	168.0000	0.1830	920.0000
513	0.6649	0.4615	0.3427	0.7144	0.0374	0.7739	19.1000	0.1449	905.0000	190.0000	0.2099	908.0000
514	0.6813	0.4631	0.3484	0.7242	0.0382	0.7960	19.0000	0.1071	977.0000	170.0000	0.1740	979.0000
515	0.6623	0.4574	0.3206	0.6972	0.0375	0.7711	18.8000	0.1340	910.0000	189.0000	0.2077	914.0000
516	0.6453	0.4574	0.3252	0.7190	0.0363	0.7797	19.1000	0.1223	887.0000	173.0000	0.1950	889.0000
517	0.6319	0.4582	0.3431	0.7017	0.0374	0.7812	18.5000	0.1346	953.0000	182.0000	0.1910	955.0000
518	0.6687	0.4557	0.3446	0.7105	0.0368	0.7859	19.0000	0.1360	882.0000	166.0000	0.1882	884.0000
519	0.6372	0.4524	0.3153	0.7310	0.0390	0.7663	19.4000	0.1160	844.0000	181.0000	0.2145	846.0000
520	0.6923	0.4569	0.3292	0.7251	0.0378	0.7790	19.0000	0.1206	904.0000	184.0000	0.2035	906.0000
521	0.6693	0.4569	0.3288	0.7256	0.0379	0.7677	19.1000	0.1454	917.0000	182.0000	0.1985	919.0000
522	0.6624	0.4545	0.3267	0.7381	0.0366	0.7609	19.0000	0.1336	847.0000	184.0000	0.2172	852.0000
523	0.6427	0.4619	0.3360	0.6850	0.0376	0.7691	19.5000	0.1224	955.0000	183.0000	0.1916	957.0000
524	0.6787	0.4561	0.3374	0.7314	0.0377	0.7789	19.0000	0.1376	892.0000	183.0000	0.2052	894.0000
525	0.6906	0.4586	0.3421	0.7507	0.0356	0.7955	19.1000	0.1094	883.0000	164.0000	0.1857	885.0000
526	0.6337	0.4594	0.3444	0.7156	0.0418	0.7727	19.3000	0.1361	907.0000	183.0000	0.2018	909.0000
527	0.6556	0.4574	0.3123	0.7174	0.0362	0.7725	19.2000	0.1367	878.0000	200.0000	0.2278	884.0000
528	0.6349	0.4541	0.3364	0.7016	0.0348	0.7652	19.1000	0.1526	892.0000	179.0000	0.2007	898.0000
529	0.6646	0.4549	0.3136	0.7053	0.0336	0.7723	19.0000	0.1229	864.0000	174.0000	0.2014	866.0000
530	0.6801	0.4602	0.3313	0.7231	0.0408	0.7927	18.9000	0.1285	931.0000	175.0000	0.1880	933.0000
531	0.6333	0.4602	0.3354	0.7198	0.0395	0.7889	18.9000	0.1296	940.0000	171.0000	0.1819	942.0000
532	0.6437	0.4602	0.3320	0.6852	0.0387	0.7716	19.0000	0.1357	943.0000	194.0000	0.2057	945.0000
533	0.6817	0.4594	0.3244	0.6984	0.0375	0.7879	19.2000	0.1114	907.0000	172.0000	0.1896	909.0000
534	0.6406	0.4586	0.3364	0.7022	0.0384	0.7743	19.2000	0.1186	897.0000	189.0000	0.2107	900.0000
535	0.6702	0.4549	0.3397	0.7012	0.0353	0.7956	18.9000	0.1127	935.0000	171.0000	0.1829	937.0000
536	0.6750	0.4565	0.3181	0.7206	0.0382	0.7985	19.0000	0.1131	904.0000	163.0000	0.1803	906.0000
537	0.6686	0.4553	0.3189	0.7093	0.0345	0.7808	18.9000	0.1282	860.0000	175.0000	0.2035	862.0000
538	0.6395	0.4565	0.3346	0.6979	0.0369	0.7741	18.8000	0.1155	927.0000	183.0000	0.1974	929.0000
539	0.6552	0.4623	0.3318	0.6954	0.0372	0.7700	19.0000	0.1301	892.0000	180.0000	0.2018	894.0000
540	0.6505	0.4582	0.3316	0.7053	0.0365	0.7814	19.0000	0.1115	895.0000	179.0000	0.2000	897.0000
541	0.6733	0.4631	0.3345	0.7238	0.0365	0.7893	19.2000	0.1282	913.0000	179.0000	0.1961	916.0000
542	0.6546	0.4565	0.3361	0.6989	0.0419	0.7761	19.5000	0.1166	901.0000	199.0000	0.2209	903.0000
543	0.6382	0.4557	0.3197	0.7071	0.0409	0.7753	18.7000	0.1179	894.0000	189.0000	0.2114	896.0000
544	0.6570	0.4607	0.3305	0.7073	0.0400	0.7560	19.2000	0.1338	925.0000	197.0000	0.2130	927.0000
545	0.6552	0.4627	0.3351	0.7164	0.0373	0.7736	19.5000	0.1354	925.0000	184.0000	0.1989	930.0000
546	0.6607	0.4541	0.3457	0.7208	0.0397	0.7582	19.1000	0.1271	883.0000	189.0000	0.2140	885.0000
547	0.6863	0.4565	0.3449	0.7278	0.0363	0.8004	19.3000	0.1036	925.0000	169.0000	0.1827	928.0000
548	0.6619	0.4586	0.3129	0.6938	0.0376	0.7741	19.4000	0.1359	905.0000	181.0000	0.2000	907.0000
549	0.6763	0.4549	0.3350	0.7260	0.0350	0.8089	18.7000	0.1192	874.0000	152.0000	0.1739	877.0000
550	0.7022	0.4639	0.3356	0.6921	0.0374	0.7972	19.0000	0.1030	944.0000	183.0000	0.1939	949.0000
551	0.6530	0.4586	0.3379	0.7037	0.0374	0.7806	18.9000	0.1421	915.0000	185.0000	0.2022	917.0000
552	0.6770	0.4590	0.3121	0.7106	0.0332	0.7882	19.4000	0.1386	837.0000	172.0000	0.2055	839.0000
553	0.6648	0.4557	0.3240	0.7227	0.0379	0.7808	19.0000	0.1432	893.0000	169.0000	0.1892	896.0000
554	0.6543	0.4602	0.3347	0.7175	0.0371	0.7858	19.1000	0.1267	916.0000	187.0000	0.2041	918.0000
555	0.7072	0.4553	0.3272	0.7001	0.0335	0.7857	19.2000	0.1337	877.0000	171.0000	0.1950	879.0000
556	0.6363	0.4594	0.3349	0.7043	0.0366	0.7754	19.3000	0.1287	924.0000	185.0000	0.2002	926.0000
557	0.6535	0.4611	0.3447	0.7133	0.0370	0.7923	19.1000	0.1269	993.0000	180.0000	0.1813	995.0000
558	0.6269	0.4590	0.3295	0.7225	0.0410	0.7737	19.1000	0.1358	890.0000	190.0000	0.2135	892.0000
559	0.6687	0.4586	0.3287	0.6978	0.0345	0.7825	19.3000	0.1154	948.0000	170.0000	0.1793	951.0000
560	0.6481	0.4619	0.3323	0.7194	0.0394	0.7686	19.2000	0.1271	918.0000	183.0000	0.1993	920.0000
561	0.6551	0.4598	0.3314	0.7107	0.0379	0.7762	19.0000	0.1392	911.0000	176.0000	0.1932	913.0000
562	0.6797	0.4565	0.3237	0.7296	0.0371	0.7861	18.9000	0.1132	930.0000	177.0000	0.1903	933.0000
563	0.6706	0.4549	0.3355	0.7097	0.0345	0.7735	19.0000	0.1484	834.0000	177.0000	0.2122	837.0000
564	0.6445	0.4590	0.3365	0.6950	0.0381	0.7748	19.3000	0.1379	978.0000	184.0000	0.1881	980.0000
565	0.6640	0.4545	0.3397	0.7190	0.0351	0.7920	19.3000	0.1296	962.0000	163.0000	0.1694	965.0000
566	0.6705	0.4578	0.3249	0.7017	0.0350	0.7917	18.9000	0.1197	866.0000	166.0000	0.1917	868.0000
567	0.6593	0.4623	0.3433	0.7014	0.0381	0.7814	18.8000	0.1049	933.0000	185.0000	0.1983	935.0000
568	0.6711	0.4574	0.3274	0.7266	0.0365	0.7804	18.9000	0.1376	867.0000	176.0000	0.2030	869.0000
569	0.6600	0.4623	0.3323	0.6885	0.0389	0.7741	19.0000	0.1206	906.0000	194.0000	0.2141	908.0000
570	0.6426	0.4574	0.3358	0.6892	0.0394	0.7758	19.1000	0.1206	926.0000	192.0000	0.2073	928.0000
571	0.6588	0.4615	0.3356	0.7226	0.0362	0.7758	19.0000	0.1116	928.0000	174.0000	0.1875	930.0000
572	0.6617	0.4532	0.3164	0.7160	0.0341	0.7817	18.9000	0.1254	863.0000	181.0000	0.2097	865.0000
573	0.6580	0.4574	0.3211	0.7365	0.0368	0.7790	19.1000	0.1397	869.0000	180.0000	0.2071	872.0000
574	0.6881	0.4582	0.3403	0.7157	0.0360	0.7876	19.4000	0.1206	929.0000	171.0000	0.1841	932.0000
575	0.6628	0.4582	0.3298	0.7317	0.0365	0.7667	19.0000	0.1402	910.0000	185.0000	0.2033	912.0000
576	0.6681	0.4569	0.3291	0.7151	0.0395	0.8055	19.0000	0.1082	945.0000	164.0000	0.1735	947.0000
577	0.6855	0.4590	0.3388	0.7079	0.0342	0.7985	18.8000	0.1204	912.0000	159.0000	0.1743	914.0000
578	0.6714	0.4536	0.3253	0.7330	0.0338	0.7777	19.0000	0.1383	903.0000	171.0000	0.1894	906.0000
579	0.6681	0.4508	0.3211	0.7302	0.0366	0.7836	19.2000	0.1144	902.0000	167.0000	0.1851	905.0000
580	0.6842	0.4635	0.3384	0.7144	0.0355	0.7821	19.4000	0.1280	818.0000	177.0000	0.2164	822.0000
581	0.6396	0.4594	0.3276	0.7251	0.0353	0.7668	18.9000	0.1285	887.0000	181.0000	0.2041	891.0000
582	0.6529	0.4590	0.3254	0.7096	0.0394	0.7893	18.9000	0.1121	883.0000	177.0000	0.2005	885.0000
583	0.6474	0.4590	0.3182	0.7097	0.0358	0.7871	19.0000	0.1150	899.0000	167.0000	0.1858	901.0000
584	0.6816	0.4623	0.3368	0.7056	0.0375	0.8066	19.1000	0.0943	962.0000	177.0000	0.1840	964.0000
585	0.6465	0.4578	0.3262	0.7253	0.0378	0.7783	18.6000	0.1227	875.0000	171.0000	0.1954	877.0000
586	0.6428	0.4553	0.3171	0.7217	0.0360	0.7750	19.1000	0.1146	885.0000	173.0000	0.1955	887.0000
587	0.6573	0.4557	0.3208	0.7163	0.0307	0.7785	19.3000	0.1449	854.0000	165.0000	0.1932	860.0000
588	0.6956	0.4648	0.3496	0.7102	0.0389	0.8128	18.9000	0.1066	961.0000	175.0000	0.1821	963.0000
589	0.6652	0.4615	0.3236	0.7126	0.0371	0.8012	19.0000	0.1063	982.0000	170.0000	0.1731	984.0000
590	0.7079	0.4607	0.3336	0.7059	0.0353	0.8019	18.9000	0.1103	934.0000	172.0000	0.1842	938.0000
591	0.6879	0.4607	0.3366	0.7112	0.0374	0.7965	19.0000	0.1158	928.0000	171.0000	0.1843	931.0000
592	0.6891	0.4569	0.3254	0.7059	0.0362	0.7788	19.2000	0.1154	920.0000	181.0000	0.1967	923.0000
593	0.6625	0.4611	0.3323	0.7115	0.0356	0.7722	19.3000	0.1296	938.0000	175.0000	0.1866	940.0000
594	0.6222	0.4549	0.3336	0.7016	0.0397	0.7609	18.9000	0.1386	874.0000	190.0000	0.2174	876.0000
595	0.6726	0.4615	0.3356	0.7153	0.0370	0.7956	19.2000	0.1020	970.0000	177.0000	0.1825	972.0000
596	0.6374	0.4590	0.3335	0.7096	0.0400	0.7669	19.2000	0.1294	995.0000	200.0000	0.2010	997.0000
597	0.6823	0.4602	0.3387	0.7314	0.0368	0.8031	18.7000	0.1160	887.0000	166.0000	0.1871	889.0000
598	0.6460	0.4607	0.3361	0.7156	0.0392	0.7622	19.1000	0.1387	936.0000	186.0000	0.1987	938.0000
599	0.6619	0.4586	0.3539	0.7064	0.0385	0.7773	19.7000	0.1398	943.0000	181.0000	0.1919	945.0000
600	0.6469	0.4607	0.3246	0.6966	0.0362	0.7616	19.1000	0.1450	949.0000	187.0000	0.1970	954.0000
601	0.6720	0.4598	0.3401	0.7141	0.0376	0.7783	19.2000	0.1173	900.0000	192.0000	0.2133	909.0000
602	0.6195	0.4582	0.3281	0.7321	0.0391	0.7664	19.3000	0.1463	910.0000	194.0000	0.2132	912.0000
603	0.6379	0.4565	0.3287	0.7237	0.0365	0.7881	19.2000	0.1277	879.0000	171.0000	0.1945	881.0000
604	0.7005	0.4611	0.3357	0.7224	0.0390	0.7994	19.1000	0.1266	891.0000	173.0000	0.1942	894.0000
605	0.6786	0.4590	0.3353	0.7135	0.0354	0.7975	18.7000	0.1082	947.0000	169.0000	0.1785	950.0000
606	0.6299	0.4574	0.3328	0.7160	0.0365	0.7803	18.9000	0.1314	914.0000	183.0000	0.2002	916.0000
607	0.6729	0.4574	0.3453	0.7232	0.0358	0.7998	18.9000	0.1154	944.0000	168.0000	0.1780	946.0000
608	0.6643	0.4607	0.3283	0.7060	0.0392	0.7756	19.1000	0.1166	927.0000	193.0000	0.2082	929.0000
609	0.6678	0.4565	0.3548	0.7061	0.0353	0.8080	19.3000	0.1019	960.0000	164.0000	0.1708	962.0000
610	0.6253	0.4644	0.3432	0.7136	0.0376	0.7892	19.4000	0.1316	969.0000	178.0000	0.1837	971.0000
611	0.6713	0.4590	0.3400	0.6935	0.0357	0.7893	19.2000	0.1189	899.0000	184.0000	0.2047	903.0000
612	0.6840	0.4607	0.3344	0.7166	0.0342	0.8089	19.1000	0.1094	883.0000	165.0000	0.1869	887.0000
613	0.6798	0.4520	0.3252	0.6956	0.0370	0.7959	19.4000	0.1064	962.0000	184.0000	0.1913	964.0000
614	0.6632	0.4582	0.3264	0.7282	0.0368	0.7908	19.0000	0.1284	862.0000	171.0000	0.1984	864.0000
615	0.6472	0.4594	0.3263	0.7105	0.0369	0.7767	19.4000	0.1213	902.0000	179.0000	0.1984	904.0000
616	0.6555	0.4607	0.3411	0.7198	0.0394	0.7865	19.1000	0.1111	920.0000	187.0000	0.2033	924.0000
617	0.6683	0.4598	0.3483	0.7347	0.0357	0.7909	19.0000	0.1138	935.0000	162.0000	0.1733	939.0000
618	0.6520	0.4615	0.3342	0.7272	0.0390	0.7671	19.3000	0.1214	851.0000	184.0000	0.2162	853.0000
619	0.6783	0.4574	0.3371	0.7001	0.0363	0.7888	19.1000	0.1173	920.0000	172.0000	0.1870	922.0000
620	0.7060	0.4623	0.3246	0.7166	0.0351	0.7975	19.1000	0.1176	892.0000	167.0000	0.1872	894.0000
621	0.6765	0.4598	0.3326	0.7216	0.0341	0.7823	19.2000	0.1120	914.0000	174.0000	0.1904	916.0000
622	0.7010	0.4590	0.3304	0.7131	0.0356	0.7963	18.7000	0.1043	862.0000	158.0000	0.1833	865.0000
623	0.6511	0.4602	0.3384	0.6954	0.0387	0.7680	19.1000	0.1222	952.0000	180.0000	0.1891	954.0000
624	0.6655	0.4619	0.3482	0.7155	0.0374	0.7928	19.0000	0.1172	931.0000	175.0000	0.1880	933.0000
625	0.6700	0.4590	0.3286	0.6985	0.0391	0.7727	19.2000	0.1148	912.0000	196.0000	0.2149	914.0000
626	0.6680	0.4561	0.3314	0.7168	0.0372	0.7981	19.1000	0.1011	884.0000	178.0000	0.2014	887.0000
627	0.6662	0.4602	0.3424	0.7150	0.0372	0.7961	19.2000	0.1174	943.0000	173.0000	0.1835	950.0000
628	0.6174	0.4611	0.3317	0.7306	0.0404	0.7566	19.1000	0.1476	889.0000	192.0000	0.2160	891.0000
629	0.6831	0.4582	0.3346	0.7106	0.0375	0.7876	18.8000	0.1163	913.0000	184.0000	0.2015	916.0000
630	0.6720	0.4623	0.3395	0.7213	0.0366	0.8019	18.7000	0.0979	902.0000	162.0000	0.1796	906.0000
631	0.6492	0.4598	0.3295	0.7175	0.0391	0.7877	19.0000	0.1101	884.0000	176.0000	0.1991	886.0000
632	0.6994	0.4565	0.3243	0.7016	0.0335	0.7877	19.0000	0.1272	858.0000	165.0000	0.1923	866.0000
633	0.6260	0.4569	0.3313	0.6997	0.0370	0.7705	19.0000	0.1210	890.0000	178.0000	0.2000	892.0000
634	0.6682	0.4524	0.3285	0.7272	0.0352	0.7951	19.1000	0.1227	868.0000	164.0000	0.1889	870.0000
635	0.6722	0.4549	0.3271	0.7169	0.0379	0.7702	18.8000	0.1573	868.0000	194.0000	0.2235	875.0000
636	0.7079	0.4602	0.3369	0.7190	0.0371	0.7942	19.0000	0.1054	892.0000	174.0000	0.1951	896.0000
637	0.6600	0.4549	0.3292	0.7244	0.0399	0.7759	19.2000	0.1241	870.0000	185.0000	0.2126	872.0000
638	0.6793	0.4611	0.3294	0.7078	0.0357	0.7891	19.1000	0.1112	948.0000	175.0000	0.1846	950.0000
639	0.6579	0.4590	0.3214	0.7107	0.0393	0.7716	19.1000	0.1503	900.0000	185.0000	0.2056	902.0000
640	0.6333	0.4623	0.3318	0.7098	0.0368	0.7689	19.1000	0.1237	950.0000	183.0000	0.1926	952.0000
641	0.6692	0.4590	0.3406	0.7185	0.0386	0.8070	18.9000	0.1068	947.0000	170.0000	0.1795	949.0000
642	0.6626	0.4619	0.3357	0.7272	0.0372	0.7928	18.9000	0.1267	882.0000	171.0000	0.1939	884.0000
643	0.6866	0.4611	0.3361	0.7117	0.0370	0.7877	19.2000	0.1096	937.0000	178.0000	0.1900	939.0000
644	0.6734	0.4590	0.3344	0.7108	0.0380	0.7724	19.2000	0.1252	953.0000	191.0000	0.2004	956.0000
645	0.6708	0.4623	0.3370	0.7114	0.0337	0.7889	19.2000	0.1160	894.0000	157.0000	0.1756	896.0000
646	0.6880	0.4607	0.3227	0.6900	0.0342	0.7904	19.2000	0.1072	862.0000	171.0000	0.1984	865.0000
647	0.6747	0.4602	0.3367	0.7283	0.0359	0.7958	19.4000	0.1114	937.0000	168.0000	0.1793	939.0000
648	0.6622	0.4615	0.3380	0.7203	0.0375	0.7976	19.3000	0.1059	912.0000	179.0000	0.1963	914.0000
649	0.6387	0.4574	0.3478	0.7192	0.0402	0.7695	19.1000	0.1272	959.0000	188.0000	0.1960	961.0000
650	0.6834	0.4590	0.3341	0.7061	0.0392	0.7984	19.3000	0.1333	907.0000	178.0000	0.1963	909.0000
651	0.7149	0.4598	0.3409	0.7275	0.0367	0.7959	19.1000	0.1131	899.0000	162.0000	0.1802	902.0000
652	0.6860	0.4598	0.3308	0.7225	0.0380	0.8063	19.3000	0.1183	862.0000	163.0000	0.1891	864.0000
653	0.6670	0.4512	0.3215	0.6919	0.0336	0.7854	19.1000	0.1158	883.0000	172.0000	0.1948	885.0000
654	0.6803	0.4557	0.3242	0.7292	0.0367	0.7967	18.7000	0.1194	890.0000	168.0000	0.1888	892.0000
655	0.6242	0.4574	0.3174	0.7124	0.0358	0.7961	18.9000	0.1117	869.0000	165.0000	0.1899	871.0000
656	0.6576	0.4607	0.3229	0.6981	0.0384	0.7840	18.9000	0.1140	894.0000	181.0000	0.2025	897.0000
657	0.6782	0.4578	0.3456	0.7224	0.0390	0.7763	18.9000	0.1330	916.0000	180.0000	0.1965	923.0000
658	0.6334	0.4582	0.3278	0.7198	0.0360	0.7898	19.3000	0.1264	904.0000	170.0000	0.1881	906.0000
659	0.6691	0.4578	0.3334	0.7228	0.0399	0.7778	19.2000	0.1166	901.0000	187.0000	0.2075	903.0000
660	0.6754	0.4582	0.3342	0.6970	0.0381	0.7927	19.5000	0.0990	912.0000	176.0000	0.1930	914.0000
661	0.6968	0.4545	0.3294	0.6836	0.0345	0.8087	19.1000	0.1146	925.0000	166.0000	0.1795	927.0000
662	0.6717	0.4656	0.3411	0.7121	0.0382	0.7814	19.4000	0.1321	930.0000	188.0000	0.2022	932.0000
663	0.6831	0.4639	0.3504	0.7183	0.0387	0.7674	19.1000	0.1461	966.0000	182.0000	0.1884	968.0000
664	0.6570	0.4586	0.3272	0.6963	0.0384	0.7791	18.6000	0.1330	923.0000	182.0000	0.1972	925.0000
665	0.6597	0.4598	0.3234	0.7030	0.0354	0.7766	18.8000	0.1341	881.0000	182.0000	0.2066	883.0000
666	0.6350	0.4569	0.3329	0.7049	0.0391	0.7625	19.3000	0.1372	976.0000	183.0000	0.1875	978.0000
667	0.7229	0.4541	0.3286	0.7048	0.0360	0.7944	19.2000	0.0970	931.0000	174.0000	0.1869	933.0000
668	0.6601	0.4528	0.3286	0.7331	0.0379	0.7986	19.1000	0.1288	846.0000	174.0000	0.2057	848.0000
669	0.6832	0.4639	0.3324	0.7057	0.0343	0.7796	18.8000	0.1307	940.0000	176.0000	0.1872	943.0000
670	0.7150	0.4569	0.3161	0.7101	0.0364	0.7866	18.6000	0.1317	856.0000	183.0000	0.2138	858.0000
671	0.6432	0.4607	0.3281	0.7136	0.0380	0.7698	19.3000	0.1434	922.0000	183.0000	0.1985	924.0000
672	0.6856	0.4639	0.3446	0.7054	0.0372	0.7902	19.1000	0.1275	936.0000	181.0000	0.1934	944.0000
673	0.7157	0.4602	0.3263	0.7285	0.0335	0.7910	18.9000	0.1099	881.0000	168.0000	0.1907	887.0000
674	0.6357	0.4578	0.3353	0.7059	0.0389	0.7779	18.7000	0.1163	920.0000	177.0000	0.1924	922.0000
675	0.6558	0.4561	0.3264	0.7096	0.0383	0.7762	19.4000	0.1152	867.0000	182.0000	0.2099	869.0000
676	0.6552	0.4557	0.3233	0.7257	0.0342	0.7721	19.3000	0.1266	847.0000	166.0000	0.1960	849.0000
677	0.6630	0.4504	0.3257	0.7140	0.0412	0.7803	18.8000	0.1218	924.0000	187.0000	0.2024	926.0000
678	0.6866	0.4574	0.3271	0.7275	0.0371	0.7664	19.0000	0.1232	906.0000	189.0000	0.2086	909.0000
679	0.6830	0.4598	0.3300	0.7222	0.0352	0.7860	19.4000	0.1188	854.0000	165.0000	0.1932	856.0000
680	0.6888	0.4561	0.3318	0.7072	0.0354	0.7972	19.3000	0.1262	891.0000	167.0000	0.1874	893.0000
681	0.6815	0.4590	0.3326	0.7144	0.0379	0.7844	19.2000	0.1335	920.0000	179.0000	0.1946	922.0000
682	0.6815	0.4598	0.3367	0.7025	0.0378	0.7929	19.5000	0.1266	964.0000	182.0000	0.1888	966.0000
683	0.6765	0.4582	0.3191	0.7196	0.0372	0.7905	19.2000	0.1246	849.0000	173.0000	0.2038	853.0000
684	0.6709	0.4594	0.3428	0.7030	0.0368	0.7870	19.2000	0.1219	924.0000	182.0000	0.1970	926.0000
685	0.7035	0.4578	0.3408	0.7008	0.0379	0.8028	19.1000	0.1112	908.0000	165.0000	0.1817	910.0000
686	0.6660	0.4611	0.3404	0.6979	0.0364	0.7680	19.4000	0.1299	951.0000	189.0000	0.1987	955.0000
687	0.6655	0.4590	0.3332	0.7159	0.0392	0.7875	18.9000	0.1132	873.0000	180.0000	0.2062	875.0000
688	0.6270	0.4635	0.3181	0.7054	0.0370	0.7736	19.0000	0.1309	901.0000	180.0000	0.1998	904.0000
689	0.6529	0.4611	0.3118	0.7178	0.0396	0.7751	19.3000	0.1166	957.0000	193.0000	0.2017	959.0000
690	0.6638	0.4574	0.3156	0.7177	0.0377	0.8004	18.8000	0.1112	936.0000	171.0000	0.1827	938.0000
691	0.6750	0.4607	0.3317	0.7084	0.0405	0.7774	19.3000	0.1276	920.0000	190.0000	0.2065	923.0000
692	0.6645	0.4598	0.3251	0.7068	0.0354	0.7887	18.7000	0.1318	916.0000	170.0000	0.1856	919.0000
693	0.6538	0.4565	0.3202	0.7183	0.0336	0.7966	19.2000	0.1217	927.0000	159.0000	0.1715	929.0000
694	0.6555	0.4582	0.3337	0.7254	0.0390	0.7712	19.2000	0.1364	939.0000	183.0000	0.1949	944.0000
695	0.6496	0.4532	0.3332	0.7029	0.0361	0.7667	19.4000	0.1308	909.0000	182.0000	0.2002	912.0000
696	0.6713	0.4607	0.3370	0.7114	0.0354	0.7704	19.3000	0.1135	900.0000	182.0000	0.2022	905.0000
697	0.6381	0.4574	0.3212	0.7136	0.0378	0.7756	19.2000	0.1263	929.0000	170.0000	0.1830	931.0000
698	0.6671	0.4582	0.3344	0.7079	0.0378	0.7815	18.9000	0.1211	934.0000	178.0000	0.1906	936.0000
699	0.6793	0.4508	0.3232	0.7068	0.0344	0.7873	19.6000	0.1278	875.0000	172.0000	0.1966	877.0000
700	0.6744	0.4598	0.3385	0.7139	0.0371	0.7779	19.0000	0.1366	916.0000	179.0000	0.1954	921.0000
701	0.6626	0.4615	0.3213	0.7184	0.0391	0.7976	19.1000	0.1024	917.0000	176.0000	0.1919	919.0000
702	0.6502	0.4594	0.3344	0.7017	0.0384	0.7765	19.0000	0.1316	894.0000	189.0000	0.2114	896.0000
703	0.6522	0.4569	0.3247	0.7132	0.0335	0.7889	19.4000	0.1265	890.0000	168.0000	0.1888	893.0000
704	0.6773	0.4574	0.3336	0.7040	0.0393	0.7715	18.8000	0.1198	897.0000	178.0000	0.1984	900.0000
705	0.6802	0.4561	0.3273	0.7260	0.0369	0.7792	19.0000	0.1194	889.0000	176.0000	0.1980	893.0000
706	0.6917	0.4582	0.3280	0.7334	0.0357	0.7781	19.4000	0.1334	881.0000	170.0000	0.1930	883.0000
707	0.6480	0.4602	0.3206	0.7061	0.0403	0.7755	18.7000	0.1159	932.0000	185.0000	0.1985	934.0000
708	0.6770	0.4627	0.3368	0.6744	0.0350	0.7717	19.2000	0.1209	937.0000	184.0000	0.1964	939.0000
709	0.6718	0.4574	0.3164	0.7272	0.0362	0.7877	19.1000	0.1279	866.0000	174.0000	0.2009	868.0000
710	0.6739	0.4565	0.3248	0.7048	0.0356	0.7766	19.1000	0.1305	866.0000	181.0000	0.2090	872.0000
711	0.6214	0.4574	0.3235	0.7118	0.0376	0.7670	19.3000	0.1099	894.0000	178.0000	0.1991	896.0000
712	0.6497	0.4574	0.3264	0.7042	0.0355	0.7821	19.1000	0.1395	931.0000	171.0000	0.1837	933.0000
713	0.6745	0.4574	0.3215	0.7254	0.0364	0.7827	19.1000	0.1063	877.0000	178.0000	0.2030	880.0000
714	0.6662	0.4582	0.3249	0.7132	0.0372	0.7737	18.8000	0.1370	876.0000	178.0000	0.2032	879.0000
715	0.6154	0.4602	0.3474	0.7269	0.0382	0.7900	19.1000	0.1206	894.0000	171.0000	0.1913	897.0000
716	0.6742	0.4565	0.3372	0.7103	0.0368	0.7986	19.0000	0.1071	877.0000	162.0000	0.1847	879.0000
717	0.6715	0.4578	0.3232	0.7154	0.0362	0.7886	18.9000	0.1039	938.0000	171.0000	0.1823	940.0000
718	0.6718	0.4615	0.3420	0.7149	0.0375	0.7880	19.4000	0.1026	942.0000	178.0000	0.1890	944.0000
719	0.6734	0.4594	0.3306	0.7060	0.0380	0.7845	18.9000	0.1126	895.0000	179.0000	0.2000	897.0000
720	0.6255	0.4594	0.3190	0.7174	0.0400	0.7761	19.3000	0.1227	933.0000	190.0000	0.2036	935.0000
721	0.6412	0.4549	0.3252	0.7300	0.0360	0.7799	19.0000	0.1355	873.0000	170.0000	0.1947	875.0000
722	0.6525	0.4569	0.3338	0.7013	0.0362	0.7842	19.1000	0.1208	962.0000	173.0000	0.1798	965.0000
723	0.6911	0.4569	0.3329	0.7123	0.0382	0.7920	19.5000	0.1232	907.0000	180.0000	0.1985	910.0000
724	0.6865	0.4582	0.3373	0.7329	0.0371	0.8000	19.1000	0.1134	938.0000	174.0000	0.1855	940.0000
725	0.6864	0.4619	0.3381	0.6874	0.0380	0.7886	19.0000	0.1228	937.0000	185.0000	0.1974	939.0000
726	0.6236	0.4565	0.3176	0.7442	0.0379	0.7581	19.1000	0.1567	900.0000	183.0000	0.2033	904.0000
727	0.6363	0.4578	0.3343	0.7018	0.0378	0.7719	19.0000	0.1142	878.0000	188.0000	0.2141	880.0000
728	0.6746	0.4631	0.3408	0.7225	0.0400	0.7815	19.1000	0.1254	900.0000	182.0000	0.2022	902.0000
729	0.6561	0.4590	0.3365	0.7304	0.0356	0.7774	19.2000	0.1373	894.0000	176.0000	0.1969	896.0000
730	0.6809	0.4598	0.3488	0.7020	0.0386	0.7595	19.0000	0.1266	926.0000	194.0000	0.2095	928.0000
731	0.6944	0.4586	0.3307	0.7254	0.0353	0.7748	19.2000	0.1317	875.0000	174.0000	0.1989	877.0000
732	0.6450	0.4586	0.3377	0.7126	0.0366	0.7739	18.7000	0.1339	906.0000	177.0000	0.1954	908.0000
733	0.6377	0.4602	0.3265	0.7161	0.0385	0.7699	19.3000	0.1264	912.0000	186.0000	0.2039	914.0000
734	0.6144	0.4569	0.3287	0.6994	0.0413	0.7691	19.4000	0.1088	929.0000	193.0000	0.2078	931.0000
735	0.6833	0.4590	0.3297	0.7030	0.0346	0.7769	19.6000	0.1119	887.0000	181.0000	0.2041	889.0000
736	0.6647	0.4565	0.3260	0.7119	0.0370	0.7888	19.5000	0.1314	945.0000	182.0000	0.1926	955.0000
737	0.6505	0.4586	0.3237	0.7192	0.0369	0.7767	19.0000	0.1263	848.0000	179.0000	0.2111	850.0000
738	0.6515	0.4557	0.3282	0.7072	0.0404	0.7680	18.6000	0.1066	884.0000	191.0000	0.2161	886.0000
739	0.6939	0.4594	0.3396	0.7103	0.0372	0.7739	19.2000	0.1373	878.0000	180.0000	0.2050	881.0000
740	0.6675	0.4586	0.3352	0.7072	0.0347	0.7963	18.9000	0.1140	872.0000	174.0000	0.1995	874.0000
741	0.6808	0.4598	0.3302	0.7116	0.0363	0.8005	19.1000	0.1081	894.0000	176.0000	0.1969	896.0000
742	0.6491	0.4623	0.3354	0.6967	0.0391	0.7717	19.5000	0.1419	881.0000	193.0000	0.2191	883.0000
743	0.6852	0.4536	0.3269	0.7299	0.0335	0.7802	19.3000	0.1302	871.0000	166.0000	0.1906	873.0000
744	0.6472	0.4532	0.3404	0.6897	0.0403	0.7649	19.2000	0.1290	925.0000	197.0000	0.2130	927.0000
745	0.6799	0.4590	0.3276	0.7064	0.0354	0.7945	19.3000	0.1302	864.0000	167.0000	0.1933	866.0000
746	0.6706	0.4557	0.3238	0.7177	0.0388	0.7701	19.1000	0.1468	899.0000	187.0000	0.2080	901.0000
747	0.6729	0.4631	0.3342	0.7048	0.0394	0.7803	19.3000	0.1221	929.0000	189.0000	0.2034	931.0000
748	0.6584	0.4582	0.3451	0.7003	0.0397	0.7869	19.4000	0.1431	932.0000	187.0000	0.2006	934.0000
749	0.6821	0.4611	0.3353	0.7200	0.0372	0.7785	19.0000	0.1301	901.0000	179.0000	0.1987	903.0000
750	0.6853	0.4569	0.3315	0.7167	0.0356	0.7695	19.1000	0.1286	865.0000	173.0000	0.2000	867.0000
751	0.6695	0.4586	0.3238	0.7186	0.0390	0.7662	19.0000	0.1432	913.0000	194.0000	0.2125	918.0000
752	0.6718	0.4594	0.3408	0.7110	0.0352	0.7911	19.0000	0.1523	856.0000	162.0000	0.1893	858.0000
753	0.6672	0.4574	0.3269	0.7150	0.0378	0.7982	19.1000	0.1234	905.0000	165.0000	0.1823	907.0000
754	0.6641	0.4635	0.3372	0.6871	0.0399	0.7696	19.1000	0.1423	939.0000	196.0000	0.2087	941.0000
755	0.6714	0.4553	0.3314	0.7141	0.0387	0.7680	18.6000	0.1385	895.0000	170.0000	0.1899	899.0000
756	0.6750	0.4553	0.3274	0.7107	0.0368	0.7860	19.1000	0.1259	882.0000	174.0000	0.1973	886.0000
757	0.6739	0.4586	0.3378	0.7146	0.0389	0.7817	19.3000	0.1079	864.0000	186.0000	0.2153	869.0000
758	0.7175	0.4561	0.3486	0.7056	0.0364	0.7897	19.0000	0.1089	902.0000	171.0000	0.1896	904.0000
759	0.6453	0.4578	0.3123	0.6943	0.0392	0.7806	18.9000	0.1358	897.0000	180.0000	0.2007	899.0000
760	0.6562	0.4615	0.3376	0.6984	0.0388	0.7873	18.9000	0.1253	938.0000	182.0000	0.1940	940.0000
761	0.6948	0.4578	0.3414	0.7015	0.0362	0.7865	18.9000	0.1142	887.0000	168.0000	0.1894	889.0000
762	0.6726	0.4586	0.3239	0.7242	0.0397	0.7909	19.1000	0.1141	893.0000	183.0000	0.2049	895.0000
763	0.6794	0.4627	0.3343	0.7361	0.0350	0.7909	19.0000	0.1176	897.0000	172.0000	0.1918	900.0000
764	0.6290	0.4598	0.3268	0.7022	0.0372	0.7924	19.3000	0.1137	916.0000	175.0000	0.1910	918.0000
765	0.6777	0.4615	0.3379	0.7126	0.0349	0.7945	19.3000	0.1273	880.0000	165.0000	0.1875	882.0000
766	0.6424	0.4586	0.3352	0.7078	0.0414	0.7795	19.4000	0.1398	973.0000	197.0000	0.2025	975.0000
767	0.6711	0.4569	0.3397	0.7057	0.0367	0.7896	19.0000	0.1116	950.0000	178.0000	0.1874	952.0000
768	0.6640	0.4532	0.3293	0.7255	0.0343	0.7871	19.0000	0.1205	878.0000	160.0000	0.1822	881.0000
769	0.6817	0.4623	0.3372	0.7239	0.0348	0.7790	19.0000	0.1282	904.0000	173.0000	0.1914	906.0000
770	0.6805	0.4549	0.3341	0.7081	0.0386	0.7926	18.9000	0.1129	897.0000	183.0000	0.2040	899.0000
771	0.6504	0.4532	0.3123	0.7108	0.0366	0.7861	18.9000	0.1293	904.0000	184.0000	0.2035	906.0000
772	0.6709	0.4615	0.3267	0.7253	0.0367	0.7869	19.4000	0.1257	858.0000	171.0000	0.1993	863.0000
773	0.6740	0.4528	0.3273	0.7357	0.0347	0.7896	19.5000	0.1400	872.0000	164.0000	0.1881	874.0000
774	0.6656	0.4557	0.3204	0.7021	0.0343	0.7654	19.0000	0.1298	891.0000	185.0000	0.2076	895.0000
775	0.6706	0.4681	0.3491	0.6968	0.0434	0.7831	19.0000	0.1035	960.0000	192.0000	0.2000	962.0000
776	0.6642	0.4549	0.3261	0.7080	0.0380	0.7710	19.1000	0.1107	921.0000	179.0000	0.1944	923.0000
777	0.6238	0.4594	0.3390	0.7192	0.0383	0.7683	19.2000	0.1558	930.0000	182.0000	0.1957	933.0000
778	0.6784	0.4619	0.3354	0.7313	0.0392	0.7771	19.3000	0.1202	911.0000	182.0000	0.1998	913.0000
779	0.6927	0.4615	0.3450	0.6815	0.0346	0.8031	19.4000	0.1185	936.0000	170.0000	0.1816	941.0000
780	0.6614	0.4619	0.3385	0.7371	0.0370	0.7881	19.1000	0.1216	956.0000	177.0000	0.1851	959.0000
781	0.6510	0.4561	0.3250	0.7048	0.0391	0.7764	19.2000	0.1203	927.0000	192.0000	0.2071	929.0000
782	0.6587	0.4594	0.3313	0.7227	0.0370	0.7649	19.4000	0.1496	945.0000	185.0000	0.1958	947.0000
783	0.6895	0.4594	0.3243	0.7337	0.0342	0.7855	19.1000	0.1213	903.0000	173.0000	0.1916	905.0000
784	0.6755	0.4598	0.3365	0.7147	0.0368	0.7841	19.4000	0.1248	928.0000	175.0000	0.1886	931.0000
785	0.6384	0.4611	0.3307	0.7065	0.0385	0.7786	18.7000	0.1269	974.0000	183.0000	0.1879	976.0000
786	0.6815	0.4607	0.3388	0.7245	0.0395	0.7936	18.8000	0.1162	934.0000	175.0000	0.1874	936.0000
787	0.6325	0.4582	0.3328	0.7047	0.0375	0.7585	19.0000	0.1528	917.0000	194.0000	0.2116	919.0000
788	0.6920	0.4598	0.3430	0.7136	0.0376	0.8020	18.8000	0.1230	903.0000	171.0000	0.1894	906.0000
789	0.6520	0.4553	0.3467	0.6968	0.0358	0.7837	18.9000	0.1168	931.0000	175.0000	0.1880	937.0000
790	0.6298	0.4602	0.3299	0.7309	0.0397	0.7714	19.2000	0.1392	876.0000	183.0000	0.2089	879.0000
791	0.6970	0.4590	0.3387	0.7310	0.0353	0.7844	19.0000	0.1451	939.0000	175.0000	0.1864	942.0000
792	0.6642	0.4561	0.3365	0.6843	0.0365	0.7724	19.2000	0.1234	915.0000	176.0000	0.1923	917.0000
793	0.6448	0.4652	0.3334	0.7187	0.0384	0.7702	18.7000	0.1257	900.0000	183.0000	0.2033	902.0000
794	0.6804	0.4565	0.3255	0.7104	0.0376	0.7673	18.9000	0.1329	910.0000	186.0000	0.2044	912.0000
795	0.6680	0.4615	0.3276	0.7029	0.0380	0.7873	19.2000	0.1238	876.0000	187.0000	0.2135	881.0000
796	0.6465	0.4652	0.3309	0.7104	0.0395	0.7758	19.1000	0.1235	915.0000	187.0000	0.2044	917.0000
797	0.6998	0.4590	0.3274	0.7133	0.0368	0.7731	18.9000	0.1213	866.0000	184.0000	0.2125	868.0000
798	0.6341	0.4590	0.3420	0.7095	0.0417	0.7554	19.1000	0.1305	853.0000	196.0000	0.2298	855.0000
799	0.6257	0.4611	0.3317	0.7388	0.0365	0.7740	18.8000	0.1314	891.0000	178.0000	0.1998	893.0000
800	0.6428	0.4582	0.3243	0.7137	0.0408	0.7817	19.4000	0.1136	920.0000	184.0000	0.2000	922.0000
801	0.6504	0.4582	0.3342	0.7246	0.0395	0.7655	18.9000	0.1478	886.0000	186.0000	0.2099	888.0000
802	0.6151	0.4569	0.3241	0.7102	0.0408	0.7441	19.1000	0.1411	889.0000	200.0000	0.2250	891.0000
803	0.6637	0.4594	0.3336	0.7294	0.0387	0.7862	19.0000	0.1160	937.0000	176.0000	0.1878	939.0000
804	0.6508	0.4553	0.3241	0.7353	0.0343	0.7859	19.0000	0.1260	826.0000	163.0000	0.1973	828.0000
805	0.6801	0.4619	0.3380	0.7176	0.0372	0.7916	18.7000	0.1237	916.0000	170.0000	0.1856	918.0000
806	0.6366	0.4644	0.3383	0.7122	0.0342	0.7774	18.9000	0.1302	960.0000	177.0000	0.1844	962.0000
807	0.6881	0.4553	0.3345	0.6957	0.0379	0.7605	18.9000	0.1173	911.0000	190.0000	0.2086	913.0000
808	0.6938	0.4602	0.3520	0.7033	0.0371	0.7778	19.1000	0.1139	923.0000	179.0000	0.1939	926.0000
809	0.6340	0.4578	0.3204	0.7024	0.0390	0.7814	19.3000	0.1207	919.0000	186.0000	0.2024	921.0000
810	0.6757	0.4607	0.3231	0.7142	0.0368	0.7656	19.2000	0.1369	906.0000	184.0000	0.2031	908.0000
811	0.6713	0.4541	0.3301	0.7118	0.0338	0.7904	19.2000	0.1259	869.0000	162.0000	0.1864	871.0000
812	0.6898	0.4648	0.3444	0.7157	0.0392	0.7959	19.1000	0.1150	968.0000	177.0000	0.1829	970.0000
813	0.6559	0.4598	0.3396	0.6961	0.0380	0.7868	19.1000	0.1264	955.0000	171.0000	0.1791	957.0000
814	0.6822	0.4590	0.3318	0.7186	0.0360	0.7919	19.2000	0.1138	860.0000	172.0000	0.2000	862.0000
815	0.7136	0.4590	0.3425	0.6963	0.0361	0.7951	19.1000	0.1203	939.0000	181.0000	0.1928	942.0000
816	0.6628	0.4594	0.3248	0.7019	0.0360	0.7754	19.3000	0.1069	927.0000	179.0000	0.1931	929.0000
817	0.6441	0.4578	0.3373	0.7337	0.0351	0.7703	19.1000	0.1499	904.0000	163.0000	0.1803	907.0000
818	0.6661	0.4619	0.3398	0.7326	0.0356	0.7842	19.5000	0.1321	901.0000	170.0000	0.1887	903.0000
819	0.6482	0.4598	0.3320	0.6961	0.0400	0.7697	19.2000	0.1143	943.0000	185.0000	0.1962	945.0000
820	0.6451	0.4627	0.3322	0.7225	0.0344	0.8100	19.0000	0.1113	913.0000	156.0000	0.1709	915.0000
821	0.6500	0.4578	0.3154	0.7070	0.0358	0.7747	18.8000	0.1400	894.0000	186.0000	0.2081	896.0000
822	0.6613	0.4561	0.3143	0.7224	0.0345	0.7668	19.0000	0.1401	890.0000	174.0000	0.1955	893.0000
823	0.6636	0.4586	0.3267	0.7158	0.0392	0.7747	19.1000	0.1385	899.0000	190.0000	0.2113	904.0000
824	0.6857	0.4598	0.3429	0.7150	0.0377	0.8004	18.8000	0.1229	902.0000	178.0000	0.1973	909.0000
825	0.6883	0.4524	0.3125	0.7176	0.0332	0.7890	18.7000	0.1298	849.0000	162.0000	0.1908	856.0000
826	0.6961	0.4561	0.3238	0.7370	0.0350	0.8028	19.2000	0.1191	857.0000	167.0000	0.1949	859.0000
827	0.6561	0.4565	0.3144	0.7253	0.0392	0.7752	18.8000	0.1247	901.0000	184.0000	0.2042	903.0000
828	0.6507	0.4586	0.3506	0.7147	0.0390	0.8044	19.3000	0.1297	902.0000	168.0000	0.1863	904.0000
829	0.6613	0.4594	0.3327	0.7387	0.0386	0.7875	19.5000	0.1303	927.0000	173.0000	0.1866	929.0000
830	0.6545	0.4569	0.3254	0.7157	0.0365	0.7586	19.1000	0.1406	898.0000	192.0000	0.2138	900.0000
831	0.6580	0.4586	0.3255	0.7030	0.0373	0.7763	19.0000	0.1299	923.0000	180.0000	0.1950	925.0000
832	0.6341	0.4590	0.3286	0.7228	0.0369	0.7585	19.2000	0.1371	909.0000	192.0000	0.2112	911.0000
833	0.6756	0.4607	0.3473	0.7105	0.0396	0.7925	18.7000	0.1201	932.0000	187.0000	0.2006	935.0000
834	0.6946	0.4586	0.3402	0.7133	0.0369	0.7831	18.8000	0.1296	933.0000	182.0000	0.1951	936.0000
835	0.6851	0.4569	0.3315	0.7085	0.0362	0.7989	18.7000	0.1223	882.0000	161.0000	0.1825	884.0000
836	0.6651	0.4611	0.3399	0.7181	0.0378	0.7875	19.2000	0.1263	932.0000	166.0000	0.1781	934.0000
837	0.6906	0.4602	0.3277	0.7241	0.0387	0.7846	19.4000	0.1287	876.0000	183.0000	0.2089	878.0000
838	0.6669	0.4569	0.3235	0.6865	0.0384	0.7905	19.1000	0.1115	905.0000	174.0000	0.1923	907.0000
839	0.6426	0.4623	0.3450	0.7152	0.0389	0.7814	19.5000	0.1329	949.0000	179.0000	0.1886	951.0000
840	0.6842	0.4594	0.3389	0.7054	0.0379	0.7975	19.0000	0.1060	918.0000	175.0000	0.1906	926.0000
841	0.6846	0.4590	0.3291	0.7152	0.0338	0.7883	19.1000	0.1140	866.0000	165.0000	0.1905	869.0000
842	0.6390	0.4574	0.3222	0.6986	0.0372	0.7590	19.1000	0.1436	882.0000	177.0000	0.2007	884.0000
843	0.6958	0.4565	0.3282	0.7263	0.0376	0.8086	19.0000	0.1063	887.0000	159.0000	0.1793	889.0000
844	0.6686	0.4561	0.3240	0.7109	0.0353	0.7888	19.1000	0.1336	900.0000	173.0000	0.1922	902.0000
845	0.6933	0.4574	0.3289	0.7154	0.0352	0.7791	19.0000	0.1307	861.0000	172.0000	0.1998	863.0000
846	0.6656	0.4602	0.3353	0.7069	0.0385	0.7924	19.0000	0.1184	912.0000	166.0000	0.1820	914.0000
847	0.6493	0.4557	0.3208	0.7139	0.0381	0.7767	19.4000	0.1100	898.0000	189.0000	0.2105	900.0000
848	0.6549	0.4528	0.3261	0.7030	0.0348	0.7711	18.9000	0.1410	902.0000	177.0000	0.1962	904.0000
849	0.6679	0.4598	0.3320	0.6938	0.0364	0.7633	19.2000	0.1204	873.0000	192.0000	0.2199	875.0000
850	0.6559	0.4569	0.3223	0.7116	0.0391	0.7786	19.4000	0.1241	880.0000	193.0000	0.2193	882.0000
851	0.6832	0.4590	0.3243	0.7170	0.0372	0.7730	19.2000	0.1412	890.0000	187.0000	0.2101	893.0000
852	0.6378	0.4598	0.3379	0.7189	0.0384	0.7802	19.0000	0.1308	931.0000	186.0000	0.1998	933.0000
853	0.6592	0.4602	0.3291	0.7275	0.0358	0.7885	18.9000	0.1283	875.0000	166.0000	0.1897	877.0000
854	0.6874	0.4607	0.3116	0.7452	0.0327	0.7853	19.1000	0.1264	855.0000	172.0000	0.2012	858.0000
855	0.6902	0.4598	0.3313	0.7135	0.0373	0.7938	19.1000	0.1305	919.0000	176.0000	0.1915	921.0000
856	0.6563	0.4541	0.3343	0.7216	0.0359	0.7572	19.1000	0.1399	910.0000	185.0000	0.2033	922.0000
857	0.7039	0.4627	0.3283	0.7313	0.0356	0.7923	18.8000	0.0920	916.0000	170.0000	0.1856	919.0000
858	0.7260	0.4615	0.3172	0.7233	0.0349	0.7970	18.9000	0.1027	891.0000	173.0000	0.1942	893.0000
859	0.6822	0.4598	0.3261	0.7185	0.0379	0.8037	19.4000	0.1053	935.0000	162.0000	0.1733	937.0000
860	0.6678	0.4602	0.3398	0.7482	0.0400	0.7616	19.2000	0.1319	924.0000	191.0000	0.2067	926.0000
861	0.6629	0.4582	0.3263	0.7076	0.0350	0.7855	19.0000	0.1271	858.0000	175.0000	0.2040	861.0000
862	0.6566	0.4578	0.3273	0.7035	0.0389	0.7657	19.0000	0.1332	873.0000	191.0000	0.2188	875.0000
863	0.6758	0.4594	0.3344	0.7261	0.0374	0.7772	19.1000	0.1190	867.0000	175.0000	0.2018	870.0000
864	0.6929	0.4565	0.3411	0.7241	0.0375	0.7915	18.8000	0.1198	925.0000	175.0000	0.1892	929.0000
865	0.6557	0.4569	0.3230	0.6982	0.0347	0.7950	19.2000	0.1278	873.0000	165.0000	0.1890	876.0000
866	0.6789	0.4590	0.3155	0.7073	0.0364	0.7930	19.0000	0.1284	877.0000	172.0000	0.1961	879.0000
867	0.6031	0.4615	0.3339	0.7212	0.0392	0.7687	19.2000	0.1456	911.0000	192.0000	0.2108	913.0000
868	0.6913	0.4648	0.3302	0.6873	0.0361	0.7998	19.0000	0.1092	963.0000	176.0000	0.1828	971.0000
869	0.6985	0.4574	0.3354	0.7041	0.0368	0.7818	19.0000	0.1236	941.0000	175.0000	0.1860	943.0000
870	0.6972	0.4565	0.3354	0.7068	0.0356	0.8003	18.8000	0.1153	914.0000	179.0000	0.1958	916.0000
871	0.6599	0.4528	0.3332	0.7174	0.0380	0.7791	19.0000	0.1149	900.0000	177.0000	0.1967	902.0000
872	0.6700	0.4594	0.3442	0.7311	0.0370	0.7938	19.2000	0.1300	938.0000	176.0000	0.1876	940.0000
873	0.6747	0.4578	0.3262	0.7164	0.0371	0.7965	19.0000	0.1243	948.0000	167.0000	0.1762	950.0000
874	0.6710	0.4607	0.3320	0.7293	0.0403	0.7963	19.2000	0.1107	967.0000	183.0000	0.1892	969.0000
875	0.6687	0.4590	0.3315	0.7228	0.0364	0.8001	19.3000	0.1078	882.0000	168.0000	0.1905	885.0000
876	0.6975	0.4623	0.3420	0.7265	0.0353	0.7848	19.0000	0.1126	943.0000	168.0000	0.1782	946.0000
877	0.6559	0.4635	0.3482	0.7211	0.0385	0.7869	19.3000	0.1140	945.0000	178.0000	0.1884	947.0000
878	0.6742	0.4594	0.3284	0.6959	0.0359	0.8024	19.0000	0.1327	928.0000	170.0000	0.1832	930.0000
879	0.6352	0.4565	0.3314	0.7191	0.0380	0.7722	19.0000	0.1620	868.0000	181.0000	0.2085	870.0000
880	0.7010	0.4598	0.3277	0.7255	0.0391	0.7820	19.2000	0.1356	881.0000	175.0000	0.1986	883.0000
881	0.6524	0.4586	0.3218	0.6954	0.0348	0.7857	18.8000	0.1238	872.0000	170.0000	0.1950	874.0000
882	0.6846	0.4561	0.3206	0.6910	0.0348	0.7932	19.3000	0.1195	904.0000	169.0000	0.1869	906.0000
883	0.6427	0.4594	0.3268	0.7090	0.0366	0.7701	19.0000	0.1288	923.0000	178.0000	0.1928	925.0000
884	0.6636	0.4574	0.3219	0.6930	0.0358	0.7852	18.9000	0.1220	905.0000	169.0000	0.1867	907.0000
885	0.6915	0.4565	0.3339	0.7155	0.0350	0.7833	19.2000	0.1341	891.0000	171.0000	0.1919	903.0000
886	0.6349	0.4549	0.3123	0.7267	0.0385	0.7860	19.2000	0.1173	885.0000	175.0000	0.1977	887.0000
887	0.6782	0.4639	0.3182	0.7061	0.0377	0.7817	18.9000	0.1097	909.0000	180.0000	0.1980	914.0000
888	0.6490	0.4590	0.3362	0.7176	0.0366	0.7791	19.0000	0.1398	860.0000	178.0000	0.2070	863.0000
889	0.7087	0.4652	0.3399	0.7442	0.0386	0.8098	19.0000	0.1087	910.0000	168.0000	0.1846	912.0000
890	0.6503	0.4611	0.3392	0.7105	0.0363	0.7806	19.0000	0.1242	968.0000	176.0000	0.1818	970.0000
891	0.6875	0.4557	0.3269	0.7004	0.0371	0.7781	19.1000	0.1171	907.0000	190.0000	0.2095	909.0000
892	0.6720	0.4582	0.3246	0.7067	0.0356	0.7817	19.3000	0.1253	900.0000	173.0000	0.1922	902.0000
893	0.6436	0.4528	0.3146	0.7145	0.0374	0.7731	18.9000	0.1394	868.0000	179.0000	0.2062	870.0000
894	0.6726	0.4520	0.3296	0.7003	0.0377	0.7681	18.9000	0.1275	915.0000	178.0000	0.1945	917.0000
895	0.6951	0.4590	0.3365	0.7126	0.0386	0.7945	18.9000	0.1146	893.0000	183.0000	0.2049	895.0000
896	0.6657	0.4590	0.3347	0.7017	0.0360	0.7838	19.1000	0.1163	932.0000	178.0000	0.1910	934.0000
897	0.6748	0.4578	0.3187	0.7295	0.0352	0.7772	19.2000	0.1128	867.0000	176.0000	0.2030	869.0000
898	0.6465	0.4586	0.3223	0.7230	0.0381	0.7678	19.5000	0.1392	898.0000	179.0000	0.1993	900.0000
899	0.6764	0.4553	0.3206	0.7174	0.0336	0.7873	18.9000	0.1274	898.0000	170.0000	0.1893	900.0000
900	0.6822	0.4586	0.3311	0.7211	0.0399	0.7952	18.7000	0.1100	925.0000	176.0000	0.1903	927.0000
901	0.6663	0.4569	0.3304	0.7299	0.0353	0.7876	19.4000	0.1313	890.0000	175.0000	0.1966	893.0000
902	0.6381	0.4553	0.3314	0.6996	0.0395	0.7895	19.3000	0.1197	963.0000	181.0000	0.1880	965.0000
903	0.6378	0.4578	0.3303	0.7013	0.0414	0.7820	19.2000	0.1180	904.0000	187.0000	0.2069	906.0000
904	0.6796	0.4545	0.3219	0.7096	0.0356	0.7865	18.8000	0.1237	915.0000	177.0000	0.1934	918.0000
905	0.6718	0.4652	0.3394	0.7332	0.0357	0.7927	19.4000	0.1413	916.0000	174.0000	0.1900	918.0000
906	0.6625	0.4598	0.3348	0.7142	0.0390	0.8063	19.0000	0.1127	917.0000	171.0000	0.1865	919.0000
907	0.6912	0.4574	0.3266	0.7101	0.0379	0.7792	18.9000	0.1211	932.0000	182.0000	0.1953	936.0000
908	0.6701	0.4607	0.3440	0.7310	0.0392	0.7925	19.3000	0.1196	907.0000	177.0000	0.1951	909.0000
909	0.6761	0.4532	0.3233	0.7069	0.0349	0.7937	19.1000	0.0992	917.0000	164.0000	0.1788	919.0000
910	0.6615	0.4582	0.3239	0.7216	0.0375	0.7819	19.1000	0.1378	884.0000	182.0000	0.2059	888.0000
911	0.6523	0.4520	0.3181	0.7221	0.0376	0.7810	18.9000	0.1346	893.0000	176.0000	0.1971	895.0000
912	0.6489	0.4623	0.3204	0.7050	0.0398	0.7843	19.6000	0.1103	923.0000	188.0000	0.2037	925.0000
913	0.7107	0.4565	0.3437	0.7171	0.0390	0.7970	19.0000	0.1152	940.0000	180.0000	0.1915	945.0000
914	0.6745	0.4611	0.3401	0.7137	0.0358	0.7979	19.1000	0.1154	927.0000	176.0000	0.1899	929.0000
915	0.6613	0.4644	0.3417	0.7077	0.0370	0.7786	19.3000	0.1272	937.0000	181.0000	0.1932	940.0000
916	0.6860	0.4574	0.3287	0.6956	0.0353	0.7999	19.0000	0.1141	883.0000	166.0000	0.1880	886.0000
917	0.6360	0.4578	0.3359	0.7156	0.0371	0.7765	19.3000	0.1284	935.0000	177.0000	0.1893	938.0000
918	0.6544	0.4582	0.3317	0.7099	0.0406	0.7694	19.3000	0.1423	961.0000	194.0000	0.2019	963.0000
919	0.6833	0.4565	0.3309	0.7096	0.0336	0.7867	19.3000	0.1424	850.0000	172.0000	0.2024	855.0000
920	0.6809	0.4565	0.3170	0.7349	0.0361	0.7909	19.3000	0.1112	876.0000	168.0000	0.1918	886.0000
921	0.6479	0.4582	0.3299	0.7200	0.0386	0.8057	18.9000	0.1181	924.0000	175.0000	0.1894	926.0000
922	0.7104	0.4574	0.3235	0.7342	0.0350	0.7972	19.3000	0.0958	864.0000	169.0000	0.1956	866.0000
923	0.6529	0.4623	0.3293	0.7038	0.0369	0.7783	19.3000	0.1384	902.0000	182.0000	0.2018	904.0000
924	0.6753	0.4602	0.3330	0.7298	0.0375	0.7899	18.9000	0.1298	932.0000	180.0000	0.1931	935.0000
925	0.6443	0.4677	0.3538	0.7150	0.0384	0.7758	19.0000	0.1338	955.0000	182.0000	0.1906	958.0000
926	0.6571	0.4615	0.3340	0.7000	0.0397	0.7886	19.3000	0.1098	902.0000	180.0000	0.1996	904.0000
927	0.7041	0.4569	0.3341	0.7048	0.0365	0.8007	19.0000	0.1081	900.0000	168.0000	0.1867	904.0000
928	0.6771	0.4611	0.3360	0.6946	0.0349	0.7894	19.4000	0.1223	934.0000	175.0000	0.1874	936.0000
929	0.6549	0.4557	0.3294	0.7177	0.0370	0.7729	19.2000	0.1419	901.0000	184.0000	0.2042	903.0000
930	0.6643	0.4532	0.3247	0.7375	0.0344	0.7946	19.0000	0.1191	869.0000	170.0000	0.1956	872.0000
931	0.6915	0.4602	0.3312	0.7073	0.0340	0.7867	19.1000	0.1258	896.0000	168.0000	0.1875	898.0000
932	0.6550	0.4635	0.3392	0.7088	0.0371	0.7813	19.0000	0.1141	914.0000	176.0000	0.1926	917.0000
933	0.6653	0.4565	0.3313	0.7182	0.0374	0.7879	18.7000	0.1304	834.0000	171.0000	0.2050	836.0000
934	0.5906	0.4541	0.3149	0.7047	0.0375	0.7535	19.3000	0.1417	885.0000	190.0000	0.2147	887.0000
935	0.6442	0.4557	0.3241	0.7139	0.0366	0.7752	19.0000	0.1335	905.0000	180.0000	0.1989	907.0000
936	0.6872	0.4578	0.3193	0.7187	0.0338	0.7713	19.4000	0.1353	848.0000	182.0000	0.2146	850.0000
937	0.6584	0.4639	0.3480	0.7029	0.0350	0.7951	19.1000	0.1168	916.0000	170.0000	0.1856	920.0000
938	0.6768	0.4631	0.3299	0.6887	0.0355	0.7881	19.3000	0.1306	951.0000	184.0000	0.1935	953.0000
939	0.6872	0.4594	0.3404	0.7191	0.0360	0.7901	19.3000	0.1301	888.0000	172.0000	0.1937	890.0000
940	0.6840	0.4586	0.3282	0.7006	0.0373	0.7836	18.8000	0.1130	936.0000	179.0000	0.1912	939.0000
941	0.6521	0.4586	0.3391	0.6945	0.0350	0.7806	19.2000	0.1224	896.0000	179.0000	0.1998	898.0000
942	0.6860	0.4598	0.3266	0.7221	0.0368	0.7887	19.2000	0.1190	917.0000	176.0000	0.1919	924.0000
943	0.6856	0.4586	0.3294	0.7112	0.0367	0.7784	19.2000	0.1078	867.0000	175.0000	0.2018	875.0000
944	0.6397	0.4582	0.3323	0.6973	0.0362	0.7977	18.9000	0.1167	953.0000	169.0000	0.1773	955.0000
945	0.6374	0.4598	0.3400	0.7135	0.0353	0.7675	19.2000	0.1550	939.0000	177.0000	0.1885	941.0000
946	0.6674	0.4553	0.3264	0.7008	0.0376	0.7849	19.3000	0.1133	896.0000	172.0000	0.1920	898.0000
947	0.6746	0.4541	0.3199	0.7278	0.0348	0.7762	19.3000	0.1258	900.0000	174.0000	0.1933	902.0000
948	0.6501	0.4611	0.3123	0.7077	0.0352	0.7736	19.2000	0.1244	876.0000	178.0000	0.2032	878.0000
949	0.6737	0.4611	0.3354	0.7119	0.0345	0.7700	19.0000	0.1506	856.0000	174.0000	0.2033	860.0000
950	0.6465	0.4639	0.3295	0.7158	0.0345	0.7921	19.2000	0.1029	882.0000	167.0000	0.1893	884.0000
951	0.6444	0.4553	0.3198	0.7179	0.0363	0.7726	19.2000	0.1402	897.0000	177.0000	0.1973	899.0000
952	0.6575	0.4565	0.3241	0.7385	0.0358	0.7788	19.1000	0.1300	852.0000	180.0000	0.2113	854.0000
953	0.6769	0.4582	0.3257	0.7289	0.0371	0.7904	19.1000	0.1232	964.0000	177.0000	0.1836	966.0000
954	0.6751	0.4582	0.3438	0.7514	0.0366	0.8018	19.1000	0.1052	886.0000	182.0000	0.2054	892.0000
955	0.6892	0.4652	0.3372	0.7292	0.0409	0.7985	19.4000	0.1117	915.0000	173.0000	0.1891	917.0000
956	0.6797	0.4598	0.3436	0.7042	0.0353	0.7810	18.9000	0.1011	884.0000	182.0000	0.2059	886.0000
957	0.6637	0.4598	0.3297	0.7140	0.0377	0.7822	19.0000	0.1211	942.0000	178.0000	0.1890	945.0000
958	0.6713	0.4590	0.3232	0.6987	0.0368	0.7729	19.3000	0.1210	899.0000	177.0000	0.1969	901.0000
959	0.6811	0.4594	0.3348	0.7064	0.0361	0.7750	19.1000	0.1429	935.0000	180.0000	0.1925	937.0000
960	0.6889	0.4582	0.3252	0.7157	0.0350	0.8021	19.1000	0.1081	886.0000	170.0000	0.1919	890.0000
961	0.6695	0.4607	0.3405	0.7224	0.0382	0.8024	18.7000	0.1102	956.0000	168.0000	0.1757	958.0000
962	0.7105	0.4561	0.3379	0.7323	0.0377	0.7910	18.9000	0.1220	900.0000	172.0000	0.1911	902.0000
963	0.7012	0.4582	0.3320	0.7134	0.0379	0.8016	19.3000	0.1156	973.0000	172.0000	0.1768	976.0000
964	0.6583	0.4574	0.3268	0.7122	0.0360	0.7845	18.9000	0.1304	924.0000	181.0000	0.1959	926.0000
965	0.6993	0.4569	0.3366	0.7224	0.0347	0.8003	19.0000	0.1173	844.0000	161.0000	0.1908	847.0000
966	0.6597	0.4602	0.3317	0.7123	0.0391	0.7874	19.0000	0.1128	930.0000	181.0000	0.1946	932.0000
967	0.6738	0.4561	0.3244	0.7237	0.0391	0.7811	19.0000	0.1246	896.0000	191.0000	0.2132	898.0000
968	0.6927	0.4607	0.3448	0.7338	0.0390	0.7994	18.9000	0.1230	912.0000	169.0000	0.1853	914.0000
969	0.6773	0.4541	0.3363	0.7119	0.0375	0.7859	19.0000	0.1161	864.0000	169.0000	0.1956	866.0000
970	0.6919	0.4623	0.3357	0.7128	0.0345	0.7702	19.2000	0.1364	891.0000	178.0000	0.1998	893.0000
971	0.6654	0.4607	0.3351	0.7043	0.0375	0.7840	19.5000	0.1055	928.0000	176.0000	0.1897	931.0000
972	0.6535	0.4611	0.3344	0.7118	0.0386	0.7932	19.2000	0.1267	939.0000	179.0000	0.1906	941.0000
973	0.6705	0.4598	0.3267	0.7001	0.0388	0.7693	19.0000	0.1309	927.0000	190.0000	0.2050	930.0000
974	0.6464	0.4553	0.3248	0.7176	0.0398	0.7729	19.0000	0.1362	878.0000	175.0000	0.1993	880.0000
975	0.7018	0.4565	0.3270	0.7038	0.0332	0.8047	18.8000	0.1093	925.0000	166.0000	0.1795	927.0000
976	0.7069	0.4582	0.3258	0.7115	0.0340	0.7912	19.2000	0.1026	869.0000	168.0000	0.1933	872.0000
977	0.6626	0.4639	0.3324	0.7085	0.0386	0.7901	18.9000	0.1174	944.0000	179.0000	0.1896	946.0000
978	0.6435	0.4598	0.3225	0.7253	0.0376	0.8111	19.0000	0.0882	876.0000	166.0000	0.1895	878.0000
979	0.6643	0.4607	0.3319	0.6938	0.0365	0.7690	19.0000	0.1402	921.0000	195.0000	0.2117	923.0000
980	0.6546	0.4594	0.3444	0.6947	0.0381	0.7643	19.2000	0.1267	945.0000	194.0000	0.2053	947.0000
981	0.6651	0.4557	0.3283	0.7430	0.0390	0.7735	18.7000	0.1298	870.0000	173.0000	0.1989	873.0000
982	0.6599	0.4512	0.3089	0.7304	0.0336	0.7729	19.3000	0.1336	787.0000	163.0000	0.2071	792.0000
983	0.6396	0.4590	0.3335	0.7313	0.0376	0.7560	19.1000	0.1540	883.0000	180.0000	0.2039	885.0000
984	0.6443	0.4561	0.3264	0.7142	0.0356	0.7722	19.0000	0.1464	914.0000	186.0000	0.2035	916.0000
985	0.6456	0.4590	0.3425	0.7230	0.0403	0.7693	19.1000	0.1283	885.0000	193.0000	0.2181	887.0000
986	0.6493	0.4536	0.3281	0.7483	0.0374	0.7923	18.9000	0.1122	848.0000	173.0000	0.2040	850.0000
987	0.6730	0.4594	0.3321	0.7174	0.0395	0.7842	18.9000	0.1280	894.0000	181.0000	0.2025	896.0000
988	0.6424	0.4635	0.3344	0.6909	0.0369	0.7795	19.4000	0.1308	910.0000	194.0000	0.2132	912.0000
989	0.6077	0.4623	0.3285	0.6979	0.0382	0.7869	19.5000	0.1150	919.0000	180.0000	0.1959	921.0000
990	0.6343	0.4541	0.3113	0.7109	0.0349	0.7561	19.1000	0.1442	873.0000	178.0000	0.2039	876.0000
991	0.6446	0.4586	0.3290	0.7062	0.0388	0.7704	19.0000	0.1480	896.0000	192.0000	0.2143	905.0000
992	0.6577	0.4553	0.3382	0.7058	0.0372	0.7810	19.0000	0.1139	905.0000	180.0000	0.1989	907.0000
993	0.6465	0.4582	0.3260	0.7051	0.0412	0.7845	19.2000	0.1121	886.0000	182.0000	0.2054	888.0000
994	0.6670	0.4582	0.3373	0.7146	0.0377	0.7702	18.9000	0.1250	889.0000	188.0000	0.2115	891.0000
995	0.6515	0.4574	0.3319	0.6949	0.0376	0.7796	18.9000	0.1044	917.0000	171.0000	0.1865	919.0000
996	0.6662	0.4590	0.3262	0.7091	0.0358	0.8029	18.9000	0.1355	870.0000	166.0000	0.1908	872.0000
997	0.6732	0.4590	0.3420	0.7015	0.0376	0.7696	18.9000	0.1281	933.0000	186.0000	0.1994	938.0000
998	0.6613	0.4598	0.3321	0.7186	0.0391	0.7844	19.1000	0.1388	890.0000	179.0000	0.2011	892.0000
999	0.6764	0.4541	0.3183	0.7154	0.0367	0.7649	19.2000	0.1437	879.0000	189.0000	0.2150	881.0000
1000	0.6346	0.4578	0.3288	0.7183	0.0361	0.7875	19.3000	0.1090	874.0000	168.0000	0.1922	876.0000
