accuracy	proportion	density	fuzziness	coverage	purity	sounds	missing	ubound	clusters	props	patterns
1	0.6462	0.4631	0.3425	0.6742	0.0992	0.8032	19.6000	0.0992	957.0000	184.0000	0.1923	959.0000
2	0.7055	0.4590	0.3300	0.6822	0.0930	0.7983	18.9000	0.1102	891.0000	192.0000	0.2155	893.0000
3	0.7009	0.4627	0.3311	0.6769	0.0930	0.7924	19.3000	0.1107	935.0000	188.0000	0.2011	939.0000
4	0.6664	0.4594	0.3457	0.6873	0.0977	0.7888	19.0000	0.1039	939.0000	188.0000	0.2002	947.0000
5	0.6982	0.4557	0.3224	0.6990	0.0938	0.7971	19.0000	0.0947	888.0000	184.0000	0.2072	892.0000
6	0.6950	0.4582	0.3340	0.6672	0.0988	0.8150	19.2000	0.0996	966.0000	193.0000	0.1998	968.0000
7	0.6405	0.4569	0.3318	0.6778	0.0981	0.7941	19.3000	0.0988	935.0000	190.0000	0.2032	937.0000
8	0.6643	0.4623	0.3299	0.6768	0.0932	0.7950	19.2000	0.0928	877.0000	195.0000	0.2223	879.0000
9	0.6396	0.4590	0.3372	0.6617	0.0938	0.7856	19.0000	0.1153	913.0000	188.0000	0.2059	916.0000
10	0.6669	0.4586	0.3311	0.6604	0.0937	0.7818	19.5000	0.1177	895.0000	187.0000	0.2089	897.0000
11	0.6763	0.4561	0.3243	0.6811	0.0975	0.7959	18.8000	0.1232	937.0000	187.0000	0.1996	939.0000
12	0.6403	0.4644	0.3376	0.6822	0.0978	0.7931	18.7000	0.1151	914.0000	188.0000	0.2057	920.0000
13	0.6740	0.4569	0.3262	0.6799	0.0899	0.7952	19.0000	0.1155	885.0000	186.0000	0.2102	887.0000
14	0.6920	0.4602	0.3385	0.6759	0.0954	0.7844	18.9000	0.1232	900.0000	184.0000	0.2044	904.0000
15	0.6830	0.4553	0.3243	0.6630	0.0974	0.7818	19.2000	0.0927	947.0000	200.0000	0.2112	950.0000
16	0.6672	0.4598	0.3319	0.6684	0.0949	0.7909	18.8000	0.1127	929.0000	199.0000	0.2142	931.0000
17	0.6825	0.4561	0.3329	0.6737	0.0906	0.7942	19.2000	0.1040	904.0000	183.0000	0.2024	907.0000
18	0.6708	0.4561	0.3270	0.6690	0.0922	0.7935	19.3000	0.1031	876.0000	192.0000	0.2192	878.0000
19	0.6632	0.4611	0.3391	0.6815	0.0948	0.7878	19.2000	0.1105	884.0000	194.0000	0.2195	886.0000
20	0.6721	0.4557	0.3338	0.6652	0.0904	0.7924	19.2000	0.0970	889.0000	189.0000	0.2126	891.0000
21	0.6590	0.4611	0.3487	0.6533	0.1013	0.7946	19.1000	0.1039	980.0000	197.0000	0.2010	982.0000
22	0.6562	0.4623	0.3340	0.6651	0.0961	0.8057	19.3000	0.0917	957.0000	188.0000	0.1964	959.0000
23	0.6533	0.4557	0.3217	0.6690	0.0943	0.7948	18.9000	0.1090	902.0000	184.0000	0.2040	904.0000
24	0.6666	0.4549	0.3302	0.6846	0.0921	0.7995	19.1000	0.1264	856.0000	181.0000	0.2114	861.0000
25	0.7189	0.4582	0.3287	0.6700	0.0942	0.8000	19.1000	0.0986	934.0000	190.0000	0.2034	936.0000
26	0.6593	0.4582	0.3437	0.6647	0.1019	0.7754	19.0000	0.1130	979.0000	216.0000	0.2206	981.0000
27	0.6395	0.4607	0.3388	0.6614	0.0935	0.7876	19.3000	0.1115	931.0000	203.0000	0.2180	939.0000
28	0.6826	0.4619	0.3449	0.6670	0.0985	0.7897	19.4000	0.1177	955.0000	189.0000	0.1979	957.0000
29	0.6648	0.4611	0.3277	0.6630	0.0993	0.7932	19.2000	0.0971	959.0000	195.0000	0.2033	961.0000
30	0.6575	0.4594	0.3299	0.6563	0.0935	0.7724	19.0000	0.1188	902.0000	202.0000	0.2239	904.0000
31	0.6493	0.4619	0.3338	0.6714	0.0928	0.7709	19.3000	0.1447	893.0000	200.0000	0.2240	895.0000
32	0.7333	0.4594	0.3271	0.6946	0.0925	0.7952	19.2000	0.1068	889.0000	185.0000	0.2081	891.0000
33	0.6589	0.4565	0.3234	0.6661	0.0924	0.7864	19.0000	0.1190	913.0000	199.0000	0.2180	915.0000
34	0.6764	0.4565	0.3291	0.6687	0.0942	0.7887	19.1000	0.1140	934.0000	208.0000	0.2227	937.0000
35	0.6823	0.4557	0.3334	0.6771	0.0952	0.7972	19.0000	0.1046	902.0000	182.0000	0.2018	904.0000
36	0.6502	0.4590	0.3291	0.6641	0.0926	0.7899	19.2000	0.1048	890.0000	185.0000	0.2079	892.0000
37	0.6525	0.4549	0.3258	0.6699	0.0914	0.7889	19.2000	0.1091	917.0000	181.0000	0.1974	920.0000
38	0.6582	0.4602	0.3312	0.6720	0.0935	0.8003	19.5000	0.0958	897.0000	189.0000	0.2107	899.0000
39	0.6966	0.4598	0.3452	0.6771	0.0959	0.8156	19.0000	0.0908	914.0000	182.0000	0.1991	917.0000
40	0.6498	0.4578	0.3244	0.6639	0.0956	0.7916	19.1000	0.1160	931.0000	191.0000	0.2052	934.0000
41	0.6748	0.4491	0.3255	0.6821	0.0919	0.7898	19.1000	0.1131	909.0000	197.0000	0.2167	913.0000
42	0.6711	0.4611	0.3318	0.6879	0.0936	0.8015	18.9000	0.1104	911.0000	190.0000	0.2086	913.0000
43	0.7000	0.4590	0.3319	0.6665	0.0908	0.7976	19.1000	0.1080	915.0000	204.0000	0.2230	917.0000
44	0.6317	0.4627	0.3290	0.6661	0.0955	0.7880	19.2000	0.1113	923.0000	190.0000	0.2059	925.0000
45	0.6475	0.4569	0.3320	0.7160	0.0908	0.7881	19.1000	0.1177	868.0000	187.0000	0.2154	872.0000
46	0.6607	0.4569	0.3311	0.6754	0.0905	0.7991	18.9000	0.0958	887.0000	188.0000	0.2120	890.0000
47	0.6323	0.4615	0.3259	0.6807	0.0904	0.7895	19.2000	0.1150	890.0000	191.0000	0.2146	899.0000
48	0.6616	0.4578	0.3233	0.6781	0.0936	0.7869	18.9000	0.1051	906.0000	192.0000	0.2119	908.0000
49	0.6641	0.4532	0.3270	0.6795	0.0915	0.7896	18.9000	0.1302	879.0000	191.0000	0.2173	882.0000
50	0.7000	0.4569	0.3304	0.6706	0.0905	0.7917	19.1000	0.1083	863.0000	186.0000	0.2155	865.0000
51	0.7130	0.4569	0.3272	0.6765	0.0940	0.8177	19.1000	0.0942	911.0000	167.0000	0.1833	913.0000
52	0.6892	0.4545	0.3340	0.6762	0.1001	0.7914	19.3000	0.1011	927.0000	193.0000	0.2082	932.0000
53	0.6629	0.4607	0.3236	0.6938	0.0941	0.7984	19.2000	0.1007	902.0000	189.0000	0.2095	904.0000
54	0.6662	0.4590	0.3260	0.6799	0.0910	0.8009	19.0000	0.1055	905.0000	182.0000	0.2011	907.0000
55	0.6510	0.4574	0.3311	0.6895	0.0934	0.7984	19.2000	0.1023	890.0000	177.0000	0.1989	893.0000
56	0.6868	0.4557	0.3280	0.6819	0.0977	0.7968	19.0000	0.1241	889.0000	189.0000	0.2126	891.0000
57	0.6671	0.4619	0.3397	0.6778	0.0936	0.7925	18.9000	0.1119	920.0000	191.0000	0.2076	922.0000
58	0.6595	0.4598	0.3258	0.6628	0.0912	0.7816	19.0000	0.1091	917.0000	189.0000	0.2061	923.0000
59	0.6921	0.4578	0.3429	0.6732	0.0934	0.7867	19.0000	0.1048	884.0000	191.0000	0.2161	886.0000
60	0.7056	0.4590	0.3405	0.6894	0.0935	0.7927	19.1000	0.1098	920.0000	192.0000	0.2087	923.0000
61	0.6677	0.4607	0.3180	0.6684	0.0926	0.7866	19.0000	0.1042	922.0000	198.0000	0.2148	924.0000
62	0.6353	0.4557	0.3254	0.6834	0.0952	0.7830	18.9000	0.1069	895.0000	186.0000	0.2078	898.0000
63	0.6514	0.4590	0.3307	0.6959	0.0926	0.7899	19.1000	0.1220	865.0000	178.0000	0.2058	868.0000
64	0.6553	0.4578	0.3151	0.6935	0.0887	0.7948	18.8000	0.1275	830.0000	173.0000	0.2084	832.0000
65	0.6924	0.4594	0.3456	0.6937	0.0980	0.8137	19.1000	0.1048	936.0000	169.0000	0.1806	939.0000
66	0.6720	0.4594	0.3288	0.6764	0.0925	0.7920	19.5000	0.1216	906.0000	181.0000	0.1998	908.0000
67	0.6559	0.4549	0.3346	0.6991	0.0969	0.8065	19.0000	0.1135	893.0000	174.0000	0.1948	895.0000
68	0.6400	0.4499	0.3151	0.6747	0.0939	0.7787	19.0000	0.1216	896.0000	198.0000	0.2210	899.0000
69	0.6239	0.4619	0.3260	0.6579	0.0919	0.7847	19.1000	0.1150	949.0000	200.0000	0.2107	951.0000
70	0.6475	0.4549	0.3273	0.6737	0.0972	0.8087	18.8000	0.0807	941.0000	183.0000	0.1945	943.0000
71	0.6711	0.4590	0.3213	0.6824	0.0889	0.8186	18.8000	0.0984	849.0000	173.0000	0.2038	851.0000
72	0.6436	0.4619	0.3256	0.6580	0.0947	0.7692	18.8000	0.1152	929.0000	204.0000	0.2196	931.0000
73	0.6904	0.4598	0.3328	0.6683	0.0939	0.7923	19.2000	0.1227	903.0000	184.0000	0.2038	907.0000
74	0.6778	0.4631	0.3346	0.6795	0.1016	0.7900	19.3000	0.1022	978.0000	201.0000	0.2055	980.0000
75	0.6760	0.4508	0.3141	0.6764	0.0888	0.7721	19.2000	0.1151	892.0000	193.0000	0.2164	894.0000
76	0.6626	0.4602	0.3353	0.6836	0.0924	0.7978	18.9000	0.1243	913.0000	184.0000	0.2015	915.0000
77	0.6815	0.4536	0.3179	0.6945	0.0914	0.7981	18.9000	0.1024	869.0000	179.0000	0.2060	875.0000
78	0.6806	0.4623	0.3430	0.6737	0.0927	0.7972	19.3000	0.1044	930.0000	193.0000	0.2075	939.0000
79	0.6593	0.4594	0.3267	0.6674	0.0948	0.8021	18.7000	0.1093	924.0000	198.0000	0.2143	926.0000
80	0.6633	0.4586	0.3265	0.6774	0.0928	0.7854	19.1000	0.1229	889.0000	188.0000	0.2115	896.0000
81	0.6722	0.4619	0.3336	0.6803	0.0982	0.8027	18.8000	0.0984	952.0000	185.0000	0.1943	956.0000
82	0.6795	0.4545	0.3258	0.6889	0.0875	0.7962	18.9000	0.0975	873.0000	180.0000	0.2062	875.0000
83	0.6494	0.4545	0.3214	0.6739	0.0928	0.8016	19.2000	0.1064	873.0000	179.0000	0.2050	876.0000
84	0.6612	0.4557	0.3372	0.6958	0.0995	0.7884	19.0000	0.1224	924.0000	193.0000	0.2089	928.0000
85	0.6592	0.4602	0.3272	0.6739	0.0923	0.7954	19.7000	0.1155	921.0000	184.0000	0.1998	923.0000
86	0.6777	0.4598	0.3349	0.6726	0.0928	0.8053	19.0000	0.1034	849.0000	189.0000	0.2226	851.0000
87	0.6663	0.4528	0.3261	0.6828	0.0912	0.7933	19.2000	0.1091	867.0000	183.0000	0.2111	869.0000
88	0.6920	0.4499	0.3219	0.6992	0.0888	0.7939	18.9000	0.0991	824.0000	182.0000	0.2209	826.0000
89	0.6962	0.4574	0.3189	0.6855	0.0850	0.8114	19.2000	0.1040	830.0000	168.0000	0.2024	832.0000
90	0.6478	0.4545	0.3380	0.6723	0.0930	0.7815	19.1000	0.1191	894.0000	192.0000	0.2148	896.0000
91	0.6460	0.4557	0.3222	0.6516	0.0974	0.7832	19.1000	0.1108	917.0000	204.0000	0.2225	919.0000
92	0.6630	0.4569	0.3236	0.6839	0.0932	0.7909	19.2000	0.1235	915.0000	181.0000	0.1978	917.0000
93	0.6604	0.4623	0.3515	0.6724	0.0969	0.7930	19.0000	0.1041	979.0000	181.0000	0.1849	981.0000
94	0.6749	0.4586	0.3392	0.6674	0.0968	0.8014	18.7000	0.1029	916.0000	192.0000	0.2096	919.0000
95	0.6512	0.4549	0.3189	0.6712	0.0903	0.7798	18.6000	0.1179	870.0000	190.0000	0.2184	872.0000
96	0.6572	0.4631	0.3366	0.6729	0.0958	0.8074	19.3000	0.1014	948.0000	175.0000	0.1846	950.0000
97	0.6474	0.4557	0.3287	0.6528	0.0951	0.7776	19.2000	0.1094	910.0000	199.0000	0.2187	912.0000
98	0.6636	0.4578	0.3279	0.6760	0.0925	0.7811	19.1000	0.1109	929.0000	198.0000	0.2131	934.0000
99	0.6824	0.4574	0.3070	0.6754	0.0907	0.7809	19.1000	0.1289	887.0000	201.0000	0.2266	890.0000
100	0.6336	0.4541	0.3305	0.6686	0.0975	0.7849	19.2000	0.1137	913.0000	198.0000	0.2169	915.0000
101	0.6766	0.4586	0.3218	0.6647	0.0926	0.7951	19.3000	0.1028	890.0000	189.0000	0.2124	892.0000
102	0.6783	0.4602	0.3333	0.6588	0.0897	0.8022	18.9000	0.1069	907.0000	186.0000	0.2051	909.0000
103	0.6992	0.4619	0.3335	0.6791	0.0889	0.8038	19.2000	0.1034	888.0000	182.0000	0.2050	890.0000
104	0.6685	0.4569	0.3300	0.6634	0.0925	0.7802	19.0000	0.1275	904.0000	190.0000	0.2102	907.0000
105	0.7142	0.4582	0.3318	0.6793	0.0976	0.8057	19.0000	0.1073	921.0000	183.0000	0.1987	923.0000
106	0.6897	0.4557	0.3307	0.6501	0.0951	0.8168	19.3000	0.0872	945.0000	186.0000	0.1968	948.0000
107	0.6659	0.4627	0.3300	0.6654	0.0902	0.7951	19.3000	0.1044	909.0000	183.0000	0.2013	911.0000
108	0.6681	0.4627	0.3344	0.6781	0.0918	0.8055	19.1000	0.1027	877.0000	191.0000	0.2178	880.0000
109	0.6572	0.4615	0.3427	0.6922	0.0944	0.7936	18.9000	0.1186	902.0000	178.0000	0.1973	904.0000
110	0.6794	0.4602	0.3356	0.6880	0.0919	0.7936	19.1000	0.1223	904.0000	189.0000	0.2091	907.0000
111	0.6170	0.4627	0.3309	0.6570	0.0913	0.7924	19.1000	0.0961	889.0000	187.0000	0.2103	897.0000
112	0.6502	0.4586	0.3250	0.6774	0.0931	0.7934	19.2000	0.1179	914.0000	194.0000	0.2123	920.0000
113	0.6426	0.4516	0.3168	0.6718	0.0922	0.7826	19.3000	0.1056	863.0000	189.0000	0.2190	870.0000
114	0.6719	0.4508	0.3233	0.6767	0.0947	0.7967	18.8000	0.1047	919.0000	176.0000	0.1915	921.0000
115	0.6885	0.4557	0.3309	0.6648	0.0864	0.7957	18.4000	0.1041	803.0000	182.0000	0.2267	805.0000
116	0.6739	0.4623	0.3250	0.6813	0.0865	0.7823	19.0000	0.1254	840.0000	197.0000	0.2345	842.0000
117	0.6989	0.4578	0.3369	0.6635	0.0895	0.7734	19.0000	0.1114	870.0000	197.0000	0.2264	872.0000
118	0.6540	0.4565	0.3273	0.6776	0.0964	0.7875	18.9000	0.1239	927.0000	182.0000	0.1963	932.0000
119	0.6845	0.4623	0.3376	0.6883	0.0948	0.8034	19.1000	0.1200	936.0000	186.0000	0.1987	938.0000
120	0.6600	0.4619	0.3345	0.6683	0.0926	0.7981	18.7000	0.0940	896.0000	198.0000	0.2210	898.0000
121	0.6504	0.4557	0.3320	0.6758	0.0944	0.7876	18.8000	0.1046	905.0000	182.0000	0.2011	913.0000
122	0.6739	0.4635	0.3373	0.6652	0.0966	0.7954	19.1000	0.1061	941.0000	197.0000	0.2094	943.0000
123	0.6865	0.4598	0.3316	0.6726	0.0917	0.7979	19.2000	0.1045	882.0000	186.0000	0.2109	884.0000
124	0.6605	0.4549	0.3347	0.6962	0.0970	0.7865	19.2000	0.1186	906.0000	190.0000	0.2097	908.0000
125	0.6793	0.4524	0.3252	0.7021	0.0939	0.8016	19.1000	0.0998	880.0000	187.0000	0.2125	888.0000
126	0.6622	0.4660	0.3463	0.6848	0.0977	0.7926	19.0000	0.1064	921.0000	194.0000	0.2106	923.0000
127	0.6892	0.4549	0.3188	0.6766	0.0872	0.8112	19.0000	0.1034	862.0000	183.0000	0.2123	864.0000
128	0.6426	0.4536	0.3097	0.6773	0.0877	0.7982	19.6000	0.1150	857.0000	174.0000	0.2030	860.0000
129	0.6522	0.4631	0.3407	0.6771	0.0929	0.7933	19.3000	0.1042	885.0000	193.0000	0.2181	887.0000
130	0.6695	0.4611	0.3378	0.6885	0.1021	0.7871	19.1000	0.1258	955.0000	201.0000	0.2105	957.0000
131	0.6837	0.4574	0.3285	0.6807	0.0946	0.7909	18.9000	0.1077	919.0000	188.0000	0.2046	921.0000
132	0.6412	0.4602	0.3337	0.6788	0.0955	0.8017	19.1000	0.1178	920.0000	183.0000	0.1989	924.0000
133	0.6492	0.4656	0.3374	0.6874	0.0956	0.7828	18.9000	0.1304	899.0000	195.0000	0.2169	906.0000
134	0.6338	0.4619	0.3269	0.6735	0.0938	0.7789	19.1000	0.1250	898.0000	198.0000	0.2205	901.0000
135	0.6564	0.4557	0.3213	0.6863	0.0893	0.8040	19.1000	0.0970	806.0000	182.0000	0.2258	808.0000
136	0.6903	0.4635	0.3497	0.6637	0.0944	0.7960	19.2000	0.0939	913.0000	187.0000	0.2048	915.0000
137	0.6517	0.4623	0.3311	0.6802	0.0987	0.7973	19.2000	0.0997	938.0000	188.0000	0.2004	941.0000
138	0.6484	0.4565	0.3287	0.6545	0.0921	0.7949	19.4000	0.1056	878.0000	189.0000	0.2153	880.0000
139	0.6684	0.4549	0.3169	0.6725	0.0900	0.7872	19.1000	0.1056	880.0000	198.0000	0.2250	882.0000
140	0.6631	0.4574	0.3296	0.6845	0.0958	0.7747	19.0000	0.1117	855.0000	193.0000	0.2257	857.0000
141	0.6588	0.4574	0.3236	0.6641	0.0871	0.7851	19.3000	0.1080	845.0000	192.0000	0.2272	847.0000
142	0.6677	0.4602	0.3338	0.6520	0.0989	0.7871	19.1000	0.1107	942.0000	194.0000	0.2059	944.0000
143	0.6133	0.4549	0.3165	0.6742	0.0871	0.7755	19.3000	0.1243	881.0000	191.0000	0.2168	885.0000
144	0.6558	0.4590	0.3451	0.6676	0.0979	0.8092	19.2000	0.0901	986.0000	187.0000	0.1897	988.0000
145	0.6902	0.4553	0.3211	0.6843	0.0890	0.7898	19.0000	0.1183	865.0000	192.0000	0.2220	867.0000
146	0.6190	0.4594	0.3079	0.6754	0.0897	0.7893	19.1000	0.1115	874.0000	185.0000	0.2117	877.0000
147	0.6892	0.4623	0.3494	0.6876	0.0960	0.7971	19.2000	0.1111	920.0000	182.0000	0.1978	922.0000
148	0.6523	0.4541	0.3340	0.6699	0.0943	0.7876	18.9000	0.1354	903.0000	189.0000	0.2093	911.0000
149	0.6900	0.4565	0.3236	0.6777	0.0901	0.7966	19.2000	0.1095	878.0000	190.0000	0.2164	880.0000
150	0.6829	0.4590	0.3404	0.6615	0.0940	0.7973	19.2000	0.1026	931.0000	193.0000	0.2073	940.0000
151	0.6963	0.4590	0.3352	0.6451	0.0916	0.8040	19.2000	0.1005	916.0000	190.0000	0.2074	918.0000
152	0.6646	0.4574	0.3264	0.6903	0.0880	0.7927	19.0000	0.1190	859.0000	180.0000	0.2095	861.0000
153	0.6738	0.4545	0.3240	0.7033	0.0944	0.7914	18.7000	0.1048	890.0000	178.0000	0.2000	894.0000
154	0.6690	0.4586	0.3424	0.6452	0.0937	0.8018	18.9000	0.0944	890.0000	186.0000	0.2090	892.0000
155	0.6744	0.4594	0.3498	0.6499	0.0963	0.8015	19.2000	0.0976	962.0000	183.0000	0.1902	964.0000
156	0.6968	0.4615	0.3477	0.6782	0.0984	0.8020	19.2000	0.0983	931.0000	189.0000	0.2030	933.0000
157	0.6544	0.4586	0.3358	0.6574	0.0990	0.7826	18.8000	0.1016	933.0000	190.0000	0.2036	935.0000
158	0.6816	0.4652	0.3375	0.6681	0.1007	0.7953	18.9000	0.0922	964.0000	195.0000	0.2023	966.0000
159	0.6664	0.4561	0.3174	0.6690	0.0921	0.7895	19.1000	0.1037	873.0000	187.0000	0.2142	876.0000
160	0.6695	0.4569	0.3338	0.6548	0.0926	0.8033	19.3000	0.1053	885.0000	184.0000	0.2079	887.0000
161	0.6900	0.4627	0.3380	0.6926	0.0952	0.7973	19.2000	0.1107	915.0000	185.0000	0.2022	921.0000
162	0.6654	0.4541	0.3317	0.6905	0.0938	0.7838	19.3000	0.1224	881.0000	196.0000	0.2225	885.0000
163	0.6699	0.4565	0.3312	0.7123	0.0926	0.8022	19.1000	0.1074	865.0000	179.0000	0.2069	867.0000
164	0.6527	0.4578	0.3174	0.6838	0.0869	0.7746	19.2000	0.1226	854.0000	190.0000	0.2225	860.0000
165	0.6663	0.4561	0.3393	0.6648	0.0947	0.7963	19.1000	0.1041	930.0000	188.0000	0.2022	932.0000
166	0.6754	0.4619	0.3479	0.6902	0.0995	0.7840	19.0000	0.1219	920.0000	199.0000	0.2163	922.0000
167	0.6775	0.4615	0.3438	0.6774	0.0958	0.8006	18.9000	0.1067	903.0000	200.0000	0.2215	905.0000
168	0.6582	0.4586	0.3232	0.6832	0.0940	0.7893	19.2000	0.1172	899.0000	183.0000	0.2036	903.0000
169	0.6855	0.4590	0.3197	0.6921	0.0877	0.7996	19.4000	0.1072	853.0000	182.0000	0.2134	855.0000
170	0.6594	0.4594	0.3245	0.6801	0.0951	0.7950	19.3000	0.1051	862.0000	182.0000	0.2111	864.0000
171	0.6801	0.4619	0.3395	0.6831	0.0962	0.8029	19.3000	0.1028	899.0000	186.0000	0.2069	901.0000
172	0.6425	0.4594	0.3207	0.6738	0.0885	0.7871	19.4000	0.1106	898.0000	198.0000	0.2205	900.0000
173	0.5915	0.4578	0.3250	0.6771	0.0919	0.7693	19.0000	0.1414	864.0000	195.0000	0.2257	866.0000
174	0.6492	0.4619	0.3364	0.7040	0.0997	0.7994	19.2000	0.1088	950.0000	191.0000	0.2011	952.0000
175	0.6592	0.4553	0.3220	0.6706	0.0941	0.7884	18.9000	0.1018	932.0000	194.0000	0.2082	934.0000
176	0.6662	0.4578	0.3228	0.6817	0.0928	0.7864	19.5000	0.0988	898.0000	181.0000	0.2016	900.0000
177	0.6704	0.4590	0.3497	0.6984	0.0964	0.7985	19.2000	0.1146	910.0000	177.0000	0.1945	913.0000
178	0.6626	0.4644	0.3435	0.6596	0.0920	0.8027	18.9000	0.1105	901.0000	187.0000	0.2075	904.0000
179	0.6643	0.4553	0.3298	0.6694	0.0939	0.7874	19.5000	0.1118	931.0000	194.0000	0.2084	933.0000
180	0.7105	0.4586	0.3325	0.6746	0.0925	0.7936	19.0000	0.0972	922.0000	193.0000	0.2093	924.0000
181	0.6641	0.4602	0.3362	0.6762	0.0890	0.7919	19.1000	0.1094	891.0000	181.0000	0.2031	895.0000
182	0.7256	0.4598	0.3351	0.6634	0.0945	0.7965	19.1000	0.1004	923.0000	196.0000	0.2124	925.0000
183	0.6748	0.4586	0.3301	0.6943	0.0925	0.7940	19.2000	0.1190	903.0000	185.0000	0.2049	905.0000
184	0.6894	0.4569	0.3381	0.6809	0.0925	0.7952	18.8000	0.1062	891.0000	187.0000	0.2099	894.0000
185	0.6774	0.4549	0.3104	0.6901	0.0897	0.8050	18.9000	0.0972	849.0000	176.0000	0.2073	856.0000
186	0.6905	0.4565	0.3239	0.6749	0.0910	0.7940	19.2000	0.1119	887.0000	187.0000	0.2108	889.0000
187	0.6475	0.4528	0.3214	0.7017	0.0894	0.7884	18.7000	0.1112	871.0000	185.0000	0.2124	873.0000
188	0.6579	0.4582	0.3392	0.6595	0.0926	0.7904	19.0000	0.0892	919.0000	200.0000	0.2176	921.0000
189	0.6873	0.4627	0.3635	0.6832	0.0997	0.7926	19.4000	0.1047	978.0000	197.0000	0.2014	980.0000
190	0.6943	0.4623	0.3359	0.6555	0.0981	0.7985	18.9000	0.0877	923.0000	190.0000	0.2059	925.0000
191	0.6627	0.4631	0.3394	0.6570	0.0947	0.7938	19.0000	0.0963	925.0000	192.0000	0.2076	927.0000
192	0.6247	0.4611	0.3352	0.6633	0.0914	0.7910	19.3000	0.1022	906.0000	186.0000	0.2053	908.0000
193	0.6867	0.4623	0.3344	0.6793	0.0987	0.7877	19.1000	0.1093	962.0000	204.0000	0.2121	964.0000
194	0.6391	0.4607	0.3407	0.6662	0.0932	0.7929	19.0000	0.1042	920.0000	189.0000	0.2054	922.0000
195	0.6325	0.4611	0.3349	0.6873	0.0917	0.8004	18.8000	0.1097	876.0000	182.0000	0.2078	878.0000
196	0.6229	0.4557	0.3240	0.6769	0.0928	0.7671	18.9000	0.1486	866.0000	193.0000	0.2229	870.0000
197	0.6418	0.4549	0.3162	0.6889	0.0957	0.7961	19.1000	0.1055	894.0000	181.0000	0.2025	896.0000
198	0.6416	0.4602	0.3253	0.6480	0.0925	0.7779	19.1000	0.1137	890.0000	200.0000	0.2247	893.0000
199	0.6502	0.4582	0.3383	0.6693	0.0942	0.8046	18.8000	0.0845	940.0000	179.0000	0.1904	944.0000
200	0.6794	0.4561	0.3161	0.6708	0.0910	0.7809	18.9000	0.1161	883.0000	195.0000	0.2208	885.0000
201	0.6461	0.4553	0.3307	0.6691	0.0909	0.7716	19.0000	0.1095	860.0000	200.0000	0.2326	864.0000
202	0.6606	0.4569	0.3187	0.6869	0.0917	0.7893	18.9000	0.1181	887.0000	189.0000	0.2131	891.0000
203	0.6948	0.4611	0.3343	0.6741	0.0957	0.7909	19.1000	0.1198	897.0000	187.0000	0.2085	899.0000
204	0.7014	0.4598	0.3310	0.6575	0.0865	0.7985	19.1000	0.1052	873.0000	181.0000	0.2073	878.0000
205	0.6366	0.4520	0.3199	0.6867	0.0905	0.7968	19.1000	0.1136	875.0000	170.0000	0.1943	877.0000
206	0.6835	0.4631	0.3329	0.6918	0.0913	0.7907	19.1000	0.0989	876.0000	203.0000	0.2317	878.0000
207	0.6516	0.4541	0.3256	0.6795	0.0966	0.8003	19.0000	0.1084	937.0000	189.0000	0.2017	940.0000
208	0.6434	0.4565	0.3282	0.6575	0.0936	0.7710	18.9000	0.1263	917.0000	208.0000	0.2268	919.0000
209	0.6743	0.4611	0.3363	0.6893	0.0975	0.8022	18.8000	0.1166	918.0000	192.0000	0.2092	920.0000
210	0.6339	0.4590	0.3336	0.6718	0.0976	0.7795	19.1000	0.1274	907.0000	193.0000	0.2128	909.0000
211	0.6246	0.4569	0.3303	0.6787	0.0945	0.8052	19.0000	0.1004	849.0000	177.0000	0.2085	851.0000
212	0.6720	0.4602	0.3416	0.6728	0.0951	0.7861	18.8000	0.1075	919.0000	186.0000	0.2024	921.0000
213	0.6653	0.4574	0.3390	0.6704	0.0983	0.7965	18.9000	0.1066	939.0000	196.0000	0.2087	941.0000
214	0.6794	0.4536	0.3281	0.6876	0.0916	0.8114	18.8000	0.1018	858.0000	184.0000	0.2145	860.0000
215	0.6478	0.4582	0.3275	0.6841	0.0965	0.8056	19.1000	0.0959	899.0000	182.0000	0.2024	901.0000
216	0.6526	0.4569	0.3343	0.6779	0.0908	0.7831	18.8000	0.1159	873.0000	198.0000	0.2268	875.0000
217	0.6537	0.4545	0.3292	0.6928	0.0905	0.8173	19.1000	0.0935	911.0000	161.0000	0.1767	913.0000
218	0.7196	0.4644	0.3415	0.6600	0.0932	0.8100	19.1000	0.0982	940.0000	182.0000	0.1936	948.0000
219	0.6563	0.4578	0.3373	0.6916	0.0986	0.8031	19.3000	0.0940	951.0000	186.0000	0.1956	958.0000
220	0.6613	0.4602	0.3217	0.6844	0.0953	0.7853	19.4000	0.1300	937.0000	189.0000	0.2017	939.0000
221	0.6663	0.4569	0.3426	0.6604	0.0983	0.7908	18.8000	0.0998	941.0000	201.0000	0.2136	943.0000
222	0.6804	0.4545	0.3233	0.6903	0.0940	0.7951	19.0000	0.1086	870.0000	188.0000	0.2161	873.0000
223	0.6765	0.4565	0.3292	0.6866	0.0918	0.7956	19.2000	0.1109	886.0000	185.0000	0.2088	888.0000
224	0.6459	0.4607	0.3384	0.6811	0.0996	0.7795	19.1000	0.1047	964.0000	196.0000	0.2033	966.0000
225	0.6623	0.4602	0.3287	0.6950	0.0934	0.7955	19.4000	0.1036	898.0000	188.0000	0.2094	900.0000
226	0.6516	0.4607	0.3369	0.6737	0.0974	0.7726	19.0000	0.1231	908.0000	202.0000	0.2225	910.0000
227	0.6517	0.4569	0.3434	0.6836	0.1014	0.7895	19.0000	0.1136	966.0000	193.0000	0.1998	968.0000
228	0.6835	0.4541	0.3228	0.6846	0.0901	0.8106	18.9000	0.1006	867.0000	169.0000	0.1949	874.0000
229	0.7118	0.4582	0.3303	0.6860	0.0912	0.7910	19.1000	0.0927	882.0000	194.0000	0.2200	884.0000
230	0.6826	0.4607	0.3324	0.6900	0.0925	0.7943	19.0000	0.1157	886.0000	189.0000	0.2133	888.0000
231	0.6550	0.4627	0.3253	0.6639	0.0917	0.7805	18.9000	0.1011	892.0000	194.0000	0.2175	894.0000
232	0.6568	0.4569	0.3299	0.6511	0.0956	0.7865	19.1000	0.1045	972.0000	193.0000	0.1986	974.0000
233	0.6523	0.4578	0.3321	0.6847	0.0956	0.7850	19.3000	0.1100	866.0000	187.0000	0.2159	868.0000
234	0.6546	0.4578	0.3338	0.6819	0.0945	0.8010	19.4000	0.1028	911.0000	175.0000	0.1921	913.0000
235	0.7032	0.4615	0.3278	0.6655	0.0921	0.7910	19.0000	0.1039	884.0000	195.0000	0.2206	886.0000
236	0.6531	0.4532	0.3168	0.6829	0.0893	0.7776	19.0000	0.1313	860.0000	196.0000	0.2279	863.0000
237	0.6700	0.4602	0.3323	0.6511	0.0957	0.7805	19.4000	0.1275	909.0000	200.0000	0.2200	911.0000
238	0.6547	0.4611	0.3312	0.6701	0.0917	0.7899	19.2000	0.1220	879.0000	198.0000	0.2253	881.0000
239	0.6734	0.4586	0.3275	0.6747	0.0928	0.7978	19.4000	0.0901	938.0000	191.0000	0.2036	944.0000
240	0.6494	0.4631	0.3300	0.6638	0.0942	0.7856	19.0000	0.1192	907.0000	195.0000	0.2150	912.0000
241	0.6549	0.4578	0.3429	0.6979	0.0984	0.8153	18.6000	0.1006	956.0000	173.0000	0.1810	959.0000
242	0.6623	0.4615	0.3305	0.6802	0.0949	0.7969	19.3000	0.1033	910.0000	187.0000	0.2055	912.0000
243	0.6779	0.4615	0.3357	0.6730	0.0948	0.8055	19.2000	0.0915	946.0000	185.0000	0.1956	950.0000
244	0.6391	0.4578	0.3274	0.6698	0.0924	0.7957	18.9000	0.1125	911.0000	189.0000	0.2075	913.0000
245	0.6241	0.4582	0.3301	0.6779	0.0866	0.7816	19.1000	0.1191	825.0000	180.0000	0.2182	828.0000
246	0.6531	0.4553	0.3248	0.6855	0.0908	0.8024	18.9000	0.1000	880.0000	194.0000	0.2205	882.0000
247	0.6622	0.4594	0.3269	0.6490	0.0918	0.7837	19.0000	0.1182	903.0000	196.0000	0.2171	905.0000
248	0.6481	0.4594	0.3354	0.6655	0.0926	0.7966	18.9000	0.1073	908.0000	184.0000	0.2026	912.0000
249	0.6474	0.4582	0.3384	0.6869	0.0908	0.7855	19.2000	0.1241	867.0000	191.0000	0.2203	869.0000
250	0.6302	0.4619	0.3401	0.6615	0.0993	0.7975	18.9000	0.0917	978.0000	189.0000	0.1933	980.0000
251	0.6734	0.4590	0.3336	0.6750	0.0975	0.7933	18.9000	0.1242	918.0000	193.0000	0.2102	921.0000
252	0.6974	0.4590	0.3392	0.6717	0.0931	0.8112	19.0000	0.1007	898.0000	184.0000	0.2049	900.0000
253	0.6326	0.4569	0.3249	0.6688	0.0936	0.7924	19.5000	0.1155	896.0000	185.0000	0.2065	898.0000
254	0.6959	0.4627	0.3253	0.7029	0.0921	0.7895	19.0000	0.1121	840.0000	193.0000	0.2298	842.0000
255	0.6533	0.4598	0.3341	0.6963	0.0925	0.7816	19.3000	0.1401	870.0000	184.0000	0.2115	872.0000
256	0.6508	0.4541	0.3231	0.6933	0.0907	0.7805	19.2000	0.1250	861.0000	184.0000	0.2137	863.0000
257	0.6610	0.4557	0.3305	0.6817	0.0962	0.7986	18.8000	0.1044	942.0000	177.0000	0.1879	944.0000
258	0.6527	0.4623	0.3326	0.6812	0.0968	0.7761	19.0000	0.1090	915.0000	206.0000	0.2251	918.0000
259	0.6348	0.4578	0.3299	0.6590	0.0919	0.7963	18.7000	0.1031	908.0000	176.0000	0.1938	910.0000
260	0.6679	0.4532	0.3308	0.6840	0.0984	0.7892	19.2000	0.1093	935.0000	191.0000	0.2043	938.0000
261	0.7106	0.4607	0.3342	0.6660	0.0854	0.8062	19.3000	0.0968	844.0000	183.0000	0.2168	846.0000
262	0.6705	0.4590	0.3313	0.6801	0.0931	0.7887	19.0000	0.1133	896.0000	185.0000	0.2065	898.0000
263	0.6482	0.4574	0.3283	0.6839	0.0898	0.7907	19.8000	0.1170	848.0000	181.0000	0.2134	850.0000
264	0.6531	0.4582	0.3357	0.6897	0.0988	0.7840	19.0000	0.1139	942.0000	192.0000	0.2038	945.0000
265	0.6814	0.4586	0.3432	0.6448	0.0966	0.8027	18.9000	0.0814	959.0000	184.0000	0.1919	962.0000
266	0.6855	0.4565	0.3342	0.6695	0.0924	0.7848	19.0000	0.1055	909.0000	187.0000	0.2057	911.0000
267	0.6922	0.4590	0.3180	0.6626	0.0958	0.7985	19.1000	0.0997	939.0000	197.0000	0.2098	941.0000
268	0.6320	0.4594	0.3324	0.6781	0.0908	0.7907	18.9000	0.1171	914.0000	182.0000	0.1991	916.0000
269	0.6702	0.4586	0.3459	0.6550	0.0957	0.7894	19.0000	0.1010	914.0000	190.0000	0.2079	916.0000
270	0.6843	0.4590	0.3285	0.6763	0.0940	0.8087	19.0000	0.1022	905.0000	180.0000	0.1989	907.0000
271	0.6590	0.4586	0.3379	0.6736	0.0954	0.7934	19.5000	0.1054	953.0000	204.0000	0.2141	955.0000
272	0.6825	0.4631	0.3488	0.6943	0.0886	0.7862	19.0000	0.1159	860.0000	190.0000	0.2209	870.0000
273	0.7313	0.4590	0.3375	0.6976	0.0948	0.8104	19.3000	0.1040	913.0000	172.0000	0.1884	915.0000
274	0.6782	0.4586	0.3341	0.6702	0.0882	0.7994	19.0000	0.1200	888.0000	184.0000	0.2072	890.0000
275	0.6883	0.4607	0.3308	0.6604	0.0949	0.7899	19.0000	0.1077	940.0000	200.0000	0.2128	942.0000
276	0.6683	0.4598	0.3447	0.6886	0.0972	0.7948	19.2000	0.1011	886.0000	187.0000	0.2111	888.0000
277	0.6822	0.4586	0.3298	0.6976	0.0932	0.8069	18.9000	0.0991	857.0000	167.0000	0.1949	865.0000
278	0.6334	0.4635	0.3314	0.6926	0.1027	0.7914	18.9000	0.1024	955.0000	190.0000	0.1990	960.0000
279	0.6624	0.4602	0.3356	0.6834	0.0890	0.7948	18.9000	0.1165	882.0000	187.0000	0.2120	884.0000
280	0.6578	0.4586	0.3384	0.7018	0.0961	0.8021	19.0000	0.1021	924.0000	178.0000	0.1926	926.0000
281	0.6636	0.4598	0.3305	0.6703	0.0923	0.7846	19.2000	0.1108	914.0000	184.0000	0.2013	916.0000
282	0.6780	0.4590	0.3294	0.6606	0.0984	0.7948	19.3000	0.0993	974.0000	194.0000	0.1992	977.0000
283	0.6400	0.4594	0.3231	0.6478	0.0956	0.7881	18.7000	0.1011	938.0000	191.0000	0.2036	940.0000
284	0.6657	0.4619	0.3405	0.7042	0.1008	0.7923	19.4000	0.1159	943.0000	198.0000	0.2100	945.0000
285	0.6841	0.4569	0.3224	0.6656	0.0934	0.7884	18.7000	0.1103	899.0000	198.0000	0.2202	901.0000
286	0.6254	0.4532	0.3096	0.6840	0.0892	0.7800	19.2000	0.1325	879.0000	192.0000	0.2184	881.0000
287	0.6600	0.4594	0.3246	0.6861	0.0900	0.7938	19.3000	0.1275	861.0000	183.0000	0.2125	863.0000
288	0.6584	0.4483	0.3125	0.6764	0.0938	0.7856	18.9000	0.1139	887.0000	183.0000	0.2063	890.0000
289	0.6701	0.4561	0.3334	0.6790	0.0969	0.8023	19.3000	0.1071	982.0000	191.0000	0.1945	984.0000
290	0.6567	0.4598	0.3270	0.6488	0.0907	0.7927	18.7000	0.1057	937.0000	190.0000	0.2028	939.0000
291	0.6943	0.4561	0.3265	0.6810	0.0898	0.8120	19.1000	0.0972	874.0000	192.0000	0.2197	876.0000
292	0.6519	0.4549	0.3198	0.6788	0.0939	0.7858	19.2000	0.1378	883.0000	191.0000	0.2163	886.0000
293	0.6235	0.4586	0.3302	0.6578	0.0999	0.7761	19.1000	0.1010	961.0000	208.0000	0.2164	963.0000
294	0.6434	0.4561	0.3277	0.6758	0.0940	0.7964	18.9000	0.1350	897.0000	177.0000	0.1973	899.0000
295	0.6978	0.4598	0.3350	0.6708	0.0915	0.7917	19.0000	0.1097	901.0000	199.0000	0.2209	903.0000
296	0.6629	0.4590	0.3247	0.6632	0.0900	0.8004	18.8000	0.1014	918.0000	178.0000	0.1939	921.0000
297	0.6438	0.4569	0.3233	0.6918	0.0946	0.7717	19.0000	0.1069	915.0000	201.0000	0.2197	917.0000
298	0.6828	0.4598	0.3380	0.6758	0.1006	0.8086	18.9000	0.0882	966.0000	182.0000	0.1884	968.0000
299	0.6687	0.4565	0.3288	0.6797	0.0990	0.8040	18.9000	0.0946	949.0000	189.0000	0.1992	952.0000
300	0.6902	0.4594	0.3160	0.7120	0.0942	0.8005	19.0000	0.0953	933.0000	182.0000	0.1951	935.0000
301	0.6377	0.4598	0.3338	0.6779	0.0966	0.7955	19.1000	0.1121	914.0000	200.0000	0.2188	917.0000
302	0.6567	0.4602	0.3299	0.6735	0.0876	0.7941	19.0000	0.0975	857.0000	188.0000	0.2194	866.0000
303	0.6421	0.4594	0.3396	0.7120	0.0971	0.7974	19.2000	0.1074	911.0000	183.0000	0.2009	915.0000
304	0.6515	0.4590	0.3300	0.6977	0.0933	0.7992	19.2000	0.1354	881.0000	184.0000	0.2089	883.0000
305	0.6644	0.4545	0.3375	0.6696	0.0942	0.7983	19.6000	0.1102	894.0000	184.0000	0.2058	896.0000
306	0.6809	0.4520	0.3106	0.7070	0.0854	0.7843	19.4000	0.1284	804.0000	188.0000	0.2338	806.0000
307	0.7126	0.4582	0.3291	0.6679	0.0928	0.8001	19.0000	0.1084	892.0000	196.0000	0.2197	894.0000
308	0.6765	0.4602	0.3267	0.6775	0.0912	0.8047	18.9000	0.0879	926.0000	183.0000	0.1976	928.0000
309	0.6839	0.4594	0.3334	0.6777	0.0936	0.8021	19.0000	0.1027	945.0000	176.0000	0.1862	948.0000
310	0.6661	0.4565	0.3371	0.6725	0.0954	0.7991	19.2000	0.1113	869.0000	199.0000	0.2290	871.0000
311	0.6845	0.4590	0.3359	0.6645	0.0946	0.7884	19.0000	0.1127	917.0000	203.0000	0.2214	919.0000
312	0.6596	0.4594	0.3185	0.6837	0.0922	0.7818	19.1000	0.1208	883.0000	191.0000	0.2163	887.0000
313	0.6781	0.4607	0.3446	0.6783	0.0982	0.7788	19.0000	0.1176	896.0000	204.0000	0.2277	901.0000
314	0.6725	0.4536	0.3286	0.6940	0.0893	0.7799	19.0000	0.1261	858.0000	197.0000	0.2296	860.0000
315	0.6742	0.4615	0.3331	0.6702	0.0930	0.7897	18.9000	0.1303	918.0000	196.0000	0.2135	920.0000
316	0.6648	0.4561	0.3319	0.6827	0.0963	0.8058	18.9000	0.0913	908.0000	169.0000	0.1861	911.0000
317	0.6887	0.4561	0.3229	0.6656	0.0916	0.8051	19.1000	0.0890	885.0000	187.0000	0.2113	888.0000
318	0.6648	0.4569	0.3386	0.6698	0.0967	0.7988	19.1000	0.1061	962.0000	195.0000	0.2027	964.0000
319	0.6628	0.4594	0.3331	0.6915	0.0922	0.8114	19.0000	0.0999	906.0000	179.0000	0.1976	908.0000
320	0.6653	0.4623	0.3346	0.6781	0.0915	0.7810	19.2000	0.1199	900.0000	192.0000	0.2133	902.0000
321	0.6873	0.4602	0.3349	0.6660	0.0936	0.7869	19.3000	0.1179	959.0000	206.0000	0.2148	963.0000
322	0.6775	0.4545	0.3335	0.6756	0.0941	0.7829	18.7000	0.1089	886.0000	188.0000	0.2122	889.0000
323	0.6331	0.4569	0.3194	0.6815	0.0894	0.7743	19.0000	0.1214	864.0000	192.0000	0.2222	867.0000
324	0.6602	0.4574	0.3188	0.6808	0.0934	0.7886	18.9000	0.1198	882.0000	186.0000	0.2109	885.0000
325	0.6824	0.4611	0.3283	0.6681	0.0922	0.7940	18.9000	0.1140	943.0000	195.0000	0.2068	945.0000
326	0.6827	0.4602	0.3226	0.6771	0.1003	0.7915	19.3000	0.1044	930.0000	200.0000	0.2151	932.0000
327	0.6439	0.4602	0.3261	0.6853	0.0954	0.7902	19.0000	0.1139	920.0000	190.0000	0.2065	922.0000
328	0.6831	0.4590	0.3294	0.6693	0.0906	0.7907	19.0000	0.1053	878.0000	188.0000	0.2141	880.0000
329	0.7010	0.4615	0.3440	0.6816	0.0929	0.7941	19.1000	0.1272	903.0000	201.0000	0.2226	905.0000
330	0.6777	0.4578	0.3202	0.6628	0.0924	0.8003	19.1000	0.1089	932.0000	190.0000	0.2039	934.0000
331	0.6459	0.4569	0.3305	0.6822	0.0983	0.7864	18.8000	0.1103	933.0000	196.0000	0.2101	936.0000
332	0.6425	0.4545	0.3227	0.6828	0.0905	0.7855	19.3000	0.1160	848.0000	180.0000	0.2123	850.0000
333	0.6604	0.4582	0.3435	0.6659	0.0941	0.7909	19.2000	0.1143	899.0000	192.0000	0.2136	901.0000
334	0.6712	0.4590	0.3298	0.6779	0.0915	0.7883	19.2000	0.1007	893.0000	205.0000	0.2296	896.0000
335	0.6259	0.4639	0.3472	0.6758	0.0928	0.7805	19.0000	0.1259	907.0000	193.0000	0.2128	909.0000
336	0.6713	0.4578	0.3189	0.6706	0.0948	0.7926	18.9000	0.1035	913.0000	182.0000	0.1993	915.0000
337	0.6404	0.4582	0.3254	0.6839	0.0919	0.7842	18.7000	0.1099	898.0000	191.0000	0.2127	902.0000
338	0.6705	0.4590	0.3322	0.6663	0.0946	0.7889	18.9000	0.1037	942.0000	205.0000	0.2176	944.0000
339	0.6791	0.4541	0.3170	0.6717	0.0879	0.7882	19.0000	0.1223	877.0000	184.0000	0.2098	879.0000
340	0.6528	0.4574	0.3233	0.6715	0.0926	0.7819	18.8000	0.1260	888.0000	192.0000	0.2162	890.0000
341	0.6869	0.4582	0.3480	0.6696	0.0971	0.8060	19.1000	0.0905	946.0000	190.0000	0.2008	949.0000
342	0.6606	0.4561	0.3282	0.6920	0.0914	0.7861	19.0000	0.1039	874.0000	186.0000	0.2128	876.0000
343	0.6377	0.4516	0.3139	0.6775	0.0917	0.7976	19.0000	0.1051	876.0000	175.0000	0.1998	878.0000
344	0.6055	0.4561	0.3340	0.6555	0.0953	0.7852	19.1000	0.1121	962.0000	203.0000	0.2110	964.0000
345	0.6697	0.4627	0.3338	0.6526	0.0966	0.7998	19.6000	0.0816	944.0000	192.0000	0.2034	946.0000
346	0.6868	0.4578	0.3238	0.6785	0.0890	0.7937	19.1000	0.1248	879.0000	187.0000	0.2127	881.0000
347	0.6787	0.4598	0.3356	0.6910	0.0894	0.7885	19.0000	0.1059	886.0000	188.0000	0.2122	888.0000
348	0.6225	0.4594	0.3368	0.6843	0.0923	0.7841	19.0000	0.1168	896.0000	200.0000	0.2232	901.0000
349	0.6551	0.4545	0.3321	0.6768	0.0959	0.7932	19.1000	0.1129	914.0000	196.0000	0.2144	916.0000
350	0.6483	0.4582	0.3419	0.6890	0.0995	0.7848	19.5000	0.1241	946.0000	195.0000	0.2061	949.0000
351	0.6785	0.4590	0.3380	0.6756	0.0959	0.7958	19.0000	0.1016	919.0000	180.0000	0.1959	921.0000
352	0.6966	0.4578	0.3338	0.6737	0.0923	0.8046	18.9000	0.0976	887.0000	181.0000	0.2041	889.0000
353	0.6832	0.4586	0.3244	0.6712	0.0897	0.7996	18.9000	0.0953	873.0000	186.0000	0.2131	875.0000
354	0.6488	0.4545	0.3206	0.6832	0.0917	0.7834	18.9000	0.1376	871.0000	185.0000	0.2124	873.0000
355	0.6963	0.4541	0.3230	0.6759	0.0904	0.7890	19.1000	0.1217	872.0000	176.0000	0.2018	874.0000
356	0.6631	0.4607	0.3296	0.6748	0.0920	0.7928	19.4000	0.1044	901.0000	201.0000	0.2231	903.0000
357	0.6318	0.4607	0.3431	0.6775	0.0954	0.7913	19.0000	0.1100	926.0000	186.0000	0.2009	929.0000
358	0.6709	0.4607	0.3177	0.6859	0.0935	0.7790	19.3000	0.1188	902.0000	201.0000	0.2228	904.0000
359	0.6856	0.4565	0.3330	0.7062	0.0948	0.7811	19.1000	0.1091	901.0000	190.0000	0.2109	904.0000
360	0.6410	0.4578	0.3332	0.6706	0.0909	0.7769	18.8000	0.1275	890.0000	196.0000	0.2202	892.0000
361	0.6595	0.4602	0.3383	0.6817	0.0952	0.7907	19.0000	0.0962	914.0000	200.0000	0.2188	916.0000
362	0.6729	0.4557	0.3272	0.6760	0.0932	0.8036	18.9000	0.1054	904.0000	179.0000	0.1980	906.0000
363	0.6511	0.4590	0.3339	0.6606	0.0939	0.7900	18.8000	0.1227	942.0000	202.0000	0.2144	944.0000
364	0.6467	0.4578	0.3346	0.6686	0.0921	0.7779	19.0000	0.1325	912.0000	197.0000	0.2160	916.0000
365	0.6731	0.4545	0.3280	0.7055	0.0900	0.7998	19.3000	0.1019	843.0000	167.0000	0.1981	846.0000
366	0.6667	0.4611	0.3236	0.6714	0.0900	0.7769	19.2000	0.1255	888.0000	191.0000	0.2151	890.0000
367	0.6897	0.4578	0.3287	0.6996	0.0947	0.7951	19.0000	0.1021	898.0000	183.0000	0.2038	904.0000
368	0.6733	0.4586	0.3324	0.6650	0.0943	0.7775	19.0000	0.1221	875.0000	212.0000	0.2423	878.0000
369	0.6683	0.4607	0.3339	0.6454	0.0971	0.7961	18.8000	0.1058	970.0000	200.0000	0.2062	972.0000
370	0.6595	0.4607	0.3209	0.6624	0.0943	0.7727	19.3000	0.1111	922.0000	196.0000	0.2126	926.0000
371	0.6732	0.4574	0.3263	0.6678	0.0945	0.7864	19.2000	0.1154	926.0000	202.0000	0.2181	928.0000
372	0.6927	0.4635	0.3434	0.6570	0.0988	0.7954	19.2000	0.1243	1010.0000	198.0000	0.1960	1012.0000
373	0.6676	0.4594	0.3242	0.6704	0.0909	0.7834	19.2000	0.1270	907.0000	196.0000	0.2161	911.0000
374	0.6589	0.4586	0.3293	0.6797	0.0897	0.8100	18.7000	0.1094	871.0000	170.0000	0.1952	874.0000
375	0.6751	0.4578	0.3485	0.6669	0.0945	0.7859	18.9000	0.1242	882.0000	197.0000	0.2234	884.0000
376	0.6803	0.4631	0.3333	0.6900	0.0924	0.7977	18.8000	0.1184	903.0000	191.0000	0.2115	905.0000
377	0.6490	0.4569	0.3305	0.6918	0.0928	0.7924	18.9000	0.1187	906.0000	187.0000	0.2064	908.0000
378	0.6604	0.4598	0.3297	0.6937	0.0920	0.8115	19.2000	0.0936	931.0000	179.0000	0.1923	934.0000
379	0.6330	0.4561	0.3232	0.6878	0.0950	0.7762	19.0000	0.1235	879.0000	208.0000	0.2366	881.0000
380	0.6520	0.4565	0.3243	0.6897	0.0938	0.7826	19.4000	0.1119	906.0000	212.0000	0.2340	908.0000
381	0.7053	0.4578	0.3237	0.6924	0.0939	0.7966	19.0000	0.0949	902.0000	185.0000	0.2051	904.0000
382	0.6936	0.4635	0.3309	0.6684	0.0895	0.7991	18.9000	0.1097	927.0000	199.0000	0.2147	929.0000
383	0.6983	0.4578	0.3325	0.6789	0.0942	0.7976	18.9000	0.1218	906.0000	182.0000	0.2009	911.0000
384	0.6757	0.4586	0.3287	0.6713	0.0915	0.8170	19.1000	0.0929	903.0000	175.0000	0.1938	905.0000
385	0.6729	0.4578	0.3487	0.6790	0.0949	0.8008	19.0000	0.0996	913.0000	185.0000	0.2026	924.0000
386	0.6795	0.4586	0.3272	0.6630	0.0973	0.7844	18.9000	0.0990	936.0000	195.0000	0.2083	939.0000
387	0.6879	0.4652	0.3314	0.6595	0.0973	0.7943	19.3000	0.1048	965.0000	204.0000	0.2114	968.0000
388	0.6952	0.4607	0.3384	0.6575	0.0970	0.7862	19.1000	0.1091	939.0000	194.0000	0.2066	949.0000
389	0.6822	0.4602	0.3303	0.6661	0.0960	0.8022	18.8000	0.1030	920.0000	188.0000	0.2043	922.0000
390	0.6509	0.4574	0.3279	0.6764	0.0934	0.7871	19.1000	0.0983	879.0000	192.0000	0.2184	881.0000
391	0.6810	0.4582	0.3379	0.6571	0.0952	0.7917	19.0000	0.1058	903.0000	191.0000	0.2115	905.0000
392	0.6768	0.4635	0.3446	0.6764	0.0966	0.8018	18.9000	0.1045	938.0000	192.0000	0.2047	941.0000
393	0.6934	0.4590	0.3360	0.6837	0.0953	0.7989	18.9000	0.1066	897.0000	186.0000	0.2074	899.0000
394	0.6557	0.4586	0.3247	0.6668	0.0925	0.8020	18.5000	0.0924	921.0000	182.0000	0.1976	924.0000
395	0.6519	0.4619	0.3382	0.6682	0.0964	0.8075	19.2000	0.0869	971.0000	186.0000	0.1916	976.0000
396	0.6338	0.4607	0.3313	0.6796	0.0933	0.7769	19.0000	0.1103	857.0000	189.0000	0.2205	859.0000
397	0.6508	0.4569	0.3357	0.6990	0.0979	0.7858	19.4000	0.1026	928.0000	194.0000	0.2091	930.0000
398	0.6240	0.4594	0.3293	0.6853	0.0954	0.7950	19.3000	0.1062	962.0000	189.0000	0.1965	966.0000
399	0.6477	0.4582	0.3365	0.6701	0.0880	0.7847	19.0000	0.1247	872.0000	194.0000	0.2225	875.0000
400	0.6302	0.4602	0.3250	0.6537	0.0962	0.7800	18.9000	0.1160	938.0000	198.0000	0.2111	942.0000
401	0.6860	0.4623	0.3372	0.6908	0.0916	0.7952	19.0000	0.1080	905.0000	192.0000	0.2122	907.0000
402	0.6606	0.4639	0.3384	0.6672	0.0981	0.7850	19.4000	0.1259	944.0000	208.0000	0.2203	947.0000
403	0.6938	0.4594	0.3228	0.6728	0.0922	0.7944	19.0000	0.1130	867.0000	195.0000	0.2249	869.0000
404	0.6631	0.4528	0.3136	0.6905	0.0897	0.8038	19.0000	0.1056	860.0000	172.0000	0.2000	862.0000
405	0.6523	0.4586	0.3162	0.6769	0.0831	0.7770	19.2000	0.1210	817.0000	191.0000	0.2338	819.0000
406	0.6796	0.4652	0.3419	0.6719	0.0979	0.7934	19.4000	0.1140	934.0000	200.0000	0.2141	936.0000
407	0.6595	0.4541	0.3348	0.6758	0.0892	0.7855	19.1000	0.1233	843.0000	185.0000	0.2195	845.0000
408	0.7054	0.4648	0.3427	0.6713	0.0922	0.7987	19.1000	0.0943	925.0000	193.0000	0.2086	927.0000
409	0.6892	0.4549	0.3254	0.6715	0.0922	0.8035	19.3000	0.0996	917.0000	195.0000	0.2126	919.0000
410	0.6926	0.4565	0.3186	0.6813	0.0874	0.7936	19.0000	0.1042	827.0000	180.0000	0.2177	829.0000
411	0.6771	0.4553	0.3298	0.7040	0.0893	0.8065	19.2000	0.1138	846.0000	171.0000	0.2021	855.0000
412	0.6805	0.4586	0.3381	0.6682	0.0979	0.7993	18.8000	0.0947	981.0000	178.0000	0.1814	983.0000
413	0.6522	0.4586	0.3402	0.7088	0.0983	0.8036	19.3000	0.1083	915.0000	176.0000	0.1923	918.0000
414	0.6694	0.4549	0.3304	0.6746	0.0946	0.7658	19.1000	0.1187	936.0000	196.0000	0.2094	938.0000
415	0.6650	0.4602	0.3374	0.6586	0.0935	0.7979	18.7000	0.1000	912.0000	188.0000	0.2061	914.0000
416	0.6780	0.4619	0.3226	0.6868	0.0936	0.8145	18.8000	0.0950	885.0000	186.0000	0.2102	887.0000
417	0.6745	0.4586	0.3260	0.6798	0.0929	0.7804	19.2000	0.1175	887.0000	200.0000	0.2255	895.0000
418	0.6673	0.4590	0.3233	0.6861	0.0886	0.7851	19.2000	0.1301	852.0000	183.0000	0.2148	854.0000
419	0.6725	0.4582	0.3384	0.6690	0.1006	0.7820	18.7000	0.0970	924.0000	203.0000	0.2197	926.0000
420	0.6508	0.4607	0.3360	0.6666	0.0928	0.7822	19.0000	0.1101	909.0000	208.0000	0.2288	911.0000
421	0.6904	0.4574	0.3287	0.6787	0.0937	0.7814	19.0000	0.1089	900.0000	194.0000	0.2156	903.0000
422	0.6623	0.4549	0.3354	0.6857	0.0953	0.8051	19.1000	0.1026	923.0000	168.0000	0.1820	925.0000
423	0.6833	0.4607	0.3484	0.6620	0.0961	0.7909	19.7000	0.1064	980.0000	209.0000	0.2133	982.0000
424	0.6895	0.4536	0.3340	0.6907	0.0941	0.8160	19.0000	0.0840	918.0000	176.0000	0.1917	920.0000
425	0.7101	0.4619	0.3437	0.6641	0.0927	0.8152	18.9000	0.1087	912.0000	178.0000	0.1952	914.0000
426	0.6896	0.4561	0.3468	0.6924	0.0941	0.7999	19.0000	0.1014	923.0000	176.0000	0.1907	926.0000
427	0.7073	0.4565	0.3225	0.6752	0.0942	0.8061	19.0000	0.0838	865.0000	196.0000	0.2266	867.0000
428	0.6596	0.4619	0.3405	0.6733	0.0980	0.7887	19.5000	0.1225	944.0000	198.0000	0.2097	946.0000
429	0.7086	0.4582	0.3341	0.7180	0.0935	0.7986	19.1000	0.1275	873.0000	184.0000	0.2108	875.0000
430	0.6757	0.4594	0.3223	0.7064	0.0911	0.7936	19.2000	0.1110	884.0000	180.0000	0.2036	886.0000
431	0.6866	0.4594	0.3327	0.6972	0.0960	0.7996	19.0000	0.1006	886.0000	183.0000	0.2065	888.0000
432	0.6383	0.4545	0.3462	0.6845	0.0976	0.7978	19.2000	0.1215	930.0000	182.0000	0.1957	932.0000
433	0.6510	0.4532	0.3173	0.6553	0.0912	0.8053	19.1000	0.0823	878.0000	183.0000	0.2084	880.0000
434	0.6922	0.4611	0.3384	0.6841	0.0954	0.7964	19.0000	0.1101	920.0000	191.0000	0.2076	922.0000
435	0.6771	0.4582	0.3376	0.6832	0.0943	0.7877	19.2000	0.1339	911.0000	197.0000	0.2162	913.0000
436	0.6616	0.4557	0.3286	0.6961	0.0938	0.7950	19.2000	0.1043	896.0000	190.0000	0.2121	898.0000
437	0.6700	0.4565	0.3194	0.6968	0.0895	0.8114	19.1000	0.1066	864.0000	176.0000	0.2037	869.0000
438	0.6590	0.4635	0.3382	0.6568	0.0962	0.7853	19.1000	0.1110	957.0000	199.0000	0.2079	959.0000
439	0.6881	0.4524	0.3204	0.6811	0.0970	0.7878	19.0000	0.1113	911.0000	187.0000	0.2053	913.0000
440	0.6956	0.4623	0.3356	0.6845	0.0924	0.8048	18.9000	0.0983	896.0000	189.0000	0.2109	898.0000
441	0.6261	0.4590	0.3396	0.6755	0.0948	0.7962	19.3000	0.1072	896.0000	183.0000	0.2042	899.0000
442	0.6299	0.4549	0.3093	0.6723	0.0852	0.7893	18.8000	0.1234	820.0000	187.0000	0.2280	822.0000
443	0.6726	0.4594	0.3303	0.6931	0.0970	0.8094	18.9000	0.1082	902.0000	184.0000	0.2040	911.0000
444	0.7115	0.4582	0.3372	0.6810	0.0909	0.7914	18.9000	0.1143	861.0000	189.0000	0.2195	863.0000
445	0.7014	0.4541	0.3217	0.6751	0.0888	0.7955	19.0000	0.1005	873.0000	188.0000	0.2153	875.0000
446	0.6827	0.4607	0.3299	0.6777	0.0938	0.7733	19.3000	0.1170	906.0000	205.0000	0.2263	908.0000
447	0.6804	0.4553	0.3206	0.6796	0.0911	0.7912	18.6000	0.1140	909.0000	184.0000	0.2024	912.0000
448	0.6631	0.4557	0.3290	0.6660	0.0924	0.7842	19.2000	0.1173	883.0000	189.0000	0.2140	886.0000
449	0.6256	0.4619	0.3488	0.6664	0.0957	0.7834	19.1000	0.1275	928.0000	200.0000	0.2155	931.0000
450	0.6674	0.4594	0.3271	0.6783	0.0911	0.7806	19.4000	0.1223	869.0000	204.0000	0.2348	871.0000
451	0.6603	0.4557	0.3187	0.6858	0.0951	0.7910	19.3000	0.1071	892.0000	184.0000	0.2063	894.0000
452	0.6674	0.4553	0.3241	0.6825	0.0943	0.7886	19.1000	0.1090	894.0000	182.0000	0.2036	896.0000
453	0.6820	0.4594	0.3353	0.7007	0.0909	0.8189	18.9000	0.0984	890.0000	171.0000	0.1921	895.0000
454	0.6824	0.4623	0.3513	0.6725	0.0964	0.8019	18.7000	0.0975	947.0000	191.0000	0.2017	949.0000
455	0.6240	0.4578	0.3309	0.6855	0.0961	0.7794	19.3000	0.1195	917.0000	188.0000	0.2050	919.0000
456	0.6683	0.4598	0.3282	0.6730	0.0907	0.8015	19.1000	0.1169	913.0000	188.0000	0.2059	915.0000
457	0.6379	0.4536	0.3116	0.6826	0.0920	0.8049	19.0000	0.1058	888.0000	173.0000	0.1948	890.0000
458	0.6601	0.4619	0.3207	0.6877	0.0922	0.7745	19.0000	0.1232	867.0000	196.0000	0.2261	870.0000
459	0.6640	0.4578	0.3325	0.6767	0.0928	0.7883	18.8000	0.1228	883.0000	187.0000	0.2118	885.0000
460	0.6681	0.4561	0.3350	0.6693	0.0980	0.7951	19.2000	0.1016	944.0000	203.0000	0.2150	946.0000
461	0.6414	0.4574	0.3243	0.6913	0.0948	0.8018	19.3000	0.1201	914.0000	185.0000	0.2024	916.0000
462	0.6182	0.4619	0.3407	0.6646	0.0955	0.7881	19.0000	0.0997	920.0000	201.0000	0.2185	922.0000
463	0.6116	0.4627	0.3306	0.6858	0.0950	0.7881	19.2000	0.1297	891.0000	195.0000	0.2189	893.0000
464	0.6704	0.4598	0.3298	0.6620	0.0885	0.7869	19.2000	0.1176	877.0000	191.0000	0.2178	879.0000
465	0.6566	0.4549	0.3287	0.6682	0.0902	0.7991	19.3000	0.1180	884.0000	176.0000	0.1991	886.0000
466	0.6441	0.4569	0.3174	0.6810	0.0939	0.7788	19.0000	0.1096	929.0000	192.0000	0.2067	931.0000
467	0.6534	0.4598	0.3142	0.6711	0.0878	0.7929	19.0000	0.1047	884.0000	183.0000	0.2070	891.0000
468	0.6998	0.4574	0.3406	0.6893	0.0961	0.8084	19.0000	0.1091	881.0000	177.0000	0.2009	883.0000
469	0.6456	0.4607	0.3281	0.6811	0.0962	0.8013	19.0000	0.0820	934.0000	193.0000	0.2066	936.0000
470	0.6573	0.4541	0.3186	0.6670	0.0933	0.8064	19.0000	0.0854	928.0000	186.0000	0.2004	930.0000
471	0.6666	0.4574	0.3407	0.6849	0.0978	0.7964	19.1000	0.1134	887.0000	194.0000	0.2187	889.0000
472	0.6512	0.4549	0.3268	0.6667	0.0930	0.7956	19.4000	0.1078	898.0000	178.0000	0.1982	901.0000
473	0.6526	0.4639	0.3463	0.6508	0.0995	0.7916	19.3000	0.1143	973.0000	208.0000	0.2138	977.0000
474	0.6887	0.4594	0.3173	0.7007	0.0902	0.7947	19.4000	0.1172	860.0000	182.0000	0.2116	865.0000
475	0.6377	0.4586	0.3345	0.6825	0.0962	0.8002	18.7000	0.1088	917.0000	178.0000	0.1941	919.0000
476	0.6557	0.4586	0.3307	0.6774	0.0967	0.7816	19.2000	0.1189	921.0000	183.0000	0.1987	925.0000
477	0.6475	0.4668	0.3370	0.6675	0.0951	0.7841	18.9000	0.1262	939.0000	198.0000	0.2109	941.0000
478	0.6514	0.4528	0.3263	0.7029	0.0969	0.8069	19.0000	0.0983	920.0000	176.0000	0.1913	922.0000
479	0.6767	0.4611	0.3280	0.6653	0.0881	0.7986	19.5000	0.0900	863.0000	178.0000	0.2063	865.0000
480	0.6347	0.4578	0.3242	0.6984	0.0900	0.7967	18.9000	0.1086	885.0000	173.0000	0.1955	887.0000
481	0.6646	0.4590	0.3460	0.6653	0.0982	0.7933	19.3000	0.1118	927.0000	188.0000	0.2028	929.0000
482	0.6831	0.4594	0.3409	0.6609	0.0908	0.7986	19.0000	0.0951	878.0000	188.0000	0.2141	880.0000
483	0.6682	0.4586	0.3312	0.6795	0.0964	0.7985	19.4000	0.1114	916.0000	183.0000	0.1998	918.0000
484	0.6789	0.4549	0.3202	0.6716	0.0878	0.7982	19.5000	0.1109	867.0000	186.0000	0.2145	869.0000
485	0.6969	0.4631	0.3342	0.6636	0.0917	0.8114	19.0000	0.0975	897.0000	185.0000	0.2062	899.0000
486	0.6583	0.4598	0.3194	0.6631	0.0904	0.7732	19.0000	0.1059	855.0000	206.0000	0.2409	857.0000
487	0.6657	0.4586	0.3382	0.6833	0.0915	0.7849	19.1000	0.1189	892.0000	193.0000	0.2164	894.0000
488	0.6685	0.4569	0.3153	0.6783	0.0935	0.7857	19.3000	0.1222	959.0000	195.0000	0.2033	962.0000
489	0.6580	0.4536	0.3230	0.6752	0.0908	0.7908	19.2000	0.1065	902.0000	192.0000	0.2129	910.0000
490	0.6609	0.4574	0.3241	0.7058	0.0855	0.8000	18.9000	0.1229	854.0000	177.0000	0.2073	856.0000
491	0.6845	0.4557	0.3301	0.6941	0.0913	0.8069	19.3000	0.0924	884.0000	181.0000	0.2048	886.0000
492	0.6562	0.4598	0.3378	0.6830	0.0971	0.7964	18.9000	0.1134	920.0000	197.0000	0.2141	922.0000
493	0.6521	0.4565	0.3332	0.6899	0.0944	0.7932	19.3000	0.1278	872.0000	176.0000	0.2018	876.0000
494	0.6341	0.4569	0.3237	0.6611	0.0980	0.7774	19.2000	0.1279	915.0000	194.0000	0.2120	917.0000
495	0.7161	0.4607	0.3270	0.6983	0.0895	0.8100	19.0000	0.0962	863.0000	168.0000	0.1947	865.0000
496	0.6808	0.4607	0.3435	0.6975	0.0944	0.7979	19.2000	0.1044	911.0000	187.0000	0.2053	922.0000
497	0.6238	0.4602	0.3381	0.6802	0.0973	0.7746	19.0000	0.1139	891.0000	199.0000	0.2233	893.0000
498	0.6557	0.4619	0.3155	0.6877	0.0868	0.7914	19.2000	0.1139	818.0000	180.0000	0.2200	820.0000
499	0.6738	0.4602	0.3241	0.6894	0.0915	0.7971	19.5000	0.1298	889.0000	193.0000	0.2171	891.0000
500	0.6403	0.4631	0.3249	0.6839	0.0887	0.7715	19.0000	0.1189	891.0000	207.0000	0.2323	893.0000
501	0.6683	0.4569	0.3282	0.6661	0.0978	0.7910	19.2000	0.1037	931.0000	195.0000	0.2095	933.0000
502	0.6299	0.4565	0.3312	0.6730	0.0972	0.7963	19.0000	0.1149	945.0000	181.0000	0.1915	947.0000
503	0.6892	0.4532	0.3260	0.6721	0.0916	0.8073	19.2000	0.1076	908.0000	172.0000	0.1894	910.0000
504	0.6407	0.4623	0.3286	0.6795	0.0948	0.7776	19.1000	0.1250	872.0000	195.0000	0.2236	874.0000
505	0.6752	0.4586	0.3365	0.6749	0.0885	0.7929	18.9000	0.1166	862.0000	192.0000	0.2227	864.0000
506	0.6570	0.4594	0.3265	0.6719	0.0921	0.7986	18.9000	0.1167	892.0000	183.0000	0.2052	894.0000
507	0.6661	0.4623	0.3387	0.6455	0.0932	0.8104	18.8000	0.0932	963.0000	181.0000	0.1880	965.0000
508	0.6975	0.4586	0.3287	0.6683	0.0965	0.8067	19.1000	0.0936	912.0000	189.0000	0.2072	914.0000
509	0.6658	0.4615	0.3408	0.6877	0.0956	0.7884	18.9000	0.1149	914.0000	185.0000	0.2024	916.0000
510	0.6364	0.4574	0.3356	0.6653	0.0978	0.7896	18.9000	0.0971	935.0000	195.0000	0.2086	937.0000
511	0.6757	0.4594	0.3266	0.6825	0.0915	0.7942	19.1000	0.1113	896.0000	183.0000	0.2042	898.0000
512	0.6835	0.4611	0.3367	0.6591	0.0990	0.7897	19.0000	0.1058	973.0000	197.0000	0.2025	975.0000
513	0.6654	0.4582	0.3343	0.6838	0.0927	0.7947	19.0000	0.1068	903.0000	184.0000	0.2038	912.0000
514	0.7008	0.4594	0.3202	0.6779	0.0886	0.7961	19.2000	0.1030	872.0000	178.0000	0.2041	874.0000
515	0.6473	0.4602	0.3222	0.6865	0.0941	0.7915	18.9000	0.1217	898.0000	200.0000	0.2227	900.0000
516	0.6829	0.4549	0.3235	0.6939	0.0921	0.8054	19.5000	0.1028	891.0000	177.0000	0.1987	899.0000
517	0.6762	0.4545	0.3168	0.6780	0.0910	0.7765	18.9000	0.1161	877.0000	191.0000	0.2178	879.0000
518	0.6443	0.4569	0.3282	0.6800	0.0974	0.7806	19.2000	0.1060	922.0000	191.0000	0.2072	925.0000
519	0.6656	0.4607	0.3428	0.6525	0.0983	0.7744	19.4000	0.1250	965.0000	189.0000	0.1959	967.0000
520	0.6424	0.4619	0.3260	0.6745	0.0921	0.7941	19.4000	0.1195	905.0000	192.0000	0.2122	908.0000
521	0.6451	0.4594	0.3215	0.6559	0.0907	0.7881	19.1000	0.0956	969.0000	185.0000	0.1909	971.0000
522	0.6417	0.4512	0.3317	0.6797	0.0936	0.7724	18.9000	0.1056	876.0000	194.0000	0.2215	878.0000
523	0.6646	0.4590	0.3476	0.6575	0.0979	0.7912	18.9000	0.1010	963.0000	191.0000	0.1983	965.0000
524	0.6402	0.4574	0.3433	0.6737	0.1037	0.7940	19.0000	0.1023	992.0000	197.0000	0.1986	994.0000
525	0.6805	0.4615	0.3269	0.6663	0.0954	0.7896	19.2000	0.0979	935.0000	184.0000	0.1968	938.0000
526	0.7081	0.4565	0.3318	0.6754	0.0950	0.7901	18.8000	0.1020	895.0000	198.0000	0.2212	905.0000
527	0.6397	0.4574	0.3238	0.6796	0.0933	0.7781	19.0000	0.1285	921.0000	200.0000	0.2172	923.0000
528	0.6891	0.4594	0.3411	0.6705	0.0961	0.8101	18.9000	0.1135	913.0000	186.0000	0.2037	915.0000
529	0.6738	0.4574	0.3194	0.6509	0.0886	0.7889	19.3000	0.1026	852.0000	189.0000	0.2218	854.0000
530	0.6744	0.4619	0.3288	0.6823	0.0939	0.8012	18.9000	0.1134	911.0000	184.0000	0.2020	914.0000
531	0.6372	0.4598	0.3362	0.6903	0.0982	0.8015	18.8000	0.1115	934.0000	189.0000	0.2024	936.0000
532	0.7037	0.4631	0.3400	0.6503	0.0987	0.7886	19.2000	0.1140	947.0000	201.0000	0.2122	949.0000
533	0.6509	0.4561	0.3242	0.6806	0.0945	0.7906	18.8000	0.1150	917.0000	190.0000	0.2072	921.0000
534	0.6793	0.4607	0.3416	0.6663	0.0958	0.7949	18.9000	0.1018	890.0000	201.0000	0.2258	892.0000
535	0.6388	0.4607	0.3456	0.6616	0.0977	0.7901	19.4000	0.0971	920.0000	184.0000	0.2000	922.0000
536	0.6533	0.4553	0.3095	0.6775	0.0814	0.7930	18.9000	0.1194	803.0000	176.0000	0.2192	805.0000
537	0.6651	0.4586	0.3217	0.6853	0.0923	0.7988	19.1000	0.1134	895.0000	184.0000	0.2056	897.0000
538	0.6852	0.4615	0.3462	0.6468	0.0925	0.7948	18.8000	0.1016	926.0000	187.0000	0.2019	928.0000
539	0.6989	0.4615	0.3289	0.6722	0.1001	0.7889	18.8000	0.1028	961.0000	202.0000	0.2102	965.0000
540	0.6816	0.4565	0.3296	0.6767	0.0927	0.8163	18.9000	0.0902	871.0000	171.0000	0.1963	873.0000
541	0.6397	0.4508	0.3148	0.6818	0.0890	0.7838	19.2000	0.1273	878.0000	183.0000	0.2084	880.0000
542	0.6640	0.4549	0.3139	0.6821	0.0959	0.7843	19.4000	0.1164	904.0000	199.0000	0.2201	906.0000
543	0.6603	0.4619	0.3473	0.6786	0.1015	0.8027	18.8000	0.1079	925.0000	190.0000	0.2054	928.0000
544	0.6671	0.4586	0.3372	0.6837	0.0954	0.7892	19.3000	0.1191	927.0000	196.0000	0.2114	936.0000
545	0.6713	0.4590	0.3220	0.6770	0.0972	0.7970	18.9000	0.1044	962.0000	194.0000	0.2017	964.0000
546	0.6902	0.4541	0.3326	0.6864	0.0945	0.7998	19.0000	0.1037	919.0000	178.0000	0.1937	921.0000
547	0.6655	0.4578	0.3251	0.6688	0.0918	0.7980	19.5000	0.1160	906.0000	191.0000	0.2108	908.0000
548	0.6670	0.4553	0.3268	0.6766	0.0933	0.7801	19.2000	0.1240	898.0000	190.0000	0.2116	903.0000
549	0.6610	0.4565	0.3187	0.6545	0.0957	0.7869	18.7000	0.0853	919.0000	208.0000	0.2263	930.0000
550	0.7004	0.4582	0.3375	0.6808	0.0937	0.8072	18.9000	0.1070	907.0000	177.0000	0.1951	909.0000
551	0.6401	0.4598	0.3230	0.6794	0.0977	0.7795	18.9000	0.1313	915.0000	207.0000	0.2262	917.0000
552	0.6769	0.4602	0.3253	0.6925	0.0896	0.8060	19.1000	0.1053	907.0000	180.0000	0.1985	910.0000
553	0.6741	0.4574	0.3410	0.6971	0.0939	0.7910	19.0000	0.1283	910.0000	179.0000	0.1967	916.0000
554	0.6380	0.4590	0.3177	0.6692	0.0961	0.7807	19.6000	0.1277	925.0000	199.0000	0.2151	928.0000
555	0.6848	0.4582	0.3374	0.6879	0.0895	0.8017	19.2000	0.1116	857.0000	177.0000	0.2065	859.0000
556	0.6782	0.4611	0.3482	0.6650	0.0956	0.8001	19.0000	0.1130	961.0000	192.0000	0.1998	965.0000
557	0.6573	0.4582	0.3262	0.6677	0.0919	0.7938	18.8000	0.0936	906.0000	199.0000	0.2196	908.0000
558	0.6916	0.4598	0.3414	0.6861	0.0925	0.7940	19.1000	0.1003	897.0000	191.0000	0.2129	899.0000
559	0.7045	0.4549	0.3237	0.6714	0.0879	0.8071	19.2000	0.1192	873.0000	174.0000	0.1993	876.0000
560	0.6677	0.4631	0.3472	0.6815	0.0943	0.8018	19.1000	0.1155	926.0000	181.0000	0.1955	929.0000
561	0.6382	0.4545	0.3223	0.6797	0.0918	0.7756	19.2000	0.1310	901.0000	203.0000	0.2253	903.0000
562	0.6699	0.4578	0.3280	0.6702	0.0911	0.7767	19.3000	0.1087	891.0000	197.0000	0.2211	895.0000
563	0.6930	0.4590	0.3363	0.6730	0.0956	0.8028	19.4000	0.0981	888.0000	188.0000	0.2117	890.0000
564	0.6705	0.4590	0.3237	0.6582	0.0839	0.7722	18.7000	0.1105	849.0000	201.0000	0.2367	852.0000
565	0.6653	0.4627	0.3381	0.6595	0.0977	0.8084	19.0000	0.1059	946.0000	178.0000	0.1882	948.0000
566	0.6375	0.4602	0.3343	0.6630	0.0908	0.7825	19.1000	0.1141	878.0000	190.0000	0.2164	880.0000
567	0.6717	0.4569	0.3229	0.6507	0.0904	0.7901	18.7000	0.0940	865.0000	187.0000	0.2162	867.0000
568	0.6893	0.4607	0.3327	0.6923	0.0962	0.8105	18.9000	0.0950	972.0000	180.0000	0.1852	974.0000
569	0.6862	0.4631	0.3413	0.6748	0.0987	0.8110	18.8000	0.0987	942.0000	178.0000	0.1890	944.0000
570	0.6494	0.4602	0.3427	0.6647	0.0942	0.7965	19.0000	0.1296	880.0000	190.0000	0.2159	883.0000
571	0.6467	0.4569	0.3377	0.6597	0.0935	0.7849	19.0000	0.1089	912.0000	201.0000	0.2204	914.0000
572	0.6869	0.4602	0.3251	0.7103	0.0882	0.7864	19.2000	0.1244	833.0000	189.0000	0.2269	835.0000
573	0.6856	0.4565	0.3240	0.6690	0.0918	0.7843	18.8000	0.1197	886.0000	200.0000	0.2257	888.0000
574	0.6827	0.4607	0.3341	0.6731	0.0975	0.7965	19.3000	0.1051	935.0000	187.0000	0.2000	937.0000
575	0.6503	0.4569	0.3346	0.7030	0.0890	0.7795	19.4000	0.1303	845.0000	184.0000	0.2178	847.0000
576	0.6716	0.4602	0.3258	0.6788	0.0907	0.8004	19.1000	0.1068	898.0000	199.0000	0.2216	901.0000
577	0.6690	0.4553	0.3205	0.6890	0.0936	0.7936	19.2000	0.1081	889.0000	181.0000	0.2036	891.0000
578	0.6538	0.4594	0.3291	0.6843	0.0972	0.7728	18.7000	0.1172	925.0000	211.0000	0.2281	930.0000
579	0.6470	0.4619	0.3375	0.6683	0.0956	0.7875	19.3000	0.1119	913.0000	197.0000	0.2158	915.0000
580	0.6821	0.4516	0.3144	0.6866	0.0900	0.7823	19.3000	0.1127	860.0000	177.0000	0.2058	863.0000
581	0.6684	0.4553	0.3194	0.6582	0.0900	0.7876	18.9000	0.1202	914.0000	197.0000	0.2155	916.0000
582	0.6547	0.4545	0.3187	0.7014	0.0964	0.7777	19.1000	0.1307	906.0000	188.0000	0.2075	908.0000
583	0.6663	0.4598	0.3425	0.6683	0.0976	0.7883	19.3000	0.1032	899.0000	186.0000	0.2069	905.0000
584	0.6672	0.4549	0.3290	0.6683	0.0958	0.8080	19.2000	0.0937	941.0000	190.0000	0.2019	943.0000
585	0.6745	0.4574	0.3386	0.6715	0.0937	0.8046	19.5000	0.0915	942.0000	182.0000	0.1932	944.0000
586	0.7000	0.4602	0.3283	0.6861	0.0928	0.7933	18.9000	0.1009	934.0000	199.0000	0.2131	939.0000
587	0.6581	0.4557	0.3211	0.6865	0.0937	0.8039	19.0000	0.1153	883.0000	184.0000	0.2084	885.0000
588	0.6762	0.4623	0.3319	0.6659	0.0955	0.7897	19.4000	0.1208	938.0000	200.0000	0.2132	940.0000
589	0.6665	0.4557	0.3289	0.7126	0.0908	0.7975	19.0000	0.1186	861.0000	180.0000	0.2091	866.0000
590	0.6804	0.4528	0.3174	0.6798	0.0935	0.7911	19.0000	0.1107	922.0000	188.0000	0.2039	924.0000
591	0.6465	0.4569	0.3419	0.6796	0.0970	0.7867	19.2000	0.1173	894.0000	199.0000	0.2226	896.0000
592	0.6305	0.4607	0.3323	0.6814	0.0953	0.7880	19.2000	0.1215	918.0000	194.0000	0.2113	920.0000
593	0.6660	0.4586	0.3243	0.6764	0.0927	0.8007	19.2000	0.1040	898.0000	197.0000	0.2194	900.0000
594	0.6297	0.4565	0.3255	0.6863	0.0902	0.7853	19.0000	0.1201	889.0000	182.0000	0.2047	891.0000
595	0.6746	0.4602	0.3294	0.6825	0.0927	0.7863	19.3000	0.1365	919.0000	184.0000	0.2002	925.0000
596	0.6694	0.4561	0.3281	0.6788	0.0890	0.7906	18.8000	0.1040	870.0000	187.0000	0.2149	872.0000
597	0.6628	0.4594	0.3201	0.6940	0.0972	0.7961	18.9000	0.1125	899.0000	182.0000	0.2024	901.0000
598	0.6369	0.4578	0.3327	0.6825	0.0972	0.7649	19.2000	0.1276	886.0000	214.0000	0.2415	888.0000
599	0.6730	0.4639	0.3313	0.7033	0.0916	0.8063	19.3000	0.1034	890.0000	181.0000	0.2034	893.0000
600	0.6602	0.4598	0.3291	0.6651	0.0890	0.7878	19.1000	0.1097	883.0000	185.0000	0.2095	885.0000
601	0.6648	0.4594	0.3464	0.6733	0.1022	0.7986	19.1000	0.1127	919.0000	183.0000	0.1991	922.0000
602	0.6621	0.4565	0.3226	0.6639	0.0881	0.7908	19.1000	0.1193	859.0000	188.0000	0.2189	861.0000
603	0.6625	0.4598	0.3301	0.6546	0.0912	0.7973	19.0000	0.0951	874.0000	182.0000	0.2082	877.0000
604	0.6851	0.4602	0.3317	0.6852	0.0918	0.8031	19.2000	0.1080	861.0000	185.0000	0.2149	867.0000
605	0.6738	0.4598	0.3244	0.6679	0.0930	0.7912	18.9000	0.1190	907.0000	202.0000	0.2227	909.0000
606	0.6894	0.4590	0.3236	0.6876	0.0896	0.8040	18.8000	0.0903	850.0000	184.0000	0.2165	852.0000
607	0.6554	0.4574	0.3228	0.7017	0.0914	0.7899	19.2000	0.1236	871.0000	184.0000	0.2113	874.0000
608	0.6337	0.4582	0.3290	0.6706	0.0943	0.7827	19.1000	0.1141	913.0000	200.0000	0.2191	915.0000
609	0.6829	0.4594	0.3220	0.6815	0.0950	0.8044	19.0000	0.1033	917.0000	183.0000	0.1996	919.0000
610	0.7105	0.4545	0.3319	0.6706	0.0935	0.7920	18.8000	0.1102	913.0000	193.0000	0.2114	915.0000
611	0.6899	0.4590	0.3280	0.6711	0.0974	0.7846	19.3000	0.1102	952.0000	211.0000	0.2216	954.0000
612	0.6986	0.4561	0.3215	0.6844	0.0850	0.7921	19.3000	0.1023	835.0000	188.0000	0.2251	837.0000
613	0.6589	0.4590	0.3337	0.6745	0.0980	0.7972	19.0000	0.1161	959.0000	194.0000	0.2023	962.0000
614	0.6958	0.4549	0.3378	0.6723	0.0908	0.7918	19.1000	0.1143	891.0000	179.0000	0.2009	893.0000
615	0.6794	0.4619	0.3379	0.6553	0.0994	0.8056	19.2000	0.0945	999.0000	197.0000	0.1972	1001.0000
616	0.6632	0.4516	0.3144	0.6929	0.0869	0.7865	19.0000	0.1186	850.0000	187.0000	0.2200	854.0000
617	0.6646	0.4582	0.3328	0.6954	0.0891	0.8034	19.0000	0.1067	869.0000	168.0000	0.1933	871.0000
618	0.6262	0.4532	0.3251	0.6692	0.0925	0.7824	18.9000	0.1111	846.0000	177.0000	0.2092	853.0000
619	0.6576	0.4574	0.3338	0.6819	0.0872	0.7825	19.3000	0.1147	883.0000	183.0000	0.2072	885.0000
620	0.6147	0.4536	0.3338	0.6655	0.0940	0.7908	19.0000	0.1157	917.0000	188.0000	0.2050	921.0000
621	0.6649	0.4590	0.3182	0.6513	0.0920	0.8030	18.8000	0.0751	945.0000	190.0000	0.2011	948.0000
622	0.6988	0.4569	0.3294	0.6770	0.0905	0.8073	18.9000	0.0983	917.0000	188.0000	0.2050	919.0000
623	0.6533	0.4569	0.3270	0.6662	0.0913	0.7813	19.4000	0.1360	872.0000	189.0000	0.2167	874.0000
624	0.6755	0.4582	0.3266	0.6804	0.0920	0.8067	19.2000	0.1142	877.0000	182.0000	0.2075	879.0000
625	0.6582	0.4582	0.3367	0.6833	0.0942	0.7958	18.8000	0.1227	923.0000	190.0000	0.2059	926.0000
626	0.6450	0.4607	0.3431	0.6734	0.0953	0.8042	19.1000	0.1042	942.0000	182.0000	0.1932	944.0000
627	0.5962	0.4561	0.3154	0.6703	0.0902	0.7773	19.0000	0.1079	887.0000	175.0000	0.1973	890.0000
628	0.6613	0.4627	0.3284	0.6605	0.0911	0.7861	19.3000	0.1050	882.0000	197.0000	0.2234	884.0000
629	0.6947	0.4611	0.3341	0.6645	0.0932	0.7853	19.2000	0.1134	915.0000	205.0000	0.2240	917.0000
630	0.6726	0.4607	0.3387	0.6663	0.0900	0.7947	19.2000	0.1169	907.0000	196.0000	0.2161	909.0000
631	0.6264	0.4545	0.3148	0.6486	0.0888	0.7819	18.9000	0.1164	865.0000	182.0000	0.2104	867.0000
632	0.6379	0.4561	0.3316	0.6775	0.0975	0.7939	18.9000	0.1058	952.0000	200.0000	0.2101	956.0000
633	0.6451	0.4582	0.3333	0.6799	0.0947	0.7828	18.8000	0.1027	916.0000	192.0000	0.2096	919.0000
634	0.6477	0.4578	0.3345	0.6631	0.0900	0.7740	18.8000	0.1386	860.0000	193.0000	0.2244	862.0000
635	0.6496	0.4528	0.3252	0.6909	0.0891	0.7911	19.5000	0.0997	878.0000	185.0000	0.2107	880.0000
636	0.6518	0.4561	0.3290	0.7018	0.0926	0.7855	19.4000	0.1246	890.0000	190.0000	0.2135	893.0000
637	0.6723	0.4635	0.3400	0.6593	0.0922	0.7933	19.0000	0.1009	963.0000	198.0000	0.2056	969.0000
638	0.6713	0.4549	0.3124	0.6789	0.0880	0.7899	19.0000	0.1017	870.0000	175.0000	0.2011	872.0000
639	0.6651	0.4582	0.3146	0.6678	0.0952	0.7902	19.1000	0.1274	905.0000	196.0000	0.2166	907.0000
640	0.7186	0.4594	0.3303	0.6693	0.0930	0.7984	19.3000	0.0849	908.0000	191.0000	0.2104	910.0000
641	0.6441	0.4623	0.3298	0.6901	0.0922	0.7971	18.9000	0.1118	898.0000	169.0000	0.1882	900.0000
642	0.6860	0.4565	0.3242	0.6756	0.0931	0.7922	18.9000	0.1072	909.0000	182.0000	0.2002	913.0000
643	0.6986	0.4627	0.3365	0.6559	0.0938	0.7953	18.8000	0.0971	898.0000	202.0000	0.2249	900.0000
644	0.6780	0.4594	0.3359	0.6683	0.0962	0.8019	19.1000	0.0942	943.0000	189.0000	0.2004	945.0000
645	0.6386	0.4594	0.3337	0.6599	0.1003	0.7803	19.1000	0.1108	940.0000	202.0000	0.2149	942.0000
646	0.6867	0.4590	0.3373	0.6741	0.0921	0.8054	19.0000	0.1044	896.0000	177.0000	0.1975	898.0000
647	0.6347	0.4569	0.3168	0.6819	0.0888	0.7741	19.2000	0.1202	888.0000	202.0000	0.2275	891.0000
648	0.6342	0.4532	0.3121	0.6772	0.0877	0.7910	18.8000	0.1181	834.0000	176.0000	0.2110	837.0000
649	0.6436	0.4611	0.3266	0.6699	0.0893	0.7885	19.1000	0.1107	886.0000	190.0000	0.2144	894.0000
650	0.6664	0.4615	0.3311	0.7087	0.0932	0.7985	19.1000	0.1202	898.0000	175.0000	0.1949	900.0000
651	0.6909	0.4598	0.3367	0.6703	0.0950	0.8057	18.9000	0.1105	915.0000	181.0000	0.1978	919.0000
652	0.6638	0.4582	0.3276	0.6484	0.0889	0.7969	19.1000	0.1159	936.0000	190.0000	0.2030	938.0000
653	0.6926	0.4664	0.3377	0.6797	0.0950	0.7944	19.3000	0.1130	909.0000	197.0000	0.2167	911.0000
654	0.6896	0.4557	0.3272	0.6843	0.0919	0.7891	19.2000	0.1116	876.0000	193.0000	0.2203	878.0000
655	0.6522	0.4532	0.3160	0.6842	0.0864	0.7843	19.1000	0.1274	853.0000	184.0000	0.2157	855.0000
656	0.6901	0.4586	0.3385	0.6714	0.0978	0.7930	19.1000	0.1164	939.0000	200.0000	0.2130	941.0000
657	0.6474	0.4615	0.3483	0.6567	0.0948	0.7957	19.0000	0.0969	946.0000	188.0000	0.1987	950.0000
658	0.6370	0.4557	0.3353	0.6729	0.0965	0.8010	19.0000	0.1046	956.0000	175.0000	0.1831	963.0000
659	0.6372	0.4652	0.3398	0.6525	0.1026	0.7932	19.3000	0.1135	999.0000	196.0000	0.1962	1001.0000
660	0.6549	0.4586	0.3372	0.6356	0.0955	0.7935	19.1000	0.1042	963.0000	184.0000	0.1911	966.0000
661	0.6664	0.4598	0.3360	0.6779	0.0987	0.7818	19.4000	0.1140	917.0000	195.0000	0.2126	926.0000
662	0.6809	0.4578	0.3358	0.6959	0.0966	0.8033	19.1000	0.1147	932.0000	184.0000	0.1974	934.0000
663	0.6720	0.4582	0.3327	0.6630	0.0939	0.7803	18.7000	0.1143	876.0000	196.0000	0.2237	888.0000
664	0.6503	0.4627	0.3403	0.6937	0.0991	0.7928	19.0000	0.1091	945.0000	192.0000	0.2032	947.0000
665	0.6813	0.4578	0.3436	0.6847	0.0955	0.8079	18.8000	0.1137	934.0000	183.0000	0.1959	936.0000
666	0.6094	0.4561	0.3247	0.6596	0.0946	0.7805	18.7000	0.0994	895.0000	189.0000	0.2112	897.0000
667	0.6812	0.4586	0.3188	0.6486	0.0889	0.7891	19.0000	0.1122	903.0000	186.0000	0.2060	905.0000
668	0.6654	0.4574	0.3367	0.6694	0.0930	0.7973	19.0000	0.1031	882.0000	176.0000	0.1995	884.0000
669	0.6682	0.4623	0.3425	0.6611	0.0944	0.7955	19.1000	0.0978	928.0000	182.0000	0.1961	932.0000
670	0.6650	0.4578	0.3408	0.6751	0.0935	0.7842	19.2000	0.1264	892.0000	202.0000	0.2265	895.0000
671	0.6565	0.4627	0.3508	0.6848	0.1006	0.7946	19.0000	0.1054	913.0000	190.0000	0.2081	915.0000
672	0.6671	0.4578	0.3264	0.6792	0.0896	0.7819	19.1000	0.1175	875.0000	196.0000	0.2240	877.0000
673	0.6668	0.4578	0.3401	0.6781	0.0971	0.8090	18.9000	0.0955	942.0000	180.0000	0.1911	944.0000
674	0.6569	0.4627	0.3358	0.6627	0.0929	0.7894	18.9000	0.0946	920.0000	199.0000	0.2163	922.0000
675	0.6574	0.4598	0.3298	0.6691	0.0925	0.7928	18.9000	0.1063	910.0000	186.0000	0.2044	912.0000
676	0.6860	0.4561	0.3399	0.6785	0.0966	0.8173	18.8000	0.0893	913.0000	170.0000	0.1862	915.0000
677	0.6531	0.4520	0.3308	0.6756	0.0899	0.7842	18.9000	0.1052	869.0000	182.0000	0.2094	871.0000
678	0.6616	0.4565	0.3272	0.6639	0.0872	0.7859	19.4000	0.1007	847.0000	182.0000	0.2149	849.0000
679	0.6637	0.4574	0.3177	0.6966	0.0949	0.7808	18.8000	0.1110	906.0000	195.0000	0.2152	908.0000
680	0.6544	0.4594	0.3256	0.6576	0.0909	0.7792	18.9000	0.1107	891.0000	194.0000	0.2177	893.0000
681	0.6602	0.4644	0.3399	0.6477	0.0942	0.7872	19.2000	0.1007	963.0000	204.0000	0.2118	965.0000
682	0.6892	0.4578	0.3351	0.6850	0.0983	0.8027	19.1000	0.1002	935.0000	173.0000	0.1850	937.0000
683	0.6734	0.4644	0.3404	0.6823	0.0993	0.7994	19.0000	0.1081	959.0000	189.0000	0.1971	961.0000
684	0.6760	0.4569	0.3317	0.6864	0.0897	0.8080	19.2000	0.0954	854.0000	177.0000	0.2073	856.0000
685	0.6846	0.4635	0.3530	0.6746	0.1009	0.8185	19.2000	0.0860	975.0000	186.0000	0.1908	977.0000
686	0.6858	0.4594	0.3348	0.6659	0.0913	0.7825	19.3000	0.1121	880.0000	190.0000	0.2159	883.0000
687	0.6476	0.4549	0.3131	0.6961	0.0837	0.7930	18.8000	0.1310	840.0000	189.0000	0.2250	842.0000
688	0.6766	0.4672	0.3473	0.6796	0.0992	0.7960	19.2000	0.0979	956.0000	193.0000	0.2019	962.0000
689	0.6787	0.4557	0.3317	0.6703	0.0913	0.7966	18.9000	0.0998	878.0000	189.0000	0.2153	880.0000
690	0.6629	0.4553	0.3309	0.6677	0.0957	0.7921	19.1000	0.1046	952.0000	201.0000	0.2111	954.0000
691	0.6504	0.4586	0.3384	0.6747	0.0977	0.7770	19.1000	0.1252	913.0000	196.0000	0.2147	915.0000
692	0.6827	0.4631	0.3316	0.6685	0.0954	0.7914	19.3000	0.1067	936.0000	191.0000	0.2041	943.0000
693	0.6630	0.4619	0.3441	0.6651	0.1004	0.7731	18.9000	0.1193	990.0000	213.0000	0.2152	993.0000
694	0.6785	0.4619	0.3417	0.6749	0.0998	0.7990	19.2000	0.1164	930.0000	201.0000	0.2161	932.0000
695	0.6710	0.4574	0.3279	0.6624	0.0915	0.7854	19.5000	0.1183	894.0000	185.0000	0.2069	898.0000
696	0.6593	0.4569	0.3316	0.6932	0.0932	0.7975	18.6000	0.1024	884.0000	176.0000	0.1991	887.0000
697	0.6782	0.4631	0.3287	0.6585	0.0902	0.7861	19.1000	0.1248	918.0000	207.0000	0.2255	920.0000
698	0.6657	0.4532	0.3205	0.6917	0.0926	0.8040	19.3000	0.1007	893.0000	175.0000	0.1960	895.0000
699	0.6430	0.4520	0.3205	0.6621	0.0888	0.7845	19.5000	0.1190	896.0000	198.0000	0.2210	898.0000
700	0.6575	0.4619	0.3402	0.6643	0.0958	0.7686	19.1000	0.1224	931.0000	204.0000	0.2191	933.0000
701	0.6695	0.4602	0.3417	0.6865	0.0942	0.7869	19.0000	0.1251	893.0000	198.0000	0.2217	896.0000
702	0.6465	0.4574	0.3099	0.6647	0.0913	0.7994	19.0000	0.0990	942.0000	191.0000	0.2028	944.0000
703	0.6513	0.4623	0.3527	0.6678	0.0971	0.7966	19.6000	0.0997	954.0000	195.0000	0.2044	956.0000
704	0.6527	0.4541	0.3286	0.6861	0.0937	0.7969	18.9000	0.1016	881.0000	180.0000	0.2043	883.0000
705	0.6388	0.4561	0.3309	0.6722	0.0981	0.7865	19.0000	0.1089	898.0000	192.0000	0.2138	900.0000
706	0.6741	0.4574	0.3199	0.7060	0.0862	0.8142	18.7000	0.0937	827.0000	166.0000	0.2007	830.0000
707	0.6667	0.4602	0.3223	0.6469	0.0878	0.7978	19.3000	0.1149	851.0000	188.0000	0.2209	856.0000
708	0.6593	0.4602	0.3301	0.6840	0.0883	0.8071	19.3000	0.1099	825.0000	177.0000	0.2145	828.0000
709	0.6248	0.4532	0.3184	0.6995	0.0925	0.7817	19.4000	0.1235	897.0000	180.0000	0.2007	899.0000
710	0.6812	0.4619	0.3348	0.6617	0.0931	0.8107	18.9000	0.0937	926.0000	192.0000	0.2073	930.0000
711	0.6854	0.4660	0.3409	0.6867	0.0946	0.7921	19.0000	0.0989	917.0000	190.0000	0.2072	919.0000
712	0.6937	0.4541	0.3148	0.6737	0.0940	0.7856	18.8000	0.1299	888.0000	192.0000	0.2162	890.0000
713	0.6849	0.4598	0.3262	0.6700	0.0929	0.7932	19.0000	0.1111	894.0000	195.0000	0.2181	896.0000
714	0.6409	0.4557	0.3281	0.6698	0.0896	0.7887	19.3000	0.1306	872.0000	184.0000	0.2110	874.0000
715	0.6722	0.4602	0.3443	0.6947	0.0977	0.8013	19.0000	0.1144	915.0000	181.0000	0.1978	920.0000
716	0.6693	0.4574	0.3188	0.6685	0.0931	0.7852	19.1000	0.1202	899.0000	190.0000	0.2113	901.0000
717	0.6627	0.4582	0.3324	0.6914	0.0946	0.7929	19.2000	0.1185	884.0000	193.0000	0.2183	886.0000
718	0.6495	0.4598	0.3300	0.6871	0.0968	0.7958	19.1000	0.1064	899.0000	184.0000	0.2047	902.0000
719	0.6798	0.4578	0.3422	0.6907	0.0924	0.7944	18.9000	0.1142	907.0000	180.0000	0.1985	910.0000
720	0.7002	0.4594	0.3351	0.6832	0.0946	0.7974	19.3000	0.1117	917.0000	182.0000	0.1985	919.0000
721	0.6781	0.4607	0.3386	0.6751	0.0980	0.7947	19.1000	0.1006	982.0000	186.0000	0.1894	984.0000
722	0.6847	0.4602	0.3409	0.6865	0.0979	0.8006	19.1000	0.1166	975.0000	197.0000	0.2021	977.0000
723	0.6511	0.4594	0.3196	0.6408	0.0864	0.7854	19.2000	0.1064	914.0000	200.0000	0.2188	919.0000
724	0.6289	0.4569	0.3212	0.6657	0.0935	0.7885	19.1000	0.0928	935.0000	180.0000	0.1925	937.0000
725	0.6854	0.4586	0.3387	0.6787	0.0921	0.7913	19.3000	0.1131	883.0000	193.0000	0.2186	885.0000
726	0.6671	0.4561	0.3319	0.6605	0.0935	0.7746	19.4000	0.1246	942.0000	204.0000	0.2166	945.0000
727	0.6473	0.4578	0.3320	0.6730	0.0976	0.7965	19.5000	0.1024	962.0000	187.0000	0.1944	964.0000
728	0.6572	0.4520	0.3239	0.6997	0.0901	0.8154	19.3000	0.1007	832.0000	168.0000	0.2019	837.0000
729	0.6778	0.4602	0.3429	0.6981	0.0968	0.7951	18.9000	0.1233	901.0000	183.0000	0.2031	903.0000
730	0.6738	0.4611	0.3172	0.6685	0.0929	0.7979	19.1000	0.1100	910.0000	195.0000	0.2143	912.0000
731	0.6669	0.4578	0.3354	0.6766	0.0902	0.8010	19.1000	0.1124	904.0000	187.0000	0.2069	906.0000
732	0.7051	0.4561	0.3143	0.6746	0.0927	0.7949	19.0000	0.0971	888.0000	187.0000	0.2106	890.0000
733	0.6398	0.4578	0.3337	0.6902	0.0964	0.7986	19.3000	0.1031	945.0000	189.0000	0.2000	947.0000
734	0.6497	0.4607	0.3405	0.6710	0.0962	0.8173	18.9000	0.0927	929.0000	169.0000	0.1819	934.0000
735	0.6404	0.4619	0.3180	0.6871	0.0916	0.7795	19.5000	0.1029	915.0000	204.0000	0.2230	917.0000
736	0.6559	0.4528	0.3279	0.6712	0.0924	0.7916	19.0000	0.1091	935.0000	183.0000	0.1957	937.0000
737	0.7139	0.4590	0.3215	0.6725	0.0909	0.7995	19.6000	0.1042	882.0000	186.0000	0.2109	884.0000
738	0.6542	0.4536	0.3330	0.6527	0.0927	0.7834	18.9000	0.1073	919.0000	200.0000	0.2176	921.0000
739	0.6674	0.4578	0.3371	0.6813	0.0963	0.7880	18.9000	0.0877	900.0000	195.0000	0.2167	903.0000
740	0.7030	0.4574	0.3229	0.6798	0.0925	0.8044	19.0000	0.0989	900.0000	186.0000	0.2067	902.0000
741	0.6648	0.4619	0.3282	0.6894	0.0917	0.7912	18.9000	0.1291	871.0000	188.0000	0.2158	873.0000
742	0.6679	0.4611	0.3349	0.6785	0.0957	0.7836	19.4000	0.1201	916.0000	195.0000	0.2129	919.0000
743	0.7150	0.4582	0.3280	0.6766	0.0884	0.7980	19.2000	0.1079	849.0000	188.0000	0.2214	855.0000
744	0.6656	0.4619	0.3257	0.6862	0.0944	0.7956	19.0000	0.0862	898.0000	182.0000	0.2027	900.0000
745	0.6542	0.4578	0.3169	0.6797	0.0917	0.8030	19.1000	0.1114	886.0000	182.0000	0.2054	888.0000
746	0.6744	0.4582	0.3313	0.6857	0.0917	0.8039	19.0000	0.1075	880.0000	179.0000	0.2034	884.0000
747	0.6502	0.4582	0.3384	0.6882	0.0963	0.7829	19.1000	0.1130	911.0000	198.0000	0.2173	915.0000
748	0.6641	0.4586	0.3233	0.6798	0.0937	0.7934	18.9000	0.1107	901.0000	183.0000	0.2031	903.0000
749	0.6788	0.4602	0.3290	0.6586	0.0939	0.7938	19.6000	0.1001	939.0000	195.0000	0.2077	941.0000
750	0.6325	0.4611	0.3260	0.6861	0.0976	0.7933	19.3000	0.0994	900.0000	189.0000	0.2100	906.0000
751	0.6597	0.4590	0.3461	0.6810	0.0930	0.7858	19.2000	0.1156	900.0000	188.0000	0.2089	903.0000
752	0.6645	0.4582	0.3216	0.6777	0.0924	0.7906	19.0000	0.1250	905.0000	192.0000	0.2122	907.0000
753	0.6567	0.4565	0.3055	0.7135	0.0888	0.7811	19.1000	0.1345	847.0000	184.0000	0.2172	850.0000
754	0.6754	0.4586	0.3326	0.6897	0.0958	0.8045	19.1000	0.1035	917.0000	185.0000	0.2017	919.0000
755	0.6583	0.4611	0.3394	0.6772	0.0981	0.7974	19.3000	0.1093	945.0000	193.0000	0.2042	947.0000
756	0.6519	0.4586	0.3140	0.6780	0.0918	0.7869	19.2000	0.1196	884.0000	191.0000	0.2161	886.0000
757	0.6514	0.4524	0.3235	0.6729	0.0916	0.7850	19.0000	0.1191	889.0000	190.0000	0.2137	891.0000
758	0.6453	0.4635	0.3280	0.6859	0.0963	0.7975	19.4000	0.1135	940.0000	190.0000	0.2021	942.0000
759	0.6779	0.4524	0.3410	0.6683	0.0946	0.7943	19.0000	0.0970	878.0000	184.0000	0.2096	881.0000
760	0.6542	0.4607	0.3433	0.6587	0.0978	0.7729	19.5000	0.1232	950.0000	210.0000	0.2211	952.0000
761	0.6795	0.4607	0.3151	0.6749	0.0922	0.7988	19.1000	0.0957	944.0000	173.0000	0.1833	947.0000
762	0.6376	0.4582	0.3178	0.6991	0.0951	0.8001	19.4000	0.1092	884.0000	182.0000	0.2059	886.0000
763	0.6537	0.4549	0.3343	0.6832	0.0974	0.7905	19.4000	0.1234	942.0000	188.0000	0.1996	946.0000
764	0.6538	0.4549	0.3229	0.6933	0.0984	0.8047	19.0000	0.1089	924.0000	186.0000	0.2013	926.0000
765	0.6651	0.4553	0.3140	0.7088	0.0926	0.7796	18.9000	0.1205	882.0000	181.0000	0.2052	885.0000
766	0.6677	0.4578	0.3333	0.6946	0.0952	0.7947	18.8000	0.1092	944.0000	182.0000	0.1928	946.0000
767	0.6669	0.4590	0.3247	0.6794	0.0957	0.7994	19.2000	0.0972	937.0000	181.0000	0.1932	940.0000
768	0.6329	0.4586	0.3285	0.6545	0.0921	0.7778	19.2000	0.1209	899.0000	203.0000	0.2258	901.0000
769	0.6971	0.4611	0.3411	0.6752	0.1006	0.7901	19.2000	0.0990	975.0000	208.0000	0.2133	977.0000
770	0.6397	0.4619	0.3361	0.6571	0.0974	0.7985	19.0000	0.1019	929.0000	186.0000	0.2002	935.0000
771	0.6834	0.4565	0.3268	0.6965	0.0920	0.7854	19.2000	0.1273	875.0000	202.0000	0.2309	880.0000
772	0.6366	0.4553	0.3149	0.6562	0.0865	0.7803	19.1000	0.1032	861.0000	195.0000	0.2265	863.0000
773	0.6522	0.4549	0.3232	0.6922	0.0899	0.7904	19.3000	0.1175	859.0000	183.0000	0.2130	861.0000
774	0.6839	0.4619	0.3249	0.6814	0.0895	0.8009	19.3000	0.1114	839.0000	180.0000	0.2145	841.0000
775	0.6779	0.4619	0.3348	0.6847	0.0913	0.7831	18.8000	0.1162	881.0000	200.0000	0.2270	883.0000
776	0.6854	0.4574	0.3302	0.6818	0.0896	0.7812	19.2000	0.1190	865.0000	191.0000	0.2208	869.0000
777	0.6866	0.4644	0.3393	0.7032	0.0903	0.8070	19.3000	0.1198	849.0000	175.0000	0.2061	851.0000
778	0.6583	0.4602	0.3258	0.6784	0.0919	0.7980	19.3000	0.1043	879.0000	180.0000	0.2048	881.0000
779	0.6456	0.4541	0.3186	0.6620	0.0937	0.7776	19.1000	0.1196	931.0000	198.0000	0.2127	934.0000
780	0.6517	0.4586	0.3346	0.6604	0.0998	0.7880	18.9000	0.1232	951.0000	193.0000	0.2029	953.0000
781	0.6714	0.4520	0.3223	0.7098	0.0968	0.8075	18.8000	0.0980	897.0000	179.0000	0.1996	900.0000
782	0.6634	0.4569	0.3357	0.6716	0.0933	0.7980	19.1000	0.1144	890.0000	176.0000	0.1978	894.0000
783	0.6606	0.4594	0.3513	0.6853	0.1039	0.7829	19.1000	0.1098	980.0000	206.0000	0.2102	982.0000
784	0.6468	0.4565	0.3168	0.6716	0.0951	0.7922	19.0000	0.1055	905.0000	195.0000	0.2155	907.0000
785	0.6460	0.4611	0.3396	0.6861	0.0933	0.7690	19.2000	0.1322	904.0000	194.0000	0.2146	913.0000
786	0.6391	0.4574	0.3198	0.6761	0.0952	0.7844	19.0000	0.1131	901.0000	199.0000	0.2209	903.0000
787	0.6840	0.4536	0.3190	0.6815	0.0911	0.8001	19.1000	0.0910	889.0000	189.0000	0.2126	891.0000
788	0.7045	0.4586	0.3411	0.6720	0.0947	0.8017	19.0000	0.0923	892.0000	180.0000	0.2018	894.0000
789	0.6431	0.4561	0.3307	0.6931	0.0987	0.7794	18.6000	0.1108	918.0000	202.0000	0.2200	920.0000
790	0.6905	0.4565	0.3351	0.6700	0.0945	0.8159	18.9000	0.0870	894.0000	185.0000	0.2069	896.0000
791	0.6785	0.4602	0.3261	0.6912	0.0887	0.7832	18.9000	0.1098	851.0000	198.0000	0.2327	853.0000
792	0.6709	0.4553	0.3259	0.6830	0.0890	0.7832	19.0000	0.1212	878.0000	183.0000	0.2084	880.0000
793	0.7312	0.4590	0.3301	0.6548	0.0894	0.8056	18.7000	0.0980	900.0000	181.0000	0.2011	903.0000
794	0.6866	0.4582	0.3370	0.7028	0.0949	0.7931	18.9000	0.1003	868.0000	187.0000	0.2154	873.0000
795	0.6533	0.4590	0.3219	0.6747	0.0943	0.7957	19.2000	0.1089	941.0000	194.0000	0.2062	943.0000
796	0.6731	0.4611	0.3378	0.6781	0.0954	0.8046	19.3000	0.1123	945.0000	187.0000	0.1979	948.0000
797	0.6924	0.4578	0.3288	0.6696	0.0938	0.8022	19.0000	0.0786	902.0000	189.0000	0.2095	904.0000
798	0.6787	0.4602	0.3312	0.6496	0.0886	0.7818	19.0000	0.1209	895.0000	200.0000	0.2235	897.0000
799	0.6660	0.4582	0.3177	0.6799	0.0881	0.7961	19.6000	0.1129	861.0000	183.0000	0.2125	866.0000
800	0.6459	0.4582	0.3389	0.6691	0.0933	0.7817	19.2000	0.1216	887.0000	196.0000	0.2210	889.0000
801	0.6662	0.4549	0.3248	0.7102	0.0942	0.7935	19.1000	0.1103	883.0000	187.0000	0.2118	885.0000
802	0.6571	0.4590	0.3254	0.6702	0.0912	0.7859	19.1000	0.1140	872.0000	193.0000	0.2213	874.0000
803	0.6610	0.4602	0.3262	0.6894	0.0949	0.7853	19.4000	0.1267	909.0000	188.0000	0.2068	911.0000
804	0.6530	0.4594	0.3330	0.6802	0.0982	0.7865	19.3000	0.1127	932.0000	195.0000	0.2092	934.0000
805	0.6642	0.4561	0.3344	0.6780	0.0938	0.7940	19.3000	0.1084	905.0000	187.0000	0.2066	907.0000
806	0.6927	0.4611	0.3413	0.6791	0.0969	0.7879	19.0000	0.1104	920.0000	195.0000	0.2120	922.0000
807	0.6647	0.4528	0.3251	0.6864	0.0906	0.8068	19.3000	0.1219	868.0000	173.0000	0.1993	870.0000
808	0.6236	0.4569	0.3315	0.6899	0.0968	0.7847	19.3000	0.1193	918.0000	186.0000	0.2026	920.0000
809	0.7066	0.4607	0.3346	0.6742	0.0928	0.8045	18.9000	0.1070	899.0000	197.0000	0.2191	901.0000
810	0.6908	0.4594	0.3372	0.6801	0.0945	0.8059	18.9000	0.1099	909.0000	198.0000	0.2178	911.0000
811	0.6811	0.4565	0.3433	0.6570	0.0962	0.8145	19.3000	0.1052	943.0000	170.0000	0.1803	948.0000
812	0.6174	0.4569	0.3345	0.6717	0.0920	0.7758	18.8000	0.1235	850.0000	194.0000	0.2282	856.0000
813	0.6355	0.4565	0.3199	0.6873	0.0895	0.7960	19.3000	0.1106	873.0000	189.0000	0.2165	875.0000
814	0.6783	0.4574	0.3292	0.6573	0.0927	0.7703	19.0000	0.1083	910.0000	212.0000	0.2330	912.0000
815	0.6836	0.4574	0.3395	0.6899	0.0917	0.7953	18.8000	0.1091	860.0000	190.0000	0.2209	862.0000
816	0.6505	0.4594	0.3344	0.6824	0.0958	0.7917	19.4000	0.1375	957.0000	188.0000	0.1964	959.0000
817	0.6335	0.4569	0.3366	0.6750	0.1000	0.7925	18.7000	0.1150	955.0000	176.0000	0.1843	958.0000
818	0.6657	0.4545	0.3138	0.6880	0.0895	0.7876	19.4000	0.1021	839.0000	186.0000	0.2217	841.0000
819	0.6777	0.4623	0.3434	0.6971	0.1006	0.7843	19.2000	0.1200	922.0000	194.0000	0.2104	924.0000
820	0.6610	0.4561	0.3365	0.6704	0.0999	0.7979	19.1000	0.1095	999.0000	190.0000	0.1902	1001.0000
821	0.6412	0.4619	0.3488	0.6969	0.0963	0.8105	18.9000	0.1011	939.0000	179.0000	0.1906	944.0000
822	0.6588	0.4602	0.3334	0.6631	0.0852	0.7845	19.2000	0.1279	863.0000	186.0000	0.2155	865.0000
823	0.6562	0.4524	0.3330	0.6806	0.0920	0.7845	19.4000	0.0995	879.0000	187.0000	0.2127	883.0000
824	0.6587	0.4607	0.3334	0.6805	0.0982	0.7968	18.9000	0.1104	966.0000	191.0000	0.1977	968.0000
825	0.6508	0.4565	0.3186	0.6856	0.0961	0.7943	18.9000	0.1036	916.0000	187.0000	0.2041	918.0000
826	0.6527	0.4569	0.3236	0.6758	0.0940	0.7882	18.7000	0.1046	885.0000	188.0000	0.2124	887.0000
827	0.6485	0.4648	0.3446	0.6663	0.0967	0.7888	19.2000	0.1067	928.0000	201.0000	0.2166	930.0000
828	0.6901	0.4557	0.3420	0.6822	0.0927	0.8101	19.0000	0.0915	879.0000	170.0000	0.1934	881.0000
829	0.6860	0.4545	0.3333	0.6765	0.0903	0.7835	18.9000	0.1236	873.0000	189.0000	0.2165	875.0000
830	0.6567	0.4561	0.3295	0.6787	0.0942	0.7852	19.3000	0.1089	941.0000	188.0000	0.1998	945.0000
831	0.6596	0.4582	0.3340	0.6694	0.0999	0.7751	18.9000	0.1214	952.0000	194.0000	0.2038	955.0000
832	0.6813	0.4565	0.3182	0.6869	0.0912	0.8068	18.9000	0.1004	890.0000	165.0000	0.1854	893.0000
833	0.6522	0.4536	0.3228	0.6664	0.0878	0.7999	19.3000	0.1169	895.0000	179.0000	0.2000	897.0000
834	0.6538	0.4594	0.3286	0.6750	0.0912	0.7994	19.2000	0.1091	864.0000	191.0000	0.2211	867.0000
835	0.6580	0.4561	0.3191	0.6805	0.0883	0.8001	19.2000	0.0892	867.0000	191.0000	0.2203	869.0000
836	0.6638	0.4569	0.3271	0.6637	0.0959	0.7885	19.0000	0.1068	922.0000	190.0000	0.2061	930.0000
837	0.6664	0.4619	0.3318	0.6639	0.0957	0.7981	18.8000	0.1069	901.0000	185.0000	0.2053	907.0000
838	0.6745	0.4594	0.3491	0.6922	0.0962	0.8071	19.3000	0.1063	915.0000	189.0000	0.2066	917.0000
839	0.6842	0.4590	0.3198	0.6767	0.0886	0.8081	19.2000	0.1034	879.0000	179.0000	0.2036	881.0000
840	0.6610	0.4582	0.3228	0.6707	0.0938	0.7785	19.0000	0.1178	890.0000	195.0000	0.2191	892.0000
841	0.6402	0.4590	0.3250	0.6766	0.0926	0.8020	18.8000	0.1156	902.0000	176.0000	0.1951	910.0000
842	0.6814	0.4495	0.3126	0.6666	0.0912	0.8052	19.0000	0.1240	914.0000	192.0000	0.2101	916.0000
843	0.6978	0.4598	0.3397	0.6817	0.0926	0.8055	18.9000	0.1010	918.0000	175.0000	0.1906	920.0000
844	0.6563	0.4578	0.3353	0.6892	0.0948	0.7914	19.1000	0.1342	880.0000	181.0000	0.2057	882.0000
845	0.6685	0.4586	0.3222	0.6675	0.0905	0.7906	19.3000	0.1144	914.0000	196.0000	0.2144	916.0000
846	0.6753	0.4569	0.3274	0.6629	0.0969	0.7910	19.0000	0.1258	964.0000	197.0000	0.2044	973.0000
847	0.6804	0.4644	0.3451	0.6878	0.0931	0.8052	19.5000	0.1130	905.0000	188.0000	0.2077	907.0000
848	0.6548	0.4586	0.3312	0.6491	0.0925	0.7766	19.4000	0.1197	925.0000	217.0000	0.2346	927.0000
849	0.6723	0.4586	0.3411	0.7049	0.0986	0.8089	19.3000	0.0955	927.0000	186.0000	0.2006	929.0000
850	0.6409	0.4578	0.3200	0.6760	0.0929	0.7866	19.1000	0.1196	884.0000	192.0000	0.2172	886.0000
851	0.6543	0.4561	0.3397	0.6649	0.0962	0.8031	19.1000	0.1109	917.0000	178.0000	0.1941	919.0000
852	0.6539	0.4607	0.3302	0.6677	0.0977	0.7888	19.0000	0.0983	943.0000	195.0000	0.2068	945.0000
853	0.6514	0.4545	0.3218	0.6885	0.0942	0.7999	18.8000	0.1092	914.0000	169.0000	0.1849	916.0000
854	0.6424	0.4561	0.3335	0.6777	0.0941	0.7870	19.1000	0.0881	913.0000	202.0000	0.2212	915.0000
855	0.6861	0.4627	0.3415	0.6741	0.0963	0.8038	19.1000	0.1129	931.0000	184.0000	0.1976	933.0000
856	0.6895	0.4627	0.3309	0.6676	0.0934	0.7942	19.2000	0.1051	922.0000	193.0000	0.2093	927.0000
857	0.6426	0.4582	0.3246	0.6680	0.0889	0.7827	18.8000	0.1051	867.0000	190.0000	0.2191	875.0000
858	0.6813	0.4590	0.3234	0.7050	0.0884	0.7992	19.1000	0.1237	850.0000	177.0000	0.2082	852.0000
859	0.6406	0.4578	0.3364	0.6884	0.0928	0.7997	19.1000	0.1020	895.0000	182.0000	0.2034	897.0000
860	0.6788	0.4594	0.3441	0.6769	0.0947	0.8001	19.1000	0.1138	909.0000	189.0000	0.2079	911.0000
861	0.6446	0.4623	0.3415	0.6884	0.0975	0.7849	19.1000	0.1061	899.0000	181.0000	0.2013	901.0000
862	0.6698	0.4582	0.3270	0.6807	0.0891	0.8034	19.0000	0.1180	867.0000	182.0000	0.2099	869.0000
863	0.6930	0.4574	0.3181	0.6643	0.0877	0.8029	19.1000	0.0994	891.0000	176.0000	0.1975	894.0000
864	0.6678	0.4652	0.3393	0.7029	0.0949	0.7928	19.1000	0.1225	904.0000	206.0000	0.2279	907.0000
865	0.6585	0.4532	0.3328	0.6778	0.0945	0.7917	18.9000	0.0933	920.0000	187.0000	0.2033	922.0000
866	0.6411	0.4549	0.3249	0.6626	0.0959	0.7835	19.3000	0.1008	899.0000	195.0000	0.2169	901.0000
867	0.6631	0.4623	0.3456	0.6887	0.1003	0.7908	19.0000	0.1196	913.0000	199.0000	0.2180	922.0000
868	0.6642	0.4627	0.3308	0.6994	0.0946	0.8041	19.1000	0.1057	882.0000	182.0000	0.2063	884.0000
869	0.6389	0.4607	0.3402	0.6811	0.0990	0.7900	18.8000	0.1119	951.0000	185.0000	0.1945	953.0000
870	0.6794	0.4586	0.3286	0.6846	0.0951	0.8041	19.0000	0.1028	880.0000	186.0000	0.2114	882.0000
871	0.6673	0.4598	0.3298	0.6785	0.0898	0.7881	19.3000	0.1080	846.0000	192.0000	0.2270	852.0000
872	0.6512	0.4582	0.3260	0.6881	0.0930	0.7768	19.3000	0.1203	880.0000	196.0000	0.2227	884.0000
873	0.6502	0.4590	0.3292	0.6756	0.0929	0.8013	18.9000	0.1061	929.0000	172.0000	0.1851	935.0000
874	0.6754	0.4541	0.3239	0.6922	0.0842	0.7996	19.1000	0.0936	831.0000	174.0000	0.2094	834.0000
875	0.6514	0.4590	0.3325	0.6959	0.0947	0.7989	19.2000	0.1116	909.0000	183.0000	0.2013	911.0000
876	0.6742	0.4598	0.3205	0.6769	0.0922	0.7836	18.8000	0.1119	917.0000	191.0000	0.2083	919.0000
877	0.6627	0.4574	0.3239	0.6920	0.0959	0.7858	19.1000	0.1112	886.0000	201.0000	0.2269	888.0000
878	0.6644	0.4635	0.3574	0.6966	0.0994	0.8016	19.4000	0.1105	933.0000	184.0000	0.1972	935.0000
879	0.6814	0.4586	0.3307	0.6926	0.0953	0.7880	19.2000	0.1166	893.0000	196.0000	0.2195	895.0000
880	0.6279	0.4528	0.3277	0.6808	0.0939	0.8008	18.8000	0.1040	931.0000	188.0000	0.2019	934.0000
881	0.6833	0.4619	0.3388	0.6643	0.0934	0.8101	19.2000	0.0880	953.0000	192.0000	0.2015	956.0000
882	0.6633	0.4611	0.3214	0.6646	0.0890	0.7854	19.3000	0.1316	902.0000	186.0000	0.2062	905.0000
883	0.6594	0.4598	0.3363	0.6517	0.0967	0.7872	19.4000	0.1051	930.0000	214.0000	0.2301	932.0000
884	0.6681	0.4644	0.3268	0.6543	0.0916	0.7795	19.3000	0.1286	897.0000	193.0000	0.2152	899.0000
885	0.6481	0.4574	0.3380	0.6619	0.0935	0.7859	18.9000	0.1073	852.0000	193.0000	0.2265	855.0000
886	0.7471	0.4635	0.3279	0.6858	0.0865	0.8106	18.8000	0.1072	857.0000	190.0000	0.2217	859.0000
887	0.6518	0.4574	0.3299	0.6946	0.0928	0.7772	19.1000	0.1368	883.0000	187.0000	0.2118	886.0000
888	0.6817	0.4582	0.3284	0.6947	0.0907	0.7955	18.6000	0.1104	874.0000	191.0000	0.2185	877.0000
889	0.6723	0.4569	0.3284	0.6769	0.0926	0.7893	19.0000	0.1160	873.0000	180.0000	0.2062	879.0000
890	0.6994	0.4565	0.3175	0.6719	0.0888	0.7946	19.4000	0.1191	831.0000	185.0000	0.2226	833.0000
891	0.6677	0.4582	0.3320	0.6916	0.0957	0.7902	19.2000	0.1254	916.0000	182.0000	0.1987	918.0000
892	0.6726	0.4607	0.3214	0.7054	0.0894	0.7959	19.4000	0.1210	801.0000	180.0000	0.2247	803.0000
893	0.6307	0.4545	0.3235	0.6935	0.0886	0.8004	19.1000	0.1295	849.0000	172.0000	0.2026	851.0000
894	0.6474	0.4561	0.3172	0.6752	0.0957	0.7868	19.2000	0.1274	921.0000	201.0000	0.2182	923.0000
895	0.6491	0.4602	0.3283	0.6671	0.0926	0.7846	19.2000	0.1111	934.0000	209.0000	0.2238	936.0000
896	0.6761	0.4532	0.3310	0.6920	0.0928	0.7956	18.9000	0.1095	866.0000	180.0000	0.2079	869.0000
897	0.6619	0.4607	0.3366	0.6591	0.0908	0.7917	18.8000	0.1134	906.0000	190.0000	0.2097	912.0000
898	0.6759	0.4644	0.3430	0.6718	0.0987	0.7971	18.9000	0.0983	939.0000	201.0000	0.2141	941.0000
899	0.6517	0.4586	0.3374	0.6682	0.0945	0.7814	19.1000	0.1139	922.0000	202.0000	0.2191	925.0000
900	0.6918	0.4598	0.3270	0.6860	0.0950	0.7762	19.1000	0.1262	926.0000	204.0000	0.2203	928.0000
901	0.6915	0.4627	0.3362	0.6733	0.0935	0.7931	19.5000	0.1089	914.0000	202.0000	0.2210	916.0000
902	0.6722	0.4644	0.3311	0.6835	0.0984	0.7947	19.2000	0.1198	910.0000	197.0000	0.2165	912.0000
903	0.6547	0.4553	0.3300	0.6747	0.0944	0.7930	19.1000	0.1072	936.0000	197.0000	0.2105	938.0000
904	0.6828	0.4553	0.3253	0.6682	0.0921	0.7962	18.9000	0.1006	903.0000	191.0000	0.2115	908.0000
905	0.6615	0.4619	0.3311	0.6562	0.0946	0.7940	19.2000	0.0927	944.0000	195.0000	0.2066	946.0000
906	0.6781	0.4569	0.3387	0.6607	0.0951	0.8021	18.9000	0.0995	942.0000	178.0000	0.1890	944.0000
907	0.6529	0.4594	0.3241	0.6655	0.0956	0.7810	19.3000	0.1086	918.0000	195.0000	0.2124	928.0000
908	0.6647	0.4615	0.3276	0.6616	0.0939	0.7975	19.3000	0.0995	935.0000	189.0000	0.2021	939.0000
909	0.6463	0.4611	0.3348	0.6858	0.0955	0.7808	19.3000	0.1219	901.0000	199.0000	0.2209	903.0000
910	0.6766	0.4574	0.3228	0.6705	0.0882	0.7932	18.8000	0.1103	855.0000	192.0000	0.2246	857.0000
911	0.6640	0.4586	0.3364	0.6907	0.0986	0.7863	19.2000	0.1001	932.0000	188.0000	0.2017	934.0000
912	0.7343	0.4532	0.3287	0.6662	0.0916	0.8000	19.2000	0.1130	898.0000	179.0000	0.1993	900.0000
913	0.6604	0.4569	0.3262	0.6592	0.0973	0.8008	19.3000	0.1052	964.0000	189.0000	0.1961	966.0000
914	0.6504	0.4541	0.3243	0.6940	0.0939	0.7911	19.1000	0.1191	881.0000	189.0000	0.2145	883.0000
915	0.6854	0.4578	0.3274	0.6817	0.0874	0.7798	19.2000	0.1242	852.0000	192.0000	0.2254	855.0000
916	0.6616	0.4536	0.3279	0.6918	0.0931	0.7963	19.1000	0.1133	887.0000	194.0000	0.2187	889.0000
917	0.6641	0.4574	0.3311	0.6787	0.0991	0.7862	19.6000	0.0950	932.0000	192.0000	0.2060	934.0000
918	0.7085	0.4582	0.3470	0.6639	0.0953	0.8016	19.0000	0.0951	893.0000	185.0000	0.2072	895.0000
919	0.6669	0.4520	0.3235	0.6806	0.0951	0.7865	19.1000	0.1079	874.0000	196.0000	0.2243	882.0000
920	0.6451	0.4635	0.3317	0.6535	0.0930	0.7886	19.2000	0.1155	922.0000	194.0000	0.2104	925.0000
921	0.6611	0.4569	0.3160	0.6925	0.0862	0.7890	19.0000	0.1342	827.0000	195.0000	0.2358	829.0000
922	0.6718	0.4607	0.3292	0.6767	0.0918	0.7942	19.0000	0.1054	892.0000	177.0000	0.1984	894.0000
923	0.6790	0.4594	0.3349	0.6989	0.0928	0.7957	19.0000	0.1099	865.0000	181.0000	0.2092	868.0000
924	0.6900	0.4598	0.3285	0.6851	0.0939	0.7955	19.0000	0.1112	926.0000	190.0000	0.2052	934.0000
925	0.6584	0.4615	0.3307	0.6738	0.0904	0.7748	19.2000	0.1437	870.0000	194.0000	0.2230	872.0000
926	0.6563	0.4545	0.3244	0.6794	0.0877	0.7671	19.4000	0.1198	860.0000	197.0000	0.2291	867.0000
927	0.6877	0.4611	0.3410	0.6531	0.0921	0.7848	19.1000	0.1135	905.0000	204.0000	0.2254	907.0000
928	0.6687	0.4536	0.3339	0.6919	0.0958	0.7882	19.3000	0.1179	943.0000	195.0000	0.2068	946.0000
929	0.6630	0.4569	0.3286	0.6882	0.0962	0.8090	18.8000	0.0924	901.0000	182.0000	0.2020	904.0000
930	0.6502	0.4619	0.3487	0.6549	0.0961	0.7880	19.2000	0.1267	910.0000	187.0000	0.2055	915.0000
931	0.6490	0.4565	0.3282	0.6634	0.0956	0.7879	18.9000	0.1027	915.0000	189.0000	0.2066	919.0000
932	0.6889	0.4553	0.3196	0.6927	0.0894	0.7871	19.3000	0.1219	871.0000	195.0000	0.2239	873.0000
933	0.6704	0.4660	0.3464	0.6608	0.0972	0.8243	18.7000	0.0859	958.0000	188.0000	0.1962	960.0000
934	0.6774	0.4615	0.3414	0.6954	0.0971	0.7959	19.1000	0.1182	912.0000	189.0000	0.2072	914.0000
935	0.6587	0.4639	0.3424	0.6781	0.1009	0.8048	19.5000	0.1081	963.0000	189.0000	0.1963	965.0000
936	0.6604	0.4545	0.3341	0.6838	0.0966	0.7863	19.4000	0.1098	950.0000	192.0000	0.2021	957.0000
937	0.7016	0.4582	0.3327	0.6740	0.0951	0.7985	18.9000	0.1043	926.0000	183.0000	0.1976	928.0000
938	0.6561	0.4569	0.3377	0.6791	0.0920	0.7956	19.2000	0.1128	868.0000	179.0000	0.2062	870.0000
939	0.6826	0.4586	0.3373	0.6902	0.0955	0.8178	18.8000	0.0895	902.0000	172.0000	0.1907	904.0000
940	0.6688	0.4611	0.3354	0.6713	0.0992	0.7953	19.5000	0.0899	959.0000	205.0000	0.2138	961.0000
941	0.6348	0.4545	0.3286	0.6991	0.0956	0.7723	19.1000	0.1258	863.0000	202.0000	0.2341	865.0000
942	0.6778	0.4582	0.3319	0.6713	0.0907	0.7964	18.9000	0.1043	879.0000	189.0000	0.2150	882.0000
943	0.6494	0.4565	0.3308	0.6941	0.1005	0.8113	18.8000	0.1021	963.0000	177.0000	0.1838	968.0000
944	0.7005	0.4578	0.3340	0.6761	0.0909	0.8031	18.8000	0.1053	857.0000	174.0000	0.2030	859.0000
945	0.7047	0.4574	0.3356	0.6849	0.0933	0.8133	19.4000	0.0951	896.0000	187.0000	0.2087	898.0000
946	0.6974	0.4602	0.3363	0.6707	0.0925	0.7976	19.1000	0.0992	914.0000	168.0000	0.1838	917.0000
947	0.7015	0.4627	0.3502	0.6863	0.0932	0.8004	19.0000	0.1152	887.0000	193.0000	0.2176	891.0000
948	0.6774	0.4607	0.3260	0.6605	0.0927	0.8081	19.1000	0.1015	965.0000	189.0000	0.1959	967.0000
949	0.6439	0.4520	0.3190	0.6659	0.0938	0.8000	19.0000	0.1090	920.0000	184.0000	0.2000	922.0000
950	0.6276	0.4557	0.3175	0.6899	0.0893	0.7908	19.1000	0.1151	849.0000	179.0000	0.2108	851.0000
951	0.6656	0.4590	0.3331	0.6638	0.0935	0.7994	19.2000	0.1115	929.0000	189.0000	0.2034	933.0000
952	0.6754	0.4590	0.3420	0.6649	0.0969	0.7906	19.4000	0.1133	924.0000	195.0000	0.2110	926.0000
953	0.6464	0.4508	0.3170	0.6882	0.0890	0.7879	19.2000	0.1279	843.0000	184.0000	0.2183	846.0000
954	0.6846	0.4578	0.3332	0.6761	0.0916	0.7813	19.4000	0.1212	873.0000	194.0000	0.2222	875.0000
955	0.6583	0.4574	0.3089	0.6724	0.0912	0.7877	18.7000	0.1046	864.0000	183.0000	0.2118	866.0000
956	0.6637	0.4582	0.3393	0.6756	0.0916	0.8009	18.9000	0.0996	859.0000	177.0000	0.2061	861.0000
957	0.6657	0.4598	0.3346	0.6988	0.0928	0.8015	19.0000	0.1066	905.0000	166.0000	0.1834	907.0000
958	0.6495	0.4607	0.3379	0.6809	0.0960	0.8010	19.0000	0.1012	921.0000	183.0000	0.1987	923.0000
959	0.6662	0.4615	0.3223	0.6718	0.0888	0.7974	19.3000	0.1036	852.0000	190.0000	0.2230	856.0000
960	0.6684	0.4598	0.3203	0.6760	0.0874	0.7727	18.8000	0.1168	858.0000	200.0000	0.2331	860.0000
961	0.6966	0.4598	0.3381	0.6652	0.0982	0.7917	19.2000	0.0850	925.0000	204.0000	0.2205	927.0000
962	0.6477	0.4578	0.3312	0.6836	0.0981	0.8050	18.9000	0.1169	926.0000	179.0000	0.1933	928.0000
963	0.6831	0.4607	0.3265	0.6674	0.0918	0.8036	18.7000	0.1011	911.0000	193.0000	0.2119	913.0000
964	0.6799	0.4590	0.3404	0.6842	0.0968	0.7847	18.8000	0.1222	903.0000	194.0000	0.2148	905.0000
965	0.6403	0.4635	0.3409	0.6652	0.0965	0.8040	18.9000	0.0937	914.0000	181.0000	0.1980	916.0000
966	0.6748	0.4536	0.3294	0.6735	0.0947	0.7959	19.2000	0.1034	954.0000	196.0000	0.2055	959.0000
967	0.6664	0.4594	0.3341	0.6765	0.0966	0.7771	19.1000	0.1277	936.0000	204.0000	0.2179	938.0000
968	0.6602	0.4635	0.3468	0.6651	0.1003	0.7893	19.2000	0.1188	980.0000	201.0000	0.2051	982.0000
969	0.6407	0.4598	0.3195	0.6870	0.0975	0.7665	19.3000	0.1233	923.0000	192.0000	0.2080	926.0000
970	0.7047	0.4578	0.3270	0.6780	0.0925	0.7963	18.7000	0.1035	873.0000	187.0000	0.2142	875.0000
971	0.6793	0.4615	0.3370	0.6633	0.0954	0.8022	19.1000	0.0997	926.0000	184.0000	0.1987	932.0000
972	0.6577	0.4582	0.3277	0.6610	0.0908	0.7800	19.3000	0.1174	909.0000	197.0000	0.2167	911.0000
973	0.6572	0.4561	0.3258	0.6820	0.0939	0.8074	19.5000	0.1083	908.0000	183.0000	0.2015	910.0000
974	0.6467	0.4602	0.3462	0.6571	0.0996	0.8010	18.9000	0.1066	947.0000	188.0000	0.1985	949.0000
975	0.6850	0.4619	0.3344	0.6849	0.0921	0.8122	19.1000	0.1181	914.0000	176.0000	0.1926	916.0000
976	0.6850	0.4557	0.3239	0.6850	0.0894	0.7874	18.8000	0.1403	870.0000	189.0000	0.2172	872.0000
977	0.6755	0.4635	0.3444	0.6720	0.1015	0.8071	19.3000	0.0958	958.0000	192.0000	0.2004	960.0000
978	0.6473	0.4582	0.3216	0.6584	0.0903	0.7864	18.8000	0.1254	912.0000	196.0000	0.2149	914.0000
979	0.6510	0.4594	0.3313	0.6858	0.0944	0.8063	18.8000	0.1096	928.0000	182.0000	0.1961	931.0000
980	0.7192	0.4574	0.3284	0.6810	0.0914	0.8005	19.3000	0.1048	901.0000	186.0000	0.2064	903.0000
981	0.6255	0.4574	0.3287	0.6841	0.0953	0.7914	19.2000	0.1039	906.0000	192.0000	0.2119	909.0000
982	0.6867	0.4578	0.3468	0.6586	0.0944	0.8067	19.3000	0.1014	958.0000	190.0000	0.1983	960.0000
983	0.6540	0.4578	0.3340	0.6725	0.0990	0.7961	19.1000	0.1088	921.0000	192.0000	0.2085	923.0000
984	0.5902	0.4639	0.3401	0.6663	0.0970	0.7929	19.1000	0.1133	936.0000	196.0000	0.2094	938.0000
985	0.6979	0.4627	0.3287	0.6910	0.0901	0.7979	19.2000	0.1256	902.0000	189.0000	0.2095	904.0000
986	0.6792	0.4574	0.3260	0.6720	0.0925	0.7714	19.0000	0.1239	927.0000	193.0000	0.2082	929.0000
987	0.6763	0.4561	0.3309	0.6699	0.0936	0.7748	19.1000	0.1101	909.0000	194.0000	0.2134	911.0000
988	0.6586	0.4549	0.3273	0.6745	0.0906	0.7782	18.9000	0.1196	865.0000	191.0000	0.2208	867.0000
989	0.6497	0.4644	0.3302	0.6709	0.0964	0.7750	19.4000	0.1318	929.0000	198.0000	0.2131	938.0000
990	0.6254	0.4553	0.3203	0.6559	0.0901	0.7848	19.1000	0.1182	891.0000	197.0000	0.2211	893.0000
991	0.6602	0.4541	0.3177	0.6651	0.0867	0.7945	19.3000	0.1048	872.0000	188.0000	0.2156	874.0000
992	0.6362	0.4627	0.3328	0.6517	0.0946	0.7932	19.5000	0.0985	948.0000	194.0000	0.2046	950.0000
993	0.6412	0.4565	0.3311	0.6657	0.0981	0.7825	19.2000	0.1086	953.0000	186.0000	0.1952	956.0000
994	0.7061	0.4569	0.3365	0.6939	0.0952	0.7995	19.1000	0.0993	935.0000	176.0000	0.1882	939.0000
995	0.6783	0.4590	0.3260	0.6806	0.0948	0.7923	18.9000	0.0968	889.0000	190.0000	0.2137	895.0000
996	0.6357	0.4594	0.3320	0.6703	0.0904	0.7889	18.7000	0.1124	917.0000	189.0000	0.2061	919.0000
997	0.6651	0.4565	0.3289	0.6688	0.0956	0.8047	18.8000	0.0956	953.0000	183.0000	0.1920	956.0000
998	0.6511	0.4594	0.3339	0.6697	0.0941	0.7966	19.1000	0.1195	917.0000	189.0000	0.2061	919.0000
999	0.6723	0.4541	0.3207	0.6970	0.0889	0.7810	19.2000	0.1300	838.0000	198.0000	0.2363	841.0000
1000	0.6755	0.4565	0.3231	0.7015	0.0920	0.7853	19.7000	0.1030	865.0000	192.0000	0.2220	867.0000
