accuracy	proportion	density	fuzziness	coverage	purity	sounds	missing	ubound	clusters	props	patterns
1	0.7005	0.6391	0.5026	0.6599	0.0674	0.8101	19.5000	0.0774	1526.0000	261.0000	0.1710	1528.0000
2	0.7142	0.6391	0.5018	0.6639	0.0656	0.8190	19.6000	0.0946	1472.0000	262.0000	0.1780	1474.0000
3	0.7329	0.6428	0.5016	0.6814	0.0691	0.8025	19.7000	0.0962	1441.0000	272.0000	0.1888	1443.0000
4	0.6799	0.6399	0.5099	0.6663	0.0700	0.7888	19.7000	0.0945	1466.0000	278.0000	0.1896	1468.0000
5	0.6720	0.6349	0.5021	0.6573	0.0681	0.7855	19.5000	0.1239	1489.0000	281.0000	0.1887	1491.0000
6	0.7356	0.6419	0.4993	0.6752	0.0667	0.8250	19.4000	0.0965	1474.0000	259.0000	0.1757	1477.0000
7	0.7274	0.6333	0.5059	0.6764	0.0655	0.8074	19.3000	0.1073	1437.0000	258.0000	0.1795	1440.0000
8	0.6971	0.6370	0.5131	0.6845	0.0650	0.8211	19.6000	0.1173	1486.0000	248.0000	0.1669	1488.0000
9	0.6973	0.6337	0.5071	0.6953	0.0687	0.8104	19.3000	0.0937	1411.0000	245.0000	0.1736	1413.0000
10	0.7046	0.6436	0.5147	0.6763	0.0694	0.8271	19.4000	0.0940	1500.0000	253.0000	0.1687	1502.0000
11	0.7056	0.6407	0.5034	0.6741	0.0684	0.8182	19.4000	0.0976	1492.0000	265.0000	0.1776	1494.0000
12	0.6968	0.6386	0.5119	0.6971	0.0705	0.7993	19.6000	0.1217	1473.0000	270.0000	0.1833	1475.0000
13	0.6891	0.6407	0.5059	0.6811	0.0708	0.8014	19.4000	0.1037	1441.0000	270.0000	0.1874	1443.0000
14	0.7345	0.6386	0.5020	0.6853	0.0669	0.8106	19.6000	0.0967	1442.0000	257.0000	0.1782	1444.0000
15	0.6800	0.6461	0.5111	0.6885	0.0702	0.8039	19.6000	0.1057	1506.0000	268.0000	0.1780	1508.0000
16	0.6856	0.6382	0.5044	0.6724	0.0692	0.7961	19.6000	0.1087	1451.0000	279.0000	0.1923	1453.0000
17	0.6783	0.6349	0.5015	0.6888	0.0660	0.7999	19.5000	0.1006	1483.0000	267.0000	0.1800	1485.0000
18	0.7042	0.6399	0.5065	0.6725	0.0713	0.7917	19.6000	0.1032	1432.0000	287.0000	0.2004	1434.0000
19	0.7019	0.6444	0.5133	0.6858	0.0704	0.8173	19.3000	0.1057	1460.0000	264.0000	0.1808	1462.0000
20	0.6782	0.6366	0.5112	0.6822	0.0685	0.8008	20.0000	0.1019	1441.0000	266.0000	0.1846	1443.0000
21	0.7267	0.6345	0.4993	0.6830	0.0672	0.8063	19.5000	0.1086	1420.0000	260.0000	0.1831	1422.0000
22	0.7197	0.6395	0.5012	0.6751	0.0675	0.8034	19.7000	0.0921	1458.0000	265.0000	0.1818	1461.0000
23	0.6958	0.6366	0.5029	0.6817	0.0685	0.7909	19.6000	0.0945	1431.0000	280.0000	0.1957	1433.0000
24	0.6977	0.6399	0.5061	0.6816	0.0703	0.7966	19.5000	0.0958	1459.0000	275.0000	0.1885	1461.0000
25	0.7265	0.6378	0.5091	0.6992	0.0649	0.8222	19.5000	0.0915	1423.0000	250.0000	0.1757	1425.0000
26	0.7054	0.6424	0.5106	0.7022	0.0658	0.8028	19.8000	0.1166	1435.0000	262.0000	0.1826	1437.0000
27	0.7105	0.6395	0.5138	0.6862	0.0720	0.8138	19.6000	0.1030	1486.0000	273.0000	0.1837	1488.0000
28	0.6983	0.6386	0.5022	0.6749	0.0682	0.7957	19.5000	0.1019	1418.0000	273.0000	0.1925	1420.0000
29	0.7019	0.6366	0.5088	0.6661	0.0693	0.8126	19.5000	0.0806	1465.0000	265.0000	0.1809	1467.0000
30	0.7008	0.6374	0.5090	0.6886	0.0646	0.8132	19.6000	0.1166	1432.0000	246.0000	0.1718	1434.0000
31	0.7083	0.6378	0.5084	0.6738	0.0708	0.8098	19.9000	0.0950	1505.0000	260.0000	0.1728	1507.0000
32	0.7391	0.6395	0.5022	0.6775	0.0648	0.8079	19.9000	0.0922	1422.0000	259.0000	0.1821	1435.0000
33	0.7276	0.6370	0.5013	0.6649	0.0667	0.8039	19.8000	0.0948	1505.0000	266.0000	0.1767	1507.0000
34	0.7091	0.6395	0.5045	0.6631	0.0660	0.7956	19.5000	0.1022	1502.0000	275.0000	0.1831	1504.0000
35	0.7058	0.6452	0.5107	0.6752	0.0715	0.7810	19.6000	0.1084	1400.0000	294.0000	0.2100	1402.0000
36	0.7311	0.6395	0.5095	0.7072	0.0660	0.8250	19.6000	0.0978	1443.0000	245.0000	0.1698	1445.0000
37	0.7388	0.6395	0.5017	0.6782	0.0697	0.8142	19.5000	0.0998	1474.0000	266.0000	0.1805	1476.0000
38	0.7071	0.6370	0.5101	0.6801	0.0668	0.8212	19.7000	0.0994	1487.0000	251.0000	0.1688	1489.0000
39	0.6983	0.6403	0.5082	0.6933	0.0693	0.8045	19.6000	0.1004	1442.0000	270.0000	0.1872	1444.0000
40	0.7266	0.6370	0.5033	0.6899	0.0679	0.8080	19.8000	0.1156	1438.0000	266.0000	0.1850	1445.0000
41	0.7093	0.6378	0.5039	0.6737	0.0666	0.8153	19.5000	0.0992	1472.0000	254.0000	0.1726	1474.0000
42	0.6878	0.6370	0.5062	0.6659	0.0659	0.7951	19.4000	0.1032	1467.0000	268.0000	0.1827	1469.0000
43	0.7346	0.6399	0.5033	0.6841	0.0664	0.8109	19.6000	0.1010	1375.0000	269.0000	0.1956	1378.0000
44	0.7298	0.6399	0.5083	0.6740	0.0690	0.8123	19.7000	0.1031	1486.0000	273.0000	0.1837	1488.0000
45	0.6919	0.6382	0.5071	0.6744	0.0678	0.8052	19.6000	0.1159	1466.0000	261.0000	0.1780	1468.0000
46	0.7343	0.6424	0.5104	0.6763	0.0680	0.8142	19.4000	0.0854	1473.0000	263.0000	0.1785	1475.0000
47	0.7107	0.6378	0.5089	0.6839	0.0676	0.8089	19.7000	0.0929	1407.0000	264.0000	0.1876	1409.0000
48	0.7328	0.6395	0.5071	0.6741	0.0689	0.8010	19.7000	0.1071	1451.0000	269.0000	0.1854	1453.0000
49	0.7056	0.6391	0.5080	0.6874	0.0672	0.8218	19.6000	0.0966	1451.0000	253.0000	0.1744	1453.0000
50	0.6832	0.6415	0.5056	0.6797	0.0688	0.8061	19.6000	0.1148	1527.0000	270.0000	0.1768	1529.0000
51	0.7199	0.6358	0.5035	0.6652	0.0645	0.8149	19.5000	0.1061	1495.0000	258.0000	0.1726	1497.0000
52	0.6978	0.6411	0.5105	0.6774	0.0700	0.8040	19.6000	0.1114	1478.0000	276.0000	0.1867	1480.0000
53	0.6900	0.6399	0.5068	0.6822	0.0682	0.8067	20.0000	0.1083	1481.0000	263.0000	0.1776	1483.0000
54	0.7179	0.6465	0.5143	0.6872	0.0680	0.8086	19.6000	0.1130	1484.0000	258.0000	0.1739	1492.0000
55	0.7001	0.6345	0.5071	0.6865	0.0679	0.8037	19.8000	0.0875	1476.0000	255.0000	0.1728	1478.0000
56	0.7333	0.6374	0.5028	0.6709	0.0686	0.8062	19.3000	0.0951	1428.0000	274.0000	0.1919	1430.0000
57	0.7050	0.6415	0.5078	0.6731	0.0658	0.7965	19.6000	0.1135	1500.0000	275.0000	0.1833	1502.0000
58	0.7216	0.6399	0.5141	0.6875	0.0656	0.8100	19.9000	0.1086	1456.0000	263.0000	0.1806	1462.0000
59	0.7196	0.6329	0.4960	0.6542	0.0640	0.8191	19.4000	0.0886	1520.0000	257.0000	0.1691	1522.0000
60	0.6789	0.6391	0.5007	0.6705	0.0671	0.7945	19.8000	0.1064	1457.0000	277.0000	0.1901	1460.0000
61	0.7537	0.6391	0.5105	0.6876	0.0657	0.8168	19.4000	0.0991	1450.0000	265.0000	0.1828	1452.0000
62	0.7056	0.6358	0.5093	0.6961	0.0711	0.8207	19.5000	0.0924	1500.0000	261.0000	0.1740	1502.0000
63	0.6900	0.6391	0.5090	0.6868	0.0685	0.8071	19.5000	0.1040	1378.0000	260.0000	0.1887	1383.0000
64	0.7139	0.6358	0.5030	0.6627	0.0640	0.8162	19.6000	0.1020	1446.0000	252.0000	0.1743	1450.0000
65	0.7313	0.6395	0.5053	0.6687	0.0698	0.8108	19.5000	0.0976	1481.0000	283.0000	0.1911	1483.0000
66	0.7061	0.6395	0.5091	0.6822	0.0701	0.8125	19.5000	0.1089	1435.0000	259.0000	0.1805	1437.0000
67	0.7136	0.6341	0.5082	0.6835	0.0668	0.8003	19.3000	0.1113	1450.0000	267.0000	0.1841	1452.0000
68	0.7116	0.6419	0.5156	0.6899	0.0684	0.8127	19.2000	0.1019	1427.0000	265.0000	0.1857	1430.0000
69	0.6934	0.6432	0.5099	0.6788	0.0661	0.8120	19.6000	0.1011	1509.0000	263.0000	0.1743	1512.0000
70	0.7086	0.6428	0.5091	0.6776	0.0692	0.8146	19.6000	0.0910	1535.0000	260.0000	0.1694	1537.0000
71	0.6779	0.6370	0.5070	0.6673	0.0653	0.8029	19.3000	0.1110	1430.0000	264.0000	0.1846	1432.0000
72	0.7340	0.6378	0.5070	0.6657	0.0691	0.8164	19.6000	0.0993	1477.0000	269.0000	0.1821	1479.0000
73	0.7032	0.6452	0.5212	0.6965	0.0678	0.8042	19.6000	0.1003	1393.0000	261.0000	0.1874	1398.0000
74	0.7378	0.6354	0.4946	0.6574	0.0646	0.8043	19.4000	0.0875	1441.0000	264.0000	0.1832	1443.0000
75	0.7063	0.6378	0.5025	0.6808	0.0676	0.8043	19.5000	0.0950	1487.0000	260.0000	0.1748	1489.0000
76	0.7015	0.6386	0.5112	0.6909	0.0633	0.8247	19.8000	0.0817	1493.0000	242.0000	0.1621	1495.0000
77	0.6525	0.6362	0.5087	0.6585	0.0662	0.8020	19.9000	0.1085	1548.0000	266.0000	0.1718	1550.0000
78	0.6877	0.6407	0.5136	0.6891	0.0726	0.8007	19.6000	0.1097	1482.0000	276.0000	0.1862	1484.0000
79	0.6845	0.6362	0.5078	0.6616	0.0655	0.7906	19.4000	0.0971	1436.0000	267.0000	0.1859	1438.0000
80	0.7341	0.6403	0.5030	0.6768	0.0661	0.7976	19.6000	0.1089	1416.0000	261.0000	0.1843	1420.0000
81	0.7007	0.6362	0.5091	0.6818	0.0679	0.8141	19.5000	0.0901	1483.0000	269.0000	0.1814	1485.0000
82	0.6831	0.6354	0.5048	0.6742	0.0669	0.8045	19.5000	0.1080	1459.0000	269.0000	0.1844	1461.0000
83	0.7034	0.6452	0.5173	0.6718	0.0723	0.8148	19.7000	0.0934	1546.0000	267.0000	0.1727	1548.0000
84	0.7022	0.6428	0.5045	0.6705	0.0636	0.7878	19.6000	0.1023	1494.0000	265.0000	0.1774	1498.0000
85	0.6875	0.6358	0.5076	0.6650	0.0673	0.7957	19.7000	0.0996	1455.0000	277.0000	0.1904	1457.0000
86	0.7207	0.6407	0.5027	0.6589	0.0681	0.8220	19.4000	0.0838	1486.0000	264.0000	0.1777	1488.0000
87	0.7297	0.6419	0.5122	0.6606	0.0686	0.8025	19.5000	0.0889	1432.0000	270.0000	0.1885	1434.0000
88	0.7139	0.6391	0.5119	0.6767	0.0654	0.7962	19.7000	0.1211	1462.0000	274.0000	0.1874	1467.0000
89	0.6953	0.6440	0.5117	0.6697	0.0705	0.8099	19.6000	0.1003	1458.0000	278.0000	0.1907	1460.0000
90	0.6539	0.6391	0.4997	0.6543	0.0670	0.7983	19.2000	0.1191	1461.0000	266.0000	0.1821	1463.0000
91	0.7236	0.6374	0.5032	0.6759	0.0673	0.8177	19.6000	0.0897	1483.0000	262.0000	0.1767	1492.0000
92	0.7333	0.6391	0.5000	0.6612	0.0671	0.8022	19.4000	0.0786	1494.0000	281.0000	0.1881	1504.0000
93	0.7362	0.6411	0.5129	0.6838	0.0657	0.8272	19.6000	0.0809	1469.0000	246.0000	0.1675	1475.0000
94	0.7261	0.6362	0.5098	0.6996	0.0667	0.8212	19.4000	0.1051	1412.0000	245.0000	0.1735	1416.0000
95	0.7317	0.6386	0.5065	0.6800	0.0690	0.8159	19.6000	0.0926	1494.0000	267.0000	0.1787	1496.0000
96	0.6815	0.6407	0.5110	0.6862	0.0683	0.8101	19.7000	0.1122	1455.0000	264.0000	0.1814	1457.0000
97	0.6976	0.6440	0.5101	0.6822	0.0696	0.8146	19.8000	0.1113	1403.0000	265.0000	0.1889	1406.0000
98	0.7204	0.6366	0.5138	0.6643	0.0688	0.8022	19.6000	0.1106	1562.0000	270.0000	0.1729	1564.0000
99	0.6971	0.6452	0.5096	0.6627	0.0685	0.7997	19.5000	0.1120	1484.0000	268.0000	0.1806	1486.0000
100	0.6999	0.6374	0.5054	0.6708	0.0669	0.8068	19.6000	0.1106	1480.0000	280.0000	0.1892	1482.0000
101	0.7173	0.6374	0.4998	0.6891	0.0667	0.8041	19.7000	0.1092	1453.0000	259.0000	0.1783	1456.0000
102	0.7131	0.6444	0.5116	0.6516	0.0689	0.8114	19.5000	0.1074	1488.0000	282.0000	0.1895	1490.0000
103	0.6996	0.6424	0.5099	0.6622	0.0672	0.8110	19.6000	0.1003	1455.0000	263.0000	0.1808	1457.0000
104	0.7044	0.6395	0.5126	0.6543	0.0698	0.8074	19.4000	0.1076	1519.0000	272.0000	0.1791	1521.0000
105	0.6862	0.6419	0.5136	0.6756	0.0689	0.8008	19.4000	0.0940	1488.0000	273.0000	0.1835	1490.0000
106	0.7007	0.6358	0.5062	0.6699	0.0648	0.8133	19.5000	0.1040	1453.0000	251.0000	0.1727	1456.0000
107	0.7442	0.6337	0.5069	0.6929	0.0679	0.8136	20.0000	0.0955	1395.0000	263.0000	0.1885	1397.0000
108	0.7115	0.6345	0.5033	0.6949	0.0669	0.8167	19.5000	0.1224	1415.0000	246.0000	0.1739	1418.0000
109	0.7288	0.6382	0.5044	0.6782	0.0660	0.8096	19.4000	0.0925	1460.0000	261.0000	0.1788	1462.0000
110	0.7294	0.6436	0.5030	0.6774	0.0703	0.8071	19.5000	0.1098	1456.0000	279.0000	0.1916	1458.0000
111	0.7084	0.6399	0.5069	0.6788	0.0700	0.8067	19.5000	0.0995	1469.0000	264.0000	0.1797	1471.0000
112	0.6779	0.6358	0.5091	0.6857	0.0689	0.8072	19.6000	0.1058	1467.0000	258.0000	0.1759	1469.0000
113	0.7249	0.6366	0.5041	0.6678	0.0669	0.8029	19.8000	0.1057	1459.0000	268.0000	0.1837	1461.0000
114	0.7031	0.6444	0.5088	0.6888	0.0687	0.8077	19.3000	0.1222	1419.0000	262.0000	0.1846	1421.0000
115	0.7170	0.6407	0.5071	0.6788	0.0653	0.8072	19.5000	0.1050	1494.0000	264.0000	0.1767	1496.0000
116	0.6662	0.6378	0.5111	0.6683	0.0689	0.8005	19.4000	0.1065	1462.0000	270.0000	0.1847	1464.0000
117	0.6933	0.6419	0.5152	0.6908	0.0697	0.8172	19.2000	0.1043	1456.0000	271.0000	0.1861	1458.0000
118	0.7032	0.6411	0.5091	0.6834	0.0671	0.8112	19.7000	0.0952	1500.0000	257.0000	0.1713	1502.0000
119	0.7278	0.6415	0.5112	0.6723	0.0694	0.8115	19.6000	0.1095	1428.0000	275.0000	0.1926	1430.0000
120	0.6938	0.6395	0.5052	0.6868	0.0707	0.7962	19.8000	0.1268	1412.0000	274.0000	0.1941	1414.0000
121	0.6901	0.6391	0.5045	0.6937	0.0666	0.8109	19.5000	0.1017	1472.0000	256.0000	0.1739	1474.0000
122	0.7343	0.6386	0.5010	0.6784	0.0633	0.8137	19.2000	0.1020	1478.0000	256.0000	0.1732	1480.0000
123	0.6908	0.6419	0.5116	0.6700	0.0694	0.7966	19.5000	0.1119	1490.0000	265.0000	0.1779	1492.0000
124	0.6922	0.6391	0.5124	0.6915	0.0674	0.8189	19.5000	0.1093	1413.0000	254.0000	0.1798	1415.0000
125	0.7096	0.6386	0.5107	0.6948	0.0687	0.8158	19.8000	0.0897	1468.0000	263.0000	0.1792	1472.0000
126	0.7260	0.6415	0.5148	0.6792	0.0664	0.8050	19.6000	0.1151	1395.0000	274.0000	0.1964	1398.0000
127	0.6685	0.6349	0.5124	0.6618	0.0667	0.7900	19.7000	0.1070	1496.0000	263.0000	0.1758	1498.0000
128	0.7026	0.6419	0.5101	0.6466	0.0701	0.8003	19.5000	0.0920	1480.0000	283.0000	0.1912	1482.0000
129	0.7198	0.6366	0.5019	0.6883	0.0659	0.8091	19.4000	0.0951	1454.0000	257.0000	0.1768	1456.0000
130	0.7049	0.6382	0.5058	0.6589	0.0637	0.8055	19.6000	0.0868	1459.0000	262.0000	0.1796	1462.0000
131	0.6911	0.6362	0.5018	0.7000	0.0676	0.8039	19.4000	0.1036	1420.0000	264.0000	0.1859	1422.0000
132	0.7161	0.6395	0.5054	0.6813	0.0675	0.8147	19.5000	0.1034	1433.0000	269.0000	0.1877	1435.0000
133	0.6916	0.6452	0.5127	0.6695	0.0663	0.8119	19.5000	0.1027	1513.0000	266.0000	0.1758	1515.0000
134	0.7025	0.6362	0.5084	0.7026	0.0691	0.8118	19.6000	0.0984	1416.0000	273.0000	0.1928	1418.0000
135	0.7088	0.6457	0.5061	0.6929	0.0671	0.8166	19.4000	0.1046	1424.0000	264.0000	0.1854	1427.0000
136	0.7059	0.6399	0.5129	0.6879	0.0697	0.8014	19.4000	0.1151	1396.0000	273.0000	0.1956	1398.0000
137	0.6829	0.6386	0.5090	0.6719	0.0677	0.8075	19.8000	0.0914	1539.0000	261.0000	0.1696	1541.0000
138	0.7238	0.6354	0.4990	0.6711	0.0674	0.8018	19.6000	0.1031	1440.0000	275.0000	0.1910	1442.0000
139	0.7045	0.6362	0.5017	0.6826	0.0657	0.8059	19.6000	0.1180	1425.0000	268.0000	0.1881	1427.0000
140	0.7263	0.6337	0.5043	0.6719	0.0703	0.8062	19.3000	0.0996	1427.0000	275.0000	0.1927	1429.0000
141	0.7379	0.6358	0.4954	0.6706	0.0673	0.7952	19.7000	0.1158	1436.0000	273.0000	0.1901	1438.0000
142	0.7278	0.6444	0.5088	0.6846	0.0697	0.8038	19.4000	0.1008	1426.0000	267.0000	0.1872	1428.0000
143	0.6886	0.6432	0.5118	0.6748	0.0684	0.8092	19.4000	0.0959	1531.0000	268.0000	0.1750	1533.0000
144	0.7066	0.6415	0.5125	0.6745	0.0701	0.7953	19.3000	0.1017	1408.0000	279.0000	0.1982	1410.0000
145	0.6899	0.6395	0.5102	0.6881	0.0699	0.8093	19.3000	0.0999	1463.0000	270.0000	0.1846	1465.0000
146	0.7075	0.6395	0.5152	0.6675	0.0686	0.8042	19.9000	0.1074	1502.0000	264.0000	0.1758	1504.0000
147	0.7114	0.6337	0.5037	0.6863	0.0622	0.8008	19.9000	0.1071	1456.0000	259.0000	0.1779	1458.0000
148	0.6857	0.6349	0.4947	0.6729	0.0719	0.7863	19.4000	0.1029	1372.0000	276.0000	0.2012	1374.0000
149	0.7076	0.6386	0.5130	0.6725	0.0697	0.7993	19.5000	0.1137	1519.0000	268.0000	0.1764	1521.0000
150	0.7045	0.6370	0.5108	0.6661	0.0697	0.8047	20.0000	0.1092	1433.0000	259.0000	0.1807	1435.0000
151	0.7144	0.6366	0.5036	0.6668	0.0687	0.8055	19.7000	0.1113	1463.0000	282.0000	0.1928	1465.0000
152	0.7065	0.6407	0.5073	0.6867	0.0677	0.8162	19.2000	0.0960	1448.0000	259.0000	0.1789	1450.0000
153	0.7195	0.6391	0.5091	0.6783	0.0690	0.8109	19.8000	0.1181	1503.0000	256.0000	0.1703	1505.0000
154	0.6927	0.6362	0.5023	0.6899	0.0658	0.8054	19.5000	0.0995	1395.0000	258.0000	0.1849	1397.0000
155	0.6853	0.6407	0.5108	0.6749	0.0713	0.8018	19.7000	0.0991	1461.0000	279.0000	0.1910	1463.0000
156	0.7303	0.6391	0.5015	0.6669	0.0654	0.8066	19.6000	0.1161	1473.0000	272.0000	0.1847	1475.0000
157	0.6982	0.6419	0.5113	0.6844	0.0683	0.8079	19.6000	0.0977	1450.0000	265.0000	0.1828	1452.0000
158	0.7017	0.6403	0.5023	0.7025	0.0689	0.8145	19.6000	0.1046	1444.0000	261.0000	0.1807	1449.0000
159	0.6920	0.6432	0.5118	0.6697	0.0677	0.8061	19.6000	0.1062	1471.0000	267.0000	0.1815	1473.0000
160	0.6745	0.6419	0.5090	0.6676	0.0682	0.8003	19.9000	0.1255	1500.0000	268.0000	0.1787	1502.0000
161	0.6772	0.6370	0.5031	0.6768	0.0698	0.8018	19.7000	0.1142	1465.0000	265.0000	0.1809	1467.0000
162	0.6993	0.6341	0.4941	0.6835	0.0682	0.7977	19.7000	0.1032	1408.0000	267.0000	0.1896	1410.0000
163	0.7048	0.6395	0.5014	0.6610	0.0687	0.8112	19.4000	0.1108	1480.0000	272.0000	0.1838	1482.0000
164	0.6949	0.6382	0.5018	0.6795	0.0675	0.8061	19.4000	0.1067	1461.0000	266.0000	0.1821	1463.0000
165	0.7314	0.6378	0.5103	0.6715	0.0689	0.8101	19.7000	0.0895	1430.0000	268.0000	0.1874	1432.0000
166	0.7349	0.6395	0.5099	0.6658	0.0654	0.8145	19.5000	0.1018	1427.0000	266.0000	0.1864	1429.0000
167	0.7120	0.6370	0.5089	0.6734	0.0679	0.8204	19.5000	0.1046	1446.0000	253.0000	0.1750	1448.0000
168	0.7222	0.6312	0.5013	0.6849	0.0669	0.8222	19.6000	0.1030	1409.0000	256.0000	0.1817	1411.0000
169	0.6852	0.6391	0.5056	0.6591	0.0671	0.7932	19.7000	0.1208	1450.0000	271.0000	0.1869	1452.0000
170	0.7044	0.6341	0.5061	0.6870	0.0676	0.8106	19.6000	0.1025	1441.0000	271.0000	0.1881	1443.0000
171	0.6985	0.6386	0.5049	0.6756	0.0677	0.8103	19.3000	0.1088	1450.0000	268.0000	0.1848	1452.0000
172	0.6951	0.6411	0.5043	0.6618	0.0695	0.8003	19.5000	0.1004	1510.0000	265.0000	0.1755	1512.0000
173	0.7147	0.6395	0.5115	0.6616	0.0689	0.8062	19.7000	0.1061	1501.0000	281.0000	0.1872	1503.0000
174	0.7095	0.6391	0.5088	0.6650	0.0658	0.8090	19.6000	0.1168	1469.0000	276.0000	0.1879	1471.0000
175	0.7119	0.6403	0.5115	0.6791	0.0712	0.8121	19.5000	0.0930	1473.0000	264.0000	0.1792	1475.0000
176	0.7150	0.6419	0.5013	0.6667	0.0690	0.8049	19.6000	0.1171	1410.0000	275.0000	0.1950	1412.0000
177	0.7018	0.6411	0.5040	0.6609	0.0701	0.7974	19.6000	0.1076	1448.0000	267.0000	0.1844	1450.0000
178	0.7170	0.6415	0.5049	0.6648	0.0697	0.8134	19.2000	0.1007	1460.0000	272.0000	0.1863	1462.0000
179	0.7016	0.6354	0.4925	0.6706	0.0669	0.8005	19.6000	0.1101	1450.0000	281.0000	0.1938	1452.0000
180	0.7066	0.6444	0.5079	0.6849	0.0676	0.8117	19.7000	0.1080	1432.0000	260.0000	0.1816	1434.0000
181	0.7067	0.6391	0.5042	0.6878	0.0683	0.8062	19.8000	0.0929	1433.0000	258.0000	0.1800	1435.0000
182	0.6915	0.6349	0.5058	0.6750	0.0678	0.7851	19.8000	0.1043	1429.0000	277.0000	0.1938	1431.0000
183	0.7235	0.6411	0.5016	0.6860	0.0665	0.8240	19.6000	0.1135	1413.0000	270.0000	0.1911	1415.0000
184	0.7002	0.6370	0.5124	0.6694	0.0651	0.8012	19.6000	0.1208	1457.0000	256.0000	0.1757	1459.0000
185	0.7271	0.6436	0.5096	0.6633	0.0649	0.8190	19.3000	0.0902	1470.0000	260.0000	0.1769	1472.0000
186	0.7220	0.6436	0.5094	0.6805	0.0675	0.8200	19.3000	0.0961	1471.0000	259.0000	0.1761	1475.0000
187	0.6853	0.6440	0.5115	0.6823	0.0684	0.8054	19.6000	0.1093	1446.0000	266.0000	0.1840	1449.0000
188	0.7021	0.6411	0.5082	0.6654	0.0668	0.8064	19.8000	0.1096	1488.0000	265.0000	0.1781	1490.0000
189	0.7191	0.6333	0.5045	0.6719	0.0677	0.8201	19.3000	0.1043	1432.0000	258.0000	0.1802	1434.0000
190	0.7061	0.6395	0.5100	0.6757	0.0692	0.7947	19.6000	0.1004	1481.0000	272.0000	0.1837	1484.0000
191	0.6972	0.6407	0.5061	0.6822	0.0666	0.8089	19.6000	0.1002	1415.0000	266.0000	0.1880	1417.0000
192	0.6848	0.6395	0.5063	0.6685	0.0685	0.8096	19.2000	0.0924	1524.0000	263.0000	0.1726	1526.0000
193	0.7174	0.6386	0.5020	0.6611	0.0688	0.8082	19.7000	0.1084	1481.0000	276.0000	0.1864	1483.0000
194	0.6940	0.6419	0.5072	0.6606	0.0691	0.7900	19.6000	0.0976	1511.0000	278.0000	0.1840	1513.0000
195	0.7232	0.6403	0.5079	0.6844	0.0688	0.8071	19.6000	0.1078	1491.0000	272.0000	0.1824	1494.0000
196	0.7163	0.6415	0.5209	0.6663	0.0728	0.8032	19.5000	0.1060	1456.0000	285.0000	0.1957	1458.0000
197	0.7450	0.6378	0.5029	0.6803	0.0690	0.8344	19.4000	0.0902	1468.0000	258.0000	0.1757	1470.0000
198	0.7306	0.6411	0.5058	0.6764	0.0688	0.8135	19.7000	0.0842	1499.0000	269.0000	0.1795	1502.0000
199	0.6895	0.6399	0.5112	0.6918	0.0696	0.8025	19.6000	0.0965	1526.0000	264.0000	0.1730	1528.0000
200	0.6740	0.6407	0.5019	0.6602	0.0658	0.8063	19.3000	0.1017	1484.0000	268.0000	0.1806	1486.0000
201	0.7247	0.6391	0.5090	0.6693	0.0696	0.8189	19.6000	0.0999	1425.0000	263.0000	0.1846	1427.0000
202	0.7048	0.6448	0.5087	0.6692	0.0689	0.8038	19.5000	0.1003	1448.0000	272.0000	0.1878	1451.0000
203	0.7122	0.6378	0.5078	0.6759	0.0664	0.8023	19.9000	0.1015	1411.0000	269.0000	0.1906	1413.0000
204	0.6937	0.6403	0.5062	0.6852	0.0660	0.8086	19.3000	0.1071	1452.0000	258.0000	0.1777	1454.0000
205	0.7340	0.6366	0.4969	0.6762	0.0667	0.8253	19.4000	0.1161	1455.0000	256.0000	0.1759	1461.0000
206	0.7085	0.6403	0.5106	0.6929	0.0687	0.7978	19.6000	0.1016	1468.0000	275.0000	0.1873	1470.0000
207	0.6998	0.6378	0.5015	0.6675	0.0659	0.7983	19.8000	0.1138	1402.0000	266.0000	0.1897	1404.0000
208	0.7189	0.6337	0.5054	0.6815	0.0672	0.8124	19.8000	0.0956	1447.0000	260.0000	0.1797	1449.0000
209	0.7066	0.6411	0.5061	0.6687	0.0661	0.8038	19.2000	0.1127	1523.0000	263.0000	0.1727	1525.0000
210	0.7194	0.6358	0.5058	0.6887	0.0657	0.8054	19.6000	0.1058	1397.0000	258.0000	0.1847	1406.0000
211	0.7179	0.6358	0.5078	0.6766	0.0634	0.8039	19.6000	0.1187	1384.0000	265.0000	0.1915	1389.0000
212	0.7148	0.6366	0.5076	0.6884	0.0692	0.8207	19.4000	0.0936	1406.0000	258.0000	0.1835	1408.0000
213	0.6981	0.6374	0.5054	0.6707	0.0703	0.7999	19.6000	0.1175	1512.0000	274.0000	0.1812	1514.0000
214	0.7101	0.6448	0.5089	0.6990	0.0679	0.8111	19.5000	0.1131	1449.0000	270.0000	0.1863	1451.0000
215	0.7256	0.6403	0.5088	0.6728	0.0694	0.8144	19.9000	0.1123	1446.0000	271.0000	0.1874	1449.0000
216	0.7261	0.6391	0.5101	0.6780	0.0674	0.8101	19.8000	0.0912	1429.0000	268.0000	0.1875	1431.0000
217	0.7019	0.6489	0.5201	0.6912	0.0694	0.8283	19.4000	0.1047	1470.0000	247.0000	0.1680	1472.0000
218	0.6869	0.6428	0.5028	0.6815	0.0680	0.7955	19.7000	0.0991	1496.0000	267.0000	0.1785	1498.0000
219	0.6811	0.6419	0.5063	0.6874	0.0675	0.8037	19.6000	0.1007	1478.0000	254.0000	0.1719	1480.0000
220	0.7124	0.6366	0.5109	0.6720	0.0684	0.8076	19.4000	0.1026	1371.0000	260.0000	0.1896	1373.0000
221	0.7008	0.6424	0.5121	0.6634	0.0702	0.7968	19.6000	0.1181	1529.0000	281.0000	0.1838	1531.0000
222	0.6852	0.6452	0.5203	0.6723	0.0703	0.8075	19.6000	0.1095	1495.0000	279.0000	0.1866	1497.0000
223	0.7331	0.6386	0.5079	0.6676	0.0667	0.8214	19.3000	0.1047	1525.0000	264.0000	0.1731	1527.0000
224	0.7153	0.6370	0.5061	0.6730	0.0656	0.8093	19.7000	0.1076	1476.0000	262.0000	0.1775	1478.0000
225	0.6878	0.6349	0.4965	0.6757	0.0646	0.8051	19.7000	0.1045	1461.0000	262.0000	0.1793	1463.0000
226	0.7185	0.6391	0.5043	0.6861	0.0712	0.7997	19.8000	0.0922	1486.0000	276.0000	0.1857	1488.0000
227	0.7152	0.6391	0.4999	0.6684	0.0627	0.8210	19.9000	0.0888	1475.0000	244.0000	0.1654	1477.0000
228	0.6993	0.6415	0.5110	0.6900	0.0660	0.8076	19.6000	0.1105	1442.0000	255.0000	0.1768	1444.0000
229	0.7126	0.6415	0.5129	0.6676	0.0693	0.7980	19.6000	0.0979	1513.0000	280.0000	0.1851	1515.0000
230	0.7251	0.6391	0.5064	0.6928	0.0673	0.8184	18.9000	0.1055	1436.0000	269.0000	0.1873	1439.0000
231	0.6994	0.6432	0.5142	0.6995	0.0715	0.8129	19.5000	0.0976	1464.0000	268.0000	0.1831	1466.0000
232	0.7053	0.6424	0.5172	0.6639	0.0657	0.8179	19.7000	0.0932	1490.0000	254.0000	0.1705	1492.0000
233	0.7036	0.6440	0.5109	0.7028	0.0730	0.8148	19.4000	0.0887	1465.0000	270.0000	0.1843	1467.0000
234	0.6788	0.6428	0.5041	0.6698	0.0685	0.8185	19.2000	0.1138	1496.0000	263.0000	0.1758	1498.0000
235	0.6832	0.6428	0.5076	0.6606	0.0678	0.8116	19.4000	0.0876	1551.0000	253.0000	0.1631	1553.0000
236	0.7078	0.6354	0.5085	0.6647	0.0674	0.8052	19.3000	0.1230	1424.0000	264.0000	0.1854	1426.0000
237	0.7061	0.6415	0.5055	0.6635	0.0702	0.8104	19.6000	0.0909	1501.0000	260.0000	0.1732	1504.0000
238	0.7042	0.6382	0.5022	0.6806	0.0693	0.8006	19.4000	0.1088	1431.0000	262.0000	0.1831	1433.0000
239	0.7220	0.6378	0.5081	0.6806	0.0634	0.8219	19.3000	0.0969	1494.0000	244.0000	0.1633	1499.0000
240	0.7084	0.6411	0.5210	0.6778	0.0681	0.8100	19.4000	0.0977	1472.0000	261.0000	0.1773	1474.0000
241	0.7110	0.6424	0.5171	0.6822	0.0681	0.8118	19.5000	0.0889	1481.0000	264.0000	0.1783	1483.0000
242	0.7091	0.6374	0.5053	0.6637	0.0668	0.8047	19.6000	0.1070	1456.0000	269.0000	0.1848	1458.0000
243	0.7159	0.6461	0.5056	0.6795	0.0671	0.8044	19.8000	0.1146	1480.0000	270.0000	0.1824	1483.0000
244	0.7278	0.6341	0.5006	0.6594	0.0678	0.8042	19.7000	0.1072	1455.0000	275.0000	0.1890	1457.0000
245	0.6914	0.6403	0.5063	0.6945	0.0655	0.8089	19.4000	0.1004	1457.0000	259.0000	0.1778	1459.0000
246	0.7144	0.6428	0.5088	0.6764	0.0690	0.8072	19.3000	0.1035	1470.0000	279.0000	0.1898	1472.0000
247	0.7001	0.6378	0.5056	0.6743	0.0691	0.8045	19.4000	0.0907	1471.0000	262.0000	0.1781	1473.0000
248	0.7185	0.6366	0.5082	0.6800	0.0708	0.8089	19.7000	0.0964	1476.0000	272.0000	0.1843	1478.0000
249	0.7268	0.6378	0.5148	0.6878	0.0654	0.8166	19.6000	0.1052	1443.0000	252.0000	0.1746	1445.0000
250	0.7014	0.6391	0.5047	0.6740	0.0684	0.8063	19.5000	0.1155	1478.0000	267.0000	0.1806	1481.0000
251	0.7082	0.6461	0.5029	0.6773	0.0696	0.7958	19.3000	0.1084	1486.0000	276.0000	0.1857	1488.0000
252	0.6920	0.6428	0.5100	0.6857	0.0695	0.7998	19.5000	0.1056	1445.0000	269.0000	0.1862	1447.0000
253	0.7079	0.6366	0.5057	0.6937	0.0656	0.8117	19.5000	0.1158	1444.0000	253.0000	0.1752	1446.0000
254	0.7280	0.6362	0.5076	0.6888	0.0671	0.8170	19.4000	0.1132	1389.0000	254.0000	0.1829	1391.0000
255	0.7065	0.6366	0.5064	0.6683	0.0667	0.8227	19.3000	0.1026	1484.0000	256.0000	0.1725	1486.0000
256	0.7246	0.6399	0.5038	0.6661	0.0665	0.8132	19.5000	0.1009	1413.0000	256.0000	0.1812	1415.0000
257	0.7108	0.6399	0.5114	0.6763	0.0697	0.7979	19.6000	0.0971	1439.0000	273.0000	0.1897	1441.0000
258	0.6796	0.6424	0.5063	0.6806	0.0704	0.7988	19.6000	0.0991	1508.0000	272.0000	0.1804	1510.0000
259	0.7284	0.6403	0.5103	0.6750	0.0709	0.8156	19.6000	0.0979	1548.0000	264.0000	0.1705	1550.0000
260	0.7102	0.6337	0.5038	0.6716	0.0646	0.7999	19.1000	0.0961	1441.0000	252.0000	0.1749	1443.0000
261	0.7167	0.6358	0.5025	0.6658	0.0682	0.8034	19.6000	0.1139	1437.0000	274.0000	0.1907	1439.0000
262	0.6998	0.6325	0.5021	0.6662	0.0654	0.8060	19.3000	0.1096	1417.0000	261.0000	0.1842	1419.0000
263	0.7162	0.6411	0.5034	0.6922	0.0677	0.8350	19.4000	0.0932	1395.0000	240.0000	0.1720	1398.0000
264	0.6961	0.6407	0.5187	0.6701	0.0699	0.8082	19.7000	0.1040	1502.0000	276.0000	0.1838	1506.0000
265	0.7113	0.6374	0.5078	0.6573	0.0652	0.7984	19.5000	0.1001	1452.0000	265.0000	0.1825	1454.0000
266	0.6843	0.6325	0.5021	0.6629	0.0682	0.8077	19.6000	0.1030	1432.0000	257.0000	0.1795	1434.0000
267	0.7028	0.6473	0.5080	0.6758	0.0715	0.8006	19.7000	0.1174	1475.0000	280.0000	0.1898	1477.0000
268	0.7024	0.6349	0.5047	0.6744	0.0684	0.8052	19.3000	0.0932	1447.0000	264.0000	0.1824	1449.0000
269	0.6864	0.6358	0.5036	0.6875	0.0659	0.7966	19.3000	0.1071	1456.0000	265.0000	0.1820	1460.0000
270	0.6748	0.6432	0.5068	0.6661	0.0736	0.8005	19.4000	0.0943	1497.0000	275.0000	0.1837	1499.0000
271	0.7046	0.6354	0.4998	0.6810	0.0676	0.8048	19.5000	0.1138	1417.0000	271.0000	0.1912	1419.0000
272	0.6596	0.6411	0.5056	0.6784	0.0704	0.7882	19.8000	0.1304	1430.0000	285.0000	0.1993	1432.0000
273	0.7089	0.6419	0.5075	0.6682	0.0689	0.8150	19.8000	0.0927	1489.0000	259.0000	0.1739	1492.0000
274	0.6929	0.6457	0.5117	0.6765	0.0672	0.8110	19.6000	0.1007	1513.0000	254.0000	0.1679	1515.0000
275	0.6851	0.6424	0.5078	0.6718	0.0695	0.8128	19.4000	0.0911	1462.0000	265.0000	0.1813	1464.0000
276	0.7178	0.6391	0.5103	0.6764	0.0681	0.8064	19.3000	0.1157	1453.0000	277.0000	0.1906	1459.0000
277	0.6811	0.6395	0.5074	0.6619	0.0666	0.7996	19.6000	0.1022	1483.0000	263.0000	0.1773	1486.0000
278	0.6967	0.6415	0.5118	0.6649	0.0687	0.8052	19.5000	0.1147	1460.0000	275.0000	0.1884	1462.0000
279	0.6885	0.6358	0.5121	0.6786	0.0692	0.8004	19.5000	0.1013	1457.0000	270.0000	0.1853	1459.0000
280	0.7269	0.6440	0.5139	0.6594	0.0669	0.8223	19.8000	0.0981	1528.0000	256.0000	0.1675	1530.0000
281	0.6974	0.6366	0.5065	0.6901	0.0687	0.7958	19.4000	0.1082	1417.0000	274.0000	0.1934	1419.0000
282	0.7262	0.6403	0.5123	0.6781	0.0699	0.8094	19.6000	0.1031	1434.0000	276.0000	0.1925	1436.0000
283	0.7163	0.6378	0.5041	0.6606	0.0707	0.7962	19.4000	0.1125	1479.0000	285.0000	0.1927	1481.0000
284	0.6768	0.6349	0.5007	0.6695	0.0664	0.8051	19.7000	0.1010	1480.0000	267.0000	0.1804	1482.0000
285	0.7313	0.6411	0.5104	0.6792	0.0643	0.8146	19.6000	0.1063	1477.0000	260.0000	0.1760	1479.0000
286	0.6910	0.6374	0.4949	0.6787	0.0637	0.8215	19.8000	0.1146	1480.0000	258.0000	0.1743	1484.0000
287	0.7366	0.6399	0.5110	0.6658	0.0692	0.8126	19.7000	0.0944	1435.0000	272.0000	0.1895	1437.0000
288	0.6961	0.6325	0.5000	0.6739	0.0671	0.7986	19.4000	0.1023	1474.0000	270.0000	0.1832	1476.0000
289	0.6943	0.6403	0.5037	0.6617	0.0699	0.8068	19.7000	0.0955	1479.0000	274.0000	0.1853	1481.0000
290	0.7006	0.6407	0.5082	0.6930	0.0715	0.8149	19.7000	0.0939	1498.0000	267.0000	0.1782	1500.0000
291	0.6951	0.6411	0.5091	0.6895	0.0682	0.8149	19.6000	0.1133	1439.0000	271.0000	0.1883	1441.0000
292	0.6920	0.6403	0.5014	0.6497	0.0676	0.7963	19.7000	0.1087	1485.0000	272.0000	0.1832	1487.0000
293	0.7149	0.6378	0.5072	0.6962	0.0688	0.8236	19.5000	0.0935	1406.0000	256.0000	0.1821	1408.0000
294	0.7228	0.6403	0.5005	0.6606	0.0682	0.8074	19.5000	0.0978	1454.0000	260.0000	0.1788	1456.0000
295	0.6729	0.6362	0.5054	0.6660	0.0663	0.7968	19.8000	0.1038	1425.0000	261.0000	0.1832	1427.0000
296	0.6710	0.6374	0.5073	0.6808	0.0688	0.8088	19.6000	0.0947	1458.0000	261.0000	0.1790	1460.0000
297	0.7202	0.6411	0.5032	0.6692	0.0665	0.8212	19.4000	0.0847	1433.0000	272.0000	0.1898	1436.0000
298	0.6828	0.6358	0.4935	0.6621	0.0660	0.8068	19.4000	0.1086	1429.0000	256.0000	0.1791	1432.0000
299	0.7209	0.6407	0.5045	0.6901	0.0677	0.8221	19.4000	0.0876	1462.0000	248.0000	0.1696	1465.0000
300	0.6783	0.6378	0.5129	0.6487	0.0679	0.8007	19.5000	0.0956	1541.0000	267.0000	0.1733	1543.0000
301	0.6841	0.6448	0.5137	0.6764	0.0696	0.8000	19.4000	0.1284	1463.0000	268.0000	0.1832	1465.0000
302	0.7086	0.6403	0.4999	0.6681	0.0673	0.8045	19.7000	0.0906	1506.0000	272.0000	0.1806	1509.0000
303	0.7101	0.6407	0.5124	0.6727	0.0696	0.7966	19.5000	0.1128	1467.0000	271.0000	0.1847	1469.0000
304	0.7245	0.6399	0.5025	0.6732	0.0698	0.8151	19.4000	0.1020	1490.0000	269.0000	0.1805	1492.0000
305	0.6889	0.6354	0.5080	0.6790	0.0686	0.7870	19.6000	0.1224	1375.0000	269.0000	0.1956	1377.0000
306	0.7056	0.6411	0.5114	0.6834	0.0700	0.7978	19.8000	0.1004	1455.0000	265.0000	0.1821	1457.0000
307	0.6901	0.6407	0.5120	0.7034	0.0692	0.8097	19.5000	0.1105	1480.0000	258.0000	0.1743	1484.0000
308	0.6992	0.6358	0.5077	0.6740	0.0682	0.8082	19.1000	0.1077	1431.0000	248.0000	0.1733	1433.0000
309	0.6915	0.6378	0.5097	0.6945	0.0673	0.8053	19.6000	0.0963	1411.0000	264.0000	0.1871	1413.0000
310	0.7039	0.6399	0.5097	0.6672	0.0666	0.8104	19.7000	0.1062	1501.0000	274.0000	0.1825	1503.0000
311	0.7107	0.6345	0.5043	0.6798	0.0651	0.8038	19.5000	0.1072	1463.0000	266.0000	0.1818	1465.0000
312	0.7115	0.6366	0.4989	0.6861	0.0678	0.8191	19.6000	0.0994	1409.0000	258.0000	0.1831	1411.0000
313	0.7271	0.6452	0.5090	0.6556	0.0638	0.8105	19.7000	0.0998	1513.0000	262.0000	0.1732	1521.0000
314	0.7267	0.6424	0.5052	0.6645	0.0674	0.8109	19.3000	0.0867	1503.0000	266.0000	0.1770	1505.0000
315	0.7177	0.6415	0.5035	0.6888	0.0650	0.8225	19.7000	0.0890	1485.0000	256.0000	0.1724	1490.0000
316	0.7324	0.6337	0.5129	0.6782	0.0653	0.8196	19.3000	0.1036	1491.0000	253.0000	0.1697	1494.0000
317	0.6973	0.6358	0.5065	0.6760	0.0700	0.7917	19.4000	0.1066	1477.0000	273.0000	0.1848	1479.0000
318	0.6849	0.6436	0.5003	0.6871	0.0699	0.7985	19.7000	0.1073	1441.0000	271.0000	0.1881	1443.0000
319	0.7026	0.6403	0.5030	0.6571	0.0727	0.8028	19.7000	0.1147	1530.0000	283.0000	0.1850	1532.0000
320	0.7079	0.6391	0.5015	0.6830	0.0686	0.8062	19.6000	0.1036	1424.0000	260.0000	0.1826	1426.0000
321	0.7118	0.6415	0.5046	0.6803	0.0698	0.7909	19.8000	0.1110	1436.0000	288.0000	0.2006	1438.0000
322	0.7113	0.6395	0.4994	0.6830	0.0656	0.8067	19.7000	0.0971	1451.0000	265.0000	0.1826	1454.0000
323	0.6771	0.6415	0.5069	0.6928	0.0680	0.8079	19.6000	0.1030	1516.0000	271.0000	0.1788	1518.0000
324	0.6789	0.6399	0.5035	0.6735	0.0668	0.8006	19.4000	0.1256	1432.0000	269.0000	0.1878	1434.0000
325	0.7194	0.6374	0.4953	0.6743	0.0645	0.8136	19.7000	0.1256	1371.0000	257.0000	0.1875	1373.0000
326	0.6845	0.6403	0.5155	0.6900	0.0680	0.8015	19.5000	0.1040	1473.0000	262.0000	0.1779	1475.0000
327	0.6639	0.6349	0.5090	0.6597	0.0650	0.7949	19.1000	0.1051	1478.0000	260.0000	0.1759	1480.0000
328	0.7359	0.6452	0.5108	0.6764	0.0716	0.8145	19.7000	0.1047	1523.0000	280.0000	0.1838	1528.0000
329	0.7290	0.6366	0.5042	0.6819	0.0682	0.8141	19.8000	0.0948	1432.0000	259.0000	0.1809	1435.0000
330	0.7348	0.6411	0.5021	0.6603	0.0675	0.8204	19.1000	0.0938	1480.0000	249.0000	0.1682	1482.0000
331	0.6866	0.6329	0.4998	0.6857	0.0646	0.8119	19.7000	0.1114	1391.0000	265.0000	0.1905	1393.0000
332	0.7115	0.6399	0.5114	0.6778	0.0684	0.8115	19.4000	0.0972	1440.0000	266.0000	0.1847	1442.0000
333	0.6940	0.6457	0.5156	0.6676	0.0680	0.8086	19.6000	0.1210	1516.0000	260.0000	0.1715	1522.0000
334	0.7264	0.6378	0.5010	0.6831	0.0676	0.8098	19.5000	0.0992	1452.0000	261.0000	0.1798	1454.0000
335	0.7202	0.6440	0.5128	0.6811	0.0701	0.8123	19.2000	0.1127	1449.0000	264.0000	0.1822	1451.0000
336	0.7185	0.6386	0.5086	0.6689	0.0656	0.8107	19.5000	0.0969	1457.0000	263.0000	0.1805	1462.0000
337	0.6892	0.6395	0.5087	0.6828	0.0674	0.8075	19.8000	0.1057	1513.0000	272.0000	0.1798	1515.0000
338	0.7117	0.6419	0.5082	0.6854	0.0680	0.8139	19.6000	0.0906	1470.0000	253.0000	0.1721	1472.0000
339	0.6977	0.6362	0.5049	0.6867	0.0688	0.8056	19.2000	0.0930	1489.0000	265.0000	0.1780	1491.0000
340	0.7189	0.6374	0.5119	0.6832	0.0666	0.8107	19.4000	0.1267	1467.0000	268.0000	0.1827	1471.0000
341	0.7344	0.6378	0.5062	0.6620	0.0670	0.8138	19.6000	0.0900	1465.0000	274.0000	0.1870	1467.0000
342	0.7008	0.6415	0.5095	0.6732	0.0675	0.8007	19.4000	0.0891	1460.0000	270.0000	0.1849	1462.0000
343	0.7276	0.6358	0.4879	0.6788	0.0678	0.8073	19.4000	0.1039	1468.0000	278.0000	0.1894	1471.0000
344	0.7055	0.6374	0.5067	0.6799	0.0692	0.7993	19.6000	0.0864	1434.0000	277.0000	0.1932	1436.0000
345	0.6638	0.6399	0.5093	0.6993	0.0690	0.7990	19.6000	0.1193	1433.0000	260.0000	0.1814	1435.0000
346	0.7098	0.6436	0.5092	0.6803	0.0681	0.8089	19.7000	0.1037	1439.0000	269.0000	0.1869	1441.0000
347	0.7030	0.6349	0.5040	0.6846	0.0661	0.8071	19.6000	0.0960	1397.0000	257.0000	0.1840	1400.0000
348	0.7175	0.6399	0.5115	0.6805	0.0701	0.8139	19.7000	0.0981	1427.0000	275.0000	0.1927	1429.0000
349	0.7141	0.6333	0.4970	0.6794	0.0637	0.8037	19.5000	0.1005	1492.0000	264.0000	0.1769	1496.0000
350	0.6731	0.6366	0.4978	0.6728	0.0651	0.7962	19.8000	0.1084	1477.0000	271.0000	0.1835	1479.0000
351	0.6866	0.6411	0.5143	0.6799	0.0681	0.8111	19.6000	0.0986	1486.0000	254.0000	0.1709	1488.0000
352	0.6802	0.6374	0.5023	0.6927	0.0692	0.8013	19.4000	0.1023	1410.0000	267.0000	0.1894	1412.0000
353	0.7229	0.6370	0.5066	0.6675	0.0670	0.8043	19.3000	0.0888	1502.0000	264.0000	0.1758	1504.0000
354	0.7393	0.6407	0.5065	0.6432	0.0672	0.8013	19.5000	0.0960	1509.0000	285.0000	0.1889	1511.0000
355	0.6845	0.6391	0.5010	0.6722	0.0662	0.8039	19.7000	0.1101	1415.0000	259.0000	0.1830	1417.0000
356	0.7254	0.6366	0.5043	0.6762	0.0626	0.8098	19.4000	0.0947	1434.0000	268.0000	0.1869	1436.0000
357	0.7104	0.6403	0.5073	0.6589	0.0685	0.8031	19.7000	0.1104	1495.0000	268.0000	0.1793	1497.0000
358	0.7565	0.6374	0.5029	0.6838	0.0678	0.8170	19.6000	0.0816	1395.0000	266.0000	0.1907	1398.0000
359	0.7073	0.6382	0.5098	0.6611	0.0698	0.8033	19.7000	0.0963	1477.0000	281.0000	0.1903	1479.0000
360	0.6723	0.6411	0.4988	0.6805	0.0631	0.7997	19.8000	0.1118	1429.0000	260.0000	0.1819	1431.0000
361	0.7043	0.6349	0.5087	0.6821	0.0697	0.8081	19.7000	0.0959	1531.0000	266.0000	0.1737	1533.0000
362	0.7281	0.6395	0.5039	0.6734	0.0670	0.8104	19.8000	0.0912	1492.0000	260.0000	0.1743	1494.0000
363	0.6831	0.6321	0.4927	0.6654	0.0635	0.7968	19.4000	0.1078	1422.0000	261.0000	0.1835	1424.0000
364	0.7347	0.6399	0.5011	0.6698	0.0670	0.8032	19.6000	0.1077	1477.0000	273.0000	0.1848	1480.0000
365	0.7185	0.6382	0.5006	0.6773	0.0701	0.8053	19.5000	0.1089	1478.0000	275.0000	0.1861	1480.0000
366	0.6998	0.6362	0.5094	0.6763	0.0668	0.8057	19.7000	0.1020	1527.0000	268.0000	0.1755	1529.0000
367	0.7026	0.6312	0.5033	0.6723	0.0623	0.8169	19.9000	0.0987	1460.0000	252.0000	0.1726	1463.0000
368	0.7150	0.6403	0.5097	0.6914	0.0658	0.8242	19.5000	0.1008	1396.0000	255.0000	0.1827	1399.0000
369	0.6799	0.6399	0.5145	0.6689	0.0662	0.8021	19.6000	0.1049	1480.0000	262.0000	0.1770	1482.0000
370	0.6845	0.6411	0.5123	0.6855	0.0676	0.8071	19.4000	0.1197	1433.0000	263.0000	0.1835	1437.0000
371	0.6925	0.6395	0.5042	0.6834	0.0686	0.7990	19.4000	0.1166	1445.0000	261.0000	0.1806	1448.0000
372	0.7037	0.6337	0.5035	0.6721	0.0678	0.8087	19.2000	0.0995	1455.0000	249.0000	0.1711	1457.0000
373	0.7094	0.6391	0.5048	0.6835	0.0683	0.8083	19.5000	0.1028	1490.0000	271.0000	0.1819	1492.0000
374	0.6887	0.6325	0.5010	0.6839	0.0682	0.8103	19.4000	0.0975	1405.0000	255.0000	0.1815	1407.0000
375	0.7094	0.6337	0.5048	0.6683	0.0662	0.8080	19.6000	0.1168	1469.0000	276.0000	0.1879	1471.0000
376	0.6710	0.6366	0.5002	0.6704	0.0686	0.7939	19.5000	0.0964	1479.0000	274.0000	0.1853	1481.0000
377	0.6816	0.6386	0.5013	0.6749	0.0668	0.7955	19.4000	0.1041	1483.0000	274.0000	0.1848	1485.0000
378	0.6864	0.6391	0.5109	0.6837	0.0656	0.8060	19.4000	0.0869	1491.0000	258.0000	0.1730	1494.0000
379	0.7147	0.6386	0.5002	0.6723	0.0679	0.8224	19.4000	0.1061	1444.0000	268.0000	0.1856	1448.0000
380	0.6923	0.6366	0.5066	0.6727	0.0674	0.8134	19.6000	0.0985	1460.0000	267.0000	0.1829	1462.0000
381	0.7088	0.6436	0.5134	0.6778	0.0706	0.8096	19.2000	0.0952	1458.0000	263.0000	0.1804	1460.0000
382	0.7343	0.6407	0.5066	0.6594	0.0664	0.8088	19.4000	0.1053	1428.0000	266.0000	0.1863	1431.0000
383	0.7031	0.6399	0.5061	0.6497	0.0661	0.8112	19.4000	0.0872	1506.0000	271.0000	0.1799	1508.0000
384	0.7059	0.6415	0.5117	0.6743	0.0658	0.7976	19.6000	0.1335	1436.0000	279.0000	0.1943	1438.0000
385	0.7163	0.6366	0.5090	0.6826	0.0655	0.7971	19.8000	0.0983	1418.0000	262.0000	0.1848	1420.0000
386	0.7429	0.6366	0.5062	0.6623	0.0689	0.7897	19.1000	0.1038	1439.0000	275.0000	0.1911	1441.0000
387	0.7010	0.6461	0.5103	0.6820	0.0726	0.7935	19.5000	0.1248	1458.0000	281.0000	0.1927	1460.0000
388	0.7061	0.6407	0.5071	0.6528	0.0646	0.8064	19.8000	0.0880	1473.0000	264.0000	0.1792	1475.0000
389	0.7092	0.6349	0.5076	0.6845	0.0686	0.8069	19.4000	0.1017	1502.0000	266.0000	0.1771	1504.0000
390	0.7169	0.6444	0.5122	0.6885	0.0653	0.8209	19.6000	0.0884	1470.0000	249.0000	0.1694	1475.0000
391	0.7101	0.6411	0.5007	0.6751	0.0684	0.8071	19.1000	0.1033	1399.0000	258.0000	0.1844	1401.0000
392	0.7091	0.6403	0.5024	0.6737	0.0687	0.8092	19.7000	0.0951	1404.0000	271.0000	0.1930	1406.0000
393	0.6986	0.6366	0.5088	0.6979	0.0703	0.8162	19.4000	0.0999	1475.0000	255.0000	0.1729	1477.0000
394	0.7369	0.6432	0.5103	0.6855	0.0696	0.8212	19.6000	0.0793	1506.0000	260.0000	0.1726	1508.0000
395	0.7144	0.6374	0.5055	0.6806	0.0648	0.8122	19.7000	0.1212	1425.0000	257.0000	0.1804	1428.0000
396	0.7198	0.6374	0.4984	0.6906	0.0659	0.8175	19.4000	0.1131	1427.0000	257.0000	0.1801	1430.0000
397	0.6881	0.6378	0.5062	0.6853	0.0694	0.8057	19.3000	0.1147	1458.0000	267.0000	0.1831	1460.0000
398	0.7329	0.6378	0.5053	0.6964	0.0669	0.8259	19.3000	0.0907	1468.0000	255.0000	0.1737	1470.0000
399	0.6649	0.6481	0.5132	0.6927	0.0702	0.8156	19.6000	0.1041	1434.0000	260.0000	0.1813	1436.0000
400	0.7404	0.6370	0.5035	0.6854	0.0636	0.8192	19.3000	0.1003	1480.0000	246.0000	0.1662	1482.0000
401	0.7187	0.6354	0.5033	0.6968	0.0650	0.8185	19.3000	0.1138	1427.0000	246.0000	0.1724	1429.0000
402	0.7353	0.6419	0.5065	0.6635	0.0699	0.8145	19.6000	0.1044	1491.0000	269.0000	0.1804	1493.0000
403	0.6933	0.6374	0.5013	0.6787	0.0679	0.8048	19.3000	0.1084	1423.0000	264.0000	0.1855	1425.0000
404	0.7160	0.6399	0.5029	0.6548	0.0684	0.8223	19.3000	0.0978	1486.0000	260.0000	0.1750	1488.0000
405	0.7088	0.6448	0.5097	0.6469	0.0698	0.8154	19.4000	0.0918	1481.0000	276.0000	0.1864	1483.0000
406	0.7092	0.6411	0.5093	0.6705	0.0677	0.8033	19.7000	0.1074	1463.0000	276.0000	0.1887	1466.0000
407	0.7411	0.6415	0.5124	0.6683	0.0678	0.8102	19.0000	0.1027	1446.0000	265.0000	0.1833	1448.0000
408	0.7195	0.6386	0.5119	0.6775	0.0673	0.8205	19.5000	0.0861	1469.0000	253.0000	0.1722	1471.0000
409	0.7095	0.6374	0.5037	0.6776	0.0700	0.8156	19.5000	0.0987	1460.0000	266.0000	0.1822	1462.0000
410	0.6739	0.6428	0.5077	0.6726	0.0674	0.8039	19.2000	0.0957	1504.0000	262.0000	0.1742	1506.0000
411	0.6816	0.6436	0.5082	0.6824	0.0712	0.8008	19.8000	0.1006	1423.0000	279.0000	0.1961	1425.0000
412	0.7434	0.6374	0.5034	0.7011	0.0680	0.8179	19.2000	0.0887	1501.0000	269.0000	0.1792	1503.0000
413	0.7144	0.6432	0.5156	0.6909	0.0695	0.8069	19.8000	0.1087	1494.0000	270.0000	0.1807	1496.0000
414	0.6871	0.6399	0.5115	0.6738	0.0677	0.8024	19.8000	0.1088	1507.0000	285.0000	0.1891	1509.0000
415	0.6783	0.6362	0.5063	0.6562	0.0681	0.7973	19.5000	0.1041	1472.0000	269.0000	0.1827	1474.0000
416	0.7261	0.6403	0.5076	0.6840	0.0694	0.8129	19.6000	0.0924	1460.0000	271.0000	0.1856	1462.0000
417	0.7012	0.6419	0.5105	0.6738	0.0674	0.8060	19.5000	0.0954	1473.0000	268.0000	0.1819	1475.0000
418	0.7383	0.6370	0.5051	0.6739	0.0655	0.8125	19.6000	0.1003	1466.0000	265.0000	0.1808	1469.0000
419	0.7176	0.6399	0.5053	0.6933	0.0644	0.8170	19.6000	0.1134	1417.0000	250.0000	0.1764	1419.0000
420	0.7193	0.6444	0.5064	0.6608	0.0654	0.8118	19.8000	0.1082	1436.0000	272.0000	0.1894	1438.0000
421	0.7214	0.6448	0.5066	0.6817	0.0734	0.8064	19.7000	0.0857	1500.0000	276.0000	0.1840	1502.0000
422	0.7340	0.6341	0.4970	0.6806	0.0668	0.8219	19.3000	0.0858	1440.0000	258.0000	0.1792	1442.0000
423	0.6971	0.6407	0.5068	0.6783	0.0659	0.8021	19.6000	0.1005	1477.0000	267.0000	0.1808	1481.0000
424	0.7493	0.6362	0.5043	0.6789	0.0697	0.8199	19.5000	0.0829	1475.0000	263.0000	0.1783	1477.0000
425	0.6998	0.6399	0.5060	0.6814	0.0689	0.8217	19.9000	0.0984	1503.0000	255.0000	0.1697	1507.0000
426	0.7130	0.6424	0.5097	0.6783	0.0659	0.8079	19.6000	0.1005	1392.0000	257.0000	0.1846	1394.0000
427	0.7000	0.6349	0.5041	0.6687	0.0680	0.8086	19.4000	0.1000	1462.0000	271.0000	0.1854	1464.0000
428	0.6974	0.6403	0.5068	0.6792	0.0702	0.8116	19.7000	0.1022	1434.0000	263.0000	0.1834	1436.0000
429	0.7184	0.6403	0.5038	0.6812	0.0665	0.8305	19.5000	0.0955	1421.0000	255.0000	0.1795	1423.0000
430	0.6853	0.6386	0.5074	0.6656	0.0667	0.8094	19.5000	0.0920	1472.0000	263.0000	0.1787	1474.0000
431	0.7015	0.6403	0.5005	0.6584	0.0714	0.7944	19.4000	0.1015	1436.0000	282.0000	0.1964	1438.0000
432	0.6934	0.6395	0.5096	0.6684	0.0666	0.8135	19.5000	0.1082	1498.0000	261.0000	0.1742	1500.0000
433	0.7011	0.6399	0.5083	0.6695	0.0685	0.8183	19.4000	0.1013	1441.0000	260.0000	0.1804	1443.0000
434	0.6802	0.6391	0.5061	0.6745	0.0695	0.7974	19.8000	0.1007	1431.0000	271.0000	0.1894	1433.0000
435	0.7283	0.6345	0.4990	0.6895	0.0631	0.8266	19.7000	0.0996	1474.0000	251.0000	0.1703	1477.0000
436	0.6850	0.6362	0.5075	0.6688	0.0633	0.8113	19.6000	0.1031	1504.0000	248.0000	0.1649	1506.0000
437	0.7114	0.6321	0.4905	0.6884	0.0627	0.8091	19.6000	0.1008	1419.0000	244.0000	0.1720	1421.0000
438	0.6863	0.6386	0.5085	0.6807	0.0715	0.8116	19.8000	0.1015	1489.0000	276.0000	0.1854	1491.0000
439	0.6837	0.6432	0.5114	0.6870	0.0668	0.8131	19.5000	0.1048	1495.0000	265.0000	0.1773	1497.0000
440	0.7557	0.6452	0.5067	0.6746	0.0684	0.8083	19.8000	0.1030	1484.0000	271.0000	0.1826	1487.0000
441	0.7438	0.6358	0.4992	0.6661	0.0637	0.8132	19.4000	0.1074	1473.0000	258.0000	0.1752	1475.0000
442	0.6921	0.6399	0.5029	0.6731	0.0666	0.8016	19.6000	0.1002	1490.0000	262.0000	0.1758	1492.0000
443	0.7052	0.6354	0.5015	0.6773	0.0648	0.8123	19.5000	0.1013	1438.0000	252.0000	0.1752	1440.0000
444	0.7152	0.6407	0.5097	0.6700	0.0690	0.8088	19.4000	0.1156	1498.0000	257.0000	0.1716	1500.0000
445	0.7106	0.6370	0.5106	0.6746	0.0682	0.8046	19.4000	0.0872	1543.0000	265.0000	0.1717	1545.0000
446	0.7079	0.6370	0.4963	0.6648	0.0692	0.8077	19.4000	0.1053	1509.0000	279.0000	0.1849	1512.0000
447	0.7304	0.6354	0.5040	0.6899	0.0652	0.8274	19.5000	0.0992	1381.0000	254.0000	0.1839	1386.0000
448	0.6831	0.6370	0.5120	0.6718	0.0689	0.8051	19.5000	0.1055	1476.0000	266.0000	0.1802	1478.0000
449	0.7023	0.6378	0.5007	0.6641	0.0655	0.8096	19.4000	0.1125	1464.0000	265.0000	0.1810	1466.0000
450	0.7091	0.6386	0.5017	0.6610	0.0676	0.8042	19.5000	0.0924	1438.0000	268.0000	0.1864	1440.0000
451	0.7146	0.6366	0.5033	0.6836	0.0666	0.8124	19.4000	0.0918	1453.0000	257.0000	0.1769	1455.0000
452	0.7279	0.6382	0.5118	0.6777	0.0675	0.8344	19.3000	0.0892	1483.0000	248.0000	0.1672	1485.0000
453	0.7094	0.6366	0.5080	0.6853	0.0631	0.8167	19.4000	0.0999	1481.0000	245.0000	0.1654	1483.0000
454	0.6658	0.6399	0.5136	0.6707	0.0703	0.8051	19.5000	0.0929	1463.0000	272.0000	0.1859	1465.0000
455	0.6993	0.6407	0.5091	0.6517	0.0690	0.7901	19.2000	0.1120	1515.0000	280.0000	0.1848	1517.0000
456	0.7042	0.6403	0.5134	0.6655	0.0651	0.7949	19.5000	0.0962	1513.0000	258.0000	0.1705	1515.0000
457	0.7081	0.6391	0.5047	0.6941	0.0668	0.8005	19.5000	0.1007	1417.0000	264.0000	0.1863	1419.0000
458	0.7189	0.6382	0.5101	0.6820	0.0672	0.8110	19.7000	0.0966	1448.0000	256.0000	0.1768	1451.0000
459	0.6893	0.6374	0.5052	0.6699	0.0697	0.7871	19.6000	0.0868	1489.0000	277.0000	0.1860	1491.0000
460	0.7066	0.6304	0.4994	0.6810	0.0642	0.8046	19.3000	0.1012	1460.0000	255.0000	0.1747	1463.0000
461	0.7257	0.6444	0.5083	0.6712	0.0661	0.8175	19.8000	0.0970	1532.0000	254.0000	0.1658	1534.0000
462	0.7086	0.6300	0.4951	0.6912	0.0702	0.8178	19.7000	0.0916	1410.0000	261.0000	0.1851	1412.0000
463	0.6953	0.6386	0.5074	0.6823	0.0667	0.7970	19.7000	0.0987	1425.0000	265.0000	0.1860	1427.0000
464	0.7038	0.6465	0.5096	0.6757	0.0687	0.8075	19.4000	0.0983	1540.0000	280.0000	0.1818	1542.0000
465	0.7224	0.6325	0.4948	0.6643	0.0620	0.8151	19.6000	0.0870	1445.0000	249.0000	0.1723	1447.0000
466	0.7176	0.6362	0.5053	0.6781	0.0670	0.8035	19.6000	0.0915	1470.0000	274.0000	0.1864	1472.0000
467	0.7018	0.6391	0.5073	0.6697	0.0657	0.8102	19.7000	0.1053	1463.0000	258.0000	0.1763	1465.0000
468	0.6971	0.6370	0.5080	0.6841	0.0656	0.8073	19.9000	0.0995	1467.0000	253.0000	0.1725	1472.0000
469	0.7116	0.6407	0.5049	0.6573	0.0689	0.8052	19.6000	0.0937	1450.0000	267.0000	0.1841	1452.0000
470	0.6984	0.6403	0.5140	0.6680	0.0678	0.8173	19.4000	0.0979	1471.0000	256.0000	0.1740	1473.0000
471	0.7397	0.6341	0.5062	0.6791	0.0694	0.8123	19.5000	0.0992	1459.0000	272.0000	0.1864	1461.0000
472	0.7156	0.6403	0.5034	0.6756	0.0679	0.8182	19.5000	0.0977	1430.0000	262.0000	0.1832	1434.0000
473	0.7167	0.6407	0.5026	0.6748	0.0686	0.7923	19.6000	0.1080	1448.0000	274.0000	0.1892	1450.0000
474	0.7078	0.6436	0.5115	0.6721	0.0655	0.8106	19.6000	0.1022	1477.0000	253.0000	0.1713	1479.0000
475	0.7212	0.6366	0.4966	0.6685	0.0676	0.8062	19.4000	0.1059	1467.0000	272.0000	0.1854	1469.0000
476	0.7017	0.6432	0.5096	0.6964	0.0687	0.8081	19.7000	0.1097	1463.0000	270.0000	0.1846	1465.0000
477	0.7069	0.6469	0.5150	0.6649	0.0678	0.8073	19.2000	0.0799	1485.0000	268.0000	0.1805	1487.0000
478	0.7094	0.6395	0.5088	0.6784	0.0687	0.8196	19.7000	0.1070	1382.0000	259.0000	0.1874	1384.0000
479	0.7205	0.6395	0.5006	0.6795	0.0635	0.8203	19.4000	0.1030	1484.0000	261.0000	0.1759	1488.0000
480	0.7119	0.6428	0.4971	0.6751	0.0667	0.8048	19.7000	0.1210	1459.0000	260.0000	0.1782	1461.0000
481	0.7204	0.6424	0.5131	0.7023	0.0683	0.8272	19.5000	0.0997	1438.0000	247.0000	0.1718	1442.0000
482	0.7050	0.6325	0.5008	0.6645	0.0665	0.8074	19.5000	0.1070	1487.0000	269.0000	0.1809	1489.0000
483	0.7229	0.6419	0.5098	0.6821	0.0697	0.8223	19.6000	0.1036	1476.0000	269.0000	0.1822	1478.0000
484	0.6985	0.6395	0.5095	0.6665	0.0695	0.8115	19.7000	0.1002	1445.0000	267.0000	0.1848	1447.0000
485	0.6906	0.6432	0.5045	0.6624	0.0724	0.7964	19.6000	0.1107	1510.0000	285.0000	0.1887	1512.0000
486	0.7108	0.6411	0.5133	0.6696	0.0700	0.8141	19.6000	0.0997	1485.0000	269.0000	0.1811	1487.0000
487	0.6750	0.6411	0.5153	0.6620	0.0673	0.8074	19.4000	0.0868	1502.0000	281.0000	0.1871	1504.0000
488	0.6813	0.6345	0.5056	0.6807	0.0644	0.8071	19.5000	0.1036	1532.0000	260.0000	0.1697	1540.0000
489	0.6935	0.6395	0.5039	0.6743	0.0686	0.8123	19.6000	0.1101	1433.0000	268.0000	0.1870	1435.0000
490	0.7373	0.6370	0.5070	0.6670	0.0662	0.8115	19.5000	0.1075	1503.0000	267.0000	0.1776	1505.0000
491	0.7152	0.6432	0.5066	0.6731	0.0655	0.8127	19.5000	0.0960	1473.0000	257.0000	0.1745	1475.0000
492	0.7050	0.6345	0.5078	0.6723	0.0702	0.8146	19.7000	0.0918	1493.0000	265.0000	0.1775	1495.0000
493	0.6675	0.6366	0.5098	0.6695	0.0624	0.8164	19.7000	0.1065	1454.0000	241.0000	0.1657	1457.0000
494	0.7067	0.6341	0.5047	0.6792	0.0654	0.8058	19.7000	0.0986	1432.0000	266.0000	0.1858	1434.0000
495	0.7428	0.6452	0.5095	0.6773	0.0705	0.8019	19.5000	0.0898	1425.0000	273.0000	0.1916	1427.0000
496	0.7063	0.6424	0.5117	0.6826	0.0700	0.8110	19.3000	0.1027	1460.0000	266.0000	0.1822	1462.0000
497	0.7045	0.6358	0.4977	0.6525	0.0682	0.7994	19.4000	0.1007	1468.0000	268.0000	0.1826	1470.0000
498	0.7258	0.6395	0.5101	0.7083	0.0674	0.8121	19.7000	0.0928	1452.0000	273.0000	0.1880	1456.0000
499	0.7450	0.6407	0.5112	0.6757	0.0662	0.8129	19.7000	0.0877	1487.0000	264.0000	0.1775	1489.0000
500	0.7254	0.6440	0.5162	0.6714	0.0713	0.8118	19.4000	0.0876	1487.0000	271.0000	0.1822	1489.0000
501	0.7258	0.6452	0.5124	0.6816	0.0690	0.8074	19.6000	0.1049	1447.0000	267.0000	0.1845	1450.0000
502	0.7482	0.6415	0.5119	0.6711	0.0689	0.8106	19.4000	0.0920	1453.0000	267.0000	0.1838	1455.0000
503	0.6769	0.6428	0.5074	0.6825	0.0686	0.8059	19.6000	0.1030	1454.0000	259.0000	0.1781	1456.0000
504	0.7104	0.6386	0.5059	0.7132	0.0664	0.8156	19.8000	0.1031	1445.0000	261.0000	0.1806	1447.0000
505	0.7005	0.6411	0.5160	0.6809	0.0685	0.8011	19.7000	0.1169	1500.0000	264.0000	0.1760	1502.0000
506	0.7510	0.6382	0.5033	0.6950	0.0672	0.8313	19.5000	0.1048	1403.0000	251.0000	0.1789	1409.0000
507	0.7035	0.6378	0.4974	0.6911	0.0692	0.8123	19.7000	0.0948	1474.0000	263.0000	0.1784	1476.0000
508	0.7122	0.6341	0.5039	0.6773	0.0639	0.8160	19.9000	0.0949	1418.0000	248.0000	0.1749	1421.0000
509	0.6950	0.6407	0.5059	0.6782	0.0676	0.7976	19.6000	0.1280	1459.0000	271.0000	0.1857	1461.0000
510	0.7077	0.6432	0.5013	0.6697	0.0672	0.8173	19.4000	0.1049	1505.0000	267.0000	0.1774	1508.0000
511	0.7185	0.6370	0.5069	0.6876	0.0711	0.8089	19.4000	0.0935	1429.0000	253.0000	0.1770	1431.0000
512	0.7078	0.6399	0.5062	0.6830	0.0699	0.8043	19.8000	0.1042	1466.0000	271.0000	0.1849	1468.0000
513	0.7094	0.6391	0.5054	0.6785	0.0643	0.8129	19.6000	0.1064	1487.0000	255.0000	0.1715	1489.0000
514	0.6958	0.6362	0.5087	0.6944	0.0648	0.8122	19.8000	0.0953	1499.0000	247.0000	0.1648	1501.0000
515	0.7134	0.6432	0.5071	0.6627	0.0693	0.8102	19.2000	0.1027	1501.0000	272.0000	0.1812	1503.0000
516	0.7040	0.6366	0.5051	0.6785	0.0684	0.8094	19.6000	0.1173	1427.0000	261.0000	0.1829	1429.0000
517	0.7207	0.6349	0.5009	0.6616	0.0697	0.7957	19.4000	0.1103	1448.0000	278.0000	0.1920	1450.0000
518	0.7210	0.6366	0.4950	0.6946	0.0659	0.8185	19.5000	0.1005	1394.0000	247.0000	0.1772	1397.0000
519	0.6870	0.6432	0.5195	0.6590	0.0679	0.8175	19.4000	0.0922	1485.0000	249.0000	0.1677	1487.0000
520	0.6926	0.6411	0.5152	0.6927	0.0712	0.8262	19.8000	0.0915	1536.0000	256.0000	0.1667	1538.0000
521	0.7226	0.6358	0.5091	0.6758	0.0665	0.8006	19.5000	0.1196	1451.0000	270.0000	0.1861	1453.0000
522	0.6839	0.6395	0.5056	0.6858	0.0687	0.8115	19.5000	0.1018	1439.0000	268.0000	0.1862	1441.0000
523	0.7328	0.6432	0.5111	0.6646	0.0695	0.8150	19.6000	0.1003	1468.0000	271.0000	0.1846	1470.0000
524	0.6992	0.6382	0.5046	0.6877	0.0655	0.8081	19.5000	0.1085	1494.0000	260.0000	0.1740	1496.0000
525	0.6947	0.6354	0.5000	0.6714	0.0683	0.8088	19.4000	0.1034	1428.0000	275.0000	0.1926	1430.0000
526	0.7051	0.6407	0.5082	0.6661	0.0702	0.8042	19.9000	0.1129	1460.0000	272.0000	0.1863	1462.0000
527	0.7139	0.6370	0.5038	0.6686	0.0679	0.8167	19.7000	0.0973	1457.0000	266.0000	0.1826	1459.0000
528	0.7277	0.6370	0.5094	0.6898	0.0704	0.8209	19.7000	0.0981	1450.0000	265.0000	0.1828	1452.0000
529	0.7169	0.6362	0.5038	0.6664	0.0714	0.8214	19.6000	0.0932	1437.0000	264.0000	0.1837	1439.0000
530	0.7169	0.6362	0.4926	0.6761	0.0679	0.8264	19.4000	0.0975	1438.0000	255.0000	0.1773	1440.0000
531	0.6708	0.6424	0.5085	0.6576	0.0700	0.8046	19.4000	0.1089	1454.0000	270.0000	0.1857	1456.0000
532	0.7241	0.6399	0.5064	0.6904	0.0701	0.8153	19.5000	0.0991	1418.0000	263.0000	0.1855	1420.0000
533	0.6854	0.6354	0.5087	0.6802	0.0696	0.8010	19.7000	0.1054	1427.0000	274.0000	0.1920	1429.0000
534	0.6752	0.6378	0.5087	0.6566	0.0687	0.7986	19.5000	0.0995	1491.0000	278.0000	0.1865	1493.0000
535	0.7033	0.6395	0.5119	0.6879	0.0670	0.8031	19.4000	0.1116	1394.0000	262.0000	0.1879	1397.0000
536	0.7189	0.6399	0.5066	0.6637	0.0681	0.8076	19.3000	0.0918	1509.0000	275.0000	0.1822	1511.0000
537	0.7274	0.6391	0.5066	0.6651	0.0667	0.8156	19.7000	0.1008	1501.0000	272.0000	0.1812	1506.0000
538	0.7052	0.6403	0.5031	0.7030	0.0667	0.8165	19.8000	0.0955	1477.0000	249.0000	0.1686	1479.0000
539	0.6967	0.6382	0.5073	0.6782	0.0677	0.8072	19.3000	0.0973	1462.0000	253.0000	0.1731	1464.0000
540	0.7097	0.6378	0.5061	0.6717	0.0662	0.8088	19.8000	0.0895	1430.0000	270.0000	0.1888	1432.0000
541	0.7211	0.6337	0.5019	0.6819	0.0665	0.8247	19.1000	0.0943	1456.0000	253.0000	0.1738	1458.0000
542	0.7167	0.6448	0.5085	0.6634	0.0674	0.8046	19.4000	0.1053	1460.0000	260.0000	0.1781	1462.0000
543	0.7440	0.6465	0.5103	0.6813	0.0665	0.8125	19.5000	0.1052	1500.0000	268.0000	0.1787	1502.0000
544	0.6884	0.6415	0.5060	0.6824	0.0715	0.8057	19.7000	0.1139	1506.0000	274.0000	0.1819	1508.0000
545	0.7253	0.6370	0.5033	0.6551	0.0676	0.8048	19.5000	0.0922	1501.0000	267.0000	0.1779	1503.0000
546	0.6962	0.6395	0.5095	0.6704	0.0672	0.7975	19.5000	0.0986	1489.0000	262.0000	0.1760	1491.0000
547	0.7013	0.6362	0.4996	0.6932	0.0681	0.8048	19.4000	0.1116	1446.0000	276.0000	0.1909	1451.0000
548	0.6841	0.6391	0.5061	0.6739	0.0687	0.7916	19.6000	0.1229	1422.0000	282.0000	0.1983	1424.0000
549	0.6883	0.6386	0.5078	0.6742	0.0700	0.7965	19.4000	0.1042	1473.0000	268.0000	0.1819	1475.0000
550	0.6976	0.6407	0.5010	0.6557	0.0688	0.8001	19.9000	0.0975	1524.0000	275.0000	0.1804	1526.0000
551	0.7334	0.6411	0.5145	0.6758	0.0689	0.7975	19.6000	0.1090	1441.0000	282.0000	0.1957	1445.0000
552	0.7286	0.6415	0.5094	0.6495	0.0679	0.8132	19.5000	0.0901	1486.0000	272.0000	0.1830	1490.0000
553	0.6975	0.6366	0.5066	0.6861	0.0705	0.8016	19.4000	0.1129	1417.0000	273.0000	0.1927	1419.0000
554	0.7251	0.6395	0.5110	0.6896	0.0672	0.8174	19.4000	0.0986	1467.0000	266.0000	0.1813	1469.0000
555	0.7119	0.6424	0.5152	0.6709	0.0699	0.8021	19.9000	0.0995	1523.0000	273.0000	0.1793	1525.0000
556	0.6948	0.6415	0.5057	0.6626	0.0695	0.8049	19.6000	0.1145	1480.0000	278.0000	0.1878	1482.0000
557	0.7365	0.6374	0.5086	0.6965	0.0691	0.8105	19.7000	0.0942	1394.0000	256.0000	0.1836	1397.0000
558	0.7177	0.6366	0.5066	0.6567	0.0666	0.8252	19.6000	0.0824	1459.0000	257.0000	0.1761	1461.0000
559	0.7169	0.6378	0.5030	0.6638	0.0670	0.8170	19.5000	0.1045	1454.0000	260.0000	0.1788	1456.0000
560	0.7065	0.6436	0.5130	0.6571	0.0666	0.8027	19.7000	0.1046	1431.0000	270.0000	0.1887	1436.0000
561	0.7020	0.6415	0.5127	0.6819	0.0642	0.8126	19.4000	0.1076	1481.0000	257.0000	0.1735	1484.0000
562	0.6841	0.6354	0.5072	0.6913	0.0690	0.8055	19.5000	0.1129	1471.0000	253.0000	0.1720	1473.0000
563	0.6938	0.6391	0.5080	0.6646	0.0661	0.7978	19.0000	0.1138	1420.0000	266.0000	0.1873	1423.0000
564	0.7217	0.6349	0.5048	0.6677	0.0631	0.8066	19.7000	0.1193	1386.0000	264.0000	0.1905	1389.0000
565	0.6961	0.6378	0.5104	0.6920	0.0674	0.8037	19.6000	0.0997	1438.0000	259.0000	0.1801	1440.0000
566	0.7360	0.6358	0.5071	0.6961	0.0662	0.8074	19.7000	0.1044	1441.0000	259.0000	0.1797	1444.0000
567	0.7241	0.6378	0.5046	0.6808	0.0706	0.8002	19.6000	0.1015	1417.0000	266.0000	0.1877	1419.0000
568	0.7206	0.6362	0.5145	0.6884	0.0662	0.8286	19.6000	0.0933	1462.0000	246.0000	0.1683	1469.0000
569	0.7002	0.6349	0.5028	0.6866	0.0663	0.7967	19.8000	0.1022	1406.0000	276.0000	0.1963	1408.0000
570	0.7341	0.6370	0.5088	0.6857	0.0670	0.8191	19.8000	0.0919	1436.0000	260.0000	0.1811	1438.0000
571	0.7096	0.6391	0.5005	0.6688	0.0667	0.8230	19.8000	0.0908	1487.0000	257.0000	0.1728	1489.0000
572	0.6896	0.6407	0.5160	0.6840	0.0669	0.8000	19.5000	0.1225	1405.0000	275.0000	0.1957	1407.0000
573	0.7382	0.6403	0.5082	0.6704	0.0697	0.8225	19.6000	0.0903	1461.0000	263.0000	0.1800	1463.0000
574	0.7044	0.6424	0.5030	0.6918	0.0682	0.8205	19.6000	0.0956	1417.0000	254.0000	0.1793	1419.0000
575	0.7364	0.6473	0.5132	0.6770	0.0677	0.8194	19.6000	0.0939	1472.0000	269.0000	0.1827	1474.0000
576	0.7150	0.6461	0.5191	0.6710	0.0700	0.8147	19.8000	0.1012	1480.0000	278.0000	0.1878	1482.0000
577	0.6998	0.6382	0.4966	0.6752	0.0705	0.8059	19.4000	0.1040	1498.0000	268.0000	0.1789	1500.0000
578	0.7006	0.6382	0.5034	0.6698	0.0649	0.8089	19.4000	0.1034	1411.0000	258.0000	0.1828	1413.0000
579	0.7183	0.6403	0.5099	0.6642	0.0685	0.8125	19.6000	0.1062	1518.0000	269.0000	0.1772	1520.0000
580	0.7208	0.6370	0.5017	0.6838	0.0678	0.8054	19.5000	0.1029	1412.0000	264.0000	0.1870	1414.0000
581	0.7063	0.6374	0.5105	0.6877	0.0679	0.8095	19.2000	0.1005	1510.0000	266.0000	0.1762	1512.0000
582	0.6979	0.6354	0.4966	0.6875	0.0647	0.8089	19.7000	0.0969	1434.0000	262.0000	0.1827	1437.0000
583	0.7258	0.6428	0.5043	0.6823	0.0689	0.8138	19.8000	0.0975	1430.0000	261.0000	0.1825	1432.0000
584	0.7059	0.6374	0.5017	0.6642	0.0685	0.8077	19.5000	0.1080	1420.0000	270.0000	0.1901	1422.0000
585	0.7220	0.6378	0.5078	0.6812	0.0742	0.8054	19.7000	0.0885	1433.0000	270.0000	0.1884	1435.0000
586	0.7045	0.6395	0.5036	0.6737	0.0687	0.8109	19.3000	0.0921	1510.0000	269.0000	0.1781	1512.0000
587	0.7282	0.6378	0.5060	0.6758	0.0652	0.8081	19.4000	0.0952	1443.0000	267.0000	0.1850	1446.0000
588	0.6825	0.6329	0.5041	0.6682	0.0670	0.7978	19.5000	0.1108	1427.0000	265.0000	0.1857	1429.0000
589	0.6781	0.6419	0.5102	0.7032	0.0666	0.7968	19.9000	0.1122	1450.0000	266.0000	0.1834	1452.0000
590	0.6995	0.6378	0.5053	0.6950	0.0688	0.8014	19.6000	0.1054	1459.0000	264.0000	0.1809	1461.0000
591	0.6939	0.6378	0.4996	0.6620	0.0690	0.7956	19.7000	0.1205	1417.0000	272.0000	0.1920	1419.0000
592	0.7095	0.6395	0.5052	0.6975	0.0670	0.8080	19.5000	0.1042	1461.0000	262.0000	0.1793	1465.0000
593	0.7098	0.6370	0.4960	0.6862	0.0690	0.8030	19.4000	0.1120	1403.0000	274.0000	0.1953	1405.0000
594	0.6995	0.6391	0.5073	0.6739	0.0659	0.8190	19.5000	0.1001	1470.0000	254.0000	0.1728	1472.0000
595	0.7195	0.6395	0.5118	0.6792	0.0641	0.8130	19.8000	0.0956	1470.0000	252.0000	0.1714	1473.0000
596	0.6978	0.6407	0.5156	0.6944	0.0721	0.8096	19.5000	0.1275	1380.0000	272.0000	0.1971	1382.0000
597	0.7161	0.6436	0.5182	0.6855	0.0672	0.8272	19.2000	0.1033	1416.0000	242.0000	0.1709	1418.0000
598	0.6726	0.6337	0.5053	0.6660	0.0669	0.7942	19.5000	0.1183	1515.0000	267.0000	0.1762	1517.0000
599	0.6832	0.6366	0.5018	0.6634	0.0644	0.7897	19.5000	0.1203	1403.0000	265.0000	0.1889	1405.0000
600	0.7007	0.6370	0.5097	0.6877	0.0676	0.8065	19.5000	0.1024	1433.0000	246.0000	0.1717	1435.0000
601	0.7093	0.6391	0.5013	0.6845	0.0671	0.8038	19.9000	0.1130	1468.0000	280.0000	0.1907	1470.0000
602	0.7018	0.6382	0.5086	0.6599	0.0688	0.8218	19.8000	0.1032	1458.0000	253.0000	0.1735	1460.0000
603	0.6934	0.6415	0.5030	0.6659	0.0665	0.7973	19.7000	0.1147	1484.0000	261.0000	0.1759	1486.0000
604	0.6778	0.6382	0.5100	0.6634	0.0643	0.8046	19.7000	0.1126	1481.0000	267.0000	0.1803	1484.0000
605	0.7080	0.6411	0.5160	0.6632	0.0683	0.8166	19.8000	0.0941	1495.0000	266.0000	0.1779	1497.0000
606	0.7030	0.6349	0.5072	0.6679	0.0634	0.8161	19.5000	0.0936	1515.0000	261.0000	0.1723	1520.0000
607	0.7345	0.6374	0.5078	0.6775	0.0689	0.8100	19.4000	0.1040	1464.0000	264.0000	0.1803	1467.0000
608	0.7187	0.6424	0.5092	0.6747	0.0679	0.8082	19.7000	0.0892	1537.0000	261.0000	0.1698	1539.0000
609	0.7031	0.6415	0.5112	0.6554	0.0657	0.8021	19.6000	0.1039	1465.0000	282.0000	0.1925	1467.0000
610	0.7296	0.6407	0.5042	0.6898	0.0658	0.8181	19.5000	0.1085	1441.0000	245.0000	0.1700	1444.0000
611	0.7122	0.6362	0.5109	0.6788	0.0667	0.8218	19.4000	0.1046	1459.0000	256.0000	0.1755	1461.0000
612	0.7025	0.6403	0.5179	0.6724	0.0694	0.7982	19.4000	0.1144	1464.0000	270.0000	0.1844	1468.0000
613	0.6736	0.6415	0.5107	0.6778	0.0700	0.7927	19.4000	0.1247	1395.0000	274.0000	0.1964	1397.0000
614	0.7029	0.6386	0.5073	0.6772	0.0669	0.8129	19.7000	0.1154	1486.0000	256.0000	0.1723	1488.0000
615	0.7059	0.6366	0.5010	0.6938	0.0673	0.8038	19.6000	0.1094	1417.0000	264.0000	0.1863	1419.0000
616	0.7212	0.6366	0.5030	0.6654	0.0654	0.8113	19.6000	0.1131	1479.0000	260.0000	0.1758	1481.0000
617	0.6933	0.6419	0.5008	0.6789	0.0676	0.8106	19.4000	0.0899	1446.0000	261.0000	0.1805	1448.0000
618	0.6993	0.6419	0.5076	0.6874	0.0694	0.7986	19.8000	0.0999	1422.0000	269.0000	0.1892	1424.0000
619	0.7192	0.6382	0.5119	0.6575	0.0688	0.8201	19.4000	0.0965	1499.0000	277.0000	0.1848	1501.0000
620	0.7104	0.6386	0.5182	0.6607	0.0693	0.8040	19.5000	0.1018	1551.0000	276.0000	0.1779	1553.0000
621	0.7041	0.6370	0.5102	0.6795	0.0669	0.8189	19.5000	0.0936	1470.0000	251.0000	0.1707	1472.0000
622	0.6904	0.6341	0.5009	0.6757	0.0644	0.8052	19.8000	0.1050	1405.0000	248.0000	0.1765	1409.0000
623	0.7021	0.6407	0.5080	0.6761	0.0673	0.8219	19.5000	0.1006	1504.0000	256.0000	0.1702	1506.0000
624	0.6995	0.6391	0.5107	0.6817	0.0684	0.8156	19.4000	0.1039	1466.0000	253.0000	0.1726	1470.0000
625	0.6953	0.6382	0.5046	0.6679	0.0680	0.8146	19.5000	0.1117	1472.0000	262.0000	0.1780	1474.0000
626	0.7177	0.6382	0.5036	0.6807	0.0652	0.8125	19.6000	0.1030	1534.0000	260.0000	0.1695	1536.0000
627	0.6713	0.6436	0.5127	0.6809	0.0671	0.8079	19.7000	0.1024	1505.0000	260.0000	0.1728	1507.0000
628	0.7328	0.6391	0.5018	0.6821	0.0708	0.8171	19.4000	0.0967	1441.0000	265.0000	0.1839	1443.0000
629	0.7132	0.6374	0.5036	0.6875	0.0665	0.8133	19.8000	0.0998	1509.0000	260.0000	0.1723	1511.0000
630	0.7162	0.6354	0.5074	0.6804	0.0673	0.8162	19.7000	0.1108	1468.0000	269.0000	0.1832	1473.0000
631	0.7298	0.6411	0.5088	0.6710	0.0651	0.8157	19.5000	0.1098	1447.0000	261.0000	0.1804	1449.0000
632	0.6905	0.6415	0.5054	0.6718	0.0652	0.8025	19.2000	0.1131	1420.0000	256.0000	0.1803	1423.0000
633	0.7173	0.6444	0.5124	0.6754	0.0680	0.8131	19.9000	0.0983	1482.0000	269.0000	0.1815	1484.0000
634	0.7096	0.6444	0.5125	0.6796	0.0680	0.8065	19.7000	0.1044	1470.0000	257.0000	0.1748	1474.0000
635	0.7246	0.6354	0.5029	0.6983	0.0659	0.8137	18.9000	0.0961	1386.0000	258.0000	0.1861	1388.0000
636	0.7079	0.6349	0.4948	0.6759	0.0701	0.8087	19.6000	0.1086	1456.0000	280.0000	0.1923	1458.0000
637	0.7091	0.6415	0.5067	0.6637	0.0713	0.8045	19.4000	0.1017	1458.0000	258.0000	0.1770	1460.0000
638	0.7290	0.6403	0.5038	0.6967	0.0646	0.8154	19.6000	0.0932	1476.0000	244.0000	0.1653	1478.0000
639	0.7090	0.6432	0.5162	0.6875	0.0666	0.8111	19.3000	0.1056	1483.0000	249.0000	0.1679	1485.0000
640	0.6944	0.6419	0.5043	0.6658	0.0702	0.7949	19.6000	0.1001	1527.0000	267.0000	0.1749	1529.0000
641	0.7275	0.6391	0.5130	0.6719	0.0665	0.7999	19.6000	0.1017	1469.0000	265.0000	0.1804	1472.0000
642	0.7114	0.6411	0.5060	0.6917	0.0671	0.8126	19.6000	0.0811	1485.0000	256.0000	0.1724	1487.0000
643	0.7103	0.6349	0.5074	0.6822	0.0674	0.8038	19.7000	0.1115	1406.0000	274.0000	0.1949	1408.0000
644	0.7149	0.6407	0.5146	0.6788	0.0702	0.7981	19.5000	0.1041	1492.0000	274.0000	0.1836	1494.0000
645	0.7032	0.6391	0.5026	0.6751	0.0680	0.7863	19.7000	0.1188	1460.0000	265.0000	0.1815	1462.0000
646	0.7109	0.6382	0.5075	0.6862	0.0641	0.8232	19.3000	0.0924	1511.0000	257.0000	0.1701	1513.0000
647	0.7162	0.6419	0.5017	0.6793	0.0684	0.8048	19.8000	0.1008	1455.0000	258.0000	0.1773	1457.0000
648	0.7181	0.6374	0.5051	0.6876	0.0700	0.8141	19.6000	0.1064	1492.0000	258.0000	0.1729	1494.0000
649	0.7166	0.6415	0.5068	0.6870	0.0679	0.8095	19.3000	0.1143	1428.0000	272.0000	0.1905	1431.0000
650	0.7362	0.6432	0.4980	0.6640	0.0686	0.8195	19.7000	0.0885	1461.0000	265.0000	0.1814	1463.0000
651	0.7112	0.6316	0.4937	0.6778	0.0634	0.8074	19.5000	0.0946	1463.0000	250.0000	0.1709	1465.0000
652	0.7094	0.6325	0.5022	0.6697	0.0647	0.8134	19.5000	0.0956	1480.0000	263.0000	0.1777	1484.0000
653	0.7180	0.6424	0.5091	0.7027	0.0669	0.8102	19.5000	0.1101	1431.0000	261.0000	0.1824	1434.0000
654	0.7325	0.6354	0.5015	0.6727	0.0645	0.8099	19.7000	0.0874	1400.0000	265.0000	0.1893	1402.0000
655	0.7064	0.6374	0.5101	0.7010	0.0682	0.8206	19.7000	0.1097	1464.0000	257.0000	0.1755	1469.0000
656	0.7190	0.6411	0.5137	0.7053	0.0677	0.8076	19.8000	0.0859	1403.0000	255.0000	0.1818	1406.0000
657	0.6598	0.6415	0.5153	0.6976	0.0706	0.8108	19.6000	0.1134	1437.0000	253.0000	0.1761	1439.0000
658	0.6935	0.6395	0.4940	0.6875	0.0669	0.8017	19.4000	0.1022	1427.0000	253.0000	0.1773	1429.0000
659	0.7116	0.6382	0.5048	0.6710	0.0655	0.7964	19.5000	0.1084	1426.0000	272.0000	0.1907	1428.0000
660	0.7080	0.6424	0.5079	0.6719	0.0657	0.8111	19.6000	0.1057	1502.0000	266.0000	0.1771	1504.0000
661	0.6939	0.6424	0.5097	0.6920	0.0693	0.8050	19.4000	0.1066	1469.0000	267.0000	0.1818	1471.0000
662	0.6856	0.6436	0.5008	0.6720	0.0698	0.8132	19.8000	0.1123	1417.0000	271.0000	0.1912	1419.0000
663	0.7353	0.6341	0.5025	0.6786	0.0647	0.8190	19.4000	0.0898	1471.0000	248.0000	0.1686	1473.0000
664	0.7087	0.6419	0.5125	0.6788	0.0691	0.7970	19.5000	0.0986	1481.0000	271.0000	0.1830	1483.0000
665	0.7349	0.6374	0.4997	0.6913	0.0666	0.8200	19.6000	0.1027	1382.0000	254.0000	0.1838	1384.0000
666	0.7223	0.6403	0.5071	0.6783	0.0703	0.7937	19.8000	0.1050	1431.0000	282.0000	0.1971	1433.0000
667	0.7134	0.6370	0.5103	0.6561	0.0720	0.7976	19.2000	0.0902	1481.0000	276.0000	0.1864	1483.0000
668	0.6953	0.6403	0.5080	0.6661	0.0674	0.8066	19.7000	0.1086	1479.0000	264.0000	0.1785	1481.0000
669	0.7286	0.6386	0.5103	0.6732	0.0691	0.8132	19.7000	0.1020	1500.0000	270.0000	0.1800	1502.0000
670	0.7125	0.6378	0.5085	0.6904	0.0684	0.8205	19.1000	0.0917	1423.0000	255.0000	0.1792	1425.0000
671	0.7232	0.6358	0.5054	0.6733	0.0668	0.8150	19.2000	0.0958	1445.0000	264.0000	0.1827	1447.0000
672	0.7191	0.6428	0.5070	0.6939	0.0668	0.8241	19.7000	0.1023	1453.0000	256.0000	0.1762	1455.0000
673	0.7192	0.6386	0.4978	0.6850	0.0680	0.8039	19.3000	0.1102	1416.0000	274.0000	0.1935	1420.0000
674	0.7055	0.6341	0.4987	0.6890	0.0666	0.8102	19.6000	0.1155	1391.0000	262.0000	0.1884	1393.0000
675	0.7027	0.6395	0.5108	0.6727	0.0689	0.8056	19.8000	0.1151	1420.0000	265.0000	0.1866	1422.0000
676	0.7016	0.6403	0.4952	0.7011	0.0684	0.8063	19.7000	0.1071	1372.0000	269.0000	0.1961	1377.0000
677	0.6802	0.6407	0.5042	0.6684	0.0668	0.7921	19.7000	0.1304	1420.0000	278.0000	0.1958	1422.0000
678	0.6962	0.6386	0.5112	0.7023	0.0696	0.8196	19.3000	0.0909	1499.0000	261.0000	0.1741	1501.0000
679	0.7174	0.6366	0.5063	0.6583	0.0655	0.8123	19.5000	0.0955	1493.0000	259.0000	0.1735	1495.0000
680	0.7070	0.6370	0.5003	0.6559	0.0673	0.8061	19.7000	0.1069	1443.0000	264.0000	0.1830	1445.0000
681	0.6954	0.6424	0.5069	0.6928	0.0649	0.8187	19.6000	0.0989	1461.0000	252.0000	0.1725	1464.0000
682	0.6925	0.6395	0.5089	0.6839	0.0665	0.8165	19.5000	0.1122	1442.0000	254.0000	0.1761	1444.0000
683	0.6956	0.6436	0.5103	0.6819	0.0683	0.8103	20.0000	0.0937	1516.0000	263.0000	0.1735	1518.0000
684	0.7124	0.6432	0.5111	0.6792	0.0652	0.8166	19.6000	0.1040	1445.0000	241.0000	0.1668	1456.0000
685	0.6866	0.6440	0.5181	0.6700	0.0698	0.8136	19.6000	0.0949	1514.0000	266.0000	0.1757	1516.0000
686	0.7047	0.6407	0.5059	0.6648	0.0691	0.8021	19.6000	0.0996	1481.0000	273.0000	0.1843	1483.0000
687	0.7286	0.6358	0.5100	0.7069	0.0712	0.8078	19.7000	0.1011	1382.0000	273.0000	0.1975	1384.0000
688	0.6898	0.6391	0.5069	0.6744	0.0695	0.8156	19.3000	0.1108	1506.0000	269.0000	0.1786	1509.0000
689	0.7084	0.6415	0.5064	0.6769	0.0710	0.8017	19.7000	0.1132	1429.0000	286.0000	0.2001	1431.0000
690	0.6964	0.6399	0.5113	0.6783	0.0683	0.8058	19.7000	0.1024	1487.0000	268.0000	0.1802	1489.0000
691	0.7397	0.6391	0.5046	0.6860	0.0632	0.8228	19.8000	0.0991	1431.0000	253.0000	0.1768	1433.0000
692	0.7169	0.6386	0.5036	0.6832	0.0708	0.7955	19.4000	0.0949	1449.0000	289.0000	0.1994	1451.0000
693	0.6983	0.6411	0.5160	0.6805	0.0690	0.8063	19.8000	0.1146	1474.0000	269.0000	0.1825	1477.0000
694	0.7004	0.6444	0.5057	0.6676	0.0723	0.7886	19.5000	0.1127	1441.0000	295.0000	0.2047	1443.0000
695	0.7100	0.6415	0.5003	0.6631	0.0650	0.8036	19.6000	0.1013	1484.0000	258.0000	0.1739	1486.0000
696	0.7096	0.6411	0.5072	0.6825	0.0672	0.8207	19.5000	0.0924	1459.0000	252.0000	0.1727	1461.0000
697	0.7207	0.6349	0.5109	0.6843	0.0715	0.8178	19.5000	0.0918	1461.0000	264.0000	0.1807	1463.0000
698	0.7174	0.6362	0.4988	0.6882	0.0693	0.8105	19.5000	0.1102	1371.0000	274.0000	0.1999	1373.0000
699	0.7000	0.6448	0.5142	0.6850	0.0696	0.8042	19.4000	0.0983	1490.0000	279.0000	0.1872	1492.0000
700	0.6721	0.6354	0.5000	0.6813	0.0639	0.8050	19.7000	0.1047	1465.0000	258.0000	0.1761	1467.0000
701	0.6933	0.6403	0.5076	0.6992	0.0662	0.8073	19.7000	0.1018	1483.0000	247.0000	0.1666	1486.0000
702	0.7437	0.6415	0.5071	0.6685	0.0648	0.8316	19.5000	0.0974	1450.0000	249.0000	0.1717	1452.0000
703	0.7099	0.6386	0.5031	0.6554	0.0696	0.7992	19.7000	0.0954	1493.0000	280.0000	0.1875	1495.0000
704	0.7237	0.6424	0.5123	0.6557	0.0672	0.7952	19.6000	0.1049	1499.0000	273.0000	0.1821	1501.0000
705	0.7099	0.6382	0.5068	0.6743	0.0658	0.8112	19.5000	0.1051	1477.0000	262.0000	0.1774	1479.0000
706	0.7165	0.6370	0.5015	0.6835	0.0683	0.7981	19.6000	0.0919	1477.0000	265.0000	0.1794	1480.0000
707	0.7005	0.6428	0.5003	0.6538	0.0675	0.8006	19.5000	0.1059	1548.0000	284.0000	0.1835	1550.0000
708	0.7128	0.6370	0.5064	0.6727	0.0665	0.8069	19.6000	0.0987	1473.0000	261.0000	0.1772	1475.0000
709	0.7017	0.6411	0.5091	0.6528	0.0673	0.8178	19.6000	0.0952	1528.0000	256.0000	0.1675	1530.0000
710	0.7211	0.6403	0.5049	0.6764	0.0665	0.8176	19.6000	0.1006	1472.0000	253.0000	0.1719	1474.0000
711	0.6946	0.6382	0.5010	0.6734	0.0671	0.8123	19.2000	0.0950	1496.0000	266.0000	0.1778	1498.0000
712	0.7220	0.6395	0.5064	0.6851	0.0670	0.8146	19.6000	0.1144	1444.0000	259.0000	0.1794	1446.0000
713	0.7056	0.6362	0.5085	0.6948	0.0684	0.7967	19.5000	0.1074	1485.0000	262.0000	0.1764	1487.0000
714	0.7133	0.6391	0.5036	0.6772	0.0658	0.8225	19.4000	0.1111	1422.0000	249.0000	0.1751	1426.0000
715	0.7383	0.6362	0.5036	0.6959	0.0681	0.8168	19.2000	0.0922	1439.0000	242.0000	0.1682	1446.0000
716	0.6971	0.6448	0.5148	0.6669	0.0728	0.8030	19.3000	0.1039	1418.0000	283.0000	0.1996	1420.0000
717	0.7296	0.6378	0.5073	0.6872	0.0637	0.8086	19.3000	0.0983	1468.0000	254.0000	0.1730	1471.0000
718	0.6955	0.6345	0.5064	0.6805	0.0690	0.8098	19.7000	0.0926	1403.0000	257.0000	0.1832	1405.0000
719	0.7432	0.6386	0.5045	0.6691	0.0655	0.8103	19.7000	0.1084	1481.0000	268.0000	0.1810	1486.0000
720	0.7442	0.6411	0.5120	0.6877	0.0657	0.8257	19.5000	0.0990	1478.0000	257.0000	0.1739	1481.0000
721	0.6836	0.6386	0.5073	0.6825	0.0660	0.8090	19.8000	0.1089	1510.0000	270.0000	0.1788	1512.0000
722	0.6936	0.6419	0.5116	0.6771	0.0703	0.8124	19.5000	0.0976	1519.0000	263.0000	0.1731	1521.0000
723	0.6763	0.6411	0.5107	0.6717	0.0679	0.7960	19.9000	0.1121	1476.0000	270.0000	0.1829	1478.0000
724	0.7168	0.6382	0.5016	0.6951	0.0645	0.8264	19.6000	0.1002	1448.0000	248.0000	0.1713	1451.0000
725	0.7135	0.6374	0.5034	0.6699	0.0657	0.8079	19.5000	0.1113	1456.0000	260.0000	0.1786	1458.0000
726	0.7045	0.6382	0.5015	0.6798	0.0723	0.7970	19.6000	0.1087	1450.0000	268.0000	0.1848	1452.0000
727	0.7253	0.6395	0.5110	0.6918	0.0673	0.8014	19.4000	0.1068	1374.0000	259.0000	0.1885	1376.0000
728	0.6933	0.6419	0.5075	0.6807	0.0707	0.8217	19.2000	0.0971	1478.0000	259.0000	0.1752	1480.0000
729	0.7225	0.6399	0.5094	0.6740	0.0687	0.8065	19.3000	0.1049	1420.0000	263.0000	0.1852	1422.0000
730	0.7275	0.6415	0.5106	0.6646	0.0679	0.8113	19.7000	0.0888	1511.0000	258.0000	0.1707	1513.0000
731	0.7010	0.6403	0.5093	0.6717	0.0718	0.7907	19.8000	0.1013	1438.0000	286.0000	0.1989	1440.0000
732	0.6923	0.6411	0.5013	0.6764	0.0675	0.8072	19.5000	0.1095	1465.0000	264.0000	0.1802	1467.0000
733	0.6992	0.6378	0.5008	0.6692	0.0672	0.8019	19.2000	0.1001	1389.0000	269.0000	0.1937	1391.0000
734	0.6765	0.6378	0.5127	0.6742	0.0677	0.8063	19.2000	0.1083	1455.0000	261.0000	0.1794	1457.0000
735	0.7184	0.6370	0.5036	0.6806	0.0669	0.7989	19.5000	0.1196	1444.0000	272.0000	0.1884	1447.0000
736	0.7049	0.6461	0.5102	0.6523	0.0723	0.8064	19.6000	0.0968	1488.0000	280.0000	0.1882	1490.0000
737	0.6933	0.6428	0.5189	0.6779	0.0675	0.8116	19.6000	0.0859	1471.0000	255.0000	0.1734	1474.0000
738	0.6620	0.6411	0.5167	0.6588	0.0678	0.7890	19.6000	0.1015	1495.0000	281.0000	0.1880	1497.0000
739	0.7013	0.6374	0.5011	0.6880	0.0687	0.8130	19.6000	0.0938	1442.0000	267.0000	0.1852	1444.0000
740	0.7283	0.6411	0.5114	0.6749	0.0684	0.8120	19.5000	0.1039	1471.0000	268.0000	0.1822	1478.0000
741	0.7255	0.6407	0.5066	0.6719	0.0669	0.8202	19.9000	0.0820	1478.0000	255.0000	0.1725	1481.0000
742	0.6933	0.6440	0.5127	0.6661	0.0693	0.8026	19.3000	0.1133	1450.0000	276.0000	0.1903	1452.0000
743	0.7160	0.6399	0.5064	0.6804	0.0696	0.8085	19.3000	0.1046	1489.0000	266.0000	0.1786	1491.0000
744	0.7098	0.6395	0.5131	0.6766	0.0690	0.8092	19.5000	0.1121	1505.0000	264.0000	0.1754	1507.0000
745	0.7457	0.6395	0.5085	0.6576	0.0683	0.8033	19.7000	0.1104	1408.0000	275.0000	0.1953	1410.0000
746	0.6893	0.6424	0.5108	0.6877	0.0678	0.8076	19.4000	0.1102	1488.0000	260.0000	0.1747	1491.0000
747	0.7077	0.6341	0.4951	0.6589	0.0676	0.8083	19.6000	0.0904	1510.0000	281.0000	0.1861	1512.0000
748	0.7015	0.6407	0.5063	0.6656	0.0692	0.7983	19.8000	0.1089	1474.0000	283.0000	0.1920	1476.0000
749	0.7088	0.6403	0.5043	0.6713	0.0739	0.8150	19.6000	0.0953	1477.0000	269.0000	0.1821	1479.0000
750	0.7035	0.6354	0.5024	0.6878	0.0663	0.8242	19.5000	0.0932	1469.0000	251.0000	0.1709	1473.0000
751	0.7090	0.6382	0.5048	0.6861	0.0699	0.7941	19.7000	0.0967	1481.0000	282.0000	0.1904	1483.0000
752	0.6925	0.6395	0.5067	0.6514	0.0676	0.8047	19.5000	0.1045	1440.0000	266.0000	0.1847	1442.0000
753	0.6766	0.6370	0.5126	0.6828	0.0682	0.7875	19.1000	0.1207	1428.0000	269.0000	0.1884	1430.0000
754	0.7037	0.6378	0.4999	0.6923	0.0679	0.8155	19.5000	0.1012	1418.0000	251.0000	0.1770	1420.0000
755	0.7038	0.6386	0.5055	0.6602	0.0688	0.7858	19.3000	0.1169	1490.0000	282.0000	0.1893	1492.0000
756	0.6810	0.6395	0.5195	0.6682	0.0652	0.8128	19.2000	0.1046	1508.0000	261.0000	0.1731	1510.0000
757	0.7130	0.6345	0.5041	0.6713	0.0663	0.7990	19.4000	0.0983	1475.0000	275.0000	0.1864	1477.0000
758	0.6961	0.6403	0.5063	0.6680	0.0654	0.8111	19.7000	0.0832	1490.0000	263.0000	0.1765	1492.0000
759	0.7213	0.6358	0.5055	0.6887	0.0619	0.8216	19.7000	0.1065	1447.0000	256.0000	0.1769	1450.0000
760	0.7231	0.6436	0.5075	0.6721	0.0697	0.7948	19.6000	0.1026	1458.0000	279.0000	0.1914	1460.0000
761	0.7082	0.6378	0.5069	0.6727	0.0663	0.8057	19.6000	0.1064	1507.0000	265.0000	0.1758	1511.0000
762	0.7416	0.6395	0.4970	0.6746	0.0691	0.8155	19.5000	0.0886	1446.0000	278.0000	0.1923	1448.0000
763	0.7344	0.6345	0.5061	0.6779	0.0668	0.8076	19.3000	0.1193	1415.0000	263.0000	0.1859	1417.0000
764	0.7197	0.6378	0.5036	0.6811	0.0668	0.8048	19.7000	0.0875	1442.0000	264.0000	0.1831	1444.0000
765	0.6913	0.6411	0.5143	0.6920	0.0682	0.8030	19.5000	0.1047	1502.0000	262.0000	0.1744	1504.0000
766	0.7172	0.6366	0.5099	0.6743	0.0668	0.8064	19.4000	0.1122	1479.0000	277.0000	0.1873	1481.0000
767	0.6981	0.6366	0.5039	0.6800	0.0630	0.8090	19.7000	0.0900	1463.0000	246.0000	0.1681	1465.0000
768	0.6883	0.6415	0.5171	0.6809	0.0697	0.8058	19.7000	0.0911	1433.0000	259.0000	0.1807	1435.0000
769	0.6629	0.6395	0.5130	0.6811	0.0718	0.7894	19.7000	0.1264	1397.0000	281.0000	0.2011	1399.0000
770	0.6960	0.6415	0.5119	0.6760	0.0648	0.7992	19.7000	0.1039	1461.0000	262.0000	0.1793	1463.0000
771	0.7161	0.6444	0.5082	0.6773	0.0651	0.8206	19.6000	0.1038	1423.0000	255.0000	0.1792	1425.0000
772	0.7133	0.6337	0.5045	0.6844	0.0640	0.8185	19.4000	0.1082	1473.0000	260.0000	0.1765	1479.0000
773	0.7167	0.6399	0.5101	0.6732	0.0632	0.8126	19.6000	0.0963	1454.0000	253.0000	0.1740	1463.0000
774	0.7041	0.6378	0.5067	0.6712	0.0662	0.8123	19.7000	0.1108	1514.0000	272.0000	0.1797	1516.0000
775	0.6902	0.6428	0.5041	0.6927	0.0659	0.8085	19.7000	0.1076	1381.0000	257.0000	0.1861	1383.0000
776	0.7020	0.6440	0.5100	0.6819	0.0643	0.7923	19.6000	0.1080	1480.0000	266.0000	0.1797	1483.0000
777	0.7253	0.6366	0.5017	0.6866	0.0666	0.8176	19.3000	0.0969	1480.0000	263.0000	0.1777	1486.0000
778	0.7048	0.6345	0.5035	0.6691	0.0667	0.8151	19.5000	0.1130	1471.0000	271.0000	0.1842	1473.0000
779	0.6872	0.6440	0.5139	0.6808	0.0670	0.8083	19.4000	0.1060	1536.0000	257.0000	0.1673	1538.0000
780	0.7203	0.6436	0.5150	0.6745	0.0662	0.8093	19.4000	0.1029	1526.0000	265.0000	0.1737	1528.0000
781	0.6767	0.6395	0.5063	0.6743	0.0668	0.8186	19.2000	0.0940	1484.0000	260.0000	0.1752	1486.0000
782	0.6729	0.6386	0.5091	0.6778	0.0692	0.7977	19.6000	0.1209	1477.0000	268.0000	0.1814	1479.0000
783	0.6994	0.6415	0.5127	0.6611	0.0668	0.8114	19.5000	0.1003	1483.0000	260.0000	0.1753	1489.0000
784	0.7176	0.6419	0.5025	0.6821	0.0686	0.8144	19.5000	0.1091	1480.0000	270.0000	0.1824	1482.0000
785	0.6798	0.6366	0.5008	0.6736	0.0661	0.7834	19.2000	0.1045	1455.0000	272.0000	0.1869	1457.0000
786	0.7179	0.6345	0.5013	0.6841	0.0682	0.8272	19.6000	0.0892	1429.0000	258.0000	0.1805	1431.0000
787	0.7073	0.6395	0.5116	0.6768	0.0691	0.8058	19.6000	0.1019	1481.0000	269.0000	0.1816	1483.0000
788	0.7275	0.6395	0.5052	0.6714	0.0676	0.8083	19.5000	0.0976	1482.0000	265.0000	0.1788	1484.0000
789	0.7042	0.6366	0.5040	0.6776	0.0677	0.7982	19.6000	0.1182	1433.0000	281.0000	0.1961	1435.0000
790	0.7186	0.6403	0.5102	0.7036	0.0668	0.8192	19.5000	0.1043	1459.0000	259.0000	0.1775	1462.0000
791	0.6969	0.6419	0.5096	0.6723	0.0681	0.8063	19.9000	0.1051	1513.0000	265.0000	0.1751	1515.0000
792	0.7117	0.6374	0.5070	0.6802	0.0712	0.8045	19.4000	0.0956	1438.0000	280.0000	0.1947	1440.0000
793	0.6930	0.6358	0.5073	0.6559	0.0663	0.8062	19.7000	0.0919	1452.0000	260.0000	0.1791	1454.0000
794	0.6946	0.6403	0.5058	0.6880	0.0682	0.8037	19.7000	0.1104	1470.0000	263.0000	0.1789	1472.0000
795	0.7303	0.6391	0.5062	0.6784	0.0686	0.8292	19.5000	0.0925	1472.0000	246.0000	0.1671	1474.0000
796	0.7381	0.6415	0.5033	0.6754	0.0652	0.8397	19.8000	0.0766	1494.0000	243.0000	0.1627	1496.0000
797	0.6773	0.6386	0.5070	0.6871	0.0693	0.8079	19.6000	0.1184	1405.0000	270.0000	0.1922	1407.0000
798	0.6982	0.6411	0.5105	0.6862	0.0695	0.8092	19.2000	0.1115	1434.0000	266.0000	0.1855	1436.0000
799	0.6869	0.6419	0.5029	0.6985	0.0681	0.8178	19.6000	0.0938	1469.0000	249.0000	0.1695	1473.0000
800	0.7042	0.6444	0.5099	0.6616	0.0709	0.8099	19.5000	0.1014	1484.0000	264.0000	0.1779	1486.0000
801	0.6969	0.6391	0.5109	0.6691	0.0656	0.8066	19.2000	0.1063	1425.0000	267.0000	0.1874	1432.0000
802	0.7081	0.6403	0.5077	0.6679	0.0678	0.8097	19.5000	0.1055	1466.0000	258.0000	0.1760	1468.0000
803	0.6969	0.6378	0.5088	0.6547	0.0651	0.8048	19.3000	0.1090	1468.0000	262.0000	0.1785	1471.0000
804	0.7066	0.6370	0.5094	0.6620	0.0663	0.8081	19.4000	0.0996	1467.0000	262.0000	0.1786	1469.0000
805	0.6789	0.6399	0.5116	0.6661	0.0674	0.8028	19.2000	0.1100	1485.0000	259.0000	0.1744	1487.0000
806	0.7178	0.6378	0.5017	0.6669	0.0643	0.8126	19.9000	0.1038	1496.0000	263.0000	0.1758	1498.0000
807	0.6934	0.6403	0.5037	0.6612	0.0687	0.8112	19.7000	0.0887	1456.0000	266.0000	0.1827	1458.0000
808	0.6979	0.6395	0.5039	0.6651	0.0635	0.8092	19.5000	0.1016	1471.0000	262.0000	0.1781	1473.0000
809	0.7475	0.6366	0.4985	0.6723	0.0647	0.8170	19.2000	0.0853	1412.0000	256.0000	0.1813	1418.0000
810	0.7063	0.6386	0.5049	0.6805	0.0704	0.8119	19.7000	0.1068	1512.0000	276.0000	0.1825	1514.0000
811	0.6952	0.6424	0.5124	0.6801	0.0700	0.8023	19.5000	0.0998	1460.0000	269.0000	0.1842	1462.0000
812	0.7102	0.6333	0.4994	0.6763	0.0667	0.8123	19.3000	0.1296	1365.0000	251.0000	0.1839	1367.0000
813	0.7105	0.6366	0.4987	0.6837	0.0670	0.8083	19.5000	0.1022	1463.0000	261.0000	0.1784	1465.0000
814	0.7184	0.6391	0.5130	0.6750	0.0678	0.8067	19.5000	0.1099	1420.0000	266.0000	0.1873	1422.0000
815	0.6966	0.6312	0.5010	0.6742	0.0671	0.7974	19.7000	0.1056	1498.0000	273.0000	0.1822	1500.0000
816	0.7081	0.6395	0.5078	0.6771	0.0663	0.8061	19.3000	0.0888	1421.0000	266.0000	0.1872	1424.0000
817	0.7237	0.6415	0.5122	0.6583	0.0677	0.8131	19.6000	0.1114	1484.0000	273.0000	0.1840	1486.0000
818	0.6743	0.6386	0.5069	0.6810	0.0650	0.7977	19.8000	0.1069	1424.0000	269.0000	0.1889	1427.0000
819	0.7108	0.6304	0.5037	0.6675	0.0638	0.7980	19.7000	0.1102	1443.0000	272.0000	0.1885	1445.0000
820	0.7355	0.6403	0.5015	0.6602	0.0624	0.8208	19.4000	0.1009	1477.0000	262.0000	0.1774	1479.0000
821	0.6986	0.6382	0.5028	0.6663	0.0666	0.8002	19.5000	0.1155	1478.0000	278.0000	0.1881	1480.0000
822	0.7145	0.6391	0.5105	0.6689	0.0684	0.8249	19.5000	0.0960	1484.0000	257.0000	0.1732	1486.0000
823	0.7156	0.6386	0.5024	0.6718	0.0691	0.8054	19.5000	0.0946	1497.0000	269.0000	0.1797	1499.0000
824	0.7048	0.6378	0.5075	0.6648	0.0695	0.7885	19.4000	0.1026	1469.0000	284.0000	0.1933	1471.0000
825	0.6952	0.6370	0.5000	0.6689	0.0654	0.8101	19.7000	0.1138	1503.0000	260.0000	0.1730	1505.0000
826	0.6914	0.6432	0.5107	0.6775	0.0703	0.8006	19.7000	0.1219	1502.0000	275.0000	0.1831	1504.0000
827	0.7337	0.6358	0.4974	0.6714	0.0662	0.8180	19.5000	0.0862	1408.0000	261.0000	0.1854	1410.0000
828	0.6872	0.6370	0.5019	0.6892	0.0677	0.8063	19.5000	0.1100	1433.0000	269.0000	0.1877	1435.0000
829	0.6808	0.6366	0.5002	0.6768	0.0648	0.8079	19.6000	0.0973	1421.0000	248.0000	0.1745	1423.0000
830	0.6939	0.6428	0.5074	0.6703	0.0690	0.8017	20.0000	0.0958	1525.0000	267.0000	0.1751	1527.0000
831	0.6908	0.6432	0.5098	0.6752	0.0684	0.7952	19.4000	0.1142	1411.0000	272.0000	0.1928	1413.0000
832	0.7002	0.6395	0.5058	0.6849	0.0681	0.8246	19.4000	0.1107	1428.0000	254.0000	0.1779	1430.0000
833	0.6953	0.6333	0.4981	0.6727	0.0710	0.8070	19.6000	0.0932	1498.0000	275.0000	0.1836	1500.0000
834	0.6959	0.6415	0.5192	0.6436	0.0663	0.7987	19.7000	0.1075	1513.0000	264.0000	0.1745	1515.0000
835	0.7023	0.6370	0.5002	0.6846	0.0666	0.8225	19.8000	0.1028	1474.0000	249.0000	0.1689	1478.0000
836	0.7337	0.6382	0.4991	0.6675	0.0707	0.8195	19.7000	0.0930	1484.0000	263.0000	0.1772	1486.0000
837	0.7214	0.6349	0.4996	0.6580	0.0659	0.8084	19.6000	0.1016	1470.0000	257.0000	0.1748	1472.0000
838	0.7238	0.6424	0.5099	0.6757	0.0694	0.8188	19.4000	0.0944	1481.0000	262.0000	0.1769	1483.0000
839	0.7280	0.6465	0.5082	0.6756	0.0713	0.7970	19.4000	0.1010	1464.0000	290.0000	0.1981	1466.0000
840	0.7000	0.6436	0.5108	0.6557	0.0704	0.8192	19.9000	0.0999	1513.0000	264.0000	0.1745	1515.0000
841	0.7080	0.6415	0.5052	0.6669	0.0663	0.8066	19.9000	0.1024	1408.0000	264.0000	0.1875	1410.0000
842	0.6942	0.6407	0.5062	0.6760	0.0701	0.8055	19.5000	0.1049	1456.0000	258.0000	0.1772	1458.0000
843	0.7181	0.6378	0.5112	0.6666	0.0681	0.8090	19.3000	0.1114	1442.0000	267.0000	0.1852	1444.0000
844	0.7047	0.6415	0.5067	0.6765	0.0686	0.8179	19.3000	0.0967	1477.0000	258.0000	0.1747	1479.0000
845	0.7174	0.6370	0.5077	0.6787	0.0675	0.8284	19.4000	0.0907	1482.0000	244.0000	0.1646	1484.0000
846	0.7197	0.6419	0.5149	0.6695	0.0723	0.8054	19.3000	0.1052	1395.0000	286.0000	0.2050	1397.0000
847	0.7250	0.6386	0.5161	0.6662	0.0682	0.8084	19.8000	0.1027	1482.0000	268.0000	0.1808	1485.0000
848	0.7183	0.6444	0.5156	0.6943	0.0684	0.8166	19.5000	0.1006	1522.0000	262.0000	0.1721	1524.0000
849	0.6864	0.6312	0.5053	0.6766	0.0673	0.8040	19.4000	0.0990	1519.0000	267.0000	0.1758	1521.0000
850	0.6720	0.6366	0.5092	0.6804	0.0685	0.8048	19.2000	0.1006	1496.0000	275.0000	0.1838	1498.0000
851	0.7114	0.6407	0.5064	0.6797	0.0679	0.8284	19.8000	0.1048	1432.0000	249.0000	0.1739	1434.0000
852	0.7053	0.6407	0.5150	0.6815	0.0671	0.8154	19.7000	0.1184	1490.0000	265.0000	0.1779	1492.0000
853	0.7237	0.6407	0.5006	0.6772	0.0675	0.8118	20.0000	0.1030	1459.0000	265.0000	0.1816	1461.0000
854	0.7271	0.6424	0.5104	0.6973	0.0693	0.8212	19.6000	0.1038	1481.0000	264.0000	0.1783	1484.0000
855	0.6824	0.6407	0.5123	0.6778	0.0691	0.8098	19.5000	0.0970	1479.0000	267.0000	0.1805	1481.0000
856	0.7129	0.6358	0.4941	0.6736	0.0654	0.8086	19.5000	0.1010	1477.0000	270.0000	0.1828	1480.0000
857	0.7169	0.6411	0.5070	0.6742	0.0695	0.8172	19.8000	0.0991	1516.0000	258.0000	0.1702	1518.0000
858	0.7202	0.6362	0.5054	0.6999	0.0661	0.8097	19.6000	0.1093	1413.0000	256.0000	0.1812	1415.0000
859	0.7115	0.6432	0.5060	0.6733	0.0678	0.8056	19.6000	0.1000	1513.0000	255.0000	0.1685	1515.0000
860	0.6810	0.6378	0.5127	0.6557	0.0728	0.8008	19.6000	0.0969	1486.0000	277.0000	0.1864	1488.0000
861	0.6986	0.6403	0.5155	0.6916	0.0700	0.8143	19.6000	0.0957	1463.0000	264.0000	0.1805	1465.0000
862	0.7046	0.6395	0.5067	0.6697	0.0643	0.8082	19.8000	0.1137	1438.0000	262.0000	0.1822	1441.0000
863	0.6836	0.6399	0.5028	0.6632	0.0674	0.8038	19.7000	0.1018	1425.0000	268.0000	0.1881	1427.0000
864	0.7077	0.6370	0.5083	0.6579	0.0676	0.8161	19.5000	0.0966	1458.0000	273.0000	0.1872	1460.0000
865	0.6774	0.6386	0.5068	0.6754	0.0656	0.8012	19.9000	0.1143	1429.0000	263.0000	0.1840	1431.0000
866	0.6915	0.6382	0.5078	0.6644	0.0696	0.7898	19.7000	0.1048	1479.0000	279.0000	0.1886	1481.0000
867	0.7132	0.6345	0.5001	0.6685	0.0639	0.8141	19.5000	0.0863	1422.0000	246.0000	0.1730	1424.0000
868	0.6973	0.6415	0.5131	0.6724	0.0685	0.7999	19.2000	0.1093	1438.0000	269.0000	0.1871	1441.0000
869	0.7369	0.6374	0.5015	0.6722	0.0664	0.8180	19.7000	0.0854	1513.0000	281.0000	0.1857	1516.0000
870	0.6822	0.6403	0.5074	0.6682	0.0662	0.8151	19.6000	0.1084	1493.0000	263.0000	0.1762	1495.0000
871	0.7057	0.6382	0.5161	0.6962	0.0680	0.8111	19.2000	0.1074	1412.0000	251.0000	0.1778	1414.0000
872	0.7196	0.6399	0.5035	0.6770	0.0666	0.8112	19.3000	0.1100	1468.0000	263.0000	0.1792	1470.0000
873	0.7228	0.6366	0.5103	0.6855	0.0660	0.8236	19.7000	0.1061	1427.0000	242.0000	0.1696	1430.0000
874	0.7262	0.6345	0.5005	0.6738	0.0655	0.7977	19.6000	0.0950	1450.0000	257.0000	0.1772	1452.0000
875	0.7032	0.6415	0.5022	0.6745	0.0693	0.8122	19.3000	0.1144	1429.0000	262.0000	0.1833	1431.0000
876	0.6895	0.6399	0.5023	0.6675	0.0691	0.7936	19.7000	0.1115	1453.0000	277.0000	0.1906	1455.0000
877	0.6873	0.6374	0.5075	0.6687	0.0680	0.8034	19.7000	0.1106	1465.0000	270.0000	0.1843	1467.0000
878	0.7006	0.6378	0.5023	0.6761	0.0682	0.8071	19.6000	0.0953	1493.0000	266.0000	0.1782	1495.0000
879	0.6963	0.6461	0.5157	0.6731	0.0683	0.8191	19.5000	0.0953	1477.0000	256.0000	0.1733	1479.0000
880	0.7022	0.6407	0.5064	0.6805	0.0694	0.8184	19.4000	0.0972	1491.0000	265.0000	0.1777	1493.0000
881	0.6759	0.6444	0.5146	0.6705	0.0708	0.8014	19.6000	0.1011	1558.0000	282.0000	0.1810	1560.0000
882	0.7155	0.6362	0.5065	0.6930	0.0701	0.8129	19.8000	0.1041	1427.0000	267.0000	0.1871	1429.0000
883	0.6851	0.6399	0.5037	0.6777	0.0665	0.7996	19.4000	0.1279	1457.0000	272.0000	0.1867	1459.0000
884	0.7251	0.6312	0.5042	0.6801	0.0673	0.8107	19.6000	0.0873	1450.0000	255.0000	0.1759	1452.0000
885	0.6963	0.6403	0.5116	0.6905	0.0697	0.8025	19.6000	0.1047	1506.0000	274.0000	0.1819	1508.0000
886	0.6879	0.6366	0.5113	0.6569	0.0677	0.7939	19.4000	0.1128	1489.0000	281.0000	0.1887	1491.0000
887	0.7089	0.6382	0.5084	0.6665	0.0645	0.8219	19.8000	0.0936	1475.0000	240.0000	0.1627	1477.0000
888	0.7258	0.6358	0.5051	0.6809	0.0674	0.8233	19.5000	0.1089	1441.0000	258.0000	0.1790	1443.0000
889	0.6771	0.6411	0.5086	0.6603	0.0685	0.7902	19.1000	0.0998	1504.0000	270.0000	0.1795	1506.0000
890	0.7205	0.6374	0.5104	0.6821	0.0697	0.8027	19.6000	0.0990	1447.0000	265.0000	0.1831	1449.0000
891	0.7291	0.6399	0.5109	0.7063	0.0675	0.8168	19.6000	0.0905	1358.0000	252.0000	0.1856	1362.0000
892	0.7030	0.6428	0.5086	0.6950	0.0674	0.8029	19.8000	0.1088	1453.0000	273.0000	0.1879	1455.0000
893	0.6880	0.6419	0.5045	0.6767	0.0672	0.7981	19.6000	0.0979	1461.0000	280.0000	0.1916	1463.0000
894	0.6810	0.6382	0.5064	0.6732	0.0695	0.8122	19.7000	0.1098	1497.0000	272.0000	0.1817	1499.0000
895	0.7140	0.6407	0.5117	0.6906	0.0687	0.8142	19.7000	0.1044	1412.0000	260.0000	0.1841	1417.0000
896	0.7046	0.6440	0.5135	0.6956	0.0691	0.8149	19.4000	0.0966	1435.0000	264.0000	0.1840	1437.0000
897	0.6969	0.6362	0.5053	0.6732	0.0692	0.8037	19.7000	0.1068	1443.0000	265.0000	0.1836	1445.0000
898	0.6993	0.6395	0.5077	0.6840	0.0664	0.8139	19.6000	0.0893	1524.0000	259.0000	0.1699	1527.0000
899	0.6970	0.6325	0.5089	0.6611	0.0647	0.8026	19.2000	0.1073	1453.0000	266.0000	0.1831	1456.0000
900	0.6669	0.6411	0.5053	0.6531	0.0672	0.7958	19.4000	0.1005	1527.0000	268.0000	0.1755	1529.0000
901	0.7145	0.6391	0.5174	0.7166	0.0747	0.8071	19.6000	0.0960	1460.0000	284.0000	0.1945	1462.0000
902	0.7101	0.6395	0.5057	0.6817	0.0688	0.8134	19.4000	0.0868	1424.0000	257.0000	0.1805	1426.0000
903	0.7102	0.6461	0.5107	0.6580	0.0692	0.7906	19.6000	0.1006	1460.0000	286.0000	0.1959	1462.0000
904	0.6945	0.6395	0.5061	0.6671	0.0692	0.8143	19.3000	0.1060	1484.0000	253.0000	0.1705	1486.0000
905	0.7123	0.6337	0.4963	0.6926	0.0626	0.8184	19.2000	0.0931	1462.0000	240.0000	0.1642	1464.0000
906	0.7156	0.6403	0.5107	0.6838	0.0691	0.8104	19.7000	0.1045	1539.0000	266.0000	0.1728	1541.0000
907	0.6927	0.6415	0.5129	0.6649	0.0673	0.8038	19.7000	0.1092	1399.0000	268.0000	0.1916	1401.0000
908	0.7112	0.6452	0.5146	0.6573	0.0673	0.7927	19.8000	0.1058	1467.0000	278.0000	0.1895	1469.0000
909	0.7283	0.6415	0.5056	0.6734	0.0707	0.8151	19.7000	0.0906	1479.0000	263.0000	0.1778	1481.0000
910	0.6973	0.6378	0.5005	0.6901	0.0624	0.8174	19.5000	0.1021	1455.0000	254.0000	0.1746	1459.0000
911	0.6786	0.6374	0.5117	0.6601	0.0677	0.8095	19.4000	0.0964	1502.0000	260.0000	0.1731	1504.0000
912	0.7054	0.6354	0.5077	0.6692	0.0645	0.8128	19.2000	0.1104	1471.0000	254.0000	0.1727	1473.0000
913	0.6945	0.6358	0.4976	0.6742	0.0680	0.7896	19.8000	0.1217	1424.0000	270.0000	0.1896	1426.0000
914	0.7135	0.6382	0.5053	0.6712	0.0678	0.8067	19.6000	0.1021	1467.0000	271.0000	0.1847	1469.0000
915	0.7169	0.6440	0.5019	0.6771	0.0676	0.8082	19.8000	0.1028	1433.0000	256.0000	0.1786	1435.0000
916	0.7188	0.6395	0.5085	0.6774	0.0660	0.8108	20.0000	0.0854	1421.0000	257.0000	0.1809	1423.0000
917	0.7246	0.6395	0.5107	0.6666	0.0704	0.8107	19.4000	0.0960	1525.0000	276.0000	0.1810	1527.0000
918	0.7246	0.6415	0.5018	0.6763	0.0660	0.8052	19.8000	0.0947	1504.0000	259.0000	0.1722	1508.0000
919	0.6772	0.6424	0.5211	0.6906	0.0693	0.8156	19.7000	0.1197	1474.0000	257.0000	0.1744	1476.0000
920	0.6941	0.6362	0.5000	0.6926	0.0685	0.8151	19.2000	0.1004	1421.0000	248.0000	0.1745	1423.0000
921	0.6768	0.6366	0.5108	0.6719	0.0694	0.8070	19.7000	0.0918	1561.0000	269.0000	0.1723	1563.0000
922	0.7380	0.6382	0.5076	0.6861	0.0655	0.8165	19.6000	0.1087	1399.0000	259.0000	0.1851	1401.0000
923	0.7016	0.6399	0.5092	0.6648	0.0677	0.8053	19.6000	0.0924	1498.0000	268.0000	0.1789	1500.0000
924	0.7020	0.6386	0.5103	0.6786	0.0689	0.8022	19.6000	0.0960	1439.0000	274.0000	0.1904	1441.0000
925	0.7097	0.6378	0.5084	0.6756	0.0671	0.8064	19.2000	0.0937	1464.0000	266.0000	0.1817	1466.0000
926	0.7076	0.6386	0.4973	0.6831	0.0632	0.8127	19.5000	0.0964	1396.0000	253.0000	0.1812	1399.0000
927	0.7130	0.6391	0.5147	0.6788	0.0716	0.8062	19.5000	0.0972	1464.0000	269.0000	0.1837	1466.0000
928	0.7000	0.6370	0.5009	0.6603	0.0650	0.8042	19.5000	0.1029	1507.0000	257.0000	0.1705	1509.0000
929	0.7156	0.6469	0.5082	0.6564	0.0692	0.8106	19.6000	0.1089	1490.0000	274.0000	0.1839	1493.0000
930	0.7063	0.6366	0.5071	0.6994	0.0668	0.8026	19.5000	0.1238	1444.0000	258.0000	0.1787	1446.0000
931	0.7363	0.6403	0.5073	0.6745	0.0646	0.8105	19.5000	0.1014	1457.0000	257.0000	0.1764	1460.0000
932	0.7004	0.6382	0.5009	0.6864	0.0683	0.8110	19.6000	0.0996	1481.0000	264.0000	0.1783	1484.0000
933	0.6871	0.6415	0.5059	0.6732	0.0685	0.7947	19.4000	0.1017	1451.0000	276.0000	0.1902	1453.0000
934	0.6964	0.6424	0.5117	0.6922	0.0701	0.8106	19.6000	0.0956	1498.0000	262.0000	0.1749	1500.0000
935	0.6796	0.6358	0.5058	0.6671	0.0693	0.8086	19.4000	0.1071	1459.0000	260.0000	0.1782	1461.0000
936	0.6904	0.6374	0.5024	0.6938	0.0690	0.8147	19.7000	0.0988	1393.0000	254.0000	0.1823	1395.0000
937	0.7225	0.6382	0.5149	0.6685	0.0711	0.8159	19.4000	0.1054	1493.0000	263.0000	0.1762	1495.0000
938	0.7034	0.6382	0.5009	0.6577	0.0680	0.7947	19.7000	0.1016	1454.0000	279.0000	0.1919	1456.0000
939	0.7077	0.6419	0.5105	0.6964	0.0702	0.8064	19.5000	0.1018	1447.0000	269.0000	0.1859	1449.0000
940	0.6843	0.6411	0.5100	0.6612	0.0683	0.8111	19.5000	0.1055	1493.0000	260.0000	0.1741	1495.0000
941	0.7138	0.6362	0.5013	0.6821	0.0657	0.8201	19.3000	0.1078	1436.0000	251.0000	0.1748	1438.0000
942	0.7254	0.6444	0.5122	0.6653	0.0697	0.7950	19.4000	0.1051	1490.0000	279.0000	0.1872	1492.0000
943	0.7059	0.6362	0.5052	0.6600	0.0686	0.7921	19.8000	0.1242	1428.0000	285.0000	0.1996	1430.0000
944	0.7242	0.6386	0.5091	0.6878	0.0679	0.8174	19.8000	0.1026	1493.0000	256.0000	0.1715	1495.0000
945	0.6875	0.6358	0.5071	0.6712	0.0645	0.8086	19.9000	0.1044	1440.0000	259.0000	0.1799	1442.0000
946	0.7256	0.6399	0.5048	0.6835	0.0683	0.8155	19.6000	0.1052	1504.0000	260.0000	0.1729	1506.0000
947	0.7050	0.6440	0.5126	0.6692	0.0681	0.8046	19.5000	0.1204	1501.0000	277.0000	0.1845	1503.0000
948	0.6639	0.6378	0.5089	0.6675	0.0670	0.8017	19.3000	0.1131	1461.0000	258.0000	0.1766	1463.0000
949	0.7161	0.6424	0.5040	0.6812	0.0669	0.8159	19.7000	0.1036	1451.0000	269.0000	0.1854	1454.0000
950	0.7114	0.6440	0.5057	0.6785	0.0695	0.8013	19.6000	0.1142	1461.0000	283.0000	0.1937	1463.0000
951	0.6954	0.6407	0.5053	0.6892	0.0662	0.8211	19.6000	0.1140	1437.0000	246.0000	0.1712	1442.0000
952	0.7105	0.6407	0.5108	0.6699	0.0682	0.8258	19.4000	0.0985	1490.0000	257.0000	0.1725	1492.0000
953	0.6882	0.6403	0.5086	0.6671	0.0699	0.7933	19.6000	0.1049	1478.0000	274.0000	0.1854	1480.0000
954	0.6945	0.6424	0.5086	0.6902	0.0705	0.7937	19.9000	0.0950	1420.0000	278.0000	0.1958	1422.0000
955	0.6748	0.6395	0.5090	0.6889	0.0716	0.7977	19.5000	0.1060	1453.0000	284.0000	0.1955	1455.0000
956	0.7592	0.6354	0.5022	0.6643	0.0670	0.8086	19.5000	0.0960	1423.0000	273.0000	0.1918	1425.0000
957	0.6950	0.6448	0.5142	0.6623	0.0687	0.7978	19.6000	0.1027	1463.0000	286.0000	0.1955	1465.0000
958	0.7145	0.6358	0.5005	0.6984	0.0644	0.8133	19.6000	0.1212	1443.0000	252.0000	0.1746	1446.0000
959	0.6937	0.6432	0.5113	0.6554	0.0677	0.8013	19.6000	0.1030	1526.0000	275.0000	0.1802	1528.0000
960	0.7025	0.6428	0.5087	0.6657	0.0673	0.7966	19.5000	0.1034	1498.0000	273.0000	0.1822	1500.0000
961	0.7039	0.6415	0.5071	0.6700	0.0672	0.8061	19.6000	0.1030	1483.0000	263.0000	0.1773	1485.0000
962	0.7070	0.6354	0.4993	0.6812	0.0660	0.8062	19.6000	0.1026	1435.0000	264.0000	0.1840	1443.0000
963	0.7025	0.6432	0.5088	0.6977	0.0684	0.8162	19.9000	0.1161	1482.0000	259.0000	0.1748	1484.0000
964	0.7308	0.6461	0.5040	0.6838	0.0682	0.8161	19.2000	0.1062	1459.0000	256.0000	0.1755	1461.0000
965	0.7191	0.6382	0.4947	0.6741	0.0707	0.8061	19.5000	0.0845	1487.0000	278.0000	0.1870	1489.0000
966	0.6933	0.6374	0.5090	0.6765	0.0675	0.7958	19.7000	0.1137	1433.0000	274.0000	0.1912	1435.0000
967	0.7026	0.6362	0.5143	0.6681	0.0697	0.8129	19.1000	0.1096	1417.0000	267.0000	0.1884	1419.0000
968	0.7400	0.6386	0.5049	0.6622	0.0647	0.8076	19.5000	0.0977	1540.0000	269.0000	0.1747	1542.0000
969	0.7358	0.6407	0.5108	0.6958	0.0672	0.8255	19.4000	0.0925	1437.0000	251.0000	0.1747	1440.0000
970	0.7253	0.6378	0.5018	0.6615	0.0646	0.8108	19.2000	0.0953	1486.0000	252.0000	0.1696	1489.0000
971	0.6920	0.6366	0.5085	0.6872	0.0690	0.7939	19.1000	0.1029	1355.0000	264.0000	0.1948	1357.0000
972	0.7119	0.6407	0.5074	0.6833	0.0699	0.8176	19.4000	0.1108	1534.0000	264.0000	0.1721	1536.0000
973	0.7252	0.6341	0.4983	0.6679	0.0651	0.8266	19.3000	0.0994	1450.0000	251.0000	0.1731	1457.0000
974	0.7141	0.6415	0.5068	0.6758	0.0681	0.8152	19.6000	0.0979	1475.0000	269.0000	0.1824	1477.0000
975	0.7012	0.6415	0.5120	0.6881	0.0719	0.8037	19.7000	0.1034	1460.0000	265.0000	0.1815	1462.0000
976	0.6931	0.6391	0.5148	0.6783	0.0670	0.8135	19.4000	0.1079	1470.0000	256.0000	0.1741	1472.0000
977	0.7193	0.6395	0.5034	0.6835	0.0663	0.8260	19.4000	0.1095	1447.0000	249.0000	0.1721	1450.0000
978	0.7029	0.6424	0.4990	0.6792	0.0678	0.7951	19.4000	0.1135	1445.0000	273.0000	0.1889	1449.0000
979	0.7125	0.6378	0.5082	0.6889	0.0655	0.7997	19.6000	0.1026	1431.0000	258.0000	0.1803	1434.0000
980	0.6939	0.6395	0.5065	0.6986	0.0687	0.8210	19.3000	0.0998	1436.0000	259.0000	0.1804	1438.0000
981	0.7180	0.6382	0.5048	0.6820	0.0697	0.7965	19.9000	0.0944	1434.0000	281.0000	0.1960	1436.0000
982	0.7104	0.6382	0.5057	0.6779	0.0691	0.7966	19.7000	0.0955	1439.0000	272.0000	0.1890	1441.0000
983	0.7102	0.6395	0.5076	0.6486	0.0714	0.7930	19.8000	0.1012	1464.0000	273.0000	0.1865	1466.0000
984	0.7448	0.6403	0.5079	0.6768	0.0669	0.8089	19.7000	0.1052	1395.0000	272.0000	0.1950	1397.0000
985	0.7120	0.6386	0.5066	0.6632	0.0673	0.8047	19.5000	0.0925	1453.0000	264.0000	0.1817	1455.0000
986	0.7042	0.6494	0.5135	0.6731	0.0706	0.8033	20.0000	0.1021	1470.0000	262.0000	0.1782	1472.0000
987	0.6939	0.6382	0.5167	0.6662	0.0702	0.8055	19.6000	0.0923	1523.0000	278.0000	0.1825	1525.0000
988	0.7025	0.6345	0.5041	0.6763	0.0672	0.8072	19.5000	0.1137	1492.0000	259.0000	0.1736	1494.0000
989	0.7062	0.6424	0.5100	0.7053	0.0684	0.8038	19.6000	0.1078	1454.0000	257.0000	0.1768	1456.0000
990	0.7206	0.6354	0.4969	0.6825	0.0644	0.8063	19.8000	0.1046	1454.0000	266.0000	0.1829	1456.0000
991	0.6788	0.6366	0.5073	0.6838	0.0704	0.7907	19.5000	0.1069	1426.0000	271.0000	0.1900	1428.0000
992	0.7018	0.6411	0.5125	0.6862	0.0676	0.8128	19.3000	0.1019	1481.0000	268.0000	0.1810	1483.0000
993	0.6752	0.6448	0.5115	0.6791	0.0713	0.8043	19.7000	0.1126	1494.0000	272.0000	0.1821	1496.0000
994	0.7130	0.6415	0.5044	0.6731	0.0688	0.8149	19.4000	0.1120	1460.0000	263.0000	0.1801	1462.0000
995	0.6933	0.6386	0.5087	0.6791	0.0725	0.8139	19.6000	0.0891	1483.0000	260.0000	0.1753	1485.0000
996	0.7184	0.6370	0.5101	0.6804	0.0705	0.8199	19.4000	0.0965	1469.0000	259.0000	0.1763	1471.0000
997	0.7372	0.6457	0.5105	0.6862	0.0678	0.8066	19.3000	0.0971	1428.0000	262.0000	0.1835	1430.0000
998	0.7308	0.6370	0.5050	0.6637	0.0679	0.8065	19.2000	0.0931	1464.0000	281.0000	0.1919	1466.0000
999	0.6936	0.6415	0.5082	0.6590	0.0675	0.8018	19.7000	0.0997	1476.0000	266.0000	0.1802	1478.0000
1000	0.7148	0.6407	0.5124	0.6735	0.0657	0.8138	19.8000	0.1233	1468.0000	268.0000	0.1826	1470.0000
