accuracy	proportion	density	fuzziness	coverage	purity	sounds	missing	ubound	clusters	props	patterns
1	0.7004	0.6444	0.5084	0.6587	0.1596	0.8247	19.4000	0.1090	1477.0000	289.0000	0.1957	1479.0000
2	0.7161	0.6411	0.5010	0.6382	0.1511	0.8240	19.7000	0.1053	1493.0000	285.0000	0.1909	1495.0000
3	0.7162	0.6424	0.5155	0.6527	0.1580	0.8328	19.1000	0.0904	1494.0000	278.0000	0.1861	1496.0000
4	0.6726	0.6403	0.5126	0.6404	0.1605	0.8132	19.4000	0.1045	1546.0000	287.0000	0.1856	1548.0000
5	0.7253	0.6374	0.5057	0.6462	0.1453	0.8269	19.4000	0.1197	1391.0000	264.0000	0.1898	1395.0000
6	0.7175	0.6452	0.5066	0.6426	0.1532	0.8184	19.5000	0.1136	1423.0000	289.0000	0.2031	1425.0000
7	0.7012	0.6411	0.5085	0.6449	0.1552	0.8214	19.4000	0.1161	1461.0000	282.0000	0.1930	1463.0000
8	0.7251	0.6395	0.5031	0.6562	0.1468	0.8369	19.4000	0.0974	1447.0000	266.0000	0.1838	1449.0000
9	0.7127	0.6374	0.5061	0.6369	0.1536	0.8186	19.6000	0.1007	1425.0000	280.0000	0.1965	1427.0000
10	0.6819	0.6370	0.5014	0.6439	0.1505	0.8145	19.7000	0.1122	1436.0000	285.0000	0.1985	1439.0000
11	0.6913	0.6415	0.5178	0.6418	0.1538	0.8223	19.5000	0.1176	1489.0000	288.0000	0.1934	1493.0000
12	0.6958	0.6386	0.5093	0.6507	0.1484	0.8095	19.7000	0.1267	1422.0000	283.0000	0.1990	1424.0000
13	0.7264	0.6391	0.5045	0.6441	0.1509	0.8276	19.6000	0.0933	1467.0000	290.0000	0.1977	1469.0000
14	0.6851	0.6419	0.5136	0.6536	0.1589	0.8230	19.6000	0.1008	1497.0000	269.0000	0.1797	1501.0000
15	0.7301	0.6403	0.5040	0.6352	0.1499	0.8175	19.7000	0.0978	1476.0000	293.0000	0.1985	1478.0000
16	0.7272	0.6419	0.5146	0.6384	0.1576	0.8219	19.6000	0.1141	1528.0000	292.0000	0.1911	1530.0000
17	0.7158	0.6415	0.5099	0.6513	0.1539	0.8237	19.2000	0.1066	1460.0000	285.0000	0.1952	1462.0000
18	0.7184	0.6349	0.5093	0.6451	0.1563	0.8293	19.6000	0.1027	1548.0000	259.0000	0.1673	1550.0000
19	0.6908	0.6469	0.5036	0.6342	0.1537	0.8141	19.5000	0.1025	1504.0000	286.0000	0.1902	1506.0000
20	0.7074	0.6403	0.5042	0.6351	0.1534	0.8211	19.3000	0.1050	1447.0000	281.0000	0.1942	1449.0000
21	0.7198	0.6403	0.5090	0.6440	0.1528	0.8247	19.2000	0.0907	1474.0000	281.0000	0.1906	1476.0000
22	0.7255	0.6444	0.5107	0.6325	0.1571	0.8125	19.6000	0.1080	1513.0000	312.0000	0.2062	1516.0000
23	0.6980	0.6370	0.5083	0.6338	0.1531	0.8194	19.8000	0.1101	1469.0000	281.0000	0.1913	1472.0000
24	0.7188	0.6403	0.5081	0.6309	0.1509	0.8154	19.6000	0.1060	1547.0000	297.0000	0.1920	1549.0000
25	0.7133	0.6432	0.5157	0.6658	0.1538	0.8358	19.5000	0.0950	1446.0000	262.0000	0.1812	1448.0000
26	0.6977	0.6378	0.5062	0.6593	0.1493	0.8296	19.7000	0.0968	1433.0000	281.0000	0.1961	1436.0000
27	0.6989	0.6378	0.5073	0.6406	0.1501	0.8081	19.2000	0.1191	1449.0000	285.0000	0.1967	1453.0000
28	0.7164	0.6378	0.5088	0.6497	0.1519	0.8143	19.9000	0.0903	1430.0000	294.0000	0.2056	1432.0000
29	0.7274	0.6415	0.5031	0.6254	0.1548	0.8200	19.4000	0.1188	1500.0000	290.0000	0.1933	1502.0000
30	0.7098	0.6382	0.5023	0.6281	0.1432	0.8088	19.4000	0.1147	1411.0000	311.0000	0.2204	1413.0000
31	0.7221	0.6378	0.5059	0.6861	0.1588	0.8442	19.4000	0.0763	1515.0000	248.0000	0.1637	1517.0000
32	0.7407	0.6366	0.5081	0.6443	0.1515	0.8212	19.4000	0.1091	1449.0000	281.0000	0.1939	1453.0000
33	0.7255	0.6378	0.5096	0.6460	0.1538	0.8216	19.2000	0.1064	1454.0000	288.0000	0.1981	1456.0000
34	0.7107	0.6391	0.5046	0.6650	0.1526	0.8136	19.6000	0.1065	1437.0000	273.0000	0.1900	1439.0000
35	0.6950	0.6386	0.5107	0.6389	0.1513	0.8210	19.1000	0.1052	1443.0000	271.0000	0.1878	1445.0000
36	0.7305	0.6391	0.5093	0.6355	0.1514	0.8253	19.8000	0.0964	1489.0000	281.0000	0.1887	1491.0000
37	0.7068	0.6444	0.5090	0.6397	0.1530	0.8203	19.7000	0.1043	1440.0000	284.0000	0.1972	1442.0000
38	0.7463	0.6370	0.5101	0.6336	0.1532	0.8250	19.7000	0.1051	1467.0000	303.0000	0.2065	1469.0000
39	0.7223	0.6395	0.5132	0.6456	0.1569	0.8266	19.6000	0.0963	1485.0000	285.0000	0.1919	1487.0000
40	0.7214	0.6436	0.5105	0.6432	0.1540	0.8280	19.5000	0.0970	1502.0000	272.0000	0.1811	1504.0000
41	0.6982	0.6419	0.5069	0.6406	0.1551	0.8030	19.5000	0.1184	1450.0000	287.0000	0.1979	1452.0000
42	0.7191	0.6395	0.5110	0.6486	0.1564	0.8191	19.3000	0.0852	1441.0000	279.0000	0.1936	1443.0000
43	0.7324	0.6312	0.5020	0.6324	0.1533	0.8127	19.6000	0.0996	1507.0000	299.0000	0.1984	1509.0000
44	0.7168	0.6436	0.5114	0.6539	0.1569	0.8250	19.6000	0.1130	1441.0000	281.0000	0.1950	1443.0000
45	0.7268	0.6374	0.5094	0.6268	0.1539	0.8154	19.6000	0.0943	1505.0000	290.0000	0.1927	1508.0000
46	0.7192	0.6316	0.5065	0.6290	0.1478	0.8152	19.4000	0.1085	1429.0000	279.0000	0.1952	1431.0000
47	0.7266	0.6424	0.5029	0.6319	0.1526	0.8261	19.5000	0.1052	1481.0000	279.0000	0.1884	1483.0000
48	0.7099	0.6374	0.5007	0.6274	0.1521	0.8192	19.6000	0.1005	1493.0000	301.0000	0.2016	1495.0000
49	0.7289	0.6386	0.5067	0.6438	0.1580	0.8236	19.9000	0.1090	1494.0000	278.0000	0.1861	1496.0000
50	0.7277	0.6403	0.5133	0.6340	0.1563	0.8147	19.8000	0.1095	1473.0000	293.0000	0.1989	1475.0000
51	0.7090	0.6386	0.5042	0.6581	0.1536	0.8219	19.6000	0.1033	1459.0000	288.0000	0.1974	1461.0000
52	0.7085	0.6403	0.5088	0.6422	0.1494	0.8183	19.9000	0.1097	1474.0000	278.0000	0.1886	1476.0000
53	0.7329	0.6370	0.5003	0.6407	0.1468	0.8154	19.7000	0.1047	1462.0000	284.0000	0.1943	1464.0000
54	0.7151	0.6378	0.5081	0.6189	0.1521	0.8242	19.4000	0.1037	1496.0000	288.0000	0.1925	1498.0000
55	0.7196	0.6337	0.4996	0.6537	0.1513	0.8350	19.5000	0.0885	1383.0000	251.0000	0.1815	1385.0000
56	0.7423	0.6399	0.5079	0.6440	0.1558	0.8271	19.4000	0.1045	1502.0000	281.0000	0.1871	1504.0000
57	0.7163	0.6370	0.5011	0.6620	0.1510	0.8106	19.5000	0.1071	1447.0000	292.0000	0.2018	1449.0000
58	0.7134	0.6358	0.5034	0.6232	0.1525	0.8132	19.9000	0.1045	1482.0000	303.0000	0.2045	1484.0000
59	0.7162	0.6411	0.5009	0.6461	0.1520	0.8220	19.5000	0.0940	1449.0000	289.0000	0.1994	1451.0000
60	0.7144	0.6345	0.5054	0.6581	0.1492	0.8192	19.2000	0.1123	1415.0000	276.0000	0.1951	1417.0000
61	0.7058	0.6411	0.5070	0.6389	0.1491	0.8226	19.6000	0.1090	1437.0000	289.0000	0.2011	1439.0000
62	0.7186	0.6411	0.5037	0.6267	0.1526	0.8149	19.7000	0.0990	1482.0000	279.0000	0.1883	1484.0000
63	0.7082	0.6403	0.5143	0.6492	0.1536	0.8170	19.5000	0.1088	1440.0000	291.0000	0.2021	1442.0000
64	0.7232	0.6382	0.5088	0.6472	0.1537	0.8098	19.3000	0.1189	1443.0000	296.0000	0.2051	1445.0000
65	0.7273	0.6399	0.4985	0.6305	0.1528	0.8144	19.8000	0.1114	1453.0000	283.0000	0.1948	1455.0000
66	0.7130	0.6386	0.5049	0.6330	0.1529	0.8329	19.7000	0.0920	1511.0000	268.0000	0.1774	1513.0000
67	0.7046	0.6399	0.5035	0.6251	0.1553	0.8210	19.6000	0.1116	1543.0000	286.0000	0.1854	1545.0000
68	0.6950	0.6457	0.5126	0.6214	0.1543	0.8095	19.6000	0.1165	1514.0000	298.0000	0.1968	1516.0000
69	0.7024	0.6345	0.4998	0.6600	0.1503	0.8266	19.6000	0.1028	1423.0000	281.0000	0.1975	1425.0000
70	0.6990	0.6448	0.5109	0.6200	0.1517	0.8178	19.6000	0.0989	1469.0000	286.0000	0.1947	1471.0000
71	0.7256	0.6395	0.5046	0.6223	0.1546	0.8194	19.7000	0.1014	1543.0000	290.0000	0.1879	1545.0000
72	0.6850	0.6448	0.5070	0.6423	0.1583	0.8236	19.7000	0.0947	1480.0000	273.0000	0.1845	1482.0000
73	0.7161	0.6403	0.5071	0.6333	0.1511	0.8234	19.7000	0.0994	1447.0000	288.0000	0.1990	1449.0000
74	0.7000	0.6354	0.5036	0.6584	0.1540	0.8210	19.7000	0.0937	1425.0000	270.0000	0.1895	1427.0000
75	0.7123	0.6370	0.5058	0.6429	0.1485	0.8165	19.5000	0.1212	1413.0000	285.0000	0.2017	1418.0000
76	0.7004	0.6391	0.5029	0.6340	0.1519	0.8172	19.5000	0.0909	1480.0000	276.0000	0.1865	1482.0000
77	0.7022	0.6436	0.5097	0.6348	0.1547	0.8094	19.6000	0.1023	1487.0000	295.0000	0.1984	1489.0000
78	0.7314	0.6358	0.5050	0.6315	0.1488	0.8251	19.7000	0.1089	1465.0000	282.0000	0.1925	1467.0000
79	0.7272	0.6395	0.5066	0.6569	0.1526	0.8201	19.4000	0.1042	1493.0000	282.0000	0.1889	1495.0000
80	0.6998	0.6440	0.5105	0.6271	0.1523	0.8087	19.4000	0.1101	1481.0000	306.0000	0.2066	1483.0000
81	0.6879	0.6399	0.5142	0.6633	0.1521	0.8139	19.6000	0.1087	1401.0000	300.0000	0.2141	1403.0000
82	0.6807	0.6386	0.4983	0.6363	0.1548	0.8098	19.4000	0.1122	1481.0000	283.0000	0.1911	1483.0000
83	0.7029	0.6382	0.5041	0.6450	0.1510	0.8258	19.4000	0.0927	1445.0000	288.0000	0.1993	1447.0000
84	0.7108	0.6370	0.5078	0.6356	0.1526	0.8257	19.3000	0.1030	1489.0000	270.0000	0.1813	1493.0000
85	0.7109	0.6354	0.4959	0.6456	0.1489	0.8244	19.4000	0.1089	1432.0000	286.0000	0.1997	1434.0000
86	0.7004	0.6395	0.5048	0.6326	0.1462	0.8238	19.7000	0.1118	1452.0000	291.0000	0.2004	1455.0000
87	0.6920	0.6358	0.4988	0.6286	0.1464	0.8099	19.5000	0.1049	1434.0000	288.0000	0.2008	1437.0000
88	0.7167	0.6386	0.5030	0.6423	0.1479	0.8153	19.6000	0.1238	1440.0000	280.0000	0.1944	1443.0000
89	0.7284	0.6395	0.5027	0.6363	0.1490	0.8224	19.5000	0.1040	1414.0000	276.0000	0.1952	1416.0000
90	0.7072	0.6481	0.5201	0.6438	0.1625	0.8205	19.3000	0.1026	1538.0000	293.0000	0.1905	1540.0000
91	0.7270	0.6419	0.5108	0.6340	0.1543	0.8177	19.4000	0.1094	1479.0000	278.0000	0.1880	1481.0000
92	0.6947	0.6428	0.5118	0.6346	0.1512	0.8211	19.9000	0.1039	1468.0000	289.0000	0.1969	1470.0000
93	0.7233	0.6362	0.5074	0.6498	0.1533	0.8152	19.5000	0.1007	1440.0000	290.0000	0.2014	1442.0000
94	0.7234	0.6362	0.5056	0.6430	0.1496	0.8257	19.6000	0.1060	1450.0000	284.0000	0.1959	1452.0000
95	0.6962	0.6362	0.5024	0.6483	0.1524	0.8088	19.5000	0.1028	1429.0000	296.0000	0.2071	1431.0000
96	0.7032	0.6428	0.5119	0.6424	0.1527	0.8145	19.5000	0.1065	1445.0000	302.0000	0.2090	1447.0000
97	0.7153	0.6378	0.5076	0.6282	0.1537	0.8209	19.4000	0.0854	1491.0000	282.0000	0.1891	1493.0000
98	0.6927	0.6325	0.4996	0.6401	0.1543	0.8042	19.4000	0.1110	1452.0000	297.0000	0.2045	1454.0000
99	0.7270	0.6341	0.5031	0.6484	0.1495	0.8202	19.8000	0.1020	1408.0000	270.0000	0.1918	1410.0000
100	0.7016	0.6428	0.5142	0.6685	0.1562	0.8184	19.4000	0.1148	1425.0000	282.0000	0.1979	1428.0000
101	0.7212	0.6403	0.5146	0.6450	0.1528	0.8318	19.7000	0.0961	1488.0000	268.0000	0.1801	1491.0000
102	0.7184	0.6428	0.5041	0.6350	0.1522	0.8193	19.5000	0.0922	1500.0000	279.0000	0.1860	1502.0000
103	0.7122	0.6477	0.5107	0.6541	0.1527	0.8252	19.5000	0.1098	1496.0000	279.0000	0.1865	1498.0000
104	0.6976	0.6378	0.5023	0.6311	0.1504	0.8050	19.7000	0.1047	1467.0000	290.0000	0.1977	1469.0000
105	0.7159	0.6386	0.5027	0.6284	0.1531	0.8282	19.5000	0.1028	1523.0000	285.0000	0.1871	1525.0000
106	0.7127	0.6358	0.5096	0.6433	0.1444	0.8182	19.5000	0.1141	1392.0000	284.0000	0.2040	1397.0000
107	0.7200	0.6407	0.5033	0.6479	0.1477	0.8209	19.8000	0.1119	1398.0000	275.0000	0.1967	1400.0000
108	0.6898	0.6424	0.5045	0.6586	0.1552	0.8184	19.6000	0.1049	1441.0000	279.0000	0.1936	1443.0000
109	0.6937	0.6354	0.5031	0.6279	0.1576	0.8190	19.7000	0.0940	1534.0000	285.0000	0.1858	1536.0000
110	0.7117	0.6428	0.5128	0.6277	0.1526	0.8181	19.5000	0.1128	1462.0000	283.0000	0.1936	1464.0000
111	0.6990	0.6407	0.5116	0.6335	0.1534	0.8186	19.1000	0.1146	1495.0000	296.0000	0.1980	1497.0000
112	0.7241	0.6432	0.5102	0.6401	0.1497	0.8225	19.6000	0.1011	1456.0000	281.0000	0.1930	1458.0000
113	0.7184	0.6370	0.4946	0.6375	0.1436	0.8240	19.5000	0.1175	1399.0000	280.0000	0.2001	1401.0000
114	0.6767	0.6354	0.5060	0.6548	0.1540	0.8187	19.4000	0.1048	1425.0000	278.0000	0.1951	1427.0000
115	0.7069	0.6424	0.5167	0.6603	0.1540	0.8308	19.5000	0.0948	1454.0000	267.0000	0.1836	1462.0000
116	0.7218	0.6415	0.5117	0.6417	0.1505	0.8250	19.7000	0.1040	1428.0000	285.0000	0.1996	1430.0000
117	0.7105	0.6382	0.4918	0.6388	0.1532	0.8279	19.6000	0.0881	1469.0000	277.0000	0.1886	1471.0000
118	0.7351	0.6362	0.5020	0.6204	0.1534	0.8088	19.5000	0.1082	1490.0000	303.0000	0.2034	1492.0000
119	0.7120	0.6370	0.5102	0.6500	0.1583	0.8323	19.7000	0.1019	1476.0000	276.0000	0.1870	1479.0000
120	0.6998	0.6403	0.5161	0.6268	0.1530	0.8150	19.7000	0.1040	1459.0000	289.0000	0.1981	1461.0000
121	0.6966	0.6366	0.5066	0.6419	0.1486	0.8156	19.4000	0.1172	1433.0000	283.0000	0.1975	1435.0000
122	0.7226	0.6444	0.5074	0.6547	0.1548	0.8219	20.0000	0.1045	1486.0000	283.0000	0.1904	1488.0000
123	0.7018	0.6391	0.5075	0.6549	0.1494	0.8206	19.7000	0.1094	1395.0000	278.0000	0.1993	1399.0000
124	0.7300	0.6362	0.5010	0.6242	0.1495	0.8163	19.5000	0.1019	1441.0000	287.0000	0.1992	1445.0000
125	0.7045	0.6436	0.5117	0.6633	0.1570	0.8242	19.6000	0.0899	1492.0000	286.0000	0.1917	1498.0000
126	0.6987	0.6407	0.5111	0.6644	0.1520	0.8101	19.3000	0.1098	1414.0000	285.0000	0.2016	1416.0000
127	0.7157	0.6378	0.5078	0.6367	0.1504	0.8353	19.6000	0.1044	1492.0000	278.0000	0.1863	1494.0000
128	0.7045	0.6354	0.5022	0.6377	0.1488	0.8248	19.4000	0.1057	1443.0000	283.0000	0.1961	1445.0000
129	0.7064	0.6382	0.5037	0.6310	0.1503	0.8202	19.8000	0.1149	1430.0000	281.0000	0.1965	1432.0000
130	0.6814	0.6304	0.5010	0.6272	0.1486	0.8104	19.4000	0.1186	1417.0000	282.0000	0.1990	1420.0000
131	0.7258	0.6399	0.5072	0.6302	0.1528	0.8126	19.7000	0.0997	1460.0000	296.0000	0.2027	1462.0000
132	0.7239	0.6498	0.5111	0.6149	0.1567	0.8189	19.4000	0.0998	1524.0000	306.0000	0.2008	1526.0000
133	0.7259	0.6366	0.4934	0.6500	0.1485	0.8255	19.5000	0.0932	1398.0000	288.0000	0.2060	1400.0000
134	0.7244	0.6378	0.4997	0.6419	0.1498	0.8206	19.5000	0.1033	1429.0000	305.0000	0.2134	1431.0000
135	0.7082	0.6382	0.5075	0.6422	0.1493	0.8170	19.4000	0.1087	1458.0000	287.0000	0.1968	1460.0000
136	0.7023	0.6452	0.5032	0.6450	0.1546	0.8137	19.6000	0.0952	1427.0000	278.0000	0.1948	1429.0000
137	0.7329	0.6403	0.5132	0.6401	0.1520	0.8226	19.4000	0.1071	1448.0000	290.0000	0.2003	1450.0000
138	0.7102	0.6419	0.5091	0.6487	0.1535	0.8195	19.8000	0.1056	1440.0000	285.0000	0.1979	1442.0000
139	0.6962	0.6349	0.5055	0.6437	0.1532	0.8180	19.8000	0.1057	1448.0000	281.0000	0.1941	1450.0000
140	0.7251	0.6370	0.5066	0.6601	0.1495	0.8237	19.5000	0.1010	1415.0000	261.0000	0.1845	1417.0000
141	0.6967	0.6358	0.5019	0.6414	0.1519	0.8090	19.6000	0.1103	1442.0000	287.0000	0.1990	1444.0000
142	0.7011	0.6370	0.5043	0.6530	0.1540	0.8302	19.6000	0.1112	1456.0000	268.0000	0.1841	1459.0000
143	0.6946	0.6362	0.5083	0.6360	0.1539	0.8147	19.8000	0.0997	1462.0000	289.0000	0.1977	1464.0000
144	0.7318	0.6386	0.5035	0.6574	0.1474	0.8192	19.8000	0.1132	1415.0000	290.0000	0.2049	1417.0000
145	0.7042	0.6419	0.5116	0.6370	0.1523	0.8218	19.5000	0.1111	1462.0000	295.0000	0.2018	1464.0000
146	0.7027	0.6395	0.5023	0.6597	0.1498	0.8207	19.3000	0.1101	1438.0000	277.0000	0.1926	1444.0000
147	0.7098	0.6461	0.5088	0.6342	0.1554	0.8166	19.4000	0.1059	1461.0000	285.0000	0.1951	1463.0000
148	0.7076	0.6395	0.5174	0.6305	0.1547	0.8179	19.4000	0.1039	1482.0000	280.0000	0.1889	1484.0000
149	0.7313	0.6399	0.5014	0.6118	0.1518	0.8078	19.5000	0.1034	1502.0000	303.0000	0.2017	1510.0000
150	0.7240	0.6366	0.5101	0.6388	0.1484	0.8218	19.5000	0.1191	1452.0000	285.0000	0.1963	1454.0000
151	0.6934	0.6386	0.5127	0.6376	0.1575	0.8202	19.6000	0.0878	1559.0000	281.0000	0.1802	1561.0000
152	0.6951	0.6366	0.4979	0.6266	0.1498	0.8028	19.1000	0.0974	1447.0000	285.0000	0.1970	1449.0000
153	0.7306	0.6382	0.5080	0.6164	0.1555	0.8277	19.4000	0.0850	1519.0000	284.0000	0.1870	1521.0000
154	0.7027	0.6428	0.5142	0.6393	0.1543	0.8228	19.5000	0.1114	1490.0000	289.0000	0.1940	1492.0000
155	0.6970	0.6419	0.5150	0.6328	0.1566	0.8116	19.4000	0.0992	1479.0000	307.0000	0.2076	1481.0000
156	0.7146	0.6419	0.5079	0.6445	0.1505	0.8171	19.7000	0.1166	1438.0000	286.0000	0.1989	1441.0000
157	0.7215	0.6419	0.5073	0.6363	0.1579	0.8216	19.7000	0.0929	1541.0000	288.0000	0.1869	1543.0000
158	0.7079	0.6378	0.5021	0.6480	0.1477	0.8119	19.7000	0.1143	1395.0000	300.0000	0.2151	1397.0000
159	0.7206	0.6374	0.4931	0.6415	0.1473	0.8238	19.3000	0.0983	1459.0000	285.0000	0.1953	1461.0000
160	0.6963	0.6432	0.5170	0.6293	0.1534	0.8171	19.8000	0.1007	1467.0000	300.0000	0.2045	1469.0000
161	0.7026	0.6337	0.5040	0.6329	0.1489	0.8206	19.8000	0.0985	1474.0000	297.0000	0.2015	1476.0000
162	0.6889	0.6362	0.5064	0.6108	0.1460	0.8169	19.3000	0.1124	1472.0000	292.0000	0.1984	1474.0000
163	0.7000	0.6428	0.5175	0.6361	0.1539	0.8225	19.6000	0.1212	1467.0000	286.0000	0.1950	1469.0000
164	0.7215	0.6370	0.5069	0.6495	0.1533	0.8221	19.4000	0.0870	1451.0000	278.0000	0.1916	1453.0000
165	0.7075	0.6419	0.5071	0.6489	0.1517	0.8216	19.6000	0.1036	1455.0000	272.0000	0.1869	1457.0000
166	0.7276	0.6428	0.5053	0.6297	0.1556	0.8183	19.6000	0.1098	1484.0000	300.0000	0.2022	1486.0000
167	0.7254	0.6378	0.4991	0.6430	0.1438	0.8288	19.5000	0.0982	1403.0000	276.0000	0.1967	1405.0000
168	0.7233	0.6391	0.5068	0.6264	0.1523	0.8110	19.5000	0.1130	1462.0000	288.0000	0.1970	1467.0000
169	0.7231	0.6378	0.5091	0.6465	0.1537	0.8063	19.6000	0.1238	1478.0000	302.0000	0.2043	1480.0000
170	0.6855	0.6382	0.5059	0.6385	0.1525	0.8183	19.4000	0.1007	1490.0000	300.0000	0.2013	1492.0000
171	0.7246	0.6378	0.5049	0.6280	0.1535	0.8186	19.5000	0.1058	1473.0000	301.0000	0.2043	1475.0000
172	0.7096	0.6444	0.5102	0.6397	0.1514	0.8167	19.6000	0.1022	1452.0000	276.0000	0.1901	1456.0000
173	0.7015	0.6337	0.5062	0.6349	0.1484	0.8214	19.8000	0.0993	1450.0000	279.0000	0.1924	1452.0000
174	0.7081	0.6382	0.5056	0.6358	0.1481	0.8222	19.6000	0.1014	1447.0000	279.0000	0.1928	1449.0000
175	0.7102	0.6428	0.5114	0.6297	0.1566	0.8014	19.6000	0.1158	1461.0000	306.0000	0.2094	1465.0000
176	0.6967	0.6374	0.5051	0.6539	0.1561	0.8120	19.5000	0.1177	1468.0000	282.0000	0.1921	1472.0000
177	0.7156	0.6428	0.5064	0.6424	0.1474	0.8127	19.7000	0.1029	1402.0000	298.0000	0.2126	1404.0000
178	0.7182	0.6391	0.5064	0.6194	0.1516	0.8302	19.7000	0.1052	1490.0000	276.0000	0.1852	1492.0000
179	0.7031	0.6374	0.5079	0.6393	0.1578	0.8120	19.4000	0.1089	1468.0000	295.0000	0.2010	1470.0000
180	0.7079	0.6399	0.5039	0.6314	0.1485	0.8205	19.6000	0.1019	1434.0000	293.0000	0.2043	1436.0000
181	0.7089	0.6411	0.5096	0.6275	0.1528	0.8125	19.7000	0.1001	1516.0000	297.0000	0.1959	1518.0000
182	0.7178	0.6349	0.4964	0.6292	0.1453	0.8131	19.6000	0.0964	1420.0000	283.0000	0.1993	1422.0000
183	0.7179	0.6403	0.5117	0.6339	0.1523	0.8138	19.8000	0.1170	1452.0000	286.0000	0.1970	1454.0000
184	0.7087	0.6374	0.5007	0.6417	0.1460	0.8162	19.6000	0.1066	1420.0000	276.0000	0.1944	1422.0000
185	0.7377	0.6378	0.5055	0.6552	0.1507	0.8274	19.4000	0.0913	1432.0000	284.0000	0.1983	1434.0000
186	0.6934	0.6362	0.5100	0.6365	0.1505	0.8150	19.3000	0.0994	1442.0000	290.0000	0.2011	1444.0000
187	0.7032	0.6407	0.5078	0.6379	0.1546	0.8081	19.6000	0.1211	1492.0000	296.0000	0.1984	1494.0000
188	0.6997	0.6428	0.5095	0.6453	0.1577	0.8275	19.7000	0.0835	1488.0000	273.0000	0.1835	1493.0000
189	0.7021	0.6403	0.5043	0.6369	0.1526	0.8270	19.6000	0.0908	1515.0000	281.0000	0.1855	1517.0000
190	0.7162	0.6448	0.5109	0.6321	0.1509	0.8135	19.5000	0.1119	1459.0000	282.0000	0.1933	1461.0000
191	0.6978	0.6386	0.5059	0.6326	0.1600	0.8099	19.6000	0.1049	1501.0000	298.0000	0.1985	1503.0000
192	0.7218	0.6419	0.5065	0.6498	0.1511	0.8303	19.4000	0.1034	1450.0000	270.0000	0.1862	1452.0000
193	0.7016	0.6391	0.5059	0.6437	0.1545	0.8092	19.7000	0.1109	1449.0000	286.0000	0.1974	1453.0000
194	0.7064	0.6362	0.5037	0.6333	0.1457	0.8254	19.5000	0.1061	1442.0000	290.0000	0.2011	1444.0000
195	0.7063	0.6341	0.5085	0.6586	0.1571	0.8335	19.6000	0.1002	1493.0000	273.0000	0.1829	1496.0000
196	0.7261	0.6440	0.5117	0.6170	0.1555	0.8141	19.5000	0.1061	1503.0000	297.0000	0.1976	1507.0000
197	0.7005	0.6395	0.5151	0.6484	0.1544	0.8133	19.4000	0.1090	1462.0000	275.0000	0.1881	1464.0000
198	0.7125	0.6411	0.5093	0.6456	0.1473	0.8243	19.9000	0.1160	1409.0000	278.0000	0.1973	1411.0000
199	0.7077	0.6395	0.5011	0.6211	0.1496	0.8131	19.4000	0.1088	1475.0000	305.0000	0.2068	1477.0000
200	0.7287	0.6395	0.5174	0.6469	0.1570	0.8335	19.3000	0.0874	1513.0000	271.0000	0.1791	1515.0000
201	0.7046	0.6374	0.4974	0.6398	0.1530	0.8154	19.6000	0.1019	1438.0000	300.0000	0.2086	1440.0000
202	0.6974	0.6457	0.5120	0.6434	0.1556	0.8259	19.6000	0.1036	1456.0000	280.0000	0.1923	1458.0000
203	0.7023	0.6411	0.5123	0.6362	0.1547	0.8035	19.6000	0.1140	1505.0000	298.0000	0.1980	1507.0000
204	0.7019	0.6382	0.5039	0.6425	0.1568	0.8067	19.5000	0.0967	1496.0000	290.0000	0.1939	1498.0000
205	0.7094	0.6386	0.5080	0.6395	0.1553	0.8218	19.4000	0.0991	1462.0000	274.0000	0.1874	1464.0000
206	0.6958	0.6411	0.5063	0.6533	0.1508	0.7995	19.9000	0.1226	1395.0000	298.0000	0.2136	1398.0000
207	0.7388	0.6419	0.5142	0.6413	0.1533	0.8134	19.3000	0.1008	1426.0000	291.0000	0.2041	1428.0000
208	0.6756	0.6403	0.5131	0.6472	0.1573	0.8085	19.7000	0.1102	1480.0000	296.0000	0.2000	1483.0000
209	0.7202	0.6494	0.5121	0.6362	0.1494	0.8164	19.8000	0.1193	1415.0000	294.0000	0.2078	1417.0000
210	0.7208	0.6428	0.5208	0.6656	0.1555	0.8228	19.4000	0.1008	1475.0000	271.0000	0.1837	1481.0000
211	0.6968	0.6391	0.5085	0.6350	0.1529	0.8236	19.5000	0.1100	1465.0000	268.0000	0.1829	1467.0000
212	0.7176	0.6366	0.5008	0.6546	0.1505	0.8196	19.7000	0.1119	1429.0000	292.0000	0.2043	1431.0000
213	0.7290	0.6428	0.5075	0.6465	0.1567	0.8265	19.5000	0.1066	1464.0000	289.0000	0.1974	1466.0000
214	0.7332	0.6395	0.4999	0.6415	0.1514	0.8277	19.4000	0.1036	1467.0000	277.0000	0.1888	1469.0000
215	0.6990	0.6399	0.5067	0.6270	0.1527	0.8029	19.7000	0.1075	1450.0000	300.0000	0.2069	1452.0000
216	0.7095	0.6424	0.5124	0.6479	0.1543	0.8227	19.8000	0.0985	1436.0000	277.0000	0.1929	1438.0000
217	0.7175	0.6370	0.5063	0.6376	0.1523	0.8199	19.5000	0.0970	1476.0000	282.0000	0.1911	1483.0000
218	0.7014	0.6370	0.5055	0.6505	0.1591	0.8162	19.5000	0.1019	1499.0000	282.0000	0.1881	1502.0000
219	0.7222	0.6411	0.5113	0.6452	0.1505	0.8296	19.6000	0.1038	1462.0000	270.0000	0.1847	1465.0000
220	0.7064	0.6391	0.5110	0.6613	0.1520	0.8350	19.4000	0.0987	1434.0000	278.0000	0.1939	1436.0000
221	0.6950	0.6362	0.5049	0.6381	0.1513	0.8282	19.5000	0.0993	1459.0000	268.0000	0.1837	1461.0000
222	0.7206	0.6407	0.5008	0.6443	0.1517	0.8191	19.4000	0.0907	1458.0000	273.0000	0.1872	1460.0000
223	0.7181	0.6329	0.5029	0.6429	0.1513	0.8286	19.5000	0.1037	1451.0000	281.0000	0.1937	1453.0000
224	0.6971	0.6337	0.5022	0.6363	0.1500	0.8254	19.6000	0.0948	1445.0000	267.0000	0.1848	1449.0000
225	0.7154	0.6362	0.5107	0.6472	0.1553	0.8196	19.6000	0.0944	1418.0000	286.0000	0.2017	1420.0000
226	0.7227	0.6349	0.5100	0.6312	0.1546	0.8187	19.5000	0.1028	1501.0000	283.0000	0.1885	1503.0000
227	0.7015	0.6337	0.5012	0.6472	0.1507	0.8150	19.5000	0.1051	1465.0000	287.0000	0.1959	1467.0000
228	0.7163	0.6378	0.5013	0.6339	0.1509	0.8197	19.2000	0.1174	1456.0000	282.0000	0.1937	1458.0000
229	0.7076	0.6382	0.5109	0.6383	0.1583	0.8089	19.3000	0.1049	1492.0000	294.0000	0.1971	1494.0000
230	0.7463	0.6395	0.5052	0.6292	0.1476	0.8272	19.7000	0.1031	1396.0000	276.0000	0.1977	1398.0000
231	0.7173	0.6333	0.5129	0.6414	0.1528	0.8172	19.3000	0.0910	1463.0000	278.0000	0.1900	1465.0000
232	0.7140	0.6428	0.5065	0.6407	0.1536	0.8252	19.6000	0.1063	1486.0000	272.0000	0.1830	1488.0000
233	0.7198	0.6436	0.5101	0.6339	0.1513	0.8206	19.7000	0.1075	1464.0000	287.0000	0.1960	1466.0000
234	0.7199	0.6436	0.5118	0.6549	0.1538	0.8235	19.6000	0.1087	1457.0000	271.0000	0.1860	1460.0000
235	0.6870	0.6391	0.5032	0.6502	0.1454	0.8252	19.6000	0.1045	1396.0000	275.0000	0.1970	1398.0000
236	0.7175	0.6370	0.5006	0.6395	0.1478	0.8151	19.7000	0.0998	1461.0000	288.0000	0.1971	1463.0000
237	0.7111	0.6395	0.5017	0.6358	0.1476	0.8211	19.8000	0.1094	1471.0000	300.0000	0.2039	1473.0000
238	0.6921	0.6407	0.5106	0.6229	0.1532	0.7995	19.5000	0.1134	1452.0000	303.0000	0.2087	1454.0000
239	0.7343	0.6415	0.5091	0.6255	0.1434	0.8292	19.1000	0.1081	1415.0000	286.0000	0.2021	1417.0000
240	0.7406	0.6345	0.5117	0.6403	0.1499	0.8275	19.3000	0.1046	1396.0000	270.0000	0.1934	1398.0000
241	0.6931	0.6366	0.5054	0.6424	0.1529	0.8238	19.6000	0.1008	1455.0000	267.0000	0.1835	1457.0000
242	0.7066	0.6374	0.5073	0.6380	0.1525	0.8151	19.6000	0.1105	1464.0000	291.0000	0.1988	1467.0000
243	0.6977	0.6399	0.5087	0.6321	0.1548	0.8021	19.7000	0.1311	1476.0000	308.0000	0.2087	1478.0000
244	0.7089	0.6349	0.5072	0.6533	0.1570	0.8285	19.7000	0.0948	1434.0000	260.0000	0.1813	1436.0000
245	0.7249	0.6382	0.5027	0.6450	0.1473	0.8163	19.5000	0.1088	1455.0000	281.0000	0.1931	1458.0000
246	0.6961	0.6325	0.5081	0.6369	0.1506	0.8122	19.3000	0.1170	1429.0000	295.0000	0.2064	1431.0000
247	0.7233	0.6370	0.5023	0.6282	0.1523	0.8337	19.2000	0.0998	1524.0000	279.0000	0.1831	1526.0000
248	0.7099	0.6399	0.5111	0.6359	0.1603	0.8140	19.8000	0.1052	1483.0000	285.0000	0.1922	1485.0000
249	0.7009	0.6378	0.5070	0.6359	0.1524	0.8260	19.4000	0.0949	1470.0000	285.0000	0.1939	1472.0000
250	0.6976	0.6411	0.5039	0.6545	0.1518	0.8205	19.5000	0.1024	1472.0000	280.0000	0.1902	1474.0000
251	0.7239	0.6362	0.5118	0.6505	0.1563	0.8129	19.6000	0.1134	1443.0000	271.0000	0.1878	1446.0000
252	0.7111	0.6395	0.5073	0.6510	0.1534	0.8191	19.8000	0.1006	1430.0000	283.0000	0.1979	1432.0000
253	0.6974	0.6403	0.5014	0.6478	0.1528	0.8311	19.6000	0.1021	1436.0000	261.0000	0.1818	1438.0000
254	0.7109	0.6345	0.5040	0.6450	0.1503	0.8224	19.5000	0.1151	1462.0000	271.0000	0.1854	1465.0000
255	0.6965	0.6419	0.5067	0.6436	0.1543	0.8241	19.2000	0.1053	1477.0000	280.0000	0.1896	1479.0000
256	0.7134	0.6349	0.5028	0.6415	0.1497	0.8254	19.6000	0.0973	1455.0000	280.0000	0.1924	1457.0000
257	0.7184	0.6370	0.5012	0.6349	0.1512	0.8126	19.3000	0.0969	1430.0000	285.0000	0.1993	1432.0000
258	0.6927	0.6337	0.5130	0.6524	0.1563	0.8174	19.7000	0.1041	1429.0000	279.0000	0.1952	1431.0000
259	0.7126	0.6358	0.5051	0.6451	0.1536	0.8236	19.4000	0.1034	1438.0000	277.0000	0.1926	1440.0000
260	0.7103	0.6436	0.5011	0.6532	0.1509	0.8217	19.8000	0.0980	1472.0000	287.0000	0.1950	1474.0000
261	0.7242	0.6448	0.5092	0.6488	0.1555	0.8151	19.6000	0.1089	1482.0000	279.0000	0.1883	1484.0000
262	0.7234	0.6391	0.5095	0.6447	0.1536	0.8200	19.8000	0.1060	1450.0000	292.0000	0.2014	1452.0000
263	0.7273	0.6386	0.5113	0.6365	0.1548	0.8153	19.5000	0.1115	1453.0000	289.0000	0.1989	1455.0000
264	0.7214	0.6391	0.5076	0.6325	0.1535	0.8143	19.4000	0.1121	1540.0000	297.0000	0.1929	1542.0000
265	0.7226	0.6374	0.4977	0.6544	0.1511	0.8169	19.5000	0.1034	1423.0000	281.0000	0.1975	1426.0000
266	0.6956	0.6399	0.5070	0.6358	0.1464	0.8241	19.5000	0.1016	1453.0000	270.0000	0.1858	1455.0000
267	0.7047	0.6440	0.5048	0.6388	0.1541	0.8303	19.6000	0.1088	1500.0000	280.0000	0.1867	1502.0000
268	0.7142	0.6366	0.5038	0.6404	0.1518	0.8222	19.4000	0.1082	1437.0000	290.0000	0.2018	1440.0000
269	0.7236	0.6345	0.5067	0.6319	0.1513	0.8205	19.8000	0.0930	1472.0000	294.0000	0.1997	1474.0000
270	0.7044	0.6362	0.5067	0.6539	0.1546	0.8194	19.8000	0.1065	1399.0000	273.0000	0.1951	1401.0000
271	0.7171	0.6419	0.5037	0.6258	0.1457	0.8191	19.6000	0.1100	1444.0000	301.0000	0.2084	1446.0000
272	0.7132	0.6391	0.5066	0.6365	0.1540	0.8156	19.2000	0.1014	1507.0000	284.0000	0.1885	1509.0000
273	0.7197	0.6432	0.5184	0.6604	0.1589	0.8177	19.7000	0.1083	1463.0000	283.0000	0.1934	1465.0000
274	0.6936	0.6415	0.5054	0.6480	0.1529	0.8051	19.7000	0.1070	1447.0000	296.0000	0.2046	1449.0000
275	0.7024	0.6370	0.5076	0.6756	0.1499	0.8243	19.7000	0.1085	1433.0000	272.0000	0.1898	1435.0000
276	0.7278	0.6403	0.4975	0.6344	0.1475	0.8118	19.3000	0.1225	1443.0000	311.0000	0.2155	1445.0000
277	0.7216	0.6407	0.5087	0.6508	0.1573	0.8273	19.2000	0.1096	1532.0000	274.0000	0.1789	1535.0000
278	0.7084	0.6399	0.5056	0.6419	0.1511	0.8208	19.6000	0.0992	1478.0000	280.0000	0.1894	1480.0000
279	0.7117	0.6354	0.5027	0.6472	0.1549	0.8038	19.6000	0.1153	1436.0000	284.0000	0.1978	1440.0000
280	0.7221	0.6440	0.5038	0.6253	0.1573	0.8311	19.4000	0.0904	1497.0000	264.0000	0.1764	1499.0000
281	0.7116	0.6354	0.5012	0.6461	0.1510	0.8298	19.9000	0.0830	1454.0000	270.0000	0.1857	1458.0000
282	0.7189	0.6395	0.5049	0.6365	0.1516	0.8160	19.3000	0.1147	1423.0000	289.0000	0.2031	1425.0000
283	0.7178	0.6354	0.4990	0.6359	0.1492	0.8211	19.7000	0.1069	1474.0000	300.0000	0.2035	1476.0000
284	0.7100	0.6432	0.5116	0.6173	0.1537	0.8218	19.4000	0.1109	1481.0000	290.0000	0.1958	1483.0000
285	0.7404	0.6345	0.5056	0.6381	0.1515	0.8244	19.6000	0.1082	1449.0000	275.0000	0.1898	1451.0000
286	0.7183	0.6436	0.5110	0.6366	0.1546	0.8181	19.6000	0.0946	1463.0000	289.0000	0.1975	1468.0000
287	0.7063	0.6321	0.4954	0.6010	0.1474	0.7989	19.4000	0.1056	1442.0000	296.0000	0.2053	1444.0000
288	0.7221	0.6358	0.4972	0.6398	0.1492	0.8184	19.3000	0.1064	1438.0000	270.0000	0.1878	1444.0000
289	0.7155	0.6444	0.5071	0.6551	0.1520	0.8241	19.3000	0.0936	1506.0000	281.0000	0.1866	1508.0000
290	0.7240	0.6407	0.5100	0.6264	0.1496	0.8117	19.5000	0.1166	1430.0000	297.0000	0.2077	1432.0000
291	0.7135	0.6370	0.5109	0.6636	0.1517	0.8270	19.7000	0.1055	1457.0000	270.0000	0.1853	1459.0000
292	0.7128	0.6374	0.5075	0.6382	0.1513	0.8160	19.6000	0.0952	1456.0000	303.0000	0.2081	1458.0000
293	0.7329	0.6432	0.5039	0.6454	0.1526	0.8333	19.8000	0.0890	1480.0000	278.0000	0.1878	1482.0000
294	0.7174	0.6358	0.4954	0.6460	0.1490	0.8113	19.8000	0.1210	1442.0000	301.0000	0.2087	1444.0000
295	0.7018	0.6428	0.5069	0.6337	0.1485	0.8155	19.7000	0.1077	1450.0000	277.0000	0.1910	1453.0000
296	0.7406	0.6374	0.5000	0.6359	0.1447	0.8189	19.6000	0.1106	1415.0000	281.0000	0.1986	1417.0000
297	0.6907	0.6378	0.5070	0.6402	0.1524	0.8275	19.5000	0.1045	1504.0000	284.0000	0.1888	1506.0000
298	0.7231	0.6399	0.5104	0.6289	0.1528	0.8223	19.6000	0.1002	1509.0000	286.0000	0.1895	1511.0000
299	0.7212	0.6354	0.5079	0.6389	0.1549	0.8203	19.5000	0.1082	1458.0000	283.0000	0.1941	1460.0000
300	0.7187	0.6374	0.5044	0.6303	0.1478	0.8142	19.4000	0.1067	1430.0000	295.0000	0.2063	1432.0000
301	0.7063	0.6411	0.5150	0.6323	0.1564	0.8154	19.5000	0.1007	1530.0000	294.0000	0.1922	1532.0000
302	0.7091	0.6366	0.5108	0.6417	0.1506	0.8286	19.2000	0.0919	1494.0000	282.0000	0.1888	1497.0000
303	0.7089	0.6407	0.5151	0.6793	0.1583	0.8156	19.1000	0.1130	1472.0000	281.0000	0.1909	1476.0000
304	0.7082	0.6395	0.4985	0.6464	0.1526	0.8097	19.6000	0.1077	1474.0000	285.0000	0.1934	1476.0000
305	0.7222	0.6469	0.5145	0.6367	0.1514	0.8219	19.6000	0.1005	1455.0000	280.0000	0.1924	1457.0000
306	0.6954	0.6333	0.5073	0.6434	0.1529	0.8153	19.6000	0.1153	1475.0000	278.0000	0.1885	1477.0000
307	0.6809	0.6378	0.5061	0.6510	0.1551	0.8183	19.6000	0.0978	1454.0000	275.0000	0.1891	1456.0000
308	0.7074	0.6366	0.4984	0.6336	0.1528	0.8205	19.5000	0.0970	1454.0000	274.0000	0.1884	1456.0000
309	0.6642	0.6382	0.5083	0.6293	0.1513	0.8087	19.6000	0.1081	1458.0000	291.0000	0.1996	1460.0000
310	0.7119	0.6362	0.5097	0.6365	0.1559	0.8188	19.8000	0.1035	1532.0000	280.0000	0.1828	1534.0000
311	0.7067	0.6386	0.4993	0.6294	0.1508	0.8162	19.7000	0.1063	1472.0000	278.0000	0.1889	1475.0000
312	0.7230	0.6349	0.5018	0.6572	0.1488	0.8132	19.7000	0.1137	1389.0000	289.0000	0.2081	1395.0000
313	0.6992	0.6403	0.5012	0.6229	0.1489	0.8240	19.6000	0.0858	1494.0000	288.0000	0.1928	1496.0000
314	0.6994	0.6345	0.5031	0.6100	0.1530	0.8224	19.8000	0.0961	1489.0000	282.0000	0.1894	1491.0000
315	0.7103	0.6374	0.5005	0.6372	0.1565	0.8256	19.4000	0.0940	1528.0000	294.0000	0.1924	1530.0000
316	0.6938	0.6395	0.5046	0.6288	0.1509	0.8064	19.7000	0.1017	1464.0000	300.0000	0.2049	1466.0000
317	0.7048	0.6411	0.5103	0.6406	0.1538	0.8186	19.6000	0.1104	1456.0000	295.0000	0.2026	1458.0000
318	0.7121	0.6354	0.5026	0.6335	0.1552	0.8207	19.6000	0.1077	1452.0000	289.0000	0.1990	1454.0000
319	0.7078	0.6358	0.5085	0.6466	0.1545	0.8294	19.6000	0.1007	1443.0000	269.0000	0.1864	1445.0000
320	0.6999	0.6415	0.5091	0.6194	0.1524	0.8192	19.6000	0.1025	1499.0000	278.0000	0.1855	1501.0000
321	0.7113	0.6349	0.5110	0.6503	0.1573	0.8202	19.3000	0.1049	1479.0000	273.0000	0.1846	1481.0000
322	0.7093	0.6399	0.5097	0.6578	0.1571	0.8256	19.6000	0.0877	1488.0000	278.0000	0.1868	1490.0000
323	0.7213	0.6448	0.5077	0.6197	0.1499	0.8219	19.8000	0.1045	1508.0000	295.0000	0.1956	1510.0000
324	0.6903	0.6411	0.5075	0.6495	0.1546	0.8199	19.5000	0.1058	1468.0000	291.0000	0.1982	1470.0000
325	0.6913	0.6415	0.5064	0.6191	0.1516	0.8120	19.6000	0.1048	1459.0000	293.0000	0.2008	1461.0000
326	0.7041	0.6395	0.5184	0.6453	0.1612	0.8101	19.9000	0.0917	1493.0000	282.0000	0.1889	1495.0000
327	0.7233	0.6428	0.5015	0.6580	0.1555	0.8169	20.0000	0.1088	1427.0000	296.0000	0.2074	1429.0000
328	0.6890	0.6358	0.5067	0.6368	0.1542	0.8091	19.5000	0.1194	1506.0000	287.0000	0.1906	1508.0000
329	0.6854	0.6325	0.4997	0.6385	0.1492	0.8059	19.7000	0.1068	1447.0000	284.0000	0.1963	1449.0000
330	0.6904	0.6386	0.5092	0.6417	0.1591	0.8239	19.5000	0.0991	1521.0000	280.0000	0.1841	1523.0000
331	0.6865	0.6428	0.5180	0.6482	0.1547	0.8169	19.5000	0.1118	1454.0000	293.0000	0.2015	1456.0000
332	0.7116	0.6386	0.5116	0.6294	0.1521	0.8201	19.3000	0.1091	1463.0000	292.0000	0.1996	1465.0000
333	0.7047	0.6386	0.5041	0.6197	0.1549	0.7986	19.7000	0.1114	1515.0000	301.0000	0.1987	1517.0000
334	0.6968	0.6341	0.5014	0.6522	0.1508	0.8138	19.3000	0.1136	1445.0000	269.0000	0.1862	1447.0000
335	0.7124	0.6325	0.5029	0.6371	0.1482	0.8186	19.4000	0.1045	1488.0000	279.0000	0.1875	1491.0000
336	0.7236	0.6378	0.5055	0.6424	0.1502	0.8296	19.6000	0.1044	1456.0000	277.0000	0.1902	1458.0000
337	0.6975	0.6399	0.5059	0.6456	0.1512	0.8195	19.8000	0.1119	1454.0000	270.0000	0.1857	1457.0000
338	0.7084	0.6358	0.5069	0.6343	0.1520	0.8265	19.4000	0.0875	1501.0000	266.0000	0.1772	1503.0000
339	0.7027	0.6424	0.5156	0.6487	0.1514	0.8193	19.5000	0.0964	1458.0000	273.0000	0.1872	1462.0000
340	0.7252	0.6382	0.5134	0.6555	0.1528	0.8285	19.4000	0.0975	1435.0000	286.0000	0.1993	1437.0000
341	0.7144	0.6341	0.5029	0.6518	0.1468	0.8194	19.5000	0.0987	1427.0000	277.0000	0.1941	1429.0000
342	0.7405	0.6403	0.5063	0.6287	0.1560	0.8137	19.6000	0.0943	1527.0000	307.0000	0.2010	1535.0000
343	0.7192	0.6354	0.5043	0.6342	0.1548	0.8208	19.9000	0.1068	1509.0000	302.0000	0.2001	1511.0000
344	0.6994	0.6386	0.5060	0.6437	0.1547	0.8141	19.6000	0.1124	1458.0000	278.0000	0.1907	1460.0000
345	0.7368	0.6411	0.5073	0.6442	0.1550	0.8337	19.1000	0.0858	1507.0000	269.0000	0.1785	1509.0000
346	0.7002	0.6444	0.5139	0.6553	0.1548	0.8093	19.7000	0.1249	1453.0000	297.0000	0.2044	1455.0000
347	0.7098	0.6382	0.5090	0.6250	0.1495	0.8206	19.6000	0.0990	1444.0000	283.0000	0.1960	1446.0000
348	0.7154	0.6366	0.5042	0.6387	0.1516	0.8189	19.6000	0.0998	1445.0000	288.0000	0.1993	1447.0000
349	0.7226	0.6333	0.4919	0.6435	0.1507	0.8220	19.3000	0.0936	1440.0000	283.0000	0.1965	1442.0000
350	0.7148	0.6370	0.5040	0.6492	0.1532	0.8143	19.2000	0.1061	1428.0000	279.0000	0.1954	1430.0000
351	0.7325	0.6510	0.5175	0.6281	0.1482	0.8177	19.5000	0.0981	1482.0000	289.0000	0.1950	1484.0000
352	0.7038	0.6378	0.5104	0.6427	0.1537	0.8196	19.6000	0.1035	1474.0000	284.0000	0.1927	1477.0000
353	0.7281	0.6419	0.5037	0.6357	0.1569	0.8115	19.7000	0.1111	1503.0000	305.0000	0.2029	1505.0000
354	0.7185	0.6354	0.5017	0.6450	0.1495	0.8269	19.7000	0.1030	1404.0000	271.0000	0.1930	1406.0000
355	0.6989	0.6424	0.5108	0.6416	0.1491	0.8044	19.3000	0.1009	1448.0000	294.0000	0.2030	1450.0000
356	0.7356	0.6370	0.5004	0.6234	0.1495	0.8241	19.5000	0.0982	1494.0000	282.0000	0.1888	1496.0000
357	0.6966	0.6333	0.5006	0.6349	0.1558	0.8144	19.5000	0.0951	1452.0000	277.0000	0.1908	1454.0000
358	0.7089	0.6366	0.5072	0.6459	0.1460	0.8256	19.7000	0.0984	1418.0000	270.0000	0.1904	1420.0000
359	0.7118	0.6395	0.5091	0.6388	0.1572	0.8241	19.6000	0.1109	1468.0000	275.0000	0.1873	1471.0000
360	0.7114	0.6370	0.5114	0.6404	0.1482	0.8074	19.6000	0.1063	1382.0000	270.0000	0.1954	1384.0000
361	0.7168	0.6419	0.5178	0.6661	0.1539	0.8219	19.4000	0.1092	1396.0000	278.0000	0.1991	1398.0000
362	0.7151	0.6391	0.5088	0.6237	0.1524	0.8192	19.8000	0.1144	1527.0000	301.0000	0.1971	1529.0000
363	0.7313	0.6432	0.5074	0.6566	0.1545	0.8172	19.5000	0.1134	1441.0000	290.0000	0.2012	1443.0000
364	0.7128	0.6391	0.5060	0.6413	0.1546	0.8113	19.9000	0.0996	1483.0000	298.0000	0.2009	1485.0000
365	0.7152	0.6432	0.5117	0.6355	0.1557	0.8174	19.7000	0.1002	1465.0000	297.0000	0.2027	1467.0000
366	0.7229	0.6374	0.5092	0.6292	0.1590	0.8255	19.3000	0.0991	1521.0000	286.0000	0.1880	1523.0000
367	0.7135	0.6419	0.5107	0.6370	0.1475	0.8252	19.6000	0.1128	1414.0000	281.0000	0.1987	1416.0000
368	0.7206	0.6411	0.5098	0.6022	0.1521	0.8212	19.7000	0.0959	1522.0000	292.0000	0.1919	1524.0000
369	0.7024	0.6395	0.5025	0.6397	0.1551	0.8135	19.2000	0.1119	1522.0000	296.0000	0.1945	1524.0000
370	0.6883	0.6407	0.5115	0.6372	0.1516	0.8162	19.7000	0.1033	1464.0000	282.0000	0.1926	1470.0000
371	0.7252	0.6403	0.5031	0.6350	0.1499	0.8332	19.6000	0.0922	1467.0000	282.0000	0.1922	1469.0000
372	0.7189	0.6378	0.5129	0.6209	0.1487	0.8195	19.8000	0.1087	1510.0000	284.0000	0.1881	1513.0000
373	0.7233	0.6370	0.5044	0.6401	0.1535	0.8215	19.4000	0.1110	1480.0000	284.0000	0.1919	1482.0000
374	0.7076	0.6399	0.5014	0.6438	0.1530	0.8096	19.5000	0.1011	1483.0000	285.0000	0.1922	1486.0000
375	0.7000	0.6395	0.5051	0.6264	0.1507	0.8138	19.6000	0.1120	1471.0000	293.0000	0.1992	1473.0000
376	0.7439	0.6362	0.5069	0.6408	0.1524	0.8296	19.2000	0.1053	1434.0000	279.0000	0.1946	1436.0000
377	0.7116	0.6411	0.5036	0.6301	0.1514	0.8280	19.8000	0.0943	1479.0000	281.0000	0.1900	1481.0000
378	0.7131	0.6407	0.5066	0.6391	0.1553	0.8162	19.7000	0.1024	1467.0000	307.0000	0.2093	1469.0000
379	0.7092	0.6411	0.5128	0.6462	0.1529	0.8132	19.8000	0.1091	1459.0000	292.0000	0.2001	1461.0000
380	0.7139	0.6436	0.4988	0.6379	0.1544	0.8259	19.4000	0.1020	1493.0000	289.0000	0.1936	1495.0000
381	0.7242	0.6399	0.5135	0.6367	0.1560	0.8233	19.7000	0.1056	1514.0000	278.0000	0.1836	1516.0000
382	0.7302	0.6415	0.5077	0.6317	0.1488	0.8187	19.6000	0.1111	1460.0000	292.0000	0.2000	1463.0000
383	0.6843	0.6378	0.5121	0.6350	0.1508	0.8053	19.8000	0.1061	1469.0000	284.0000	0.1933	1471.0000
384	0.7059	0.6419	0.5025	0.6433	0.1498	0.8140	19.3000	0.0982	1492.0000	279.0000	0.1870	1496.0000
385	0.7350	0.6366	0.5148	0.6447	0.1497	0.8222	19.5000	0.1042	1402.0000	279.0000	0.1990	1406.0000
386	0.6972	0.6354	0.5011	0.6588	0.1541	0.8251	19.5000	0.1147	1421.0000	281.0000	0.1977	1423.0000
387	0.7306	0.6415	0.5077	0.6406	0.1506	0.8109	19.4000	0.1101	1440.0000	285.0000	0.1979	1446.0000
388	0.7015	0.6432	0.5085	0.6320	0.1537	0.8159	19.7000	0.0975	1459.0000	292.0000	0.2001	1461.0000
389	0.7139	0.6407	0.4996	0.6465	0.1569	0.8223	19.5000	0.1016	1470.0000	285.0000	0.1939	1472.0000
390	0.7023	0.6440	0.5140	0.6494	0.1567	0.8205	19.5000	0.1140	1481.0000	294.0000	0.1985	1483.0000
391	0.7118	0.6436	0.5097	0.6358	0.1553	0.8159	19.5000	0.1036	1515.0000	301.0000	0.1987	1517.0000
392	0.7163	0.6399	0.5077	0.6434	0.1521	0.8264	19.8000	0.0983	1445.0000	278.0000	0.1924	1449.0000
393	0.7241	0.6407	0.5057	0.6384	0.1499	0.8175	19.6000	0.1296	1445.0000	293.0000	0.2028	1448.0000
394	0.7140	0.6403	0.5054	0.6304	0.1507	0.8117	19.6000	0.1146	1409.0000	293.0000	0.2079	1411.0000
395	0.7246	0.6419	0.5139	0.6288	0.1540	0.8085	19.2000	0.1152	1449.0000	295.0000	0.2036	1451.0000
396	0.7186	0.6358	0.5034	0.6207	0.1451	0.8241	19.5000	0.1097	1421.0000	274.0000	0.1928	1423.0000
397	0.7151	0.6428	0.5122	0.6496	0.1560	0.8192	19.5000	0.1141	1488.0000	277.0000	0.1862	1490.0000
398	0.7034	0.6345	0.5081	0.6454	0.1530	0.8045	19.6000	0.1070	1418.0000	304.0000	0.2144	1420.0000
399	0.7120	0.6345	0.5030	0.6508	0.1542	0.8251	19.8000	0.0941	1437.0000	271.0000	0.1886	1439.0000
400	0.6931	0.6424	0.5052	0.6477	0.1550	0.8188	19.7000	0.1093	1486.0000	271.0000	0.1824	1490.0000
401	0.7383	0.6345	0.5078	0.6349	0.1520	0.8255	19.4000	0.0927	1479.0000	286.0000	0.1934	1481.0000
402	0.7194	0.6407	0.5091	0.6474	0.1476	0.8068	19.7000	0.1008	1417.0000	294.0000	0.2075	1425.0000
403	0.7012	0.6349	0.4975	0.6281	0.1548	0.8165	19.2000	0.1144	1468.0000	276.0000	0.1880	1470.0000
404	0.7187	0.6407	0.5166	0.6570	0.1560	0.8293	19.4000	0.0947	1454.0000	264.0000	0.1816	1456.0000
405	0.7076	0.6391	0.5013	0.6390	0.1468	0.8106	19.6000	0.0974	1442.0000	295.0000	0.2046	1444.0000
406	0.7155	0.6415	0.5024	0.6315	0.1528	0.8176	19.6000	0.1046	1485.0000	278.0000	0.1872	1487.0000
407	0.7417	0.6395	0.5024	0.6461	0.1535	0.8314	19.8000	0.0975	1500.0000	287.0000	0.1913	1502.0000
408	0.7166	0.6358	0.5106	0.6366	0.1533	0.8203	19.7000	0.1007	1462.0000	285.0000	0.1949	1464.0000
409	0.7123	0.6391	0.5026	0.6430	0.1536	0.8160	19.3000	0.1067	1412.0000	281.0000	0.1990	1414.0000
410	0.7276	0.6391	0.5055	0.6356	0.1556	0.8177	19.7000	0.0962	1492.0000	285.0000	0.1910	1494.0000
411	0.7062	0.6345	0.5026	0.6418	0.1511	0.8267	19.5000	0.1052	1447.0000	268.0000	0.1852	1449.0000
412	0.7338	0.6403	0.4998	0.6445	0.1469	0.8138	19.5000	0.1142	1379.0000	290.0000	0.2103	1381.0000
413	0.7088	0.6415	0.5081	0.6480	0.1592	0.8128	19.5000	0.1151	1480.0000	286.0000	0.1932	1482.0000
414	0.6933	0.6415	0.5109	0.6540	0.1516	0.8230	19.4000	0.1015	1422.0000	277.0000	0.1948	1424.0000
415	0.6835	0.6382	0.5086	0.6272	0.1502	0.8186	19.7000	0.0917	1518.0000	280.0000	0.1845	1520.0000
416	0.6982	0.6378	0.5052	0.6338	0.1554	0.8206	19.7000	0.1024	1449.0000	285.0000	0.1967	1451.0000
417	0.6967	0.6316	0.4934	0.6179	0.1478	0.8034	19.8000	0.1006	1438.0000	283.0000	0.1968	1440.0000
418	0.7128	0.6424	0.5047	0.6342	0.1497	0.8152	19.7000	0.0993	1426.0000	288.0000	0.2020	1429.0000
419	0.7145	0.6399	0.5103	0.6488	0.1533	0.8282	19.6000	0.0965	1460.0000	282.0000	0.1932	1462.0000
420	0.7327	0.6428	0.5108	0.6438	0.1548	0.8221	19.3000	0.0900	1479.0000	292.0000	0.1974	1481.0000
421	0.7375	0.6354	0.5067	0.6439	0.1516	0.8279	19.8000	0.0976	1479.0000	284.0000	0.1920	1481.0000
422	0.7158	0.6354	0.5016	0.6439	0.1525	0.8149	19.5000	0.1157	1464.0000	296.0000	0.2022	1466.0000
423	0.7187	0.6395	0.5034	0.6356	0.1520	0.8197	19.8000	0.1114	1488.0000	291.0000	0.1956	1490.0000
424	0.6977	0.6333	0.4988	0.6119	0.1470	0.7920	19.2000	0.1279	1414.0000	308.0000	0.2178	1416.0000
425	0.7193	0.6424	0.5172	0.6389	0.1605	0.8287	19.4000	0.0939	1495.0000	263.0000	0.1759	1498.0000
426	0.7159	0.6370	0.5017	0.6414	0.1544	0.8280	19.5000	0.0957	1451.0000	293.0000	0.2019	1453.0000
427	0.7103	0.6358	0.5101	0.6439	0.1550	0.8152	19.6000	0.1147	1488.0000	295.0000	0.1983	1490.0000
428	0.7041	0.6378	0.5089	0.6273	0.1493	0.8177	19.6000	0.1093	1473.0000	299.0000	0.2030	1475.0000
429	0.7247	0.6362	0.4993	0.6384	0.1510	0.8226	19.8000	0.1082	1427.0000	271.0000	0.1899	1430.0000
430	0.7297	0.6424	0.5158	0.6370	0.1552	0.8227	19.6000	0.1013	1500.0000	290.0000	0.1933	1502.0000
431	0.7175	0.6465	0.5208	0.6162	0.1592	0.8185	19.5000	0.1097	1500.0000	274.0000	0.1827	1504.0000
432	0.7112	0.6415	0.5102	0.6421	0.1495	0.8177	19.4000	0.1067	1425.0000	284.0000	0.1993	1430.0000
433	0.7016	0.6386	0.5089	0.6112	0.1567	0.8088	19.5000	0.1063	1534.0000	314.0000	0.2047	1536.0000
434	0.7031	0.6386	0.5089	0.6387	0.1453	0.8030	19.4000	0.1023	1429.0000	303.0000	0.2120	1432.0000
435	0.7121	0.6374	0.5061	0.6347	0.1552	0.8237	19.4000	0.1003	1514.0000	289.0000	0.1909	1516.0000
436	0.6832	0.6444	0.5087	0.6309	0.1564	0.8162	19.8000	0.0992	1503.0000	294.0000	0.1956	1505.0000
437	0.7165	0.6378	0.5038	0.6415	0.1477	0.8205	18.9000	0.0970	1444.0000	284.0000	0.1967	1446.0000
438	0.7049	0.6424	0.5073	0.6371	0.1481	0.8204	19.5000	0.0916	1414.0000	284.0000	0.2008	1416.0000
439	0.7018	0.6407	0.5063	0.6418	0.1522	0.8255	19.3000	0.1064	1481.0000	295.0000	0.1992	1483.0000
440	0.7129	0.6424	0.5129	0.6226	0.1516	0.8263	19.9000	0.0947	1449.0000	291.0000	0.2008	1452.0000
441	0.7327	0.6428	0.5128	0.6534	0.1550	0.8294	19.4000	0.0998	1473.0000	284.0000	0.1928	1475.0000
442	0.6888	0.6407	0.5079	0.6202	0.1542	0.8088	19.4000	0.1246	1522.0000	301.0000	0.1978	1524.0000
443	0.6815	0.6304	0.4998	0.6405	0.1497	0.8100	19.7000	0.1085	1478.0000	288.0000	0.1949	1480.0000
444	0.7360	0.6461	0.5088	0.6397	0.1486	0.8174	19.8000	0.0992	1455.0000	281.0000	0.1931	1458.0000
445	0.7091	0.6370	0.5106	0.6510	0.1484	0.8143	19.7000	0.1265	1410.0000	287.0000	0.2035	1412.0000
446	0.7069	0.6378	0.5066	0.6257	0.1513	0.8221	19.6000	0.0983	1457.0000	289.0000	0.1984	1459.0000
447	0.7123	0.6424	0.5042	0.6302	0.1488	0.8140	19.9000	0.1097	1422.0000	284.0000	0.1997	1424.0000
448	0.7029	0.6403	0.5080	0.6405	0.1505	0.8154	19.5000	0.1065	1461.0000	273.0000	0.1869	1464.0000
449	0.6954	0.6411	0.5107	0.6228	0.1564	0.8175	19.9000	0.1050	1534.0000	284.0000	0.1851	1536.0000
450	0.7265	0.6399	0.5033	0.6596	0.1512	0.8318	19.6000	0.0937	1466.0000	274.0000	0.1869	1468.0000
451	0.7344	0.6354	0.5053	0.6410	0.1506	0.8207	19.3000	0.1006	1435.0000	280.0000	0.1951	1437.0000
452	0.7052	0.6358	0.5112	0.6652	0.1528	0.8162	19.5000	0.1093	1421.0000	274.0000	0.1928	1423.0000
453	0.7098	0.6386	0.5096	0.6444	0.1474	0.8229	19.6000	0.0976	1418.0000	276.0000	0.1946	1420.0000
454	0.7108	0.6358	0.5065	0.6487	0.1539	0.8244	19.3000	0.0971	1437.0000	269.0000	0.1872	1439.0000
455	0.7384	0.6419	0.5071	0.6299	0.1561	0.8323	19.7000	0.0976	1501.0000	280.0000	0.1865	1503.0000
456	0.7288	0.6308	0.4976	0.6435	0.1486	0.8093	19.5000	0.1061	1425.0000	279.0000	0.1958	1428.0000
457	0.7174	0.6386	0.5049	0.6445	0.1503	0.8226	19.7000	0.1145	1433.0000	274.0000	0.1912	1436.0000
458	0.7136	0.6399	0.5066	0.6533	0.1494	0.8202	19.5000	0.1085	1377.0000	260.0000	0.1888	1379.0000
459	0.7141	0.6341	0.5013	0.6199	0.1490	0.8150	19.4000	0.1095	1471.0000	290.0000	0.1971	1474.0000
460	0.7189	0.6424	0.5092	0.6251	0.1565	0.8084	19.3000	0.1064	1524.0000	303.0000	0.1988	1526.0000
461	0.7323	0.6370	0.5132	0.6508	0.1463	0.8156	19.4000	0.1061	1405.0000	301.0000	0.2142	1407.0000
462	0.6885	0.6399	0.5069	0.6612	0.1490	0.8356	19.6000	0.0961	1408.0000	251.0000	0.1783	1410.0000
463	0.7136	0.6370	0.5054	0.6455	0.1541	0.8215	19.6000	0.0999	1474.0000	295.0000	0.2001	1476.0000
464	0.7132	0.6461	0.5220	0.6354	0.1608	0.8313	19.6000	0.0937	1516.0000	288.0000	0.1900	1518.0000
465	0.7031	0.6374	0.5013	0.6605	0.1549	0.8159	19.4000	0.0979	1399.0000	277.0000	0.1980	1401.0000
466	0.7269	0.6378	0.5021	0.6499	0.1467	0.8074	19.4000	0.0992	1376.0000	295.0000	0.2144	1378.0000
467	0.7090	0.6399	0.4993	0.6524	0.1549	0.8113	19.6000	0.1071	1410.0000	300.0000	0.2128	1412.0000
468	0.6740	0.6473	0.5131	0.6381	0.1564	0.8253	19.6000	0.1038	1459.0000	265.0000	0.1816	1471.0000
469	0.7067	0.6358	0.5086	0.6277	0.1513	0.8201	19.4000	0.1117	1492.0000	271.0000	0.1816	1494.0000
470	0.7004	0.6415	0.5044	0.6700	0.1551	0.8175	19.6000	0.1174	1378.0000	284.0000	0.2061	1380.0000
471	0.7021	0.6362	0.4998	0.6365	0.1494	0.8192	19.6000	0.1087	1424.0000	272.0000	0.1910	1427.0000
472	0.7086	0.6407	0.5071	0.6196	0.1517	0.8104	19.6000	0.1037	1501.0000	299.0000	0.1992	1503.0000
473	0.7336	0.6428	0.5056	0.6448	0.1553	0.8141	19.6000	0.1012	1429.0000	284.0000	0.1987	1432.0000
474	0.7352	0.6345	0.5099	0.6574	0.1545	0.8245	19.5000	0.1113	1461.0000	277.0000	0.1896	1463.0000
475	0.7035	0.6374	0.5025	0.6443	0.1496	0.8255	19.6000	0.1003	1441.0000	281.0000	0.1950	1443.0000
476	0.7277	0.6407	0.5002	0.6339	0.1511	0.8149	19.5000	0.1098	1432.0000	294.0000	0.2053	1434.0000
477	0.7230	0.6399	0.5067	0.6328	0.1489	0.8164	19.3000	0.1066	1455.0000	292.0000	0.2007	1457.0000
478	0.7007	0.6477	0.5191	0.6392	0.1591	0.8114	19.5000	0.1289	1479.0000	294.0000	0.1988	1486.0000
479	0.7318	0.6362	0.5100	0.6418	0.1507	0.8286	19.6000	0.1149	1426.0000	277.0000	0.1942	1428.0000
480	0.7150	0.6382	0.5076	0.6394	0.1511	0.8211	19.6000	0.1117	1463.0000	283.0000	0.1934	1465.0000
481	0.7105	0.6386	0.4978	0.6347	0.1467	0.8169	19.5000	0.1181	1401.0000	289.0000	0.2063	1403.0000
482	0.7209	0.6444	0.5124	0.6309	0.1553	0.8278	19.3000	0.1024	1524.0000	289.0000	0.1896	1528.0000
483	0.7096	0.6386	0.5074	0.6378	0.1585	0.8151	19.6000	0.1114	1513.0000	290.0000	0.1917	1515.0000
484	0.7032	0.6424	0.5016	0.6583	0.1562	0.8224	19.4000	0.1122	1463.0000	277.0000	0.1893	1465.0000
485	0.7215	0.6407	0.5044	0.6497	0.1509	0.8269	19.4000	0.0870	1481.0000	281.0000	0.1897	1483.0000
486	0.7148	0.6304	0.5053	0.6457	0.1490	0.8260	19.2000	0.1020	1437.0000	284.0000	0.1976	1439.0000
487	0.6848	0.6403	0.5139	0.6340	0.1551	0.8045	20.0000	0.1175	1497.0000	291.0000	0.1944	1502.0000
488	0.7190	0.6395	0.5017	0.6274	0.1472	0.8082	19.8000	0.1274	1431.0000	286.0000	0.1999	1433.0000
489	0.7088	0.6345	0.4981	0.6361	0.1486	0.8265	19.4000	0.1008	1452.0000	275.0000	0.1894	1454.0000
490	0.7005	0.6349	0.5007	0.6425	0.1485	0.8138	19.9000	0.1255	1479.0000	282.0000	0.1907	1481.0000
491	0.7286	0.6399	0.5100	0.6376	0.1522	0.8182	19.7000	0.1079	1473.0000	302.0000	0.2050	1475.0000
492	0.7029	0.6428	0.5154	0.6210	0.1489	0.8068	19.8000	0.1125	1457.0000	314.0000	0.2155	1459.0000
493	0.7014	0.6391	0.5083	0.6376	0.1576	0.8175	20.0000	0.1110	1515.0000	286.0000	0.1888	1517.0000
494	0.7155	0.6432	0.5062	0.6642	0.1490	0.8183	19.6000	0.1166	1398.0000	284.0000	0.2031	1400.0000
495	0.7265	0.6354	0.5043	0.6534	0.1536	0.8280	19.3000	0.1025	1461.0000	271.0000	0.1855	1463.0000
496	0.7241	0.6403	0.5043	0.6400	0.1536	0.8312	19.7000	0.1000	1470.0000	289.0000	0.1966	1472.0000
497	0.7233	0.6395	0.5085	0.6335	0.1514	0.8172	19.7000	0.0952	1479.0000	274.0000	0.1853	1481.0000
498	0.7061	0.6391	0.5068	0.6365	0.1555	0.8243	19.4000	0.1049	1478.0000	269.0000	0.1820	1480.0000
499	0.7228	0.6407	0.5117	0.6497	0.1570	0.8251	19.4000	0.1050	1473.0000	286.0000	0.1942	1476.0000
500	0.7323	0.6382	0.5133	0.6418	0.1543	0.8273	19.5000	0.0968	1509.0000	276.0000	0.1829	1511.0000
501	0.7173	0.6407	0.5085	0.6273	0.1538	0.8099	19.8000	0.1183	1462.0000	298.0000	0.2038	1464.0000
502	0.7311	0.6415	0.5088	0.6464	0.1550	0.8145	19.6000	0.1149	1440.0000	288.0000	0.2000	1442.0000
503	0.7258	0.6382	0.5050	0.6432	0.1508	0.8120	20.0000	0.1125	1450.0000	297.0000	0.2048	1452.0000
504	0.7020	0.6333	0.4878	0.6324	0.1410	0.8160	19.6000	0.0995	1372.0000	280.0000	0.2041	1374.0000
505	0.7170	0.6386	0.5008	0.6501	0.1490	0.8208	19.4000	0.0910	1432.0000	284.0000	0.1983	1434.0000
506	0.7201	0.6358	0.5061	0.6539	0.1527	0.8239	19.8000	0.1094	1450.0000	277.0000	0.1910	1452.0000
507	0.7213	0.6366	0.5035	0.6334	0.1541	0.8119	19.4000	0.1168	1438.0000	304.0000	0.2114	1440.0000
508	0.6976	0.6358	0.5080	0.6240	0.1482	0.8151	19.5000	0.1148	1465.0000	300.0000	0.2048	1467.0000
509	0.7178	0.6428	0.5173	0.6560	0.1579	0.8234	19.5000	0.0946	1487.0000	281.0000	0.1890	1489.0000
510	0.7145	0.6378	0.5113	0.6181	0.1542	0.8183	19.4000	0.1087	1454.0000	285.0000	0.1960	1456.0000
511	0.7015	0.6424	0.4995	0.6558	0.1534	0.8228	19.8000	0.0967	1454.0000	280.0000	0.1926	1456.0000
512	0.7077	0.6428	0.5170	0.6467	0.1568	0.8204	19.5000	0.1019	1463.0000	283.0000	0.1934	1465.0000
513	0.7006	0.6411	0.5037	0.6350	0.1517	0.8088	19.7000	0.1173	1427.0000	305.0000	0.2137	1429.0000
514	0.7104	0.6403	0.5109	0.6485	0.1556	0.8247	19.5000	0.1007	1436.0000	281.0000	0.1957	1438.0000
515	0.7262	0.6399	0.4915	0.6315	0.1463	0.8171	19.5000	0.0914	1419.0000	298.0000	0.2100	1421.0000
516	0.7011	0.6358	0.5127	0.6625	0.1510	0.8151	19.6000	0.1123	1458.0000	285.0000	0.1955	1460.0000
517	0.7251	0.6489	0.5127	0.6027	0.1535	0.8085	19.5000	0.1140	1592.0000	303.0000	0.1903	1594.0000
518	0.7210	0.6386	0.5108	0.6329	0.1509	0.8170	19.5000	0.1109	1454.0000	289.0000	0.1988	1456.0000
519	0.6773	0.6362	0.5056	0.6283	0.1545	0.8145	19.6000	0.0854	1448.0000	278.0000	0.1920	1450.0000
520	0.6984	0.6399	0.5081	0.6339	0.1510	0.8153	19.6000	0.0991	1456.0000	281.0000	0.1930	1458.0000
521	0.7285	0.6395	0.5061	0.6406	0.1478	0.8145	19.6000	0.1075	1436.0000	281.0000	0.1957	1438.0000
522	0.7248	0.6411	0.5086	0.6406	0.1534	0.8227	19.6000	0.0993	1496.0000	304.0000	0.2032	1498.0000
523	0.7444	0.6411	0.5128	0.6395	0.1584	0.8264	19.9000	0.1091	1524.0000	284.0000	0.1864	1526.0000
524	0.7073	0.6386	0.5083	0.6363	0.1496	0.8197	19.5000	0.0987	1472.0000	297.0000	0.2018	1474.0000
525	0.7225	0.6374	0.4996	0.6299	0.1525	0.8180	19.7000	0.1028	1528.0000	286.0000	0.1872	1530.0000
526	0.6864	0.6424	0.5054	0.6264	0.1484	0.8058	19.5000	0.1227	1438.0000	309.0000	0.2149	1440.0000
527	0.7183	0.6399	0.5055	0.6290	0.1508	0.8168	19.6000	0.0896	1475.0000	295.0000	0.2000	1477.0000
528	0.7076	0.6386	0.4977	0.6386	0.1548	0.8167	19.6000	0.1114	1458.0000	283.0000	0.1941	1460.0000
529	0.7105	0.6432	0.5076	0.6212	0.1506	0.8200	19.4000	0.0920	1494.0000	278.0000	0.1861	1496.0000
530	0.7092	0.6391	0.5073	0.6368	0.1522	0.8286	19.5000	0.0888	1455.0000	278.0000	0.1911	1457.0000
531	0.7005	0.6366	0.5064	0.6331	0.1534	0.8136	19.4000	0.1187	1474.0000	307.0000	0.2083	1476.0000
532	0.7405	0.6407	0.5037	0.6609	0.1534	0.8238	19.7000	0.0999	1460.0000	294.0000	0.2014	1462.0000
533	0.7227	0.6321	0.5021	0.6219	0.1442	0.8184	19.6000	0.1100	1425.0000	285.0000	0.2000	1427.0000
534	0.7162	0.6358	0.5099	0.6581	0.1558	0.8170	19.9000	0.1055	1449.0000	278.0000	0.1919	1451.0000
535	0.6982	0.6345	0.5117	0.6643	0.1552	0.8205	19.5000	0.1023	1423.0000	265.0000	0.1862	1425.0000
536	0.7071	0.6358	0.5085	0.6311	0.1503	0.8294	19.8000	0.0957	1471.0000	278.0000	0.1890	1474.0000
537	0.6784	0.6321	0.4929	0.6374	0.1503	0.8041	19.6000	0.1182	1427.0000	294.0000	0.2060	1429.0000
538	0.7146	0.6378	0.5124	0.6413	0.1508	0.8147	19.6000	0.1039	1357.0000	305.0000	0.2248	1359.0000
539	0.6938	0.6403	0.5066	0.6190	0.1542	0.8106	19.5000	0.1019	1548.0000	296.0000	0.1912	1550.0000
540	0.7088	0.6399	0.5072	0.6490	0.1569	0.8334	19.4000	0.0913	1512.0000	275.0000	0.1819	1516.0000
541	0.7104	0.6370	0.5073	0.6429	0.1538	0.8196	19.7000	0.0905	1464.0000	279.0000	0.1906	1471.0000
542	0.6982	0.6386	0.5059	0.6220	0.1525	0.8208	19.5000	0.1109	1499.0000	276.0000	0.1841	1501.0000
543	0.7333	0.6391	0.5073	0.6496	0.1576	0.8204	19.6000	0.1177	1443.0000	313.0000	0.2169	1445.0000
544	0.6843	0.6415	0.5057	0.6413	0.1532	0.8245	19.4000	0.1121	1498.0000	282.0000	0.1883	1500.0000
545	0.7081	0.6411	0.5165	0.6664	0.1566	0.8160	19.6000	0.1065	1389.0000	285.0000	0.2052	1391.0000
546	0.7401	0.6378	0.5131	0.6434	0.1535	0.8191	19.2000	0.0977	1429.0000	293.0000	0.2050	1431.0000
547	0.7183	0.6403	0.5061	0.6381	0.1533	0.8202	19.6000	0.1055	1457.0000	292.0000	0.2004	1459.0000
548	0.7106	0.6399	0.5024	0.6147	0.1500	0.8327	19.5000	0.1051	1475.0000	274.0000	0.1858	1477.0000
549	0.7300	0.6341	0.5018	0.6379	0.1494	0.8263	19.5000	0.1078	1420.0000	265.0000	0.1866	1422.0000
550	0.6955	0.6436	0.5079	0.6354	0.1553	0.8158	19.6000	0.1123	1474.0000	265.0000	0.1798	1477.0000
551	0.7027	0.6432	0.5099	0.6287	0.1535	0.8169	19.8000	0.1211	1477.0000	280.0000	0.1896	1481.0000
552	0.7192	0.6407	0.5052	0.6446	0.1546	0.8141	19.4000	0.1103	1464.0000	292.0000	0.1995	1466.0000
553	0.7240	0.6382	0.5066	0.6403	0.1465	0.8159	19.4000	0.1106	1415.0000	288.0000	0.2035	1417.0000
554	0.7175	0.6448	0.5118	0.6518	0.1555	0.8124	19.6000	0.1068	1498.0000	301.0000	0.2009	1500.0000
555	0.6981	0.6415	0.5142	0.6304	0.1633	0.8150	19.6000	0.0992	1569.0000	298.0000	0.1899	1571.0000
556	0.6900	0.6403	0.5147	0.6406	0.1521	0.8083	19.4000	0.1194	1461.0000	293.0000	0.2005	1463.0000
557	0.7128	0.6395	0.5003	0.6443	0.1543	0.8177	19.7000	0.1036	1478.0000	287.0000	0.1942	1480.0000
558	0.7105	0.6333	0.5077	0.6315	0.1490	0.8306	19.7000	0.1030	1460.0000	267.0000	0.1829	1462.0000
559	0.6969	0.6436	0.5063	0.6272	0.1488	0.8141	19.5000	0.1062	1448.0000	289.0000	0.1996	1450.0000
560	0.7399	0.6432	0.5104	0.6182	0.1502	0.8228	19.6000	0.0994	1522.0000	297.0000	0.1951	1524.0000
561	0.7236	0.6407	0.5136	0.6416	0.1538	0.8241	19.4000	0.1051	1449.0000	281.0000	0.1939	1452.0000
562	0.7068	0.6494	0.5181	0.6176	0.1522	0.8166	19.5000	0.1021	1444.0000	306.0000	0.2119	1446.0000
563	0.7249	0.6399	0.4995	0.6398	0.1450	0.8127	19.3000	0.0982	1388.0000	293.0000	0.2111	1390.0000
564	0.7134	0.6386	0.5013	0.6398	0.1464	0.8229	19.7000	0.0973	1434.0000	273.0000	0.1904	1439.0000
565	0.7098	0.6457	0.5109	0.6386	0.1547	0.8177	19.8000	0.0937	1489.0000	284.0000	0.1907	1491.0000
566	0.6930	0.6424	0.5118	0.6277	0.1560	0.8083	19.6000	0.1120	1488.0000	295.0000	0.1983	1490.0000
567	0.7432	0.6411	0.5089	0.6260	0.1536	0.8227	19.9000	0.0959	1489.0000	296.0000	0.1988	1491.0000
568	0.6977	0.6432	0.5142	0.6481	0.1539	0.8078	19.6000	0.1192	1441.0000	296.0000	0.2054	1444.0000
569	0.7170	0.6424	0.5052	0.6287	0.1480	0.8245	19.5000	0.1025	1445.0000	274.0000	0.1896	1450.0000
570	0.7296	0.6395	0.5076	0.6357	0.1473	0.8181	19.4000	0.1016	1444.0000	298.0000	0.2064	1446.0000
571	0.6778	0.6362	0.5100	0.6383	0.1591	0.8198	19.6000	0.0995	1533.0000	282.0000	0.1840	1535.0000
572	0.7143	0.6395	0.5055	0.6372	0.1478	0.8085	19.4000	0.1291	1427.0000	283.0000	0.1983	1429.0000
573	0.7240	0.6386	0.5068	0.6426	0.1485	0.8302	19.4000	0.0874	1445.0000	282.0000	0.1952	1447.0000
574	0.6914	0.6362	0.5082	0.6696	0.1504	0.8301	19.5000	0.1031	1416.0000	257.0000	0.1815	1422.0000
575	0.7238	0.6399	0.5024	0.6359	0.1546	0.8311	19.5000	0.1040	1482.0000	273.0000	0.1842	1485.0000
576	0.7237	0.6386	0.5099	0.6430	0.1515	0.8160	19.4000	0.1079	1397.0000	300.0000	0.2147	1399.0000
577	0.6901	0.6382	0.5021	0.6444	0.1575	0.8207	19.8000	0.1236	1494.0000	279.0000	0.1867	1496.0000
578	0.7022	0.6386	0.5087	0.6358	0.1479	0.8091	19.6000	0.1126	1434.0000	293.0000	0.2043	1436.0000
579	0.7088	0.6325	0.5041	0.6428	0.1478	0.8161	19.4000	0.0932	1410.0000	272.0000	0.1929	1412.0000
580	0.7270	0.6419	0.5160	0.6308	0.1536	0.8180	19.5000	0.1046	1491.0000	299.0000	0.2005	1495.0000
581	0.7218	0.6403	0.5034	0.6437	0.1534	0.8118	19.8000	0.1155	1474.0000	293.0000	0.1988	1476.0000
582	0.7236	0.6395	0.5179	0.6443	0.1558	0.8207	19.6000	0.1177	1515.0000	274.0000	0.1809	1521.0000
583	0.7340	0.6395	0.5127	0.6283	0.1470	0.8255	19.8000	0.0996	1409.0000	275.0000	0.1952	1411.0000
584	0.7311	0.6436	0.5035	0.6138	0.1461	0.8104	19.7000	0.0985	1449.0000	308.0000	0.2126	1451.0000
585	0.7158	0.6386	0.5063	0.6466	0.1485	0.8238	19.6000	0.1072	1458.0000	271.0000	0.1859	1461.0000
586	0.7097	0.6386	0.5045	0.6473	0.1531	0.8164	19.4000	0.1164	1443.0000	279.0000	0.1933	1445.0000
587	0.7227	0.6415	0.5071	0.6403	0.1529	0.8239	19.7000	0.0913	1475.0000	292.0000	0.1980	1477.0000
588	0.7231	0.6378	0.5114	0.6438	0.1573	0.8150	19.3000	0.1081	1459.0000	287.0000	0.1967	1461.0000
589	0.7131	0.6419	0.5109	0.6357	0.1516	0.8107	19.4000	0.1062	1474.0000	281.0000	0.1906	1476.0000
590	0.7030	0.6407	0.5044	0.6295	0.1491	0.8273	19.2000	0.1024	1451.0000	291.0000	0.2006	1453.0000
591	0.7132	0.6386	0.5092	0.6550	0.1519	0.8159	19.7000	0.0972	1453.0000	288.0000	0.1982	1455.0000
592	0.7029	0.6382	0.5010	0.6619	0.1529	0.8363	19.5000	0.0946	1472.0000	268.0000	0.1821	1475.0000
593	0.7026	0.6370	0.5066	0.6477	0.1514	0.8302	19.4000	0.0971	1496.0000	276.0000	0.1845	1498.0000
594	0.7341	0.6382	0.5103	0.6448	0.1584	0.8091	19.4000	0.1103	1520.0000	296.0000	0.1947	1524.0000
595	0.6943	0.6354	0.5049	0.6507	0.1545	0.8170	19.7000	0.1253	1436.0000	290.0000	0.2019	1438.0000
596	0.7012	0.6415	0.5116	0.6424	0.1512	0.8247	19.3000	0.1114	1470.0000	266.0000	0.1810	1472.0000
597	0.7090	0.6354	0.5012	0.6551	0.1463	0.8089	19.6000	0.1166	1402.0000	283.0000	0.2019	1404.0000
598	0.7031	0.6362	0.5089	0.6221	0.1538	0.8190	19.5000	0.1041	1488.0000	287.0000	0.1929	1490.0000
599	0.7064	0.6366	0.5033	0.6526	0.1505	0.8282	19.5000	0.0861	1449.0000	268.0000	0.1850	1451.0000
600	0.7231	0.6304	0.5045	0.6545	0.1494	0.8281	19.5000	0.1003	1384.0000	275.0000	0.1987	1387.0000
601	0.7152	0.6362	0.5031	0.6312	0.1500	0.8053	19.4000	0.1082	1472.0000	301.0000	0.2045	1474.0000
602	0.7224	0.6345	0.4983	0.6576	0.1490	0.8173	19.6000	0.1038	1410.0000	279.0000	0.1979	1413.0000
603	0.7157	0.6432	0.5101	0.6376	0.1543	0.8116	19.7000	0.1307	1489.0000	303.0000	0.2035	1491.0000
604	0.6980	0.6424	0.5150	0.6356	0.1555	0.8223	19.5000	0.1015	1511.0000	287.0000	0.1899	1513.0000
605	0.7043	0.6461	0.5126	0.6331	0.1504	0.8074	19.7000	0.1030	1458.0000	311.0000	0.2133	1460.0000
606	0.7242	0.6432	0.5155	0.6572	0.1548	0.8310	19.3000	0.1011	1466.0000	276.0000	0.1883	1469.0000
607	0.7350	0.6345	0.4985	0.6488	0.1497	0.8197	19.4000	0.1066	1437.0000	272.0000	0.1893	1439.0000
608	0.6882	0.6395	0.5072	0.6209	0.1482	0.8256	19.4000	0.0946	1455.0000	278.0000	0.1911	1457.0000
609	0.7179	0.6411	0.5059	0.6426	0.1523	0.8242	19.5000	0.1127	1476.0000	278.0000	0.1883	1478.0000
610	0.7111	0.6448	0.5096	0.6554	0.1551	0.8199	19.6000	0.1062	1429.0000	285.0000	0.1994	1431.0000
611	0.7372	0.6440	0.5133	0.6583	0.1555	0.8230	19.6000	0.1033	1463.0000	292.0000	0.1996	1465.0000
612	0.7006	0.6395	0.5097	0.6467	0.1539	0.8169	19.5000	0.1033	1448.0000	284.0000	0.1961	1450.0000
613	0.7138	0.6403	0.5092	0.6348	0.1494	0.8198	19.5000	0.1083	1472.0000	275.0000	0.1868	1476.0000
614	0.6943	0.6415	0.5116	0.6351	0.1583	0.8218	19.4000	0.0924	1497.0000	283.0000	0.1890	1499.0000
615	0.7204	0.6386	0.5027	0.6201	0.1503	0.8255	19.6000	0.1065	1461.0000	277.0000	0.1896	1463.0000
616	0.7143	0.6411	0.5132	0.6521	0.1530	0.8219	19.2000	0.1075	1435.0000	284.0000	0.1979	1441.0000
617	0.7086	0.6399	0.5128	0.6528	0.1526	0.8163	19.6000	0.1020	1472.0000	278.0000	0.1889	1474.0000
618	0.6955	0.6399	0.5101	0.6638	0.1560	0.8237	19.8000	0.1101	1414.0000	285.0000	0.2016	1416.0000
619	0.7190	0.6378	0.4950	0.6479	0.1548	0.8176	19.7000	0.0999	1496.0000	287.0000	0.1918	1498.0000
620	0.7136	0.6382	0.5051	0.6444	0.1503	0.8211	19.5000	0.1106	1453.0000	277.0000	0.1906	1457.0000
621	0.7081	0.6403	0.5072	0.6492	0.1523	0.8303	19.6000	0.0877	1477.0000	268.0000	0.1814	1480.0000
622	0.7334	0.6349	0.5037	0.6243	0.1535	0.8195	19.2000	0.1011	1461.0000	289.0000	0.1978	1463.0000
623	0.7320	0.6378	0.4960	0.6300	0.1485	0.8246	19.6000	0.0997	1463.0000	285.0000	0.1948	1465.0000
624	0.7003	0.6386	0.5088	0.6532	0.1511	0.8110	19.3000	0.1357	1378.0000	288.0000	0.2090	1380.0000
625	0.7100	0.6358	0.5021	0.6535	0.1472	0.8138	19.4000	0.1022	1383.0000	281.0000	0.2032	1385.0000
626	0.7106	0.6411	0.5049	0.6493	0.1502	0.8123	19.4000	0.1152	1424.0000	303.0000	0.2128	1426.0000
627	0.7040	0.6419	0.5047	0.6476	0.1498	0.8093	19.6000	0.1085	1441.0000	284.0000	0.1971	1443.0000
628	0.6914	0.6411	0.5158	0.6554	0.1588	0.8188	19.6000	0.0984	1486.0000	290.0000	0.1952	1488.0000
629	0.6937	0.6354	0.5046	0.6202	0.1601	0.8066	19.9000	0.1083	1513.0000	301.0000	0.1989	1515.0000
630	0.7057	0.6452	0.5066	0.6446	0.1528	0.8027	19.8000	0.1099	1445.0000	315.0000	0.2180	1447.0000
631	0.7089	0.6440	0.5081	0.6371	0.1552	0.8245	19.4000	0.0967	1489.0000	283.0000	0.1901	1491.0000
632	0.7366	0.6345	0.4943	0.6234	0.1525	0.8268	19.5000	0.0872	1538.0000	291.0000	0.1892	1540.0000
633	0.6973	0.6428	0.5194	0.6308	0.1570	0.8236	19.5000	0.1113	1484.0000	277.0000	0.1867	1486.0000
634	0.7164	0.6382	0.5082	0.6384	0.1554	0.8267	19.3000	0.1041	1516.0000	282.0000	0.1860	1520.0000
635	0.7018	0.6415	0.5022	0.6278	0.1522	0.8091	19.5000	0.1132	1479.0000	301.0000	0.2035	1481.0000
636	0.7277	0.6370	0.5098	0.6297	0.1580	0.8246	19.7000	0.0981	1536.0000	279.0000	0.1816	1538.0000
637	0.7338	0.6415	0.5082	0.6323	0.1558	0.8302	19.5000	0.0872	1496.0000	275.0000	0.1838	1498.0000
638	0.7164	0.6415	0.5067	0.6497	0.1522	0.8280	19.2000	0.1246	1407.0000	277.0000	0.1969	1409.0000
639	0.7323	0.6399	0.5067	0.6351	0.1450	0.8189	20.0000	0.1125	1433.0000	286.0000	0.1996	1435.0000
640	0.7299	0.6386	0.5066	0.6553	0.1536	0.8267	19.8000	0.1091	1477.0000	269.0000	0.1821	1479.0000
641	0.6920	0.6386	0.5067	0.6426	0.1514	0.8159	19.7000	0.1077	1424.0000	286.0000	0.2008	1426.0000
642	0.7022	0.6432	0.5018	0.6356	0.1447	0.8058	19.5000	0.1201	1400.0000	288.0000	0.2057	1402.0000
643	0.7214	0.6419	0.5095	0.6538	0.1571	0.8227	19.6000	0.1090	1480.0000	281.0000	0.1899	1482.0000
644	0.7053	0.6403	0.5093	0.6226	0.1535	0.8283	19.4000	0.1049	1474.0000	277.0000	0.1879	1476.0000
645	0.7337	0.6452	0.5109	0.6469	0.1573	0.8111	19.6000	0.0970	1492.0000	305.0000	0.2044	1494.0000
646	0.7302	0.6403	0.5019	0.6256	0.1457	0.8059	19.6000	0.1252	1407.0000	302.0000	0.2146	1409.0000
647	0.7164	0.6436	0.5111	0.6344	0.1565	0.8160	19.6000	0.1170	1455.0000	294.0000	0.2021	1457.0000
648	0.7159	0.6391	0.5090	0.6307	0.1536	0.8220	19.5000	0.1052	1513.0000	291.0000	0.1923	1515.0000
649	0.7145	0.6386	0.5026	0.6314	0.1532	0.8204	19.6000	0.1018	1440.0000	296.0000	0.2056	1442.0000
650	0.7167	0.6419	0.5117	0.6443	0.1526	0.8188	19.4000	0.1157	1488.0000	292.0000	0.1962	1490.0000
651	0.7227	0.6448	0.5144	0.6464	0.1586	0.8288	19.3000	0.0964	1487.0000	277.0000	0.1863	1489.0000
652	0.6827	0.6370	0.5105	0.6573	0.1557	0.8211	19.7000	0.0984	1465.0000	282.0000	0.1925	1468.0000
653	0.7100	0.6358	0.5038	0.6445	0.1555	0.8217	19.6000	0.1085	1451.0000	264.0000	0.1819	1454.0000
654	0.7166	0.6362	0.5075	0.6366	0.1516	0.8113	19.2000	0.0966	1460.0000	294.0000	0.2014	1462.0000
655	0.7136	0.6391	0.5029	0.6157	0.1500	0.8196	19.5000	0.0972	1481.0000	296.0000	0.1999	1483.0000
656	0.7117	0.6424	0.5046	0.6364	0.1506	0.8171	19.6000	0.1072	1482.0000	309.0000	0.2085	1484.0000
657	0.7327	0.6378	0.5039	0.6381	0.1505	0.8245	19.5000	0.0985	1447.0000	298.0000	0.2059	1449.0000
658	0.7183	0.6428	0.5150	0.6613	0.1600	0.8217	19.5000	0.1037	1449.0000	282.0000	0.1946	1451.0000
659	0.7317	0.6432	0.5064	0.6431	0.1491	0.8177	19.3000	0.0913	1440.0000	279.0000	0.1938	1443.0000
660	0.7014	0.6403	0.5159	0.6409	0.1550	0.8275	19.5000	0.1003	1513.0000	275.0000	0.1818	1515.0000
661	0.6997	0.6452	0.5121	0.6181	0.1523	0.8263	19.6000	0.1084	1496.0000	278.0000	0.1858	1498.0000
662	0.7143	0.6444	0.5055	0.6466	0.1560	0.8212	19.7000	0.0972	1486.0000	311.0000	0.2093	1488.0000
663	0.7175	0.6354	0.4981	0.6322	0.1521	0.8230	19.7000	0.0910	1512.0000	281.0000	0.1858	1514.0000
664	0.6953	0.6312	0.5022	0.6271	0.1438	0.8109	19.9000	0.1197	1419.0000	287.0000	0.2023	1422.0000
665	0.6977	0.6461	0.5115	0.6170	0.1536	0.8184	19.6000	0.0955	1461.0000	282.0000	0.1930	1467.0000
666	0.7284	0.6395	0.5078	0.6488	0.1511	0.8380	19.5000	0.0952	1443.0000	271.0000	0.1878	1445.0000
667	0.7140	0.6399	0.5024	0.6246	0.1487	0.8136	19.5000	0.1038	1470.0000	293.0000	0.1993	1472.0000
668	0.7357	0.6411	0.5059	0.6382	0.1526	0.8224	19.5000	0.0915	1488.0000	295.0000	0.1983	1490.0000
669	0.7035	0.6407	0.5081	0.6645	0.1532	0.8151	19.6000	0.1113	1374.0000	281.0000	0.2045	1376.0000
670	0.6832	0.6419	0.5155	0.6564	0.1588	0.8352	19.7000	0.0898	1538.0000	268.0000	0.1743	1540.0000
671	0.7285	0.6419	0.5055	0.6287	0.1587	0.8233	19.6000	0.0919	1518.0000	299.0000	0.1970	1520.0000
672	0.7288	0.6403	0.5138	0.6460	0.1522	0.8185	19.6000	0.1063	1475.0000	294.0000	0.1993	1477.0000
673	0.6962	0.6370	0.5052	0.6462	0.1576	0.8187	19.6000	0.0975	1474.0000	284.0000	0.1927	1476.0000
674	0.7240	0.6337	0.5018	0.6621	0.1527	0.8257	19.7000	0.0984	1451.0000	272.0000	0.1875	1453.0000
675	0.7466	0.6411	0.5095	0.6590	0.1517	0.8270	19.7000	0.1028	1425.0000	286.0000	0.2007	1427.0000
676	0.7171	0.6329	0.5018	0.6335	0.1517	0.8087	19.6000	0.1194	1422.0000	304.0000	0.2138	1424.0000
677	0.6939	0.6378	0.5035	0.6337	0.1471	0.8122	19.6000	0.1122	1407.0000	282.0000	0.2004	1409.0000
678	0.7317	0.6428	0.5100	0.6365	0.1529	0.8197	19.7000	0.0989	1474.0000	295.0000	0.2001	1476.0000
679	0.7539	0.6444	0.5164	0.6271	0.1565	0.8240	19.4000	0.0920	1510.0000	296.0000	0.1960	1512.0000
680	0.7383	0.6345	0.5094	0.6238	0.1490	0.8129	19.5000	0.0959	1467.0000	298.0000	0.2031	1469.0000
681	0.7372	0.6382	0.5049	0.6571	0.1545	0.8268	19.9000	0.1061	1437.0000	282.0000	0.1962	1440.0000
682	0.7093	0.6403	0.5103	0.6483	0.1607	0.8258	19.4000	0.0976	1478.0000	280.0000	0.1894	1480.0000
683	0.7430	0.6399	0.5063	0.6440	0.1531	0.8330	18.9000	0.0982	1451.0000	284.0000	0.1957	1453.0000
684	0.6902	0.6386	0.5091	0.6353	0.1548	0.8277	19.5000	0.0896	1512.0000	269.0000	0.1779	1514.0000
685	0.6961	0.6415	0.5142	0.6374	0.1539	0.8106	19.7000	0.1044	1495.0000	291.0000	0.1946	1497.0000
686	0.7237	0.6428	0.5113	0.6563	0.1522	0.8316	19.7000	0.1136	1430.0000	277.0000	0.1937	1434.0000
687	0.7305	0.6337	0.5060	0.6388	0.1486	0.8155	19.6000	0.1004	1465.0000	289.0000	0.1973	1468.0000
688	0.7335	0.6366	0.5112	0.6365	0.1489	0.8073	19.4000	0.1000	1443.0000	290.0000	0.2010	1445.0000
689	0.7086	0.6358	0.5033	0.6247	0.1498	0.8032	19.7000	0.1027	1484.0000	304.0000	0.2049	1486.0000
690	0.7213	0.6337	0.5078	0.6351	0.1494	0.8217	19.8000	0.1070	1444.0000	279.0000	0.1932	1446.0000
691	0.7102	0.6354	0.5028	0.6417	0.1540	0.8118	19.5000	0.1120	1439.0000	289.0000	0.2008	1441.0000
692	0.7012	0.6312	0.4970	0.6589	0.1540	0.8095	19.9000	0.1085	1456.0000	289.0000	0.1985	1459.0000
693	0.6958	0.6374	0.5034	0.6475	0.1486	0.8220	19.8000	0.1088	1449.0000	277.0000	0.1912	1451.0000
694	0.6939	0.6415	0.5081	0.6356	0.1522	0.8182	19.6000	0.1010	1448.0000	292.0000	0.2017	1450.0000
695	0.7132	0.6366	0.4979	0.6355	0.1453	0.8134	19.3000	0.1179	1404.0000	283.0000	0.2016	1406.0000
696	0.7110	0.6345	0.5081	0.6322	0.1550	0.8170	19.6000	0.1118	1478.0000	298.0000	0.2016	1480.0000
697	0.7092	0.6354	0.5097	0.6368	0.1512	0.8341	19.5000	0.1106	1430.0000	272.0000	0.1902	1432.0000
698	0.7135	0.6386	0.5044	0.6393	0.1514	0.8091	19.6000	0.1009	1466.0000	305.0000	0.2080	1468.0000
699	0.7207	0.6403	0.5111	0.6477	0.1541	0.8178	19.4000	0.1029	1458.0000	290.0000	0.1989	1460.0000
700	0.6894	0.6366	0.5011	0.6380	0.1531	0.8209	19.5000	0.1110	1448.0000	274.0000	0.1892	1450.0000
701	0.7087	0.6391	0.5068	0.6383	0.1481	0.8258	19.5000	0.0977	1426.0000	278.0000	0.1950	1428.0000
702	0.7040	0.6382	0.5066	0.6487	0.1478	0.8281	19.7000	0.1150	1433.0000	269.0000	0.1877	1437.0000
703	0.7241	0.6391	0.5026	0.6351	0.1464	0.8093	19.4000	0.1015	1482.0000	289.0000	0.1950	1486.0000
704	0.7542	0.6358	0.5057	0.6452	0.1535	0.8240	19.5000	0.1066	1452.0000	297.0000	0.2045	1454.0000
705	0.7178	0.6325	0.4962	0.6353	0.1508	0.8157	19.8000	0.1130	1471.0000	291.0000	0.1978	1473.0000
706	0.7049	0.6358	0.5126	0.6325	0.1542	0.8242	19.6000	0.0924	1485.0000	271.0000	0.1825	1487.0000
707	0.7050	0.6341	0.5086	0.6221	0.1523	0.8200	19.4000	0.0908	1460.0000	278.0000	0.1904	1462.0000
708	0.7113	0.6378	0.5115	0.6394	0.1535	0.8251	19.5000	0.1162	1448.0000	281.0000	0.1941	1450.0000
709	0.6984	0.6370	0.5120	0.6610	0.1547	0.8331	19.7000	0.1007	1446.0000	262.0000	0.1812	1450.0000
710	0.7167	0.6415	0.5108	0.6414	0.1498	0.8175	19.3000	0.1055	1376.0000	296.0000	0.2151	1378.0000
711	0.7092	0.6391	0.5010	0.6296	0.1478	0.8197	19.3000	0.1074	1416.0000	285.0000	0.2013	1418.0000
712	0.7061	0.6419	0.5103	0.6332	0.1540	0.8132	19.7000	0.0984	1486.0000	299.0000	0.2012	1488.0000
713	0.7353	0.6362	0.5116	0.6485	0.1548	0.8140	19.5000	0.1107	1483.0000	297.0000	0.2003	1485.0000
714	0.7094	0.6391	0.5173	0.6315	0.1514	0.8185	19.8000	0.1137	1494.0000	303.0000	0.2028	1496.0000
715	0.7077	0.6403	0.5064	0.6481	0.1468	0.8325	19.3000	0.1058	1438.0000	278.0000	0.1933	1440.0000
716	0.7269	0.6378	0.5048	0.6489	0.1512	0.8192	19.0000	0.0902	1438.0000	285.0000	0.1982	1440.0000
717	0.7074	0.6395	0.5070	0.6338	0.1525	0.8247	19.7000	0.1116	1529.0000	279.0000	0.1825	1531.0000
718	0.7091	0.6337	0.5116	0.6484	0.1558	0.8264	19.8000	0.0979	1474.0000	272.0000	0.1845	1476.0000
719	0.7050	0.6374	0.5037	0.6425	0.1508	0.8185	19.5000	0.1195	1410.0000	278.0000	0.1972	1412.0000
720	0.7035	0.6341	0.5041	0.6534	0.1511	0.8210	19.7000	0.1044	1445.0000	272.0000	0.1882	1447.0000
721	0.6904	0.6415	0.5065	0.6273	0.1562	0.8071	19.6000	0.1024	1469.0000	299.0000	0.2035	1471.0000
722	0.7103	0.6440	0.5094	0.6465	0.1565	0.8166	19.3000	0.1117	1450.0000	286.0000	0.1972	1452.0000
723	0.6966	0.6415	0.5054	0.6464	0.1481	0.8135	19.5000	0.1036	1384.0000	278.0000	0.2009	1390.0000
724	0.7127	0.6415	0.5073	0.6313	0.1556	0.8120	19.5000	0.1164	1481.0000	296.0000	0.1999	1483.0000
725	0.7045	0.6436	0.5131	0.6356	0.1521	0.8312	19.3000	0.0964	1490.0000	280.0000	0.1879	1492.0000
726	0.7185	0.6419	0.5110	0.6367	0.1508	0.8225	19.7000	0.1214	1503.0000	290.0000	0.1929	1505.0000
727	0.7318	0.6362	0.5098	0.6567	0.1545	0.8208	19.6000	0.0948	1511.0000	298.0000	0.1972	1513.0000
728	0.7185	0.6440	0.5134	0.6600	0.1574	0.8230	19.3000	0.0949	1436.0000	281.0000	0.1957	1442.0000
729	0.6904	0.6349	0.5038	0.6570	0.1506	0.8170	19.6000	0.1014	1437.0000	274.0000	0.1907	1439.0000
730	0.7212	0.6395	0.5083	0.6614	0.1466	0.8307	19.6000	0.1068	1371.0000	274.0000	0.1999	1374.0000
731	0.7304	0.6440	0.5129	0.6337	0.1527	0.8280	19.6000	0.1051	1501.0000	288.0000	0.1919	1503.0000
732	0.7114	0.6428	0.5184	0.6316	0.1526	0.8205	19.4000	0.1004	1468.0000	301.0000	0.2050	1470.0000
733	0.7368	0.6362	0.5058	0.6666	0.1547	0.8253	19.6000	0.0987	1404.0000	280.0000	0.1994	1406.0000
734	0.7067	0.6399	0.5067	0.6405	0.1523	0.8106	19.6000	0.1013	1483.0000	297.0000	0.2003	1486.0000
735	0.7208	0.6452	0.5131	0.6269	0.1508	0.8138	19.6000	0.1084	1506.0000	296.0000	0.1965	1508.0000
736	0.7052	0.6395	0.5109	0.6292	0.1537	0.8105	19.8000	0.1152	1481.0000	304.0000	0.2053	1483.0000
737	0.6951	0.6358	0.5015	0.6434	0.1522	0.8008	19.8000	0.1060	1450.0000	291.0000	0.2007	1452.0000
738	0.7009	0.6329	0.5041	0.6525	0.1519	0.8261	19.6000	0.0863	1460.0000	277.0000	0.1897	1462.0000
739	0.7004	0.6399	0.5102	0.6360	0.1626	0.8062	19.3000	0.1112	1537.0000	298.0000	0.1939	1539.0000
740	0.6962	0.6354	0.5044	0.6240	0.1492	0.8218	19.4000	0.1134	1468.0000	279.0000	0.1901	1471.0000
741	0.7207	0.6407	0.5056	0.6616	0.1543	0.8255	19.3000	0.0988	1436.0000	273.0000	0.1901	1438.0000
742	0.7338	0.6395	0.5084	0.6435	0.1513	0.8194	19.6000	0.1116	1454.0000	289.0000	0.1988	1456.0000
743	0.7089	0.6403	0.5060	0.6510	0.1527	0.8114	19.4000	0.1159	1443.0000	276.0000	0.1913	1445.0000
744	0.6999	0.6341	0.5076	0.6469	0.1536	0.8175	19.4000	0.1063	1464.0000	285.0000	0.1947	1466.0000
745	0.7072	0.6436	0.5125	0.6445	0.1514	0.8170	19.9000	0.1051	1422.0000	298.0000	0.2096	1424.0000
746	0.7141	0.6382	0.5100	0.6507	0.1524	0.8174	19.6000	0.1049	1453.0000	277.0000	0.1906	1455.0000
747	0.7083	0.6399	0.5180	0.6275	0.1638	0.8225	19.4000	0.0919	1553.0000	276.0000	0.1777	1555.0000
748	0.7316	0.6354	0.5056	0.6350	0.1430	0.8197	19.5000	0.1047	1407.0000	290.0000	0.2061	1409.0000
749	0.7168	0.6337	0.5035	0.6335	0.1490	0.8102	19.7000	0.1101	1467.0000	293.0000	0.1997	1469.0000
750	0.7241	0.6378	0.5081	0.6500	0.1493	0.8224	19.4000	0.0945	1452.0000	287.0000	0.1977	1454.0000
751	0.7162	0.6399	0.5051	0.6494	0.1544	0.8275	19.6000	0.1034	1402.0000	275.0000	0.1961	1406.0000
752	0.6976	0.6444	0.5097	0.6677	0.1541	0.8197	19.2000	0.1151	1466.0000	259.0000	0.1767	1472.0000
753	0.7084	0.6386	0.5048	0.6285	0.1516	0.8331	19.6000	0.0920	1514.0000	273.0000	0.1803	1516.0000
754	0.7374	0.6407	0.5013	0.6502	0.1518	0.8255	19.5000	0.1011	1488.0000	272.0000	0.1828	1490.0000
755	0.7104	0.6403	0.5096	0.6479	0.1525	0.8245	19.6000	0.0981	1445.0000	269.0000	0.1862	1448.0000
756	0.7118	0.6440	0.5076	0.6424	0.1527	0.8131	19.6000	0.1149	1457.0000	298.0000	0.2045	1460.0000
757	0.7124	0.6366	0.5089	0.6259	0.1542	0.8306	19.8000	0.0953	1493.0000	279.0000	0.1869	1495.0000
758	0.7119	0.6444	0.5126	0.6459	0.1552	0.8008	19.6000	0.1240	1468.0000	297.0000	0.2023	1470.0000
759	0.7238	0.6419	0.5070	0.6316	0.1509	0.8152	19.9000	0.1061	1482.0000	291.0000	0.1964	1484.0000
760	0.7065	0.6419	0.4997	0.6222	0.1520	0.8167	19.7000	0.1128	1491.0000	286.0000	0.1918	1493.0000
761	0.7356	0.6374	0.5034	0.6631	0.1479	0.8392	19.6000	0.0923	1416.0000	275.0000	0.1942	1419.0000
762	0.6878	0.6440	0.5123	0.6596	0.1550	0.8174	19.9000	0.0996	1419.0000	283.0000	0.1994	1421.0000
763	0.7266	0.6382	0.5113	0.6424	0.1515	0.8258	19.5000	0.1044	1466.0000	280.0000	0.1910	1468.0000
764	0.7194	0.6370	0.4969	0.6619	0.1517	0.8191	19.4000	0.1113	1433.0000	293.0000	0.2045	1435.0000
765	0.7306	0.6370	0.5038	0.6454	0.1478	0.8189	19.3000	0.0962	1402.0000	278.0000	0.1983	1404.0000
766	0.7547	0.6362	0.5064	0.6526	0.1543	0.8215	19.5000	0.0961	1452.0000	300.0000	0.2066	1454.0000
767	0.6873	0.6366	0.5037	0.6521	0.1544	0.8189	19.4000	0.1028	1465.0000	273.0000	0.1863	1469.0000
768	0.6916	0.6370	0.5034	0.6357	0.1460	0.8143	19.6000	0.1108	1437.0000	290.0000	0.2018	1439.0000
769	0.6914	0.6370	0.4996	0.6422	0.1508	0.8147	19.3000	0.1050	1451.0000	271.0000	0.1868	1453.0000
770	0.7219	0.6391	0.4985	0.6486	0.1489	0.8158	19.7000	0.1057	1406.0000	290.0000	0.2063	1408.0000
771	0.7117	0.6337	0.5041	0.6340	0.1498	0.8215	19.7000	0.1066	1430.0000	284.0000	0.1986	1432.0000
772	0.7146	0.6436	0.5108	0.6361	0.1507	0.8170	19.6000	0.1023	1479.0000	280.0000	0.1893	1482.0000
773	0.6785	0.6436	0.5091	0.6184	0.1561	0.8070	19.6000	0.1184	1506.0000	283.0000	0.1879	1508.0000
774	0.7080	0.6403	0.5077	0.6468	0.1547	0.8238	18.9000	0.0948	1472.0000	273.0000	0.1855	1474.0000
775	0.7306	0.6419	0.5003	0.6368	0.1458	0.8207	19.4000	0.1096	1394.0000	279.0000	0.2001	1396.0000
776	0.7143	0.6457	0.5103	0.6662	0.1487	0.8231	19.7000	0.1265	1386.0000	280.0000	0.2020	1391.0000
777	0.6966	0.6345	0.5134	0.6450	0.1530	0.8212	19.3000	0.1025	1472.0000	285.0000	0.1936	1474.0000
778	0.7222	0.6399	0.5104	0.6408	0.1587	0.8113	19.9000	0.1107	1492.0000	284.0000	0.1903	1494.0000
779	0.7207	0.6399	0.4934	0.6424	0.1438	0.8178	19.3000	0.1106	1402.0000	281.0000	0.2004	1404.0000
780	0.7260	0.6378	0.5070	0.6511	0.1472	0.8355	19.3000	0.0999	1434.0000	257.0000	0.1792	1437.0000
781	0.7097	0.6444	0.5176	0.6496	0.1591	0.8103	19.5000	0.1079	1467.0000	296.0000	0.2018	1469.0000
782	0.7132	0.6341	0.4993	0.6370	0.1492	0.8122	19.8000	0.1118	1433.0000	288.0000	0.2010	1435.0000
783	0.7168	0.6382	0.5015	0.6308	0.1551	0.8219	19.7000	0.1072	1478.0000	287.0000	0.1942	1480.0000
784	0.7165	0.6382	0.5025	0.6353	0.1472	0.8219	19.5000	0.0991	1432.0000	274.0000	0.1913	1436.0000
785	0.7058	0.6428	0.5106	0.6167	0.1559	0.8117	19.4000	0.0961	1519.0000	291.0000	0.1916	1521.0000
786	0.7034	0.6415	0.5120	0.6519	0.1563	0.8308	19.4000	0.0985	1457.0000	268.0000	0.1839	1460.0000
787	0.7004	0.6403	0.4942	0.6277	0.1489	0.8045	19.3000	0.1160	1453.0000	302.0000	0.2078	1455.0000
788	0.7156	0.6370	0.5125	0.6400	0.1514	0.8152	19.8000	0.1104	1443.0000	291.0000	0.2017	1445.0000
789	0.7065	0.6403	0.5079	0.6254	0.1533	0.8109	19.5000	0.1126	1461.0000	300.0000	0.2053	1463.0000
790	0.7146	0.6465	0.5116	0.6487	0.1535	0.8326	19.7000	0.0800	1444.0000	271.0000	0.1877	1446.0000
791	0.6976	0.6419	0.5051	0.6264	0.1584	0.8150	20.0000	0.1064	1536.0000	291.0000	0.1895	1538.0000
792	0.7256	0.6382	0.5141	0.6292	0.1551	0.8190	19.7000	0.1135	1473.0000	282.0000	0.1914	1475.0000
793	0.7045	0.6424	0.5116	0.6345	0.1545	0.8201	19.8000	0.1179	1487.0000	287.0000	0.1930	1489.0000
794	0.7378	0.6419	0.5173	0.6392	0.1540	0.8290	19.7000	0.1039	1483.0000	278.0000	0.1875	1491.0000
795	0.7004	0.6341	0.5035	0.6346	0.1518	0.8238	19.7000	0.1081	1464.0000	281.0000	0.1919	1466.0000
796	0.7135	0.6407	0.4996	0.6440	0.1520	0.8174	19.5000	0.1097	1448.0000	280.0000	0.1934	1450.0000
797	0.7313	0.6370	0.5018	0.6507	0.1531	0.8189	19.5000	0.1009	1406.0000	283.0000	0.2013	1408.0000
798	0.7141	0.6399	0.5109	0.6379	0.1515	0.8153	19.7000	0.1088	1462.0000	299.0000	0.2045	1464.0000
799	0.6984	0.6391	0.5093	0.6291	0.1560	0.8097	19.7000	0.1062	1494.0000	307.0000	0.2055	1496.0000
800	0.7279	0.6403	0.5044	0.6533	0.1528	0.8327	19.6000	0.0863	1447.0000	281.0000	0.1942	1449.0000
801	0.7154	0.6395	0.5104	0.6279	0.1533	0.8117	19.5000	0.1153	1455.0000	276.0000	0.1897	1458.0000
802	0.7154	0.6358	0.4996	0.6570	0.1527	0.8241	19.3000	0.0908	1438.0000	281.0000	0.1954	1440.0000
803	0.6836	0.6424	0.5073	0.6512	0.1520	0.8112	19.6000	0.1130	1455.0000	291.0000	0.2000	1457.0000
804	0.7227	0.6415	0.5150	0.6528	0.1560	0.8233	19.6000	0.1003	1483.0000	290.0000	0.1955	1485.0000
805	0.7061	0.6440	0.5121	0.6528	0.1561	0.8186	19.7000	0.1098	1485.0000	298.0000	0.2007	1487.0000
806	0.6824	0.6374	0.5055	0.6575	0.1503	0.8151	19.5000	0.1024	1402.0000	285.0000	0.2033	1404.0000
807	0.6985	0.6333	0.5060	0.6322	0.1531	0.8063	19.6000	0.1232	1466.0000	294.0000	0.2005	1468.0000
808	0.7237	0.6403	0.5067	0.6327	0.1549	0.8141	19.6000	0.0965	1490.0000	285.0000	0.1913	1492.0000
809	0.7007	0.6358	0.5131	0.6203	0.1511	0.8257	19.4000	0.1094	1458.0000	275.0000	0.1886	1461.0000
810	0.7180	0.6386	0.5046	0.6410	0.1454	0.8156	19.9000	0.1166	1385.0000	292.0000	0.2108	1387.0000
811	0.7073	0.6374	0.5051	0.6681	0.1503	0.8188	19.5000	0.1046	1386.0000	273.0000	0.1970	1388.0000
812	0.7110	0.6440	0.5057	0.6297	0.1516	0.8176	19.4000	0.1116	1476.0000	283.0000	0.1917	1478.0000
813	0.7231	0.6370	0.5080	0.6465	0.1515	0.8214	19.8000	0.1039	1451.0000	291.0000	0.2006	1456.0000
814	0.6895	0.6444	0.5153	0.6109	0.1608	0.8134	19.6000	0.1057	1561.0000	291.0000	0.1864	1563.0000
815	0.7262	0.6395	0.5027	0.6515	0.1469	0.8239	19.7000	0.0969	1420.0000	288.0000	0.2028	1422.0000
816	0.7159	0.6333	0.5056	0.6430	0.1487	0.8156	19.6000	0.1064	1422.0000	270.0000	0.1899	1424.0000
817	0.7330	0.6374	0.5063	0.6494	0.1487	0.8211	19.4000	0.1188	1428.0000	282.0000	0.1975	1430.0000
818	0.7204	0.6362	0.5082	0.6368	0.1548	0.8217	19.7000	0.0997	1477.0000	288.0000	0.1950	1479.0000
819	0.7250	0.6391	0.5027	0.6314	0.1533	0.8097	19.7000	0.1139	1459.0000	295.0000	0.2022	1461.0000
820	0.7312	0.6395	0.5066	0.6191	0.1540	0.8186	19.7000	0.1025	1497.0000	293.0000	0.1957	1499.0000
821	0.7512	0.6403	0.5019	0.6558	0.1544	0.8277	19.7000	0.0898	1474.0000	292.0000	0.1981	1476.0000
822	0.7148	0.6349	0.5048	0.6447	0.1500	0.8242	19.3000	0.1016	1455.0000	284.0000	0.1952	1457.0000
823	0.7177	0.6391	0.5074	0.6529	0.1525	0.8332	19.6000	0.0919	1418.0000	285.0000	0.2010	1424.0000
824	0.7195	0.6354	0.4963	0.6699	0.1494	0.8245	19.1000	0.1051	1398.0000	270.0000	0.1931	1401.0000
825	0.7093	0.6403	0.5059	0.6278	0.1527	0.8131	19.7000	0.1049	1503.0000	285.0000	0.1896	1506.0000
826	0.6960	0.6415	0.5043	0.6384	0.1567	0.8114	19.6000	0.1031	1487.0000	289.0000	0.1944	1489.0000
827	0.7269	0.6358	0.5109	0.6499	0.1510	0.8265	19.4000	0.1043	1413.0000	265.0000	0.1875	1415.0000
828	0.7012	0.6382	0.5075	0.6376	0.1567	0.8120	19.8000	0.1189	1461.0000	291.0000	0.1992	1463.0000
829	0.7275	0.6419	0.5117	0.6475	0.1519	0.8162	19.4000	0.1087	1443.0000	296.0000	0.2051	1445.0000
830	0.7217	0.6407	0.5073	0.6515	0.1552	0.8319	19.5000	0.0916	1485.0000	281.0000	0.1892	1487.0000
831	0.6974	0.6432	0.5149	0.6116	0.1559	0.8064	19.6000	0.1106	1520.0000	307.0000	0.2020	1522.0000
832	0.7183	0.6457	0.5149	0.6202	0.1558	0.8134	19.8000	0.1124	1501.0000	293.0000	0.1952	1503.0000
833	0.6911	0.6329	0.4965	0.6198	0.1461	0.8125	19.5000	0.1021	1421.0000	276.0000	0.1942	1423.0000
834	0.7251	0.6403	0.5047	0.6225	0.1526	0.8256	19.5000	0.0908	1513.0000	290.0000	0.1917	1515.0000
835	0.7076	0.6374	0.5042	0.6267	0.1514	0.8075	19.2000	0.1116	1484.0000	294.0000	0.1981	1487.0000
836	0.7180	0.6382	0.5054	0.6581	0.1496	0.8290	19.5000	0.0805	1434.0000	258.0000	0.1799	1436.0000
837	0.7294	0.6391	0.5004	0.6298	0.1489	0.8230	19.5000	0.1032	1487.0000	289.0000	0.1944	1490.0000
838	0.7086	0.6386	0.5032	0.6341	0.1493	0.8171	19.9000	0.1059	1429.0000	287.0000	0.2008	1431.0000
839	0.7357	0.6382	0.5048	0.6654	0.1508	0.8233	19.3000	0.0976	1364.0000	283.0000	0.2075	1366.0000
840	0.7154	0.6415	0.5126	0.6614	0.1562	0.8247	19.6000	0.0963	1452.0000	283.0000	0.1949	1454.0000
841	0.7160	0.6386	0.5048	0.6500	0.1560	0.8167	19.5000	0.0978	1470.0000	288.0000	0.1959	1478.0000
842	0.7359	0.6457	0.5052	0.6264	0.1543	0.8205	19.4000	0.0986	1547.0000	318.0000	0.2056	1549.0000
843	0.7021	0.6378	0.5141	0.6386	0.1555	0.8205	19.5000	0.1085	1452.0000	271.0000	0.1866	1454.0000
844	0.7172	0.6399	0.5092	0.6579	0.1518	0.8150	19.0000	0.1092	1477.0000	282.0000	0.1909	1479.0000
845	0.7363	0.6341	0.5059	0.6426	0.1488	0.8371	19.7000	0.0904	1455.0000	268.0000	0.1842	1457.0000
846	0.7079	0.6424	0.4998	0.6370	0.1533	0.8139	19.7000	0.1068	1487.0000	282.0000	0.1896	1489.0000
847	0.6983	0.6411	0.5068	0.6539	0.1521	0.8167	19.5000	0.1101	1426.0000	280.0000	0.1964	1429.0000
848	0.6990	0.6452	0.5004	0.6324	0.1523	0.8108	19.2000	0.1025	1472.0000	293.0000	0.1990	1474.0000
849	0.7134	0.6407	0.5057	0.6302	0.1514	0.8172	19.9000	0.1075	1447.0000	286.0000	0.1977	1449.0000
850	0.6962	0.6370	0.5144	0.6511	0.1503	0.8065	19.3000	0.1359	1391.0000	282.0000	0.2027	1395.0000
851	0.7116	0.6374	0.5071	0.6347	0.1552	0.8109	19.5000	0.1148	1509.0000	303.0000	0.2008	1511.0000
852	0.7117	0.6436	0.5071	0.6360	0.1539	0.8239	19.7000	0.1011	1508.0000	278.0000	0.1844	1510.0000
853	0.7052	0.6448	0.5069	0.6535	0.1538	0.8231	19.6000	0.1047	1475.0000	282.0000	0.1912	1477.0000
854	0.7187	0.6358	0.5027	0.6355	0.1491	0.8301	19.2000	0.0936	1453.0000	282.0000	0.1941	1455.0000
855	0.7229	0.6399	0.5122	0.6499	0.1525	0.8211	19.8000	0.1038	1442.0000	278.0000	0.1928	1447.0000
856	0.7056	0.6362	0.5012	0.6486	0.1524	0.8167	19.5000	0.1039	1443.0000	283.0000	0.1961	1445.0000
857	0.7169	0.6391	0.5095	0.6473	0.1512	0.8219	19.6000	0.1013	1414.0000	284.0000	0.2008	1416.0000
858	0.7079	0.6378	0.5085	0.6252	0.1555	0.8101	19.7000	0.1151	1479.0000	310.0000	0.2096	1481.0000
859	0.7184	0.6415	0.5125	0.6367	0.1548	0.8234	19.4000	0.1032	1486.0000	291.0000	0.1958	1488.0000
860	0.7235	0.6378	0.5127	0.6473	0.1573	0.8181	19.4000	0.1068	1502.0000	278.0000	0.1851	1505.0000
861	0.7225	0.6366	0.5100	0.6474	0.1553	0.8240	19.5000	0.1017	1471.0000	291.0000	0.1978	1473.0000
862	0.7371	0.6399	0.5005	0.6434	0.1495	0.8157	19.6000	0.1038	1433.0000	282.0000	0.1968	1435.0000
863	0.7245	0.6403	0.5120	0.6383	0.1584	0.8184	19.2000	0.1057	1461.0000	275.0000	0.1882	1463.0000
864	0.7141	0.6436	0.5046	0.6136	0.1518	0.8109	19.6000	0.1186	1503.0000	286.0000	0.1903	1505.0000
865	0.7125	0.6477	0.5134	0.6655	0.1565	0.8301	19.5000	0.0972	1476.0000	264.0000	0.1789	1478.0000
866	0.7153	0.6378	0.5058	0.6274	0.1523	0.8145	19.4000	0.1063	1461.0000	286.0000	0.1958	1463.0000
867	0.7006	0.6411	0.5115	0.6413	0.1554	0.8105	19.9000	0.1076	1445.0000	302.0000	0.2090	1447.0000
868	0.7218	0.6358	0.5065	0.6550	0.1462	0.8284	19.2000	0.1071	1388.0000	271.0000	0.1952	1390.0000
869	0.7199	0.6448	0.5078	0.6463	0.1540	0.8212	19.5000	0.1014	1447.0000	283.0000	0.1956	1449.0000
870	0.7206	0.6378	0.4974	0.6351	0.1514	0.8114	19.4000	0.0987	1447.0000	286.0000	0.1977	1449.0000
871	0.7026	0.6386	0.5043	0.6540	0.1468	0.8088	19.3000	0.1131	1412.0000	274.0000	0.1941	1416.0000
872	0.7272	0.6337	0.5016	0.6418	0.1474	0.8183	19.4000	0.1011	1406.0000	289.0000	0.2055	1408.0000
873	0.7145	0.6345	0.5049	0.6456	0.1497	0.8166	19.7000	0.1108	1429.0000	283.0000	0.1980	1431.0000
874	0.7141	0.6411	0.5089	0.6167	0.1516	0.8114	19.3000	0.1077	1502.0000	311.0000	0.2071	1504.0000
875	0.7030	0.6395	0.5087	0.6641	0.1458	0.8167	19.4000	0.1218	1362.0000	266.0000	0.1953	1364.0000
876	0.7249	0.6366	0.5023	0.6260	0.1512	0.8140	19.5000	0.1003	1458.0000	287.0000	0.1968	1460.0000
877	0.7365	0.6407	0.5031	0.6488	0.1495	0.8227	19.7000	0.1063	1447.0000	284.0000	0.1963	1449.0000
878	0.6792	0.6415	0.5018	0.6201	0.1595	0.8107	19.6000	0.0915	1546.0000	307.0000	0.1986	1548.0000
879	0.6954	0.6428	0.5123	0.6291	0.1561	0.8169	19.7000	0.0996	1481.0000	297.0000	0.2005	1483.0000
880	0.7253	0.6337	0.5060	0.6309	0.1511	0.8153	19.5000	0.1201	1470.0000	290.0000	0.1973	1473.0000
881	0.7121	0.6374	0.5044	0.6617	0.1529	0.8220	19.5000	0.1004	1411.0000	275.0000	0.1949	1415.0000
882	0.7054	0.6428	0.5080	0.6401	0.1530	0.8110	19.3000	0.1185	1468.0000	286.0000	0.1948	1470.0000
883	0.7130	0.6337	0.5024	0.6478	0.1532	0.8134	19.4000	0.0929	1453.0000	284.0000	0.1955	1455.0000
884	0.7446	0.6391	0.5038	0.6440	0.1487	0.8255	19.9000	0.0904	1443.0000	272.0000	0.1885	1446.0000
885	0.7022	0.6428	0.5060	0.6289	0.1579	0.8217	19.6000	0.0920	1547.0000	277.0000	0.1791	1549.0000
886	0.7276	0.6457	0.5040	0.6470	0.1498	0.8179	19.7000	0.1137	1444.0000	297.0000	0.2057	1446.0000
887	0.7441	0.6415	0.5023	0.6513	0.1523	0.8240	19.5000	0.0914	1470.0000	280.0000	0.1905	1472.0000
888	0.7215	0.6403	0.5097	0.6620	0.1536	0.8286	19.6000	0.1133	1470.0000	270.0000	0.1837	1472.0000
889	0.7082	0.6411	0.4942	0.6435	0.1526	0.8241	19.0000	0.1108	1486.0000	266.0000	0.1790	1488.0000
890	0.7304	0.6411	0.5037	0.6391	0.1547	0.8182	19.7000	0.1013	1480.0000	282.0000	0.1905	1482.0000
891	0.7194	0.6358	0.5120	0.6318	0.1570	0.8164	19.4000	0.0968	1476.0000	287.0000	0.1944	1478.0000
892	0.7162	0.6415	0.5105	0.6414	0.1514	0.8242	19.4000	0.1091	1445.0000	259.0000	0.1792	1447.0000
893	0.7024	0.6386	0.5032	0.6312	0.1464	0.8129	19.5000	0.1016	1448.0000	285.0000	0.1968	1452.0000
894	0.7460	0.6424	0.5122	0.6374	0.1522	0.8243	19.4000	0.1109	1458.0000	292.0000	0.2003	1460.0000
895	0.7359	0.6432	0.5155	0.6389	0.1615	0.8249	19.6000	0.0982	1516.0000	289.0000	0.1906	1518.0000
896	0.7251	0.6341	0.5056	0.6375	0.1519	0.8247	19.6000	0.0987	1458.0000	285.0000	0.1955	1460.0000
897	0.6987	0.6370	0.4997	0.6496	0.1484	0.8184	19.6000	0.1059	1400.0000	271.0000	0.1936	1402.0000
898	0.7068	0.6448	0.5175	0.6380	0.1561	0.8200	19.6000	0.1142	1507.0000	290.0000	0.1924	1509.0000
899	0.7227	0.6399	0.5068	0.6413	0.1535	0.8099	19.5000	0.1133	1477.0000	294.0000	0.1991	1479.0000
900	0.7199	0.6349	0.5071	0.6301	0.1559	0.8212	19.3000	0.0967	1513.0000	284.0000	0.1877	1515.0000
901	0.7039	0.6382	0.5054	0.6422	0.1498	0.8225	19.4000	0.1045	1431.0000	273.0000	0.1908	1433.0000
902	0.6938	0.6407	0.5164	0.6318	0.1557	0.8059	19.5000	0.1243	1487.0000	302.0000	0.2031	1490.0000
903	0.7089	0.6391	0.5050	0.6565	0.1555	0.8260	19.8000	0.1023	1466.0000	271.0000	0.1849	1471.0000
904	0.7009	0.6403	0.5042	0.6225	0.1551	0.8169	19.2000	0.1020	1510.0000	289.0000	0.1914	1512.0000
905	0.7167	0.6407	0.5148	0.6453	0.1513	0.8174	19.6000	0.0985	1446.0000	283.0000	0.1957	1449.0000
906	0.7267	0.6382	0.5057	0.6466	0.1504	0.8229	19.4000	0.1078	1452.0000	284.0000	0.1956	1454.0000
907	0.6936	0.6374	0.5085	0.6553	0.1465	0.8152	19.8000	0.1222	1407.0000	285.0000	0.2026	1409.0000
908	0.6878	0.6403	0.5176	0.6406	0.1562	0.7998	19.7000	0.1210	1475.0000	291.0000	0.1973	1477.0000
909	0.6994	0.6329	0.4960	0.6527	0.1494	0.8140	19.7000	0.1066	1444.0000	289.0000	0.2001	1446.0000
910	0.7016	0.6386	0.5080	0.6374	0.1486	0.8199	19.5000	0.1011	1453.0000	275.0000	0.1893	1461.0000
911	0.6874	0.6407	0.5136	0.6260	0.1569	0.8064	19.3000	0.1090	1501.0000	297.0000	0.1979	1503.0000
912	0.7024	0.6374	0.5092	0.6339	0.1520	0.8204	19.5000	0.0991	1454.0000	280.0000	0.1926	1456.0000
913	0.7143	0.6432	0.5065	0.6249	0.1478	0.8126	19.4000	0.1215	1454.0000	294.0000	0.2022	1456.0000
914	0.6938	0.6378	0.5140	0.6714	0.1564	0.8340	19.8000	0.1010	1407.0000	265.0000	0.1883	1409.0000
915	0.7238	0.6407	0.5148	0.6197	0.1554	0.8231	19.5000	0.1116	1485.0000	277.0000	0.1865	1487.0000
916	0.6951	0.6391	0.5074	0.6462	0.1521	0.8194	19.4000	0.0948	1431.0000	267.0000	0.1866	1434.0000
917	0.7144	0.6407	0.5047	0.6313	0.1525	0.8214	19.7000	0.1078	1450.0000	283.0000	0.1952	1452.0000
918	0.6863	0.6477	0.5114	0.6487	0.1529	0.8096	19.8000	0.1149	1430.0000	305.0000	0.2133	1432.0000
919	0.7065	0.6411	0.5109	0.6509	0.1551	0.8251	19.5000	0.0943	1494.0000	291.0000	0.1948	1499.0000
920	0.7249	0.6407	0.5097	0.6439	0.1525	0.8270	19.6000	0.0959	1488.0000	285.0000	0.1915	1490.0000
921	0.7062	0.6391	0.5092	0.6592	0.1570	0.8160	19.6000	0.1073	1471.0000	288.0000	0.1958	1473.0000
922	0.7139	0.6378	0.5078	0.6493	0.1550	0.8233	19.7000	0.0978	1476.0000	289.0000	0.1958	1478.0000
923	0.7037	0.6399	0.5099	0.6467	0.1471	0.8046	19.8000	0.1226	1400.0000	299.0000	0.2136	1408.0000
924	0.7356	0.6440	0.5108	0.6609	0.1516	0.8208	19.3000	0.1036	1449.0000	283.0000	0.1953	1451.0000
925	0.7147	0.6391	0.5087	0.6172	0.1554	0.8197	19.8000	0.1134	1523.0000	288.0000	0.1891	1525.0000
926	0.7187	0.6391	0.5104	0.6402	0.1531	0.8178	19.5000	0.1024	1492.0000	287.0000	0.1924	1494.0000
927	0.6953	0.6321	0.5062	0.6492	0.1536	0.8093	19.7000	0.1144	1423.0000	302.0000	0.2122	1425.0000
928	0.7100	0.6391	0.5118	0.6316	0.1557	0.8150	19.3000	0.1031	1491.0000	293.0000	0.1965	1493.0000
929	0.7188	0.6386	0.5111	0.6241	0.1506	0.8239	19.8000	0.0979	1483.0000	281.0000	0.1895	1485.0000
930	0.7109	0.6436	0.5161	0.6611	0.1549	0.8107	19.7000	0.1121	1446.0000	289.0000	0.1999	1449.0000
931	0.7312	0.6415	0.5114	0.6446	0.1553	0.8219	19.4000	0.1121	1486.0000	289.0000	0.1945	1488.0000
932	0.7082	0.6325	0.5032	0.6275	0.1507	0.8056	19.4000	0.1079	1448.0000	300.0000	0.2072	1450.0000
933	0.7183	0.6403	0.5069	0.6526	0.1503	0.8225	19.6000	0.1069	1423.0000	286.0000	0.2010	1425.0000
934	0.7281	0.6407	0.5068	0.6428	0.1558	0.8276	19.6000	0.0993	1491.0000	281.0000	0.1885	1493.0000
935	0.6809	0.6399	0.5080	0.6259	0.1526	0.8119	19.5000	0.1043	1463.0000	284.0000	0.1941	1465.0000
936	0.7288	0.6399	0.5024	0.6425	0.1501	0.8210	19.6000	0.0952	1447.0000	295.0000	0.2039	1449.0000
937	0.6981	0.6399	0.5085	0.6525	0.1440	0.8122	19.3000	0.1173	1408.0000	281.0000	0.1996	1411.0000
938	0.7222	0.6366	0.5064	0.6567	0.1488	0.8197	19.8000	0.1066	1410.0000	280.0000	0.1986	1412.0000
939	0.7219	0.6411	0.5087	0.6426	0.1535	0.8128	19.4000	0.1156	1421.0000	292.0000	0.2055	1425.0000
940	0.7115	0.6341	0.5097	0.6556	0.1527	0.8212	19.6000	0.1031	1411.0000	261.0000	0.1850	1413.0000
941	0.6831	0.6386	0.5070	0.6299	0.1587	0.8236	19.7000	0.0912	1542.0000	288.0000	0.1868	1544.0000
942	0.7379	0.6403	0.5000	0.6414	0.1556	0.8343	19.2000	0.0902	1461.0000	270.0000	0.1848	1463.0000
943	0.7007	0.6354	0.5029	0.6345	0.1475	0.8145	19.5000	0.1182	1426.0000	289.0000	0.2027	1428.0000
944	0.7128	0.6391	0.5099	0.6728	0.1525	0.8144	19.3000	0.1111	1409.0000	277.0000	0.1966	1412.0000
945	0.7469	0.6403	0.4998	0.6318	0.1495	0.8249	19.8000	0.1018	1463.0000	287.0000	0.1962	1465.0000
946	0.7314	0.6362	0.5116	0.6541	0.1540	0.8155	19.6000	0.1207	1438.0000	291.0000	0.2024	1440.0000
947	0.7027	0.6378	0.4967	0.6588	0.1510	0.8192	19.6000	0.1095	1407.0000	279.0000	0.1983	1412.0000
948	0.7145	0.6358	0.5040	0.6495	0.1505	0.8329	19.4000	0.1005	1513.0000	278.0000	0.1837	1515.0000
949	0.7007	0.6333	0.5044	0.6510	0.1474	0.8210	19.7000	0.1041	1408.0000	275.0000	0.1953	1411.0000
950	0.6925	0.6444	0.5102	0.6565	0.1552	0.8225	19.3000	0.1015	1509.0000	276.0000	0.1829	1511.0000
951	0.7167	0.6424	0.5072	0.6376	0.1522	0.8362	19.6000	0.0818	1496.0000	266.0000	0.1778	1498.0000
952	0.7293	0.6407	0.5136	0.6569	0.1599	0.8304	19.5000	0.0829	1521.0000	283.0000	0.1861	1523.0000
953	0.7150	0.6461	0.5115	0.6332	0.1534	0.8173	19.5000	0.1017	1446.0000	287.0000	0.1985	1448.0000
954	0.6853	0.6374	0.5100	0.6358	0.1526	0.8093	19.7000	0.1072	1456.0000	295.0000	0.2026	1458.0000
955	0.7292	0.6341	0.5078	0.6456	0.1560	0.8273	19.6000	0.0940	1450.0000	277.0000	0.1910	1452.0000
956	0.6894	0.6386	0.5052	0.6342	0.1506	0.8194	19.5000	0.1051	1474.0000	282.0000	0.1913	1478.0000
957	0.7232	0.6329	0.5078	0.6481	0.1504	0.8225	19.7000	0.1091	1412.0000	298.0000	0.2110	1414.0000
958	0.7382	0.6354	0.5101	0.6353	0.1496	0.8291	19.3000	0.1089	1465.0000	283.0000	0.1932	1467.0000
959	0.6994	0.6403	0.5170	0.6238	0.1537	0.8098	19.3000	0.1075	1492.0000	283.0000	0.1897	1495.0000
960	0.6896	0.6461	0.5182	0.6246	0.1571	0.8034	19.4000	0.1025	1506.0000	291.0000	0.1932	1509.0000
961	0.7187	0.6411	0.5040	0.6434	0.1541	0.8181	19.7000	0.1087	1520.0000	286.0000	0.1882	1522.0000
962	0.7043	0.6461	0.5124	0.6514	0.1592	0.8160	19.6000	0.1031	1503.0000	292.0000	0.1943	1507.0000
963	0.7161	0.6370	0.5020	0.6486	0.1475	0.8272	19.7000	0.1015	1444.0000	286.0000	0.1981	1446.0000
964	0.7053	0.6403	0.5097	0.6557	0.1522	0.8238	19.6000	0.0986	1453.0000	292.0000	0.2010	1455.0000
965	0.7149	0.6370	0.5044	0.6229	0.1501	0.8246	19.5000	0.0939	1486.0000	289.0000	0.1945	1488.0000
966	0.7381	0.6374	0.5051	0.6259	0.1560	0.8276	19.6000	0.0846	1537.0000	282.0000	0.1835	1539.0000
967	0.6683	0.6341	0.5064	0.6292	0.1538	0.8145	19.7000	0.1011	1474.0000	289.0000	0.1961	1476.0000
968	0.7184	0.6415	0.4988	0.6530	0.1542	0.8202	19.9000	0.1116	1453.0000	275.0000	0.1893	1455.0000
969	0.7174	0.6337	0.4975	0.6136	0.1525	0.8190	19.3000	0.0924	1464.0000	271.0000	0.1851	1470.0000
970	0.6892	0.6444	0.5114	0.6086	0.1577	0.8241	19.5000	0.0874	1588.0000	292.0000	0.1839	1590.0000
971	0.6991	0.6407	0.5022	0.6278	0.1487	0.8199	19.6000	0.1033	1474.0000	279.0000	0.1893	1476.0000
972	0.6919	0.6333	0.4993	0.6467	0.1445	0.8128	19.2000	0.1068	1397.0000	295.0000	0.2112	1399.0000
973	0.7189	0.6407	0.4963	0.6343	0.1509	0.8265	19.7000	0.1037	1472.0000	287.0000	0.1950	1474.0000
974	0.7201	0.6366	0.4990	0.6334	0.1559	0.8105	19.9000	0.1067	1525.0000	304.0000	0.1993	1527.0000
975	0.7083	0.6366	0.5098	0.6420	0.1533	0.8169	19.5000	0.1083	1472.0000	278.0000	0.1889	1474.0000
976	0.7114	0.6362	0.5011	0.6344	0.1520	0.8183	19.7000	0.1135	1425.0000	291.0000	0.2042	1428.0000
977	0.7038	0.6341	0.5012	0.6397	0.1496	0.8150	19.4000	0.1084	1424.0000	301.0000	0.2114	1426.0000
978	0.7075	0.6399	0.5057	0.6441	0.1512	0.8219	19.4000	0.1117	1451.0000	276.0000	0.1902	1453.0000
979	0.7083	0.6395	0.5127	0.6437	0.1557	0.8256	19.7000	0.1090	1468.0000	278.0000	0.1894	1471.0000
980	0.7010	0.6391	0.5154	0.6385	0.1558	0.8239	19.7000	0.1042	1507.0000	279.0000	0.1851	1509.0000
981	0.7183	0.6424	0.5087	0.6469	0.1540	0.8194	19.7000	0.1041	1468.0000	288.0000	0.1962	1473.0000
982	0.7033	0.6386	0.5104	0.6471	0.1535	0.8238	19.8000	0.1009	1483.0000	278.0000	0.1875	1486.0000
983	0.7247	0.6391	0.5038	0.6601	0.1534	0.8298	19.7000	0.0887	1486.0000	274.0000	0.1844	1488.0000
984	0.7265	0.6411	0.5092	0.6278	0.1547	0.8077	19.8000	0.1005	1445.0000	301.0000	0.2083	1447.0000
985	0.7161	0.6362	0.4981	0.6361	0.1470	0.8093	19.6000	0.1173	1398.0000	294.0000	0.2103	1400.0000
986	0.7038	0.6452	0.5146	0.6363	0.1551	0.8248	19.6000	0.1011	1487.0000	284.0000	0.1910	1489.0000
987	0.7007	0.6374	0.5074	0.6456	0.1546	0.8185	19.5000	0.1100	1455.0000	300.0000	0.2062	1457.0000
988	0.7074	0.6391	0.5036	0.6599	0.1534	0.8142	19.6000	0.1014	1454.0000	280.0000	0.1926	1456.0000
989	0.7078	0.6391	0.5107	0.6320	0.1531	0.8230	19.5000	0.1082	1474.0000	279.0000	0.1893	1476.0000
990	0.6954	0.6403	0.5142	0.6433	0.1547	0.8283	19.5000	0.1099	1493.0000	278.0000	0.1862	1496.0000
991	0.7040	0.6366	0.5016	0.6277	0.1476	0.8075	19.2000	0.1064	1392.0000	291.0000	0.2091	1394.0000
992	0.7202	0.6403	0.5079	0.6371	0.1513	0.8256	19.5000	0.1032	1398.0000	286.0000	0.2046	1400.0000
993	0.7234	0.6465	0.5174	0.6430	0.1619	0.8239	20.1000	0.1071	1544.0000	305.0000	0.1975	1546.0000
994	0.7130	0.6362	0.5074	0.6406	0.1523	0.8170	19.6000	0.1198	1448.0000	279.0000	0.1927	1456.0000
995	0.7289	0.6403	0.5116	0.6612	0.1521	0.8308	19.5000	0.0992	1452.0000	258.0000	0.1777	1454.0000
996	0.6911	0.6374	0.5065	0.6482	0.1498	0.8270	19.6000	0.0984	1449.0000	279.0000	0.1925	1451.0000
997	0.7230	0.6333	0.5055	0.6375	0.1545	0.8219	19.5000	0.0958	1477.0000	273.0000	0.1848	1479.0000
998	0.7016	0.6415	0.5153	0.6625	0.1529	0.8159	19.8000	0.1142	1428.0000	288.0000	0.2017	1430.0000
999	0.7126	0.6407	0.5133	0.6517	0.1563	0.8221	19.5000	0.0926	1467.0000	280.0000	0.1909	1469.0000
1000	0.7109	0.6391	0.5023	0.6474	0.1474	0.8128	19.6000	0.1070	1413.0000	297.0000	0.2102	1415.0000
