accuracy	proportion	density	fuzziness	coverage	purity	sounds	missing	ubound	clusters	props	patterns
1	0.7136	0.6382	0.5057	0.6808	0.1363	0.8098	19.4000	0.1034	1492.0000	255.0000	0.1709	1494.0000
2	0.7088	0.6362	0.5079	0.6960	0.1383	0.8215	19.6000	0.1014	1434.0000	250.0000	0.1743	1436.0000
3	0.7115	0.6345	0.5040	0.6732	0.1391	0.8008	19.7000	0.0969	1541.0000	272.0000	0.1765	1543.0000
4	0.7372	0.6391	0.5154	0.6732	0.1367	0.8040	19.3000	0.1116	1457.0000	272.0000	0.1867	1464.0000
5	0.7247	0.6354	0.5071	0.6726	0.1347	0.8203	19.5000	0.0934	1459.0000	247.0000	0.1693	1471.0000
6	0.7027	0.6366	0.5045	0.6658	0.1371	0.8120	19.2000	0.0988	1445.0000	260.0000	0.1799	1447.0000
7	0.7206	0.6366	0.5100	0.6934	0.1374	0.7994	19.7000	0.1055	1477.0000	274.0000	0.1855	1479.0000
8	0.7245	0.6399	0.5124	0.6814	0.1400	0.8178	19.3000	0.1009	1517.0000	263.0000	0.1734	1520.0000
9	0.7002	0.6370	0.5047	0.6947	0.1352	0.8135	19.5000	0.0943	1451.0000	250.0000	0.1723	1453.0000
10	0.7126	0.6415	0.5127	0.6922	0.1393	0.8318	19.7000	0.0958	1510.0000	261.0000	0.1728	1512.0000
11	0.7141	0.6362	0.4985	0.6473	0.1319	0.8128	19.8000	0.1055	1444.0000	261.0000	0.1807	1446.0000
12	0.7062	0.6362	0.4995	0.6955	0.1353	0.8201	19.6000	0.0860	1439.0000	252.0000	0.1751	1444.0000
13	0.7161	0.6337	0.5074	0.6832	0.1353	0.8131	19.2000	0.0915	1390.0000	258.0000	0.1856	1397.0000
14	0.7116	0.6386	0.5089	0.6755	0.1355	0.8158	19.5000	0.0999	1450.0000	262.0000	0.1807	1454.0000
15	0.7103	0.6378	0.5021	0.6613	0.1362	0.8048	19.5000	0.1047	1465.0000	261.0000	0.1782	1468.0000
16	0.7188	0.6395	0.5108	0.6730	0.1361	0.8162	19.4000	0.0978	1491.0000	262.0000	0.1757	1494.0000
17	0.7191	0.6374	0.5059	0.6755	0.1348	0.7974	19.5000	0.0945	1462.0000	258.0000	0.1765	1464.0000
18	0.6998	0.6362	0.5030	0.6698	0.1347	0.8118	19.6000	0.1094	1466.0000	264.0000	0.1801	1468.0000
19	0.7085	0.6395	0.5052	0.6811	0.1379	0.8098	19.4000	0.1009	1462.0000	263.0000	0.1799	1465.0000
20	0.7105	0.6399	0.5049	0.6667	0.1422	0.8027	19.5000	0.1131	1503.0000	284.0000	0.1890	1505.0000
21	0.7084	0.6395	0.5035	0.6794	0.1320	0.7943	19.9000	0.1045	1406.0000	265.0000	0.1885	1408.0000
22	0.7337	0.6345	0.5123	0.6784	0.1376	0.8236	19.3000	0.0967	1450.0000	253.0000	0.1745	1454.0000
23	0.6762	0.6411	0.5099	0.6707	0.1385	0.7962	19.7000	0.0999	1486.0000	275.0000	0.1851	1489.0000
24	0.6912	0.6419	0.5066	0.6789	0.1420	0.8021	19.6000	0.1143	1509.0000	276.0000	0.1829	1514.0000
25	0.7245	0.6358	0.5028	0.6628	0.1323	0.8207	19.5000	0.0956	1397.0000	249.0000	0.1782	1399.0000
26	0.7065	0.6440	0.5077	0.6785	0.1386	0.8163	19.3000	0.0911	1473.0000	270.0000	0.1833	1475.0000
27	0.6892	0.6444	0.5072	0.6751	0.1346	0.7976	19.4000	0.1061	1459.0000	262.0000	0.1796	1461.0000
28	0.6855	0.6366	0.5113	0.6726	0.1367	0.8104	19.6000	0.1110	1443.0000	257.0000	0.1781	1445.0000
29	0.6899	0.6362	0.5014	0.6780	0.1362	0.8099	19.7000	0.0975	1506.0000	258.0000	0.1713	1508.0000
30	0.7205	0.6386	0.5028	0.6824	0.1373	0.8117	19.7000	0.1095	1447.0000	253.0000	0.1748	1449.0000
31	0.7015	0.6362	0.5013	0.6704	0.1346	0.8138	19.4000	0.0957	1469.0000	258.0000	0.1756	1471.0000
32	0.7149	0.6378	0.5153	0.6687	0.1470	0.8157	19.4000	0.0835	1554.0000	271.0000	0.1744	1556.0000
33	0.7149	0.6436	0.5184	0.6809	0.1411	0.8043	19.7000	0.0979	1498.0000	268.0000	0.1789	1501.0000
34	0.7268	0.6362	0.5069	0.6859	0.1356	0.8119	19.6000	0.0863	1393.0000	260.0000	0.1866	1395.0000
35	0.7157	0.6419	0.5053	0.6737	0.1363	0.8102	19.6000	0.1117	1426.0000	263.0000	0.1844	1432.0000
36	0.7198	0.6432	0.5091	0.6926	0.1386	0.8215	19.8000	0.0934	1502.0000	258.0000	0.1718	1504.0000
37	0.6875	0.6399	0.5128	0.6528	0.1384	0.8171	19.3000	0.0957	1525.0000	280.0000	0.1836	1527.0000
38	0.7236	0.6461	0.5104	0.6863	0.1375	0.8243	19.7000	0.0962	1490.0000	254.0000	0.1705	1495.0000
39	0.7194	0.6374	0.5075	0.6894	0.1389	0.8158	19.3000	0.1019	1423.0000	259.0000	0.1820	1425.0000
40	0.7022	0.6386	0.5059	0.6912	0.1349	0.8278	19.8000	0.0988	1417.0000	242.0000	0.1708	1420.0000
41	0.7123	0.6395	0.5016	0.6911	0.1314	0.8132	19.9000	0.0976	1395.0000	250.0000	0.1792	1402.0000
42	0.7108	0.6452	0.5111	0.6641	0.1394	0.8027	19.5000	0.1033	1494.0000	283.0000	0.1894	1497.0000
43	0.7081	0.6436	0.5158	0.6840	0.1388	0.8253	19.4000	0.1007	1495.0000	253.0000	0.1692	1502.0000
44	0.6904	0.6424	0.5092	0.6700	0.1375	0.8034	19.8000	0.0993	1486.0000	278.0000	0.1871	1488.0000
45	0.7026	0.6366	0.5059	0.6750	0.1363	0.8066	19.8000	0.1043	1484.0000	258.0000	0.1739	1486.0000
46	0.7133	0.6374	0.5102	0.6922	0.1377	0.7967	20.0000	0.1238	1420.0000	269.0000	0.1894	1424.0000
47	0.6848	0.6321	0.4942	0.6730	0.1323	0.8080	19.1000	0.0929	1423.0000	259.0000	0.1820	1425.0000
48	0.7255	0.6378	0.4979	0.6641	0.1371	0.7981	19.1000	0.1077	1469.0000	278.0000	0.1892	1471.0000
49	0.7005	0.6440	0.5120	0.6633	0.1389	0.7893	20.0000	0.1060	1483.0000	273.0000	0.1841	1485.0000
50	0.7033	0.6411	0.4953	0.6869	0.1350	0.8046	19.4000	0.1011	1424.0000	265.0000	0.1861	1426.0000
51	0.6910	0.6386	0.4975	0.6699	0.1340	0.7894	19.5000	0.1079	1421.0000	276.0000	0.1942	1423.0000
52	0.7080	0.6358	0.5013	0.6651	0.1350	0.8267	19.4000	0.0957	1509.0000	248.0000	0.1643	1511.0000
53	0.6902	0.6432	0.5119	0.6774	0.1372	0.8213	19.8000	0.1200	1466.0000	242.0000	0.1651	1468.0000
54	0.6929	0.6391	0.5024	0.6689	0.1338	0.7985	19.4000	0.1101	1448.0000	272.0000	0.1878	1452.0000
55	0.6913	0.6308	0.5093	0.6853	0.1345	0.8044	19.5000	0.1018	1420.0000	262.0000	0.1845	1422.0000
56	0.6932	0.6378	0.4944	0.6742	0.1379	0.7986	19.6000	0.1026	1505.0000	259.0000	0.1721	1508.0000
57	0.6988	0.6378	0.5061	0.6953	0.1362	0.8141	19.5000	0.0982	1452.0000	257.0000	0.1770	1454.0000
58	0.7199	0.6428	0.5078	0.6856	0.1382	0.8167	19.6000	0.1038	1507.0000	268.0000	0.1778	1510.0000
59	0.7177	0.6452	0.5159	0.6538	0.1403	0.8078	19.9000	0.1091	1501.0000	269.0000	0.1792	1503.0000
60	0.7301	0.6440	0.5015	0.6686	0.1349	0.8020	19.3000	0.1114	1405.0000	279.0000	0.1986	1407.0000
61	0.6714	0.6366	0.5112	0.6652	0.1388	0.7829	19.7000	0.0975	1476.0000	279.0000	0.1890	1478.0000
62	0.7029	0.6415	0.5076	0.6488	0.1385	0.8067	19.4000	0.1004	1516.0000	281.0000	0.1854	1518.0000
63	0.6979	0.6386	0.5128	0.6774	0.1359	0.8038	19.7000	0.1149	1434.0000	258.0000	0.1799	1437.0000
64	0.6961	0.6407	0.5101	0.6750	0.1387	0.8038	19.8000	0.1198	1431.0000	279.0000	0.1950	1433.0000
65	0.7258	0.6395	0.5169	0.6763	0.1408	0.8085	19.5000	0.1037	1536.0000	268.0000	0.1745	1538.0000
66	0.7107	0.6391	0.5124	0.6823	0.1368	0.8152	19.5000	0.1147	1471.0000	252.0000	0.1713	1474.0000
67	0.7241	0.6444	0.5108	0.6671	0.1369	0.8081	19.8000	0.1203	1457.0000	271.0000	0.1860	1459.0000
68	0.7144	0.6419	0.5002	0.6759	0.1362	0.8063	19.7000	0.1023	1440.0000	270.0000	0.1875	1442.0000
69	0.6750	0.6403	0.5010	0.6752	0.1346	0.8035	19.2000	0.1081	1461.0000	262.0000	0.1793	1463.0000
70	0.6939	0.6444	0.5080	0.6864	0.1401	0.8081	19.5000	0.0990	1487.0000	260.0000	0.1748	1489.0000
71	0.7038	0.6419	0.5150	0.6997	0.1431	0.8174	19.5000	0.0922	1488.0000	255.0000	0.1714	1490.0000
72	0.7229	0.6337	0.4956	0.6754	0.1319	0.8070	19.3000	0.1068	1418.0000	269.0000	0.1897	1421.0000
73	0.7063	0.6366	0.5105	0.6690	0.1343	0.8141	19.7000	0.1113	1428.0000	254.0000	0.1779	1430.0000
74	0.7011	0.6407	0.5026	0.6801	0.1330	0.8094	19.6000	0.1107	1404.0000	263.0000	0.1873	1406.0000
75	0.6903	0.6370	0.4992	0.6856	0.1335	0.8090	19.6000	0.1111	1437.0000	261.0000	0.1816	1439.0000
76	0.6845	0.6374	0.5035	0.6916	0.1307	0.8098	19.6000	0.0984	1392.0000	249.0000	0.1789	1394.0000
77	0.7042	0.6395	0.5060	0.6574	0.1359	0.8215	19.6000	0.1032	1484.0000	250.0000	0.1685	1486.0000
78	0.6915	0.6354	0.5028	0.6716	0.1324	0.7921	19.6000	0.1137	1443.0000	263.0000	0.1823	1445.0000
79	0.6878	0.6469	0.5149	0.6764	0.1404	0.7958	19.3000	0.1017	1454.0000	284.0000	0.1953	1456.0000
80	0.6900	0.6345	0.5093	0.6459	0.1358	0.8161	19.7000	0.0970	1491.0000	256.0000	0.1717	1493.0000
81	0.7012	0.6354	0.5051	0.6892	0.1380	0.8124	19.3000	0.1193	1454.0000	250.0000	0.1719	1458.0000
82	0.7084	0.6391	0.5104	0.6514	0.1357	0.7957	19.4000	0.1123	1478.0000	289.0000	0.1955	1481.0000
83	0.6964	0.6382	0.5093	0.6725	0.1390	0.8184	19.5000	0.0952	1467.0000	261.0000	0.1779	1469.0000
84	0.6792	0.6362	0.5110	0.6777	0.1384	0.7940	19.6000	0.1043	1432.0000	276.0000	0.1927	1434.0000
85	0.7197	0.6432	0.5159	0.6712	0.1385	0.8203	19.7000	0.0954	1454.0000	261.0000	0.1795	1456.0000
86	0.6880	0.6391	0.4976	0.6632	0.1368	0.7992	19.6000	0.1056	1512.0000	274.0000	0.1812	1514.0000
87	0.7033	0.6399	0.5141	0.6781	0.1447	0.7913	19.5000	0.1135	1476.0000	286.0000	0.1938	1478.0000
88	0.7299	0.6370	0.5089	0.6884	0.1348	0.8183	19.4000	0.0950	1466.0000	258.0000	0.1760	1468.0000
89	0.6955	0.6378	0.5093	0.6904	0.1408	0.8091	19.7000	0.0977	1468.0000	265.0000	0.1805	1470.0000
90	0.6886	0.6374	0.4988	0.6790	0.1311	0.8299	19.5000	0.1043	1418.0000	244.0000	0.1721	1420.0000
91	0.7002	0.6411	0.5065	0.6864	0.1367	0.8151	19.4000	0.0913	1468.0000	253.0000	0.1723	1470.0000
92	0.7227	0.6465	0.5165	0.6564	0.1391	0.8041	19.6000	0.1104	1477.0000	291.0000	0.1970	1479.0000
93	0.6983	0.6399	0.5111	0.6772	0.1383	0.8026	19.6000	0.1008	1466.0000	260.0000	0.1774	1468.0000
94	0.6880	0.6382	0.5061	0.6554	0.1325	0.8066	19.4000	0.0809	1450.0000	249.0000	0.1717	1452.0000
95	0.6955	0.6337	0.5084	0.6655	0.1399	0.7977	19.5000	0.0927	1490.0000	262.0000	0.1758	1492.0000
96	0.7127	0.6444	0.5012	0.6602	0.1337	0.7911	19.7000	0.1304	1439.0000	278.0000	0.1932	1441.0000
97	0.7214	0.6399	0.5031	0.6863	0.1325	0.8132	19.6000	0.1148	1396.0000	259.0000	0.1855	1401.0000
98	0.6837	0.6432	0.5116	0.6906	0.1390	0.8159	19.5000	0.0919	1468.0000	258.0000	0.1757	1470.0000
99	0.7057	0.6432	0.5106	0.6558	0.1397	0.7940	19.7000	0.0967	1468.0000	276.0000	0.1880	1470.0000
100	0.7109	0.6452	0.5106	0.6695	0.1366	0.8120	19.9000	0.1023	1501.0000	255.0000	0.1699	1503.0000
101	0.7099	0.6378	0.5084	0.6716	0.1372	0.8162	19.4000	0.0941	1486.0000	250.0000	0.1682	1488.0000
102	0.6867	0.6428	0.5114	0.6728	0.1372	0.8093	19.8000	0.1102	1450.0000	271.0000	0.1869	1452.0000
103	0.6765	0.6428	0.5091	0.6721	0.1389	0.7992	19.5000	0.1075	1491.0000	268.0000	0.1797	1493.0000
104	0.6990	0.6366	0.5048	0.6655	0.1394	0.8050	19.5000	0.0976	1471.0000	273.0000	0.1856	1473.0000
105	0.6868	0.6403	0.5090	0.6844	0.1402	0.8050	19.6000	0.1005	1458.0000	267.0000	0.1831	1460.0000
106	0.7202	0.6419	0.5084	0.6884	0.1370	0.8260	19.4000	0.1115	1463.0000	245.0000	0.1675	1468.0000
107	0.6877	0.6378	0.5030	0.6704	0.1379	0.8173	19.7000	0.1107	1416.0000	263.0000	0.1857	1418.0000
108	0.7014	0.6432	0.5127	0.6860	0.1394	0.8069	19.5000	0.1002	1466.0000	256.0000	0.1746	1468.0000
109	0.7347	0.6370	0.5064	0.7026	0.1360	0.8332	19.5000	0.0865	1442.0000	248.0000	0.1720	1453.0000
110	0.6907	0.6378	0.5037	0.6796	0.1367	0.8037	19.2000	0.1145	1455.0000	263.0000	0.1808	1457.0000
111	0.7128	0.6354	0.5090	0.6982	0.1377	0.8143	19.8000	0.1030	1416.0000	254.0000	0.1794	1421.0000
112	0.6793	0.6382	0.5051	0.6683	0.1373	0.8046	19.2000	0.1095	1495.0000	263.0000	0.1759	1497.0000
113	0.6894	0.6362	0.5105	0.6808	0.1394	0.8069	19.3000	0.0974	1468.0000	257.0000	0.1751	1470.0000
114	0.7036	0.6399	0.5087	0.6947	0.1392	0.8011	19.7000	0.0872	1437.0000	264.0000	0.1837	1440.0000
115	0.7184	0.6395	0.5144	0.6899	0.1335	0.8065	19.6000	0.1059	1354.0000	253.0000	0.1869	1357.0000
116	0.7017	0.6341	0.5098	0.6625	0.1384	0.8017	19.6000	0.1015	1498.0000	276.0000	0.1842	1502.0000
117	0.7001	0.6374	0.4992	0.6531	0.1374	0.7947	19.7000	0.1100	1486.0000	279.0000	0.1878	1488.0000
118	0.6822	0.6432	0.5113	0.6734	0.1401	0.8077	19.3000	0.0887	1463.0000	270.0000	0.1846	1465.0000
119	0.6858	0.6399	0.5064	0.6692	0.1377	0.7990	19.7000	0.1095	1464.0000	283.0000	0.1933	1466.0000
120	0.7186	0.6349	0.5110	0.6621	0.1387	0.8120	19.4000	0.0929	1522.0000	260.0000	0.1708	1524.0000
121	0.6925	0.6358	0.5072	0.6904	0.1380	0.8038	19.9000	0.1143	1438.0000	262.0000	0.1822	1442.0000
122	0.6980	0.6370	0.5031	0.6825	0.1409	0.7992	19.4000	0.1062	1522.0000	261.0000	0.1715	1524.0000
123	0.7000	0.6341	0.5090	0.6863	0.1380	0.8004	19.7000	0.0974	1445.0000	260.0000	0.1799	1447.0000
124	0.7086	0.6428	0.5093	0.6880	0.1431	0.8176	19.7000	0.1042	1504.0000	257.0000	0.1709	1506.0000
125	0.7260	0.6370	0.5136	0.6946	0.1332	0.8139	19.6000	0.1044	1398.0000	251.0000	0.1795	1402.0000
126	0.7267	0.6428	0.5107	0.6815	0.1374	0.8096	19.8000	0.1131	1470.0000	264.0000	0.1796	1472.0000
127	0.6746	0.6378	0.5042	0.6601	0.1346	0.7951	19.7000	0.0964	1451.0000	260.0000	0.1792	1453.0000
128	0.7012	0.6395	0.4982	0.6710	0.1385	0.8096	19.6000	0.1039	1483.0000	274.0000	0.1848	1485.0000
129	0.6843	0.6411	0.5069	0.6702	0.1400	0.8048	19.7000	0.0961	1515.0000	262.0000	0.1729	1517.0000
130	0.7077	0.6329	0.4961	0.6823	0.1344	0.7926	19.5000	0.1095	1409.0000	279.0000	0.1980	1411.0000
131	0.6862	0.6366	0.5014	0.6921	0.1345	0.7954	19.4000	0.1083	1383.0000	258.0000	0.1866	1385.0000
132	0.7349	0.6354	0.5090	0.6855	0.1375	0.8067	19.5000	0.1094	1448.0000	253.0000	0.1747	1450.0000
133	0.7025	0.6391	0.5005	0.6818	0.1417	0.8084	19.7000	0.1048	1469.0000	283.0000	0.1926	1471.0000
134	0.6952	0.6465	0.5138	0.6802	0.1410	0.8072	19.4000	0.1087	1472.0000	268.0000	0.1821	1474.0000
135	0.7205	0.6424	0.5042	0.6800	0.1362	0.8099	19.4000	0.0950	1464.0000	266.0000	0.1817	1466.0000
136	0.6813	0.6374	0.5034	0.6759	0.1330	0.7989	19.6000	0.0918	1404.0000	266.0000	0.1895	1406.0000
137	0.6935	0.6399	0.5073	0.6784	0.1357	0.8115	19.6000	0.0888	1436.0000	254.0000	0.1769	1438.0000
138	0.7017	0.6403	0.5108	0.6703	0.1380	0.8045	19.7000	0.1036	1445.0000	267.0000	0.1848	1447.0000
139	0.7308	0.6415	0.4989	0.6763	0.1326	0.8120	19.9000	0.1034	1385.0000	266.0000	0.1921	1387.0000
140	0.7206	0.6415	0.5108	0.6713	0.1398	0.8184	19.4000	0.0900	1493.0000	259.0000	0.1735	1495.0000
141	0.7448	0.6382	0.5086	0.6679	0.1348	0.8093	19.6000	0.0972	1416.0000	266.0000	0.1879	1418.0000
142	0.7407	0.6378	0.5108	0.6892	0.1376	0.8262	19.4000	0.0964	1464.0000	248.0000	0.1694	1467.0000
143	0.6830	0.6337	0.4968	0.6856	0.1381	0.8059	19.6000	0.1029	1439.0000	276.0000	0.1918	1441.0000
144	0.7086	0.6440	0.5128	0.6828	0.1399	0.8042	19.9000	0.1077	1508.0000	268.0000	0.1777	1510.0000
145	0.7117	0.6358	0.5003	0.6853	0.1319	0.7993	19.6000	0.1042	1414.0000	265.0000	0.1874	1416.0000
146	0.7113	0.6432	0.5114	0.6715	0.1415	0.8130	19.4000	0.1040	1540.0000	259.0000	0.1682	1542.0000
147	0.7137	0.6419	0.5082	0.6669	0.1405	0.8194	19.3000	0.1067	1508.0000	251.0000	0.1664	1510.0000
148	0.7102	0.6366	0.5108	0.6598	0.1398	0.8093	19.5000	0.1123	1523.0000	283.0000	0.1858	1525.0000
149	0.7116	0.6391	0.5068	0.6780	0.1360	0.7981	19.4000	0.0983	1402.0000	265.0000	0.1890	1404.0000
150	0.7076	0.6411	0.5132	0.6784	0.1394	0.8110	19.7000	0.0959	1450.0000	268.0000	0.1848	1452.0000
151	0.7062	0.6399	0.5096	0.6779	0.1373	0.8073	19.8000	0.1062	1449.0000	265.0000	0.1829	1451.0000
152	0.6844	0.6325	0.5039	0.6705	0.1347	0.8048	19.7000	0.1046	1413.0000	264.0000	0.1868	1415.0000
153	0.7307	0.6366	0.5037	0.6733	0.1407	0.8101	19.4000	0.0968	1427.0000	267.0000	0.1871	1429.0000
154	0.6738	0.6395	0.5021	0.6660	0.1376	0.8057	19.5000	0.1150	1484.0000	264.0000	0.1779	1486.0000
155	0.6861	0.6378	0.5106	0.6779	0.1353	0.7931	19.8000	0.1141	1439.0000	262.0000	0.1821	1441.0000
156	0.6795	0.6378	0.4973	0.6761	0.1329	0.8063	19.8000	0.0958	1425.0000	260.0000	0.1825	1427.0000
157	0.7176	0.6386	0.5079	0.6637	0.1365	0.7952	19.5000	0.1054	1468.0000	267.0000	0.1819	1470.0000
158	0.7200	0.6428	0.5129	0.6850	0.1386	0.8283	19.5000	0.0935	1497.0000	260.0000	0.1737	1502.0000
159	0.7130	0.6428	0.5097	0.6690	0.1403	0.8193	19.7000	0.0888	1525.0000	255.0000	0.1672	1527.0000
160	0.7001	0.6391	0.5132	0.6723	0.1391	0.8037	20.0000	0.1164	1476.0000	264.0000	0.1789	1480.0000
161	0.7298	0.6378	0.5087	0.6794	0.1329	0.8025	19.6000	0.1070	1417.0000	258.0000	0.1821	1419.0000
162	0.7283	0.6362	0.5088	0.6876	0.1364	0.8167	19.4000	0.0970	1448.0000	265.0000	0.1830	1450.0000
163	0.7016	0.6419	0.5031	0.6684	0.1334	0.8016	19.8000	0.1061	1392.0000	270.0000	0.1940	1394.0000
164	0.7225	0.6395	0.5106	0.6703	0.1390	0.8001	19.5000	0.1027	1448.0000	271.0000	0.1872	1450.0000
165	0.7175	0.6415	0.5139	0.6700	0.1403	0.8120	19.4000	0.0989	1474.0000	265.0000	0.1798	1476.0000
166	0.7155	0.6403	0.5111	0.6721	0.1381	0.8181	19.5000	0.0910	1480.0000	260.0000	0.1757	1482.0000
167	0.6881	0.6358	0.5101	0.6765	0.1394	0.7985	19.7000	0.1114	1478.0000	267.0000	0.1806	1480.0000
168	0.6973	0.6395	0.5058	0.6810	0.1371	0.8042	19.3000	0.0976	1477.0000	270.0000	0.1828	1479.0000
169	0.7057	0.6358	0.5139	0.7013	0.1385	0.8218	19.5000	0.0931	1464.0000	259.0000	0.1769	1466.0000
170	0.7061	0.6428	0.5010	0.6799	0.1364	0.8009	19.5000	0.1097	1493.0000	266.0000	0.1782	1496.0000
171	0.7124	0.6469	0.5077	0.6852	0.1403	0.8077	19.5000	0.0898	1456.0000	268.0000	0.1841	1458.0000
172	0.7108	0.6391	0.5089	0.6866	0.1344	0.8075	19.5000	0.1090	1403.0000	266.0000	0.1896	1405.0000
173	0.6750	0.6358	0.5094	0.6649	0.1347	0.8092	19.7000	0.1100	1429.0000	262.0000	0.1833	1431.0000
174	0.6791	0.6399	0.4981	0.7066	0.1350	0.8066	19.4000	0.1126	1418.0000	257.0000	0.1812	1420.0000
175	0.7242	0.6382	0.5082	0.6715	0.1320	0.8165	19.4000	0.1014	1402.0000	265.0000	0.1890	1406.0000
176	0.7099	0.6444	0.5110	0.6682	0.1339	0.8000	19.6000	0.0913	1427.0000	261.0000	0.1829	1429.0000
177	0.6923	0.6461	0.5005	0.6813	0.1333	0.8097	19.7000	0.1171	1396.0000	265.0000	0.1898	1398.0000
178	0.6894	0.6370	0.5117	0.7059	0.1354	0.8106	19.6000	0.1034	1402.0000	258.0000	0.1840	1404.0000
179	0.7019	0.6354	0.5114	0.6813	0.1358	0.8254	19.4000	0.1011	1456.0000	252.0000	0.1731	1458.0000
180	0.6870	0.6391	0.5082	0.6805	0.1409	0.7949	19.8000	0.1188	1460.0000	273.0000	0.1870	1462.0000
181	0.7211	0.6370	0.5010	0.6953	0.1359	0.8154	19.4000	0.0948	1413.0000	257.0000	0.1819	1416.0000
182	0.7166	0.6382	0.5059	0.6676	0.1383	0.8016	19.3000	0.0910	1491.0000	270.0000	0.1811	1493.0000
183	0.7095	0.6374	0.5032	0.6924	0.1360	0.8105	19.7000	0.0889	1442.0000	261.0000	0.1810	1445.0000
184	0.7354	0.6386	0.5081	0.6625	0.1361	0.8184	19.8000	0.1013	1496.0000	267.0000	0.1785	1501.0000
185	0.7228	0.6370	0.5063	0.6577	0.1344	0.8095	19.6000	0.1030	1481.0000	260.0000	0.1756	1483.0000
186	0.7004	0.6407	0.5060	0.6512	0.1408	0.8030	19.6000	0.0910	1477.0000	286.0000	0.1936	1479.0000
187	0.7098	0.6399	0.5051	0.6724	0.1376	0.7952	19.5000	0.1023	1470.0000	271.0000	0.1844	1472.0000
188	0.7322	0.6444	0.5028	0.6756	0.1409	0.8053	19.7000	0.0926	1480.0000	284.0000	0.1919	1482.0000
189	0.6924	0.6448	0.5062	0.6859	0.1362	0.7965	19.6000	0.1087	1457.0000	268.0000	0.1839	1459.0000
190	0.6905	0.6358	0.5096	0.6750	0.1377	0.7958	19.1000	0.1150	1442.0000	264.0000	0.1831	1444.0000
191	0.6988	0.6436	0.5034	0.6678	0.1328	0.7913	19.7000	0.1202	1401.0000	267.0000	0.1906	1406.0000
192	0.7016	0.6424	0.5118	0.6600	0.1346	0.8020	20.1000	0.1231	1450.0000	265.0000	0.1828	1457.0000
193	0.6983	0.6362	0.5055	0.6816	0.1392	0.8085	19.5000	0.0899	1485.0000	258.0000	0.1737	1487.0000
194	0.7032	0.6403	0.5114	0.6910	0.1382	0.8049	19.7000	0.1035	1427.0000	269.0000	0.1885	1431.0000
195	0.7020	0.6374	0.5041	0.6754	0.1384	0.8025	19.8000	0.1005	1451.0000	266.0000	0.1833	1453.0000
196	0.7038	0.6444	0.5090	0.6813	0.1355	0.8166	19.8000	0.1022	1411.0000	254.0000	0.1800	1413.0000
197	0.7019	0.6428	0.5129	0.6701	0.1441	0.7870	19.6000	0.1123	1503.0000	288.0000	0.1916	1505.0000
198	0.6979	0.6407	0.5076	0.7030	0.1359	0.8177	19.1000	0.1115	1436.0000	252.0000	0.1755	1438.0000
199	0.7075	0.6419	0.5108	0.6828	0.1408	0.8128	19.3000	0.0905	1485.0000	265.0000	0.1785	1487.0000
200	0.7417	0.6436	0.5187	0.6986	0.1423	0.8158	19.7000	0.0851	1488.0000	258.0000	0.1734	1490.0000
201	0.7198	0.6436	0.5061	0.6744	0.1375	0.8156	19.7000	0.0973	1500.0000	260.0000	0.1733	1503.0000
202	0.7023	0.6403	0.5112	0.6917	0.1381	0.8195	19.5000	0.0940	1455.0000	251.0000	0.1725	1457.0000
203	0.7054	0.6419	0.5040	0.6707	0.1343	0.8072	19.7000	0.1123	1443.0000	275.0000	0.1906	1445.0000
204	0.6915	0.6378	0.5036	0.6567	0.1330	0.8029	19.5000	0.1121	1432.0000	266.0000	0.1858	1434.0000
205	0.7000	0.6399	0.5114	0.6802	0.1400	0.8127	19.6000	0.1057	1478.0000	263.0000	0.1779	1480.0000
206	0.7303	0.6407	0.5072	0.6819	0.1350	0.8152	19.7000	0.1024	1412.0000	254.0000	0.1799	1415.0000
207	0.6835	0.6399	0.5082	0.6878	0.1424	0.8064	19.5000	0.1149	1476.0000	261.0000	0.1768	1478.0000
208	0.7114	0.6382	0.5030	0.6902	0.1375	0.8056	19.7000	0.1061	1457.0000	270.0000	0.1853	1459.0000
209	0.7159	0.6366	0.5002	0.6821	0.1372	0.8071	19.6000	0.1180	1450.0000	261.0000	0.1800	1452.0000
210	0.7031	0.6432	0.5069	0.6672	0.1390	0.8057	19.5000	0.1065	1466.0000	254.0000	0.1733	1468.0000
211	0.7142	0.6436	0.5103	0.6994	0.1411	0.8096	19.5000	0.0978	1475.0000	270.0000	0.1831	1477.0000
212	0.7205	0.6399	0.5127	0.6642	0.1372	0.8103	19.5000	0.1073	1484.0000	271.0000	0.1826	1486.0000
213	0.6864	0.6407	0.5024	0.6899	0.1369	0.7987	19.6000	0.1171	1425.0000	270.0000	0.1895	1427.0000
214	0.7089	0.6419	0.5153	0.6934	0.1405	0.8176	19.3000	0.1030	1496.0000	245.0000	0.1638	1498.0000
215	0.7132	0.6362	0.5069	0.6694	0.1371	0.8191	19.5000	0.1020	1512.0000	259.0000	0.1713	1515.0000
216	0.7062	0.6411	0.5081	0.6755	0.1410	0.8004	19.5000	0.1064	1505.0000	269.0000	0.1787	1507.0000
217	0.6985	0.6415	0.5102	0.6735	0.1388	0.8061	19.9000	0.0987	1463.0000	271.0000	0.1852	1465.0000
218	0.7096	0.6411	0.5062	0.6621	0.1371	0.7901	19.4000	0.1021	1474.0000	274.0000	0.1859	1476.0000
219	0.7284	0.6395	0.5055	0.6660	0.1353	0.8055	19.1000	0.1110	1437.0000	256.0000	0.1781	1439.0000
220	0.7346	0.6457	0.5102	0.6684	0.1394	0.8184	19.5000	0.0913	1499.0000	262.0000	0.1748	1501.0000
221	0.7019	0.6341	0.5149	0.6641	0.1393	0.8007	19.6000	0.1060	1463.0000	270.0000	0.1846	1465.0000
222	0.7348	0.6411	0.5128	0.6900	0.1392	0.8256	19.2000	0.0868	1465.0000	247.0000	0.1686	1467.0000
223	0.7290	0.6428	0.5109	0.6828	0.1422	0.8159	19.6000	0.0898	1458.0000	271.0000	0.1859	1460.0000
224	0.7191	0.6395	0.5052	0.6605	0.1384	0.8138	19.3000	0.0971	1470.0000	260.0000	0.1769	1472.0000
225	0.7026	0.6395	0.5128	0.6659	0.1406	0.7854	19.6000	0.1162	1506.0000	286.0000	0.1899	1508.0000
226	0.7097	0.6366	0.5016	0.6610	0.1370	0.8047	19.4000	0.0989	1497.0000	278.0000	0.1857	1499.0000
227	0.6936	0.6378	0.5111	0.6804	0.1365	0.7998	19.9000	0.1097	1450.0000	274.0000	0.1890	1452.0000
228	0.7076	0.6349	0.5042	0.6645	0.1344	0.8024	19.7000	0.1062	1432.0000	267.0000	0.1865	1434.0000
229	0.7073	0.6358	0.4979	0.6746	0.1370	0.7976	19.6000	0.1053	1404.0000	260.0000	0.1852	1406.0000
230	0.7332	0.6403	0.5043	0.6995	0.1364	0.8047	19.5000	0.1024	1398.0000	261.0000	0.1867	1400.0000
231	0.6996	0.6337	0.5077	0.6855	0.1379	0.8114	19.8000	0.1029	1456.0000	269.0000	0.1848	1458.0000
232	0.7205	0.6378	0.5090	0.6859	0.1359	0.8115	19.9000	0.1076	1435.0000	251.0000	0.1749	1440.0000
233	0.7083	0.6440	0.5154	0.6865	0.1392	0.8141	19.8000	0.1054	1423.0000	264.0000	0.1855	1426.0000
234	0.6845	0.6374	0.5072	0.6744	0.1397	0.7960	19.6000	0.1147	1453.0000	272.0000	0.1872	1455.0000
235	0.7158	0.6395	0.5039	0.6787	0.1360	0.8172	19.3000	0.0908	1408.0000	268.0000	0.1903	1410.0000
236	0.7048	0.6358	0.5006	0.6761	0.1371	0.8086	19.7000	0.1032	1466.0000	258.0000	0.1760	1469.0000
237	0.7026	0.6432	0.5098	0.6703	0.1435	0.8045	19.4000	0.0899	1523.0000	277.0000	0.1819	1525.0000
238	0.6841	0.6415	0.5107	0.6614	0.1395	0.8072	19.7000	0.1061	1507.0000	264.0000	0.1752	1510.0000
239	0.6961	0.6382	0.5078	0.6736	0.1362	0.8018	19.5000	0.1164	1431.0000	268.0000	0.1873	1433.0000
240	0.6930	0.6399	0.5065	0.6670	0.1416	0.7947	19.5000	0.0986	1446.0000	277.0000	0.1916	1448.0000
241	0.6974	0.6370	0.5071	0.6664	0.1360	0.8104	19.1000	0.0886	1454.0000	268.0000	0.1843	1456.0000
242	0.6955	0.6407	0.5065	0.6816	0.1378	0.8092	19.5000	0.1052	1486.0000	267.0000	0.1797	1488.0000
243	0.7206	0.6374	0.4997	0.6549	0.1343	0.8174	19.5000	0.1050	1508.0000	258.0000	0.1711	1510.0000
244	0.7192	0.6415	0.5056	0.6947	0.1366	0.8170	19.8000	0.0949	1467.0000	255.0000	0.1738	1469.0000
245	0.6829	0.6440	0.5155	0.6897	0.1448	0.8151	19.3000	0.0845	1518.0000	265.0000	0.1746	1520.0000
246	0.6616	0.6395	0.5057	0.6661	0.1337	0.7873	19.7000	0.1048	1464.0000	263.0000	0.1796	1466.0000
247	0.7146	0.6415	0.5030	0.6828	0.1355	0.8103	19.5000	0.0833	1426.0000	267.0000	0.1872	1428.0000
248	0.7226	0.6419	0.5100	0.6842	0.1393	0.8109	19.4000	0.1039	1474.0000	264.0000	0.1791	1477.0000
249	0.7166	0.6378	0.5056	0.6701	0.1385	0.8151	19.4000	0.1056	1483.0000	275.0000	0.1854	1485.0000
250	0.7215	0.6337	0.5086	0.6777	0.1363	0.8247	19.7000	0.0885	1472.0000	254.0000	0.1726	1474.0000
251	0.7105	0.6386	0.5073	0.6949	0.1364	0.8185	19.7000	0.1046	1471.0000	257.0000	0.1747	1473.0000
252	0.7219	0.6395	0.5060	0.6944	0.1414	0.8173	19.5000	0.0962	1424.0000	259.0000	0.1819	1426.0000
253	0.7044	0.6419	0.5097	0.6645	0.1365	0.8127	19.5000	0.0949	1512.0000	279.0000	0.1845	1514.0000
254	0.7493	0.6374	0.5061	0.6687	0.1327	0.8051	19.5000	0.1051	1407.0000	272.0000	0.1933	1409.0000
255	0.7204	0.6428	0.5167	0.6960	0.1409	0.8210	19.7000	0.0870	1501.0000	258.0000	0.1719	1503.0000
256	0.7339	0.6407	0.5133	0.6699	0.1412	0.8272	19.3000	0.0890	1474.0000	268.0000	0.1818	1476.0000
257	0.7008	0.6415	0.5103	0.6772	0.1407	0.8034	19.4000	0.0915	1496.0000	271.0000	0.1811	1498.0000
258	0.6837	0.6378	0.5004	0.6515	0.1361	0.8021	19.5000	0.0946	1489.0000	264.0000	0.1773	1491.0000
259	0.6958	0.6321	0.4995	0.6645	0.1363	0.8204	19.3000	0.0818	1461.0000	255.0000	0.1745	1463.0000
260	0.6863	0.6432	0.5082	0.6593	0.1374	0.7985	19.5000	0.1188	1466.0000	272.0000	0.1855	1469.0000
261	0.7079	0.6337	0.5044	0.6812	0.1350	0.8080	19.6000	0.1080	1443.0000	243.0000	0.1684	1445.0000
262	0.6914	0.6399	0.5045	0.6911	0.1383	0.8048	19.7000	0.1009	1446.0000	275.0000	0.1902	1448.0000
263	0.6970	0.6358	0.5095	0.6706	0.1397	0.8074	19.7000	0.0966	1442.0000	271.0000	0.1879	1444.0000
264	0.7195	0.6415	0.5052	0.6930	0.1368	0.8159	20.0000	0.1139	1488.0000	247.0000	0.1660	1494.0000
265	0.7078	0.6395	0.5085	0.6881	0.1416	0.8053	19.3000	0.0983	1487.0000	266.0000	0.1789	1489.0000
266	0.7368	0.6415	0.5077	0.6799	0.1347	0.8194	19.8000	0.1106	1464.0000	269.0000	0.1837	1467.0000
267	0.6770	0.6444	0.5095	0.6695	0.1402	0.8131	19.3000	0.1212	1481.0000	263.0000	0.1776	1483.0000
268	0.7209	0.6403	0.5168	0.6857	0.1382	0.8162	19.7000	0.1025	1488.0000	266.0000	0.1788	1490.0000
269	0.7070	0.6366	0.5071	0.6842	0.1361	0.8114	19.4000	0.1013	1460.0000	251.0000	0.1719	1464.0000
270	0.7052	0.6424	0.5137	0.6951	0.1381	0.8273	19.8000	0.0863	1441.0000	244.0000	0.1693	1443.0000
271	0.7096	0.6432	0.5125	0.6903	0.1411	0.8248	19.8000	0.1063	1459.0000	252.0000	0.1727	1461.0000
272	0.7106	0.6436	0.5107	0.6752	0.1371	0.8070	19.3000	0.1039	1504.0000	254.0000	0.1689	1506.0000
273	0.7352	0.6403	0.5076	0.6824	0.1351	0.8212	19.7000	0.0882	1423.0000	257.0000	0.1806	1425.0000
274	0.7113	0.6378	0.5112	0.6497	0.1335	0.7904	19.2000	0.1135	1407.0000	266.0000	0.1891	1409.0000
275	0.7211	0.6378	0.5054	0.6824	0.1373	0.8177	19.7000	0.0817	1433.0000	255.0000	0.1779	1437.0000
276	0.6948	0.6362	0.5066	0.6822	0.1371	0.8166	19.5000	0.1053	1454.0000	253.0000	0.1740	1456.0000
277	0.7118	0.6391	0.5142	0.6741	0.1397	0.8127	19.6000	0.1026	1492.0000	254.0000	0.1702	1494.0000
278	0.7154	0.6391	0.5053	0.6681	0.1382	0.7974	19.5000	0.0856	1452.0000	263.0000	0.1811	1455.0000
279	0.7120	0.6391	0.5037	0.6690	0.1364	0.7910	19.8000	0.1032	1443.0000	265.0000	0.1836	1445.0000
280	0.7014	0.6358	0.5066	0.6893	0.1332	0.8143	19.5000	0.1170	1435.0000	245.0000	0.1707	1437.0000
281	0.6999	0.6378	0.4958	0.6643	0.1356	0.7835	19.4000	0.1115	1455.0000	283.0000	0.1945	1458.0000
282	0.7339	0.6386	0.5051	0.6784	0.1383	0.8038	19.6000	0.1078	1424.0000	271.0000	0.1903	1426.0000
283	0.7229	0.6366	0.4988	0.6747	0.1392	0.8079	19.6000	0.1060	1482.0000	261.0000	0.1761	1484.0000
284	0.7113	0.6448	0.5108	0.6894	0.1367	0.8087	19.4000	0.1096	1451.0000	259.0000	0.1785	1454.0000
285	0.7150	0.6329	0.4956	0.6604	0.1309	0.8053	19.7000	0.1063	1438.0000	271.0000	0.1885	1440.0000
286	0.6956	0.6386	0.5113	0.6734	0.1420	0.8098	19.6000	0.0982	1533.0000	268.0000	0.1748	1535.0000
287	0.7291	0.6419	0.5072	0.6867	0.1368	0.8166	19.5000	0.0962	1441.0000	250.0000	0.1735	1444.0000
288	0.6824	0.6403	0.5020	0.6806	0.1388	0.8112	19.6000	0.1124	1452.0000	279.0000	0.1921	1454.0000
289	0.7051	0.6386	0.5050	0.6887	0.1393	0.8020	19.6000	0.1068	1458.0000	265.0000	0.1818	1460.0000
290	0.7325	0.6407	0.5041	0.6665	0.1402	0.7996	19.5000	0.0963	1390.0000	276.0000	0.1986	1392.0000
291	0.7140	0.6354	0.5027	0.6728	0.1311	0.8018	19.2000	0.1082	1410.0000	253.0000	0.1794	1412.0000
292	0.7339	0.6436	0.5099	0.6840	0.1376	0.8138	19.9000	0.1157	1468.0000	270.0000	0.1839	1470.0000
293	0.6708	0.6419	0.5106	0.6830	0.1358	0.8066	19.5000	0.1021	1435.0000	268.0000	0.1868	1437.0000
294	0.6998	0.6386	0.5018	0.6779	0.1374	0.7891	19.6000	0.1126	1447.0000	280.0000	0.1935	1449.0000
295	0.7006	0.6419	0.5084	0.6629	0.1358	0.8086	19.6000	0.0985	1459.0000	267.0000	0.1830	1461.0000
296	0.7007	0.6382	0.5096	0.6812	0.1386	0.8286	19.2000	0.0905	1511.0000	243.0000	0.1608	1513.0000
297	0.7025	0.6374	0.5093	0.6740	0.1420	0.8199	19.3000	0.0862	1520.0000	257.0000	0.1691	1522.0000
298	0.7090	0.6341	0.4984	0.6721	0.1348	0.8104	19.6000	0.1046	1456.0000	250.0000	0.1717	1459.0000
299	0.7076	0.6382	0.5089	0.6646	0.1391	0.8128	19.6000	0.0948	1420.0000	270.0000	0.1901	1422.0000
300	0.7448	0.6407	0.5058	0.6854	0.1368	0.8041	19.6000	0.1188	1398.0000	279.0000	0.1996	1400.0000
301	0.7003	0.6378	0.5106	0.7046	0.1343	0.8004	19.7000	0.1006	1405.0000	264.0000	0.1879	1407.0000
302	0.6976	0.6424	0.5111	0.6686	0.1376	0.7995	19.6000	0.1166	1466.0000	275.0000	0.1876	1468.0000
303	0.6838	0.6403	0.5050	0.6792	0.1370	0.8038	19.1000	0.1133	1441.0000	267.0000	0.1853	1445.0000
304	0.7048	0.6436	0.5072	0.6606	0.1391	0.8074	19.4000	0.1033	1489.0000	262.0000	0.1760	1491.0000
305	0.6806	0.6395	0.5081	0.6595	0.1346	0.8032	19.8000	0.1048	1459.0000	263.0000	0.1803	1461.0000
306	0.6792	0.6407	0.5086	0.6829	0.1386	0.8103	19.8000	0.0982	1415.0000	260.0000	0.1837	1417.0000
307	0.6928	0.6382	0.5124	0.6735	0.1409	0.7927	19.4000	0.1096	1451.0000	267.0000	0.1840	1453.0000
308	0.7277	0.6415	0.5070	0.6758	0.1362	0.8133	19.6000	0.1072	1496.0000	270.0000	0.1805	1499.0000
309	0.7280	0.6391	0.5101	0.6731	0.1365	0.8164	19.7000	0.1065	1468.0000	262.0000	0.1785	1470.0000
310	0.7333	0.6382	0.5000	0.6851	0.1380	0.8246	19.5000	0.0936	1492.0000	256.0000	0.1716	1496.0000
311	0.7034	0.6386	0.5046	0.6637	0.1351	0.7975	19.3000	0.1162	1484.0000	264.0000	0.1779	1486.0000
312	0.7045	0.6316	0.5059	0.6608	0.1384	0.8060	19.6000	0.0993	1520.0000	247.0000	0.1625	1522.0000
313	0.6951	0.6374	0.4941	0.6698	0.1363	0.8096	19.4000	0.0988	1455.0000	267.0000	0.1835	1457.0000
314	0.7149	0.6386	0.5097	0.6776	0.1398	0.8103	19.4000	0.1026	1462.0000	261.0000	0.1785	1466.0000
315	0.7048	0.6415	0.5099	0.6703	0.1377	0.8152	19.7000	0.0866	1504.0000	248.0000	0.1649	1506.0000
316	0.7155	0.6424	0.5053	0.6696	0.1383	0.8049	19.4000	0.0984	1456.0000	279.0000	0.1916	1458.0000
317	0.7232	0.6424	0.5027	0.6815	0.1358	0.8025	19.9000	0.1081	1392.0000	279.0000	0.2004	1394.0000
318	0.6846	0.6407	0.5122	0.6758	0.1403	0.8013	19.9000	0.1046	1468.0000	272.0000	0.1853	1470.0000
319	0.7333	0.6382	0.5075	0.6725	0.1378	0.8071	19.5000	0.0930	1481.0000	269.0000	0.1816	1483.0000
320	0.6957	0.6391	0.5084	0.6856	0.1410	0.8156	19.4000	0.0913	1480.0000	252.0000	0.1703	1482.0000
321	0.6856	0.6386	0.5082	0.6684	0.1369	0.8016	19.4000	0.1003	1495.0000	272.0000	0.1819	1497.0000
322	0.7095	0.6370	0.5073	0.6696	0.1399	0.8073	19.7000	0.1006	1472.0000	269.0000	0.1827	1474.0000
323	0.6789	0.6411	0.5121	0.6993	0.1397	0.8074	19.9000	0.1078	1436.0000	258.0000	0.1797	1438.0000
324	0.6792	0.6358	0.5064	0.6637	0.1352	0.7931	19.8000	0.1059	1464.0000	268.0000	0.1831	1468.0000
325	0.6823	0.6362	0.4959	0.6699	0.1323	0.8093	19.3000	0.1056	1423.0000	263.0000	0.1848	1425.0000
326	0.7379	0.6407	0.5097	0.6644	0.1389	0.8045	19.5000	0.1089	1514.0000	288.0000	0.1902	1519.0000
327	0.6939	0.6349	0.4989	0.6819	0.1380	0.8008	19.8000	0.1095	1491.0000	258.0000	0.1730	1493.0000
328	0.6943	0.6411	0.5186	0.6738	0.1372	0.8100	19.3000	0.0997	1468.0000	257.0000	0.1751	1471.0000
329	0.7060	0.6362	0.5052	0.6798	0.1372	0.8050	19.5000	0.1043	1438.0000	263.0000	0.1829	1440.0000
330	0.6755	0.6345	0.5106	0.6758	0.1342	0.8065	19.7000	0.1162	1427.0000	262.0000	0.1836	1430.0000
331	0.6927	0.6382	0.5021	0.6841	0.1381	0.7993	19.5000	0.0858	1504.0000	264.0000	0.1755	1506.0000
332	0.7018	0.6366	0.5051	0.6729	0.1344	0.8108	19.7000	0.0813	1470.0000	253.0000	0.1721	1472.0000
333	0.6884	0.6337	0.5044	0.6834	0.1372	0.8006	19.8000	0.0990	1454.0000	270.0000	0.1857	1456.0000
334	0.7003	0.6341	0.5077	0.6729	0.1428	0.8019	19.8000	0.1003	1483.0000	278.0000	0.1875	1485.0000
335	0.6894	0.6370	0.5075	0.6686	0.1366	0.7875	19.7000	0.1154	1475.0000	269.0000	0.1824	1478.0000
336	0.7010	0.6386	0.5091	0.6709	0.1347	0.8046	19.5000	0.1047	1472.0000	268.0000	0.1821	1474.0000
337	0.6941	0.6370	0.5039	0.6807	0.1391	0.8036	19.4000	0.1007	1454.0000	273.0000	0.1878	1456.0000
338	0.7132	0.6399	0.5153	0.6738	0.1358	0.8198	19.5000	0.0871	1437.0000	253.0000	0.1761	1439.0000
339	0.6944	0.6362	0.4964	0.6598	0.1354	0.7965	19.6000	0.1179	1468.0000	284.0000	0.1935	1470.0000
340	0.6891	0.6407	0.5072	0.6643	0.1409	0.7956	19.6000	0.1062	1535.0000	273.0000	0.1779	1537.0000
341	0.7218	0.6374	0.5080	0.6948	0.1358	0.8138	19.9000	0.1058	1447.0000	254.0000	0.1755	1449.0000
342	0.7107	0.6428	0.5100	0.6629	0.1369	0.8059	19.8000	0.1070	1486.0000	264.0000	0.1777	1488.0000
343	0.7116	0.6382	0.5063	0.6557	0.1375	0.8188	19.6000	0.1124	1504.0000	254.0000	0.1689	1507.0000
344	0.7066	0.6370	0.5008	0.6669	0.1357	0.8109	19.4000	0.0973	1451.0000	274.0000	0.1888	1453.0000
345	0.7277	0.6399	0.5087	0.6898	0.1321	0.8109	19.2000	0.1050	1409.0000	249.0000	0.1767	1411.0000
346	0.6889	0.6424	0.5121	0.6680	0.1396	0.7966	19.4000	0.1111	1436.0000	273.0000	0.1901	1438.0000
347	0.6696	0.6424	0.5014	0.6582	0.1356	0.7973	19.2000	0.1077	1447.0000	273.0000	0.1887	1449.0000
348	0.6831	0.6419	0.5063	0.6796	0.1394	0.7954	19.6000	0.1158	1492.0000	278.0000	0.1863	1494.0000
349	0.7001	0.6362	0.5081	0.6918	0.1321	0.8055	19.6000	0.1005	1383.0000	251.0000	0.1815	1385.0000
350	0.6790	0.6436	0.5084	0.6613	0.1396	0.7958	19.7000	0.1044	1552.0000	277.0000	0.1785	1554.0000
351	0.7095	0.6395	0.5057	0.6861	0.1412	0.8091	19.7000	0.0876	1491.0000	263.0000	0.1764	1493.0000
352	0.6949	0.6428	0.5090	0.6839	0.1380	0.8055	19.4000	0.1068	1463.0000	261.0000	0.1784	1465.0000
353	0.6909	0.6378	0.5169	0.6879	0.1387	0.8123	19.6000	0.1018	1496.0000	251.0000	0.1678	1498.0000
354	0.7116	0.6411	0.5042	0.6696	0.1375	0.8093	19.9000	0.0852	1476.0000	274.0000	0.1856	1478.0000
355	0.6892	0.6428	0.5044	0.6544	0.1368	0.7955	19.6000	0.0983	1481.0000	269.0000	0.1816	1483.0000
356	0.6858	0.6374	0.5107	0.6777	0.1352	0.8056	20.0000	0.1084	1477.0000	250.0000	0.1693	1479.0000
357	0.7119	0.6386	0.5063	0.6876	0.1361	0.8036	19.4000	0.0953	1435.0000	254.0000	0.1770	1437.0000
358	0.7106	0.6399	0.5102	0.6817	0.1363	0.8122	19.5000	0.0955	1492.0000	250.0000	0.1676	1494.0000
359	0.6861	0.6366	0.5062	0.6782	0.1352	0.8094	19.5000	0.1108	1415.0000	255.0000	0.1802	1418.0000
360	0.6844	0.6448	0.5112	0.6725	0.1372	0.8022	19.7000	0.1079	1441.0000	272.0000	0.1888	1445.0000
361	0.6884	0.6415	0.5035	0.6801	0.1364	0.8162	19.7000	0.0939	1455.0000	263.0000	0.1808	1457.0000
362	0.7098	0.6399	0.4989	0.6768	0.1298	0.8039	19.7000	0.1097	1387.0000	252.0000	0.1817	1389.0000
363	0.7199	0.6399	0.5105	0.6900	0.1393	0.8134	19.5000	0.0997	1448.0000	267.0000	0.1844	1450.0000
364	0.7074	0.6469	0.5129	0.6708	0.1400	0.8007	19.6000	0.1049	1523.0000	269.0000	0.1766	1525.0000
365	0.7098	0.6386	0.5110	0.6826	0.1388	0.8224	19.5000	0.1041	1504.0000	251.0000	0.1669	1508.0000
366	0.6713	0.6374	0.5046	0.6931	0.1362	0.7864	19.5000	0.1164	1403.0000	281.0000	0.2003	1405.0000
367	0.6937	0.6378	0.5028	0.6800	0.1367	0.8229	19.5000	0.1122	1493.0000	251.0000	0.1681	1495.0000
368	0.7111	0.6395	0.5079	0.6833	0.1378	0.8126	19.3000	0.0997	1390.0000	270.0000	0.1942	1392.0000
369	0.6962	0.6432	0.5139	0.6775	0.1392	0.7950	19.2000	0.1108	1479.0000	273.0000	0.1846	1481.0000
370	0.6993	0.6374	0.5055	0.6594	0.1361	0.7958	19.6000	0.0935	1462.0000	264.0000	0.1806	1464.0000
371	0.7504	0.6370	0.4990	0.6868	0.1354	0.8193	19.6000	0.1024	1417.0000	263.0000	0.1856	1423.0000
372	0.6867	0.6432	0.5026	0.6635	0.1347	0.7970	19.2000	0.0953	1450.0000	268.0000	0.1848	1452.0000
373	0.6955	0.6428	0.5118	0.6665	0.1394	0.8058	19.9000	0.1062	1479.0000	273.0000	0.1846	1481.0000
374	0.6583	0.6411	0.5067	0.6849	0.1379	0.7942	19.7000	0.1094	1438.0000	269.0000	0.1871	1440.0000
375	0.7180	0.6337	0.5049	0.6661	0.1365	0.8043	20.0000	0.1049	1474.0000	259.0000	0.1757	1476.0000
376	0.6986	0.6432	0.5081	0.6716	0.1383	0.8051	19.3000	0.1036	1452.0000	266.0000	0.1832	1454.0000
377	0.6878	0.6448	0.5165	0.6780	0.1400	0.8101	19.4000	0.1020	1485.0000	253.0000	0.1704	1487.0000
378	0.7243	0.6461	0.5131	0.6816	0.1399	0.8070	19.6000	0.1137	1462.0000	264.0000	0.1806	1464.0000
379	0.6964	0.6362	0.5048	0.6742	0.1379	0.7890	19.7000	0.1164	1470.0000	277.0000	0.1884	1472.0000
380	0.7057	0.6432	0.5160	0.6865	0.1378	0.7991	19.7000	0.1113	1433.0000	280.0000	0.1954	1435.0000
381	0.7007	0.6436	0.5141	0.6714	0.1402	0.7995	19.7000	0.0910	1458.0000	270.0000	0.1852	1460.0000
382	0.7153	0.6349	0.4997	0.6759	0.1346	0.8102	19.9000	0.1027	1395.0000	262.0000	0.1878	1397.0000
383	0.7187	0.6403	0.5014	0.6674	0.1342	0.8181	19.5000	0.0994	1444.0000	265.0000	0.1835	1446.0000
384	0.6979	0.6386	0.5085	0.6975	0.1401	0.7983	19.6000	0.1060	1453.0000	281.0000	0.1934	1455.0000
385	0.7189	0.6386	0.5047	0.6743	0.1371	0.8019	19.7000	0.1067	1483.0000	263.0000	0.1773	1486.0000
386	0.6902	0.6341	0.5034	0.6785	0.1352	0.8032	19.6000	0.0933	1381.0000	262.0000	0.1897	1383.0000
387	0.7094	0.6349	0.5065	0.6895	0.1331	0.8163	19.6000	0.1055	1420.0000	246.0000	0.1732	1422.0000
388	0.7250	0.6391	0.5013	0.6795	0.1369	0.8103	19.6000	0.1069	1445.0000	254.0000	0.1758	1447.0000
389	0.6884	0.6386	0.5145	0.6866	0.1370	0.8095	19.4000	0.0985	1408.0000	257.0000	0.1825	1410.0000
390	0.7225	0.6407	0.5112	0.6891	0.1360	0.7989	19.4000	0.1048	1440.0000	274.0000	0.1903	1442.0000
391	0.6978	0.6358	0.5079	0.6782	0.1389	0.8043	19.8000	0.1229	1470.0000	279.0000	0.1898	1472.0000
392	0.7108	0.6349	0.5019	0.6884	0.1342	0.8251	19.5000	0.0982	1471.0000	247.0000	0.1679	1474.0000
393	0.6871	0.6382	0.5019	0.6605	0.1349	0.7983	19.5000	0.0895	1469.0000	271.0000	0.1845	1472.0000
394	0.7100	0.6399	0.5087	0.7092	0.1337	0.8103	19.4000	0.1022	1369.0000	253.0000	0.1848	1371.0000
395	0.7332	0.6378	0.5067	0.6541	0.1385	0.8029	19.5000	0.1148	1511.0000	279.0000	0.1846	1513.0000
396	0.7010	0.6304	0.4998	0.6666	0.1350	0.8102	19.7000	0.0962	1468.0000	258.0000	0.1757	1470.0000
397	0.7370	0.6395	0.5037	0.6857	0.1393	0.8220	19.3000	0.0870	1452.0000	256.0000	0.1763	1454.0000
398	0.6905	0.6358	0.5106	0.6818	0.1387	0.8183	19.8000	0.0991	1446.0000	257.0000	0.1777	1448.0000
399	0.7178	0.6391	0.5077	0.6687	0.1412	0.7975	19.5000	0.1135	1482.0000	278.0000	0.1876	1484.0000
400	0.6848	0.6424	0.5063	0.6811	0.1365	0.8044	19.4000	0.1021	1468.0000	271.0000	0.1846	1471.0000
401	0.7090	0.6358	0.4972	0.6738	0.1352	0.8060	19.3000	0.0949	1485.0000	253.0000	0.1704	1487.0000
402	0.7038	0.6444	0.5077	0.6831	0.1385	0.8142	19.9000	0.1023	1434.0000	266.0000	0.1855	1444.0000
403	0.6894	0.6432	0.5058	0.6694	0.1371	0.8051	19.5000	0.1117	1496.0000	270.0000	0.1805	1498.0000
404	0.7066	0.6358	0.5122	0.6712	0.1353	0.8043	19.8000	0.1148	1399.0000	269.0000	0.1923	1401.0000
405	0.6892	0.6411	0.5094	0.6671	0.1347	0.7879	19.8000	0.1098	1450.0000	285.0000	0.1966	1452.0000
406	0.7048	0.6403	0.5082	0.6778	0.1367	0.7959	19.6000	0.1045	1415.0000	289.0000	0.2042	1417.0000
407	0.6962	0.6440	0.5112	0.6656	0.1398	0.7798	19.6000	0.1054	1502.0000	271.0000	0.1804	1504.0000
408	0.7109	0.6391	0.5109	0.6684	0.1375	0.8094	19.6000	0.1086	1464.0000	268.0000	0.1831	1466.0000
409	0.7353	0.6366	0.5111	0.6822	0.1390	0.8016	19.5000	0.0976	1500.0000	252.0000	0.1680	1502.0000
410	0.7248	0.6386	0.5043	0.6837	0.1365	0.8149	19.7000	0.0924	1465.0000	244.0000	0.1666	1469.0000
411	0.6950	0.6382	0.5079	0.6847	0.1337	0.8112	19.6000	0.0977	1434.0000	255.0000	0.1778	1436.0000
412	0.6928	0.6415	0.5030	0.6545	0.1414	0.8078	19.7000	0.0889	1514.0000	271.0000	0.1790	1516.0000
413	0.6897	0.6407	0.5136	0.6971	0.1408	0.8037	19.7000	0.0982	1472.0000	271.0000	0.1841	1474.0000
414	0.7008	0.6362	0.5026	0.6741	0.1395	0.7770	19.7000	0.1096	1473.0000	295.0000	0.2003	1475.0000
415	0.7228	0.6378	0.5043	0.6765	0.1373	0.8116	19.8000	0.1037	1434.0000	261.0000	0.1820	1437.0000
416	0.7060	0.6366	0.5077	0.6767	0.1348	0.8138	19.6000	0.1099	1486.0000	250.0000	0.1682	1488.0000
417	0.6866	0.6358	0.5088	0.6849	0.1359	0.8087	19.7000	0.0986	1495.0000	258.0000	0.1726	1499.0000
418	0.7066	0.6424	0.5043	0.6669	0.1385	0.8031	19.7000	0.0968	1482.0000	276.0000	0.1862	1484.0000
419	0.6883	0.6366	0.5073	0.6685	0.1358	0.8019	19.7000	0.1087	1453.0000	260.0000	0.1789	1455.0000
420	0.6955	0.6362	0.5024	0.6880	0.1328	0.8191	19.9000	0.1045	1423.0000	251.0000	0.1764	1425.0000
421	0.6954	0.6382	0.5032	0.6653	0.1397	0.8023	19.5000	0.0949	1510.0000	269.0000	0.1781	1512.0000
422	0.7092	0.6333	0.5027	0.6889	0.1358	0.8189	19.7000	0.0960	1467.0000	250.0000	0.1704	1469.0000
423	0.6950	0.6391	0.5103	0.6683	0.1398	0.8065	19.4000	0.0936	1514.0000	275.0000	0.1816	1516.0000
424	0.7132	0.6382	0.5063	0.6538	0.1390	0.8232	19.5000	0.0974	1490.0000	261.0000	0.1752	1492.0000
425	0.6973	0.6419	0.5095	0.6914	0.1353	0.8255	19.4000	0.0977	1427.0000	245.0000	0.1717	1429.0000
426	0.6975	0.6382	0.5089	0.6707	0.1333	0.8144	19.4000	0.0988	1472.0000	242.0000	0.1644	1474.0000
427	0.7089	0.6424	0.5120	0.6793	0.1386	0.8069	19.7000	0.1117	1477.0000	270.0000	0.1828	1479.0000
428	0.6953	0.6395	0.5090	0.6986	0.1376	0.8239	19.7000	0.1001	1474.0000	248.0000	0.1682	1478.0000
429	0.6827	0.6378	0.5052	0.6883	0.1366	0.8112	19.8000	0.1003	1483.0000	248.0000	0.1672	1487.0000
430	0.7059	0.6358	0.5037	0.6763	0.1290	0.8029	19.6000	0.1021	1376.0000	261.0000	0.1897	1378.0000
431	0.6887	0.6432	0.5043	0.6835	0.1400	0.8095	19.6000	0.0888	1490.0000	259.0000	0.1738	1492.0000
432	0.7217	0.6399	0.5170	0.6752	0.1411	0.8021	19.5000	0.1079	1466.0000	279.0000	0.1903	1468.0000
433	0.7075	0.6415	0.5058	0.6810	0.1397	0.7992	19.5000	0.1056	1471.0000	265.0000	0.1801	1476.0000
434	0.7058	0.6386	0.5048	0.6761	0.1385	0.8060	19.3000	0.0867	1476.0000	264.0000	0.1789	1478.0000
435	0.7178	0.6432	0.5081	0.6617	0.1369	0.8158	19.4000	0.1006	1454.0000	268.0000	0.1843	1456.0000
436	0.7046	0.6358	0.5016	0.6898	0.1348	0.8095	19.8000	0.1202	1447.0000	254.0000	0.1755	1451.0000
437	0.6952	0.6382	0.5044	0.6707	0.1386	0.8000	19.6000	0.1162	1430.0000	271.0000	0.1895	1432.0000
438	0.7094	0.6411	0.4986	0.6716	0.1336	0.8028	19.6000	0.1045	1451.0000	267.0000	0.1840	1456.0000
439	0.6846	0.6419	0.5059	0.6630	0.1349	0.8007	19.4000	0.1096	1521.0000	266.0000	0.1749	1523.0000
440	0.7103	0.6395	0.5105	0.6799	0.1356	0.8140	19.7000	0.0944	1420.0000	261.0000	0.1838	1423.0000
441	0.7052	0.6395	0.5069	0.6896	0.1381	0.8044	19.9000	0.1134	1436.0000	275.0000	0.1915	1439.0000
442	0.7030	0.6341	0.5029	0.6923	0.1352	0.8092	19.3000	0.1062	1437.0000	260.0000	0.1809	1440.0000
443	0.7078	0.6382	0.5103	0.6807	0.1347	0.8116	19.5000	0.1039	1456.0000	257.0000	0.1765	1458.0000
444	0.7239	0.6465	0.5120	0.7177	0.1380	0.8225	19.7000	0.0876	1472.0000	249.0000	0.1692	1474.0000
445	0.7465	0.6386	0.5067	0.6872	0.1345	0.7982	19.7000	0.0996	1408.0000	259.0000	0.1839	1410.0000
446	0.6957	0.6407	0.5078	0.6795	0.1377	0.8109	19.8000	0.1093	1474.0000	265.0000	0.1798	1476.0000
447	0.6647	0.6411	0.5086	0.6814	0.1377	0.8020	19.4000	0.1055	1484.0000	253.0000	0.1705	1486.0000
448	0.7038	0.6428	0.5186	0.6865	0.1419	0.8041	19.5000	0.0946	1471.0000	262.0000	0.1781	1473.0000
449	0.7200	0.6366	0.5079	0.6674	0.1368	0.8191	19.5000	0.0977	1499.0000	248.0000	0.1654	1504.0000
450	0.6955	0.6370	0.5079	0.6738	0.1363	0.8056	19.5000	0.0976	1462.0000	261.0000	0.1785	1464.0000
451	0.7131	0.6374	0.5097	0.6843	0.1381	0.8108	19.5000	0.1038	1435.0000	261.0000	0.1819	1437.0000
452	0.6817	0.6411	0.5090	0.6737	0.1374	0.7854	19.7000	0.1090	1532.0000	269.0000	0.1756	1534.0000
453	0.7050	0.6366	0.5066	0.6839	0.1367	0.8112	19.5000	0.0984	1413.0000	261.0000	0.1847	1416.0000
454	0.7002	0.6362	0.5055	0.6752	0.1368	0.7884	19.5000	0.1104	1424.0000	276.0000	0.1938	1426.0000
455	0.7176	0.6378	0.5070	0.6799	0.1361	0.8136	19.5000	0.0856	1433.0000	270.0000	0.1884	1435.0000
456	0.6891	0.6354	0.5150	0.6790	0.1420	0.8132	19.6000	0.0954	1535.0000	262.0000	0.1707	1537.0000
457	0.6754	0.6382	0.5042	0.6600	0.1388	0.7908	19.5000	0.1087	1467.0000	269.0000	0.1834	1469.0000
458	0.6613	0.6370	0.4969	0.6749	0.1325	0.7856	19.5000	0.1070	1419.0000	265.0000	0.1868	1421.0000
459	0.7300	0.6366	0.5092	0.6793	0.1437	0.8153	19.6000	0.0882	1523.0000	270.0000	0.1773	1526.0000
460	0.6913	0.6366	0.5061	0.7002	0.1352	0.8154	19.7000	0.0977	1470.0000	242.0000	0.1646	1473.0000
461	0.7036	0.6403	0.5027	0.6545	0.1363	0.8038	19.3000	0.0982	1477.0000	270.0000	0.1828	1479.0000
462	0.7092	0.6428	0.5182	0.6720	0.1409	0.8132	19.4000	0.0898	1455.0000	271.0000	0.1863	1458.0000
463	0.7048	0.6370	0.5092	0.6794	0.1371	0.8128	19.1000	0.1017	1466.0000	259.0000	0.1767	1468.0000
464	0.7196	0.6395	0.5092	0.6897	0.1359	0.8155	19.8000	0.0907	1486.0000	257.0000	0.1729	1491.0000
465	0.6846	0.6378	0.5014	0.6662	0.1381	0.7971	19.5000	0.0960	1483.0000	264.0000	0.1780	1485.0000
466	0.7141	0.6403	0.5116	0.6898	0.1370	0.8230	19.2000	0.0859	1477.0000	258.0000	0.1747	1479.0000
467	0.7215	0.6440	0.5142	0.6749	0.1370	0.8281	19.8000	0.1018	1481.0000	260.0000	0.1756	1483.0000
468	0.6931	0.6411	0.5125	0.6849	0.1361	0.8100	19.6000	0.1060	1409.0000	257.0000	0.1824	1411.0000
469	0.6842	0.6407	0.5052	0.6751	0.1361	0.7787	19.6000	0.1084	1466.0000	282.0000	0.1924	1468.0000
470	0.6983	0.6411	0.5119	0.6802	0.1406	0.8039	19.7000	0.1108	1487.0000	265.0000	0.1782	1489.0000
471	0.7021	0.6415	0.5034	0.6815	0.1381	0.8163	19.7000	0.0950	1471.0000	266.0000	0.1808	1473.0000
472	0.6933	0.6362	0.5043	0.6755	0.1374	0.7867	19.9000	0.1150	1428.0000	272.0000	0.1905	1430.0000
473	0.6797	0.6370	0.5122	0.6814	0.1415	0.8221	19.6000	0.1000	1507.0000	253.0000	0.1679	1509.0000
474	0.6933	0.6428	0.5062	0.6665	0.1358	0.7978	19.5000	0.0876	1448.0000	260.0000	0.1796	1451.0000
475	0.6699	0.6382	0.5144	0.6812	0.1385	0.7898	19.5000	0.1308	1464.0000	283.0000	0.1933	1466.0000
476	0.7080	0.6349	0.4979	0.6861	0.1306	0.7930	19.5000	0.1059	1373.0000	271.0000	0.1974	1375.0000
477	0.7245	0.6374	0.5120	0.6677	0.1333	0.8062	19.7000	0.1004	1467.0000	270.0000	0.1840	1471.0000
478	0.7101	0.6374	0.5068	0.6820	0.1347	0.8186	19.6000	0.0982	1413.0000	256.0000	0.1812	1415.0000
479	0.7277	0.6424	0.5109	0.6706	0.1361	0.8147	19.6000	0.0934	1469.0000	266.0000	0.1811	1471.0000
480	0.6910	0.6395	0.5059	0.6790	0.1359	0.8043	19.5000	0.0988	1487.0000	254.0000	0.1708	1489.0000
481	0.6723	0.6391	0.5094	0.6798	0.1381	0.8119	19.3000	0.0854	1471.0000	250.0000	0.1700	1473.0000
482	0.7403	0.6399	0.5129	0.6726	0.1365	0.8093	19.5000	0.1045	1496.0000	266.0000	0.1778	1498.0000
483	0.6954	0.6403	0.5088	0.6915	0.1397	0.8154	19.5000	0.1083	1462.0000	255.0000	0.1744	1464.0000
484	0.7300	0.6382	0.5028	0.6690	0.1363	0.8117	19.4000	0.1012	1461.0000	255.0000	0.1745	1463.0000
485	0.7292	0.6415	0.5103	0.6982	0.1370	0.8127	19.7000	0.0987	1422.0000	265.0000	0.1864	1426.0000
486	0.6607	0.6374	0.4989	0.6671	0.1365	0.7935	19.7000	0.1019	1436.0000	266.0000	0.1852	1438.0000
487	0.7167	0.6415	0.5082	0.6919	0.1391	0.8199	19.7000	0.1115	1443.0000	251.0000	0.1739	1445.0000
488	0.7095	0.6395	0.5121	0.6943	0.1362	0.8062	19.6000	0.1023	1431.0000	257.0000	0.1796	1433.0000
489	0.6825	0.6374	0.5108	0.6882	0.1404	0.8124	19.6000	0.1139	1504.0000	262.0000	0.1742	1506.0000
490	0.6981	0.6391	0.5087	0.6617	0.1343	0.8061	19.3000	0.0973	1478.0000	255.0000	0.1725	1483.0000
491	0.6980	0.6354	0.5058	0.6660	0.1355	0.7978	19.5000	0.1122	1492.0000	264.0000	0.1769	1495.0000
492	0.6808	0.6428	0.5079	0.6594	0.1424	0.7836	19.4000	0.1071	1516.0000	291.0000	0.1920	1518.0000
493	0.6706	0.6424	0.5099	0.6657	0.1358	0.7890	19.5000	0.1058	1480.0000	271.0000	0.1831	1482.0000
494	0.6709	0.6395	0.5052	0.6734	0.1331	0.7940	19.6000	0.1174	1448.0000	274.0000	0.1892	1450.0000
495	0.7158	0.6333	0.4940	0.6790	0.1387	0.8108	19.7000	0.1059	1453.0000	259.0000	0.1783	1455.0000
496	0.7076	0.6399	0.5043	0.6645	0.1368	0.8063	19.3000	0.1021	1476.0000	260.0000	0.1762	1478.0000
497	0.7013	0.6374	0.5082	0.6661	0.1398	0.8119	19.8000	0.0888	1457.0000	267.0000	0.1833	1459.0000
498	0.6765	0.6354	0.4962	0.6649	0.1330	0.7965	19.7000	0.0874	1443.0000	264.0000	0.1830	1445.0000
499	0.7084	0.6391	0.5034	0.6962	0.1362	0.8059	19.8000	0.0996	1476.0000	258.0000	0.1748	1478.0000
500	0.7079	0.6382	0.5095	0.6796	0.1377	0.8163	19.9000	0.0860	1496.0000	263.0000	0.1758	1498.0000
501	0.7177	0.6370	0.5114	0.6667	0.1354	0.8002	19.2000	0.0895	1375.0000	268.0000	0.1949	1377.0000
502	0.7225	0.6391	0.5039	0.6840	0.1400	0.8219	19.8000	0.0971	1519.0000	265.0000	0.1745	1522.0000
503	0.7103	0.6358	0.5077	0.6584	0.1379	0.8100	19.9000	0.0783	1428.0000	273.0000	0.1912	1430.0000
504	0.7428	0.6378	0.5120	0.6829	0.1377	0.8239	19.7000	0.0890	1448.0000	258.0000	0.1782	1450.0000
505	0.6642	0.6407	0.5061	0.6607	0.1344	0.7913	19.5000	0.1056	1507.0000	260.0000	0.1725	1509.0000
506	0.6746	0.6362	0.5020	0.6692	0.1334	0.8013	19.1000	0.1012	1454.0000	264.0000	0.1816	1456.0000
507	0.7418	0.6403	0.5105	0.6740	0.1354	0.8188	19.6000	0.0910	1451.0000	261.0000	0.1799	1456.0000
508	0.6892	0.6506	0.5155	0.6680	0.1415	0.8035	19.7000	0.0994	1493.0000	273.0000	0.1829	1495.0000
509	0.6882	0.6469	0.5024	0.6608	0.1393	0.8112	19.2000	0.0982	1493.0000	270.0000	0.1808	1495.0000
510	0.7063	0.6403	0.5080	0.6636	0.1395	0.8064	19.5000	0.0935	1479.0000	273.0000	0.1846	1481.0000
511	0.7162	0.6386	0.5123	0.6653	0.1417	0.8299	19.6000	0.1009	1519.0000	254.0000	0.1672	1521.0000
512	0.7057	0.6419	0.5062	0.6774	0.1367	0.8000	19.5000	0.1035	1454.0000	278.0000	0.1912	1456.0000
513	0.6769	0.6424	0.5060	0.6922	0.1363	0.7972	19.4000	0.1173	1468.0000	266.0000	0.1812	1470.0000
514	0.7174	0.6349	0.5013	0.6774	0.1360	0.8007	19.5000	0.1048	1453.0000	268.0000	0.1844	1455.0000
515	0.7182	0.6428	0.5200	0.6714	0.1420	0.8094	19.8000	0.1026	1477.0000	279.0000	0.1889	1479.0000
516	0.7038	0.6386	0.5050	0.6660	0.1344	0.7941	19.6000	0.1150	1485.0000	263.0000	0.1771	1489.0000
517	0.6900	0.6403	0.5045	0.6786	0.1380	0.7918	19.6000	0.0968	1405.0000	273.0000	0.1943	1407.0000
518	0.7180	0.6386	0.5041	0.6666	0.1389	0.7996	19.8000	0.1099	1468.0000	285.0000	0.1941	1470.0000
519	0.7102	0.6378	0.5053	0.6630	0.1411	0.8018	19.5000	0.0983	1498.0000	270.0000	0.1802	1500.0000
520	0.7062	0.6382	0.5068	0.6872	0.1400	0.8137	19.3000	0.1003	1458.0000	262.0000	0.1797	1461.0000
521	0.6964	0.6374	0.5047	0.6808	0.1362	0.8062	19.6000	0.1084	1471.0000	262.0000	0.1781	1473.0000
522	0.7184	0.6386	0.5032	0.6739	0.1386	0.8028	19.7000	0.1078	1478.0000	267.0000	0.1806	1480.0000
523	0.7216	0.6444	0.5152	0.6724	0.1410	0.8108	19.4000	0.1086	1467.0000	273.0000	0.1861	1469.0000
524	0.7395	0.6395	0.4987	0.6779	0.1353	0.8198	19.6000	0.0867	1459.0000	265.0000	0.1816	1461.0000
525	0.6767	0.6362	0.5097	0.6803	0.1350	0.8040	19.5000	0.1166	1409.0000	259.0000	0.1838	1411.0000
526	0.6755	0.6407	0.5083	0.6835	0.1386	0.8041	19.7000	0.1147	1439.0000	261.0000	0.1814	1441.0000
527	0.6869	0.6362	0.5071	0.6911	0.1346	0.8196	19.9000	0.1126	1449.0000	239.0000	0.1649	1451.0000
528	0.6861	0.6428	0.5182	0.6818	0.1386	0.8065	19.6000	0.1103	1464.0000	257.0000	0.1755	1466.0000
529	0.6936	0.6399	0.5168	0.6711	0.1435	0.8075	19.6000	0.1125	1523.0000	270.0000	0.1773	1525.0000
530	0.7055	0.6391	0.5146	0.6830	0.1397	0.8010	19.9000	0.1068	1508.0000	275.0000	0.1824	1510.0000
531	0.7038	0.6341	0.5010	0.6686	0.1349	0.7995	19.3000	0.0970	1459.0000	257.0000	0.1761	1461.0000
532	0.7045	0.6403	0.5101	0.6774	0.1363	0.8067	19.7000	0.1033	1464.0000	269.0000	0.1837	1466.0000
533	0.7056	0.6382	0.5056	0.6756	0.1364	0.8019	19.5000	0.1183	1438.0000	279.0000	0.1940	1440.0000
534	0.6969	0.6386	0.5065	0.6735	0.1409	0.8003	19.7000	0.0969	1449.0000	265.0000	0.1829	1451.0000
535	0.6950	0.6386	0.5103	0.6666	0.1365	0.8023	19.5000	0.1025	1460.0000	270.0000	0.1849	1462.0000
536	0.7392	0.6399	0.5043	0.6901	0.1367	0.8103	19.7000	0.0912	1459.0000	265.0000	0.1816	1461.0000
537	0.7110	0.6395	0.5120	0.6763	0.1367	0.8132	19.1000	0.1012	1426.0000	254.0000	0.1781	1429.0000
538	0.6953	0.6395	0.5028	0.6723	0.1381	0.8020	19.5000	0.1059	1483.0000	272.0000	0.1834	1487.0000
539	0.6796	0.6399	0.5021	0.6752	0.1361	0.8150	19.6000	0.0884	1430.0000	261.0000	0.1825	1432.0000
540	0.6997	0.6452	0.5144	0.6857	0.1419	0.8126	19.6000	0.0987	1485.0000	279.0000	0.1879	1488.0000
541	0.7089	0.6370	0.5015	0.6759	0.1355	0.8068	19.5000	0.1057	1480.0000	266.0000	0.1797	1483.0000
542	0.7253	0.6378	0.5045	0.6773	0.1340	0.8125	19.7000	0.1215	1466.0000	259.0000	0.1767	1468.0000
543	0.6998	0.6407	0.5163	0.6725	0.1395	0.8084	19.7000	0.0992	1491.0000	262.0000	0.1757	1493.0000
544	0.7346	0.6329	0.4987	0.6837	0.1332	0.8129	20.0000	0.0984	1397.0000	252.0000	0.1804	1399.0000
545	0.7019	0.6382	0.5149	0.6780	0.1382	0.8046	19.6000	0.1137	1468.0000	260.0000	0.1771	1470.0000
546	0.7070	0.6333	0.5030	0.6806	0.1358	0.8127	19.9000	0.1123	1450.0000	256.0000	0.1766	1452.0000
547	0.7087	0.6424	0.5157	0.6751	0.1426	0.8127	19.4000	0.0963	1474.0000	264.0000	0.1791	1476.0000
548	0.7277	0.6378	0.5028	0.6872	0.1359	0.8089	19.6000	0.0974	1432.0000	263.0000	0.1837	1435.0000
549	0.7040	0.6382	0.5039	0.6771	0.1378	0.8142	19.5000	0.1084	1463.0000	268.0000	0.1832	1465.0000
550	0.7147	0.6386	0.5089	0.6774	0.1370	0.8034	19.5000	0.1088	1450.0000	265.0000	0.1828	1452.0000
551	0.7009	0.6415	0.5148	0.6878	0.1378	0.8154	19.4000	0.1015	1527.0000	249.0000	0.1631	1529.0000
552	0.6878	0.6321	0.5030	0.6782	0.1352	0.8018	19.6000	0.1057	1410.0000	268.0000	0.1901	1412.0000
553	0.7002	0.6325	0.4989	0.6654	0.1326	0.8122	19.5000	0.1165	1439.0000	264.0000	0.1835	1441.0000
554	0.7171	0.6411	0.5156	0.6890	0.1374	0.8036	19.5000	0.1185	1416.0000	270.0000	0.1907	1419.0000
555	0.7088	0.6358	0.5029	0.6935	0.1350	0.8193	19.4000	0.0951	1438.0000	244.0000	0.1697	1440.0000
556	0.6990	0.6378	0.5087	0.6837	0.1338	0.8171	19.4000	0.1074	1415.0000	252.0000	0.1781	1417.0000
557	0.7010	0.6391	0.5041	0.6735	0.1387	0.8198	19.6000	0.0877	1449.0000	258.0000	0.1781	1451.0000
558	0.6916	0.6432	0.5097	0.6604	0.1424	0.8110	19.5000	0.1113	1551.0000	263.0000	0.1696	1553.0000
559	0.7075	0.6419	0.5114	0.6721	0.1392	0.8167	19.2000	0.0970	1526.0000	261.0000	0.1710	1528.0000
560	0.7173	0.6399	0.5102	0.6749	0.1350	0.8057	19.3000	0.1209	1384.0000	274.0000	0.1980	1386.0000
561	0.6773	0.6312	0.5059	0.6832	0.1342	0.8146	19.5000	0.1031	1422.0000	252.0000	0.1772	1424.0000
562	0.6921	0.6386	0.5104	0.6841	0.1370	0.8170	19.7000	0.0954	1473.0000	247.0000	0.1677	1475.0000
563	0.6979	0.6370	0.5064	0.6794	0.1377	0.8042	19.8000	0.1105	1485.0000	259.0000	0.1744	1487.0000
564	0.7389	0.6391	0.5106	0.6620	0.1387	0.8125	19.6000	0.0848	1488.0000	257.0000	0.1727	1492.0000
565	0.6891	0.6411	0.5119	0.6804	0.1414	0.8021	19.6000	0.1109	1470.0000	279.0000	0.1898	1472.0000
566	0.6912	0.6382	0.5050	0.6762	0.1362	0.8177	19.9000	0.0873	1480.0000	264.0000	0.1784	1482.0000
567	0.7038	0.6415	0.5076	0.6746	0.1394	0.8173	19.7000	0.0966	1478.0000	251.0000	0.1698	1480.0000
568	0.7141	0.6440	0.5073	0.6869	0.1386	0.8132	19.7000	0.0834	1444.0000	267.0000	0.1849	1446.0000
569	0.7180	0.6362	0.4984	0.6906	0.1294	0.8068	19.8000	0.1217	1393.0000	249.0000	0.1788	1395.0000
570	0.6823	0.6391	0.5029	0.6634	0.1366	0.8006	19.7000	0.1028	1459.0000	262.0000	0.1796	1461.0000
571	0.6889	0.6341	0.5032	0.6750	0.1340	0.7964	19.6000	0.1272	1409.0000	263.0000	0.1867	1411.0000
572	0.6825	0.6362	0.5097	0.6720	0.1382	0.7857	19.5000	0.1119	1449.0000	276.0000	0.1905	1451.0000
573	0.6998	0.6316	0.5030	0.6647	0.1310	0.8139	19.5000	0.1087	1406.0000	246.0000	0.1750	1408.0000
574	0.7166	0.6378	0.5075	0.6912	0.1387	0.8133	20.0000	0.1059	1488.0000	267.0000	0.1794	1491.0000
575	0.6922	0.6358	0.5076	0.6958	0.1374	0.8038	19.8000	0.1095	1440.0000	263.0000	0.1826	1442.0000
576	0.7198	0.6349	0.5039	0.6820	0.1363	0.8137	19.6000	0.1074	1454.0000	251.0000	0.1726	1456.0000
577	0.7093	0.6411	0.5050	0.6649	0.1413	0.8028	19.5000	0.1053	1508.0000	278.0000	0.1844	1510.0000
578	0.7205	0.6444	0.5175	0.6820	0.1377	0.8068	19.4000	0.1066	1407.0000	265.0000	0.1883	1409.0000
579	0.6694	0.6403	0.5023	0.6716	0.1385	0.7980	19.5000	0.1033	1469.0000	263.0000	0.1790	1471.0000
580	0.7165	0.6399	0.5070	0.6656	0.1372	0.8050	19.7000	0.1096	1478.0000	276.0000	0.1867	1480.0000
581	0.7055	0.6374	0.5011	0.6858	0.1371	0.8178	19.4000	0.1083	1458.0000	261.0000	0.1790	1460.0000
582	0.6719	0.6337	0.5101	0.6616	0.1372	0.8020	19.5000	0.1030	1457.0000	273.0000	0.1874	1459.0000
583	0.7112	0.6452	0.5129	0.6612	0.1369	0.8008	19.2000	0.1040	1478.0000	266.0000	0.1800	1480.0000
584	0.6825	0.6345	0.5075	0.6581	0.1377	0.7941	19.8000	0.1037	1478.0000	265.0000	0.1793	1480.0000
585	0.7249	0.6374	0.5016	0.6803	0.1335	0.8063	19.6000	0.1077	1365.0000	258.0000	0.1890	1367.0000
586	0.7347	0.6399	0.5033	0.6586	0.1339	0.8170	19.3000	0.1004	1480.0000	265.0000	0.1791	1483.0000
587	0.6961	0.6432	0.5087	0.6713	0.1387	0.7946	19.5000	0.1148	1469.0000	275.0000	0.1872	1471.0000
588	0.7270	0.6419	0.4994	0.6681	0.1375	0.8114	19.8000	0.1028	1478.0000	270.0000	0.1827	1480.0000
589	0.6882	0.6411	0.5135	0.6820	0.1323	0.8036	19.5000	0.1118	1383.0000	262.0000	0.1894	1386.0000
590	0.7323	0.6403	0.5023	0.6730	0.1366	0.8133	19.5000	0.0844	1442.0000	252.0000	0.1748	1444.0000
591	0.6895	0.6403	0.5055	0.6561	0.1360	0.7960	19.5000	0.1094	1482.0000	276.0000	0.1862	1486.0000
592	0.7264	0.6411	0.5109	0.6828	0.1354	0.8107	19.8000	0.1023	1396.0000	267.0000	0.1913	1398.0000
593	0.6823	0.6366	0.5026	0.6788	0.1355	0.7977	19.6000	0.1096	1424.0000	281.0000	0.1973	1426.0000
594	0.6987	0.6411	0.5040	0.6799	0.1370	0.8121	19.5000	0.0951	1452.0000	257.0000	0.1770	1454.0000
595	0.6996	0.6444	0.5096	0.6540	0.1396	0.7988	19.1000	0.1149	1518.0000	268.0000	0.1765	1520.0000
596	0.7317	0.6436	0.5089	0.6716	0.1385	0.8152	19.6000	0.0977	1423.0000	257.0000	0.1806	1425.0000
597	0.6883	0.6378	0.5129	0.6984	0.1363	0.8050	19.6000	0.1037	1394.0000	267.0000	0.1915	1396.0000
598	0.6865	0.6407	0.5138	0.6789	0.1388	0.8108	19.7000	0.1084	1497.0000	267.0000	0.1784	1499.0000
599	0.7059	0.6345	0.4988	0.7064	0.1355	0.8056	19.5000	0.0786	1455.0000	259.0000	0.1780	1457.0000
600	0.7126	0.6399	0.5028	0.6917	0.1402	0.8245	19.8000	0.0959	1470.0000	256.0000	0.1741	1472.0000
601	0.7195	0.6465	0.5107	0.6885	0.1372	0.8125	19.6000	0.1011	1415.0000	265.0000	0.1873	1417.0000
602	0.7095	0.6374	0.5037	0.6705	0.1372	0.8124	19.6000	0.1027	1508.0000	269.0000	0.1784	1510.0000
603	0.7230	0.6366	0.5073	0.6768	0.1385	0.8120	19.4000	0.0856	1469.0000	266.0000	0.1811	1471.0000
604	0.7106	0.6428	0.5081	0.6660	0.1396	0.8002	19.7000	0.0971	1486.0000	278.0000	0.1871	1488.0000
605	0.7065	0.6366	0.5103	0.6854	0.1427	0.8256	19.4000	0.0953	1531.0000	249.0000	0.1626	1533.0000
606	0.7266	0.6395	0.5036	0.6620	0.1387	0.8149	19.6000	0.0805	1480.0000	264.0000	0.1784	1482.0000
607	0.7156	0.6403	0.5094	0.6712	0.1364	0.8050	19.8000	0.1111	1470.0000	264.0000	0.1796	1472.0000
608	0.7187	0.6432	0.4981	0.6856	0.1351	0.7974	19.6000	0.1111	1444.0000	264.0000	0.1828	1448.0000
609	0.6984	0.6362	0.5088	0.6837	0.1365	0.8103	19.7000	0.1103	1401.0000	261.0000	0.1863	1404.0000
610	0.6921	0.6395	0.5031	0.6888	0.1385	0.7957	19.5000	0.1083	1441.0000	286.0000	0.1985	1443.0000
611	0.6954	0.6428	0.5089	0.6857	0.1415	0.8086	19.7000	0.1099	1481.0000	261.0000	0.1762	1483.0000
612	0.7169	0.6395	0.5039	0.6887	0.1365	0.8207	19.6000	0.1006	1441.0000	260.0000	0.1804	1443.0000
613	0.7086	0.6473	0.5136	0.6820	0.1357	0.8082	19.1000	0.0944	1476.0000	273.0000	0.1850	1478.0000
614	0.7016	0.6407	0.5087	0.6873	0.1318	0.8115	19.5000	0.0907	1404.0000	257.0000	0.1830	1406.0000
615	0.6840	0.6308	0.5090	0.6801	0.1334	0.7991	19.4000	0.1023	1432.0000	260.0000	0.1816	1434.0000
616	0.7172	0.6415	0.5089	0.6722	0.1368	0.8062	19.8000	0.0990	1466.0000	268.0000	0.1828	1469.0000
617	0.7129	0.6444	0.5154	0.6650	0.1386	0.8076	19.7000	0.0834	1486.0000	274.0000	0.1844	1488.0000
618	0.6897	0.6386	0.5061	0.6935	0.1379	0.8162	19.8000	0.0874	1476.0000	257.0000	0.1741	1478.0000
619	0.6928	0.6415	0.5070	0.6887	0.1382	0.8181	19.6000	0.0950	1461.0000	266.0000	0.1821	1463.0000
620	0.7087	0.6411	0.5122	0.6805	0.1343	0.7952	19.6000	0.0967	1421.0000	263.0000	0.1851	1423.0000
621	0.7085	0.6411	0.5096	0.6942	0.1435	0.8106	19.5000	0.1047	1485.0000	275.0000	0.1852	1487.0000
622	0.7145	0.6424	0.5155	0.6754	0.1384	0.8182	19.6000	0.1100	1431.0000	253.0000	0.1768	1433.0000
623	0.7324	0.6382	0.5013	0.7010	0.1332	0.8092	19.4000	0.1097	1422.0000	254.0000	0.1786	1425.0000
624	0.7055	0.6374	0.5119	0.6616	0.1354	0.8030	19.6000	0.1131	1437.0000	263.0000	0.1830	1440.0000
625	0.7036	0.6374	0.5102	0.6702	0.1359	0.7998	19.7000	0.0944	1438.0000	261.0000	0.1815	1442.0000
626	0.7018	0.6362	0.5013	0.6774	0.1387	0.8126	19.8000	0.1048	1453.0000	274.0000	0.1886	1455.0000
627	0.7287	0.6378	0.5017	0.6737	0.1305	0.8095	19.6000	0.0847	1425.0000	259.0000	0.1818	1429.0000
628	0.7051	0.6378	0.5082	0.6553	0.1382	0.8025	19.4000	0.0895	1513.0000	272.0000	0.1798	1516.0000
629	0.7065	0.6407	0.5125	0.6797	0.1420	0.8065	19.6000	0.1062	1402.0000	280.0000	0.1997	1404.0000
630	0.6728	0.6386	0.5025	0.6818	0.1328	0.7966	19.8000	0.1137	1420.0000	261.0000	0.1838	1422.0000
631	0.7206	0.6366	0.5091	0.6711	0.1403	0.8086	19.4000	0.1033	1510.0000	269.0000	0.1781	1513.0000
632	0.6930	0.6407	0.5108	0.6652	0.1377	0.8028	19.7000	0.0942	1500.0000	265.0000	0.1767	1502.0000
633	0.7119	0.6366	0.5110	0.6781	0.1365	0.7905	19.3000	0.1088	1412.0000	266.0000	0.1884	1414.0000
634	0.6902	0.6452	0.5089	0.6772	0.1417	0.8039	19.7000	0.1086	1504.0000	275.0000	0.1828	1506.0000
635	0.7055	0.6424	0.5058	0.6679	0.1397	0.8013	19.7000	0.0956	1487.0000	276.0000	0.1856	1489.0000
636	0.7114	0.6428	0.5073	0.6658	0.1353	0.8050	19.4000	0.1213	1393.0000	262.0000	0.1881	1398.0000
637	0.7162	0.6419	0.5175	0.6701	0.1396	0.8030	19.7000	0.1164	1449.0000	276.0000	0.1905	1451.0000
638	0.6755	0.6374	0.5105	0.6662	0.1402	0.8088	19.3000	0.1019	1503.0000	259.0000	0.1723	1505.0000
639	0.7041	0.6354	0.5086	0.6808	0.1334	0.8132	19.9000	0.1090	1418.0000	246.0000	0.1735	1420.0000
640	0.7061	0.6358	0.5086	0.6732	0.1347	0.8008	19.8000	0.1082	1486.0000	265.0000	0.1783	1488.0000
641	0.7000	0.6333	0.4981	0.6894	0.1367	0.7949	19.6000	0.1096	1442.0000	266.0000	0.1845	1444.0000
642	0.7077	0.6428	0.5058	0.6585	0.1355	0.8041	19.3000	0.1066	1488.0000	269.0000	0.1808	1492.0000
643	0.6643	0.6382	0.5108	0.6818	0.1419	0.8087	19.6000	0.1104	1504.0000	246.0000	0.1636	1506.0000
644	0.7269	0.6321	0.5006	0.6827	0.1367	0.7983	19.4000	0.1006	1462.0000	274.0000	0.1874	1464.0000
645	0.6939	0.6329	0.4981	0.6796	0.1334	0.8081	19.6000	0.1225	1430.0000	257.0000	0.1797	1432.0000
646	0.7095	0.6440	0.5066	0.6677	0.1367	0.7942	19.6000	0.1163	1439.0000	285.0000	0.1981	1441.0000
647	0.7010	0.6382	0.5049	0.6734	0.1377	0.7931	19.3000	0.0964	1486.0000	271.0000	0.1824	1489.0000
648	0.7103	0.6329	0.5032	0.6855	0.1379	0.8131	19.1000	0.0925	1454.0000	258.0000	0.1774	1456.0000
649	0.6802	0.6366	0.5092	0.6766	0.1389	0.8038	19.8000	0.0874	1458.0000	269.0000	0.1845	1460.0000
650	0.6917	0.6415	0.5163	0.6556	0.1394	0.7974	19.6000	0.1104	1440.0000	284.0000	0.1972	1442.0000
651	0.6942	0.6403	0.5049	0.6652	0.1337	0.7963	19.5000	0.1089	1456.0000	268.0000	0.1841	1458.0000
652	0.6803	0.6436	0.5184	0.6898	0.1426	0.8094	19.6000	0.0935	1485.0000	263.0000	0.1771	1487.0000
653	0.7506	0.6395	0.5083	0.6871	0.1350	0.8169	19.6000	0.0876	1448.0000	273.0000	0.1885	1451.0000
654	0.7031	0.6436	0.5069	0.6776	0.1373	0.8152	19.5000	0.1152	1445.0000	260.0000	0.1799	1447.0000
655	0.6988	0.6374	0.5004	0.6906	0.1355	0.8088	19.2000	0.0940	1440.0000	251.0000	0.1743	1442.0000
656	0.6834	0.6374	0.5119	0.6851	0.1390	0.8074	19.6000	0.1056	1478.0000	257.0000	0.1739	1480.0000
657	0.7006	0.6452	0.5161	0.6641	0.1402	0.7933	19.6000	0.1173	1451.0000	285.0000	0.1964	1453.0000
658	0.6874	0.6358	0.5119	0.6715	0.1392	0.7920	19.3000	0.1229	1473.0000	273.0000	0.1853	1475.0000
659	0.7461	0.6391	0.5078	0.6819	0.1380	0.8242	19.3000	0.0869	1458.0000	248.0000	0.1701	1461.0000
660	0.6948	0.6358	0.5031	0.6828	0.1332	0.8190	19.8000	0.0892	1428.0000	242.0000	0.1695	1430.0000
661	0.6997	0.6341	0.4991	0.6830	0.1351	0.8065	19.5000	0.1069	1412.0000	265.0000	0.1877	1414.0000
662	0.7045	0.6382	0.4987	0.6672	0.1349	0.8031	19.7000	0.0979	1496.0000	258.0000	0.1725	1499.0000
663	0.7031	0.6432	0.5094	0.6693	0.1428	0.7930	19.4000	0.0971	1515.0000	275.0000	0.1815	1517.0000
664	0.7025	0.6382	0.5077	0.6774	0.1426	0.8027	19.9000	0.1045	1553.0000	281.0000	0.1809	1555.0000
665	0.7163	0.6391	0.5044	0.6723	0.1339	0.8226	19.5000	0.1108	1412.0000	254.0000	0.1799	1414.0000
666	0.6962	0.6337	0.5017	0.6839	0.1391	0.8061	19.4000	0.0991	1450.0000	267.0000	0.1841	1452.0000
667	0.7029	0.6374	0.5068	0.6912	0.1391	0.8049	19.4000	0.0949	1536.0000	258.0000	0.1680	1538.0000
668	0.7038	0.6354	0.5011	0.6561	0.1346	0.7944	19.2000	0.0952	1465.0000	271.0000	0.1850	1467.0000
669	0.7191	0.6411	0.5039	0.6842	0.1361	0.8062	19.4000	0.0991	1428.0000	267.0000	0.1870	1432.0000
670	0.7156	0.6329	0.5008	0.6805	0.1367	0.8004	19.7000	0.1149	1408.0000	272.0000	0.1932	1412.0000
671	0.7057	0.6444	0.5110	0.6802	0.1366	0.8155	19.7000	0.1145	1461.0000	256.0000	0.1752	1463.0000
672	0.7221	0.6386	0.5109	0.6633	0.1361	0.8045	19.3000	0.1018	1433.0000	264.0000	0.1842	1441.0000
673	0.7181	0.6345	0.5060	0.6553	0.1343	0.8028	19.2000	0.1029	1510.0000	256.0000	0.1695	1513.0000
674	0.7094	0.6399	0.5110	0.6733	0.1382	0.8062	19.6000	0.1052	1524.0000	265.0000	0.1739	1528.0000
675	0.7110	0.6370	0.5061	0.6874	0.1378	0.8079	19.6000	0.1022	1476.0000	255.0000	0.1728	1478.0000
676	0.7427	0.6395	0.5116	0.6803	0.1382	0.8028	19.4000	0.0988	1420.0000	269.0000	0.1894	1423.0000
677	0.7187	0.6366	0.5047	0.6948	0.1407	0.8031	19.4000	0.0993	1449.0000	266.0000	0.1836	1451.0000
678	0.6985	0.6407	0.5042	0.6776	0.1415	0.8134	19.7000	0.0982	1506.0000	266.0000	0.1766	1508.0000
679	0.6531	0.6428	0.5092	0.6846	0.1377	0.7904	19.7000	0.1078	1421.0000	267.0000	0.1879	1423.0000
680	0.6996	0.6448	0.5137	0.6870	0.1418	0.8157	19.6000	0.0934	1505.0000	285.0000	0.1894	1507.0000
681	0.7368	0.6378	0.5031	0.7008	0.1383	0.8257	19.3000	0.0924	1465.0000	261.0000	0.1782	1467.0000
682	0.6926	0.6403	0.5140	0.6835	0.1343	0.8001	19.6000	0.1187	1403.0000	266.0000	0.1896	1405.0000
683	0.7090	0.6399	0.5073	0.6670	0.1379	0.8135	19.6000	0.1108	1474.0000	255.0000	0.1730	1479.0000
684	0.6938	0.6366	0.5011	0.6781	0.1343	0.8003	19.2000	0.1083	1439.0000	268.0000	0.1862	1441.0000
685	0.7334	0.6358	0.5038	0.6832	0.1356	0.8154	19.4000	0.0908	1452.0000	269.0000	0.1853	1455.0000
686	0.6849	0.6395	0.5116	0.6777	0.1420	0.7943	19.4000	0.1000	1551.0000	281.0000	0.1812	1553.0000
687	0.7172	0.6424	0.5125	0.7066	0.1360	0.8097	19.3000	0.1131	1438.0000	258.0000	0.1794	1442.0000
688	0.7080	0.6415	0.5131	0.6981	0.1383	0.8135	19.6000	0.0896	1450.0000	248.0000	0.1710	1452.0000
689	0.7041	0.6345	0.4975	0.6581	0.1350	0.8011	19.6000	0.0976	1475.0000	274.0000	0.1858	1477.0000
690	0.7316	0.6469	0.5070	0.6708	0.1341	0.8062	19.6000	0.0956	1405.0000	268.0000	0.1907	1409.0000
691	0.7029	0.6391	0.5034	0.6736	0.1352	0.8070	19.9000	0.1111	1429.0000	268.0000	0.1875	1431.0000
692	0.7044	0.6403	0.5099	0.6685	0.1338	0.7947	19.7000	0.1096	1433.0000	278.0000	0.1940	1435.0000
693	0.6939	0.6391	0.5030	0.6839	0.1334	0.8186	19.6000	0.0930	1425.0000	250.0000	0.1754	1427.0000
694	0.7058	0.6386	0.5044	0.6754	0.1410	0.8052	19.4000	0.0902	1512.0000	266.0000	0.1759	1514.0000
695	0.7010	0.6374	0.5040	0.6939	0.1352	0.8217	19.5000	0.0982	1423.0000	256.0000	0.1799	1426.0000
696	0.6904	0.6432	0.5098	0.6779	0.1386	0.7966	19.4000	0.1192	1479.0000	268.0000	0.1812	1481.0000
697	0.6968	0.6419	0.5060	0.6704	0.1411	0.8017	19.8000	0.0925	1510.0000	277.0000	0.1834	1512.0000
698	0.7222	0.6391	0.5124	0.6690	0.1396	0.8018	19.5000	0.0897	1435.0000	274.0000	0.1909	1437.0000
699	0.7103	0.6354	0.4974	0.6851	0.1314	0.8081	19.7000	0.1001	1443.0000	255.0000	0.1767	1445.0000
700	0.7049	0.6370	0.4981	0.6951	0.1353	0.8041	19.8000	0.0872	1428.0000	253.0000	0.1772	1430.0000
701	0.7010	0.6403	0.5060	0.6587	0.1373	0.8023	19.6000	0.1012	1493.0000	274.0000	0.1835	1495.0000
702	0.7117	0.6428	0.5103	0.6747	0.1374	0.8136	19.7000	0.1054	1448.0000	262.0000	0.1809	1450.0000
703	0.7346	0.6407	0.4978	0.6674	0.1356	0.8034	19.5000	0.1105	1443.0000	274.0000	0.1899	1445.0000
704	0.7206	0.6399	0.5135	0.6663	0.1381	0.8131	19.3000	0.1109	1519.0000	261.0000	0.1718	1523.0000
705	0.6638	0.6378	0.5122	0.6633	0.1364	0.8071	19.6000	0.0982	1494.0000	248.0000	0.1660	1496.0000
706	0.6985	0.6354	0.5022	0.6878	0.1384	0.7994	19.3000	0.1017	1440.0000	274.0000	0.1903	1442.0000
707	0.7017	0.6407	0.5078	0.7038	0.1409	0.8114	19.7000	0.0975	1452.0000	260.0000	0.1791	1454.0000
708	0.6851	0.6370	0.5136	0.6646	0.1365	0.8107	19.8000	0.1144	1498.0000	277.0000	0.1849	1500.0000
709	0.7125	0.6386	0.5080	0.6778	0.1361	0.8167	19.5000	0.1053	1469.0000	257.0000	0.1749	1472.0000
710	0.6994	0.6424	0.5037	0.6972	0.1404	0.8093	19.7000	0.0929	1438.0000	255.0000	0.1773	1440.0000
711	0.7201	0.6382	0.5023	0.6953	0.1347	0.8215	19.2000	0.0941	1441.0000	245.0000	0.1700	1443.0000
712	0.6713	0.6345	0.5034	0.6810	0.1381	0.8054	19.4000	0.0969	1483.0000	265.0000	0.1787	1485.0000
713	0.6959	0.6395	0.5110	0.6830	0.1408	0.7972	19.6000	0.1095	1471.0000	271.0000	0.1842	1473.0000
714	0.7112	0.6374	0.5086	0.6903	0.1388	0.8227	19.2000	0.0963	1429.0000	261.0000	0.1826	1436.0000
715	0.7081	0.6354	0.5066	0.6855	0.1383	0.8207	19.5000	0.0937	1486.0000	253.0000	0.1703	1488.0000
716	0.7014	0.6366	0.5055	0.6614	0.1345	0.8136	19.5000	0.1084	1492.0000	256.0000	0.1716	1494.0000
717	0.7144	0.6428	0.5158	0.6825	0.1406	0.8157	19.6000	0.0890	1489.0000	260.0000	0.1746	1491.0000
718	0.7046	0.6391	0.4984	0.6734	0.1351	0.8100	19.3000	0.1017	1469.0000	257.0000	0.1749	1471.0000
719	0.7254	0.6419	0.5091	0.6708	0.1375	0.8093	19.6000	0.1122	1439.0000	276.0000	0.1918	1441.0000
720	0.7052	0.6399	0.5015	0.6871	0.1322	0.7886	19.3000	0.1116	1416.0000	261.0000	0.1843	1421.0000
721	0.7067	0.6395	0.4995	0.6906	0.1344	0.7976	19.7000	0.1151	1439.0000	261.0000	0.1814	1442.0000
722	0.6754	0.6345	0.5004	0.6855	0.1358	0.8103	19.5000	0.0920	1449.0000	250.0000	0.1725	1451.0000
723	0.6844	0.6461	0.5060	0.6758	0.1393	0.8009	19.6000	0.1142	1453.0000	265.0000	0.1824	1455.0000
724	0.6926	0.6366	0.5037	0.6667	0.1359	0.8018	19.7000	0.1048	1482.0000	256.0000	0.1727	1484.0000
725	0.7058	0.6366	0.5068	0.6941	0.1357	0.8138	19.4000	0.0909	1451.0000	257.0000	0.1771	1453.0000
726	0.6786	0.6399	0.5082	0.6719	0.1385	0.8049	19.6000	0.0895	1459.0000	261.0000	0.1789	1461.0000
727	0.7177	0.6436	0.5044	0.6906	0.1361	0.8076	19.7000	0.1195	1431.0000	279.0000	0.1950	1437.0000
728	0.6981	0.6374	0.5148	0.6896	0.1379	0.7929	19.7000	0.1090	1433.0000	276.0000	0.1926	1435.0000
729	0.6624	0.6432	0.5098	0.6802	0.1414	0.8104	19.8000	0.1011	1482.0000	266.0000	0.1795	1484.0000
730	0.7327	0.6374	0.5096	0.6583	0.1385	0.8074	19.6000	0.0839	1469.0000	280.0000	0.1906	1471.0000
731	0.7251	0.6419	0.5143	0.6872	0.1374	0.7990	19.7000	0.1188	1494.0000	277.0000	0.1854	1499.0000
732	0.6949	0.6411	0.5051	0.6618	0.1368	0.8075	19.5000	0.0950	1485.0000	263.0000	0.1771	1487.0000
733	0.7035	0.6399	0.5154	0.6783	0.1413	0.8108	19.6000	0.0952	1498.0000	255.0000	0.1702	1500.0000
734	0.7070	0.6358	0.5046	0.6663	0.1380	0.8018	19.7000	0.0988	1486.0000	272.0000	0.1830	1488.0000
735	0.6931	0.6428	0.5074	0.6613	0.1429	0.7968	19.8000	0.0999	1546.0000	279.0000	0.1805	1548.0000
736	0.7011	0.6411	0.5088	0.6719	0.1425	0.8084	19.7000	0.0811	1521.0000	274.0000	0.1801	1523.0000
737	0.6831	0.6399	0.5015	0.6686	0.1351	0.7973	19.6000	0.1141	1415.0000	267.0000	0.1887	1417.0000
738	0.6930	0.6354	0.5093	0.6637	0.1374	0.8068	19.2000	0.1054	1520.0000	262.0000	0.1724	1522.0000
739	0.6804	0.6440	0.5125	0.6550	0.1393	0.7950	19.6000	0.1099	1538.0000	280.0000	0.1821	1540.0000
740	0.6999	0.6391	0.5054	0.6814	0.1346	0.8078	19.3000	0.0952	1411.0000	256.0000	0.1814	1413.0000
741	0.6989	0.6407	0.5085	0.6807	0.1353	0.7974	19.6000	0.0901	1400.0000	266.0000	0.1900	1404.0000
742	0.7308	0.6440	0.5078	0.6770	0.1427	0.8225	19.3000	0.0893	1485.0000	270.0000	0.1818	1487.0000
743	0.6861	0.6374	0.5039	0.6822	0.1378	0.7982	19.5000	0.0922	1433.0000	267.0000	0.1863	1435.0000
744	0.7038	0.6329	0.5000	0.6624	0.1392	0.8084	19.6000	0.1100	1475.0000	261.0000	0.1769	1477.0000
745	0.7093	0.6362	0.5018	0.6837	0.1335	0.8209	19.6000	0.0910	1411.0000	246.0000	0.1743	1414.0000
746	0.7064	0.6415	0.5065	0.6841	0.1387	0.8062	19.4000	0.1066	1432.0000	286.0000	0.1997	1434.0000
747	0.7005	0.6341	0.5008	0.6747	0.1347	0.7993	19.7000	0.0967	1409.0000	273.0000	0.1938	1411.0000
748	0.6970	0.6341	0.5135	0.6824	0.1411	0.7972	19.8000	0.1042	1477.0000	270.0000	0.1828	1479.0000
749	0.6493	0.6403	0.5041	0.6765	0.1330	0.8001	19.6000	0.0986	1422.0000	259.0000	0.1821	1424.0000
750	0.7099	0.6366	0.5050	0.6715	0.1408	0.8006	19.5000	0.1068	1485.0000	270.0000	0.1818	1487.0000
751	0.6902	0.6378	0.5114	0.6646	0.1399	0.8115	19.5000	0.1138	1520.0000	265.0000	0.1743	1522.0000
752	0.6989	0.6465	0.5165	0.6988	0.1398	0.8095	19.2000	0.1064	1444.0000	254.0000	0.1759	1446.0000
753	0.7178	0.6362	0.5017	0.6695	0.1405	0.8145	19.5000	0.0999	1512.0000	266.0000	0.1759	1514.0000
754	0.7120	0.6428	0.5059	0.6613	0.1340	0.8066	19.6000	0.1172	1452.0000	264.0000	0.1818	1454.0000
755	0.6993	0.6391	0.5063	0.6612	0.1387	0.8099	19.8000	0.1125	1505.0000	269.0000	0.1787	1507.0000
756	0.6915	0.6370	0.5091	0.6777	0.1378	0.8046	19.7000	0.0884	1469.0000	258.0000	0.1756	1471.0000
757	0.7163	0.6403	0.5058	0.6823	0.1378	0.8144	19.6000	0.1047	1467.0000	261.0000	0.1779	1469.0000
758	0.6861	0.6419	0.5063	0.6764	0.1375	0.8045	19.9000	0.0996	1494.0000	265.0000	0.1774	1496.0000
759	0.6731	0.6366	0.5076	0.6802	0.1362	0.8017	19.2000	0.1149	1436.0000	263.0000	0.1831	1439.0000
760	0.6992	0.6358	0.5097	0.6870	0.1404	0.8060	19.5000	0.0802	1525.0000	263.0000	0.1725	1527.0000
761	0.6943	0.6358	0.5122	0.6765	0.1385	0.7956	19.7000	0.0978	1483.0000	268.0000	0.1807	1485.0000
762	0.7173	0.6444	0.5073	0.6723	0.1393	0.8020	19.7000	0.0899	1519.0000	280.0000	0.1843	1521.0000
763	0.7057	0.6415	0.5092	0.6992	0.1353	0.8198	19.5000	0.1150	1424.0000	240.0000	0.1685	1432.0000
764	0.7030	0.6358	0.5112	0.6611	0.1412	0.8224	19.7000	0.0857	1506.0000	258.0000	0.1713	1508.0000
765	0.7103	0.6424	0.5076	0.6785	0.1392	0.8084	19.8000	0.0881	1493.0000	259.0000	0.1735	1499.0000
766	0.7111	0.6370	0.5035	0.6629	0.1394	0.8009	19.5000	0.1082	1492.0000	275.0000	0.1843	1495.0000
767	0.7195	0.6341	0.5054	0.6915	0.1346	0.8010	19.8000	0.1204	1449.0000	261.0000	0.1801	1451.0000
768	0.7308	0.6419	0.5114	0.6709	0.1356	0.8128	19.1000	0.0977	1493.0000	260.0000	0.1741	1496.0000
769	0.7037	0.6391	0.5061	0.6693	0.1387	0.8076	19.4000	0.0984	1517.0000	264.0000	0.1740	1519.0000
770	0.6669	0.6399	0.5143	0.6856	0.1381	0.8104	19.7000	0.0904	1429.0000	259.0000	0.1812	1431.0000
771	0.7092	0.6345	0.5040	0.6909	0.1381	0.8074	19.6000	0.0996	1430.0000	262.0000	0.1832	1432.0000
772	0.6790	0.6362	0.5058	0.6782	0.1411	0.7939	19.5000	0.1014	1440.0000	281.0000	0.1951	1442.0000
773	0.6951	0.6395	0.5067	0.6627	0.1396	0.8025	19.4000	0.1092	1494.0000	270.0000	0.1807	1496.0000
774	0.7006	0.6395	0.5097	0.6645	0.1369	0.8108	19.3000	0.0927	1463.0000	259.0000	0.1770	1465.0000
775	0.7070	0.6349	0.5062	0.6700	0.1362	0.8107	19.5000	0.0862	1459.0000	263.0000	0.1803	1461.0000
776	0.7154	0.6399	0.5151	0.6832	0.1417	0.8230	19.5000	0.0882	1504.0000	245.0000	0.1629	1506.0000
777	0.7036	0.6415	0.5125	0.6691	0.1385	0.7971	19.5000	0.0994	1466.0000	279.0000	0.1903	1468.0000
778	0.7111	0.6362	0.5052	0.6787	0.1360	0.7986	19.6000	0.0983	1445.0000	267.0000	0.1848	1447.0000
779	0.6991	0.6391	0.5052	0.7026	0.1394	0.8082	19.2000	0.1044	1435.0000	262.0000	0.1826	1437.0000
780	0.6773	0.6415	0.5061	0.6785	0.1424	0.8104	19.2000	0.1111	1526.0000	268.0000	0.1756	1528.0000
781	0.6905	0.6391	0.5100	0.6900	0.1350	0.8011	19.7000	0.1033	1487.0000	258.0000	0.1735	1489.0000
782	0.7159	0.6370	0.5041	0.7073	0.1356	0.8069	19.5000	0.1095	1417.0000	259.0000	0.1828	1419.0000
783	0.6928	0.6403	0.5056	0.6698	0.1375	0.8077	19.4000	0.1124	1450.0000	266.0000	0.1834	1452.0000
784	0.7088	0.6374	0.5066	0.6878	0.1359	0.8093	19.6000	0.0945	1408.0000	265.0000	0.1882	1410.0000
785	0.6962	0.6395	0.5009	0.6741	0.1345	0.8075	19.4000	0.1083	1442.0000	258.0000	0.1789	1444.0000
786	0.7256	0.6374	0.5102	0.6687	0.1397	0.8161	19.4000	0.1073	1479.0000	258.0000	0.1744	1481.0000
787	0.6868	0.6378	0.5091	0.6810	0.1420	0.8015	19.3000	0.1002	1478.0000	278.0000	0.1881	1480.0000
788	0.6909	0.6374	0.4966	0.6742	0.1359	0.8033	19.9000	0.1009	1468.0000	266.0000	0.1812	1470.0000
789	0.7433	0.6374	0.5077	0.6714	0.1337	0.8034	19.4000	0.0984	1456.0000	277.0000	0.1902	1458.0000
790	0.7184	0.6370	0.4989	0.6672	0.1364	0.8182	19.7000	0.1044	1506.0000	267.0000	0.1773	1511.0000
791	0.6929	0.6399	0.4989	0.6585	0.1379	0.7972	19.8000	0.1066	1503.0000	272.0000	0.1810	1505.0000
792	0.7061	0.6391	0.5072	0.6685	0.1353	0.8089	19.7000	0.1079	1438.0000	250.0000	0.1739	1442.0000
793	0.6822	0.6362	0.5073	0.6730	0.1405	0.8223	19.8000	0.0998	1485.0000	264.0000	0.1778	1487.0000
794	0.7208	0.6366	0.5024	0.6936	0.1342	0.8261	19.5000	0.0844	1417.0000	234.0000	0.1651	1419.0000
795	0.6622	0.6370	0.5007	0.6888	0.1290	0.7981	19.7000	0.1204	1390.0000	256.0000	0.1842	1392.0000
796	0.6963	0.6477	0.5097	0.6879	0.1444	0.8091	19.6000	0.1052	1494.0000	267.0000	0.1787	1496.0000
797	0.7026	0.6411	0.5091	0.6659	0.1358	0.8150	19.6000	0.1014	1508.0000	256.0000	0.1698	1510.0000
798	0.7356	0.6399	0.5096	0.6765	0.1353	0.8150	19.6000	0.0992	1478.0000	256.0000	0.1732	1481.0000
799	0.6884	0.6395	0.5096	0.6746	0.1420	0.8101	19.5000	0.0916	1558.0000	257.0000	0.1650	1560.0000
800	0.6978	0.6374	0.5000	0.6728	0.1365	0.8016	19.7000	0.1071	1451.0000	277.0000	0.1909	1453.0000
801	0.6774	0.6403	0.5076	0.6764	0.1364	0.7992	19.5000	0.1119	1470.0000	263.0000	0.1789	1472.0000
802	0.7128	0.6395	0.5056	0.6807	0.1384	0.8194	19.4000	0.0924	1491.0000	253.0000	0.1697	1493.0000
803	0.7044	0.6411	0.5088	0.6849	0.1432	0.8159	19.8000	0.0917	1507.0000	267.0000	0.1772	1509.0000
804	0.7052	0.6341	0.5071	0.6917	0.1305	0.8138	19.5000	0.1119	1403.0000	252.0000	0.1796	1405.0000
805	0.7117	0.6312	0.4926	0.6744	0.1327	0.8104	19.6000	0.1060	1436.0000	268.0000	0.1866	1438.0000
806	0.7011	0.6391	0.5052	0.6714	0.1359	0.7933	19.6000	0.0998	1455.0000	274.0000	0.1883	1457.0000
807	0.6847	0.6424	0.4979	0.6756	0.1345	0.8037	19.3000	0.1169	1452.0000	264.0000	0.1818	1455.0000
808	0.7190	0.6436	0.5235	0.6691	0.1383	0.8105	19.4000	0.0967	1469.0000	260.0000	0.1770	1472.0000
809	0.7095	0.6366	0.5038	0.6756	0.1388	0.8121	19.4000	0.1036	1493.0000	267.0000	0.1788	1495.0000
810	0.6626	0.6391	0.5057	0.6872	0.1346	0.8103	19.8000	0.1143	1465.0000	256.0000	0.1747	1468.0000
811	0.7247	0.6403	0.5099	0.6654	0.1384	0.7876	19.6000	0.1156	1452.0000	283.0000	0.1949	1454.0000
812	0.7092	0.6386	0.5130	0.6898	0.1393	0.8115	19.5000	0.0992	1470.0000	257.0000	0.1748	1473.0000
813	0.7141	0.6386	0.5075	0.6629	0.1358	0.8182	19.7000	0.0977	1496.0000	258.0000	0.1725	1498.0000
814	0.7139	0.6366	0.5030	0.6733	0.1394	0.8074	20.0000	0.0922	1471.0000	272.0000	0.1849	1473.0000
815	0.6794	0.6366	0.5083	0.6641	0.1397	0.8057	19.4000	0.0964	1502.0000	268.0000	0.1784	1504.0000
816	0.6682	0.6403	0.5061	0.6807	0.1433	0.8072	19.9000	0.1002	1513.0000	263.0000	0.1738	1515.0000
817	0.7278	0.6378	0.5084	0.6840	0.1370	0.8153	19.4000	0.1211	1456.0000	269.0000	0.1848	1458.0000
818	0.7294	0.6440	0.5137	0.6830	0.1418	0.8235	19.4000	0.0953	1479.0000	269.0000	0.1819	1481.0000
819	0.7072	0.6378	0.5084	0.6636	0.1344	0.7982	19.6000	0.1148	1434.0000	269.0000	0.1876	1436.0000
820	0.7271	0.6370	0.5078	0.6810	0.1388	0.8170	19.6000	0.1037	1451.0000	269.0000	0.1854	1454.0000
821	0.7301	0.6378	0.5076	0.6912	0.1377	0.8166	19.3000	0.1077	1484.0000	258.0000	0.1739	1487.0000
822	0.7096	0.6432	0.5009	0.6674	0.1352	0.8099	19.3000	0.0893	1440.0000	255.0000	0.1771	1442.0000
823	0.6998	0.6370	0.5038	0.6627	0.1401	0.7956	19.4000	0.1164	1513.0000	270.0000	0.1785	1515.0000
824	0.6861	0.6354	0.5134	0.6796	0.1420	0.8102	19.5000	0.0964	1468.0000	270.0000	0.1839	1470.0000
825	0.6942	0.6386	0.5038	0.6581	0.1373	0.8101	19.4000	0.1131	1464.0000	255.0000	0.1742	1466.0000
826	0.7168	0.6419	0.5023	0.6688	0.1352	0.8024	19.6000	0.1029	1460.0000	275.0000	0.1884	1462.0000
827	0.7263	0.6407	0.5065	0.6883	0.1343	0.8018	19.5000	0.1060	1425.0000	273.0000	0.1916	1428.0000
828	0.6966	0.6407	0.5088	0.6568	0.1364	0.7971	19.4000	0.1138	1457.0000	271.0000	0.1860	1459.0000
829	0.7136	0.6411	0.5096	0.6820	0.1366	0.8113	19.7000	0.1171	1434.0000	266.0000	0.1855	1438.0000
830	0.7026	0.6411	0.5136	0.6926	0.1390	0.8088	19.0000	0.1002	1455.0000	249.0000	0.1711	1458.0000
831	0.7250	0.6411	0.5157	0.7023	0.1379	0.8195	19.7000	0.0994	1508.0000	243.0000	0.1611	1510.0000
832	0.7193	0.6374	0.5036	0.6834	0.1358	0.8113	19.6000	0.1055	1423.0000	281.0000	0.1975	1428.0000
833	0.6886	0.6345	0.5029	0.6815	0.1337	0.8103	19.8000	0.0915	1423.0000	250.0000	0.1757	1425.0000
834	0.6835	0.6403	0.5019	0.6751	0.1370	0.8025	19.3000	0.0971	1467.0000	268.0000	0.1827	1469.0000
835	0.7166	0.6415	0.5046	0.6696	0.1375	0.7994	19.6000	0.1088	1473.0000	280.0000	0.1901	1477.0000
836	0.7108	0.6386	0.5071	0.6750	0.1424	0.7991	19.4000	0.1076	1478.0000	283.0000	0.1915	1480.0000
837	0.7257	0.6457	0.5082	0.6749	0.1392	0.8163	19.6000	0.1016	1457.0000	268.0000	0.1839	1459.0000
838	0.7196	0.6403	0.5126	0.6810	0.1351	0.8044	19.7000	0.0975	1386.0000	264.0000	0.1905	1388.0000
839	0.6887	0.6316	0.5114	0.6789	0.1380	0.8175	19.6000	0.0913	1509.0000	247.0000	0.1637	1511.0000
840	0.7033	0.6358	0.5105	0.6883	0.1416	0.8319	19.4000	0.0838	1536.0000	244.0000	0.1589	1539.0000
841	0.6910	0.6358	0.5039	0.6805	0.1354	0.8075	19.8000	0.1092	1432.0000	261.0000	0.1823	1434.0000
842	0.6929	0.6403	0.5082	0.6821	0.1384	0.8229	19.4000	0.0813	1488.0000	243.0000	0.1633	1490.0000
843	0.7181	0.6374	0.5045	0.6857	0.1355	0.8011	19.7000	0.0990	1454.0000	267.0000	0.1836	1457.0000
844	0.7031	0.6337	0.5005	0.6829	0.1359	0.7988	19.5000	0.1018	1408.0000	276.0000	0.1960	1410.0000
845	0.6815	0.6366	0.5128	0.6766	0.1376	0.7992	19.6000	0.1037	1493.0000	264.0000	0.1768	1495.0000
846	0.6943	0.6419	0.5011	0.6801	0.1344	0.8064	19.4000	0.0927	1386.0000	268.0000	0.1934	1388.0000
847	0.6639	0.6411	0.5129	0.6631	0.1383	0.7979	19.6000	0.1167	1485.0000	269.0000	0.1811	1487.0000
848	0.6979	0.6316	0.4968	0.6759	0.1352	0.8066	19.5000	0.0942	1508.0000	273.0000	0.1810	1510.0000
849	0.7270	0.6415	0.5051	0.6845	0.1340	0.8175	19.5000	0.0925	1452.0000	246.0000	0.1694	1454.0000
850	0.6882	0.6378	0.5148	0.6709	0.1373	0.8057	19.4000	0.1015	1465.0000	253.0000	0.1727	1467.0000
851	0.7299	0.6399	0.5116	0.6659	0.1340	0.8219	19.7000	0.0937	1477.0000	261.0000	0.1767	1480.0000
852	0.6963	0.6399	0.5103	0.6730	0.1385	0.8042	19.7000	0.1022	1449.0000	265.0000	0.1829	1451.0000
853	0.6428	0.6391	0.5101	0.6722	0.1402	0.7932	19.5000	0.1121	1506.0000	277.0000	0.1839	1508.0000
854	0.7050	0.6366	0.5102	0.6626	0.1373	0.8076	19.9000	0.0998	1414.0000	282.0000	0.1994	1416.0000
855	0.7095	0.6349	0.5019	0.6737	0.1359	0.8129	19.5000	0.0864	1492.0000	265.0000	0.1776	1494.0000
856	0.6811	0.6415	0.5122	0.6772	0.1420	0.7955	19.8000	0.1032	1501.0000	286.0000	0.1905	1503.0000
857	0.7234	0.6415	0.5104	0.6930	0.1397	0.8148	19.4000	0.0984	1482.0000	256.0000	0.1727	1484.0000
858	0.7267	0.6424	0.5097	0.6851	0.1376	0.8008	19.5000	0.1065	1484.0000	257.0000	0.1732	1488.0000
859	0.6951	0.6415	0.4999	0.6813	0.1367	0.7989	19.2000	0.1143	1495.0000	261.0000	0.1746	1497.0000
860	0.6992	0.6419	0.5070	0.6728	0.1381	0.7931	19.7000	0.0923	1505.0000	280.0000	0.1860	1507.0000
861	0.6866	0.6362	0.5016	0.6607	0.1373	0.7958	19.8000	0.0979	1461.0000	273.0000	0.1869	1463.0000
862	0.7317	0.6407	0.5041	0.6583	0.1370	0.8027	19.0000	0.0949	1479.0000	277.0000	0.1873	1481.0000
863	0.7185	0.6403	0.4991	0.6799	0.1360	0.7994	19.7000	0.0946	1412.0000	277.0000	0.1962	1414.0000
864	0.6814	0.6407	0.4996	0.6675	0.1382	0.7912	19.7000	0.1157	1425.0000	288.0000	0.2021	1427.0000
865	0.6966	0.6370	0.5065	0.6699	0.1401	0.7970	19.1000	0.1036	1486.0000	277.0000	0.1864	1488.0000
866	0.7100	0.6354	0.5111	0.6758	0.1395	0.8121	19.2000	0.0960	1473.0000	258.0000	0.1752	1475.0000
867	0.7047	0.6358	0.5000	0.6837	0.1328	0.8130	19.5000	0.0953	1459.0000	256.0000	0.1755	1461.0000
868	0.7176	0.6378	0.5037	0.6870	0.1421	0.8158	19.7000	0.0959	1443.0000	280.0000	0.1940	1445.0000
869	0.7102	0.6362	0.5021	0.6839	0.1385	0.8246	19.4000	0.1030	1448.0000	248.0000	0.1713	1450.0000
870	0.6915	0.6407	0.5069	0.6860	0.1360	0.8006	19.6000	0.0959	1416.0000	268.0000	0.1893	1418.0000
871	0.6937	0.6370	0.5019	0.6752	0.1331	0.8083	19.5000	0.1097	1431.0000	250.0000	0.1747	1433.0000
872	0.6889	0.6399	0.5058	0.6733	0.1399	0.7993	19.5000	0.1003	1484.0000	273.0000	0.1840	1486.0000
873	0.7139	0.6391	0.5144	0.6991	0.1452	0.8258	19.6000	0.0859	1490.0000	260.0000	0.1745	1492.0000
874	0.6989	0.6325	0.4939	0.6815	0.1339	0.7904	19.5000	0.1023	1413.0000	268.0000	0.1897	1418.0000
875	0.7003	0.6391	0.4971	0.6870	0.1332	0.8133	19.7000	0.1171	1410.0000	259.0000	0.1837	1412.0000
876	0.6845	0.6424	0.5188	0.6736	0.1397	0.7912	19.6000	0.1068	1495.0000	278.0000	0.1860	1497.0000
877	0.6810	0.6432	0.5169	0.6784	0.1416	0.8007	19.8000	0.1100	1508.0000	270.0000	0.1790	1510.0000
878	0.7126	0.6391	0.5130	0.6776	0.1354	0.7951	19.6000	0.1070	1485.0000	276.0000	0.1859	1487.0000
879	0.7473	0.6337	0.4969	0.6745	0.1332	0.8116	19.4000	0.0987	1394.0000	267.0000	0.1915	1396.0000
880	0.7017	0.6345	0.5061	0.6823	0.1366	0.7904	19.5000	0.1155	1437.0000	264.0000	0.1837	1439.0000
881	0.7033	0.6403	0.5115	0.6686	0.1368	0.8007	19.8000	0.1067	1485.0000	268.0000	0.1805	1488.0000
882	0.6965	0.6382	0.5087	0.6844	0.1379	0.8108	19.6000	0.1049	1406.0000	263.0000	0.1871	1410.0000
883	0.7136	0.6444	0.5051	0.6635	0.1394	0.8049	19.5000	0.1049	1501.0000	276.0000	0.1839	1503.0000
884	0.6983	0.6378	0.5071	0.6606	0.1368	0.7962	19.9000	0.1217	1449.0000	278.0000	0.1919	1451.0000
885	0.6958	0.6444	0.5215	0.6608	0.1392	0.8008	19.4000	0.0990	1525.0000	268.0000	0.1757	1528.0000
886	0.7315	0.6378	0.4978	0.6767	0.1354	0.7976	19.5000	0.0982	1455.0000	267.0000	0.1835	1459.0000
887	0.7261	0.6395	0.5062	0.6681	0.1358	0.8042	19.2000	0.1050	1440.0000	267.0000	0.1854	1442.0000
888	0.7084	0.6362	0.5072	0.6686	0.1368	0.8089	19.7000	0.0999	1453.0000	265.0000	0.1824	1456.0000
889	0.7367	0.6378	0.5040	0.6866	0.1369	0.8163	19.5000	0.0877	1467.0000	249.0000	0.1697	1470.0000
890	0.6873	0.6349	0.5104	0.6753	0.1348	0.8023	19.7000	0.1022	1409.0000	269.0000	0.1909	1411.0000
891	0.6999	0.6374	0.5033	0.6819	0.1341	0.8105	19.5000	0.0935	1402.0000	259.0000	0.1847	1404.0000
892	0.6915	0.6424	0.5073	0.6825	0.1400	0.8042	20.0000	0.1131	1453.0000	272.0000	0.1872	1455.0000
893	0.6997	0.6312	0.5024	0.6789	0.1367	0.8069	19.5000	0.1034	1458.0000	253.0000	0.1735	1460.0000
894	0.7203	0.6415	0.5112	0.6778	0.1406	0.8119	19.4000	0.0964	1469.0000	263.0000	0.1790	1471.0000
895	0.7283	0.6424	0.5072	0.6860	0.1359	0.8138	19.6000	0.0971	1435.0000	250.0000	0.1742	1439.0000
896	0.6953	0.6395	0.5098	0.6657	0.1374	0.8030	19.7000	0.1073	1449.0000	279.0000	0.1925	1452.0000
897	0.6831	0.6378	0.5036	0.6814	0.1318	0.8126	19.6000	0.0974	1418.0000	244.0000	0.1721	1420.0000
898	0.7026	0.6366	0.5043	0.6938	0.1370	0.8119	19.6000	0.1077	1474.0000	264.0000	0.1791	1478.0000
899	0.7005	0.6432	0.5126	0.6901	0.1419	0.8115	19.4000	0.1062	1440.0000	255.0000	0.1771	1442.0000
900	0.7275	0.6382	0.5061	0.6878	0.1424	0.8192	19.6000	0.0874	1500.0000	256.0000	0.1707	1502.0000
901	0.7064	0.6395	0.5156	0.6678	0.1372	0.7928	19.8000	0.1133	1436.0000	292.0000	0.2033	1438.0000
902	0.7220	0.6436	0.5138	0.7069	0.1351	0.8094	19.6000	0.1192	1410.0000	252.0000	0.1787	1412.0000
903	0.7127	0.6386	0.5069	0.6657	0.1332	0.8181	19.8000	0.1017	1426.0000	264.0000	0.1851	1428.0000
904	0.7249	0.6428	0.5108	0.6671	0.1364	0.8103	19.5000	0.0949	1422.0000	271.0000	0.1906	1424.0000
905	0.6984	0.6378	0.5116	0.6616	0.1404	0.8047	19.8000	0.1060	1489.0000	277.0000	0.1860	1491.0000
906	0.7063	0.6419	0.5109	0.6782	0.1373	0.8058	19.5000	0.1049	1466.0000	261.0000	0.1780	1468.0000
907	0.6792	0.6419	0.5096	0.6782	0.1378	0.8119	19.9000	0.0848	1469.0000	251.0000	0.1709	1471.0000
908	0.7169	0.6395	0.4995	0.6865	0.1354	0.8210	19.4000	0.1053	1450.0000	246.0000	0.1697	1452.0000
909	0.6940	0.6469	0.5067	0.6687	0.1388	0.8068	19.6000	0.1131	1445.0000	274.0000	0.1896	1447.0000
910	0.7069	0.6374	0.4998	0.6861	0.1344	0.8165	19.4000	0.1169	1445.0000	258.0000	0.1785	1447.0000
911	0.7147	0.6382	0.5012	0.6651	0.1389	0.7973	19.4000	0.0995	1477.0000	270.0000	0.1828	1479.0000
912	0.7305	0.6370	0.5102	0.6674	0.1370	0.8251	19.4000	0.0911	1427.0000	253.0000	0.1773	1430.0000
913	0.7095	0.6370	0.5050	0.6916	0.1318	0.8156	19.6000	0.1074	1405.0000	249.0000	0.1772	1407.0000
914	0.7155	0.6395	0.5151	0.6557	0.1394	0.8082	19.7000	0.1078	1476.0000	256.0000	0.1734	1478.0000
915	0.6882	0.6403	0.5051	0.6709	0.1390	0.7969	19.2000	0.1062	1439.0000	280.0000	0.1946	1441.0000
916	0.7530	0.6349	0.5067	0.6878	0.1374	0.8161	19.7000	0.0903	1467.0000	259.0000	0.1766	1469.0000
917	0.6930	0.6349	0.5016	0.6728	0.1308	0.7983	19.3000	0.1085	1376.0000	264.0000	0.1919	1378.0000
918	0.6969	0.6411	0.5053	0.6659	0.1354	0.8059	19.4000	0.1027	1430.0000	270.0000	0.1888	1432.0000
919	0.6910	0.6362	0.5031	0.6764	0.1376	0.8214	19.7000	0.0907	1490.0000	259.0000	0.1738	1492.0000
920	0.7120	0.6358	0.5112	0.6884	0.1413	0.8108	19.6000	0.1050	1471.0000	271.0000	0.1842	1473.0000
921	0.7118	0.6395	0.5116	0.6539	0.1396	0.7874	19.4000	0.1209	1470.0000	286.0000	0.1946	1472.0000
922	0.7273	0.6424	0.5108	0.6729	0.1365	0.8138	19.6000	0.0871	1465.0000	268.0000	0.1829	1467.0000
923	0.7098	0.6366	0.5075	0.6512	0.1334	0.7892	19.4000	0.1019	1441.0000	268.0000	0.1860	1443.0000
924	0.6958	0.6399	0.5089	0.6972	0.1340	0.8234	19.5000	0.1081	1412.0000	232.0000	0.1643	1415.0000
925	0.7026	0.6411	0.5080	0.6830	0.1424	0.8049	19.7000	0.1024	1458.0000	274.0000	0.1879	1460.0000
926	0.7124	0.6452	0.5042	0.6778	0.1378	0.8140	19.3000	0.1045	1450.0000	267.0000	0.1841	1452.0000
927	0.7241	0.6349	0.5009	0.6661	0.1310	0.8168	19.9000	0.1008	1461.0000	248.0000	0.1697	1464.0000
928	0.7016	0.6349	0.5002	0.6707	0.1332	0.7988	19.6000	0.0913	1425.0000	267.0000	0.1874	1427.0000
929	0.7087	0.6395	0.5070	0.6626	0.1396	0.8006	19.7000	0.0983	1469.0000	265.0000	0.1804	1471.0000
930	0.7150	0.6395	0.5073	0.6850	0.1383	0.8052	19.7000	0.1089	1457.0000	264.0000	0.1812	1464.0000
931	0.7188	0.6362	0.5026	0.6784	0.1329	0.8171	19.4000	0.1048	1417.0000	258.0000	0.1821	1419.0000
932	0.6831	0.6345	0.5017	0.6781	0.1355	0.8027	19.4000	0.1028	1437.0000	272.0000	0.1893	1439.0000
933	0.6703	0.6424	0.4985	0.6808	0.1372	0.8021	19.4000	0.1129	1449.0000	264.0000	0.1822	1451.0000
934	0.7035	0.6444	0.5168	0.6885	0.1435	0.8112	19.4000	0.0906	1519.0000	262.0000	0.1725	1521.0000
935	0.7259	0.6362	0.5029	0.6634	0.1394	0.8113	19.6000	0.0951	1480.0000	266.0000	0.1797	1482.0000
936	0.6716	0.6378	0.5106	0.6800	0.1389	0.8124	19.2000	0.1091	1474.0000	261.0000	0.1771	1476.0000
937	0.7245	0.6378	0.5062	0.6715	0.1340	0.8069	19.7000	0.1008	1441.0000	271.0000	0.1881	1443.0000
938	0.6799	0.6362	0.4992	0.6713	0.1349	0.7808	19.9000	0.1142	1433.0000	274.0000	0.1912	1435.0000
939	0.6944	0.6362	0.4996	0.6612	0.1331	0.8148	19.3000	0.0959	1448.0000	246.0000	0.1699	1450.0000
940	0.7095	0.6362	0.5048	0.7023	0.1361	0.8174	19.8000	0.0941	1450.0000	252.0000	0.1738	1458.0000
941	0.6823	0.6461	0.5155	0.6697	0.1397	0.7882	19.6000	0.1204	1463.0000	279.0000	0.1907	1465.0000
942	0.7152	0.6395	0.4989	0.6707	0.1318	0.8189	19.5000	0.1091	1417.0000	256.0000	0.1807	1421.0000
943	0.6877	0.6386	0.5022	0.6994	0.1347	0.8094	19.6000	0.1005	1416.0000	245.0000	0.1730	1418.0000
944	0.7049	0.6362	0.5017	0.6699	0.1338	0.8104	19.7000	0.1224	1418.0000	243.0000	0.1714	1422.0000
945	0.7065	0.6432	0.5079	0.6703	0.1401	0.8100	19.5000	0.1108	1502.0000	251.0000	0.1671	1504.0000
946	0.7132	0.6407	0.5130	0.6678	0.1387	0.8000	19.8000	0.1047	1497.0000	272.0000	0.1817	1499.0000
947	0.6761	0.6391	0.5042	0.6855	0.1379	0.8007	19.5000	0.1091	1484.0000	266.0000	0.1792	1486.0000
948	0.7179	0.6395	0.5055	0.7069	0.1392	0.8198	19.7000	0.1097	1453.0000	262.0000	0.1803	1455.0000
949	0.6921	0.6386	0.5054	0.6899	0.1374	0.8029	19.5000	0.1083	1413.0000	267.0000	0.1890	1415.0000
950	0.7251	0.6419	0.5077	0.6893	0.1376	0.8182	19.7000	0.1138	1442.0000	260.0000	0.1803	1444.0000
951	0.6590	0.6333	0.5031	0.6815	0.1322	0.7881	19.6000	0.1042	1400.0000	265.0000	0.1893	1402.0000
952	0.6908	0.6349	0.5069	0.6915	0.1378	0.8097	19.6000	0.0991	1458.0000	256.0000	0.1756	1460.0000
953	0.6705	0.6370	0.5078	0.6676	0.1348	0.7911	19.6000	0.1146	1426.0000	258.0000	0.1809	1428.0000
954	0.7099	0.6321	0.5087	0.6625	0.1361	0.7977	19.5000	0.1024	1422.0000	264.0000	0.1857	1426.0000
955	0.6861	0.6358	0.5066	0.6701	0.1355	0.7922	19.5000	0.1235	1417.0000	263.0000	0.1856	1421.0000
956	0.7224	0.6403	0.5115	0.6907	0.1375	0.8059	19.9000	0.0928	1416.0000	256.0000	0.1808	1418.0000
957	0.7043	0.6457	0.5146	0.6608	0.1426	0.8241	18.9000	0.1018	1540.0000	254.0000	0.1649	1542.0000
958	0.6971	0.6349	0.5030	0.6769	0.1353	0.8166	19.8000	0.0917	1457.0000	264.0000	0.1812	1459.0000
959	0.7158	0.6391	0.5106	0.6703	0.1390	0.8101	19.5000	0.0904	1467.0000	267.0000	0.1820	1470.0000
960	0.6916	0.6321	0.4964	0.6750	0.1329	0.8053	19.6000	0.1081	1456.0000	262.0000	0.1799	1458.0000
961	0.7014	0.6407	0.5064	0.6801	0.1400	0.8103	19.4000	0.1092	1503.0000	268.0000	0.1783	1505.0000
962	0.6847	0.6333	0.5028	0.6923	0.1351	0.8307	19.3000	0.0916	1432.0000	245.0000	0.1711	1434.0000
963	0.7057	0.6395	0.5120	0.6812	0.1380	0.8113	19.6000	0.1049	1429.0000	250.0000	0.1749	1432.0000
964	0.7197	0.6378	0.5068	0.6601	0.1377	0.8120	19.5000	0.0924	1490.0000	255.0000	0.1711	1492.0000
965	0.7197	0.6419	0.5047	0.6821	0.1352	0.8148	19.8000	0.1057	1434.0000	257.0000	0.1792	1436.0000
966	0.7033	0.6382	0.5142	0.6895	0.1351	0.8089	19.7000	0.1090	1472.0000	255.0000	0.1732	1475.0000
967	0.6994	0.6362	0.5016	0.6805	0.1381	0.8079	19.4000	0.0928	1448.0000	261.0000	0.1802	1450.0000
968	0.7033	0.6382	0.5084	0.6777	0.1363	0.7874	19.6000	0.1065	1469.0000	264.0000	0.1797	1471.0000
969	0.7186	0.6428	0.5079	0.6987	0.1369	0.8212	19.6000	0.0889	1408.0000	261.0000	0.1854	1410.0000
970	0.7219	0.6407	0.5182	0.6792	0.1375	0.8197	19.5000	0.1025	1440.0000	261.0000	0.1812	1442.0000
971	0.6973	0.6366	0.4989	0.6768	0.1361	0.7946	19.8000	0.1023	1433.0000	266.0000	0.1856	1435.0000
972	0.7074	0.6403	0.5091	0.6806	0.1357	0.8092	19.5000	0.0997	1428.0000	260.0000	0.1821	1431.0000
973	0.7072	0.6370	0.5023	0.6848	0.1294	0.8142	19.3000	0.0969	1390.0000	255.0000	0.1835	1396.0000
974	0.7018	0.6399	0.5083	0.6766	0.1381	0.8110	19.6000	0.1065	1461.0000	261.0000	0.1786	1463.0000
975	0.7055	0.6374	0.5109	0.6842	0.1373	0.8142	19.5000	0.1057	1444.0000	253.0000	0.1752	1446.0000
976	0.6874	0.6399	0.5030	0.6713	0.1330	0.8005	19.6000	0.1063	1418.0000	271.0000	0.1911	1420.0000
977	0.7059	0.6452	0.5151	0.6830	0.1380	0.7933	19.8000	0.1169	1478.0000	270.0000	0.1827	1480.0000
978	0.7160	0.6391	0.5055	0.6975	0.1360	0.8126	19.5000	0.1027	1422.0000	255.0000	0.1793	1424.0000
979	0.7095	0.6341	0.5009	0.6832	0.1333	0.7994	19.5000	0.1005	1412.0000	265.0000	0.1877	1421.0000
980	0.6939	0.6407	0.5066	0.6516	0.1413	0.8023	19.4000	0.0931	1551.0000	264.0000	0.1702	1553.0000
981	0.6896	0.6403	0.5132	0.6634	0.1402	0.7928	19.6000	0.1116	1514.0000	268.0000	0.1770	1516.0000
982	0.7003	0.6424	0.5039	0.6670	0.1348	0.7958	19.6000	0.1080	1453.0000	280.0000	0.1927	1455.0000
983	0.7106	0.6399	0.5057	0.6741	0.1387	0.8078	19.6000	0.1039	1449.0000	276.0000	0.1905	1451.0000
984	0.6956	0.6378	0.5019	0.6695	0.1394	0.8098	19.3000	0.0947	1472.0000	265.0000	0.1800	1475.0000
985	0.6960	0.6391	0.5094	0.6688	0.1405	0.8112	19.6000	0.1100	1518.0000	249.0000	0.1640	1522.0000
986	0.6955	0.6407	0.5154	0.6714	0.1398	0.7976	19.8000	0.0974	1441.0000	278.0000	0.1929	1443.0000
987	0.6720	0.6296	0.4988	0.6794	0.1351	0.7943	19.8000	0.1119	1423.0000	267.0000	0.1876	1426.0000
988	0.7081	0.6370	0.4986	0.6734	0.1352	0.8186	19.7000	0.0968	1431.0000	266.0000	0.1859	1433.0000
989	0.6968	0.6428	0.5046	0.6731	0.1382	0.8051	19.7000	0.1074	1449.0000	272.0000	0.1877	1451.0000
990	0.6678	0.6374	0.5132	0.6803	0.1412	0.7947	19.9000	0.1035	1463.0000	273.0000	0.1866	1465.0000
991	0.6591	0.6391	0.5095	0.6730	0.1433	0.8082	19.6000	0.1011	1525.0000	248.0000	0.1626	1527.0000
992	0.7078	0.6362	0.4972	0.6590	0.1311	0.8084	19.6000	0.0963	1454.0000	266.0000	0.1829	1456.0000
993	0.6711	0.6370	0.5073	0.6731	0.1351	0.7950	19.4000	0.1145	1450.0000	275.0000	0.1897	1453.0000
994	0.6736	0.6403	0.5108	0.6721	0.1375	0.8032	19.9000	0.1254	1472.0000	264.0000	0.1793	1474.0000
995	0.7055	0.6362	0.5044	0.6686	0.1368	0.7984	19.6000	0.1008	1492.0000	265.0000	0.1776	1494.0000
996	0.7206	0.6374	0.5056	0.6865	0.1438	0.8161	19.7000	0.0823	1513.0000	268.0000	0.1771	1515.0000
997	0.7130	0.6354	0.5139	0.6810	0.1373	0.8002	19.8000	0.1144	1441.0000	277.0000	0.1922	1443.0000
998	0.6996	0.6378	0.5121	0.6881	0.1403	0.8111	19.4000	0.0943	1454.0000	267.0000	0.1836	1456.0000
999	0.7104	0.6419	0.5049	0.6681	0.1399	0.8031	19.6000	0.1122	1505.0000	266.0000	0.1767	1507.0000
1000	0.7373	0.6358	0.5096	0.6700	0.1368	0.8221	19.8000	0.0942	1494.0000	254.0000	0.1700	1501.0000
