accuracy	proportion	density	fuzziness	coverage	purity	sounds	missing	ubound	clusters	props	patterns
1	0.7127	0.6407	0.5056	0.6662	0.0956	0.7875	19.2000	0.0933	1457.0000	272.0000	0.1867	1459.0000
2	0.6945	0.6424	0.5062	0.6994	0.1098	0.8111	19.6000	0.1030	1441.0000	255.0000	0.1770	1444.0000
3	0.6929	0.6374	0.5022	0.6920	0.1106	0.8079	19.3000	0.1066	1417.0000	251.0000	0.1771	1419.0000
4	0.6960	0.6403	0.5156	0.6699	0.1202	0.8028	19.7000	0.1101	1498.0000	267.0000	0.1782	1500.0000
5	0.7167	0.6370	0.4970	0.6782	0.1022	0.8144	19.8000	0.0869	1486.0000	267.0000	0.1797	1488.0000
6	0.6946	0.6395	0.5081	0.6595	0.1019	0.8025	19.4000	0.0983	1512.0000	261.0000	0.1726	1515.0000
7	0.7448	0.6457	0.5185	0.6860	0.1251	0.8281	19.8000	0.0964	1494.0000	265.0000	0.1774	1496.0000
8	0.7265	0.6354	0.5016	0.6906	0.1105	0.8084	19.5000	0.1010	1477.0000	266.0000	0.1801	1479.0000
9	0.7044	0.6407	0.5109	0.6850	0.1249	0.8300	19.4000	0.0866	1466.0000	250.0000	0.1705	1468.0000
10	0.7435	0.6391	0.5064	0.6905	0.1232	0.8243	19.5000	0.0955	1462.0000	250.0000	0.1710	1464.0000
11	0.7539	0.6345	0.5029	0.7071	0.1234	0.8271	19.5000	0.0922	1430.0000	267.0000	0.1867	1432.0000
12	0.7038	0.6374	0.5066	0.6686	0.1185	0.8150	19.5000	0.0885	1502.0000	255.0000	0.1698	1504.0000
13	0.7268	0.6395	0.5105	0.6735	0.1121	0.8261	19.9000	0.0855	1475.0000	258.0000	0.1749	1477.0000
14	0.7082	0.6391	0.5113	0.6770	0.1337	0.8210	19.6000	0.1070	1474.0000	254.0000	0.1723	1478.0000
15	0.6925	0.6436	0.5054	0.6798	0.1206	0.8080	19.4000	0.1107	1417.0000	277.0000	0.1955	1421.0000
16	0.7249	0.6432	0.5035	0.6846	0.1180	0.8209	19.6000	0.0875	1513.0000	265.0000	0.1751	1515.0000
17	0.7121	0.6403	0.5107	0.6822	0.1179	0.8086	19.3000	0.0958	1453.0000	271.0000	0.1865	1455.0000
18	0.6787	0.6415	0.5147	0.6755	0.1231	0.7970	19.5000	0.1133	1500.0000	273.0000	0.1820	1502.0000
19	0.6960	0.6325	0.4962	0.6621	0.0987	0.8018	19.6000	0.0968	1419.0000	261.0000	0.1839	1421.0000
20	0.7064	0.6370	0.5061	0.6800	0.1193	0.8130	19.9000	0.1131	1431.0000	271.0000	0.1894	1434.0000
21	0.7144	0.6407	0.5125	0.6788	0.1186	0.8050	19.4000	0.1154	1415.0000	274.0000	0.1936	1418.0000
22	0.7043	0.6415	0.5113	0.6788	0.1170	0.8214	19.8000	0.0914	1475.0000	250.0000	0.1695	1477.0000
23	0.7077	0.6465	0.5045	0.6836	0.0995	0.8148	19.6000	0.0951	1398.0000	259.0000	0.1853	1400.0000
24	0.7164	0.6395	0.5101	0.6864	0.1186	0.8237	19.7000	0.0964	1509.0000	262.0000	0.1736	1511.0000
25	0.7013	0.6415	0.5122	0.6647	0.1208	0.8200	19.7000	0.0969	1447.0000	266.0000	0.1838	1449.0000
26	0.7000	0.6407	0.5076	0.6671	0.0994	0.8002	19.4000	0.1065	1456.0000	267.0000	0.1834	1459.0000
27	0.7247	0.6370	0.5019	0.6528	0.1132	0.8128	19.4000	0.1050	1470.0000	274.0000	0.1864	1472.0000
28	0.7065	0.6428	0.5126	0.6843	0.1182	0.8166	19.6000	0.0895	1445.0000	260.0000	0.1799	1447.0000
29	0.6832	0.6366	0.4998	0.6925	0.1003	0.8085	19.3000	0.1048	1432.0000	252.0000	0.1760	1434.0000
30	0.6984	0.6362	0.4990	0.6986	0.1132	0.8105	19.5000	0.1003	1377.0000	251.0000	0.1823	1379.0000
31	0.6838	0.6424	0.5085	0.6754	0.1144	0.8102	19.3000	0.1016	1436.0000	266.0000	0.1852	1438.0000
32	0.6835	0.6366	0.5122	0.6695	0.1017	0.7971	19.4000	0.1230	1446.0000	273.0000	0.1888	1448.0000
33	0.7158	0.6419	0.5085	0.7010	0.1263	0.8059	19.7000	0.1082	1479.0000	265.0000	0.1792	1481.0000
34	0.7137	0.6386	0.5012	0.6724	0.1000	0.8012	19.7000	0.0924	1489.0000	268.0000	0.1800	1491.0000
35	0.7305	0.6358	0.5010	0.6553	0.1280	0.8082	19.5000	0.0948	1478.0000	262.0000	0.1773	1480.0000
36	0.7085	0.6358	0.4938	0.6552	0.1015	0.8077	19.3000	0.1059	1428.0000	273.0000	0.1912	1430.0000
37	0.6692	0.6436	0.5088	0.6774	0.1056	0.8128	19.7000	0.0913	1445.0000	270.0000	0.1869	1447.0000
38	0.7158	0.6424	0.5087	0.6796	0.1121	0.8256	19.4000	0.0901	1499.0000	252.0000	0.1681	1501.0000
39	0.7273	0.6374	0.5102	0.6800	0.1341	0.8254	19.2000	0.1030	1465.0000	253.0000	0.1727	1467.0000
40	0.7200	0.6407	0.5037	0.6614	0.1064	0.7936	19.5000	0.1097	1417.0000	295.0000	0.2082	1419.0000
41	0.7063	0.6349	0.5098	0.6867	0.1260	0.8129	19.4000	0.1021	1499.0000	257.0000	0.1714	1501.0000
42	0.6783	0.6448	0.5048	0.6864	0.0938	0.8102	19.7000	0.1100	1408.0000	269.0000	0.1911	1410.0000
43	0.7167	0.6362	0.5074	0.6818	0.1065	0.7946	19.9000	0.1031	1466.0000	272.0000	0.1855	1468.0000
44	0.7168	0.6349	0.5045	0.6872	0.1141	0.8127	19.8000	0.1115	1440.0000	254.0000	0.1764	1442.0000
45	0.7186	0.6378	0.4990	0.6810	0.1138	0.8125	19.1000	0.0954	1414.0000	266.0000	0.1881	1416.0000
46	0.7073	0.6349	0.5087	0.6684	0.1119	0.8093	19.6000	0.0979	1511.0000	250.0000	0.1655	1513.0000
47	0.7073	0.6366	0.5025	0.6597	0.1114	0.7896	19.6000	0.1255	1391.0000	269.0000	0.1934	1393.0000
48	0.6937	0.6411	0.5098	0.6806	0.1261	0.8162	19.7000	0.1194	1434.0000	272.0000	0.1897	1436.0000
49	0.7464	0.6354	0.5059	0.6581	0.1277	0.8143	19.5000	0.0860	1476.0000	255.0000	0.1728	1478.0000
50	0.7086	0.6354	0.5022	0.6783	0.1212	0.8190	19.5000	0.1007	1485.0000	265.0000	0.1785	1487.0000
51	0.7125	0.6399	0.5042	0.6880	0.1191	0.8185	19.3000	0.0955	1472.0000	265.0000	0.1800	1474.0000
52	0.7062	0.6325	0.4993	0.6629	0.1163	0.7994	19.2000	0.1138	1374.0000	275.0000	0.2001	1376.0000
53	0.6932	0.6370	0.4998	0.6658	0.1182	0.8068	19.4000	0.0936	1461.0000	250.0000	0.1711	1463.0000
54	0.6823	0.6399	0.5037	0.6682	0.0920	0.8018	19.5000	0.1087	1445.0000	273.0000	0.1889	1447.0000
55	0.7233	0.6411	0.5063	0.6604	0.1054	0.8083	19.8000	0.0910	1433.0000	271.0000	0.1891	1435.0000
56	0.6966	0.6382	0.5132	0.6545	0.1042	0.8091	19.3000	0.1084	1467.0000	268.0000	0.1827	1473.0000
57	0.7045	0.6341	0.5018	0.6908	0.1116	0.8196	19.8000	0.1047	1505.0000	259.0000	0.1721	1507.0000
58	0.7288	0.6366	0.5045	0.6602	0.1160	0.8150	19.5000	0.0892	1469.0000	263.0000	0.1790	1471.0000
59	0.6896	0.6362	0.5052	0.6861	0.1109	0.7993	19.4000	0.1025	1416.0000	268.0000	0.1893	1418.0000
60	0.7514	0.6391	0.5076	0.6769	0.1144	0.8136	19.3000	0.0853	1438.0000	253.0000	0.1759	1440.0000
61	0.7415	0.6358	0.5000	0.6778	0.1139	0.8121	19.5000	0.0912	1413.0000	265.0000	0.1875	1416.0000
62	0.7325	0.6382	0.5073	0.6582	0.1175	0.8151	19.2000	0.1012	1526.0000	254.0000	0.1664	1531.0000
63	0.6978	0.6354	0.5007	0.6779	0.0946	0.7946	19.6000	0.1197	1389.0000	280.0000	0.2016	1391.0000
64	0.7082	0.6374	0.4985	0.6584	0.1176	0.8048	19.5000	0.1072	1511.0000	266.0000	0.1760	1513.0000
65	0.7143	0.6436	0.5135	0.6765	0.1231	0.8204	19.5000	0.0991	1526.0000	263.0000	0.1723	1528.0000
66	0.7339	0.6407	0.5069	0.6818	0.1296	0.8214	19.6000	0.0858	1503.0000	269.0000	0.1790	1506.0000
67	0.7342	0.6382	0.4967	0.6817	0.1256	0.8185	19.3000	0.1019	1455.0000	255.0000	0.1753	1457.0000
68	0.7314	0.6370	0.5009	0.6761	0.1028	0.8092	19.6000	0.0859	1426.0000	278.0000	0.1950	1429.0000
69	0.7316	0.6403	0.5054	0.6835	0.1143	0.8208	19.6000	0.0907	1428.0000	263.0000	0.1842	1430.0000
70	0.7040	0.6321	0.4983	0.6851	0.1081	0.8082	19.4000	0.0920	1413.0000	262.0000	0.1854	1415.0000
71	0.7110	0.6407	0.5142	0.6877	0.1029	0.8063	19.8000	0.0984	1432.0000	272.0000	0.1899	1434.0000
72	0.7017	0.6391	0.5093	0.6964	0.1290	0.8249	19.6000	0.1014	1410.0000	248.0000	0.1759	1412.0000
73	0.7117	0.6399	0.5003	0.6665	0.1096	0.8041	19.6000	0.1036	1457.0000	266.0000	0.1826	1459.0000
74	0.6854	0.6362	0.4993	0.6773	0.1007	0.7939	19.5000	0.1045	1441.0000	277.0000	0.1922	1443.0000
75	0.7198	0.6419	0.5106	0.6762	0.1198	0.8171	19.8000	0.0907	1463.0000	261.0000	0.1784	1465.0000
76	0.7106	0.6386	0.5082	0.6674	0.1187	0.8168	19.6000	0.0915	1456.0000	261.0000	0.1793	1458.0000
77	0.7055	0.6395	0.5035	0.6731	0.1118	0.8202	19.2000	0.1038	1430.0000	258.0000	0.1804	1432.0000
78	0.7136	0.6370	0.5105	0.6910	0.1213	0.8198	19.6000	0.0991	1442.0000	267.0000	0.1852	1444.0000
79	0.6998	0.6382	0.5016	0.6559	0.1128	0.7980	19.5000	0.1100	1519.0000	280.0000	0.1843	1521.0000
80	0.6966	0.6345	0.5057	0.6683	0.0907	0.8021	19.6000	0.1010	1420.0000	272.0000	0.1915	1422.0000
81	0.6913	0.6374	0.5070	0.6742	0.1118	0.8117	19.7000	0.0896	1499.0000	264.0000	0.1761	1501.0000
82	0.7370	0.6354	0.4902	0.6734	0.1191	0.8095	19.5000	0.1078	1425.0000	269.0000	0.1888	1431.0000
83	0.7141	0.6395	0.5107	0.6782	0.1048	0.8111	19.7000	0.0879	1458.0000	252.0000	0.1728	1460.0000
84	0.7064	0.6378	0.5072	0.6913	0.1255	0.8210	19.8000	0.1011	1485.0000	256.0000	0.1724	1487.0000
85	0.6839	0.6349	0.5063	0.6629	0.0937	0.7990	19.6000	0.0944	1488.0000	279.0000	0.1875	1490.0000
86	0.6970	0.6370	0.4962	0.6583	0.1098	0.7992	19.5000	0.1132	1425.0000	284.0000	0.1993	1427.0000
87	0.7184	0.6432	0.5080	0.6481	0.0947	0.8007	19.6000	0.1015	1440.0000	263.0000	0.1826	1443.0000
88	0.7252	0.6436	0.5107	0.6569	0.1189	0.8072	19.6000	0.1026	1506.0000	273.0000	0.1813	1508.0000
89	0.7246	0.6428	0.5156	0.6942	0.1388	0.8332	19.6000	0.0953	1472.0000	249.0000	0.1692	1477.0000
90	0.7128	0.6403	0.5134	0.6665	0.0979	0.7929	19.8000	0.0980	1465.0000	292.0000	0.1993	1467.0000
91	0.7112	0.6345	0.4984	0.6552	0.1106	0.8008	19.6000	0.1076	1445.0000	266.0000	0.1841	1447.0000
92	0.6930	0.6419	0.5131	0.6846	0.1148	0.8171	19.5000	0.0935	1473.0000	256.0000	0.1738	1477.0000
93	0.6930	0.6345	0.5095	0.6904	0.1166	0.8004	19.2000	0.1063	1429.0000	255.0000	0.1784	1431.0000
94	0.6857	0.6407	0.4953	0.6805	0.1098	0.8069	19.8000	0.1066	1495.0000	256.0000	0.1712	1497.0000
95	0.7085	0.6399	0.5088	0.6787	0.1166	0.8089	19.2000	0.0986	1424.0000	264.0000	0.1854	1426.0000
96	0.7157	0.6415	0.5115	0.6805	0.1123	0.8223	19.6000	0.0901	1476.0000	253.0000	0.1714	1478.0000
97	0.7145	0.6362	0.4986	0.7018	0.1183	0.8204	19.6000	0.0811	1429.0000	259.0000	0.1812	1431.0000
98	0.7154	0.6358	0.5003	0.6599	0.1106	0.8072	19.3000	0.1026	1461.0000	260.0000	0.1780	1472.0000
99	0.7194	0.6419	0.5111	0.6873	0.1313	0.8168	19.7000	0.1080	1493.0000	265.0000	0.1775	1495.0000
100	0.7263	0.6395	0.5086	0.6682	0.1273	0.8225	19.8000	0.0950	1467.0000	257.0000	0.1752	1469.0000
101	0.7293	0.6407	0.5008	0.6949	0.1107	0.8049	19.7000	0.1168	1414.0000	271.0000	0.1917	1417.0000
102	0.7032	0.6349	0.5039	0.6770	0.0997	0.8061	19.5000	0.0917	1441.0000	248.0000	0.1721	1443.0000
103	0.6970	0.6419	0.5128	0.6813	0.1133	0.7985	19.7000	0.1136	1441.0000	277.0000	0.1922	1443.0000
104	0.7201	0.6354	0.5031	0.6725	0.1054	0.8063	19.4000	0.1110	1479.0000	268.0000	0.1812	1481.0000
105	0.7069	0.6424	0.5125	0.6761	0.1061	0.8077	19.8000	0.0948	1454.0000	275.0000	0.1891	1456.0000
106	0.6976	0.6378	0.5028	0.6806	0.1130	0.8148	19.6000	0.0965	1457.0000	261.0000	0.1791	1459.0000
107	0.7151	0.6349	0.5047	0.6958	0.1155	0.8169	19.5000	0.0939	1444.0000	255.0000	0.1766	1446.0000
108	0.6858	0.6432	0.5099	0.6819	0.1197	0.8019	19.7000	0.1133	1405.0000	276.0000	0.1964	1407.0000
109	0.7340	0.6391	0.5097	0.6806	0.1253	0.8225	19.7000	0.0910	1478.0000	254.0000	0.1719	1480.0000
110	0.6916	0.6395	0.5082	0.6855	0.1100	0.8157	19.4000	0.1042	1470.0000	266.0000	0.1810	1472.0000
111	0.6984	0.6415	0.5102	0.6850	0.1079	0.8177	19.7000	0.0939	1442.0000	255.0000	0.1768	1444.0000
112	0.7116	0.6419	0.5033	0.6653	0.1002	0.8013	19.6000	0.1004	1474.0000	270.0000	0.1832	1476.0000
113	0.7084	0.6374	0.5013	0.6715	0.1169	0.8058	19.5000	0.1069	1459.0000	258.0000	0.1768	1463.0000
114	0.7264	0.6386	0.5065	0.6716	0.1244	0.8166	19.4000	0.0925	1510.0000	269.0000	0.1781	1512.0000
115	0.7078	0.6370	0.5043	0.6673	0.1186	0.8065	19.6000	0.1152	1465.0000	279.0000	0.1904	1467.0000
116	0.6950	0.6370	0.5071	0.6649	0.1165	0.8007	19.6000	0.1134	1526.0000	286.0000	0.1874	1528.0000
117	0.7230	0.6378	0.5013	0.7027	0.1244	0.8185	19.6000	0.0920	1439.0000	256.0000	0.1779	1444.0000
118	0.7063	0.6382	0.5073	0.6730	0.1063	0.7972	19.6000	0.1025	1447.0000	282.0000	0.1949	1449.0000
119	0.6846	0.6407	0.5069	0.6574	0.1133	0.8087	19.8000	0.1017	1496.0000	263.0000	0.1758	1498.0000
120	0.6940	0.6354	0.5045	0.6621	0.0969	0.7813	19.6000	0.1043	1421.0000	266.0000	0.1872	1424.0000
121	0.7130	0.6382	0.5077	0.6781	0.1052	0.8028	19.5000	0.1128	1446.0000	270.0000	0.1867	1448.0000
122	0.6990	0.6308	0.5056	0.6730	0.1086	0.7982	19.7000	0.1141	1491.0000	271.0000	0.1818	1493.0000
123	0.7219	0.6411	0.5053	0.6727	0.1210	0.8032	19.8000	0.1044	1470.0000	277.0000	0.1884	1472.0000
124	0.6959	0.6436	0.5085	0.6863	0.1241	0.8082	19.5000	0.1182	1436.0000	267.0000	0.1859	1441.0000
125	0.6911	0.6419	0.5044	0.6697	0.1116	0.8232	19.8000	0.0763	1501.0000	255.0000	0.1699	1504.0000
126	0.6931	0.6399	0.5121	0.6741	0.0977	0.7962	19.5000	0.1150	1477.0000	272.0000	0.1842	1479.0000
127	0.7142	0.6403	0.5049	0.6908	0.1206	0.8029	19.4000	0.1231	1441.0000	270.0000	0.1874	1443.0000
128	0.7021	0.6341	0.5017	0.6761	0.1331	0.8210	19.4000	0.1010	1442.0000	253.0000	0.1755	1444.0000
129	0.6970	0.6333	0.5000	0.6687	0.1101	0.8122	19.6000	0.0902	1475.0000	262.0000	0.1776	1477.0000
130	0.7174	0.6378	0.5014	0.6910	0.1235	0.8243	19.5000	0.0888	1449.0000	256.0000	0.1767	1451.0000
131	0.6945	0.6395	0.5050	0.6959	0.1216	0.8297	19.3000	0.0924	1422.0000	245.0000	0.1723	1424.0000
132	0.7027	0.6415	0.5044	0.6578	0.1182	0.7879	19.4000	0.1262	1449.0000	273.0000	0.1884	1451.0000
133	0.7310	0.6432	0.5051	0.6877	0.1306	0.8212	19.8000	0.0920	1453.0000	258.0000	0.1776	1461.0000
134	0.7231	0.6399	0.5127	0.6632	0.1219	0.8101	19.5000	0.1001	1488.0000	270.0000	0.1815	1490.0000
135	0.6905	0.6312	0.4970	0.6754	0.1144	0.7990	19.5000	0.1072	1409.0000	271.0000	0.1923	1412.0000
136	0.6873	0.6366	0.5056	0.6654	0.1033	0.8160	19.6000	0.1059	1392.0000	255.0000	0.1832	1394.0000
137	0.7056	0.6415	0.5083	0.6649	0.0872	0.7965	19.6000	0.1121	1489.0000	277.0000	0.1860	1491.0000
138	0.6891	0.6399	0.5134	0.6818	0.0967	0.8010	19.8000	0.1103	1468.0000	271.0000	0.1846	1470.0000
139	0.7094	0.6419	0.5104	0.6649	0.1256	0.8195	19.7000	0.1090	1478.0000	261.0000	0.1766	1480.0000
140	0.7111	0.6403	0.5063	0.6627	0.1166	0.8092	19.1000	0.0972	1481.0000	265.0000	0.1789	1483.0000
141	0.6873	0.6399	0.5044	0.6783	0.0948	0.8102	19.8000	0.0913	1480.0000	261.0000	0.1764	1482.0000
142	0.6894	0.6395	0.5087	0.6911	0.1158	0.8126	19.5000	0.1021	1444.0000	260.0000	0.1801	1446.0000
143	0.6976	0.6403	0.5090	0.6891	0.1165	0.8079	19.8000	0.1087	1469.0000	264.0000	0.1797	1471.0000
144	0.7117	0.6382	0.5027	0.6837	0.1195	0.8130	19.8000	0.1108	1441.0000	268.0000	0.1860	1444.0000
145	0.6983	0.6391	0.5070	0.6754	0.1097	0.8021	19.4000	0.1008	1415.0000	276.0000	0.1951	1417.0000
146	0.7078	0.6403	0.5045	0.6696	0.1121	0.8007	19.6000	0.0957	1479.0000	274.0000	0.1853	1481.0000
147	0.7170	0.6374	0.5071	0.6744	0.1256	0.8138	19.3000	0.0995	1517.0000	274.0000	0.1806	1519.0000
148	0.7172	0.6337	0.5010	0.6881	0.0948	0.8090	19.5000	0.0992	1395.0000	261.0000	0.1871	1399.0000
149	0.7005	0.6428	0.5086	0.6841	0.1164	0.8164	19.5000	0.0909	1428.0000	261.0000	0.1828	1431.0000
150	0.7122	0.6391	0.5015	0.6821	0.1152	0.8066	19.5000	0.1179	1493.0000	269.0000	0.1802	1495.0000
151	0.7120	0.6382	0.5037	0.6808	0.1201	0.8054	19.5000	0.1131	1415.0000	261.0000	0.1845	1417.0000
152	0.7098	0.6386	0.5124	0.6608	0.1030	0.7980	19.2000	0.1073	1492.0000	279.0000	0.1870	1494.0000
153	0.7123	0.6403	0.5043	0.6859	0.1056	0.8111	19.4000	0.0966	1412.0000	265.0000	0.1877	1414.0000
154	0.7170	0.6370	0.5056	0.6666	0.1023	0.8021	19.3000	0.0920	1499.0000	265.0000	0.1768	1501.0000
155	0.7286	0.6395	0.5130	0.6677	0.1196	0.8133	19.5000	0.0909	1488.0000	268.0000	0.1801	1491.0000
156	0.7104	0.6391	0.5070	0.6673	0.1328	0.8262	19.8000	0.0906	1537.0000	254.0000	0.1653	1539.0000
157	0.7115	0.6391	0.5028	0.6946	0.1109	0.8179	19.7000	0.0909	1380.0000	255.0000	0.1848	1382.0000
158	0.7068	0.6403	0.5098	0.6703	0.1051	0.7929	19.6000	0.1342	1435.0000	275.0000	0.1916	1439.0000
159	0.7198	0.6341	0.4966	0.6891	0.0958	0.8122	19.6000	0.0963	1385.0000	254.0000	0.1834	1387.0000
160	0.7257	0.6407	0.5046	0.6995	0.1285	0.8110	19.8000	0.0999	1456.0000	264.0000	0.1813	1464.0000
161	0.7282	0.6391	0.5028	0.6743	0.1192	0.8090	19.4000	0.0936	1446.0000	277.0000	0.1916	1448.0000
162	0.6947	0.6391	0.5038	0.6678	0.1022	0.8022	19.3000	0.1035	1425.0000	273.0000	0.1916	1427.0000
163	0.7193	0.6444	0.5077	0.6691	0.1235	0.8173	19.6000	0.0950	1479.0000	249.0000	0.1684	1486.0000
164	0.6732	0.6415	0.5062	0.7014	0.1235	0.8230	19.4000	0.0999	1477.0000	254.0000	0.1720	1479.0000
165	0.7489	0.6419	0.5050	0.6779	0.1196	0.8276	19.6000	0.0800	1476.0000	264.0000	0.1789	1484.0000
166	0.7234	0.6403	0.5062	0.6711	0.1296	0.8154	19.4000	0.1087	1453.0000	263.0000	0.1810	1455.0000
167	0.6954	0.6403	0.5118	0.6716	0.1098	0.8135	19.8000	0.0984	1531.0000	264.0000	0.1724	1533.0000
168	0.7277	0.6333	0.5009	0.6668	0.1062	0.7941	19.8000	0.0899	1426.0000	273.0000	0.1914	1428.0000
169	0.7150	0.6382	0.5076	0.6673	0.1016	0.7985	19.9000	0.1011	1412.0000	265.0000	0.1877	1414.0000
170	0.7139	0.6411	0.5122	0.6688	0.1139	0.8207	19.4000	0.0934	1500.0000	263.0000	0.1753	1502.0000
171	0.6874	0.6407	0.5101	0.6572	0.1194	0.8005	19.8000	0.0995	1431.0000	263.0000	0.1838	1433.0000
172	0.7233	0.6395	0.5147	0.6707	0.1310	0.8176	19.5000	0.1005	1520.0000	248.0000	0.1632	1526.0000
173	0.6856	0.6419	0.5103	0.6773	0.1028	0.7987	19.4000	0.1015	1524.0000	276.0000	0.1811	1526.0000
174	0.7027	0.6382	0.4971	0.6725	0.1089	0.8112	19.6000	0.0949	1445.0000	265.0000	0.1834	1447.0000
175	0.7002	0.6374	0.5031	0.6815	0.1092	0.8011	19.4000	0.1197	1435.0000	274.0000	0.1909	1437.0000
176	0.7320	0.6432	0.5047	0.6728	0.1092	0.8021	19.9000	0.1108	1419.0000	264.0000	0.1860	1421.0000
177	0.6772	0.6407	0.5024	0.6547	0.1175	0.8083	19.5000	0.1162	1493.0000	262.0000	0.1755	1495.0000
178	0.7102	0.6411	0.5036	0.6729	0.1210	0.8168	19.9000	0.0914	1473.0000	267.0000	0.1813	1475.0000
179	0.6992	0.6395	0.5070	0.7017	0.1162	0.8113	19.7000	0.1052	1419.0000	254.0000	0.1790	1421.0000
180	0.7057	0.6362	0.5130	0.6810	0.1259	0.8174	19.6000	0.0898	1451.0000	259.0000	0.1785	1453.0000
181	0.6981	0.6386	0.5098	0.6730	0.0973	0.8015	19.4000	0.0867	1499.0000	270.0000	0.1801	1501.0000
182	0.7121	0.6391	0.5177	0.6853	0.1165	0.8100	19.5000	0.1059	1429.0000	278.0000	0.1945	1431.0000
183	0.7124	0.6415	0.5127	0.6667	0.1263	0.8182	19.8000	0.0969	1456.0000	267.0000	0.1834	1458.0000
184	0.7032	0.6382	0.5047	0.6942	0.1091	0.8050	19.8000	0.0777	1438.0000	263.0000	0.1829	1443.0000
185	0.7213	0.6362	0.5035	0.6894	0.1266	0.8199	19.6000	0.1038	1459.0000	257.0000	0.1761	1461.0000
186	0.7204	0.6349	0.4992	0.6583	0.1031	0.8142	19.5000	0.0917	1493.0000	260.0000	0.1741	1495.0000
187	0.7363	0.6415	0.5082	0.6745	0.1242	0.8154	19.5000	0.1039	1492.0000	264.0000	0.1769	1494.0000
188	0.7058	0.6362	0.5045	0.6919	0.1200	0.8182	19.5000	0.1088	1519.0000	259.0000	0.1705	1521.0000
189	0.7056	0.6403	0.5111	0.6834	0.1233	0.8224	19.5000	0.0902	1472.0000	254.0000	0.1726	1474.0000
190	0.7047	0.6358	0.5105	0.6835	0.1128	0.8139	19.7000	0.1067	1514.0000	260.0000	0.1717	1516.0000
191	0.7056	0.6358	0.5075	0.6649	0.1168	0.7966	19.5000	0.1182	1529.0000	284.0000	0.1857	1531.0000
192	0.7108	0.6395	0.5097	0.6790	0.1095	0.8117	19.4000	0.1033	1461.0000	262.0000	0.1793	1463.0000
193	0.7198	0.6419	0.5098	0.6736	0.1387	0.8210	19.5000	0.1007	1491.0000	264.0000	0.1771	1494.0000
194	0.7171	0.6391	0.5087	0.6608	0.1232	0.8029	19.4000	0.1054	1489.0000	274.0000	0.1840	1493.0000
195	0.7076	0.6415	0.5073	0.6718	0.1230	0.8131	19.4000	0.0954	1418.0000	261.0000	0.1841	1420.0000
196	0.7062	0.6403	0.5035	0.6762	0.1001	0.8081	19.7000	0.0963	1459.0000	255.0000	0.1748	1461.0000
197	0.7009	0.6415	0.5084	0.6616	0.1137	0.8091	19.6000	0.0996	1530.0000	267.0000	0.1745	1532.0000
198	0.7019	0.6341	0.5006	0.6628	0.1126	0.7953	19.6000	0.1206	1413.0000	271.0000	0.1918	1415.0000
199	0.6885	0.6395	0.5141	0.6803	0.1177	0.8020	19.6000	0.1117	1497.0000	267.0000	0.1784	1499.0000
200	0.7345	0.6304	0.5005	0.6652	0.0951	0.8110	19.8000	0.1050	1446.0000	267.0000	0.1846	1448.0000
201	0.7322	0.6349	0.5078	0.6816	0.1295	0.8215	19.4000	0.0847	1480.0000	248.0000	0.1676	1483.0000
202	0.7178	0.6333	0.5075	0.6793	0.1116	0.8121	19.5000	0.1025	1434.0000	259.0000	0.1806	1436.0000
203	0.6825	0.6354	0.5051	0.6816	0.1049	0.8035	19.5000	0.1055	1385.0000	267.0000	0.1928	1387.0000
204	0.7224	0.6407	0.5057	0.6793	0.1118	0.8131	19.7000	0.1006	1382.0000	251.0000	0.1816	1384.0000
205	0.6600	0.6370	0.5092	0.6781	0.1128	0.8099	19.4000	0.1045	1443.0000	246.0000	0.1705	1445.0000
206	0.7209	0.6403	0.5088	0.6740	0.1358	0.8243	19.6000	0.1089	1508.0000	260.0000	0.1724	1510.0000
207	0.7349	0.6370	0.5114	0.6771	0.1096	0.8121	19.7000	0.1097	1499.0000	264.0000	0.1761	1501.0000
208	0.7156	0.6395	0.5081	0.6632	0.0970	0.7889	19.7000	0.1160	1438.0000	286.0000	0.1989	1440.0000
209	0.7019	0.6366	0.5145	0.6736	0.1007	0.7948	19.3000	0.0965	1446.0000	276.0000	0.1909	1448.0000
210	0.7350	0.6386	0.5017	0.6847	0.1324	0.8259	19.4000	0.1003	1514.0000	251.0000	0.1658	1520.0000
211	0.7229	0.6370	0.5097	0.6816	0.1261	0.8206	19.4000	0.1006	1456.0000	273.0000	0.1875	1458.0000
212	0.7061	0.6370	0.4980	0.6872	0.1256	0.8276	19.7000	0.0828	1492.0000	242.0000	0.1622	1494.0000
213	0.7082	0.6341	0.5011	0.6768	0.1129	0.7969	19.3000	0.1200	1410.0000	272.0000	0.1929	1412.0000
214	0.7048	0.6358	0.5075	0.6730	0.1241	0.8027	19.8000	0.1023	1504.0000	261.0000	0.1735	1509.0000
215	0.6848	0.6399	0.5060	0.6514	0.1110	0.8089	19.7000	0.0956	1516.0000	261.0000	0.1722	1518.0000
216	0.7118	0.6461	0.5105	0.6818	0.1021	0.8125	19.4000	0.0836	1512.0000	266.0000	0.1759	1514.0000
217	0.7100	0.6436	0.5103	0.6631	0.1178	0.8150	19.9000	0.0929	1547.0000	268.0000	0.1732	1549.0000
218	0.7091	0.6403	0.5036	0.6775	0.1119	0.8123	19.2000	0.1056	1478.0000	276.0000	0.1867	1480.0000
219	0.6942	0.6374	0.5063	0.6687	0.1144	0.8144	19.3000	0.0901	1468.0000	269.0000	0.1832	1470.0000
220	0.7276	0.6419	0.5120	0.6623	0.1192	0.8192	19.8000	0.0890	1539.0000	262.0000	0.1702	1541.0000
221	0.7129	0.6370	0.5064	0.6938	0.1167	0.8076	19.8000	0.1189	1410.0000	267.0000	0.1894	1415.0000
222	0.7185	0.6399	0.5051	0.6776	0.1136	0.8007	19.8000	0.1180	1439.0000	273.0000	0.1897	1441.0000
223	0.7008	0.6452	0.5106	0.6673	0.1200	0.8118	19.5000	0.1196	1466.0000	279.0000	0.1903	1470.0000
224	0.7045	0.6386	0.5005	0.6903	0.1159	0.8178	19.7000	0.1007	1485.0000	246.0000	0.1657	1487.0000
225	0.7214	0.6333	0.4985	0.6798	0.1231	0.8129	19.2000	0.1092	1410.0000	264.0000	0.1872	1414.0000
226	0.7271	0.6370	0.5080	0.6726	0.1094	0.8302	19.2000	0.0838	1484.0000	238.0000	0.1604	1487.0000
227	0.7156	0.6428	0.5184	0.6666	0.1340	0.8162	19.5000	0.1079	1477.0000	265.0000	0.1794	1479.0000
228	0.7281	0.6403	0.5138	0.6974	0.1323	0.8114	19.5000	0.1104	1411.0000	261.0000	0.1850	1414.0000
229	0.7231	0.6411	0.5058	0.6704	0.1163	0.8023	19.6000	0.0923	1414.0000	264.0000	0.1867	1416.0000
230	0.7238	0.6378	0.5124	0.6784	0.1316	0.8198	19.7000	0.1108	1518.0000	259.0000	0.1706	1522.0000
231	0.7327	0.6440	0.5172	0.6797	0.1267	0.8182	19.5000	0.0933	1475.0000	258.0000	0.1749	1478.0000
232	0.7036	0.6411	0.5051	0.6780	0.1290	0.8121	19.5000	0.1132	1478.0000	267.0000	0.1806	1480.0000
233	0.6942	0.6378	0.5056	0.6698	0.1186	0.8180	19.6000	0.0892	1518.0000	267.0000	0.1759	1520.0000
234	0.7275	0.6362	0.5055	0.6785	0.1286	0.8087	19.8000	0.0968	1493.0000	254.0000	0.1701	1499.0000
235	0.7099	0.6428	0.5153	0.6854	0.1196	0.8170	19.9000	0.0996	1452.0000	269.0000	0.1853	1454.0000
236	0.7041	0.6370	0.5091	0.6742	0.1178	0.8159	19.8000	0.1030	1471.0000	260.0000	0.1768	1473.0000
237	0.7166	0.6415	0.5072	0.6763	0.1248	0.8158	19.7000	0.0996	1487.0000	279.0000	0.1876	1489.0000
238	0.7025	0.6378	0.5072	0.6691	0.1088	0.8205	19.5000	0.0982	1434.0000	263.0000	0.1834	1436.0000
239	0.7061	0.6448	0.5103	0.6689	0.1239	0.8145	19.3000	0.1022	1507.0000	264.0000	0.1752	1509.0000
240	0.6983	0.6345	0.5112	0.6651	0.1360	0.8190	19.5000	0.1126	1443.0000	255.0000	0.1767	1447.0000
241	0.6984	0.6378	0.5053	0.6808	0.1100	0.7990	19.6000	0.1166	1443.0000	274.0000	0.1899	1445.0000
242	0.7242	0.6432	0.5101	0.6661	0.1215	0.8073	19.5000	0.1016	1443.0000	274.0000	0.1899	1445.0000
243	0.7070	0.6349	0.5110	0.6782	0.1256	0.8077	19.4000	0.1115	1443.0000	257.0000	0.1781	1445.0000
244	0.7348	0.6436	0.5102	0.6682	0.1206	0.8098	19.5000	0.1153	1466.0000	263.0000	0.1794	1468.0000
245	0.7213	0.6391	0.4994	0.6810	0.1119	0.8136	19.7000	0.1026	1462.0000	259.0000	0.1772	1464.0000
246	0.7050	0.6411	0.5011	0.6902	0.1065	0.8258	19.5000	0.0841	1415.0000	264.0000	0.1866	1417.0000
247	0.6807	0.6411	0.5094	0.6656	0.0986	0.7948	19.3000	0.1029	1500.0000	274.0000	0.1827	1503.0000
248	0.7214	0.6424	0.5211	0.6716	0.1263	0.8233	19.8000	0.0893	1475.0000	258.0000	0.1749	1477.0000
249	0.6700	0.6382	0.5055	0.6605	0.1155	0.8171	19.6000	0.1046	1503.0000	258.0000	0.1717	1505.0000
250	0.6946	0.6345	0.5016	0.6779	0.1151	0.8163	19.5000	0.1039	1422.0000	255.0000	0.1793	1424.0000
251	0.7287	0.6399	0.5152	0.6875	0.1211	0.8180	19.7000	0.0883	1470.0000	261.0000	0.1776	1472.0000
252	0.7241	0.6341	0.4993	0.6870	0.1203	0.8110	19.4000	0.1191	1460.0000	268.0000	0.1836	1462.0000
253	0.7230	0.6370	0.5001	0.6610	0.1134	0.8165	19.6000	0.0996	1461.0000	273.0000	0.1869	1463.0000
254	0.7036	0.6452	0.5046	0.6899	0.1105	0.8100	19.5000	0.0932	1421.0000	263.0000	0.1851	1423.0000
255	0.7139	0.6424	0.5085	0.6778	0.1117	0.8068	19.4000	0.1061	1490.0000	269.0000	0.1805	1493.0000
256	0.7199	0.6432	0.5056	0.6791	0.1132	0.7983	19.4000	0.1273	1418.0000	273.0000	0.1925	1420.0000
257	0.7223	0.6444	0.5131	0.6577	0.1173	0.8140	19.7000	0.1044	1520.0000	275.0000	0.1809	1524.0000
258	0.7400	0.6325	0.5025	0.6689	0.1161	0.8101	19.3000	0.0972	1441.0000	260.0000	0.1804	1443.0000
259	0.7328	0.6374	0.5061	0.6764	0.1253	0.8335	19.6000	0.0944	1432.0000	235.0000	0.1641	1435.0000
260	0.7145	0.6399	0.5100	0.6772	0.1321	0.8154	19.5000	0.1053	1478.0000	252.0000	0.1705	1484.0000
261	0.7123	0.6407	0.5054	0.7026	0.1183	0.8135	19.7000	0.1033	1435.0000	263.0000	0.1833	1437.0000
262	0.7083	0.6444	0.5121	0.6735	0.1133	0.8207	19.3000	0.0935	1437.0000	257.0000	0.1788	1439.0000
263	0.7028	0.6415	0.5123	0.6750	0.1072	0.8086	19.6000	0.0967	1486.0000	276.0000	0.1857	1488.0000
264	0.7141	0.6403	0.5027	0.6677	0.1033	0.8146	19.5000	0.0886	1451.0000	249.0000	0.1716	1453.0000
265	0.7300	0.6395	0.5108	0.6823	0.1069	0.8144	19.4000	0.0947	1470.0000	269.0000	0.1830	1472.0000
266	0.7074	0.6362	0.5087	0.6784	0.1166	0.8219	19.5000	0.0851	1505.0000	257.0000	0.1708	1507.0000
267	0.6904	0.6399	0.5133	0.6698	0.0957	0.7999	19.6000	0.0967	1469.0000	263.0000	0.1790	1471.0000
268	0.7107	0.6399	0.5082	0.6741	0.1155	0.8120	19.9000	0.1018	1434.0000	267.0000	0.1862	1437.0000
269	0.7002	0.6428	0.5103	0.6799	0.0965	0.7940	20.0000	0.1070	1524.0000	278.0000	0.1824	1526.0000
270	0.6923	0.6358	0.5092	0.6745	0.1212	0.8207	19.5000	0.0993	1469.0000	260.0000	0.1770	1471.0000
271	0.7058	0.6354	0.5026	0.6915	0.1044	0.8138	19.4000	0.1010	1433.0000	252.0000	0.1759	1435.0000
272	0.7142	0.6415	0.5049	0.6974	0.1249	0.8147	19.6000	0.1076	1416.0000	267.0000	0.1886	1418.0000
273	0.7017	0.6354	0.5023	0.6752	0.0951	0.8075	19.5000	0.1018	1457.0000	272.0000	0.1867	1459.0000
274	0.7003	0.6366	0.5032	0.6901	0.0979	0.8122	19.8000	0.0927	1452.0000	263.0000	0.1811	1454.0000
275	0.7272	0.6349	0.5015	0.6536	0.1095	0.8152	19.7000	0.1023	1496.0000	263.0000	0.1758	1498.0000
276	0.7129	0.6419	0.5092	0.7030	0.1025	0.8108	19.3000	0.1057	1440.0000	260.0000	0.1806	1444.0000
277	0.7261	0.6415	0.5109	0.6674	0.1193	0.8170	19.7000	0.1015	1431.0000	263.0000	0.1838	1433.0000
278	0.7133	0.6366	0.5137	0.6953	0.1042	0.8092	19.0000	0.1080	1485.0000	257.0000	0.1731	1487.0000
279	0.7114	0.6407	0.5126	0.6577	0.1023	0.8070	19.3000	0.0897	1511.0000	269.0000	0.1780	1513.0000
280	0.6832	0.6386	0.5166	0.6733	0.0928	0.8004	19.5000	0.1059	1524.0000	272.0000	0.1785	1526.0000
281	0.6992	0.6432	0.5162	0.6750	0.1271	0.8130	19.5000	0.0981	1496.0000	262.0000	0.1751	1499.0000
282	0.7498	0.6374	0.5165	0.6765	0.1325	0.8194	19.9000	0.0932	1455.0000	251.0000	0.1725	1458.0000
283	0.7058	0.6345	0.5029	0.6614	0.1115	0.8051	19.4000	0.1032	1497.0000	278.0000	0.1857	1499.0000
284	0.6934	0.6374	0.5031	0.6765	0.1067	0.8113	19.6000	0.1073	1507.0000	265.0000	0.1758	1509.0000
285	0.7268	0.6424	0.5119	0.6882	0.1283	0.8208	19.7000	0.0942	1464.0000	251.0000	0.1714	1467.0000
286	0.7096	0.6349	0.5094	0.6858	0.1234	0.8147	19.5000	0.1076	1477.0000	261.0000	0.1767	1479.0000
287	0.7067	0.6378	0.5067	0.6832	0.1067	0.8022	19.2000	0.1036	1443.0000	273.0000	0.1892	1445.0000
288	0.6900	0.6407	0.5051	0.6630	0.1169	0.8047	19.6000	0.1058	1520.0000	273.0000	0.1796	1524.0000
289	0.6984	0.6407	0.5128	0.6685	0.1292	0.8231	19.7000	0.1066	1513.0000	257.0000	0.1699	1515.0000
290	0.6970	0.6403	0.5065	0.6854	0.1224	0.8214	19.4000	0.0964	1469.0000	257.0000	0.1749	1471.0000
291	0.6596	0.6415	0.5087	0.6786	0.0986	0.8018	19.5000	0.1182	1477.0000	274.0000	0.1855	1479.0000
292	0.7096	0.6382	0.5036	0.6766	0.1139	0.7999	19.3000	0.1062	1382.0000	260.0000	0.1881	1384.0000
293	0.7194	0.6358	0.5037	0.6952	0.1109	0.8066	19.4000	0.0995	1388.0000	267.0000	0.1924	1390.0000
294	0.7136	0.6362	0.5068	0.6964	0.1085	0.8175	19.5000	0.0995	1438.0000	253.0000	0.1759	1440.0000
295	0.7055	0.6345	0.4998	0.6624	0.0930	0.7965	19.8000	0.1057	1425.0000	271.0000	0.1902	1427.0000
296	0.7050	0.6386	0.5015	0.6706	0.1203	0.8004	19.8000	0.1067	1494.0000	268.0000	0.1794	1497.0000
297	0.7201	0.6432	0.5147	0.6842	0.1291	0.8154	19.3000	0.1028	1478.0000	260.0000	0.1759	1480.0000
298	0.7145	0.6407	0.4986	0.6843	0.1180	0.8170	19.7000	0.0846	1424.0000	261.0000	0.1833	1426.0000
299	0.7253	0.6419	0.5021	0.6511	0.1094	0.8042	19.4000	0.1089	1466.0000	274.0000	0.1869	1468.0000
300	0.7016	0.6407	0.5136	0.6972	0.0995	0.8090	19.3000	0.0947	1467.0000	269.0000	0.1834	1469.0000
301	0.7348	0.6465	0.5047	0.6710	0.1242	0.8171	19.7000	0.0931	1461.0000	263.0000	0.1800	1463.0000
302	0.6865	0.6366	0.5097	0.7017	0.1186	0.8211	19.6000	0.1019	1441.0000	247.0000	0.1714	1444.0000
303	0.6995	0.6354	0.5017	0.6880	0.1037	0.8103	19.7000	0.0951	1468.0000	270.0000	0.1839	1470.0000
304	0.7184	0.6415	0.5077	0.6840	0.1250	0.8130	19.5000	0.1160	1504.0000	262.0000	0.1742	1507.0000
305	0.7150	0.6411	0.5116	0.6663	0.1204	0.8191	19.6000	0.0943	1532.0000	262.0000	0.1710	1535.0000
306	0.7119	0.6395	0.5062	0.6817	0.1029	0.8033	19.5000	0.1058	1435.0000	274.0000	0.1909	1437.0000
307	0.7003	0.6465	0.5061	0.6915	0.1189	0.8084	19.6000	0.1182	1492.0000	276.0000	0.1850	1494.0000
308	0.7215	0.6448	0.5089	0.6594	0.1273	0.8088	19.5000	0.1170	1471.0000	275.0000	0.1869	1473.0000
309	0.7024	0.6362	0.4987	0.6611	0.1111	0.7982	19.7000	0.1102	1438.0000	267.0000	0.1857	1440.0000
310	0.7168	0.6362	0.5026	0.6988	0.1059	0.8042	19.3000	0.1084	1402.0000	271.0000	0.1933	1404.0000
311	0.7235	0.6403	0.5122	0.6756	0.1173	0.8125	19.7000	0.1059	1469.0000	263.0000	0.1790	1471.0000
312	0.7221	0.6337	0.5116	0.6746	0.1160	0.8117	19.3000	0.1096	1498.0000	261.0000	0.1742	1500.0000
313	0.7186	0.6419	0.5111	0.6941	0.1113	0.8119	19.4000	0.1147	1461.0000	256.0000	0.1752	1463.0000
314	0.7223	0.6452	0.5113	0.6684	0.1278	0.8085	19.5000	0.1056	1461.0000	266.0000	0.1821	1469.0000
315	0.7170	0.6366	0.5067	0.6723	0.1128	0.8087	19.7000	0.1065	1405.0000	257.0000	0.1829	1407.0000
316	0.6990	0.6378	0.5089	0.6875	0.0968	0.8076	19.5000	0.0911	1480.0000	269.0000	0.1818	1482.0000
317	0.6921	0.6349	0.4986	0.6924	0.1078	0.8036	19.8000	0.1218	1456.0000	279.0000	0.1916	1458.0000
318	0.6949	0.6358	0.5053	0.6957	0.1113	0.8053	19.4000	0.1070	1422.0000	258.0000	0.1814	1424.0000
319	0.7122	0.6370	0.5032	0.6794	0.1241	0.8111	19.6000	0.1084	1428.0000	258.0000	0.1807	1431.0000
320	0.7217	0.6432	0.5117	0.6723	0.1182	0.8184	19.6000	0.1089	1475.0000	275.0000	0.1864	1477.0000
321	0.7524	0.6386	0.5021	0.6665	0.1113	0.8234	19.6000	0.1038	1423.0000	265.0000	0.1862	1425.0000
322	0.6779	0.6424	0.5096	0.6707	0.0930	0.7999	19.8000	0.1043	1504.0000	268.0000	0.1782	1506.0000
323	0.6920	0.6370	0.5076	0.6890	0.1149	0.8204	19.8000	0.0931	1415.0000	245.0000	0.1731	1417.0000
324	0.6966	0.6419	0.5116	0.6800	0.1006	0.8061	19.6000	0.0931	1480.0000	261.0000	0.1764	1483.0000
325	0.7225	0.6403	0.5059	0.6979	0.1348	0.8137	19.4000	0.0991	1459.0000	256.0000	0.1755	1464.0000
326	0.7248	0.6415	0.5093	0.6898	0.1203	0.8191	19.6000	0.0861	1460.0000	254.0000	0.1740	1462.0000
327	0.7249	0.6395	0.5021	0.6926	0.1116	0.8031	19.5000	0.1080	1393.0000	271.0000	0.1945	1395.0000
328	0.7131	0.6403	0.5034	0.6766	0.1235	0.8093	19.7000	0.1033	1470.0000	259.0000	0.1762	1476.0000
329	0.7019	0.6395	0.4992	0.6643	0.1196	0.8154	19.5000	0.1098	1496.0000	269.0000	0.1798	1498.0000
330	0.7117	0.6395	0.5106	0.6700	0.1061	0.8042	19.8000	0.1183	1437.0000	267.0000	0.1858	1442.0000
331	0.7111	0.6415	0.5101	0.6765	0.1149	0.8131	19.1000	0.0920	1475.0000	269.0000	0.1824	1477.0000
332	0.7172	0.6415	0.5146	0.6912	0.1246	0.8180	19.3000	0.1087	1448.0000	257.0000	0.1775	1451.0000
333	0.6894	0.6395	0.5023	0.6716	0.1265	0.8128	19.6000	0.1180	1461.0000	261.0000	0.1786	1463.0000
334	0.7123	0.6419	0.5151	0.6757	0.1177	0.7986	19.4000	0.1185	1441.0000	270.0000	0.1874	1444.0000
335	0.6791	0.6469	0.5177	0.6728	0.1085	0.8043	19.4000	0.1074	1526.0000	280.0000	0.1835	1528.0000
336	0.6959	0.6382	0.5140	0.6906	0.1182	0.8138	19.7000	0.0975	1480.0000	265.0000	0.1791	1482.0000
337	0.7128	0.6415	0.5157	0.6851	0.1376	0.8198	19.5000	0.1059	1516.0000	253.0000	0.1669	1518.0000
338	0.7246	0.6333	0.5014	0.6743	0.1005	0.8092	19.8000	0.0998	1432.0000	270.0000	0.1885	1434.0000
339	0.7167	0.6391	0.5040	0.6975	0.1267	0.8233	19.7000	0.0906	1425.0000	248.0000	0.1740	1427.0000
340	0.7376	0.6382	0.5036	0.6776	0.1276	0.8197	19.4000	0.0970	1461.0000	255.0000	0.1745	1464.0000
341	0.7132	0.6370	0.4987	0.6726	0.1208	0.8165	19.5000	0.0960	1497.0000	262.0000	0.1750	1499.0000
342	0.7157	0.6428	0.5060	0.6637	0.1085	0.7972	19.7000	0.1007	1469.0000	268.0000	0.1824	1472.0000
343	0.7157	0.6399	0.5118	0.6689	0.1175	0.8051	19.4000	0.1088	1472.0000	270.0000	0.1834	1476.0000
344	0.7100	0.6395	0.5074	0.6737	0.1217	0.8132	19.3000	0.0946	1416.0000	257.0000	0.1815	1419.0000
345	0.6919	0.6432	0.5121	0.6911	0.1340	0.8181	19.5000	0.0837	1433.0000	256.0000	0.1786	1435.0000
346	0.7042	0.6345	0.4985	0.6756	0.0979	0.8091	19.7000	0.0886	1500.0000	265.0000	0.1767	1502.0000
347	0.7132	0.6341	0.5065	0.6760	0.1055	0.8062	19.9000	0.0908	1456.0000	256.0000	0.1758	1458.0000
348	0.6971	0.6358	0.5018	0.6820	0.1092	0.8143	19.5000	0.1073	1407.0000	274.0000	0.1947	1409.0000
349	0.6995	0.6382	0.5075	0.6721	0.1076	0.8109	19.7000	0.0903	1490.0000	273.0000	0.1832	1492.0000
350	0.7226	0.6354	0.5001	0.6666	0.1187	0.8109	19.9000	0.1005	1471.0000	266.0000	0.1808	1473.0000
351	0.7121	0.6457	0.5055	0.6459	0.1065	0.7961	19.5000	0.1130	1540.0000	279.0000	0.1812	1542.0000
352	0.7005	0.6382	0.5114	0.6809	0.1296	0.8207	19.6000	0.0982	1440.0000	252.0000	0.1750	1442.0000
353	0.7043	0.6308	0.5017	0.6909	0.1065	0.8101	19.3000	0.0930	1464.0000	262.0000	0.1790	1466.0000
354	0.7125	0.6354	0.5054	0.6585	0.0961	0.7925	19.8000	0.1026	1452.0000	283.0000	0.1949	1454.0000
355	0.7301	0.6366	0.5042	0.6731	0.1110	0.8164	20.0000	0.1099	1420.0000	260.0000	0.1831	1426.0000
356	0.7111	0.6370	0.5093	0.6626	0.1193	0.8196	19.7000	0.0949	1461.0000	268.0000	0.1834	1463.0000
357	0.7178	0.6411	0.5029	0.6651	0.1134	0.8023	19.3000	0.0811	1459.0000	261.0000	0.1789	1461.0000
358	0.7147	0.6399	0.5066	0.6677	0.1199	0.8212	19.8000	0.1043	1460.0000	261.0000	0.1788	1463.0000
359	0.7048	0.6436	0.5087	0.7001	0.1259	0.8164	19.6000	0.1062	1475.0000	260.0000	0.1763	1481.0000
360	0.7128	0.6457	0.5138	0.6993	0.1096	0.8063	19.6000	0.1006	1425.0000	255.0000	0.1789	1427.0000
361	0.7137	0.6461	0.5150	0.6991	0.1292	0.8074	19.7000	0.1150	1446.0000	265.0000	0.1833	1448.0000
362	0.7179	0.6399	0.5106	0.6828	0.1234	0.8065	19.5000	0.0945	1455.0000	264.0000	0.1814	1457.0000
363	0.7007	0.6382	0.5076	0.6735	0.0922	0.8091	19.2000	0.0767	1492.0000	258.0000	0.1729	1494.0000
364	0.7039	0.6444	0.5087	0.6872	0.1189	0.8158	19.7000	0.0850	1437.0000	263.0000	0.1830	1439.0000
365	0.7107	0.6411	0.5041	0.6627	0.1136	0.8080	19.5000	0.0983	1455.0000	268.0000	0.1842	1457.0000
366	0.7031	0.6411	0.5213	0.6877	0.1119	0.8159	19.5000	0.0972	1471.0000	246.0000	0.1672	1473.0000
367	0.7330	0.6382	0.5110	0.6798	0.1352	0.8311	19.7000	0.0848	1465.0000	253.0000	0.1727	1473.0000
368	0.6719	0.6448	0.5156	0.6775	0.1052	0.8083	19.3000	0.0907	1556.0000	275.0000	0.1767	1558.0000
369	0.7025	0.6382	0.5069	0.6663	0.0985	0.8071	19.3000	0.1007	1463.0000	273.0000	0.1866	1465.0000
370	0.6876	0.6395	0.5135	0.6859	0.1227	0.8114	19.5000	0.1095	1513.0000	263.0000	0.1738	1515.0000
371	0.7210	0.6358	0.5096	0.6752	0.1150	0.8083	19.7000	0.1067	1460.0000	272.0000	0.1863	1462.0000
372	0.6769	0.6440	0.5111	0.6546	0.1160	0.8038	19.1000	0.1045	1494.0000	269.0000	0.1801	1496.0000
373	0.7083	0.6374	0.5127	0.6928	0.1164	0.8171	19.5000	0.0928	1498.0000	266.0000	0.1776	1500.0000
374	0.7355	0.6415	0.5049	0.6826	0.1363	0.8219	19.7000	0.1022	1481.0000	254.0000	0.1715	1484.0000
375	0.7215	0.6444	0.5028	0.6790	0.1298	0.8158	19.3000	0.1097	1437.0000	258.0000	0.1795	1442.0000
376	0.6976	0.6374	0.5020	0.6576	0.1216	0.8178	19.3000	0.1010	1471.0000	262.0000	0.1781	1473.0000
377	0.7011	0.6358	0.5129	0.7096	0.1122	0.8190	19.6000	0.1018	1426.0000	248.0000	0.1739	1435.0000
378	0.7353	0.6391	0.5028	0.6610	0.1160	0.8123	19.5000	0.0982	1393.0000	268.0000	0.1924	1395.0000
379	0.6772	0.6370	0.5068	0.6893	0.1011	0.8065	19.5000	0.1094	1465.0000	261.0000	0.1782	1467.0000
380	0.7085	0.6362	0.4972	0.6691	0.1032	0.8002	19.6000	0.1044	1423.0000	255.0000	0.1792	1425.0000
381	0.7022	0.6374	0.5120	0.6792	0.1135	0.8140	19.2000	0.0831	1415.0000	247.0000	0.1746	1417.0000
382	0.6976	0.6448	0.5163	0.6585	0.0965	0.8039	19.4000	0.0981	1491.0000	271.0000	0.1818	1493.0000
383	0.7305	0.6424	0.5069	0.6658	0.1272	0.8206	19.3000	0.0958	1486.0000	258.0000	0.1736	1491.0000
384	0.7180	0.6386	0.5028	0.6715	0.0903	0.7892	19.4000	0.1068	1444.0000	280.0000	0.1939	1446.0000
385	0.7042	0.6382	0.5033	0.6646	0.0968	0.7831	19.6000	0.1198	1503.0000	286.0000	0.1903	1505.0000
386	0.6993	0.6370	0.5054	0.6995	0.0991	0.8061	19.6000	0.1110	1440.0000	263.0000	0.1826	1442.0000
387	0.6969	0.6403	0.5082	0.6625	0.1291	0.8028	19.8000	0.1106	1516.0000	274.0000	0.1807	1518.0000
388	0.7233	0.6325	0.5003	0.6814	0.0988	0.7979	19.5000	0.1104	1472.0000	279.0000	0.1895	1474.0000
389	0.6814	0.6382	0.5077	0.6773	0.1273	0.8329	19.4000	0.0870	1506.0000	252.0000	0.1673	1508.0000
390	0.7086	0.6432	0.5061	0.6756	0.1167	0.8022	19.7000	0.1116	1438.0000	277.0000	0.1926	1440.0000
391	0.6986	0.6403	0.5007	0.6639	0.1073	0.8108	19.5000	0.0949	1443.0000	250.0000	0.1733	1445.0000
392	0.7079	0.6395	0.5138	0.6630	0.1052	0.8004	19.9000	0.1061	1458.0000	270.0000	0.1852	1460.0000
393	0.6815	0.6362	0.5105	0.6912	0.1089	0.8099	19.5000	0.1213	1471.0000	247.0000	0.1679	1473.0000
394	0.7029	0.6395	0.5085	0.6733	0.1326	0.8184	19.3000	0.1029	1474.0000	270.0000	0.1832	1476.0000
395	0.6835	0.6366	0.5034	0.6670	0.0835	0.7935	19.7000	0.0946	1478.0000	269.0000	0.1820	1480.0000
396	0.6990	0.6436	0.5100	0.6784	0.1111	0.8091	19.4000	0.1125	1490.0000	275.0000	0.1846	1492.0000
397	0.7129	0.6461	0.5216	0.6962	0.1408	0.8249	19.6000	0.1083	1474.0000	246.0000	0.1669	1479.0000
398	0.7262	0.6407	0.5104	0.6818	0.1212	0.8113	19.6000	0.1030	1471.0000	261.0000	0.1774	1473.0000
399	0.6968	0.6391	0.5050	0.6554	0.1200	0.8043	19.6000	0.0940	1537.0000	268.0000	0.1744	1541.0000
400	0.6860	0.6349	0.4990	0.6833	0.1046	0.7984	19.5000	0.1185	1415.0000	270.0000	0.1908	1417.0000
401	0.7082	0.6395	0.5091	0.6814	0.1148	0.8100	19.5000	0.0917	1467.0000	270.0000	0.1840	1472.0000
402	0.7225	0.6329	0.5015	0.6760	0.1176	0.8167	19.6000	0.1087	1459.0000	253.0000	0.1734	1461.0000
403	0.7105	0.6362	0.5069	0.6657	0.1159	0.8135	19.5000	0.0978	1485.0000	250.0000	0.1684	1488.0000
404	0.6857	0.6386	0.5042	0.6762	0.0987	0.8047	19.9000	0.0906	1518.0000	269.0000	0.1772	1520.0000
405	0.7128	0.6366	0.5081	0.6690	0.0977	0.8085	19.3000	0.1092	1439.0000	266.0000	0.1849	1441.0000
406	0.7211	0.6399	0.5100	0.6692	0.1060	0.8032	19.4000	0.1160	1449.0000	268.0000	0.1850	1451.0000
407	0.6932	0.6440	0.5097	0.6799	0.1211	0.8128	20.0000	0.1128	1484.0000	269.0000	0.1813	1486.0000
408	0.7137	0.6411	0.5089	0.6857	0.1160	0.8043	19.6000	0.1192	1402.0000	272.0000	0.1940	1404.0000
409	0.7359	0.6407	0.5041	0.6640	0.1147	0.8134	19.5000	0.0959	1429.0000	269.0000	0.1882	1431.0000
410	0.6649	0.6370	0.5036	0.6696	0.0873	0.7969	19.4000	0.1077	1450.0000	275.0000	0.1897	1452.0000
411	0.6820	0.6432	0.5110	0.6783	0.1159	0.8066	19.3000	0.1184	1464.0000	279.0000	0.1906	1466.0000
412	0.6934	0.6391	0.5095	0.6810	0.1138	0.8093	20.0000	0.0941	1466.0000	261.0000	0.1780	1468.0000
413	0.7113	0.6378	0.5086	0.6805	0.1253	0.8223	19.7000	0.0961	1463.0000	257.0000	0.1757	1465.0000
414	0.6973	0.6345	0.5047	0.6779	0.1162	0.8099	19.8000	0.1018	1521.0000	264.0000	0.1736	1523.0000
415	0.6950	0.6378	0.5063	0.6961	0.1155	0.8216	19.4000	0.1083	1467.0000	247.0000	0.1684	1470.0000
416	0.7157	0.6391	0.5043	0.6748	0.1121	0.8042	19.8000	0.1002	1454.0000	278.0000	0.1912	1456.0000
417	0.6993	0.6345	0.5071	0.6653	0.1280	0.8187	19.5000	0.0958	1493.0000	260.0000	0.1741	1495.0000
418	0.7148	0.6391	0.5018	0.6724	0.1174	0.8145	19.6000	0.0943	1488.0000	267.0000	0.1794	1490.0000
419	0.7000	0.6424	0.5036	0.6743	0.1052	0.7940	19.6000	0.1091	1483.0000	273.0000	0.1841	1485.0000
420	0.7315	0.6345	0.4991	0.6903	0.1039	0.8103	19.4000	0.1052	1393.0000	265.0000	0.1902	1396.0000
421	0.7132	0.6349	0.4953	0.6543	0.1147	0.8050	19.6000	0.1060	1553.0000	271.0000	0.1745	1555.0000
422	0.6724	0.6428	0.5026	0.6686	0.0909	0.7911	19.5000	0.1007	1446.0000	288.0000	0.1992	1448.0000
423	0.7028	0.6469	0.5200	0.6873	0.1273	0.8250	19.4000	0.0793	1536.0000	260.0000	0.1693	1538.0000
424	0.7225	0.6362	0.4980	0.6818	0.1011	0.8176	19.3000	0.1029	1432.0000	264.0000	0.1844	1434.0000
425	0.7161	0.6391	0.5100	0.6801	0.1001	0.8088	19.4000	0.0879	1465.0000	277.0000	0.1891	1467.0000
426	0.6839	0.6386	0.5120	0.6802	0.1229	0.8137	19.4000	0.1009	1512.0000	267.0000	0.1766	1514.0000
427	0.7186	0.6333	0.4934	0.6801	0.1028	0.8049	19.6000	0.0903	1425.0000	255.0000	0.1789	1427.0000
428	0.7095	0.6358	0.5105	0.6608	0.1196	0.8142	19.5000	0.1172	1439.0000	249.0000	0.1730	1441.0000
429	0.6950	0.6415	0.5105	0.6790	0.1119	0.8076	19.7000	0.1028	1506.0000	257.0000	0.1707	1508.0000
430	0.6643	0.6419	0.5077	0.6637	0.1003	0.7888	19.6000	0.1165	1471.0000	280.0000	0.1903	1473.0000
431	0.7006	0.6370	0.4967	0.6742	0.0908	0.7965	19.4000	0.1124	1469.0000	266.0000	0.1811	1471.0000
432	0.7367	0.6370	0.5110	0.6647	0.1157	0.8134	19.5000	0.1068	1457.0000	266.0000	0.1826	1459.0000
433	0.6780	0.6403	0.5032	0.6866	0.1074	0.8105	19.5000	0.1036	1405.0000	268.0000	0.1907	1407.0000
434	0.7164	0.6428	0.5079	0.6769	0.1195	0.8017	19.4000	0.1041	1434.0000	286.0000	0.1994	1436.0000
435	0.7011	0.6415	0.4966	0.6629	0.1167	0.7997	19.2000	0.0993	1499.0000	279.0000	0.1861	1501.0000
436	0.7110	0.6349	0.5086	0.6975	0.1251	0.8101	19.6000	0.1095	1446.0000	253.0000	0.1750	1451.0000
437	0.7250	0.6354	0.4982	0.6864	0.1281	0.8207	19.5000	0.1083	1412.0000	256.0000	0.1813	1414.0000
438	0.7188	0.6424	0.5077	0.6905	0.0980	0.8077	19.7000	0.0930	1472.0000	262.0000	0.1780	1474.0000
439	0.6982	0.6378	0.5094	0.6764	0.1189	0.8217	19.6000	0.0973	1478.0000	257.0000	0.1739	1480.0000
440	0.7046	0.6382	0.5045	0.6717	0.1175	0.8108	19.5000	0.1176	1459.0000	273.0000	0.1871	1461.0000
441	0.7126	0.6452	0.5133	0.6817	0.1176	0.8014	19.6000	0.1181	1418.0000	278.0000	0.1961	1420.0000
442	0.7222	0.6362	0.5131	0.6716	0.1126	0.8259	19.1000	0.0985	1488.0000	243.0000	0.1633	1490.0000
443	0.6912	0.6457	0.5138	0.6830	0.1107	0.8106	19.5000	0.1172	1457.0000	265.0000	0.1819	1459.0000
444	0.6918	0.6345	0.5117	0.6707	0.1169	0.8163	19.4000	0.1026	1502.0000	267.0000	0.1778	1504.0000
445	0.7031	0.6436	0.5072	0.6751	0.1021	0.8069	19.5000	0.0930	1464.0000	258.0000	0.1762	1469.0000
446	0.7190	0.6370	0.5072	0.6878	0.1223	0.8137	19.4000	0.0940	1489.0000	255.0000	0.1713	1491.0000
447	0.6981	0.6428	0.5102	0.6839	0.1193	0.8143	19.6000	0.1066	1426.0000	260.0000	0.1823	1428.0000
448	0.7102	0.6391	0.5050	0.7153	0.1150	0.8118	19.7000	0.1125	1394.0000	259.0000	0.1858	1396.0000
449	0.7368	0.6382	0.4988	0.6819	0.1049	0.8090	19.6000	0.1033	1415.0000	270.0000	0.1908	1417.0000
450	0.6943	0.6337	0.5113	0.6727	0.1139	0.8175	19.6000	0.0967	1412.0000	256.0000	0.1813	1415.0000
451	0.7105	0.6386	0.5031	0.6653	0.1168	0.8043	19.3000	0.1059	1467.0000	278.0000	0.1895	1469.0000
452	0.7110	0.6415	0.5083	0.6608	0.1140	0.8127	19.8000	0.0889	1470.0000	256.0000	0.1741	1472.0000
453	0.7242	0.6370	0.5091	0.6664	0.1295	0.8188	19.4000	0.1199	1470.0000	261.0000	0.1776	1472.0000
454	0.7308	0.6419	0.5068	0.6871	0.1225	0.8096	19.5000	0.1068	1405.0000	275.0000	0.1957	1408.0000
455	0.7046	0.6358	0.5059	0.6728	0.1095	0.8208	19.8000	0.0994	1405.0000	263.0000	0.1872	1407.0000
456	0.6959	0.6333	0.5043	0.6652	0.1041	0.8100	19.8000	0.1121	1459.0000	260.0000	0.1782	1461.0000
457	0.7113	0.6358	0.4948	0.6834	0.1146	0.8181	19.4000	0.1071	1458.0000	248.0000	0.1701	1460.0000
458	0.7362	0.6370	0.5040	0.6866	0.1192	0.8160	19.7000	0.0966	1450.0000	264.0000	0.1821	1452.0000
459	0.7469	0.6366	0.5087	0.6851	0.1264	0.8347	19.4000	0.0823	1458.0000	248.0000	0.1701	1461.0000
460	0.7027	0.6391	0.5117	0.6912	0.1074	0.8106	19.5000	0.0825	1500.0000	265.0000	0.1767	1502.0000
461	0.7167	0.6395	0.5114	0.6806	0.1195	0.8154	19.6000	0.1019	1463.0000	267.0000	0.1825	1465.0000
462	0.7214	0.6411	0.5068	0.6598	0.1212	0.8079	19.3000	0.1018	1430.0000	280.0000	0.1958	1432.0000
463	0.7021	0.6411	0.5125	0.6680	0.0953	0.8060	19.4000	0.1095	1418.0000	263.0000	0.1855	1420.0000
464	0.7175	0.6395	0.5073	0.6807	0.1066	0.8171	19.3000	0.1017	1407.0000	250.0000	0.1777	1410.0000
465	0.7027	0.6403	0.5057	0.6595	0.1053	0.8086	19.8000	0.0934	1486.0000	263.0000	0.1770	1488.0000
466	0.7196	0.6419	0.5089	0.6755	0.1224	0.8089	19.6000	0.1134	1450.0000	274.0000	0.1890	1454.0000
467	0.7185	0.6407	0.5162	0.6712	0.1242	0.8156	19.6000	0.0947	1504.0000	277.0000	0.1842	1506.0000
468	0.7083	0.6358	0.5009	0.6802	0.1232	0.8125	19.7000	0.1142	1452.0000	269.0000	0.1853	1454.0000
469	0.7212	0.6358	0.5016	0.6781	0.1104	0.8065	19.9000	0.1164	1436.0000	265.0000	0.1845	1439.0000
470	0.6860	0.6354	0.5092	0.6710	0.1135	0.8034	19.4000	0.1111	1477.0000	274.0000	0.1855	1479.0000
471	0.6933	0.6395	0.5022	0.6848	0.1146	0.8041	19.6000	0.1076	1413.0000	268.0000	0.1897	1415.0000
472	0.7230	0.6386	0.5108	0.6758	0.1281	0.8203	19.1000	0.1120	1421.0000	254.0000	0.1787	1424.0000
473	0.7137	0.6391	0.5016	0.6696	0.0998	0.7978	19.5000	0.1089	1414.0000	294.0000	0.2079	1416.0000
474	0.6970	0.6411	0.5067	0.6686	0.1067	0.7978	19.7000	0.1112	1480.0000	275.0000	0.1858	1482.0000
475	0.7208	0.6391	0.5061	0.6894	0.1167	0.8043	19.9000	0.1088	1443.0000	264.0000	0.1830	1445.0000
476	0.7178	0.6415	0.4961	0.6795	0.1019	0.7915	19.6000	0.1192	1410.0000	285.0000	0.2021	1412.0000
477	0.7294	0.6378	0.5109	0.6679	0.1295	0.8204	19.3000	0.0970	1459.0000	249.0000	0.1707	1464.0000
478	0.6885	0.6395	0.5082	0.6779	0.1019	0.8163	19.7000	0.0995	1503.0000	265.0000	0.1763	1505.0000
479	0.7149	0.6329	0.5039	0.6878	0.1271	0.8235	19.5000	0.0984	1467.0000	255.0000	0.1738	1469.0000
480	0.7258	0.6403	0.5085	0.6778	0.1250	0.8076	19.8000	0.1137	1444.0000	269.0000	0.1863	1447.0000
481	0.6785	0.6374	0.5050	0.6709	0.0973	0.8070	19.6000	0.1047	1422.0000	265.0000	0.1864	1424.0000
482	0.7132	0.6424	0.5131	0.6835	0.1253	0.8221	19.5000	0.0868	1506.0000	255.0000	0.1693	1508.0000
483	0.7048	0.6399	0.5120	0.6731	0.1273	0.8191	19.6000	0.1062	1460.0000	270.0000	0.1849	1462.0000
484	0.7112	0.6432	0.5074	0.6790	0.1200	0.8116	19.4000	0.1065	1501.0000	261.0000	0.1739	1503.0000
485	0.6914	0.6354	0.4978	0.7031	0.0989	0.7989	19.5000	0.0959	1424.0000	256.0000	0.1798	1426.0000
486	0.6814	0.6395	0.5029	0.6637	0.1196	0.8158	19.6000	0.1156	1522.0000	255.0000	0.1675	1524.0000
487	0.6712	0.6382	0.5085	0.6820	0.0995	0.8088	19.5000	0.1016	1495.0000	270.0000	0.1806	1497.0000
488	0.7135	0.6366	0.5026	0.6800	0.1160	0.8172	19.5000	0.0869	1450.0000	262.0000	0.1807	1452.0000
489	0.7180	0.6428	0.5133	0.6445	0.1095	0.8097	19.4000	0.0946	1522.0000	268.0000	0.1761	1524.0000
490	0.7022	0.6419	0.5030	0.6606	0.0981	0.8031	19.4000	0.0943	1488.0000	274.0000	0.1841	1490.0000
491	0.7419	0.6440	0.5044	0.6717	0.1250	0.8172	19.5000	0.1067	1466.0000	272.0000	0.1855	1469.0000
492	0.6655	0.6366	0.4985	0.6542	0.0987	0.7836	19.5000	0.1244	1483.0000	285.0000	0.1922	1485.0000
493	0.7002	0.6407	0.5106	0.6817	0.1226	0.8142	19.6000	0.0988	1422.0000	259.0000	0.1821	1424.0000
494	0.7035	0.6399	0.5064	0.6733	0.1234	0.8083	19.4000	0.1111	1472.0000	268.0000	0.1821	1475.0000
495	0.7063	0.6382	0.5027	0.6705	0.1199	0.8012	19.8000	0.1290	1429.0000	277.0000	0.1938	1434.0000
496	0.7037	0.6440	0.5112	0.6832	0.1194	0.8111	19.5000	0.1029	1495.0000	263.0000	0.1759	1497.0000
497	0.7236	0.6386	0.4924	0.6870	0.1146	0.8077	19.5000	0.1108	1432.0000	258.0000	0.1802	1434.0000
498	0.7210	0.6432	0.5114	0.6963	0.1280	0.8125	19.5000	0.0766	1430.0000	259.0000	0.1811	1433.0000
499	0.7157	0.6395	0.5046	0.6876	0.1259	0.8285	19.6000	0.0929	1459.0000	256.0000	0.1755	1462.0000
500	0.7043	0.6382	0.5006	0.6790	0.1158	0.8028	19.6000	0.1181	1407.0000	267.0000	0.1898	1409.0000
501	0.7202	0.6452	0.5197	0.6775	0.1165	0.8016	19.7000	0.0934	1510.0000	279.0000	0.1848	1513.0000
502	0.7150	0.6436	0.5110	0.6642	0.1206	0.8157	19.4000	0.0792	1506.0000	261.0000	0.1733	1508.0000
503	0.7324	0.6415	0.5070	0.6780	0.1293	0.8134	19.6000	0.0992	1515.0000	264.0000	0.1743	1517.0000
504	0.6969	0.6415	0.4989	0.6979	0.1138	0.8138	19.9000	0.1087	1398.0000	260.0000	0.1860	1400.0000
505	0.7065	0.6382	0.5162	0.6866	0.1067	0.8111	19.3000	0.0860	1451.0000	254.0000	0.1751	1453.0000
506	0.6862	0.6374	0.4968	0.6882	0.1150	0.8084	19.6000	0.1016	1416.0000	257.0000	0.1815	1418.0000
507	0.6857	0.6411	0.5023	0.6698	0.1031	0.8092	19.5000	0.0948	1507.0000	273.0000	0.1812	1509.0000
508	0.7143	0.6448	0.5055	0.6800	0.1128	0.8173	19.6000	0.1096	1464.0000	263.0000	0.1796	1466.0000
509	0.7036	0.6444	0.5107	0.6778	0.1333	0.8116	19.7000	0.1005	1492.0000	255.0000	0.1709	1495.0000
510	0.7065	0.6386	0.5071	0.6793	0.1301	0.8339	19.9000	0.0821	1510.0000	252.0000	0.1669	1512.0000
511	0.7300	0.6448	0.5124	0.6592	0.1304	0.8207	19.9000	0.0924	1475.0000	266.0000	0.1803	1477.0000
512	0.7143	0.6411	0.5084	0.6664	0.1101	0.8150	19.8000	0.1069	1416.0000	259.0000	0.1829	1418.0000
513	0.7187	0.6411	0.5093	0.6933	0.1008	0.8128	19.3000	0.0950	1412.0000	267.0000	0.1891	1414.0000
514	0.7126	0.6399	0.4982	0.6818	0.1089	0.8118	19.4000	0.0906	1420.0000	266.0000	0.1873	1422.0000
515	0.7273	0.6366	0.5062	0.6719	0.1143	0.8083	19.4000	0.1000	1445.0000	251.0000	0.1737	1447.0000
516	0.6996	0.6362	0.5011	0.6810	0.1161	0.8063	19.5000	0.1060	1412.0000	262.0000	0.1856	1414.0000
517	0.7029	0.6374	0.5071	0.6888	0.1169	0.8084	19.6000	0.1189	1473.0000	258.0000	0.1752	1475.0000
518	0.7123	0.6407	0.5071	0.6958	0.1207	0.8234	19.5000	0.1044	1492.0000	252.0000	0.1689	1494.0000
519	0.7039	0.6382	0.4988	0.6749	0.1099	0.8059	19.7000	0.1062	1433.0000	259.0000	0.1807	1435.0000
520	0.6828	0.6436	0.5097	0.6691	0.1018	0.8151	19.7000	0.0979	1451.0000	262.0000	0.1806	1454.0000
521	0.6577	0.6354	0.5006	0.6677	0.0873	0.7920	19.6000	0.0999	1469.0000	279.0000	0.1899	1471.0000
522	0.7119	0.6370	0.4978	0.6739	0.0998	0.8150	19.3000	0.0906	1477.0000	258.0000	0.1747	1479.0000
523	0.7090	0.6382	0.5060	0.6653	0.1078	0.8159	19.6000	0.0957	1460.0000	269.0000	0.1842	1462.0000
524	0.7084	0.6366	0.5056	0.6802	0.1336	0.8198	19.6000	0.1118	1462.0000	251.0000	0.1717	1464.0000
525	0.7074	0.6374	0.5089	0.6694	0.1273	0.8188	19.8000	0.1077	1495.0000	260.0000	0.1739	1499.0000
526	0.7283	0.6448	0.5148	0.6716	0.1250	0.8124	19.7000	0.1024	1479.0000	267.0000	0.1805	1481.0000
527	0.7017	0.6370	0.5095	0.6869	0.1100	0.8179	19.6000	0.0883	1432.0000	257.0000	0.1795	1434.0000
528	0.7212	0.6403	0.5077	0.6706	0.1213	0.8220	19.4000	0.0904	1522.0000	265.0000	0.1741	1524.0000
529	0.6790	0.6382	0.5066	0.6510	0.1004	0.8006	19.8000	0.1044	1535.0000	277.0000	0.1805	1537.0000
530	0.7216	0.6395	0.5018	0.6632	0.1098	0.8036	19.6000	0.0939	1459.0000	271.0000	0.1857	1461.0000
531	0.6793	0.6424	0.5117	0.6638	0.1074	0.8012	19.3000	0.0950	1510.0000	261.0000	0.1728	1512.0000
532	0.7336	0.6349	0.5117	0.6610	0.1188	0.8072	19.4000	0.0977	1457.0000	273.0000	0.1874	1459.0000
533	0.7001	0.6411	0.5137	0.6707	0.1054	0.8074	19.6000	0.1024	1447.0000	267.0000	0.1845	1449.0000
534	0.7117	0.6366	0.5045	0.6907	0.1117	0.8129	20.0000	0.1109	1470.0000	260.0000	0.1769	1472.0000
535	0.7167	0.6329	0.5025	0.6791	0.0999	0.8173	19.4000	0.0853	1424.0000	262.0000	0.1840	1426.0000
536	0.7299	0.6514	0.5125	0.6794	0.1104	0.8047	19.8000	0.1113	1429.0000	273.0000	0.1910	1431.0000
537	0.7096	0.6411	0.5098	0.6862	0.0963	0.8076	19.7000	0.0987	1409.0000	268.0000	0.1902	1412.0000
538	0.6899	0.6391	0.5080	0.6846	0.0976	0.8037	19.8000	0.1038	1475.0000	263.0000	0.1783	1479.0000
539	0.7486	0.6354	0.4954	0.6809	0.1228	0.8150	19.5000	0.0950	1439.0000	264.0000	0.1835	1441.0000
540	0.7027	0.6444	0.5114	0.6711	0.1239	0.8060	20.0000	0.1203	1499.0000	274.0000	0.1828	1501.0000
541	0.6910	0.6374	0.5096	0.6835	0.1188	0.8257	19.3000	0.0918	1498.0000	264.0000	0.1762	1500.0000
542	0.7043	0.6391	0.5078	0.6983	0.0999	0.8073	19.7000	0.1003	1446.0000	259.0000	0.1791	1448.0000
543	0.6977	0.6428	0.5139	0.6685	0.1053	0.8020	19.5000	0.0969	1439.0000	272.0000	0.1890	1441.0000
544	0.7143	0.6419	0.5058	0.6980	0.1194	0.8140	19.6000	0.1100	1420.0000	257.0000	0.1810	1423.0000
545	0.7269	0.6386	0.5109	0.6713	0.0966	0.8031	19.6000	0.1027	1455.0000	278.0000	0.1911	1457.0000
546	0.6729	0.6382	0.5082	0.6976	0.1076	0.8092	19.9000	0.0956	1449.0000	262.0000	0.1808	1451.0000
547	0.7263	0.6407	0.5153	0.7086	0.1256	0.8217	19.5000	0.0997	1433.0000	259.0000	0.1807	1437.0000
548	0.6873	0.6391	0.5061	0.6574	0.0948	0.8003	19.6000	0.1074	1493.0000	280.0000	0.1875	1495.0000
549	0.6890	0.6436	0.5089	0.6506	0.0909	0.8002	19.8000	0.0874	1549.0000	275.0000	0.1775	1551.0000
550	0.6817	0.6378	0.5103	0.6775	0.1085	0.8076	19.6000	0.1037	1492.0000	264.0000	0.1769	1494.0000
551	0.7091	0.6432	0.5181	0.6753	0.1301	0.8218	19.5000	0.1086	1410.0000	267.0000	0.1894	1412.0000
552	0.7222	0.6395	0.5092	0.6972	0.1286	0.8111	19.9000	0.1046	1420.0000	269.0000	0.1894	1425.0000
553	0.7313	0.6378	0.5112	0.6746	0.1071	0.8066	19.7000	0.1046	1474.0000	264.0000	0.1791	1476.0000
554	0.7139	0.6362	0.5064	0.6772	0.1123	0.8080	19.3000	0.1094	1459.0000	257.0000	0.1761	1461.0000
555	0.6935	0.6391	0.5084	0.6770	0.1176	0.8178	19.6000	0.1070	1471.0000	260.0000	0.1768	1473.0000
556	0.6977	0.6321	0.4972	0.6770	0.1079	0.8194	19.3000	0.0946	1491.0000	265.0000	0.1777	1493.0000
557	0.6966	0.6411	0.5081	0.6633	0.0978	0.8003	19.6000	0.1068	1468.0000	276.0000	0.1880	1470.0000
558	0.7267	0.6374	0.5045	0.6790	0.1058	0.8147	19.7000	0.0979	1519.0000	265.0000	0.1745	1522.0000
559	0.6769	0.6349	0.5039	0.6591	0.1142	0.7938	19.7000	0.1141	1464.0000	271.0000	0.1851	1466.0000
560	0.7027	0.6457	0.5147	0.6904	0.1029	0.8096	19.6000	0.1019	1476.0000	259.0000	0.1755	1479.0000
561	0.6983	0.6415	0.5076	0.6586	0.1206	0.8173	19.4000	0.1013	1488.0000	257.0000	0.1727	1490.0000
562	0.7159	0.6448	0.5091	0.6854	0.1276	0.8183	19.3000	0.1089	1446.0000	251.0000	0.1736	1450.0000
563	0.7355	0.6349	0.5058	0.6735	0.1095	0.8156	19.4000	0.0937	1461.0000	252.0000	0.1725	1463.0000
564	0.6906	0.6386	0.5090	0.6734	0.1259	0.8072	19.5000	0.1013	1472.0000	253.0000	0.1719	1475.0000
565	0.7068	0.6378	0.5088	0.6605	0.0998	0.8029	19.6000	0.1051	1439.0000	268.0000	0.1862	1441.0000
566	0.7145	0.6316	0.4973	0.6647	0.1102	0.8139	19.4000	0.0978	1425.0000	257.0000	0.1804	1427.0000
567	0.7069	0.6391	0.5032	0.6837	0.1310	0.8197	19.7000	0.1046	1485.0000	253.0000	0.1704	1487.0000
568	0.7220	0.6374	0.5014	0.6752	0.1006	0.8071	19.7000	0.1004	1469.0000	269.0000	0.1831	1472.0000
569	0.7252	0.6366	0.5072	0.6835	0.1234	0.8140	19.6000	0.0984	1443.0000	267.0000	0.1850	1445.0000
570	0.7081	0.6374	0.5067	0.6762	0.1083	0.8071	19.7000	0.0882	1422.0000	260.0000	0.1828	1424.0000
571	0.7226	0.6391	0.5082	0.6749	0.1273	0.8107	19.7000	0.0958	1510.0000	273.0000	0.1808	1512.0000
572	0.7082	0.6325	0.5009	0.6793	0.1165	0.8169	19.7000	0.1081	1439.0000	240.0000	0.1668	1441.0000
573	0.7185	0.6362	0.5045	0.6625	0.1012	0.8070	19.6000	0.0911	1516.0000	263.0000	0.1735	1518.0000
574	0.7154	0.6362	0.5021	0.6758	0.1186	0.8139	19.8000	0.1155	1462.0000	256.0000	0.1751	1464.0000
575	0.6891	0.6354	0.5030	0.6595	0.1130	0.7897	19.3000	0.1049	1467.0000	277.0000	0.1888	1469.0000
576	0.7182	0.6419	0.4994	0.6877	0.1236	0.8070	19.3000	0.1088	1441.0000	274.0000	0.1901	1447.0000
577	0.7160	0.6370	0.5047	0.6663	0.1038	0.8000	19.5000	0.1083	1465.0000	267.0000	0.1823	1468.0000
578	0.7015	0.6440	0.5002	0.6694	0.0969	0.8113	19.5000	0.0871	1511.0000	286.0000	0.1893	1513.0000
579	0.7172	0.6358	0.5065	0.6841	0.1059	0.8102	19.3000	0.1039	1468.0000	272.0000	0.1853	1470.0000
580	0.6831	0.6329	0.5029	0.6547	0.1168	0.8116	19.8000	0.1033	1473.0000	262.0000	0.1779	1475.0000
581	0.7024	0.6316	0.5002	0.6659	0.0948	0.8114	19.7000	0.0986	1449.0000	260.0000	0.1794	1451.0000
582	0.6849	0.6382	0.5057	0.6746	0.1186	0.8134	19.6000	0.1102	1469.0000	266.0000	0.1811	1471.0000
583	0.7230	0.6391	0.5098	0.6845	0.0986	0.8017	19.3000	0.0998	1421.0000	265.0000	0.1865	1424.0000
584	0.7136	0.6403	0.5091	0.6895	0.1080	0.8057	19.5000	0.1050	1446.0000	269.0000	0.1860	1448.0000
585	0.7124	0.6370	0.5021	0.6724	0.1088	0.8088	19.8000	0.1042	1436.0000	271.0000	0.1887	1438.0000
586	0.7262	0.6366	0.5065	0.6716	0.1159	0.8163	19.7000	0.1031	1466.0000	269.0000	0.1835	1468.0000
587	0.7127	0.6419	0.5132	0.6801	0.1191	0.8143	19.6000	0.1018	1455.0000	254.0000	0.1746	1457.0000
588	0.7022	0.6370	0.4968	0.6758	0.1051	0.8027	19.3000	0.1094	1451.0000	267.0000	0.1840	1453.0000
589	0.7172	0.6399	0.5129	0.6815	0.1297	0.8241	19.6000	0.1064	1447.0000	255.0000	0.1762	1452.0000
590	0.6842	0.6366	0.5117	0.6707	0.1210	0.8049	19.7000	0.1023	1476.0000	261.0000	0.1768	1478.0000
591	0.6975	0.6473	0.5167	0.6708	0.1098	0.8021	19.4000	0.1085	1486.0000	290.0000	0.1952	1488.0000
592	0.7354	0.6395	0.5069	0.6586	0.1128	0.8110	19.6000	0.0983	1513.0000	273.0000	0.1804	1516.0000
593	0.7044	0.6378	0.5100	0.6712	0.1284	0.8103	19.3000	0.1178	1437.0000	261.0000	0.1816	1439.0000
594	0.7181	0.6370	0.5015	0.6770	0.1009	0.7997	19.4000	0.1029	1437.0000	267.0000	0.1858	1440.0000
595	0.6836	0.6374	0.5083	0.6853	0.1057	0.8089	19.7000	0.0884	1462.0000	257.0000	0.1758	1464.0000
596	0.6914	0.6395	0.5103	0.6553	0.1193	0.8064	19.6000	0.1039	1487.0000	270.0000	0.1816	1489.0000
597	0.7190	0.6391	0.5037	0.6581	0.1105	0.8016	19.5000	0.0872	1501.0000	276.0000	0.1839	1503.0000
598	0.7220	0.6436	0.5049	0.6940	0.1190	0.8257	19.5000	0.0977	1421.0000	265.0000	0.1865	1423.0000
599	0.7048	0.6378	0.5054	0.6782	0.1002	0.8082	19.5000	0.0993	1467.0000	262.0000	0.1786	1469.0000
600	0.7256	0.6424	0.5123	0.6868	0.1347	0.8200	19.9000	0.1047	1416.0000	254.0000	0.1794	1418.0000
601	0.6965	0.6440	0.5157	0.6659	0.1078	0.8114	19.4000	0.0972	1476.0000	281.0000	0.1904	1478.0000
602	0.7140	0.6432	0.5075	0.6948	0.0905	0.7975	19.4000	0.1056	1428.0000	269.0000	0.1884	1430.0000
603	0.6732	0.6366	0.5102	0.6833	0.0986	0.8046	19.4000	0.1016	1446.0000	258.0000	0.1784	1448.0000
604	0.6863	0.6407	0.5200	0.6644	0.1085	0.8108	19.4000	0.0992	1457.0000	267.0000	0.1833	1461.0000
605	0.7198	0.6378	0.5046	0.6721	0.1319	0.8136	19.8000	0.1009	1494.0000	255.0000	0.1707	1496.0000
606	0.7267	0.6469	0.5099	0.6982	0.1226	0.8120	19.6000	0.0990	1458.0000	264.0000	0.1811	1460.0000
607	0.7131	0.6407	0.5184	0.6887	0.1211	0.8262	19.6000	0.0851	1445.0000	250.0000	0.1730	1447.0000
608	0.7218	0.6304	0.5048	0.6628	0.1238	0.8207	19.6000	0.1049	1461.0000	261.0000	0.1786	1464.0000
609	0.7071	0.6386	0.5108	0.6878	0.1207	0.8056	19.7000	0.1008	1421.0000	271.0000	0.1907	1423.0000
610	0.7184	0.6440	0.5155	0.6832	0.1255	0.8023	19.4000	0.1162	1410.0000	273.0000	0.1936	1412.0000
611	0.6960	0.6419	0.5111	0.6766	0.1018	0.8058	19.8000	0.1076	1464.0000	278.0000	0.1899	1466.0000
612	0.7225	0.6424	0.5049	0.6504	0.1241	0.8115	19.7000	0.0972	1494.0000	272.0000	0.1821	1496.0000
613	0.7036	0.6358	0.4996	0.6720	0.0938	0.8051	19.6000	0.0868	1419.0000	254.0000	0.1790	1421.0000
614	0.7311	0.6386	0.5116	0.6897	0.1000	0.8036	19.4000	0.1260	1386.0000	274.0000	0.1977	1388.0000
615	0.7073	0.6341	0.4995	0.6758	0.1020	0.8047	19.3000	0.1106	1465.0000	263.0000	0.1795	1467.0000
616	0.7058	0.6428	0.5012	0.6893	0.1186	0.8033	19.5000	0.1143	1435.0000	271.0000	0.1889	1437.0000
617	0.7140	0.6362	0.5020	0.6725	0.1178	0.8107	20.0000	0.1128	1434.0000	284.0000	0.1980	1436.0000
618	0.7155	0.6341	0.5118	0.6800	0.1225	0.8061	19.4000	0.0973	1453.0000	260.0000	0.1789	1455.0000
619	0.7326	0.6399	0.5087	0.6786	0.1274	0.8265	19.5000	0.0818	1529.0000	245.0000	0.1602	1531.0000
620	0.7118	0.6378	0.5119	0.6706	0.1101	0.7967	19.5000	0.1075	1487.0000	268.0000	0.1802	1490.0000
621	0.6738	0.6382	0.5046	0.6821	0.0989	0.7927	19.4000	0.1042	1488.0000	274.0000	0.1841	1490.0000
622	0.6898	0.6411	0.5039	0.6817	0.1016	0.8074	19.6000	0.1034	1449.0000	265.0000	0.1829	1451.0000
623	0.7010	0.6415	0.5181	0.6657	0.1217	0.8042	19.6000	0.1082	1461.0000	274.0000	0.1875	1465.0000
624	0.7127	0.6341	0.5022	0.6792	0.1336	0.8174	19.7000	0.1135	1426.0000	257.0000	0.1802	1429.0000
625	0.7168	0.6395	0.5020	0.6914	0.1178	0.8211	19.9000	0.0943	1409.0000	258.0000	0.1831	1412.0000
626	0.7283	0.6333	0.5058	0.6916	0.1255	0.8119	19.3000	0.1080	1417.0000	253.0000	0.1785	1419.0000
627	0.6968	0.6461	0.5138	0.6864	0.1029	0.8154	19.6000	0.0994	1440.0000	261.0000	0.1812	1442.0000
628	0.7063	0.6403	0.4991	0.6598	0.0934	0.7892	19.7000	0.1150	1422.0000	273.0000	0.1920	1424.0000
629	0.6934	0.6457	0.5022	0.6638	0.1293	0.8177	19.6000	0.1139	1463.0000	265.0000	0.1811	1465.0000
630	0.7210	0.6354	0.5079	0.6812	0.1290	0.8175	19.4000	0.0928	1453.0000	255.0000	0.1755	1455.0000
631	0.6918	0.6415	0.5089	0.6861	0.1229	0.7987	19.6000	0.1039	1447.0000	274.0000	0.1894	1449.0000
632	0.7276	0.6382	0.4998	0.6757	0.1037	0.7945	19.6000	0.1213	1447.0000	287.0000	0.1983	1449.0000
633	0.7072	0.6382	0.5010	0.6808	0.1037	0.7969	19.5000	0.1007	1462.0000	273.0000	0.1867	1464.0000
634	0.6979	0.6395	0.5066	0.6656	0.1261	0.8086	19.9000	0.1183	1496.0000	263.0000	0.1758	1498.0000
635	0.6906	0.6366	0.5056	0.6647	0.1172	0.8128	19.4000	0.0965	1446.0000	265.0000	0.1833	1448.0000
636	0.7074	0.6358	0.5029	0.6460	0.0962	0.7881	19.6000	0.1098	1457.0000	299.0000	0.2052	1459.0000
637	0.7068	0.6415	0.5056	0.6519	0.1129	0.8161	19.8000	0.0959	1493.0000	260.0000	0.1741	1495.0000
638	0.7226	0.6411	0.5066	0.6646	0.1178	0.8153	19.5000	0.0941	1454.0000	270.0000	0.1857	1456.0000
639	0.7130	0.6399	0.5144	0.6907	0.1133	0.8161	19.5000	0.0957	1436.0000	258.0000	0.1797	1438.0000
640	0.7006	0.6378	0.5119	0.6786	0.1181	0.8000	19.6000	0.1064	1514.0000	269.0000	0.1777	1516.0000
641	0.6776	0.6461	0.5166	0.6783	0.1088	0.8154	19.8000	0.0864	1507.0000	253.0000	0.1679	1510.0000
642	0.7218	0.6386	0.5069	0.6583	0.1232	0.8125	19.2000	0.0917	1443.0000	256.0000	0.1774	1451.0000
643	0.7224	0.6349	0.5056	0.6824	0.1318	0.8220	19.9000	0.1020	1461.0000	258.0000	0.1766	1465.0000
644	0.7047	0.6391	0.5069	0.6823	0.1218	0.8157	19.8000	0.1017	1476.0000	249.0000	0.1687	1480.0000
645	0.7095	0.6382	0.5157	0.6672	0.1044	0.7971	19.6000	0.1086	1491.0000	271.0000	0.1818	1493.0000
646	0.7029	0.6382	0.5063	0.6767	0.1066	0.7995	19.5000	0.0951	1419.0000	277.0000	0.1952	1421.0000
647	0.7058	0.6391	0.5001	0.6804	0.1048	0.8057	19.4000	0.0899	1448.0000	269.0000	0.1858	1450.0000
648	0.7013	0.6391	0.5071	0.6664	0.0984	0.7984	19.4000	0.1031	1432.0000	272.0000	0.1899	1434.0000
649	0.6986	0.6391	0.5130	0.6720	0.1218	0.8103	19.6000	0.0963	1505.0000	262.0000	0.1741	1507.0000
650	0.7337	0.6415	0.5112	0.6774	0.1222	0.8164	19.5000	0.1021	1425.0000	256.0000	0.1796	1429.0000
651	0.7385	0.6378	0.5107	0.6843	0.1317	0.8134	19.4000	0.1120	1437.0000	262.0000	0.1823	1441.0000
652	0.7157	0.6407	0.5109	0.6609	0.1270	0.8265	19.5000	0.1098	1530.0000	261.0000	0.1706	1533.0000
653	0.6832	0.6407	0.5081	0.6728	0.0963	0.8047	19.4000	0.1141	1423.0000	272.0000	0.1911	1425.0000
654	0.6916	0.6345	0.5088	0.6879	0.1272	0.8186	19.5000	0.1146	1476.0000	254.0000	0.1721	1478.0000
655	0.6885	0.6399	0.5066	0.6743	0.1152	0.8152	19.8000	0.1007	1479.0000	277.0000	0.1873	1481.0000
656	0.7100	0.6366	0.5099	0.6914	0.1059	0.8086	19.9000	0.0895	1433.0000	267.0000	0.1863	1437.0000
657	0.7506	0.6325	0.4979	0.6715	0.1256	0.8191	19.8000	0.0897	1502.0000	257.0000	0.1711	1506.0000
658	0.7234	0.6316	0.4988	0.6736	0.1228	0.8139	19.4000	0.1115	1394.0000	258.0000	0.1851	1396.0000
659	0.7043	0.6407	0.5013	0.7035	0.1172	0.8176	19.8000	0.1058	1405.0000	253.0000	0.1801	1408.0000
660	0.7126	0.6419	0.5074	0.6830	0.1240	0.8123	19.5000	0.1118	1438.0000	262.0000	0.1822	1440.0000
661	0.7325	0.6473	0.5209	0.6977	0.1297	0.8325	19.3000	0.0843	1491.0000	246.0000	0.1650	1493.0000
662	0.7048	0.6358	0.5109	0.6764	0.1032	0.8079	19.5000	0.1078	1495.0000	262.0000	0.1753	1498.0000
663	0.7076	0.6370	0.4932	0.6772	0.1083	0.8068	19.8000	0.1004	1443.0000	267.0000	0.1850	1445.0000
664	0.6997	0.6366	0.4984	0.6710	0.1079	0.8117	19.8000	0.1143	1467.0000	263.0000	0.1793	1469.0000
665	0.6957	0.6461	0.5002	0.6762	0.1112	0.7992	19.5000	0.1129	1409.0000	273.0000	0.1938	1413.0000
666	0.7080	0.6362	0.5070	0.6794	0.1171	0.8131	19.3000	0.1035	1429.0000	273.0000	0.1910	1431.0000
667	0.7002	0.6415	0.5105	0.6872	0.1094	0.8062	19.6000	0.1083	1514.0000	277.0000	0.1830	1516.0000
668	0.7262	0.6374	0.5035	0.6688	0.1232	0.8111	19.7000	0.0969	1450.0000	258.0000	0.1779	1452.0000
669	0.7203	0.6391	0.5027	0.6815	0.1086	0.8134	19.3000	0.0936	1449.0000	268.0000	0.1850	1452.0000
670	0.6919	0.6349	0.5051	0.6849	0.1161	0.8176	19.5000	0.1102	1452.0000	256.0000	0.1763	1454.0000
671	0.7143	0.6424	0.5040	0.6989	0.1216	0.8183	19.7000	0.1069	1503.0000	263.0000	0.1750	1505.0000
672	0.7104	0.6349	0.4991	0.6737	0.1074	0.7975	19.5000	0.1174	1386.0000	271.0000	0.1955	1388.0000
673	0.6918	0.6362	0.5076	0.6737	0.1205	0.8055	19.6000	0.1164	1455.0000	264.0000	0.1814	1457.0000
674	0.7238	0.6382	0.5113	0.6732	0.1061	0.8149	19.5000	0.0962	1491.0000	263.0000	0.1764	1493.0000
675	0.7202	0.6386	0.5089	0.6784	0.1218	0.8258	19.6000	0.0931	1464.0000	259.0000	0.1769	1474.0000
676	0.7135	0.6395	0.5039	0.6693	0.1217	0.8165	19.7000	0.0967	1437.0000	268.0000	0.1865	1439.0000
677	0.6875	0.6325	0.5003	0.6803	0.0961	0.8040	19.7000	0.1051	1416.0000	250.0000	0.1766	1418.0000
678	0.7050	0.6374	0.4972	0.6727	0.1122	0.8175	19.6000	0.0873	1452.0000	270.0000	0.1860	1454.0000
679	0.7118	0.6316	0.5044	0.6545	0.1172	0.8126	19.5000	0.1015	1444.0000	264.0000	0.1828	1446.0000
680	0.7016	0.6395	0.5048	0.6882	0.1236	0.8095	19.7000	0.1055	1460.0000	262.0000	0.1795	1462.0000
681	0.7192	0.6419	0.5030	0.6576	0.1157	0.8035	19.7000	0.1155	1469.0000	277.0000	0.1886	1471.0000
682	0.7094	0.6366	0.5053	0.6797	0.0967	0.8138	19.7000	0.0907	1484.0000	262.0000	0.1765	1486.0000
683	0.6719	0.6403	0.5174	0.6591	0.0880	0.7884	19.7000	0.0982	1463.0000	276.0000	0.1887	1465.0000
684	0.7127	0.6349	0.5111	0.6918	0.1253	0.8274	19.3000	0.0933	1457.0000	252.0000	0.1730	1459.0000
685	0.7308	0.6399	0.5109	0.6652	0.1040	0.8043	19.4000	0.0993	1406.0000	273.0000	0.1942	1408.0000
686	0.7149	0.6382	0.4954	0.6728	0.1165	0.8164	20.0000	0.1008	1444.0000	255.0000	0.1766	1446.0000
687	0.7016	0.6349	0.4948	0.6564	0.1073	0.8071	19.8000	0.0971	1438.0000	255.0000	0.1773	1440.0000
688	0.6614	0.6366	0.4987	0.6654	0.0971	0.8070	19.5000	0.0917	1499.0000	262.0000	0.1748	1501.0000
689	0.7213	0.6382	0.5074	0.6717	0.1184	0.8144	19.7000	0.0966	1501.0000	261.0000	0.1739	1503.0000
690	0.7125	0.6362	0.5039	0.6645	0.1137	0.8029	19.6000	0.1181	1397.0000	272.0000	0.1947	1399.0000
691	0.7111	0.6378	0.5027	0.6773	0.1170	0.8174	19.5000	0.0893	1434.0000	253.0000	0.1764	1436.0000
692	0.7142	0.6345	0.5002	0.6792	0.1039	0.7985	19.6000	0.1212	1401.0000	268.0000	0.1913	1403.0000
693	0.7307	0.6370	0.4958	0.6863	0.1063	0.8098	19.3000	0.0866	1429.0000	272.0000	0.1903	1431.0000
694	0.7014	0.6370	0.5010	0.7033	0.0947	0.8194	19.5000	0.0913	1412.0000	247.0000	0.1749	1415.0000
695	0.7410	0.6362	0.5072	0.6794	0.1214	0.8150	19.5000	0.1006	1470.0000	259.0000	0.1762	1472.0000
696	0.7020	0.6345	0.5016	0.6774	0.1046	0.8216	19.3000	0.0934	1459.0000	243.0000	0.1666	1461.0000
697	0.6985	0.6370	0.5004	0.6845	0.1118	0.8081	19.4000	0.1078	1441.0000	272.0000	0.1888	1443.0000
698	0.7100	0.6403	0.5044	0.6876	0.1211	0.8157	19.7000	0.0905	1443.0000	257.0000	0.1781	1445.0000
699	0.6964	0.6444	0.5155	0.6652	0.1252	0.8096	19.7000	0.0982	1563.0000	267.0000	0.1708	1565.0000
700	0.7103	0.6415	0.5038	0.6638	0.1178	0.8038	19.6000	0.1128	1457.0000	255.0000	0.1750	1459.0000
701	0.7318	0.6391	0.5034	0.7025	0.1250	0.8149	19.5000	0.1066	1387.0000	247.0000	0.1781	1392.0000
702	0.6898	0.6407	0.5044	0.6646	0.0983	0.7947	19.5000	0.1065	1554.0000	266.0000	0.1712	1556.0000
703	0.7229	0.6452	0.5112	0.6781	0.1123	0.8037	19.5000	0.1071	1458.0000	269.0000	0.1845	1462.0000
704	0.6970	0.6411	0.5074	0.6749	0.1165	0.8176	19.2000	0.0940	1434.0000	254.0000	0.1771	1436.0000
705	0.7032	0.6391	0.5177	0.6880	0.1205	0.8184	19.4000	0.0988	1495.0000	262.0000	0.1753	1497.0000
706	0.7143	0.6374	0.5031	0.6690	0.1141	0.8103	19.6000	0.1117	1466.0000	265.0000	0.1808	1469.0000
707	0.6950	0.6386	0.5051	0.6771	0.1229	0.8060	19.3000	0.1107	1469.0000	262.0000	0.1784	1471.0000
708	0.7050	0.6424	0.5079	0.6638	0.1201	0.8017	19.3000	0.1104	1431.0000	271.0000	0.1894	1433.0000
709	0.7090	0.6391	0.5049	0.6608	0.0998	0.7904	19.4000	0.1042	1548.0000	282.0000	0.1822	1550.0000
710	0.7214	0.6395	0.5039	0.6741	0.1217	0.8184	19.6000	0.0939	1536.0000	268.0000	0.1745	1539.0000
711	0.6827	0.6362	0.5166	0.6734	0.1260	0.8062	19.6000	0.1162	1460.0000	266.0000	0.1822	1462.0000
712	0.7223	0.6411	0.5130	0.6819	0.1048	0.8036	19.4000	0.0934	1398.0000	263.0000	0.1881	1400.0000
713	0.7220	0.6424	0.5153	0.6546	0.1283	0.8008	19.5000	0.1133	1506.0000	285.0000	0.1892	1508.0000
714	0.7321	0.6386	0.5024	0.6921	0.1372	0.8295	19.4000	0.1080	1503.0000	262.0000	0.1743	1507.0000
715	0.7035	0.6444	0.5155	0.6762	0.1116	0.8157	19.4000	0.1067	1466.0000	266.0000	0.1814	1468.0000
716	0.7131	0.6407	0.5114	0.6588	0.1015	0.7884	19.1000	0.1189	1474.0000	279.0000	0.1893	1476.0000
717	0.6991	0.6424	0.5071	0.6812	0.1145	0.8096	19.7000	0.1129	1401.0000	258.0000	0.1842	1405.0000
718	0.7157	0.6440	0.5091	0.6563	0.1129	0.8059	19.8000	0.0985	1546.0000	282.0000	0.1824	1548.0000
719	0.6802	0.6424	0.5081	0.6853	0.0973	0.7934	19.5000	0.1157	1445.0000	269.0000	0.1862	1447.0000
720	0.7144	0.6391	0.5049	0.6890	0.1251	0.8197	19.4000	0.1087	1411.0000	254.0000	0.1800	1414.0000
721	0.6994	0.6424	0.5160	0.6838	0.1221	0.8127	19.7000	0.1044	1446.0000	264.0000	0.1826	1448.0000
722	0.6896	0.6403	0.5015	0.6764	0.1139	0.8050	19.5000	0.1060	1446.0000	278.0000	0.1923	1448.0000
723	0.7273	0.6391	0.5088	0.6996	0.1213	0.8197	19.7000	0.1005	1455.0000	250.0000	0.1718	1459.0000
724	0.6989	0.6358	0.5030	0.6637	0.0993	0.7968	19.4000	0.0980	1498.0000	277.0000	0.1849	1500.0000
725	0.7247	0.6386	0.5092	0.6996	0.1266	0.8191	19.5000	0.1009	1421.0000	264.0000	0.1858	1423.0000
726	0.6815	0.6411	0.5070	0.6667	0.1032	0.8089	19.8000	0.1034	1478.0000	267.0000	0.1806	1480.0000
727	0.7286	0.6341	0.4970	0.6811	0.1224	0.8172	19.6000	0.1048	1432.0000	255.0000	0.1781	1434.0000
728	0.7257	0.6399	0.5150	0.6823	0.1291	0.8188	19.4000	0.0886	1464.0000	266.0000	0.1817	1472.0000
729	0.7021	0.6391	0.5061	0.6591	0.1012	0.8058	19.6000	0.1021	1506.0000	263.0000	0.1746	1508.0000
730	0.7225	0.6399	0.5110	0.6707	0.1119	0.8093	19.5000	0.1075	1450.0000	257.0000	0.1772	1452.0000
731	0.7076	0.6395	0.5058	0.6756	0.1196	0.8099	19.6000	0.1032	1438.0000	256.0000	0.1780	1440.0000
732	0.7157	0.6407	0.5064	0.6758	0.1024	0.7992	19.3000	0.1038	1478.0000	283.0000	0.1915	1480.0000
733	0.7119	0.6378	0.5038	0.6649	0.0990	0.7972	19.5000	0.1072	1480.0000	260.0000	0.1757	1482.0000
734	0.7018	0.6362	0.5043	0.6493	0.1098	0.8037	19.3000	0.0966	1467.0000	270.0000	0.1840	1469.0000
735	0.7002	0.6452	0.5069	0.6712	0.1121	0.8157	19.6000	0.1099	1448.0000	259.0000	0.1789	1451.0000
736	0.6906	0.6399	0.5147	0.6855	0.1185	0.8014	19.5000	0.1050	1454.0000	280.0000	0.1926	1456.0000
737	0.7279	0.6419	0.5057	0.6554	0.1045	0.8110	19.6000	0.1005	1514.0000	277.0000	0.1830	1516.0000
738	0.7180	0.6415	0.5140	0.6779	0.1223	0.8147	19.6000	0.0994	1565.0000	272.0000	0.1738	1567.0000
739	0.7050	0.6407	0.5080	0.6777	0.1077	0.8121	19.5000	0.1028	1419.0000	261.0000	0.1839	1421.0000
740	0.6895	0.6391	0.5112	0.6607	0.1055	0.8080	19.7000	0.0998	1469.0000	259.0000	0.1763	1471.0000
741	0.7363	0.6308	0.4939	0.6702	0.0995	0.8142	19.8000	0.0941	1443.0000	260.0000	0.1802	1445.0000
742	0.7370	0.6341	0.5028	0.6848	0.1170	0.8228	19.7000	0.0807	1426.0000	250.0000	0.1753	1428.0000
743	0.7110	0.6436	0.5192	0.6849	0.1225	0.8258	19.4000	0.0876	1474.0000	258.0000	0.1750	1476.0000
744	0.6943	0.6399	0.5027	0.6730	0.1009	0.7950	19.3000	0.1137	1453.0000	279.0000	0.1920	1455.0000
745	0.7278	0.6366	0.5007	0.6529	0.1189	0.8029	19.4000	0.1104	1511.0000	275.0000	0.1820	1513.0000
746	0.7047	0.6362	0.5078	0.6910	0.1130	0.8081	19.6000	0.0925	1461.0000	283.0000	0.1937	1463.0000
747	0.7138	0.6415	0.4994	0.6703	0.1122	0.8078	19.8000	0.0879	1457.0000	267.0000	0.1833	1459.0000
748	0.7355	0.6403	0.5132	0.6912	0.1094	0.8080	19.8000	0.1004	1438.0000	266.0000	0.1850	1440.0000
749	0.7074	0.6386	0.5069	0.6694	0.1060	0.7984	19.2000	0.1037	1478.0000	282.0000	0.1908	1480.0000
750	0.7140	0.6407	0.5108	0.6637	0.1072	0.8064	19.4000	0.1019	1515.0000	268.0000	0.1769	1517.0000
751	0.7216	0.6370	0.5083	0.6753	0.1226	0.8206	19.7000	0.1105	1461.0000	257.0000	0.1759	1463.0000
752	0.7210	0.6325	0.4954	0.6832	0.1119	0.8116	19.4000	0.1089	1392.0000	263.0000	0.1889	1394.0000
753	0.7220	0.6415	0.5086	0.6825	0.1221	0.8144	19.5000	0.1052	1459.0000	266.0000	0.1823	1461.0000
754	0.7142	0.6403	0.5048	0.6715	0.1037	0.8161	19.5000	0.0945	1516.0000	270.0000	0.1781	1518.0000
755	0.7105	0.6382	0.5077	0.6844	0.1129	0.8157	19.6000	0.0807	1448.0000	255.0000	0.1761	1450.0000
756	0.7153	0.6403	0.5010	0.6884	0.1200	0.8241	19.4000	0.0985	1435.0000	253.0000	0.1763	1437.0000
757	0.7124	0.6386	0.5001	0.6550	0.1130	0.8061	19.7000	0.0856	1389.0000	284.0000	0.2045	1391.0000
758	0.7046	0.6382	0.5135	0.6796	0.1244	0.8181	19.2000	0.1041	1428.0000	255.0000	0.1786	1430.0000
759	0.7157	0.6432	0.5105	0.6724	0.0958	0.8033	19.7000	0.0928	1506.0000	284.0000	0.1886	1508.0000
760	0.7157	0.6436	0.5018	0.6785	0.1037	0.8083	19.4000	0.0952	1518.0000	264.0000	0.1739	1520.0000
761	0.6913	0.6399	0.5104	0.6883	0.1217	0.8059	19.3000	0.0973	1469.0000	268.0000	0.1824	1471.0000
762	0.6809	0.6395	0.5099	0.6776	0.0913	0.8023	19.4000	0.1024	1434.0000	269.0000	0.1876	1436.0000
763	0.7108	0.6349	0.5088	0.6754	0.1106	0.8047	19.8000	0.1093	1438.0000	271.0000	0.1885	1440.0000
764	0.7153	0.6411	0.5123	0.6617	0.1070	0.8141	19.5000	0.0919	1511.0000	268.0000	0.1774	1514.0000
765	0.7018	0.6341	0.5099	0.7014	0.1132	0.8143	19.5000	0.1022	1496.0000	246.0000	0.1644	1498.0000
766	0.7113	0.6370	0.5034	0.6801	0.1188	0.8185	19.6000	0.0957	1473.0000	262.0000	0.1779	1476.0000
767	0.6978	0.6374	0.5035	0.6772	0.0941	0.7987	19.6000	0.1076	1407.0000	266.0000	0.1891	1409.0000
768	0.7070	0.6403	0.5052	0.6662	0.1229	0.8059	19.6000	0.1180	1439.0000	267.0000	0.1855	1441.0000
769	0.7243	0.6403	0.5107	0.6734	0.1250	0.8255	19.6000	0.1040	1416.0000	270.0000	0.1907	1418.0000
770	0.7079	0.6370	0.4981	0.6655	0.0991	0.8085	19.8000	0.0807	1529.0000	274.0000	0.1792	1531.0000
771	0.7241	0.6370	0.5011	0.6640	0.1173	0.8203	19.7000	0.0878	1452.0000	254.0000	0.1749	1454.0000
772	0.7146	0.6329	0.5019	0.6877	0.0983	0.8061	19.7000	0.0988	1455.0000	248.0000	0.1704	1459.0000
773	0.7044	0.6407	0.5096	0.6929	0.1252	0.8071	19.6000	0.1136	1410.0000	275.0000	0.1950	1412.0000
774	0.7175	0.6370	0.5048	0.6653	0.0956	0.7947	19.6000	0.1070	1495.0000	268.0000	0.1793	1497.0000
775	0.7218	0.6325	0.5054	0.6599	0.1232	0.8119	19.6000	0.1179	1438.0000	261.0000	0.1815	1440.0000
776	0.7084	0.6325	0.5008	0.6737	0.0898	0.7904	19.6000	0.1151	1397.0000	281.0000	0.2011	1399.0000
777	0.7022	0.6424	0.5171	0.6762	0.1121	0.8109	19.5000	0.0937	1502.0000	277.0000	0.1844	1504.0000
778	0.6953	0.6395	0.5024	0.6857	0.1138	0.8225	19.5000	0.0920	1500.0000	249.0000	0.1660	1502.0000
779	0.6987	0.6415	0.5097	0.6616	0.1004	0.7976	19.6000	0.1146	1447.0000	273.0000	0.1887	1449.0000
780	0.7001	0.6391	0.5055	0.6767	0.1147	0.8159	19.6000	0.1003	1535.0000	276.0000	0.1798	1537.0000
781	0.7388	0.6403	0.5105	0.6697	0.1150	0.8134	19.6000	0.0939	1482.0000	268.0000	0.1808	1486.0000
782	0.6839	0.6411	0.4959	0.6727	0.1173	0.7922	19.9000	0.1185	1443.0000	276.0000	0.1913	1445.0000
783	0.7168	0.6415	0.5086	0.6719	0.1164	0.8128	19.8000	0.1065	1443.0000	269.0000	0.1864	1445.0000
784	0.7269	0.6407	0.5060	0.6671	0.1202	0.8272	19.7000	0.0958	1449.0000	273.0000	0.1884	1451.0000
785	0.6771	0.6386	0.5026	0.6590	0.0997	0.8041	19.6000	0.1027	1456.0000	274.0000	0.1882	1458.0000
786	0.7199	0.6354	0.5008	0.6754	0.1016	0.8006	19.3000	0.0950	1471.0000	282.0000	0.1917	1473.0000
787	0.7092	0.6378	0.5026	0.6803	0.1173	0.8162	19.5000	0.0982	1475.0000	269.0000	0.1824	1477.0000
788	0.7033	0.6374	0.5002	0.6619	0.1088	0.7997	19.8000	0.1038	1493.0000	275.0000	0.1842	1495.0000
789	0.7001	0.6378	0.5038	0.6884	0.1042	0.8031	19.3000	0.0864	1407.0000	259.0000	0.1841	1410.0000
790	0.7075	0.6391	0.5060	0.6696	0.1058	0.8059	19.5000	0.1001	1442.0000	268.0000	0.1859	1444.0000
791	0.6556	0.6399	0.5112	0.6567	0.1114	0.7917	19.3000	0.1198	1494.0000	273.0000	0.1827	1496.0000
792	0.6868	0.6403	0.5083	0.6601	0.1238	0.8150	19.6000	0.1024	1502.0000	253.0000	0.1684	1504.0000
793	0.7266	0.6362	0.5080	0.6578	0.1209	0.8056	19.5000	0.0961	1445.0000	274.0000	0.1896	1447.0000
794	0.7020	0.6333	0.5033	0.6672	0.1110	0.8012	19.7000	0.0900	1470.0000	277.0000	0.1884	1472.0000
795	0.7493	0.6407	0.5088	0.6790	0.1278	0.8250	19.9000	0.1082	1435.0000	257.0000	0.1791	1437.0000
796	0.7114	0.6378	0.5030	0.6640	0.1008	0.8100	19.3000	0.0752	1482.0000	275.0000	0.1856	1484.0000
797	0.7172	0.6374	0.5093	0.6716	0.1075	0.8087	19.4000	0.1027	1482.0000	260.0000	0.1754	1484.0000
798	0.7010	0.6349	0.5051	0.6852	0.1088	0.8132	19.4000	0.0998	1461.0000	260.0000	0.1780	1463.0000
799	0.7183	0.6407	0.5072	0.6849	0.1101	0.7984	19.4000	0.0969	1446.0000	279.0000	0.1929	1449.0000
800	0.6784	0.6407	0.5090	0.6607	0.1120	0.8056	20.1000	0.1018	1463.0000	278.0000	0.1900	1465.0000
801	0.6818	0.6378	0.4971	0.6622	0.1165	0.8045	19.3000	0.1050	1513.0000	280.0000	0.1851	1515.0000
802	0.7050	0.6415	0.5038	0.6698	0.1068	0.8014	19.6000	0.0990	1439.0000	277.0000	0.1925	1441.0000
803	0.7333	0.6428	0.5057	0.6733	0.1128	0.8228	19.6000	0.0975	1499.0000	257.0000	0.1714	1501.0000
804	0.7399	0.6378	0.5118	0.6840	0.1197	0.8108	19.5000	0.0950	1455.0000	271.0000	0.1863	1457.0000
805	0.7019	0.6345	0.5081	0.6858	0.0993	0.8082	19.7000	0.0970	1452.0000	271.0000	0.1866	1454.0000
806	0.7095	0.6366	0.5113	0.6606	0.1279	0.8132	19.8000	0.1158	1501.0000	264.0000	0.1759	1503.0000
807	0.6712	0.6428	0.5077	0.6951	0.0919	0.8043	19.4000	0.0937	1480.0000	265.0000	0.1791	1482.0000
808	0.6931	0.6403	0.5089	0.6881	0.1103	0.8022	19.5000	0.1090	1416.0000	252.0000	0.1780	1418.0000
809	0.7044	0.6415	0.5031	0.6708	0.1136	0.8057	19.6000	0.1034	1438.0000	287.0000	0.1996	1440.0000
810	0.7089	0.6374	0.5099	0.6949	0.1286	0.8165	19.2000	0.1100	1438.0000	255.0000	0.1773	1441.0000
811	0.7036	0.6411	0.5075	0.6940	0.1082	0.8219	19.6000	0.0888	1483.0000	257.0000	0.1733	1485.0000
812	0.6857	0.6374	0.5024	0.6611	0.0950	0.7877	19.7000	0.0860	1453.0000	266.0000	0.1831	1455.0000
813	0.6937	0.6399	0.5072	0.6591	0.0978	0.8042	19.6000	0.1027	1506.0000	266.0000	0.1766	1508.0000
814	0.6978	0.6407	0.5070	0.6881	0.1146	0.8127	19.8000	0.1085	1482.0000	253.0000	0.1707	1484.0000
815	0.7341	0.6374	0.5038	0.6761	0.1253	0.8254	19.7000	0.0928	1513.0000	256.0000	0.1692	1515.0000
816	0.7080	0.6395	0.5123	0.6644	0.1274	0.8172	19.5000	0.1059	1481.0000	259.0000	0.1749	1483.0000
817	0.6922	0.6419	0.5031	0.6809	0.0978	0.8062	19.6000	0.0878	1465.0000	271.0000	0.1850	1467.0000
818	0.7080	0.6337	0.5014	0.6824	0.1144	0.7982	19.7000	0.1047	1426.0000	274.0000	0.1921	1429.0000
819	0.7377	0.6316	0.5002	0.6653	0.1047	0.8129	19.4000	0.1039	1430.0000	274.0000	0.1916	1432.0000
820	0.7096	0.6386	0.5000	0.6799	0.1188	0.8074	19.6000	0.1091	1439.0000	268.0000	0.1862	1441.0000
821	0.6848	0.6370	0.5068	0.6731	0.0913	0.7938	19.7000	0.0966	1454.0000	274.0000	0.1884	1456.0000
822	0.7235	0.6395	0.5088	0.6892	0.1223	0.8146	19.9000	0.1090	1409.0000	253.0000	0.1796	1413.0000
823	0.7472	0.6415	0.5134	0.6655	0.1203	0.8122	19.4000	0.1109	1434.0000	275.0000	0.1918	1436.0000
824	0.7116	0.6436	0.5079	0.6878	0.1027	0.8027	19.7000	0.1031	1467.0000	269.0000	0.1834	1469.0000
825	0.7101	0.6333	0.5012	0.6771	0.1051	0.8060	19.6000	0.1029	1446.0000	278.0000	0.1923	1448.0000
826	0.6669	0.6411	0.5079	0.6852	0.1045	0.8130	19.9000	0.0956	1517.0000	254.0000	0.1674	1519.0000
827	0.7020	0.6403	0.5156	0.6862	0.1037	0.8175	19.7000	0.1072	1468.0000	264.0000	0.1798	1470.0000
828	0.6847	0.6370	0.5122	0.6757	0.1059	0.7985	19.5000	0.0966	1467.0000	262.0000	0.1786	1469.0000
829	0.7328	0.6391	0.4966	0.6636	0.1082	0.8003	19.5000	0.1008	1436.0000	270.0000	0.1880	1438.0000
830	0.7014	0.6407	0.5004	0.6744	0.1163	0.8140	19.4000	0.1042	1418.0000	257.0000	0.1812	1420.0000
831	0.7113	0.6428	0.5073	0.6813	0.1243	0.8080	19.7000	0.0925	1499.0000	267.0000	0.1781	1503.0000
832	0.7144	0.6444	0.5141	0.6918	0.1110	0.8144	19.3000	0.1002	1405.0000	260.0000	0.1851	1407.0000
833	0.6878	0.6395	0.5165	0.6894	0.1073	0.7965	19.7000	0.0977	1419.0000	278.0000	0.1959	1421.0000
834	0.6916	0.6407	0.5099	0.6720	0.1228	0.7997	19.7000	0.1134	1540.0000	280.0000	0.1818	1542.0000
835	0.7356	0.6362	0.4975	0.6699	0.1175	0.8261	19.3000	0.0957	1469.0000	253.0000	0.1722	1471.0000
836	0.7107	0.6354	0.5078	0.6652	0.1315	0.8077	19.8000	0.1164	1454.0000	265.0000	0.1823	1457.0000
837	0.7202	0.6407	0.5013	0.6773	0.1096	0.8094	19.7000	0.0918	1468.0000	268.0000	0.1826	1470.0000
838	0.7229	0.6411	0.5057	0.6930	0.1022	0.8066	19.6000	0.1047	1408.0000	273.0000	0.1939	1410.0000
839	0.6868	0.6415	0.5074	0.6738	0.1143	0.8065	19.4000	0.0991	1508.0000	273.0000	0.1810	1510.0000
840	0.7121	0.6399	0.5062	0.6518	0.1081	0.8040	20.1000	0.1083	1456.0000	282.0000	0.1937	1458.0000
841	0.7047	0.6415	0.5073	0.6900	0.1180	0.8123	19.4000	0.0998	1433.0000	271.0000	0.1891	1435.0000
842	0.7253	0.6415	0.5125	0.6715	0.1147	0.8074	19.7000	0.0990	1520.0000	272.0000	0.1789	1523.0000
843	0.6947	0.6366	0.4989	0.6612	0.1228	0.8131	19.7000	0.0954	1507.0000	265.0000	0.1758	1509.0000
844	0.6902	0.6411	0.5048	0.6726	0.0960	0.7919	19.4000	0.0973	1469.0000	285.0000	0.1940	1471.0000
845	0.7238	0.6452	0.5080	0.6777	0.1223	0.8146	19.3000	0.0890	1456.0000	254.0000	0.1745	1458.0000
846	0.7400	0.6395	0.5124	0.6812	0.1062	0.8075	19.8000	0.1140	1479.0000	279.0000	0.1886	1481.0000
847	0.7291	0.6391	0.5111	0.6800	0.1289	0.8185	19.8000	0.1163	1446.0000	263.0000	0.1819	1448.0000
848	0.7212	0.6391	0.5091	0.6672	0.1209	0.8079	19.5000	0.0952	1426.0000	274.0000	0.1921	1428.0000
849	0.7199	0.6391	0.5110	0.6883	0.1154	0.8194	19.8000	0.1076	1414.0000	263.0000	0.1860	1417.0000
850	0.7063	0.6415	0.5103	0.6650	0.1227	0.8182	19.3000	0.1052	1440.0000	259.0000	0.1799	1443.0000
851	0.7038	0.6436	0.5051	0.6856	0.1190	0.8227	19.7000	0.0871	1451.0000	264.0000	0.1819	1453.0000
852	0.7273	0.6481	0.5093	0.6560	0.1292	0.8190	19.8000	0.1034	1555.0000	268.0000	0.1723	1557.0000
853	0.6951	0.6452	0.5143	0.6899	0.1402	0.8140	19.4000	0.1182	1438.0000	255.0000	0.1773	1442.0000
854	0.6893	0.6366	0.5082	0.6608	0.1089	0.8056	19.5000	0.1050	1413.0000	277.0000	0.1960	1415.0000
855	0.7414	0.6403	0.5064	0.6867	0.1309	0.8300	19.4000	0.0890	1481.0000	255.0000	0.1722	1483.0000
856	0.6982	0.6395	0.5102	0.6661	0.0993	0.7977	19.7000	0.1010	1469.0000	283.0000	0.1926	1471.0000
857	0.6963	0.6354	0.5085	0.6603	0.0951	0.7923	19.4000	0.1162	1418.0000	269.0000	0.1897	1421.0000
858	0.7032	0.6370	0.5025	0.6674	0.1166	0.8199	19.8000	0.1010	1470.0000	259.0000	0.1762	1472.0000
859	0.7005	0.6337	0.5023	0.6675	0.1225	0.8160	19.6000	0.1056	1483.0000	245.0000	0.1652	1486.0000
860	0.7095	0.6382	0.5043	0.6756	0.1115	0.8066	19.6000	0.1093	1458.0000	276.0000	0.1893	1460.0000
861	0.6923	0.6370	0.5116	0.6657	0.1154	0.8058	19.5000	0.1037	1505.0000	269.0000	0.1787	1507.0000
862	0.7206	0.6419	0.5068	0.6747	0.1244	0.8108	19.8000	0.1062	1462.0000	284.0000	0.1943	1464.0000
863	0.7076	0.6386	0.5061	0.6925	0.1096	0.8006	19.6000	0.1042	1456.0000	272.0000	0.1868	1458.0000
864	0.6925	0.6407	0.5006	0.6654	0.0902	0.8022	19.3000	0.1154	1445.0000	276.0000	0.1910	1448.0000
865	0.6956	0.6399	0.5112	0.6654	0.1276	0.8164	19.6000	0.1075	1474.0000	268.0000	0.1818	1476.0000
866	0.7126	0.6432	0.5134	0.6688	0.1299	0.8175	19.2000	0.1013	1507.0000	258.0000	0.1712	1509.0000
867	0.6811	0.6440	0.5044	0.6795	0.1222	0.8150	19.4000	0.1095	1551.0000	262.0000	0.1689	1553.0000
868	0.6981	0.6362	0.5039	0.6780	0.1145	0.8052	19.8000	0.0973	1489.0000	252.0000	0.1692	1492.0000
869	0.7185	0.6415	0.5097	0.6770	0.1059	0.8176	19.5000	0.0902	1459.0000	270.0000	0.1851	1461.0000
870	0.6889	0.6415	0.5077	0.6892	0.1011	0.8151	19.6000	0.1006	1466.0000	261.0000	0.1780	1468.0000
871	0.7228	0.6428	0.5135	0.6754	0.1181	0.8140	19.4000	0.0957	1447.0000	273.0000	0.1887	1449.0000
872	0.6917	0.6403	0.4991	0.6888	0.1167	0.8113	19.8000	0.1127	1491.0000	261.0000	0.1751	1493.0000
873	0.7183	0.6399	0.5015	0.6693	0.1233	0.8137	19.6000	0.1047	1477.0000	259.0000	0.1754	1479.0000
874	0.7115	0.6386	0.5034	0.6674	0.1209	0.8138	19.5000	0.0953	1479.0000	248.0000	0.1677	1481.0000
875	0.6916	0.6316	0.5021	0.6614	0.0887	0.7970	19.2000	0.1005	1447.0000	270.0000	0.1866	1449.0000
876	0.7153	0.6382	0.5055	0.6892	0.1119	0.8087	19.6000	0.0939	1400.0000	267.0000	0.1907	1403.0000
877	0.7051	0.6370	0.5026	0.6804	0.1111	0.8034	19.8000	0.1028	1413.0000	267.0000	0.1890	1415.0000
878	0.7137	0.6399	0.5027	0.6871	0.1168	0.8123	19.4000	0.1047	1456.0000	269.0000	0.1848	1458.0000
879	0.6977	0.6374	0.5052	0.6648	0.1176	0.8094	19.6000	0.1075	1480.0000	267.0000	0.1804	1482.0000
880	0.6843	0.6345	0.5010	0.6638	0.0914	0.7896	19.6000	0.1079	1458.0000	276.0000	0.1893	1460.0000
881	0.6919	0.6444	0.5076	0.6854	0.1104	0.8010	19.5000	0.1181	1518.0000	278.0000	0.1831	1520.0000
882	0.7527	0.6362	0.5012	0.6849	0.1264	0.8257	19.0000	0.1066	1416.0000	257.0000	0.1815	1418.0000
883	0.7092	0.6382	0.5075	0.6906	0.1157	0.8184	19.5000	0.1023	1449.0000	254.0000	0.1753	1452.0000
884	0.7135	0.6411	0.5120	0.6760	0.1252	0.8070	19.6000	0.1114	1478.0000	259.0000	0.1752	1481.0000
885	0.6967	0.6391	0.4985	0.6632	0.1166	0.8141	19.6000	0.0909	1421.0000	239.0000	0.1682	1423.0000
886	0.7059	0.6403	0.5119	0.6811	0.1096	0.8026	19.6000	0.0973	1447.0000	266.0000	0.1838	1449.0000
887	0.7057	0.6292	0.5019	0.6822	0.1091	0.8103	19.6000	0.1023	1407.0000	266.0000	0.1891	1410.0000
888	0.6937	0.6354	0.5111	0.6749	0.1373	0.8116	19.7000	0.1156	1502.0000	268.0000	0.1784	1505.0000
889	0.7181	0.6366	0.5057	0.6513	0.1104	0.8079	19.8000	0.1052	1505.0000	285.0000	0.1894	1507.0000
890	0.7255	0.6374	0.5010	0.6599	0.1266	0.8089	19.4000	0.1065	1441.0000	270.0000	0.1874	1443.0000
891	0.6853	0.6444	0.5101	0.6808	0.0934	0.7912	19.6000	0.1031	1489.0000	281.0000	0.1887	1491.0000
892	0.7203	0.6411	0.5112	0.6955	0.1099	0.8097	19.8000	0.1021	1497.0000	269.0000	0.1797	1499.0000
893	0.6951	0.6391	0.5034	0.6761	0.1105	0.8080	19.5000	0.0947	1453.0000	262.0000	0.1803	1455.0000
894	0.7127	0.6358	0.5022	0.6834	0.1246	0.8120	19.7000	0.1109	1474.0000	254.0000	0.1723	1476.0000
895	0.6981	0.6407	0.5046	0.6681	0.0967	0.8011	19.2000	0.0988	1475.0000	257.0000	0.1742	1477.0000
896	0.7137	0.6349	0.5060	0.6867	0.1187	0.8137	19.4000	0.0999	1411.0000	261.0000	0.1850	1413.0000
897	0.6969	0.6349	0.5039	0.6641	0.1065	0.8133	19.4000	0.0991	1499.0000	256.0000	0.1708	1503.0000
898	0.6869	0.6382	0.5004	0.6575	0.0933	0.7923	19.8000	0.1057	1508.0000	277.0000	0.1837	1510.0000
899	0.7165	0.6403	0.5110	0.6612	0.1161	0.8105	19.6000	0.1076	1511.0000	262.0000	0.1734	1513.0000
900	0.7111	0.6349	0.5058	0.6712	0.1204	0.8140	19.6000	0.1031	1474.0000	265.0000	0.1798	1476.0000
901	0.7128	0.6374	0.5019	0.6926	0.1103	0.8142	19.4000	0.0941	1416.0000	263.0000	0.1857	1418.0000
902	0.7148	0.6428	0.5041	0.6730	0.1100	0.8091	19.8000	0.1063	1463.0000	278.0000	0.1900	1466.0000
903	0.7185	0.6349	0.5001	0.6579	0.1076	0.8118	19.4000	0.1040	1407.0000	272.0000	0.1933	1409.0000
904	0.7083	0.6378	0.4965	0.6645	0.1218	0.8122	19.7000	0.0949	1466.0000	260.0000	0.1774	1468.0000
905	0.7147	0.6358	0.5031	0.6787	0.1090	0.8135	19.6000	0.1124	1449.0000	258.0000	0.1781	1451.0000
906	0.6905	0.6399	0.5114	0.6790	0.1172	0.8178	19.6000	0.1077	1463.0000	257.0000	0.1757	1466.0000
907	0.7167	0.6399	0.5082	0.6748	0.1101	0.7992	19.6000	0.0981	1483.0000	281.0000	0.1895	1485.0000
908	0.6923	0.6374	0.5030	0.6851	0.1240	0.8133	19.6000	0.0985	1437.0000	257.0000	0.1788	1439.0000
909	0.7249	0.6407	0.5035	0.6767	0.1201	0.8055	19.3000	0.1114	1498.0000	274.0000	0.1829	1501.0000
910	0.7258	0.6391	0.5097	0.6983	0.1348	0.8192	19.7000	0.1014	1433.0000	264.0000	0.1842	1437.0000
911	0.7239	0.6378	0.5124	0.6716	0.1099	0.8061	19.8000	0.1045	1476.0000	267.0000	0.1809	1478.0000
912	0.7039	0.6407	0.5116	0.6798	0.1094	0.8045	20.0000	0.1065	1471.0000	271.0000	0.1842	1473.0000
913	0.7080	0.6370	0.5054	0.6925	0.1113	0.8058	19.7000	0.0993	1422.0000	246.0000	0.1730	1424.0000
914	0.7150	0.6403	0.5032	0.6642	0.1178	0.8144	19.6000	0.1012	1416.0000	263.0000	0.1857	1419.0000
915	0.7138	0.6415	0.5121	0.6874	0.1252	0.8124	19.6000	0.1030	1466.0000	258.0000	0.1760	1471.0000
916	0.6915	0.6403	0.5080	0.6942	0.1100	0.8212	19.6000	0.0906	1412.0000	254.0000	0.1799	1414.0000
917	0.6844	0.6403	0.5062	0.6717	0.1200	0.8077	19.4000	0.1137	1395.0000	262.0000	0.1878	1397.0000
918	0.6858	0.6432	0.5136	0.6724	0.1234	0.8163	19.4000	0.0962	1499.0000	256.0000	0.1708	1501.0000
919	0.7069	0.6362	0.4994	0.6888	0.1180	0.8106	19.7000	0.0951	1482.0000	262.0000	0.1768	1484.0000
920	0.7083	0.6382	0.5041	0.6889	0.0986	0.8115	19.6000	0.0930	1401.0000	257.0000	0.1834	1404.0000
921	0.7113	0.6391	0.5044	0.6670	0.1261	0.8236	19.6000	0.0899	1553.0000	269.0000	0.1732	1555.0000
922	0.7022	0.6349	0.5023	0.6719	0.0939	0.7960	19.7000	0.0904	1494.0000	277.0000	0.1854	1496.0000
923	0.7030	0.6395	0.5029	0.6633	0.1044	0.8034	19.4000	0.1030	1467.0000	270.0000	0.1840	1469.0000
924	0.7128	0.6366	0.5038	0.6728	0.1167	0.8098	19.3000	0.1052	1477.0000	276.0000	0.1869	1479.0000
925	0.7175	0.6386	0.5074	0.6718	0.1067	0.8118	19.8000	0.1021	1478.0000	265.0000	0.1793	1480.0000
926	0.6752	0.6395	0.5043	0.6824	0.0973	0.8100	19.5000	0.1094	1402.0000	265.0000	0.1890	1404.0000
927	0.7106	0.6386	0.5071	0.6679	0.1119	0.7976	19.4000	0.0920	1477.0000	280.0000	0.1896	1479.0000
928	0.7225	0.6358	0.4979	0.6673	0.0976	0.8035	19.5000	0.1093	1433.0000	268.0000	0.1870	1435.0000
929	0.7048	0.6424	0.5075	0.6730	0.1152	0.8236	19.4000	0.0962	1459.0000	255.0000	0.1748	1461.0000
930	0.7247	0.6374	0.5034	0.6776	0.1169	0.8205	19.6000	0.0927	1462.0000	261.0000	0.1785	1464.0000
931	0.7112	0.6333	0.5075	0.6786	0.1142	0.8145	19.6000	0.1074	1432.0000	256.0000	0.1788	1435.0000
932	0.7080	0.6403	0.5110	0.6622	0.1189	0.8137	19.6000	0.1026	1498.0000	267.0000	0.1782	1500.0000
933	0.7054	0.6436	0.5103	0.6575	0.0983	0.7990	19.9000	0.1074	1479.0000	285.0000	0.1927	1481.0000
934	0.7237	0.6391	0.5011	0.6690	0.1079	0.8204	19.7000	0.0914	1465.0000	258.0000	0.1761	1467.0000
935	0.6966	0.6399	0.5059	0.6799	0.1231	0.8112	19.4000	0.1188	1453.0000	263.0000	0.1810	1455.0000
936	0.7176	0.6403	0.5058	0.6738	0.1090	0.8005	19.5000	0.1164	1405.0000	268.0000	0.1907	1407.0000
937	0.6891	0.6399	0.5098	0.6658	0.1086	0.8129	19.3000	0.1028	1452.0000	264.0000	0.1818	1454.0000
938	0.6995	0.6366	0.5034	0.6794	0.1001	0.8093	19.4000	0.0975	1455.0000	267.0000	0.1835	1457.0000
939	0.7148	0.6440	0.5136	0.6613	0.1216	0.8116	19.3000	0.1086	1482.0000	276.0000	0.1862	1484.0000
940	0.7192	0.6428	0.5095	0.6881	0.1432	0.8292	19.7000	0.1044	1512.0000	251.0000	0.1660	1514.0000
941	0.7314	0.6403	0.5103	0.6852	0.1356	0.8231	19.5000	0.0931	1471.0000	246.0000	0.1672	1475.0000
942	0.6879	0.6407	0.5073	0.6881	0.1160	0.8010	19.4000	0.1241	1445.0000	264.0000	0.1827	1447.0000
943	0.6905	0.6399	0.5094	0.6737	0.1026	0.8032	19.7000	0.1122	1426.0000	265.0000	0.1858	1428.0000
944	0.7102	0.6386	0.5050	0.6572	0.1076	0.8069	19.6000	0.1024	1499.0000	274.0000	0.1828	1501.0000
945	0.6971	0.6374	0.5039	0.6804	0.1194	0.7991	19.5000	0.1147	1442.0000	247.0000	0.1713	1444.0000
946	0.7257	0.6411	0.5081	0.6774	0.1163	0.8115	19.8000	0.0866	1502.0000	255.0000	0.1698	1506.0000
947	0.6807	0.6382	0.5058	0.6747	0.1084	0.8100	19.4000	0.0960	1482.0000	266.0000	0.1795	1484.0000
948	0.6779	0.6395	0.5039	0.6713	0.0918	0.7949	19.5000	0.1131	1473.0000	277.0000	0.1881	1475.0000
949	0.7086	0.6415	0.5088	0.6738	0.1229	0.8064	19.8000	0.1023	1497.0000	269.0000	0.1797	1499.0000
950	0.7169	0.6382	0.5079	0.6793	0.1055	0.8032	19.6000	0.0914	1491.0000	282.0000	0.1891	1493.0000
951	0.7292	0.6386	0.5108	0.6846	0.1093	0.8057	19.4000	0.1066	1467.0000	280.0000	0.1909	1469.0000
952	0.7171	0.6382	0.5006	0.6602	0.1290	0.8145	19.3000	0.0998	1455.0000	259.0000	0.1780	1457.0000
953	0.6763	0.6440	0.5117	0.6920	0.0975	0.8108	19.5000	0.0829	1429.0000	257.0000	0.1798	1431.0000
954	0.7056	0.6366	0.5071	0.6954	0.1209	0.8111	19.5000	0.0913	1430.0000	263.0000	0.1839	1432.0000
955	0.7234	0.6403	0.5207	0.7112	0.1240	0.8282	19.4000	0.0986	1455.0000	252.0000	0.1732	1460.0000
956	0.7154	0.6374	0.4994	0.6766	0.1169	0.8173	19.6000	0.0903	1408.0000	255.0000	0.1811	1410.0000
957	0.7042	0.6415	0.5103	0.6572	0.1179	0.8110	19.5000	0.0865	1516.0000	274.0000	0.1807	1518.0000
958	0.7298	0.6354	0.5050	0.6811	0.1292	0.8077	19.6000	0.1012	1426.0000	257.0000	0.1802	1431.0000
959	0.7308	0.6407	0.5117	0.6476	0.1151	0.8101	19.8000	0.1005	1470.0000	266.0000	0.1810	1472.0000
960	0.6977	0.6374	0.4983	0.6874	0.1031	0.8033	19.6000	0.1028	1442.0000	254.0000	0.1761	1444.0000
961	0.6854	0.6436	0.5152	0.6766	0.1195	0.8102	19.5000	0.0954	1450.0000	263.0000	0.1814	1452.0000
962	0.6903	0.6391	0.4994	0.6802	0.1025	0.8098	19.7000	0.1039	1393.0000	262.0000	0.1881	1395.0000
963	0.7243	0.6424	0.5028	0.6797	0.1170	0.8105	19.5000	0.0922	1388.0000	268.0000	0.1931	1391.0000
964	0.7079	0.6391	0.5090	0.6713	0.1254	0.8094	19.7000	0.1015	1436.0000	256.0000	0.1783	1438.0000
965	0.6868	0.6399	0.5056	0.6828	0.1076	0.7997	19.3000	0.1100	1430.0000	279.0000	0.1951	1432.0000
966	0.7215	0.6403	0.5054	0.6785	0.1269	0.8133	19.3000	0.1024	1462.0000	263.0000	0.1799	1466.0000
967	0.7275	0.6399	0.5050	0.6941	0.1154	0.8189	19.6000	0.1058	1425.0000	265.0000	0.1860	1427.0000
968	0.7023	0.6374	0.5070	0.6829	0.1176	0.8058	19.5000	0.0987	1412.0000	258.0000	0.1827	1414.0000
969	0.6807	0.6378	0.5072	0.6750	0.1072	0.7980	19.4000	0.1002	1442.0000	274.0000	0.1900	1444.0000
970	0.6937	0.6415	0.5077	0.6666	0.1275	0.8116	19.6000	0.0973	1508.0000	267.0000	0.1771	1510.0000
971	0.6838	0.6399	0.5090	0.6777	0.1174	0.8089	19.6000	0.0962	1404.0000	261.0000	0.1859	1406.0000
972	0.6830	0.6415	0.5085	0.6909	0.1226	0.8200	19.9000	0.1031	1501.0000	253.0000	0.1686	1503.0000
973	0.7361	0.6341	0.5048	0.6912	0.1073	0.8200	19.5000	0.0860	1409.0000	248.0000	0.1760	1411.0000
974	0.7043	0.6374	0.5067	0.6741	0.1043	0.8168	19.5000	0.0777	1468.0000	264.0000	0.1798	1470.0000
975	0.7260	0.6403	0.5014	0.6747	0.1233	0.8186	19.4000	0.0998	1446.0000	269.0000	0.1860	1448.0000
976	0.7288	0.6366	0.5052	0.6696	0.1017	0.7952	19.8000	0.1179	1419.0000	283.0000	0.1994	1421.0000
977	0.7042	0.6395	0.5131	0.6874	0.1153	0.7951	19.9000	0.1210	1393.0000	257.0000	0.1845	1396.0000
978	0.7091	0.6316	0.5049	0.6663	0.1106	0.8094	19.5000	0.0983	1510.0000	261.0000	0.1728	1512.0000
979	0.6825	0.6358	0.5079	0.6747	0.1030	0.8042	19.5000	0.1009	1452.0000	259.0000	0.1784	1454.0000
980	0.7105	0.6370	0.4984	0.6673	0.0939	0.8083	19.4000	0.0844	1510.0000	265.0000	0.1755	1512.0000
981	0.6825	0.6337	0.5045	0.6766	0.0966	0.8027	19.5000	0.1050	1408.0000	255.0000	0.1811	1410.0000
982	0.6983	0.6374	0.5133	0.6867	0.1017	0.8184	19.9000	0.1074	1476.0000	266.0000	0.1802	1478.0000
983	0.7061	0.6419	0.5017	0.6763	0.1052	0.8014	19.8000	0.0960	1444.0000	271.0000	0.1877	1446.0000
984	0.7039	0.6316	0.5011	0.6692	0.0961	0.7938	19.3000	0.1091	1390.0000	278.0000	0.2000	1392.0000
985	0.7113	0.6382	0.5006	0.6836	0.0914	0.7970	19.4000	0.1019	1378.0000	279.0000	0.2025	1380.0000
986	0.7036	0.6382	0.5096	0.6864	0.1209	0.8125	19.6000	0.0938	1535.0000	260.0000	0.1694	1537.0000
987	0.6896	0.6382	0.5073	0.6848	0.0982	0.8094	19.8000	0.0973	1430.0000	249.0000	0.1741	1433.0000
988	0.7073	0.6391	0.5023	0.6823	0.1185	0.8041	19.5000	0.1102	1485.0000	260.0000	0.1751	1487.0000
989	0.7406	0.6419	0.5049	0.6748	0.1254	0.8218	19.5000	0.1029	1420.0000	266.0000	0.1873	1422.0000
990	0.7218	0.6378	0.5095	0.6964	0.1388	0.8388	19.7000	0.1000	1387.0000	237.0000	0.1709	1390.0000
991	0.7171	0.6407	0.5109	0.6740	0.1148	0.8093	19.6000	0.1100	1472.0000	263.0000	0.1787	1474.0000
992	0.6965	0.6354	0.5047	0.6957	0.1048	0.7910	19.6000	0.1036	1444.0000	283.0000	0.1960	1446.0000
993	0.6927	0.6374	0.5032	0.6699	0.1153	0.8082	19.6000	0.1105	1441.0000	262.0000	0.1818	1443.0000
994	0.6973	0.6370	0.5084	0.6670	0.1157	0.8115	19.7000	0.0890	1466.0000	266.0000	0.1814	1468.0000
995	0.6857	0.6370	0.5064	0.6762	0.0956	0.8106	19.7000	0.0952	1476.0000	258.0000	0.1748	1479.0000
996	0.7073	0.6374	0.5037	0.6715	0.1133	0.8035	19.5000	0.0981	1472.0000	274.0000	0.1861	1475.0000
997	0.7266	0.6407	0.5046	0.6908	0.1165	0.8147	19.1000	0.0873	1481.0000	259.0000	0.1749	1483.0000
998	0.7316	0.6386	0.5066	0.6716	0.1253	0.8028	19.6000	0.1020	1497.0000	275.0000	0.1837	1500.0000
999	0.7069	0.6391	0.5079	0.6637	0.1106	0.8026	19.7000	0.0924	1492.0000	285.0000	0.1910	1494.0000
1000	0.7218	0.6428	0.5092	0.6733	0.1291	0.8143	19.3000	0.1049	1456.0000	257.0000	0.1765	1458.0000
