accuracy	proportion	density	fuzziness	coverage	purity	sounds	missing	ubound	clusters	props	patterns
1	0.7610	0.8340	0.4639	0.6435	0.2764	0.8678	17.4000	0.0756	1495.0000	199.0000	0.1331	1503.0000
2	0.7890	0.8294	0.4646	0.6711	0.2682	0.8663	17.3000	0.0765	1408.0000	176.0000	0.1250	1410.0000
3	0.7902	0.8166	0.4646	0.6543	0.2622	0.8688	17.1000	0.0800	1386.0000	164.0000	0.1183	1390.0000
4	0.7985	0.8125	0.4629	0.6811	0.2556	0.8789	17.1000	0.0705	1282.0000	145.0000	0.1131	1285.0000
5	0.7819	0.8187	0.4748	0.6876	0.2571	0.8821	17.2000	0.0685	1287.0000	146.0000	0.1134	1293.0000
6	0.7941	0.8092	0.4683	0.6848	0.2488	0.8882	17.1000	0.0743	1266.0000	141.0000	0.1114	1270.0000
7	0.8059	0.8076	0.4736	0.6956	0.2548	0.8773	17.1000	0.0872	1196.0000	141.0000	0.1179	1198.0000
8	0.7995	0.8080	0.4755	0.7032	0.2541	0.8765	17.1000	0.0764	1249.0000	142.0000	0.1137	1259.0000
9	0.8089	0.8080	0.4751	0.6682	0.2495	0.8800	17.1000	0.0783	1247.0000	142.0000	0.1139	1249.0000
10	0.7968	0.8002	0.4668	0.7091	0.2542	0.8838	17.1000	0.0687	1206.0000	136.0000	0.1128	1221.0000
11	0.8114	0.8076	0.4776	0.6926	0.2491	0.8829	17.1000	0.0816	1204.0000	131.0000	0.1088	1208.0000
12	0.8230	0.8063	0.4774	0.6985	0.2518	0.8899	17.1000	0.0743	1213.0000	133.0000	0.1096	1220.0000
13	0.8151	0.8063	0.4724	0.6848	0.2517	0.8894	17.1000	0.0690	1262.0000	132.0000	0.1046	1264.0000
14	0.8142	0.8063	0.4722	0.6984	0.2486	0.8928	17.1000	0.0732	1210.0000	124.0000	0.1025	1212.0000
15	0.8061	0.8101	0.4822	0.7098	0.2556	0.8767	17.1000	0.0734	1234.0000	137.0000	0.1110	1237.0000
16	0.7768	0.8101	0.4733	0.6976	0.2529	0.8771	17.1000	0.0892	1190.0000	131.0000	0.1101	1193.0000
17	0.8147	0.8072	0.4758	0.7010	0.2499	0.8876	17.0000	0.0803	1177.0000	127.0000	0.1079	1189.0000
18	0.7882	0.8117	0.4794	0.6854	0.2502	0.8883	17.2000	0.0761	1228.0000	134.0000	0.1091	1230.0000
19	0.8230	0.8101	0.4790	0.7135	0.2502	0.8877	17.2000	0.0739	1236.0000	126.0000	0.1019	1241.0000
20	0.7931	0.8059	0.4712	0.6891	0.2484	0.8880	17.1000	0.0771	1220.0000	127.0000	0.1041	1229.0000
21	0.8100	0.8129	0.4816	0.6808	0.2519	0.8887	17.1000	0.0790	1223.0000	134.0000	0.1096	1228.0000
22	0.8142	0.8080	0.4735	0.6880	0.2441	0.8839	17.2000	0.0835	1165.0000	130.0000	0.1116	1170.0000
23	0.8194	0.8121	0.4793	0.7017	0.2527	0.8878	17.2000	0.0746	1222.0000	130.0000	0.1064	1228.0000
24	0.7886	0.8035	0.4709	0.6570	0.2480	0.8836	17.2000	0.0844	1279.0000	141.0000	0.1102	1286.0000
25	0.8206	0.8142	0.4794	0.7041	0.2500	0.8859	17.2000	0.0639	1221.0000	130.0000	0.1065	1228.0000
26	0.8064	0.8072	0.4749	0.6754	0.2458	0.8799	17.2000	0.0727	1196.0000	140.0000	0.1171	1198.0000
27	0.8240	0.8092	0.4735	0.6989	0.2515	0.8926	17.0000	0.0674	1176.0000	122.0000	0.1037	1184.0000
28	0.8123	0.8072	0.4767	0.6721	0.2513	0.8768	17.2000	0.0761	1169.0000	141.0000	0.1206	1175.0000
29	0.8054	0.8096	0.4805	0.6813	0.2497	0.8739	17.1000	0.0750	1191.0000	139.0000	0.1167	1194.0000
30	0.7943	0.8043	0.4730	0.7100	0.2483	0.8827	17.2000	0.0847	1166.0000	131.0000	0.1123	1169.0000
31	0.7990	0.8158	0.4814	0.7063	0.2553	0.8730	17.2000	0.0810	1265.0000	137.0000	0.1083	1272.0000
32	0.8267	0.8084	0.4751	0.6760	0.2484	0.8919	17.1000	0.0668	1256.0000	136.0000	0.1083	1262.0000
33	0.7991	0.8063	0.4742	0.6913	0.2482	0.8919	17.0000	0.0834	1221.0000	127.0000	0.1040	1223.0000
34	0.7870	0.8113	0.4766	0.7214	0.2503	0.8912	17.0000	0.0862	1187.0000	128.0000	0.1078	1191.0000
35	0.8262	0.8113	0.4789	0.6906	0.2515	0.8972	17.2000	0.0656	1195.0000	124.0000	0.1038	1198.0000
36	0.8120	0.8026	0.4730	0.7074	0.2484	0.8934	17.0000	0.0675	1177.0000	123.0000	0.1045	1182.0000
37	0.7821	0.8117	0.4780	0.6803	0.2491	0.8892	17.2000	0.0768	1215.0000	135.0000	0.1111	1222.0000
38	0.8170	0.7973	0.4698	0.6992	0.2529	0.8911	17.0000	0.0631	1176.0000	129.0000	0.1097	1181.0000
39	0.7973	0.8154	0.4795	0.7033	0.2533	0.8841	17.0000	0.0771	1235.0000	131.0000	0.1061	1240.0000
40	0.7983	0.8109	0.4772	0.6877	0.2514	0.8777	17.0000	0.0782	1225.0000	133.0000	0.1086	1228.0000
41	0.7930	0.7940	0.4700	0.7041	0.2512	0.8799	17.1000	0.0832	1177.0000	129.0000	0.1096	1185.0000
42	0.7870	0.8068	0.4825	0.7022	0.2518	0.8813	17.2000	0.1044	1196.0000	131.0000	0.1095	1207.0000
43	0.7893	0.8055	0.4790	0.7054	0.2508	0.8835	17.2000	0.0844	1207.0000	133.0000	0.1102	1209.0000
44	0.8016	0.8162	0.4808	0.6978	0.2558	0.8872	17.1000	0.0680	1185.0000	131.0000	0.1105	1189.0000
45	0.8211	0.8138	0.4856	0.6740	0.2516	0.8751	17.2000	0.0748	1241.0000	141.0000	0.1136	1245.0000
46	0.7974	0.8084	0.4694	0.6687	0.2473	0.8762	17.2000	0.0856	1190.0000	130.0000	0.1092	1206.0000
47	0.8062	0.8166	0.4856	0.6943	0.2527	0.8969	17.2000	0.0655	1223.0000	127.0000	0.1038	1225.0000
48	0.8133	0.8125	0.4776	0.6905	0.2465	0.8928	17.0000	0.0740	1233.0000	132.0000	0.1071	1235.0000
49	0.8241	0.8076	0.4742	0.6947	0.2521	0.8793	17.2000	0.0699	1171.0000	142.0000	0.1213	1173.0000
50	0.8188	0.8047	0.4692	0.7015	0.2489	0.8823	17.1000	0.0705	1164.0000	133.0000	0.1143	1166.0000
51	0.8144	0.8076	0.4795	0.6934	0.2534	0.8819	17.1000	0.0836	1186.0000	135.0000	0.1138	1195.0000
52	0.8269	0.8084	0.4739	0.6995	0.2462	0.8928	17.1000	0.0718	1170.0000	125.0000	0.1068	1172.0000
53	0.7958	0.8092	0.4766	0.6890	0.2541	0.8830	17.2000	0.0760	1231.0000	138.0000	0.1121	1239.0000
54	0.8171	0.8084	0.4814	0.6826	0.2501	0.8831	17.1000	0.0770	1260.0000	139.0000	0.1103	1262.0000
55	0.7878	0.8138	0.4798	0.7060	0.2512	0.8849	17.2000	0.0963	1227.0000	129.0000	0.1051	1229.0000
56	0.8051	0.7993	0.4700	0.6964	0.2486	0.8846	17.1000	0.0735	1215.0000	126.0000	0.1037	1220.0000
57	0.8120	0.8068	0.4748	0.7227	0.2540	0.8940	17.2000	0.0713	1214.0000	125.0000	0.1030	1221.0000
58	0.7922	0.8035	0.4754	0.6988	0.2508	0.8840	17.1000	0.0886	1231.0000	138.0000	0.1121	1237.0000
59	0.8029	0.8051	0.4726	0.7027	0.2516	0.8854	17.2000	0.0817	1183.0000	132.0000	0.1116	1191.0000
60	0.8038	0.8133	0.4748	0.6927	0.2458	0.8864	17.2000	0.0723	1243.0000	125.0000	0.1006	1245.0000
61	0.8013	0.8113	0.4768	0.7002	0.2552	0.8976	17.1000	0.0776	1224.0000	119.0000	0.0972	1232.0000
62	0.7915	0.8092	0.4770	0.6725	0.2509	0.8842	17.2000	0.0819	1205.0000	139.0000	0.1154	1221.0000
63	0.7942	0.8154	0.4807	0.6796	0.2507	0.8850	17.2000	0.0721	1193.0000	129.0000	0.1081	1199.0000
64	0.8120	0.8142	0.4814	0.6912	0.2508	0.8879	17.1000	0.0764	1233.0000	132.0000	0.1071	1235.0000
65	0.8096	0.8088	0.4773	0.6894	0.2500	0.8805	17.1000	0.0726	1174.0000	131.0000	0.1116	1176.0000
66	0.8091	0.8084	0.4798	0.7031	0.2505	0.8826	17.1000	0.0853	1222.0000	135.0000	0.1105	1226.0000
67	0.8175	0.8129	0.4823	0.7332	0.2559	0.8944	17.2000	0.0723	1202.0000	121.0000	0.1007	1204.0000
68	0.7915	0.8026	0.4664	0.6815	0.2471	0.8848	17.1000	0.0813	1186.0000	128.0000	0.1079	1190.0000
69	0.8129	0.8043	0.4678	0.7106	0.2478	0.8947	17.0000	0.0613	1177.0000	124.0000	0.1054	1183.0000
70	0.8087	0.8026	0.4723	0.6763	0.2481	0.8749	17.2000	0.0886	1188.0000	142.0000	0.1195	1195.0000
71	0.8042	0.8125	0.4798	0.6948	0.2522	0.8883	17.1000	0.0661	1214.0000	133.0000	0.1096	1219.0000
72	0.8239	0.8129	0.4760	0.7017	0.2537	0.8902	17.0000	0.0560	1198.0000	125.0000	0.1043	1203.0000
73	0.8194	0.8080	0.4802	0.7003	0.2495	0.8852	17.2000	0.0701	1209.0000	136.0000	0.1125	1212.0000
74	0.8032	0.8068	0.4789	0.6924	0.2485	0.8779	17.0000	0.0746	1188.0000	132.0000	0.1111	1200.0000
75	0.8003	0.8055	0.4748	0.7108	0.2536	0.8865	17.0000	0.0868	1206.0000	131.0000	0.1086	1217.0000
76	0.8150	0.8146	0.4772	0.7028	0.2549	0.8893	17.1000	0.0670	1202.0000	134.0000	0.1115	1211.0000
77	0.8156	0.8030	0.4733	0.7072	0.2488	0.8852	17.0000	0.0728	1261.0000	132.0000	0.1047	1266.0000
78	0.8217	0.8096	0.4782	0.6868	0.2524	0.8828	17.1000	0.0686	1209.0000	137.0000	0.1133	1211.0000
79	0.8355	0.7989	0.4771	0.7016	0.2470	0.8885	17.1000	0.0544	1245.0000	132.0000	0.1060	1248.0000
80	0.7945	0.8096	0.4768	0.7147	0.2550	0.8820	17.0000	0.0925	1225.0000	129.0000	0.1053	1229.0000
81	0.8107	0.8133	0.4780	0.7073	0.2530	0.8862	17.1000	0.0723	1204.0000	125.0000	0.1038	1209.0000
82	0.8085	0.8030	0.4724	0.6928	0.2474	0.8919	17.1000	0.0755	1167.0000	133.0000	0.1140	1173.0000
83	0.7933	0.8047	0.4699	0.6693	0.2486	0.8741	17.2000	0.0952	1177.0000	136.0000	0.1155	1182.0000
84	0.8118	0.8068	0.4757	0.7137	0.2482	0.8885	17.1000	0.0651	1224.0000	132.0000	0.1078	1226.0000
85	0.8183	0.8047	0.4806	0.6836	0.2495	0.8913	17.2000	0.0687	1244.0000	125.0000	0.1005	1246.0000
86	0.8167	0.8129	0.4734	0.7001	0.2524	0.8966	17.1000	0.0738	1223.0000	126.0000	0.1030	1227.0000
87	0.8195	0.8175	0.4813	0.7037	0.2503	0.8998	17.2000	0.0590	1160.0000	126.0000	0.1086	1167.0000
88	0.8034	0.8076	0.4763	0.7050	0.2496	0.8812	17.2000	0.0797	1193.0000	129.0000	0.1081	1197.0000
89	0.8165	0.8138	0.4802	0.6966	0.2530	0.8911	17.1000	0.0652	1217.0000	133.0000	0.1093	1223.0000
90	0.8035	0.8059	0.4751	0.6733	0.2499	0.8792	17.2000	0.0774	1218.0000	138.0000	0.1133	1220.0000
91	0.7914	0.8035	0.4721	0.6737	0.2466	0.8803	17.1000	0.0855	1205.0000	138.0000	0.1145	1214.0000
92	0.8150	0.8018	0.4763	0.6736	0.2514	0.8759	17.0000	0.0759	1202.0000	132.0000	0.1098	1207.0000
93	0.7869	0.8129	0.4777	0.6583	0.2489	0.8833	17.1000	0.0912	1232.0000	139.0000	0.1128	1239.0000
94	0.8086	0.8121	0.4801	0.6725	0.2530	0.8760	17.1000	0.0875	1244.0000	143.0000	0.1150	1246.0000
95	0.7999	0.8080	0.4759	0.6855	0.2427	0.8826	17.2000	0.0867	1235.0000	139.0000	0.1126	1242.0000
96	0.7865	0.8133	0.4793	0.6860	0.2552	0.8762	17.1000	0.0883	1194.0000	134.0000	0.1122	1206.0000
97	0.7985	0.8117	0.4814	0.7394	0.2548	0.8896	17.1000	0.0731	1199.0000	118.0000	0.0984	1204.0000
98	0.8113	0.7993	0.4744	0.6960	0.2501	0.8836	17.2000	0.0792	1197.0000	132.0000	0.1103	1201.0000
99	0.8215	0.8068	0.4743	0.7055	0.2465	0.8763	17.2000	0.0742	1155.0000	138.0000	0.1195	1157.0000
100	0.8438	0.8129	0.4779	0.6950	0.2517	0.8911	17.1000	0.0652	1184.0000	126.0000	0.1064	1190.0000
101	0.8007	0.8171	0.4833	0.7004	0.2569	0.8804	17.2000	0.0836	1204.0000	132.0000	0.1096	1211.0000
102	0.8102	0.8088	0.4738	0.6896	0.2482	0.8803	17.2000	0.0693	1228.0000	138.0000	0.1124	1235.0000
103	0.8039	0.8101	0.4792	0.6607	0.2508	0.8811	17.1000	0.0815	1201.0000	136.0000	0.1132	1206.0000
104	0.8245	0.8068	0.4763	0.7130	0.2512	0.8917	17.2000	0.0783	1195.0000	123.0000	0.1029	1201.0000
105	0.7906	0.8105	0.4784	0.6683	0.2511	0.8866	17.1000	0.0716	1211.0000	131.0000	0.1082	1214.0000
106	0.7920	0.8072	0.4725	0.6649	0.2490	0.8814	17.1000	0.0890	1209.0000	138.0000	0.1141	1213.0000
107	0.7876	0.8030	0.4730	0.6967	0.2452	0.8765	17.0000	0.0992	1155.0000	135.0000	0.1169	1161.0000
108	0.8022	0.8105	0.4776	0.7054	0.2492	0.8857	17.1000	0.0699	1208.0000	133.0000	0.1101	1211.0000
109	0.7930	0.8059	0.4776	0.6937	0.2514	0.8796	17.2000	0.0815	1202.0000	137.0000	0.1140	1209.0000
110	0.8146	0.8142	0.4756	0.6837	0.2523	0.8860	17.1000	0.0787	1231.0000	139.0000	0.1129	1234.0000
111	0.8140	0.8014	0.4697	0.7165	0.2523	0.8903	17.1000	0.0684	1199.0000	124.0000	0.1034	1208.0000
112	0.8252	0.8010	0.4823	0.6744	0.2506	0.8898	17.2000	0.0673	1185.0000	131.0000	0.1105	1194.0000
113	0.7895	0.8109	0.4822	0.6788	0.2527	0.8859	17.1000	0.0874	1213.0000	131.0000	0.1080	1216.0000
114	0.8123	0.8162	0.4810	0.7081	0.2531	0.8800	17.1000	0.0758	1243.0000	135.0000	0.1086	1246.0000
115	0.8053	0.8125	0.4767	0.6974	0.2508	0.8769	17.1000	0.0979	1163.0000	133.0000	0.1144	1169.0000
116	0.7994	0.8026	0.4739	0.6699	0.2447	0.8857	17.1000	0.0723	1240.0000	132.0000	0.1065	1245.0000
117	0.8126	0.8072	0.4696	0.6834	0.2448	0.8861	17.1000	0.0745	1220.0000	132.0000	0.1082	1223.0000
118	0.8077	0.8047	0.4756	0.7197	0.2535	0.8907	17.1000	0.0678	1212.0000	121.0000	0.0998	1217.0000
119	0.8154	0.8084	0.4760	0.7014	0.2529	0.8830	17.2000	0.0729	1198.0000	128.0000	0.1068	1201.0000
120	0.7883	0.8035	0.4773	0.6874	0.2483	0.8722	17.1000	0.0905	1210.0000	140.0000	0.1157	1219.0000
121	0.8003	0.8113	0.4778	0.7011	0.2536	0.8904	17.0000	0.0743	1174.0000	130.0000	0.1107	1177.0000
122	0.8374	0.8084	0.4721	0.6995	0.2492	0.8858	17.1000	0.0697	1187.0000	133.0000	0.1120	1190.0000
123	0.8085	0.8080	0.4703	0.6984	0.2475	0.8886	17.0000	0.0595	1182.0000	133.0000	0.1125	1184.0000
124	0.7982	0.8084	0.4732	0.6785	0.2505	0.8796	17.1000	0.0783	1205.0000	133.0000	0.1104	1216.0000
125	0.8123	0.8055	0.4720	0.7065	0.2505	0.8826	17.2000	0.0797	1226.0000	127.0000	0.1036	1232.0000
126	0.8191	0.8055	0.4751	0.6841	0.2478	0.8889	17.2000	0.0792	1238.0000	129.0000	0.1042	1241.0000
127	0.8121	0.8088	0.4745	0.6877	0.2533	0.8822	17.2000	0.0756	1224.0000	134.0000	0.1095	1230.0000
128	0.8146	0.8096	0.4789	0.6961	0.2485	0.8874	17.2000	0.0647	1217.0000	133.0000	0.1093	1222.0000
129	0.7993	0.8162	0.4772	0.6756	0.2480	0.8835	17.1000	0.0786	1201.0000	137.0000	0.1141	1203.0000
130	0.8054	0.8096	0.4752	0.6864	0.2535	0.8917	17.2000	0.0639	1223.0000	125.0000	0.1022	1225.0000
131	0.7719	0.8051	0.4754	0.7209	0.2483	0.8870	17.1000	0.0827	1192.0000	129.0000	0.1082	1206.0000
132	0.8136	0.8129	0.4827	0.7054	0.2519	0.8912	17.2000	0.0727	1222.0000	129.0000	0.1056	1229.0000
133	0.8007	0.8195	0.4795	0.6876	0.2550	0.8849	17.2000	0.0853	1179.0000	135.0000	0.1145	1191.0000
134	0.8241	0.8105	0.4768	0.6882	0.2443	0.8848	17.2000	0.0787	1224.0000	135.0000	0.1103	1229.0000
135	0.8064	0.8076	0.4735	0.7006	0.2507	0.8855	17.0000	0.0792	1196.0000	126.0000	0.1054	1198.0000
136	0.8057	0.7993	0.4722	0.6919	0.2476	0.8856	17.2000	0.0740	1155.0000	127.0000	0.1100	1157.0000
137	0.7914	0.8125	0.4763	0.6906	0.2556	0.8833	17.2000	0.0775	1198.0000	133.0000	0.1110	1201.0000
138	0.8088	0.8088	0.4821	0.6592	0.2507	0.8870	17.0000	0.0746	1278.0000	139.0000	0.1088	1280.0000
139	0.8205	0.8080	0.4765	0.6998	0.2550	0.8865	17.0000	0.0608	1212.0000	129.0000	0.1064	1216.0000
140	0.8096	0.8026	0.4764	0.6970	0.2478	0.8883	17.2000	0.0696	1233.0000	129.0000	0.1046	1236.0000
141	0.7974	0.8113	0.4735	0.6941	0.2481	0.8904	17.1000	0.0721	1213.0000	129.0000	0.1063	1218.0000
142	0.8031	0.8175	0.4830	0.6912	0.2547	0.8856	17.1000	0.0892	1192.0000	133.0000	0.1116	1197.0000
143	0.8117	0.8059	0.4687	0.6919	0.2473	0.8826	17.1000	0.0826	1193.0000	130.0000	0.1090	1197.0000
144	0.8216	0.8063	0.4724	0.7010	0.2493	0.8893	17.1000	0.0711	1210.0000	126.0000	0.1041	1214.0000
145	0.7984	0.8138	0.4783	0.6823	0.2534	0.8857	17.2000	0.0635	1214.0000	129.0000	0.1063	1220.0000
146	0.8133	0.8092	0.4729	0.6800	0.2445	0.8816	17.2000	0.0749	1224.0000	141.0000	0.1152	1230.0000
147	0.8143	0.8113	0.4767	0.6944	0.2505	0.8923	17.2000	0.0800	1181.0000	129.0000	0.1092	1189.0000
148	0.8101	0.8035	0.4802	0.7087	0.2490	0.8898	17.1000	0.0739	1198.0000	126.0000	0.1052	1202.0000
149	0.8219	0.7965	0.4689	0.6936	0.2453	0.8882	17.2000	0.0720	1218.0000	130.0000	0.1067	1224.0000
150	0.8102	0.8080	0.4790	0.6925	0.2489	0.8922	17.1000	0.0668	1215.0000	129.0000	0.1062	1217.0000
151	0.8189	0.8076	0.4776	0.6705	0.2459	0.8856	17.0000	0.0733	1234.0000	134.0000	0.1086	1239.0000
152	0.8148	0.8092	0.4766	0.7187	0.2511	0.8886	17.0000	0.0709	1192.0000	132.0000	0.1107	1196.0000
153	0.8127	0.8088	0.4764	0.6976	0.2536	0.8916	17.1000	0.0662	1234.0000	121.0000	0.0981	1238.0000
154	0.8014	0.8039	0.4806	0.7042	0.2535	0.8886	17.0000	0.0857	1229.0000	129.0000	0.1050	1232.0000
155	0.7954	0.8055	0.4749	0.7010	0.2501	0.8848	17.1000	0.0687	1215.0000	129.0000	0.1062	1219.0000
156	0.8070	0.8175	0.4847	0.6928	0.2534	0.8798	17.1000	0.0781	1253.0000	143.0000	0.1141	1255.0000
157	0.8136	0.8055	0.4740	0.7034	0.2545	0.8950	17.1000	0.0782	1194.0000	122.0000	0.1022	1200.0000
158	0.8083	0.8002	0.4729	0.6845	0.2496	0.8809	17.2000	0.0944	1190.0000	136.0000	0.1143	1195.0000
159	0.8037	0.8076	0.4685	0.7203	0.2507	0.8866	17.0000	0.0784	1205.0000	126.0000	0.1046	1214.0000
160	0.8112	0.8063	0.4751	0.6829	0.2523	0.8832	17.0000	0.0667	1206.0000	138.0000	0.1144	1209.0000
161	0.8009	0.8039	0.4685	0.6827	0.2452	0.8866	17.1000	0.0777	1204.0000	129.0000	0.1071	1209.0000
162	0.8017	0.8055	0.4708	0.6785	0.2473	0.8865	17.1000	0.0753	1223.0000	134.0000	0.1096	1231.0000
163	0.8175	0.8084	0.4788	0.7081	0.2532	0.8899	17.2000	0.0722	1197.0000	131.0000	0.1094	1214.0000
164	0.8096	0.8129	0.4764	0.6924	0.2506	0.8829	17.0000	0.0703	1227.0000	130.0000	0.1059	1233.0000
165	0.8109	0.8121	0.4798	0.7003	0.2507	0.8836	17.0000	0.0881	1164.0000	130.0000	0.1117	1168.0000
166	0.8178	0.8088	0.4764	0.6942	0.2485	0.8813	17.1000	0.0835	1142.0000	129.0000	0.1130	1146.0000
167	0.8107	0.8117	0.4793	0.6764	0.2487	0.8768	17.0000	0.0906	1245.0000	140.0000	0.1124	1248.0000
168	0.7997	0.8055	0.4747	0.6922	0.2469	0.8864	17.2000	0.0826	1245.0000	129.0000	0.1036	1249.0000
169	0.8114	0.8092	0.4833	0.6918	0.2479	0.8914	17.2000	0.0717	1257.0000	128.0000	0.1018	1259.0000
170	0.8153	0.8043	0.4745	0.6864	0.2526	0.8817	17.0000	0.0772	1189.0000	132.0000	0.1110	1191.0000
171	0.8089	0.8129	0.4809	0.7012	0.2542	0.8801	17.1000	0.0809	1216.0000	135.0000	0.1110	1218.0000
172	0.8061	0.7977	0.4731	0.7196	0.2512	0.8888	17.1000	0.0657	1162.0000	124.0000	0.1067	1164.0000
173	0.8071	0.8063	0.4747	0.7082	0.2480	0.8906	17.2000	0.0660	1159.0000	124.0000	0.1070	1163.0000
174	0.7919	0.8101	0.4737	0.6982	0.2475	0.8948	17.1000	0.0725	1206.0000	122.0000	0.1012	1214.0000
175	0.8171	0.8063	0.4739	0.6963	0.2478	0.8805	17.2000	0.0751	1201.0000	139.0000	0.1157	1203.0000
176	0.8023	0.8105	0.4782	0.6990	0.2461	0.8854	17.1000	0.0861	1174.0000	130.0000	0.1107	1177.0000
177	0.8106	0.7969	0.4673	0.7071	0.2458	0.8882	17.1000	0.0711	1179.0000	130.0000	0.1103	1182.0000
178	0.8032	0.8088	0.4833	0.6993	0.2520	0.8874	17.2000	0.0773	1250.0000	129.0000	0.1032	1258.0000
179	0.8147	0.8030	0.4745	0.6948	0.2472	0.8800	17.1000	0.0639	1216.0000	129.0000	0.1061	1224.0000
180	0.8139	0.8088	0.4793	0.6988	0.2507	0.8903	17.2000	0.0640	1244.0000	131.0000	0.1053	1248.0000
181	0.8101	0.8076	0.4725	0.6827	0.2488	0.8872	17.2000	0.0730	1206.0000	131.0000	0.1086	1211.0000
182	0.8086	0.8047	0.4774	0.6839	0.2525	0.8763	17.1000	0.0883	1173.0000	140.0000	0.1194	1190.0000
183	0.8141	0.8105	0.4812	0.6850	0.2515	0.8900	17.1000	0.0789	1195.0000	127.0000	0.1063	1199.0000
184	0.8048	0.8072	0.4761	0.7088	0.2494	0.8800	17.2000	0.0800	1173.0000	131.0000	0.1117	1182.0000
185	0.8125	0.8113	0.4750	0.6987	0.2512	0.8889	17.2000	0.0690	1175.0000	129.0000	0.1098	1178.0000
186	0.8220	0.8080	0.4768	0.6862	0.2474	0.8927	17.1000	0.0653	1185.0000	129.0000	0.1089	1192.0000
187	0.7872	0.8030	0.4748	0.6878	0.2484	0.8755	17.1000	0.0939	1210.0000	134.0000	0.1107	1227.0000
188	0.8178	0.8030	0.4698	0.6966	0.2422	0.8871	17.1000	0.0628	1203.0000	127.0000	0.1056	1205.0000
189	0.7986	0.8121	0.4784	0.6951	0.2568	0.8915	17.1000	0.0645	1196.0000	129.0000	0.1079	1200.0000
190	0.8045	0.8212	0.4864	0.6636	0.2530	0.8800	17.2000	0.0901	1240.0000	139.0000	0.1121	1246.0000
191	0.8015	0.8105	0.4768	0.6958	0.2507	0.8822	17.2000	0.0742	1231.0000	135.0000	0.1097	1238.0000
192	0.7812	0.8092	0.4805	0.6986	0.2539	0.8681	17.0000	0.0980	1212.0000	141.0000	0.1163	1215.0000
193	0.8123	0.8051	0.4738	0.6730	0.2508	0.8875	17.0000	0.0595	1229.0000	134.0000	0.1090	1232.0000
194	0.8022	0.8117	0.4787	0.6757	0.2489	0.8831	17.2000	0.0905	1201.0000	138.0000	0.1149	1213.0000
195	0.8078	0.8047	0.4740	0.7143	0.2477	0.8873	17.1000	0.0699	1185.0000	132.0000	0.1114	1191.0000
196	0.8101	0.7998	0.4733	0.6694	0.2446	0.8822	17.1000	0.0820	1185.0000	136.0000	0.1148	1187.0000
197	0.7936	0.8026	0.4769	0.7088	0.2525	0.8792	17.0000	0.0770	1176.0000	134.0000	0.1139	1179.0000
198	0.8216	0.8022	0.4718	0.7071	0.2522	0.8917	17.0000	0.0713	1220.0000	120.0000	0.0984	1222.0000
199	0.8133	0.8059	0.4701	0.7025	0.2494	0.8885	17.1000	0.0692	1193.0000	129.0000	0.1081	1201.0000
200	0.7948	0.7989	0.4745	0.6921	0.2471	0.8812	17.2000	0.0876	1222.0000	134.0000	0.1097	1224.0000
201	0.8020	0.8088	0.4792	0.7045	0.2520	0.8893	17.1000	0.0816	1231.0000	128.0000	0.1040	1239.0000
202	0.8110	0.8018	0.4714	0.6895	0.2493	0.8795	17.2000	0.0824	1203.0000	138.0000	0.1147	1208.0000
203	0.7948	0.8101	0.4761	0.6959	0.2465	0.8896	17.1000	0.0783	1186.0000	129.0000	0.1088	1191.0000
204	0.8137	0.8096	0.4789	0.6981	0.2467	0.8882	17.2000	0.0761	1205.0000	128.0000	0.1062	1211.0000
205	0.8023	0.8129	0.4817	0.6833	0.2497	0.8805	17.2000	0.0819	1237.0000	132.0000	0.1067	1240.0000
206	0.7897	0.8117	0.4746	0.7087	0.2507	0.8930	17.1000	0.0751	1221.0000	130.0000	0.1065	1227.0000
207	0.7838	0.8166	0.4784	0.7179	0.2502	0.8886	17.0000	0.0801	1228.0000	128.0000	0.1042	1230.0000
208	0.8025	0.8063	0.4733	0.6985	0.2486	0.8797	17.2000	0.0708	1186.0000	131.0000	0.1105	1202.0000
209	0.8074	0.8039	0.4730	0.6860	0.2468	0.8888	17.2000	0.0663	1167.0000	128.0000	0.1097	1170.0000
210	0.8157	0.8113	0.4769	0.7017	0.2505	0.8917	17.2000	0.0678	1198.0000	127.0000	0.1060	1200.0000
211	0.8156	0.8088	0.4766	0.6885	0.2467	0.8846	17.0000	0.0843	1200.0000	131.0000	0.1092	1205.0000
212	0.8229	0.8055	0.4741	0.7035	0.2516	0.8880	17.1000	0.0610	1209.0000	124.0000	0.1026	1215.0000
213	0.7860	0.8080	0.4811	0.6665	0.2507	0.8761	17.1000	0.0834	1220.0000	142.0000	0.1164	1226.0000
214	0.8141	0.8022	0.4718	0.6880	0.2463	0.8794	17.1000	0.0862	1231.0000	134.0000	0.1089	1240.0000
215	0.8046	0.8043	0.4729	0.6798	0.2474	0.8845	17.1000	0.0745	1212.0000	128.0000	0.1056	1216.0000
216	0.7802	0.8121	0.4769	0.6920	0.2536	0.8839	17.2000	0.0840	1206.0000	132.0000	0.1095	1211.0000
217	0.8081	0.8088	0.4769	0.7053	0.2455	0.8866	17.2000	0.0835	1221.0000	132.0000	0.1081	1229.0000
218	0.7996	0.8026	0.4726	0.7038	0.2502	0.8951	17.2000	0.0728	1224.0000	124.0000	0.1013	1228.0000
219	0.7907	0.8105	0.4818	0.7306	0.2567	0.8956	17.2000	0.0768	1209.0000	126.0000	0.1042	1221.0000
220	0.7930	0.8072	0.4739	0.6910	0.2491	0.8895	17.2000	0.0784	1197.0000	131.0000	0.1094	1204.0000
221	0.8445	0.8059	0.4741	0.6850	0.2495	0.8834	17.1000	0.0730	1146.0000	134.0000	0.1169	1151.0000
222	0.7871	0.8043	0.4748	0.6964	0.2506	0.8774	17.2000	0.0922	1154.0000	133.0000	0.1153	1161.0000
223	0.8097	0.8125	0.4762	0.6732	0.2520	0.8806	17.2000	0.0778	1191.0000	132.0000	0.1108	1194.0000
224	0.8026	0.8105	0.4842	0.6871	0.2532	0.8805	17.2000	0.0754	1214.0000	135.0000	0.1112	1225.0000
225	0.7712	0.8076	0.4767	0.6902	0.2502	0.8783	17.1000	0.0917	1209.0000	132.0000	0.1092	1220.0000
226	0.7807	0.8162	0.4750	0.6790	0.2463	0.8861	17.2000	0.0961	1219.0000	131.0000	0.1075	1224.0000
227	0.7984	0.8096	0.4788	0.6949	0.2487	0.8827	17.1000	0.0733	1231.0000	129.0000	0.1048	1238.0000
228	0.7799	0.8105	0.4755	0.6874	0.2512	0.8782	17.2000	0.0797	1189.0000	138.0000	0.1161	1193.0000
229	0.8242	0.8105	0.4751	0.6850	0.2523	0.8775	17.0000	0.0643	1225.0000	142.0000	0.1159	1231.0000
230	0.8090	0.8129	0.4842	0.6976	0.2496	0.9031	17.2000	0.0664	1228.0000	116.0000	0.0945	1232.0000
231	0.7978	0.8121	0.4787	0.7022	0.2475	0.8776	17.2000	0.0770	1228.0000	132.0000	0.1075	1233.0000
232	0.8202	0.8059	0.4773	0.7042	0.2529	0.8908	17.2000	0.0937	1156.0000	125.0000	0.1081	1158.0000
233	0.8153	0.8096	0.4794	0.6999	0.2539	0.8805	17.2000	0.0640	1171.0000	129.0000	0.1102	1177.0000
234	0.7992	0.8076	0.4734	0.6868	0.2474	0.8793	17.0000	0.0775	1214.0000	132.0000	0.1087	1217.0000
235	0.7906	0.8026	0.4756	0.6846	0.2506	0.8683	17.2000	0.0854	1223.0000	144.0000	0.1177	1228.0000
236	0.8242	0.8030	0.4717	0.6939	0.2484	0.8955	17.2000	0.0721	1179.0000	126.0000	0.1069	1186.0000
237	0.8190	0.8092	0.4801	0.6803	0.2498	0.8831	17.0000	0.0690	1207.0000	131.0000	0.1085	1210.0000
238	0.8135	0.8055	0.4776	0.7098	0.2464	0.8948	17.2000	0.0776	1202.0000	123.0000	0.1023	1204.0000
239	0.7902	0.8047	0.4741	0.7188	0.2444	0.8777	17.1000	0.0802	1180.0000	135.0000	0.1144	1183.0000
240	0.8040	0.8014	0.4659	0.6985	0.2482	0.8878	17.0000	0.0784	1171.0000	132.0000	0.1127	1177.0000
241	0.8077	0.8039	0.4721	0.6921	0.2495	0.8870	17.0000	0.0606	1200.0000	130.0000	0.1083	1204.0000
242	0.7993	0.8121	0.4777	0.7113	0.2571	0.8827	17.2000	0.0830	1186.0000	131.0000	0.1105	1192.0000
243	0.8032	0.8146	0.4807	0.6889	0.2498	0.8891	17.0000	0.0710	1205.0000	129.0000	0.1071	1218.0000
244	0.8178	0.8088	0.4797	0.6738	0.2482	0.8782	17.2000	0.0780	1220.0000	136.0000	0.1115	1223.0000
245	0.8018	0.8043	0.4753	0.6968	0.2510	0.8788	17.2000	0.0832	1211.0000	126.0000	0.1040	1230.0000
246	0.8043	0.8133	0.4785	0.7118	0.2499	0.8938	17.0000	0.0728	1189.0000	125.0000	0.1051	1192.0000
247	0.8070	0.8072	0.4772	0.7088	0.2508	0.8878	17.0000	0.0677	1189.0000	127.0000	0.1068	1193.0000
248	0.8034	0.8030	0.4716	0.6930	0.2505	0.8800	17.1000	0.0792	1189.0000	136.0000	0.1144	1200.0000
249	0.8184	0.8109	0.4786	0.6876	0.2479	0.8839	17.2000	0.0798	1223.0000	136.0000	0.1112	1226.0000
250	0.8263	0.8022	0.4673	0.7147	0.2505	0.8953	17.1000	0.0581	1178.0000	120.0000	0.1019	1185.0000
251	0.7879	0.8109	0.4794	0.6841	0.2582	0.8733	17.2000	0.0897	1157.0000	136.0000	0.1175	1165.0000
252	0.8138	0.8059	0.4737	0.6745	0.2437	0.8722	17.2000	0.0815	1241.0000	139.0000	0.1120	1243.0000
253	0.8073	0.8113	0.4793	0.7012	0.2522	0.8813	17.2000	0.0816	1200.0000	135.0000	0.1125	1204.0000
254	0.8036	0.8113	0.4772	0.6953	0.2511	0.8814	16.9000	0.0789	1194.0000	138.0000	0.1156	1203.0000
255	0.7956	0.8125	0.4826	0.7099	0.2545	0.8975	17.1000	0.0884	1195.0000	122.0000	0.1021	1197.0000
256	0.8076	0.8109	0.4719	0.6898	0.2498	0.8897	17.2000	0.0697	1262.0000	129.0000	0.1022	1264.0000
257	0.8185	0.8063	0.4772	0.7070	0.2477	0.8899	17.2000	0.0705	1201.0000	131.0000	0.1091	1206.0000
258	0.7977	0.8162	0.4830	0.6965	0.2532	0.8871	16.9000	0.0759	1240.0000	138.0000	0.1113	1242.0000
259	0.8248	0.8133	0.4738	0.6950	0.2479	0.8925	17.2000	0.0760	1186.0000	135.0000	0.1138	1189.0000
260	0.8003	0.8125	0.4793	0.7024	0.2514	0.8859	17.0000	0.0750	1222.0000	127.0000	0.1039	1228.0000
261	0.7794	0.8055	0.4703	0.6912	0.2463	0.8946	17.1000	0.0852	1187.0000	129.0000	0.1087	1195.0000
262	0.7955	0.8113	0.4777	0.7011	0.2494	0.8832	17.1000	0.0931	1169.0000	129.0000	0.1104	1178.0000
263	0.8180	0.8022	0.4759	0.6708	0.2510	0.8896	17.1000	0.0609	1261.0000	131.0000	0.1039	1263.0000
264	0.8012	0.8063	0.4732	0.7061	0.2465	0.8801	17.1000	0.0796	1200.0000	129.0000	0.1075	1203.0000
265	0.7952	0.8125	0.4746	0.7176	0.2553	0.8869	17.1000	0.0698	1199.0000	122.0000	0.1018	1201.0000
266	0.7921	0.8117	0.4796	0.7037	0.2493	0.8860	17.0000	0.0838	1254.0000	133.0000	0.1061	1256.0000
267	0.8047	0.8076	0.4744	0.6874	0.2525	0.8818	17.2000	0.0768	1216.0000	133.0000	0.1094	1219.0000
268	0.8115	0.8059	0.4778	0.7042	0.2524	0.8942	17.0000	0.0558	1206.0000	120.0000	0.0995	1208.0000
269	0.8074	0.8072	0.4731	0.6927	0.2481	0.8768	17.1000	0.0893	1196.0000	135.0000	0.1129	1201.0000
270	0.7932	0.8035	0.4750	0.6918	0.2491	0.8868	17.0000	0.0837	1206.0000	126.0000	0.1045	1210.0000
271	0.8145	0.8035	0.4678	0.6572	0.2446	0.8857	17.1000	0.0702	1198.0000	138.0000	0.1152	1200.0000
272	0.8002	0.8076	0.4788	0.6990	0.2551	0.8864	17.1000	0.0826	1171.0000	127.0000	0.1085	1176.0000
273	0.8115	0.8076	0.4731	0.7025	0.2482	0.8959	17.0000	0.0625	1205.0000	117.0000	0.0971	1211.0000
274	0.8099	0.8063	0.4742	0.6875	0.2440	0.8903	17.1000	0.0794	1231.0000	130.0000	0.1056	1233.0000
275	0.8098	0.8076	0.4765	0.7057	0.2497	0.8870	17.2000	0.0696	1209.0000	133.0000	0.1100	1213.0000
276	0.7976	0.8084	0.4816	0.6763	0.2522	0.8776	17.2000	0.0760	1198.0000	138.0000	0.1152	1203.0000
277	0.8203	0.8150	0.4774	0.7070	0.2485	0.8881	17.0000	0.0668	1216.0000	132.0000	0.1086	1220.0000
278	0.7892	0.8063	0.4770	0.6841	0.2512	0.8779	17.1000	0.0901	1209.0000	134.0000	0.1108	1213.0000
279	0.8002	0.8043	0.4757	0.6881	0.2448	0.8857	17.2000	0.0791	1238.0000	129.0000	0.1042	1241.0000
280	0.8085	0.8125	0.4782	0.6721	0.2500	0.8882	17.1000	0.0780	1199.0000	133.0000	0.1109	1203.0000
281	0.8158	0.8084	0.4798	0.7101	0.2480	0.8985	16.9000	0.0716	1276.0000	123.0000	0.0964	1281.0000
282	0.8019	0.8084	0.4756	0.6711	0.2486	0.8806	17.0000	0.0843	1237.0000	137.0000	0.1108	1243.0000
283	0.8196	0.8072	0.4752	0.7058	0.2498	0.8895	17.2000	0.0650	1197.0000	124.0000	0.1036	1203.0000
284	0.7888	0.8088	0.4769	0.7200	0.2519	0.8837	17.2000	0.0842	1186.0000	132.0000	0.1113	1193.0000
285	0.7900	0.8035	0.4729	0.7005	0.2489	0.8815	17.0000	0.0755	1199.0000	138.0000	0.1151	1204.0000
286	0.8292	0.8043	0.4793	0.7032	0.2468	0.8825	17.1000	0.0838	1185.0000	136.0000	0.1148	1187.0000
287	0.8114	0.8043	0.4723	0.7335	0.2508	0.8946	17.0000	0.0755	1195.0000	123.0000	0.1029	1211.0000
288	0.8223	0.8072	0.4770	0.6947	0.2507	0.8908	17.1000	0.0666	1218.0000	130.0000	0.1067	1231.0000
289	0.7793	0.8072	0.4794	0.6792	0.2479	0.8764	17.1000	0.0902	1238.0000	141.0000	0.1139	1249.0000
290	0.8156	0.8063	0.4738	0.7010	0.2485	0.8845	17.1000	0.0823	1275.0000	128.0000	0.1004	1278.0000
291	0.8210	0.8047	0.4763	0.6916	0.2493	0.8859	17.1000	0.0719	1190.0000	131.0000	0.1101	1199.0000
292	0.8261	0.8059	0.4731	0.6894	0.2524	0.8819	17.0000	0.0690	1205.0000	136.0000	0.1129	1207.0000
293	0.7873	0.8166	0.4805	0.7071	0.2469	0.8925	17.1000	0.0746	1161.0000	125.0000	0.1077	1176.0000
294	0.8241	0.8080	0.4723	0.6910	0.2470	0.8876	17.1000	0.0802	1200.0000	134.0000	0.1117	1205.0000
295	0.7820	0.8096	0.4747	0.6786	0.2520	0.8805	17.1000	0.0840	1206.0000	134.0000	0.1111	1210.0000
296	0.8010	0.8158	0.4840	0.7068	0.2524	0.8833	17.2000	0.0738	1236.0000	130.0000	0.1052	1242.0000
297	0.8092	0.8084	0.4800	0.6892	0.2497	0.8862	17.2000	0.0833	1174.0000	129.0000	0.1099	1178.0000
298	0.7903	0.8101	0.4771	0.6823	0.2464	0.8851	17.1000	0.0911	1232.0000	135.0000	0.1096	1235.0000
299	0.8033	0.8113	0.4732	0.7257	0.2531	0.8960	17.0000	0.0788	1226.0000	122.0000	0.0995	1233.0000
300	0.8032	0.8133	0.4793	0.6578	0.2482	0.8864	17.1000	0.0912	1223.0000	135.0000	0.1104	1230.0000
301	0.7785	0.8055	0.4730	0.6954	0.2547	0.8833	17.1000	0.0908	1185.0000	132.0000	0.1114	1193.0000
302	0.7758	0.8068	0.4776	0.6797	0.2444	0.8851	17.1000	0.1006	1234.0000	135.0000	0.1094	1238.0000
303	0.7996	0.8047	0.4728	0.7096	0.2515	0.8920	17.2000	0.0753	1196.0000	121.0000	0.1012	1203.0000
304	0.8161	0.8105	0.4784	0.6876	0.2496	0.8876	17.2000	0.0816	1204.0000	131.0000	0.1088	1209.0000
305	0.8172	0.8146	0.4821	0.6912	0.2479	0.8916	17.1000	0.0723	1245.0000	133.0000	0.1068	1250.0000
306	0.7981	0.8088	0.4780	0.6975	0.2508	0.8883	17.0000	0.0653	1209.0000	132.0000	0.1092	1224.0000
307	0.8006	0.8105	0.4803	0.6642	0.2442	0.8804	17.1000	0.0752	1230.0000	137.0000	0.1114	1235.0000
308	0.7788	0.8018	0.4739	0.7097	0.2529	0.8709	17.2000	0.0942	1189.0000	134.0000	0.1127	1196.0000
309	0.8097	0.8158	0.4769	0.6824	0.2461	0.8871	17.0000	0.0732	1221.0000	128.0000	0.1048	1226.0000
310	0.7792	0.8039	0.4788	0.6793	0.2467	0.8812	17.2000	0.0986	1222.0000	139.0000	0.1137	1224.0000
311	0.8278	0.8084	0.4803	0.6811	0.2541	0.8791	17.0000	0.0795	1221.0000	138.0000	0.1130	1224.0000
312	0.7981	0.8043	0.4746	0.6862	0.2503	0.8922	17.1000	0.0731	1233.0000	125.0000	0.1014	1237.0000
313	0.7857	0.8092	0.4794	0.7115	0.2531	0.8844	16.9000	0.0827	1231.0000	131.0000	0.1064	1235.0000
314	0.8040	0.8121	0.4739	0.6917	0.2504	0.8884	17.2000	0.0691	1209.0000	132.0000	0.1092	1213.0000
315	0.7963	0.8133	0.4815	0.6809	0.2454	0.8798	17.2000	0.0876	1200.0000	145.0000	0.1208	1207.0000
316	0.8167	0.8084	0.4757	0.6975	0.2482	0.8936	17.2000	0.0604	1196.0000	124.0000	0.1037	1207.0000
317	0.8343	0.8092	0.4717	0.6942	0.2505	0.8846	17.2000	0.0677	1191.0000	132.0000	0.1108	1199.0000
318	0.8211	0.8063	0.4774	0.6965	0.2492	0.8794	17.1000	0.0742	1177.0000	131.0000	0.1113	1182.0000
319	0.8077	0.8076	0.4754	0.6875	0.2441	0.8825	17.2000	0.0729	1242.0000	135.0000	0.1087	1248.0000
320	0.8117	0.8109	0.4744	0.7143	0.2510	0.8810	17.2000	0.0771	1191.0000	129.0000	0.1083	1195.0000
321	0.8113	0.8109	0.4784	0.6930	0.2526	0.8826	17.2000	0.0717	1199.0000	132.0000	0.1101	1203.0000
322	0.8236	0.8059	0.4743	0.6813	0.2468	0.8912	17.2000	0.0669	1214.0000	124.0000	0.1021	1218.0000
323	0.7857	0.8080	0.4730	0.6759	0.2545	0.8796	17.2000	0.0881	1197.0000	138.0000	0.1153	1203.0000
324	0.7984	0.8088	0.4771	0.6913	0.2494	0.8859	17.0000	0.0850	1223.0000	129.0000	0.1055	1231.0000
325	0.8157	0.8043	0.4764	0.7152	0.2490	0.8909	17.0000	0.0608	1217.0000	133.0000	0.1093	1219.0000
326	0.8336	0.8117	0.4790	0.7003	0.2456	0.8881	17.2000	0.0719	1207.0000	132.0000	0.1094	1209.0000
327	0.7893	0.8175	0.4766	0.7100	0.2553	0.8905	17.2000	0.0654	1217.0000	123.0000	0.1011	1220.0000
328	0.8098	0.8179	0.4838	0.6824	0.2482	0.8820	17.2000	0.0786	1240.0000	139.0000	0.1121	1243.0000
329	0.8145	0.8088	0.4772	0.6882	0.2460	0.8840	17.0000	0.0805	1214.0000	131.0000	0.1079	1231.0000
330	0.8096	0.8150	0.4831	0.6925	0.2513	0.8827	17.0000	0.0761	1239.0000	136.0000	0.1098	1244.0000
331	0.8237	0.8035	0.4774	0.7018	0.2485	0.8922	17.2000	0.0682	1228.0000	126.0000	0.1026	1246.0000
332	0.7981	0.8059	0.4760	0.6933	0.2455	0.8865	17.1000	0.0814	1215.0000	136.0000	0.1119	1221.0000
333	0.8199	0.8076	0.4772	0.6837	0.2497	0.8914	17.2000	0.0832	1239.0000	130.0000	0.1049	1244.0000
334	0.7988	0.8154	0.4806	0.7097	0.2524	0.8929	17.2000	0.0677	1213.0000	126.0000	0.1039	1217.0000
335	0.7908	0.8068	0.4696	0.6936	0.2514	0.8822	17.0000	0.0796	1141.0000	132.0000	0.1157	1146.0000
336	0.8031	0.8084	0.4761	0.7159	0.2492	0.8923	17.2000	0.0753	1220.0000	123.0000	0.1008	1223.0000
337	0.7859	0.8076	0.4741	0.6816	0.2495	0.8855	17.1000	0.0765	1246.0000	135.0000	0.1083	1250.0000
338	0.8205	0.8076	0.4755	0.7010	0.2457	0.8887	17.1000	0.0758	1226.0000	128.0000	0.1044	1232.0000
339	0.8129	0.8047	0.4666	0.6872	0.2472	0.8818	17.1000	0.0580	1193.0000	137.0000	0.1148	1202.0000
340	0.8115	0.8047	0.4717	0.6999	0.2471	0.8858	17.1000	0.0679	1221.0000	131.0000	0.1073	1224.0000
341	0.8069	0.8121	0.4745	0.7165	0.2474	0.8978	17.1000	0.0677	1157.0000	125.0000	0.1080	1161.0000
342	0.8140	0.8117	0.4762	0.6754	0.2441	0.8952	17.1000	0.0807	1221.0000	129.0000	0.1057	1224.0000
343	0.7864	0.8162	0.4761	0.6888	0.2521	0.8786	17.1000	0.0850	1172.0000	137.0000	0.1169	1175.0000
344	0.7813	0.8125	0.4774	0.7042	0.2480	0.8830	17.1000	0.0873	1178.0000	133.0000	0.1129	1185.0000
345	0.8310	0.8101	0.4773	0.7069	0.2473	0.8951	17.1000	0.0627	1188.0000	126.0000	0.1061	1190.0000
346	0.7944	0.8051	0.4764	0.6860	0.2506	0.8775	17.2000	0.0884	1181.0000	141.0000	0.1194	1187.0000
347	0.8127	0.8121	0.4784	0.7023	0.2529	0.8905	17.0000	0.0622	1188.0000	131.0000	0.1103	1191.0000
348	0.8068	0.8146	0.4809	0.7015	0.2494	0.8875	17.1000	0.0813	1218.0000	131.0000	0.1076	1221.0000
349	0.8187	0.8047	0.4746	0.7049	0.2542	0.8855	17.2000	0.0625	1194.0000	130.0000	0.1089	1198.0000
350	0.8150	0.8109	0.4786	0.6903	0.2503	0.8867	17.2000	0.0783	1243.0000	135.0000	0.1086	1246.0000
351	0.8246	0.8129	0.4789	0.7001	0.2502	0.8849	17.1000	0.0688	1178.0000	124.0000	0.1053	1182.0000
352	0.8161	0.8068	0.4795	0.6752	0.2496	0.8846	17.2000	0.0732	1249.0000	137.0000	0.1097	1253.0000
353	0.8153	0.8088	0.4800	0.6912	0.2486	0.8927	16.9000	0.0715	1226.0000	134.0000	0.1093	1233.0000
354	0.7934	0.8076	0.4767	0.6932	0.2523	0.8854	17.2000	0.0899	1201.0000	132.0000	0.1099	1206.0000
355	0.8077	0.8035	0.4745	0.7009	0.2517	0.8961	17.2000	0.0589	1177.0000	121.0000	0.1028	1180.0000
356	0.8193	0.8072	0.4789	0.6722	0.2474	0.8895	17.2000	0.0779	1185.0000	134.0000	0.1131	1196.0000
357	0.7870	0.8109	0.4765	0.6755	0.2549	0.8784	17.1000	0.0842	1242.0000	132.0000	0.1063	1250.0000
358	0.8067	0.8121	0.4804	0.7060	0.2566	0.8878	17.2000	0.0702	1251.0000	125.0000	0.0999	1259.0000
359	0.8235	0.8026	0.4730	0.7082	0.2478	0.8877	17.0000	0.0632	1167.0000	122.0000	0.1045	1181.0000
360	0.8370	0.8142	0.4741	0.6777	0.2466	0.8913	17.2000	0.0714	1216.0000	129.0000	0.1061	1222.0000
361	0.7911	0.8076	0.4742	0.6900	0.2474	0.8852	16.9000	0.0877	1208.0000	130.0000	0.1076	1210.0000
362	0.7952	0.8109	0.4782	0.7070	0.2515	0.8865	17.2000	0.0955	1228.0000	130.0000	0.1059	1235.0000
363	0.8145	0.8068	0.4751	0.6805	0.2477	0.8878	17.1000	0.0710	1183.0000	129.0000	0.1090	1185.0000
364	0.7985	0.8035	0.4699	0.6734	0.2433	0.8906	17.1000	0.0747	1188.0000	125.0000	0.1052	1191.0000
365	0.8155	0.8072	0.4781	0.7045	0.2544	0.8965	17.2000	0.0631	1221.0000	119.0000	0.0975	1225.0000
366	0.8139	0.8030	0.4734	0.7040	0.2471	0.8876	17.2000	0.0797	1227.0000	126.0000	0.1027	1230.0000
367	0.7772	0.8088	0.4751	0.7036	0.2530	0.8805	17.0000	0.0879	1177.0000	130.0000	0.1105	1186.0000
368	0.8295	0.8129	0.4732	0.6714	0.2499	0.8836	17.2000	0.0685	1222.0000	140.0000	0.1146	1224.0000
369	0.8224	0.7985	0.4732	0.6670	0.2497	0.8821	17.1000	0.0759	1205.0000	135.0000	0.1120	1222.0000
370	0.8077	0.8121	0.4768	0.7024	0.2523	0.8831	17.1000	0.0828	1256.0000	126.0000	0.1003	1261.0000
371	0.8074	0.8072	0.4811	0.6943	0.2523	0.8990	17.2000	0.0532	1207.0000	122.0000	0.1011	1210.0000
372	0.7898	0.8030	0.4727	0.6933	0.2492	0.8857	17.1000	0.0708	1175.0000	131.0000	0.1115	1180.0000
373	0.8086	0.8076	0.4730	0.7004	0.2444	0.8889	17.2000	0.0772	1172.0000	127.0000	0.1084	1175.0000
374	0.8153	0.8096	0.4740	0.7067	0.2497	0.8845	17.1000	0.0744	1187.0000	129.0000	0.1087	1192.0000
375	0.8374	0.8063	0.4770	0.7159	0.2516	0.8919	17.2000	0.0570	1238.0000	128.0000	0.1034	1242.0000
376	0.8154	0.8010	0.4699	0.7141	0.2476	0.9000	17.1000	0.0549	1194.0000	119.0000	0.0997	1196.0000
377	0.8375	0.8068	0.4771	0.7124	0.2504	0.8881	17.1000	0.0668	1209.0000	130.0000	0.1075	1214.0000
378	0.8223	0.8101	0.4786	0.6863	0.2502	0.8865	17.1000	0.0691	1186.0000	136.0000	0.1147	1190.0000
379	0.8063	0.7981	0.4731	0.6837	0.2518	0.8844	17.1000	0.0838	1152.0000	126.0000	0.1094	1166.0000
380	0.7869	0.8059	0.4751	0.7012	0.2494	0.8849	17.2000	0.0846	1181.0000	126.0000	0.1067	1188.0000
381	0.8024	0.8026	0.4730	0.6925	0.2502	0.8828	17.1000	0.0858	1213.0000	132.0000	0.1088	1215.0000
382	0.8063	0.8022	0.4727	0.7022	0.2508	0.8978	17.1000	0.0673	1172.0000	121.0000	0.1032	1183.0000
383	0.7937	0.8006	0.4676	0.6896	0.2471	0.8933	17.1000	0.0795	1196.0000	125.0000	0.1045	1203.0000
384	0.8082	0.8039	0.4637	0.6840	0.2488	0.8810	17.1000	0.0790	1223.0000	135.0000	0.1104	1227.0000
385	0.8357	0.8088	0.4827	0.7123	0.2559	0.8807	17.1000	0.0726	1181.0000	135.0000	0.1143	1183.0000
386	0.8017	0.7977	0.4731	0.7000	0.2503	0.8843	17.2000	0.0915	1195.0000	129.0000	0.1079	1202.0000
387	0.8010	0.8129	0.4771	0.6977	0.2503	0.8900	17.1000	0.0656	1207.0000	132.0000	0.1094	1209.0000
388	0.7879	0.8092	0.4747	0.6910	0.2480	0.8874	17.2000	0.0841	1209.0000	128.0000	0.1059	1215.0000
389	0.8061	0.8059	0.4733	0.6962	0.2458	0.8921	17.1000	0.0813	1210.0000	130.0000	0.1074	1212.0000
390	0.8038	0.8043	0.4782	0.7042	0.2507	0.8827	16.9000	0.0767	1224.0000	129.0000	0.1054	1227.0000
391	0.7986	0.8150	0.4799	0.7057	0.2521	0.8911	16.9000	0.0678	1250.0000	122.0000	0.0976	1252.0000
392	0.8103	0.8014	0.4766	0.7029	0.2474	0.8866	17.2000	0.0633	1211.0000	125.0000	0.1032	1213.0000
393	0.8074	0.8080	0.4741	0.7054	0.2550	0.8861	17.1000	0.0707	1233.0000	127.0000	0.1030	1235.0000
394	0.8015	0.8125	0.4737	0.7312	0.2504	0.8843	17.1000	0.0699	1198.0000	130.0000	0.1085	1203.0000
395	0.7977	0.8063	0.4740	0.6983	0.2472	0.8871	17.1000	0.0655	1187.0000	131.0000	0.1104	1192.0000
396	0.8067	0.8084	0.4729	0.6861	0.2528	0.8765	17.1000	0.0864	1223.0000	138.0000	0.1128	1227.0000
397	0.8210	0.8113	0.4774	0.6838	0.2474	0.8890	17.2000	0.0722	1235.0000	137.0000	0.1109	1240.0000
398	0.8043	0.8101	0.4803	0.6904	0.2473	0.8865	17.0000	0.0781	1211.0000	140.0000	0.1156	1213.0000
399	0.8008	0.8051	0.4721	0.6815	0.2452	0.8802	17.1000	0.0801	1178.0000	139.0000	0.1180	1181.0000
400	0.8112	0.8059	0.4757	0.6581	0.2484	0.8728	17.2000	0.0694	1216.0000	143.0000	0.1176	1222.0000
401	0.7995	0.8084	0.4733	0.6807	0.2475	0.8797	17.2000	0.0724	1212.0000	139.0000	0.1147	1223.0000
402	0.8321	0.8109	0.4776	0.6809	0.2493	0.8900	17.1000	0.0690	1203.0000	129.0000	0.1072	1211.0000
403	0.8030	0.8101	0.4748	0.6671	0.2481	0.8722	17.1000	0.0710	1220.0000	142.0000	0.1164	1223.0000
404	0.7974	0.8022	0.4708	0.6972	0.2467	0.8901	17.1000	0.0795	1198.0000	133.0000	0.1110	1202.0000
405	0.7853	0.8068	0.4777	0.7067	0.2534	0.8887	17.1000	0.0682	1173.0000	122.0000	0.1040	1176.0000
406	0.7860	0.8105	0.4724	0.6791	0.2512	0.8784	17.1000	0.0744	1190.0000	136.0000	0.1143	1204.0000
407	0.7808	0.8072	0.4754	0.6946	0.2502	0.8912	17.0000	0.0822	1229.0000	132.0000	0.1074	1249.0000
408	0.8046	0.8109	0.4805	0.7027	0.2488	0.8827	17.2000	0.0791	1233.0000	132.0000	0.1071	1245.0000
409	0.8296	0.8113	0.4780	0.7028	0.2568	0.8869	17.2000	0.0625	1185.0000	132.0000	0.1114	1187.0000
410	0.7873	0.8076	0.4727	0.7042	0.2525	0.8874	17.2000	0.0929	1170.0000	129.0000	0.1103	1174.0000
411	0.8162	0.7989	0.4707	0.7175	0.2476	0.8912	17.1000	0.0699	1204.0000	124.0000	0.1030	1207.0000
412	0.8190	0.8026	0.4733	0.6825	0.2461	0.8847	17.0000	0.0756	1201.0000	136.0000	0.1132	1208.0000
413	0.8108	0.8084	0.4714	0.6741	0.2453	0.8759	17.2000	0.0942	1210.0000	145.0000	0.1198	1215.0000
414	0.8121	0.8117	0.4793	0.7032	0.2512	0.8829	17.2000	0.0770	1209.0000	133.0000	0.1100	1213.0000
415	0.8125	0.8055	0.4760	0.7231	0.2512	0.8819	17.2000	0.0740	1180.0000	124.0000	0.1051	1183.0000
416	0.8180	0.8092	0.4753	0.6970	0.2504	0.8830	17.1000	0.0733	1206.0000	135.0000	0.1119	1212.0000
417	0.7978	0.8047	0.4714	0.6856	0.2490	0.8929	17.1000	0.0805	1224.0000	126.0000	0.1029	1233.0000
418	0.7930	0.8055	0.4720	0.6873	0.2481	0.8903	17.2000	0.0785	1218.0000	129.0000	0.1059	1225.0000
419	0.8427	0.8043	0.4755	0.7010	0.2512	0.8880	17.2000	0.0572	1205.0000	135.0000	0.1120	1209.0000
420	0.8260	0.8117	0.4782	0.6869	0.2490	0.8834	16.9000	0.0746	1206.0000	130.0000	0.1078	1211.0000
421	0.8084	0.8080	0.4785	0.7054	0.2484	0.8869	17.2000	0.0724	1160.0000	134.0000	0.1155	1169.0000
422	0.8233	0.8080	0.4825	0.6995	0.2502	0.8913	16.9000	0.0804	1159.0000	121.0000	0.1044	1163.0000
423	0.8187	0.8072	0.4745	0.6901	0.2494	0.8876	17.1000	0.0680	1183.0000	133.0000	0.1124	1185.0000
424	0.8249	0.8039	0.4753	0.7256	0.2505	0.8868	17.2000	0.0635	1172.0000	123.0000	0.1049	1174.0000
425	0.8123	0.8059	0.4788	0.6887	0.2500	0.8853	17.2000	0.0817	1199.0000	131.0000	0.1093	1205.0000
426	0.8084	0.8084	0.4736	0.7003	0.2510	0.8935	17.2000	0.0704	1169.0000	127.0000	0.1086	1177.0000
427	0.8298	0.8051	0.4725	0.7096	0.2467	0.8920	17.1000	0.0607	1171.0000	122.0000	0.1042	1173.0000
428	0.7889	0.8113	0.4774	0.6918	0.2466	0.8798	17.2000	0.0922	1239.0000	140.0000	0.1130	1243.0000
429	0.7953	0.7998	0.4729	0.7004	0.2507	0.8844	17.1000	0.0877	1173.0000	134.0000	0.1142	1180.0000
430	0.8130	0.8072	0.4840	0.6985	0.2523	0.8886	17.1000	0.0704	1251.0000	133.0000	0.1063	1255.0000
431	0.7923	0.8018	0.4760	0.6922	0.2530	0.8932	17.2000	0.0749	1135.0000	124.0000	0.1093	1140.0000
432	0.7901	0.8047	0.4705	0.7182	0.2496	0.8805	17.2000	0.0714	1191.0000	127.0000	0.1066	1197.0000
433	0.8080	0.8018	0.4689	0.7007	0.2466	0.8847	17.2000	0.0744	1194.0000	134.0000	0.1122	1202.0000
434	0.8074	0.8117	0.4801	0.6978	0.2501	0.8886	17.2000	0.0818	1208.0000	123.0000	0.1018	1222.0000
435	0.8001	0.8101	0.4782	0.6876	0.2473	0.8788	17.1000	0.0793	1221.0000	135.0000	0.1106	1224.0000
436	0.8212	0.8080	0.4717	0.6913	0.2484	0.8924	17.1000	0.0762	1225.0000	126.0000	0.1029	1227.0000
437	0.8143	0.8076	0.4758	0.6746	0.2461	0.8809	17.0000	0.0799	1197.0000	134.0000	0.1119	1209.0000
438	0.8274	0.8092	0.4787	0.7126	0.2500	0.8918	17.2000	0.0673	1240.0000	126.0000	0.1016	1248.0000
439	0.7927	0.8179	0.4790	0.6963	0.2469	0.8887	17.0000	0.0767	1246.0000	135.0000	0.1083	1249.0000
440	0.8146	0.8072	0.4754	0.7058	0.2526	0.8859	17.1000	0.0751	1224.0000	130.0000	0.1062	1228.0000
441	0.8061	0.8146	0.4756	0.6747	0.2485	0.8828	17.1000	0.0720	1197.0000	132.0000	0.1103	1199.0000
442	0.8237	0.8068	0.4741	0.6968	0.2520	0.8803	17.2000	0.0639	1214.0000	131.0000	0.1079	1217.0000
443	0.8098	0.8068	0.4807	0.6987	0.2519	0.8868	17.2000	0.0741	1252.0000	130.0000	0.1038	1260.0000
444	0.8148	0.8096	0.4782	0.6981	0.2517	0.8789	17.1000	0.0753	1162.0000	134.0000	0.1153	1168.0000
445	0.8123	0.8047	0.4755	0.6988	0.2465	0.8902	17.2000	0.0724	1203.0000	128.0000	0.1064	1207.0000
446	0.8016	0.8092	0.4753	0.6805	0.2466	0.8885	17.2000	0.0856	1200.0000	131.0000	0.1092	1203.0000
447	0.7983	0.8080	0.4721	0.6957	0.2498	0.8781	17.2000	0.0863	1171.0000	135.0000	0.1153	1178.0000
448	0.7792	0.8092	0.4765	0.6932	0.2543	0.8852	17.1000	0.0816	1190.0000	129.0000	0.1084	1194.0000
449	0.8090	0.8088	0.4723	0.6786	0.2498	0.8868	17.0000	0.0730	1212.0000	135.0000	0.1114	1224.0000
450	0.7789	0.8084	0.4713	0.6709	0.2442	0.8839	17.1000	0.0884	1218.0000	130.0000	0.1067	1222.0000
451	0.8136	0.8109	0.4817	0.7061	0.2544	0.8874	17.1000	0.0859	1200.0000	130.0000	0.1083	1205.0000
452	0.7967	0.8018	0.4736	0.6590	0.2458	0.8809	17.2000	0.0842	1199.0000	134.0000	0.1118	1204.0000
453	0.8078	0.8092	0.4766	0.6808	0.2490	0.8821	17.2000	0.0716	1200.0000	137.0000	0.1142	1207.0000
454	0.8028	0.8175	0.4803	0.7034	0.2528	0.8857	17.0000	0.0753	1224.0000	133.0000	0.1087	1226.0000
455	0.7888	0.8096	0.4787	0.6927	0.2534	0.8876	17.1000	0.0811	1147.0000	126.0000	0.1099	1150.0000
456	0.8132	0.8043	0.4739	0.6953	0.2483	0.8863	17.1000	0.0789	1214.0000	127.0000	0.1046	1219.0000
457	0.8047	0.8146	0.4798	0.7028	0.2517	0.8850	17.2000	0.0825	1216.0000	130.0000	0.1069	1222.0000
458	0.7908	0.8051	0.4733	0.6945	0.2456	0.8911	17.2000	0.0870	1129.0000	125.0000	0.1107	1132.0000
459	0.8156	0.8022	0.4741	0.6972	0.2491	0.8941	17.1000	0.0754	1199.0000	127.0000	0.1059	1206.0000
460	0.8184	0.8072	0.4721	0.6751	0.2428	0.8873	17.2000	0.0746	1175.0000	132.0000	0.1123	1184.0000
461	0.8078	0.8109	0.4768	0.7055	0.2517	0.8927	17.2000	0.0779	1197.0000	127.0000	0.1061	1204.0000
462	0.7919	0.8055	0.4769	0.6997	0.2490	0.8792	17.2000	0.0779	1185.0000	134.0000	0.1131	1193.0000
463	0.7935	0.8096	0.4785	0.6519	0.2453	0.8812	17.1000	0.0950	1233.0000	133.0000	0.1079	1239.0000
464	0.8192	0.8055	0.4704	0.7082	0.2461	0.8901	17.1000	0.0717	1175.0000	124.0000	0.1055	1192.0000
465	0.7950	0.8096	0.4761	0.7161	0.2545	0.8804	17.1000	0.0876	1206.0000	132.0000	0.1095	1209.0000
466	0.8226	0.8101	0.4781	0.7034	0.2498	0.8922	16.9000	0.0639	1206.0000	125.0000	0.1036	1208.0000
467	0.7879	0.8204	0.4826	0.6738	0.2545	0.8814	17.2000	0.0862	1228.0000	143.0000	0.1164	1231.0000
468	0.8156	0.8084	0.4813	0.7014	0.2548	0.8922	17.1000	0.0765	1230.0000	127.0000	0.1033	1242.0000
469	0.7844	0.8117	0.4789	0.7064	0.2544	0.8754	17.2000	0.0872	1199.0000	134.0000	0.1118	1206.0000
470	0.8013	0.8072	0.4762	0.7014	0.2486	0.8842	17.2000	0.0758	1214.0000	133.0000	0.1096	1218.0000
471	0.8204	0.8068	0.4722	0.6874	0.2488	0.8858	17.2000	0.0678	1213.0000	137.0000	0.1129	1216.0000
472	0.8086	0.8105	0.4763	0.6838	0.2494	0.8828	17.2000	0.0794	1222.0000	134.0000	0.1097	1227.0000
473	0.8232	0.8129	0.4779	0.6740	0.2515	0.8875	17.2000	0.0784	1236.0000	128.0000	0.1036	1238.0000
474	0.7932	0.8076	0.4755	0.6909	0.2489	0.8910	17.1000	0.0623	1220.0000	130.0000	0.1066	1224.0000
475	0.8059	0.8080	0.4728	0.7018	0.2547	0.8864	17.0000	0.0726	1209.0000	131.0000	0.1084	1213.0000
476	0.7932	0.8018	0.4673	0.7182	0.2489	0.8937	17.1000	0.0667	1213.0000	124.0000	0.1022	1217.0000
477	0.7877	0.8059	0.4743	0.7044	0.2559	0.8950	17.1000	0.0616	1223.0000	119.0000	0.0973	1230.0000
478	0.8139	0.8051	0.4711	0.6967	0.2437	0.8907	17.2000	0.0832	1207.0000	127.0000	0.1052	1209.0000
479	0.8129	0.8113	0.4783	0.6873	0.2555	0.8856	17.2000	0.0662	1199.0000	130.0000	0.1084	1205.0000
480	0.8088	0.8072	0.4719	0.6948	0.2463	0.8910	17.2000	0.0745	1176.0000	125.0000	0.1063	1183.0000
481	0.8004	0.8063	0.4713	0.6880	0.2476	0.8730	17.2000	0.0855	1201.0000	140.0000	0.1166	1214.0000
482	0.8010	0.8088	0.4758	0.7086	0.2497	0.8948	17.0000	0.0628	1217.0000	124.0000	0.1019	1221.0000
483	0.8115	0.8084	0.4692	0.7016	0.2509	0.8855	17.1000	0.0686	1190.0000	126.0000	0.1059	1201.0000
484	0.8131	0.8084	0.4738	0.7090	0.2509	0.8940	17.1000	0.0721	1212.0000	128.0000	0.1056	1215.0000
485	0.8063	0.8117	0.4783	0.7223	0.2515	0.8929	17.1000	0.0862	1212.0000	116.0000	0.0957	1216.0000
486	0.8075	0.8084	0.4756	0.6834	0.2456	0.8888	17.1000	0.0772	1212.0000	130.0000	0.1073	1219.0000
487	0.8060	0.8068	0.4735	0.6963	0.2471	0.8889	17.2000	0.0755	1187.0000	130.0000	0.1095	1193.0000
488	0.8153	0.8026	0.4755	0.6630	0.2426	0.8814	17.2000	0.0850	1235.0000	140.0000	0.1134	1247.0000
489	0.7865	0.8026	0.4789	0.6925	0.2545	0.8795	17.2000	0.0878	1215.0000	139.0000	0.1144	1221.0000
490	0.8158	0.8039	0.4742	0.6890	0.2505	0.8819	17.2000	0.0714	1214.0000	134.0000	0.1104	1221.0000
491	0.8129	0.8059	0.4761	0.6881	0.2478	0.8846	17.2000	0.0658	1174.0000	132.0000	0.1124	1176.0000
492	0.8001	0.8055	0.4794	0.6754	0.2493	0.8765	17.2000	0.0832	1221.0000	146.0000	0.1196	1226.0000
493	0.8070	0.8138	0.4841	0.6977	0.2504	0.8788	17.2000	0.0691	1201.0000	137.0000	0.1141	1203.0000
494	0.8170	0.8022	0.4718	0.7040	0.2498	0.8859	17.1000	0.0762	1191.0000	131.0000	0.1100	1193.0000
495	0.7830	0.8030	0.4739	0.7095	0.2544	0.8704	17.2000	0.0861	1198.0000	136.0000	0.1135	1213.0000
496	0.8025	0.8084	0.4738	0.7030	0.2490	0.8799	17.0000	0.0896	1208.0000	130.0000	0.1076	1213.0000
497	0.8203	0.8072	0.4775	0.6698	0.2526	0.8881	17.1000	0.0678	1211.0000	134.0000	0.1107	1223.0000
498	0.8141	0.8043	0.4721	0.6951	0.2480	0.8877	17.1000	0.0725	1202.0000	130.0000	0.1082	1204.0000
499	0.8020	0.8043	0.4797	0.6895	0.2489	0.8843	17.2000	0.0757	1186.0000	130.0000	0.1096	1192.0000
500	0.8019	0.8051	0.4746	0.6880	0.2502	0.8883	17.1000	0.0853	1259.0000	132.0000	0.1048	1269.0000
501	0.7930	0.8018	0.4769	0.6792	0.2472	0.8780	17.2000	0.0702	1226.0000	140.0000	0.1142	1230.0000
502	0.7891	0.8138	0.4783	0.7086	0.2548	0.8950	17.0000	0.0761	1158.0000	121.0000	0.1045	1169.0000
503	0.8119	0.8072	0.4720	0.7073	0.2493	0.8951	17.1000	0.0780	1163.0000	127.0000	0.1092	1168.0000
504	0.8083	0.8146	0.4817	0.6939	0.2512	0.8827	17.2000	0.0817	1214.0000	132.0000	0.1087	1218.0000
505	0.8025	0.8022	0.4762	0.7062	0.2538	0.8870	17.2000	0.0690	1197.0000	123.0000	0.1028	1201.0000
506	0.8008	0.8105	0.4785	0.7058	0.2515	0.8881	17.0000	0.0813	1170.0000	137.0000	0.1171	1172.0000
507	0.7972	0.8051	0.4732	0.7131	0.2540	0.8896	17.1000	0.0674	1155.0000	119.0000	0.1030	1160.0000
508	0.8111	0.8072	0.4801	0.6923	0.2515	0.8855	17.0000	0.0775	1210.0000	134.0000	0.1107	1212.0000
509	0.8061	0.8154	0.4742	0.6946	0.2454	0.8880	17.1000	0.0874	1207.0000	129.0000	0.1069	1210.0000
510	0.7838	0.8039	0.4711	0.7087	0.2527	0.8893	17.0000	0.0747	1196.0000	130.0000	0.1087	1200.0000
511	0.8048	0.8063	0.4739	0.6817	0.2514	0.8743	17.1000	0.0775	1234.0000	136.0000	0.1102	1239.0000
512	0.7962	0.8080	0.4772	0.6909	0.2466	0.8872	17.1000	0.0865	1198.0000	132.0000	0.1102	1200.0000
513	0.7994	0.8076	0.4767	0.6883	0.2454	0.8933	17.2000	0.0740	1209.0000	132.0000	0.1092	1212.0000
514	0.7992	0.8084	0.4734	0.7139	0.2535	0.8852	17.2000	0.0837	1172.0000	131.0000	0.1118	1176.0000
515	0.8082	0.8063	0.4759	0.6992	0.2502	0.8795	17.2000	0.0704	1249.0000	132.0000	0.1057	1254.0000
516	0.8068	0.7969	0.4700	0.7069	0.2475	0.8889	17.1000	0.0719	1196.0000	124.0000	0.1037	1199.0000
517	0.7946	0.8072	0.4715	0.7115	0.2474	0.8880	17.2000	0.0726	1195.0000	127.0000	0.1063	1197.0000
518	0.8050	0.8063	0.4727	0.6814	0.2474	0.8877	17.1000	0.0899	1204.0000	134.0000	0.1113	1212.0000
519	0.8002	0.8080	0.4745	0.7132	0.2515	0.8753	17.0000	0.0950	1189.0000	131.0000	0.1102	1199.0000
520	0.8163	0.8010	0.4750	0.7052	0.2517	0.8830	17.2000	0.0658	1187.0000	137.0000	0.1154	1190.0000
521	0.8014	0.8125	0.4780	0.7115	0.2512	0.8982	17.1000	0.0668	1187.0000	126.0000	0.1061	1193.0000
522	0.8019	0.8047	0.4766	0.6948	0.2485	0.8819	17.1000	0.0821	1201.0000	131.0000	0.1091	1216.0000
523	0.8131	0.8088	0.4758	0.6715	0.2488	0.8872	17.1000	0.0777	1251.0000	139.0000	0.1111	1262.0000
524	0.8228	0.8076	0.4777	0.7122	0.2518	0.8929	17.0000	0.0630	1197.0000	127.0000	0.1061	1200.0000
525	0.7905	0.8150	0.4817	0.6821	0.2508	0.8882	17.1000	0.0731	1245.0000	132.0000	0.1060	1247.0000
526	0.8064	0.8043	0.4768	0.7082	0.2480	0.8837	17.2000	0.0822	1197.0000	129.0000	0.1078	1204.0000
527	0.8121	0.8096	0.4799	0.6849	0.2521	0.8836	17.2000	0.0893	1204.0000	138.0000	0.1146	1206.0000
528	0.7904	0.8113	0.4792	0.6728	0.2473	0.8791	17.0000	0.0896	1226.0000	138.0000	0.1126	1228.0000
529	0.8123	0.8059	0.4800	0.7052	0.2490	0.8865	17.1000	0.0750	1212.0000	128.0000	0.1056	1216.0000
530	0.8153	0.8117	0.4822	0.6859	0.2489	0.8811	17.1000	0.0769	1217.0000	143.0000	0.1175	1224.0000
531	0.8274	0.8035	0.4679	0.7101	0.2497	0.8880	17.1000	0.0723	1172.0000	126.0000	0.1075	1174.0000
532	0.8028	0.8076	0.4800	0.6779	0.2465	0.8782	17.2000	0.0719	1183.0000	136.0000	0.1150	1187.0000
533	0.8016	0.7989	0.4743	0.6939	0.2546	0.8810	17.2000	0.0879	1204.0000	132.0000	0.1096	1211.0000
534	0.8146	0.8055	0.4793	0.6745	0.2511	0.8805	17.2000	0.0745	1216.0000	137.0000	0.1127	1222.0000
535	0.7938	0.8129	0.4748	0.7102	0.2493	0.8848	17.1000	0.0847	1185.0000	133.0000	0.1122	1189.0000
536	0.7874	0.8101	0.4794	0.6598	0.2494	0.8858	17.1000	0.0728	1240.0000	141.0000	0.1137	1252.0000
537	0.8107	0.8150	0.4797	0.6966	0.2531	0.8954	17.1000	0.0706	1247.0000	125.0000	0.1002	1253.0000
538	0.8097	0.8092	0.4750	0.6989	0.2487	0.8822	17.1000	0.0691	1192.0000	132.0000	0.1107	1195.0000
539	0.7967	0.8068	0.4756	0.6767	0.2476	0.8777	17.2000	0.0768	1220.0000	142.0000	0.1164	1232.0000
540	0.8039	0.8039	0.4711	0.7272	0.2457	0.8871	17.2000	0.0708	1192.0000	128.0000	0.1074	1197.0000
541	0.8122	0.8010	0.4733	0.6914	0.2493	0.8911	17.2000	0.0648	1214.0000	134.0000	0.1104	1216.0000
542	0.7790	0.8072	0.4794	0.6824	0.2486	0.8794	17.2000	0.0802	1240.0000	138.0000	0.1113	1242.0000
543	0.7931	0.8055	0.4741	0.6936	0.2505	0.8810	17.2000	0.0731	1195.0000	136.0000	0.1138	1197.0000
544	0.8215	0.7960	0.4714	0.7094	0.2478	0.8890	17.1000	0.0731	1189.0000	125.0000	0.1051	1192.0000
545	0.8265	0.8113	0.4784	0.6703	0.2484	0.8853	17.1000	0.0743	1227.0000	138.0000	0.1125	1230.0000
546	0.7982	0.8088	0.4837	0.6894	0.2538	0.8912	17.1000	0.0734	1245.0000	131.0000	0.1052	1252.0000
547	0.7855	0.8072	0.4749	0.6982	0.2576	0.8838	17.2000	0.0854	1214.0000	133.0000	0.1096	1220.0000
548	0.8122	0.8055	0.4740	0.6928	0.2445	0.8892	17.2000	0.0745	1217.0000	136.0000	0.1118	1222.0000
549	0.8192	0.8092	0.4761	0.6884	0.2487	0.8830	17.1000	0.0723	1152.0000	133.0000	0.1155	1155.0000
550	0.7788	0.8035	0.4744	0.6910	0.2508	0.8718	17.1000	0.1061	1208.0000	134.0000	0.1109	1217.0000
551	0.8143	0.8068	0.4823	0.6831	0.2505	0.8825	17.2000	0.0842	1226.0000	133.0000	0.1085	1228.0000
552	0.8172	0.8026	0.4811	0.6917	0.2490	0.8836	17.1000	0.0836	1220.0000	135.0000	0.1107	1225.0000
553	0.8104	0.8138	0.4846	0.6958	0.2514	0.8801	17.2000	0.0866	1209.0000	138.0000	0.1141	1211.0000
554	0.8022	0.8068	0.4784	0.6981	0.2501	0.8836	17.1000	0.0806	1185.0000	139.0000	0.1173	1187.0000
555	0.8079	0.8063	0.4765	0.6766	0.2473	0.8851	17.1000	0.0679	1251.0000	131.0000	0.1047	1255.0000
556	0.7854	0.8129	0.4800	0.7057	0.2488	0.8773	17.2000	0.0953	1186.0000	132.0000	0.1113	1191.0000
557	0.8179	0.8010	0.4680	0.6709	0.2454	0.8873	17.1000	0.0658	1196.0000	135.0000	0.1129	1200.0000
558	0.7950	0.8055	0.4723	0.7195	0.2517	0.8854	17.1000	0.0717	1166.0000	119.0000	0.1021	1182.0000
559	0.8153	0.8096	0.4713	0.7091	0.2512	0.8815	17.1000	0.0802	1197.0000	131.0000	0.1094	1199.0000
560	0.8360	0.8022	0.4683	0.6892	0.2427	0.8853	17.0000	0.0628	1172.0000	131.0000	0.1118	1174.0000
561	0.8019	0.8063	0.4777	0.7071	0.2496	0.8891	17.2000	0.0891	1231.0000	128.0000	0.1040	1247.0000
562	0.8001	0.8096	0.4739	0.7187	0.2507	0.8851	17.1000	0.0777	1187.0000	124.0000	0.1045	1195.0000
563	0.7957	0.8072	0.4736	0.7001	0.2501	0.8857	17.2000	0.0816	1204.0000	139.0000	0.1154	1207.0000
564	0.8175	0.8035	0.4698	0.7012	0.2469	0.8896	17.1000	0.0715	1190.0000	128.0000	0.1076	1195.0000
565	0.8087	0.8035	0.4757	0.7064	0.2489	0.8875	17.2000	0.0777	1195.0000	135.0000	0.1130	1197.0000
566	0.7960	0.8101	0.4786	0.7008	0.2499	0.8830	17.1000	0.0848	1222.0000	136.0000	0.1113	1230.0000
567	0.7908	0.8063	0.4761	0.6983	0.2464	0.8809	17.2000	0.0790	1159.0000	132.0000	0.1139	1167.0000
568	0.8225	0.8051	0.4807	0.7185	0.2514	0.8865	17.2000	0.0656	1195.0000	120.0000	0.1004	1200.0000
569	0.8251	0.8063	0.4747	0.6894	0.2485	0.8848	17.2000	0.0672	1203.0000	137.0000	0.1139	1205.0000
570	0.8087	0.8035	0.4789	0.7092	0.2482	0.8919	17.2000	0.0669	1177.0000	126.0000	0.1071	1181.0000
571	0.8006	0.8059	0.4762	0.6779	0.2506	0.8923	17.0000	0.0685	1198.0000	130.0000	0.1085	1200.0000
572	0.8149	0.8129	0.4798	0.6579	0.2499	0.8813	17.1000	0.0789	1233.0000	141.0000	0.1144	1235.0000
573	0.7918	0.8030	0.4730	0.7114	0.2496	0.8866	17.0000	0.0898	1188.0000	121.0000	0.1019	1199.0000
574	0.8246	0.8006	0.4718	0.6883	0.2463	0.8843	17.1000	0.0788	1150.0000	128.0000	0.1113	1159.0000
575	0.8042	0.8035	0.4701	0.6866	0.2493	0.8775	17.1000	0.0738	1210.0000	136.0000	0.1124	1220.0000
576	0.8124	0.8002	0.4748	0.6822	0.2468	0.8912	16.9000	0.0767	1199.0000	126.0000	0.1051	1204.0000
577	0.7997	0.8080	0.4814	0.7257	0.2541	0.8833	17.1000	0.0715	1195.0000	130.0000	0.1088	1199.0000
578	0.7983	0.8101	0.4818	0.6985	0.2490	0.8922	16.9000	0.0743	1206.0000	129.0000	0.1070	1209.0000
579	0.7914	0.8146	0.4794	0.6885	0.2485	0.8835	17.1000	0.0852	1213.0000	127.0000	0.1047	1223.0000
580	0.8073	0.8133	0.4812	0.7102	0.2529	0.8885	17.2000	0.0837	1214.0000	133.0000	0.1096	1217.0000
581	0.7997	0.8072	0.4729	0.7128	0.2512	0.8946	17.0000	0.0780	1212.0000	127.0000	0.1048	1214.0000
582	0.8010	0.8072	0.4694	0.6949	0.2497	0.8788	17.1000	0.0742	1187.0000	130.0000	0.1095	1190.0000
583	0.8089	0.8113	0.4747	0.7098	0.2516	0.8845	17.2000	0.0685	1157.0000	136.0000	0.1175	1161.0000
584	0.8003	0.8142	0.4820	0.7190	0.2544	0.8779	17.1000	0.0901	1192.0000	136.0000	0.1141	1194.0000
585	0.8131	0.8117	0.4713	0.7116	0.2477	0.8949	17.1000	0.0739	1186.0000	128.0000	0.1079	1188.0000
586	0.8103	0.8080	0.4756	0.6896	0.2492	0.8808	17.2000	0.0858	1158.0000	139.0000	0.1200	1162.0000
587	0.8024	0.8109	0.4802	0.7185	0.2535	0.8888	17.2000	0.0790	1190.0000	132.0000	0.1109	1199.0000
588	0.7967	0.8068	0.4805	0.6958	0.2510	0.8798	17.2000	0.0802	1224.0000	136.0000	0.1111	1229.0000
589	0.8372	0.8068	0.4771	0.7036	0.2496	0.8982	17.1000	0.0626	1232.0000	125.0000	0.1015	1235.0000
590	0.8068	0.8105	0.4738	0.6890	0.2449	0.8787	17.0000	0.0740	1241.0000	140.0000	0.1128	1244.0000
591	0.8275	0.8113	0.4773	0.6983	0.2475	0.8819	17.1000	0.0637	1209.0000	131.0000	0.1084	1214.0000
592	0.7971	0.8072	0.4758	0.6807	0.2489	0.8802	17.1000	0.0740	1208.0000	133.0000	0.1101	1210.0000
593	0.7932	0.8072	0.4722	0.7056	0.2482	0.8769	17.1000	0.0822	1179.0000	137.0000	0.1162	1188.0000
594	0.8015	0.8088	0.4756	0.7023	0.2519	0.8812	17.1000	0.0788	1195.0000	132.0000	0.1105	1200.0000
595	0.7960	0.8121	0.4795	0.6997	0.2556	0.8797	17.1000	0.0687	1187.0000	132.0000	0.1112	1191.0000
596	0.8049	0.8105	0.4753	0.6936	0.2491	0.8817	17.1000	0.0829	1206.0000	135.0000	0.1119	1215.0000
597	0.7740	0.8113	0.4819	0.7064	0.2522	0.8808	17.2000	0.0920	1225.0000	134.0000	0.1094	1230.0000
598	0.8110	0.8084	0.4810	0.6970	0.2459	0.8896	17.0000	0.0664	1237.0000	132.0000	0.1067	1243.0000
599	0.7981	0.8150	0.4910	0.7029	0.2537	0.8886	17.0000	0.0780	1235.0000	130.0000	0.1053	1244.0000
600	0.7882	0.8068	0.4733	0.7111	0.2485	0.8817	17.1000	0.0769	1170.0000	131.0000	0.1120	1172.0000
601	0.8096	0.8101	0.4784	0.7067	0.2502	0.8867	17.2000	0.0592	1138.0000	126.0000	0.1107	1150.0000
602	0.7832	0.8105	0.4722	0.6803	0.2496	0.8789	17.2000	0.0899	1223.0000	136.0000	0.1112	1231.0000
603	0.7882	0.8117	0.4778	0.6926	0.2493	0.8772	17.2000	0.0881	1233.0000	131.0000	0.1062	1238.0000
604	0.7954	0.7960	0.4654	0.6996	0.2448	0.8824	17.1000	0.0913	1160.0000	132.0000	0.1138	1171.0000
605	0.7834	0.8014	0.4720	0.6928	0.2473	0.8797	17.1000	0.0801	1224.0000	133.0000	0.1087	1227.0000
606	0.8090	0.8080	0.4794	0.6888	0.2507	0.8762	17.1000	0.0756	1204.0000	137.0000	0.1138	1211.0000
607	0.8070	0.8055	0.4775	0.6834	0.2485	0.8874	17.2000	0.0815	1170.0000	132.0000	0.1128	1172.0000
608	0.8000	0.8133	0.4796	0.6936	0.2526	0.8870	17.2000	0.0843	1199.0000	134.0000	0.1118	1203.0000
609	0.7948	0.8084	0.4785	0.6783	0.2525	0.8779	17.2000	0.1028	1162.0000	138.0000	0.1188	1169.0000
610	0.7920	0.8129	0.4769	0.7084	0.2502	0.8877	17.2000	0.0808	1169.0000	132.0000	0.1129	1175.0000
611	0.8253	0.8088	0.4759	0.6871	0.2443	0.8925	17.2000	0.0559	1203.0000	133.0000	0.1106	1207.0000
612	0.7965	0.8109	0.4785	0.6917	0.2518	0.8872	17.2000	0.0805	1201.0000	138.0000	0.1149	1204.0000
613	0.8167	0.8096	0.4773	0.7121	0.2547	0.8902	17.1000	0.0685	1175.0000	130.0000	0.1106	1185.0000
614	0.8222	0.8026	0.4745	0.7075	0.2450	0.8885	17.2000	0.0650	1194.0000	129.0000	0.1080	1198.0000
615	0.8129	0.8055	0.4734	0.6818	0.2446	0.8890	17.1000	0.0821	1187.0000	131.0000	0.1104	1193.0000
616	0.8004	0.8154	0.4791	0.7134	0.2521	0.8842	17.1000	0.0688	1226.0000	136.0000	0.1109	1237.0000
617	0.8094	0.8080	0.4786	0.6931	0.2512	0.8860	17.2000	0.0829	1188.0000	132.0000	0.1111	1192.0000
618	0.7940	0.8030	0.4748	0.6839	0.2511	0.8835	17.1000	0.0833	1251.0000	137.0000	0.1095	1255.0000
619	0.8112	0.8133	0.4760	0.6878	0.2515	0.8847	17.2000	0.0714	1262.0000	133.0000	0.1054	1264.0000
620	0.8074	0.8076	0.4805	0.6878	0.2490	0.8814	17.2000	0.0863	1170.0000	132.0000	0.1128	1175.0000
621	0.8120	0.8047	0.4715	0.7019	0.2471	0.8967	17.0000	0.0641	1194.0000	116.0000	0.0972	1198.0000
622	0.8141	0.8113	0.4782	0.6951	0.2545	0.8939	17.2000	0.0655	1253.0000	128.0000	0.1022	1258.0000
623	0.8168	0.8150	0.4825	0.7097	0.2544	0.8931	17.2000	0.0618	1241.0000	131.0000	0.1056	1246.0000
624	0.8076	0.8076	0.4763	0.6978	0.2518	0.8925	17.2000	0.0688	1218.0000	126.0000	0.1034	1222.0000
625	0.8111	0.8109	0.4813	0.7101	0.2512	0.8862	17.2000	0.0682	1199.0000	127.0000	0.1059	1205.0000
626	0.7998	0.8080	0.4779	0.6974	0.2518	0.8868	17.1000	0.0821	1169.0000	128.0000	0.1095	1175.0000
627	0.8035	0.8026	0.4713	0.6973	0.2446	0.8836	17.2000	0.0832	1219.0000	136.0000	0.1116	1222.0000
628	0.8020	0.8068	0.4745	0.6747	0.2455	0.8839	17.2000	0.0860	1164.0000	141.0000	0.1211	1171.0000
629	0.8040	0.8117	0.4804	0.6889	0.2491	0.8852	17.1000	0.0812	1164.0000	133.0000	0.1143	1167.0000
630	0.7892	0.8101	0.4801	0.7004	0.2529	0.8808	17.2000	0.0900	1196.0000	133.0000	0.1112	1201.0000
631	0.8190	0.8022	0.4740	0.6829	0.2493	0.8886	17.1000	0.0681	1174.0000	126.0000	0.1073	1176.0000
632	0.8084	0.8055	0.4782	0.6866	0.2542	0.8928	17.2000	0.0732	1238.0000	127.0000	0.1026	1242.0000
633	0.8094	0.8084	0.4752	0.6964	0.2481	0.8801	17.2000	0.0844	1216.0000	135.0000	0.1110	1222.0000
634	0.7841	0.8142	0.4752	0.6946	0.2522	0.8873	17.2000	0.1024	1154.0000	133.0000	0.1153	1172.0000
635	0.7986	0.8051	0.4776	0.6746	0.2468	0.8828	17.1000	0.0785	1206.0000	138.0000	0.1144	1209.0000
636	0.8065	0.8047	0.4729	0.6730	0.2511	0.8749	17.2000	0.0850	1198.0000	140.0000	0.1169	1203.0000
637	0.7834	0.8051	0.4784	0.6969	0.2545	0.8807	17.2000	0.0822	1225.0000	129.0000	0.1053	1231.0000
638	0.8214	0.8030	0.4704	0.7003	0.2455	0.8849	17.0000	0.0693	1189.0000	132.0000	0.1110	1192.0000
639	0.8139	0.8101	0.4770	0.7129	0.2539	0.8821	17.1000	0.0674	1228.0000	128.0000	0.1042	1236.0000
640	0.8111	0.8105	0.4754	0.6916	0.2498	0.8845	17.2000	0.0753	1173.0000	128.0000	0.1091	1175.0000
641	0.8196	0.8010	0.4736	0.6999	0.2495	0.8887	17.2000	0.0799	1191.0000	130.0000	0.1092	1202.0000
642	0.8114	0.8076	0.4711	0.7038	0.2491	0.8805	17.2000	0.0737	1167.0000	131.0000	0.1123	1174.0000
643	0.8172	0.8055	0.4729	0.6911	0.2445	0.8837	17.2000	0.0682	1221.0000	134.0000	0.1097	1224.0000
644	0.8038	0.8162	0.4841	0.6897	0.2538	0.8858	17.2000	0.0825	1227.0000	131.0000	0.1068	1231.0000
645	0.8134	0.8047	0.4751	0.6714	0.2502	0.8853	17.2000	0.0845	1185.0000	138.0000	0.1165	1193.0000
646	0.7958	0.8076	0.4709	0.6832	0.2463	0.8787	17.1000	0.0871	1191.0000	131.0000	0.1100	1197.0000
647	0.7981	0.8018	0.4778	0.7127	0.2516	0.8978	17.0000	0.0674	1223.0000	120.0000	0.0981	1233.0000
648	0.8142	0.8096	0.4791	0.6754	0.2460	0.8809	17.1000	0.0769	1226.0000	139.0000	0.1134	1233.0000
649	0.8060	0.8043	0.4712	0.6765	0.2514	0.8819	17.2000	0.0703	1215.0000	143.0000	0.1177	1221.0000
650	0.8305	0.8105	0.4795	0.6893	0.2497	0.8865	17.2000	0.0787	1211.0000	128.0000	0.1057	1216.0000
651	0.7874	0.8133	0.4824	0.6908	0.2521	0.8737	17.1000	0.0952	1195.0000	134.0000	0.1121	1200.0000
652	0.8005	0.8010	0.4733	0.6856	0.2529	0.8789	17.0000	0.0886	1191.0000	133.0000	0.1117	1200.0000
653	0.8274	0.8039	0.4770	0.6876	0.2516	0.8820	17.1000	0.0673	1212.0000	130.0000	0.1073	1223.0000
654	0.7985	0.8096	0.4749	0.6918	0.2524	0.8799	17.2000	0.0897	1199.0000	137.0000	0.1143	1212.0000
655	0.8035	0.8088	0.4776	0.6920	0.2508	0.8905	17.1000	0.0617	1232.0000	136.0000	0.1104	1239.0000
656	0.8002	0.8051	0.4810	0.6875	0.2509	0.8892	17.1000	0.0805	1214.0000	132.0000	0.1087	1217.0000
657	0.8311	0.8051	0.4733	0.7008	0.2497	0.8834	17.0000	0.0739	1202.0000	132.0000	0.1098	1205.0000
658	0.8330	0.8072	0.4836	0.6745	0.2496	0.8865	17.0000	0.0678	1140.0000	132.0000	0.1158	1143.0000
659	0.8147	0.8022	0.4707	0.7132	0.2491	0.8847	17.1000	0.0678	1198.0000	133.0000	0.1110	1209.0000
660	0.8050	0.8076	0.4767	0.6975	0.2492	0.8774	17.2000	0.0887	1210.0000	136.0000	0.1124	1215.0000
661	0.7960	0.8072	0.4745	0.6735	0.2484	0.8798	17.1000	0.0844	1214.0000	140.0000	0.1153	1226.0000
662	0.8168	0.8113	0.4744	0.6987	0.2510	0.8965	17.2000	0.0718	1178.0000	128.0000	0.1087	1181.0000
663	0.8239	0.8117	0.4800	0.7063	0.2511	0.8868	17.2000	0.0807	1176.0000	131.0000	0.1114	1179.0000
664	0.8105	0.8113	0.4811	0.6839	0.2495	0.8867	17.2000	0.0778	1269.0000	136.0000	0.1072	1276.0000
665	0.8009	0.8084	0.4749	0.7290	0.2491	0.8815	17.1000	0.0764	1191.0000	124.0000	0.1041	1194.0000
666	0.8096	0.8109	0.4777	0.7047	0.2529	0.8803	17.1000	0.0846	1159.0000	135.0000	0.1165	1163.0000
667	0.8098	0.8043	0.4741	0.6923	0.2471	0.8848	17.1000	0.0849	1224.0000	129.0000	0.1054	1233.0000
668	0.8090	0.8088	0.4744	0.7025	0.2492	0.8801	17.2000	0.0885	1178.0000	129.0000	0.1095	1189.0000
669	0.7984	0.8162	0.4783	0.7154	0.2539	0.8889	17.2000	0.0795	1164.0000	122.0000	0.1048	1172.0000
670	0.8018	0.8105	0.4816	0.6933	0.2496	0.8835	17.1000	0.0763	1202.0000	134.0000	0.1115	1214.0000
671	0.7992	0.8150	0.4783	0.6980	0.2470	0.8861	17.2000	0.0819	1180.0000	132.0000	0.1119	1190.0000
672	0.8120	0.8088	0.4739	0.6828	0.2473	0.8862	17.2000	0.0716	1201.0000	137.0000	0.1141	1204.0000
673	0.8144	0.8047	0.4720	0.6783	0.2474	0.8721	17.1000	0.0736	1203.0000	144.0000	0.1197	1205.0000
674	0.8184	0.8121	0.4761	0.6792	0.2496	0.8888	17.2000	0.0800	1219.0000	135.0000	0.1107	1221.0000
675	0.8039	0.8096	0.4787	0.6958	0.2522	0.8891	17.0000	0.0706	1193.0000	133.0000	0.1115	1195.0000
676	0.7853	0.8096	0.4748	0.6932	0.2531	0.8845	17.2000	0.0764	1215.0000	131.0000	0.1078	1217.0000
677	0.8224	0.8014	0.4720	0.6873	0.2481	0.8858	17.2000	0.0703	1192.0000	134.0000	0.1124	1196.0000
678	0.7907	0.8117	0.4780	0.6954	0.2522	0.8907	17.1000	0.0724	1229.0000	132.0000	0.1074	1231.0000
679	0.7985	0.8018	0.4713	0.6730	0.2491	0.8921	17.1000	0.0780	1138.0000	128.0000	0.1125	1142.0000
680	0.8128	0.8030	0.4747	0.6864	0.2431	0.8842	17.1000	0.0745	1213.0000	135.0000	0.1113	1221.0000
681	0.7989	0.8092	0.4751	0.6893	0.2527	0.8819	17.2000	0.0873	1196.0000	129.0000	0.1079	1203.0000
682	0.8047	0.8055	0.4750	0.6860	0.2515	0.8771	17.2000	0.0840	1217.0000	137.0000	0.1126	1221.0000
683	0.8111	0.8154	0.4788	0.7199	0.2541	0.8884	17.0000	0.0675	1169.0000	126.0000	0.1078	1175.0000
684	0.8089	0.8051	0.4731	0.6755	0.2486	0.8857	17.1000	0.0742	1179.0000	133.0000	0.1128	1186.0000
685	0.8081	0.8072	0.4773	0.6882	0.2505	0.8877	17.1000	0.0802	1208.0000	128.0000	0.1060	1211.0000
686	0.8310	0.8084	0.4723	0.7103	0.2530	0.8858	17.1000	0.0663	1162.0000	126.0000	0.1084	1164.0000
687	0.8117	0.8080	0.4803	0.6910	0.2470	0.8921	17.1000	0.0716	1257.0000	136.0000	0.1082	1261.0000
688	0.8104	0.8039	0.4747	0.7005	0.2470	0.8912	17.0000	0.0714	1181.0000	129.0000	0.1092	1191.0000
689	0.8022	0.8047	0.4802	0.6922	0.2487	0.8792	17.1000	0.0842	1228.0000	136.0000	0.1107	1231.0000
690	0.8032	0.8063	0.4775	0.6837	0.2498	0.8808	17.1000	0.0794	1176.0000	136.0000	0.1156	1193.0000
691	0.8064	0.8121	0.4859	0.6695	0.2567	0.8763	17.2000	0.0868	1206.0000	142.0000	0.1177	1226.0000
692	0.8019	0.8146	0.4801	0.7082	0.2542	0.8842	17.1000	0.0880	1199.0000	127.0000	0.1059	1204.0000
693	0.8162	0.8059	0.4715	0.7125	0.2466	0.8794	17.2000	0.0714	1198.0000	134.0000	0.1119	1201.0000
694	0.7888	0.8105	0.4799	0.6875	0.2521	0.8837	17.2000	0.0753	1206.0000	128.0000	0.1061	1208.0000
695	0.8102	0.8101	0.4762	0.6964	0.2515	0.8793	17.1000	0.0846	1172.0000	139.0000	0.1186	1179.0000
696	0.8076	0.8072	0.4804	0.6745	0.2470	0.8873	17.1000	0.0905	1207.0000	137.0000	0.1135	1215.0000
697	0.8038	0.8088	0.4784	0.6976	0.2522	0.8834	17.1000	0.0820	1211.0000	134.0000	0.1107	1219.0000
698	0.8074	0.8092	0.4788	0.6996	0.2460	0.8844	17.2000	0.0761	1236.0000	130.0000	0.1052	1238.0000
699	0.8086	0.8072	0.4786	0.6972	0.2516	0.8831	17.2000	0.0880	1187.0000	136.0000	0.1146	1190.0000
700	0.7872	0.8051	0.4768	0.7100	0.2506	0.8846	17.0000	0.0817	1226.0000	130.0000	0.1060	1231.0000
701	0.7992	0.8109	0.4772	0.7232	0.2479	0.8845	17.1000	0.0757	1238.0000	124.0000	0.1002	1247.0000
702	0.8127	0.8101	0.4716	0.7026	0.2495	0.8934	17.2000	0.0777	1204.0000	122.0000	0.1013	1209.0000
703	0.8004	0.8092	0.4735	0.6683	0.2445	0.8824	17.0000	0.0782	1227.0000	137.0000	0.1117	1229.0000
704	0.8016	0.8043	0.4790	0.6768	0.2480	0.8745	17.2000	0.0851	1201.0000	143.0000	0.1191	1203.0000
705	0.8175	0.8051	0.4734	0.7031	0.2440	0.8824	17.1000	0.0681	1168.0000	136.0000	0.1164	1183.0000
706	0.8015	0.8055	0.4773	0.6845	0.2502	0.8873	17.1000	0.0825	1254.0000	131.0000	0.1045	1262.0000
707	0.7768	0.8113	0.4834	0.7076	0.2519	0.8796	17.2000	0.0899	1171.0000	132.0000	0.1127	1175.0000
708	0.8064	0.8088	0.4798	0.6738	0.2468	0.8873	17.1000	0.0743	1233.0000	136.0000	0.1103	1236.0000
709	0.8050	0.8047	0.4670	0.6933	0.2483	0.8937	17.0000	0.0756	1185.0000	126.0000	0.1063	1188.0000
710	0.8082	0.8113	0.4792	0.6943	0.2509	0.8842	17.2000	0.0745	1161.0000	135.0000	0.1163	1173.0000
711	0.8003	0.8092	0.4799	0.7067	0.2534	0.8881	17.2000	0.0716	1209.0000	133.0000	0.1100	1212.0000
712	0.8101	0.8088	0.4739	0.6991	0.2538	0.8922	17.2000	0.0720	1238.0000	125.0000	0.1010	1241.0000
713	0.7827	0.8096	0.4841	0.6789	0.2544	0.8820	17.1000	0.0892	1182.0000	132.0000	0.1117	1185.0000
714	0.8045	0.8080	0.4792	0.6920	0.2535	0.8798	17.1000	0.0758	1164.0000	138.0000	0.1186	1166.0000
715	0.7977	0.8076	0.4740	0.7111	0.2546	0.8831	17.1000	0.0822	1208.0000	131.0000	0.1084	1214.0000
716	0.8099	0.8035	0.4800	0.7011	0.2507	0.8965	17.1000	0.0744	1211.0000	125.0000	0.1032	1219.0000
717	0.8112	0.8072	0.4723	0.6897	0.2501	0.8805	17.1000	0.0810	1162.0000	134.0000	0.1153	1167.0000
718	0.8134	0.8088	0.4788	0.7126	0.2520	0.8873	17.2000	0.0704	1200.0000	124.0000	0.1033	1202.0000
719	0.8068	0.8026	0.4728	0.6690	0.2462	0.8774	17.1000	0.0693	1188.0000	138.0000	0.1162	1195.0000
720	0.7908	0.8043	0.4749	0.6999	0.2538	0.8851	17.2000	0.0868	1165.0000	127.0000	0.1090	1168.0000
721	0.7919	0.8113	0.4777	0.6909	0.2479	0.8798	17.1000	0.0899	1182.0000	141.0000	0.1193	1185.0000
722	0.7807	0.8080	0.4756	0.7133	0.2515	0.8697	17.2000	0.0986	1168.0000	133.0000	0.1139	1171.0000
723	0.8026	0.8059	0.4794	0.7012	0.2511	0.8916	17.2000	0.0776	1188.0000	124.0000	0.1044	1215.0000
724	0.8169	0.8088	0.4826	0.6922	0.2558	0.8824	17.2000	0.0774	1180.0000	136.0000	0.1153	1189.0000
725	0.7941	0.8072	0.4775	0.6761	0.2487	0.8849	17.1000	0.0855	1169.0000	137.0000	0.1172	1171.0000
726	0.8398	0.8018	0.4728	0.6816	0.2435	0.8963	17.2000	0.0577	1232.0000	124.0000	0.1006	1237.0000
727	0.8265	0.8084	0.4756	0.6765	0.2465	0.8962	17.2000	0.0566	1233.0000	131.0000	0.1062	1236.0000
728	0.8184	0.8039	0.4699	0.7023	0.2472	0.8936	17.1000	0.0708	1163.0000	117.0000	0.1006	1170.0000
729	0.8019	0.8063	0.4750	0.6814	0.2479	0.8860	17.0000	0.0727	1213.0000	135.0000	0.1113	1220.0000
730	0.7979	0.8113	0.4748	0.6739	0.2468	0.8769	17.1000	0.0861	1212.0000	138.0000	0.1139	1216.0000
731	0.7986	0.8051	0.4729	0.6704	0.2456	0.8766	17.2000	0.0801	1233.0000	144.0000	0.1168	1237.0000
732	0.8324	0.8010	0.4703	0.7066	0.2509	0.8846	17.0000	0.0667	1145.0000	129.0000	0.1127	1149.0000
733	0.8308	0.8088	0.4697	0.7032	0.2465	0.8883	17.0000	0.0731	1188.0000	132.0000	0.1111	1190.0000
734	0.8176	0.8055	0.4772	0.6831	0.2480	0.8793	17.1000	0.0714	1229.0000	138.0000	0.1123	1231.0000
735	0.7959	0.8154	0.4779	0.7075	0.2507	0.8769	17.1000	0.0835	1187.0000	133.0000	0.1120	1202.0000
736	0.8083	0.8076	0.4806	0.6804	0.2521	0.8773	17.2000	0.0833	1221.0000	139.0000	0.1138	1226.0000
737	0.8095	0.8014	0.4723	0.7320	0.2448	0.8811	17.1000	0.0701	1158.0000	127.0000	0.1097	1160.0000
738	0.7932	0.8006	0.4739	0.6933	0.2506	0.8843	17.1000	0.0798	1184.0000	125.0000	0.1056	1186.0000
739	0.8108	0.8096	0.4811	0.7039	0.2518	0.8751	17.2000	0.0764	1170.0000	136.0000	0.1162	1178.0000
740	0.8251	0.8121	0.4761	0.6910	0.2468	0.8844	17.2000	0.0663	1235.0000	129.0000	0.1045	1239.0000
741	0.8021	0.8150	0.4778	0.6945	0.2454	0.8917	17.1000	0.0793	1192.0000	125.0000	0.1049	1194.0000
742	0.8140	0.8026	0.4755	0.7057	0.2500	0.8848	17.0000	0.0905	1218.0000	131.0000	0.1076	1227.0000
743	0.7990	0.8080	0.4786	0.6885	0.2500	0.8862	17.1000	0.0824	1221.0000	131.0000	0.1073	1225.0000
744	0.8124	0.8096	0.4745	0.6907	0.2498	0.8902	17.2000	0.0757	1198.0000	132.0000	0.1102	1202.0000
745	0.8002	0.8101	0.4804	0.6884	0.2520	0.8840	17.2000	0.0814	1189.0000	131.0000	0.1102	1193.0000
746	0.7935	0.8030	0.4739	0.6669	0.2502	0.8830	17.1000	0.0748	1241.0000	138.0000	0.1112	1246.0000
747	0.8267	0.8117	0.4812	0.6887	0.2518	0.8864	17.1000	0.0720	1196.0000	134.0000	0.1120	1199.0000
748	0.8127	0.8096	0.4793	0.6924	0.2467	0.8933	17.0000	0.0674	1218.0000	129.0000	0.1059	1221.0000
749	0.8179	0.8088	0.4744	0.6819	0.2481	0.8829	16.9000	0.0618	1170.0000	133.0000	0.1137	1172.0000
750	0.7982	0.8080	0.4842	0.6928	0.2455	0.8918	17.0000	0.0729	1240.0000	130.0000	0.1048	1243.0000
751	0.8180	0.8026	0.4721	0.7056	0.2504	0.8891	17.1000	0.0733	1214.0000	129.0000	0.1063	1217.0000
752	0.8182	0.8080	0.4729	0.7187	0.2502	0.8936	17.1000	0.0659	1219.0000	126.0000	0.1034	1222.0000
753	0.8125	0.8014	0.4717	0.6991	0.2483	0.8890	17.0000	0.0679	1191.0000	127.0000	0.1066	1199.0000
754	0.8133	0.8051	0.4735	0.6921	0.2487	0.8886	17.1000	0.0590	1179.0000	129.0000	0.1094	1182.0000
755	0.8161	0.8096	0.4812	0.7092	0.2535	0.8942	17.0000	0.0874	1187.0000	119.0000	0.1003	1191.0000
756	0.8173	0.8101	0.4773	0.6962	0.2492	0.9047	17.0000	0.0683	1195.0000	121.0000	0.1013	1197.0000
757	0.8033	0.8113	0.4783	0.6880	0.2494	0.8957	17.1000	0.0626	1174.0000	124.0000	0.1056	1184.0000
758	0.8176	0.8002	0.4687	0.7047	0.2493	0.8892	17.1000	0.0751	1205.0000	128.0000	0.1062	1207.0000
759	0.8236	0.8039	0.4761	0.6842	0.2500	0.8863	17.1000	0.0601	1223.0000	129.0000	0.1055	1225.0000
760	0.8160	0.8047	0.4816	0.6867	0.2504	0.8769	17.0000	0.0771	1208.0000	138.0000	0.1142	1210.0000
761	0.8141	0.8035	0.4739	0.7104	0.2460	0.8873	17.1000	0.0804	1218.0000	130.0000	0.1067	1233.0000
762	0.7833	0.8101	0.4771	0.7113	0.2518	0.8948	17.2000	0.0644	1218.0000	118.0000	0.0969	1229.0000
763	0.7988	0.8129	0.4736	0.6993	0.2488	0.8821	17.2000	0.0703	1212.0000	133.0000	0.1097	1216.0000
764	0.7989	0.8138	0.4828	0.6862	0.2522	0.8840	17.2000	0.0801	1219.0000	136.0000	0.1116	1221.0000
765	0.8058	0.8109	0.4814	0.6852	0.2487	0.8888	17.1000	0.0720	1196.0000	131.0000	0.1095	1202.0000
766	0.8125	0.8092	0.4754	0.7223	0.2528	0.8903	17.0000	0.0728	1180.0000	123.0000	0.1042	1182.0000
767	0.8196	0.8113	0.4800	0.6881	0.2500	0.8886	17.2000	0.0749	1196.0000	132.0000	0.1104	1199.0000
768	0.7969	0.8150	0.4780	0.7039	0.2545	0.8861	17.0000	0.0624	1225.0000	127.0000	0.1037	1232.0000
769	0.8053	0.8117	0.4809	0.6951	0.2557	0.8839	17.1000	0.0672	1211.0000	129.0000	0.1065	1216.0000
770	0.7911	0.8039	0.4733	0.6870	0.2475	0.8770	17.2000	0.0915	1204.0000	136.0000	0.1130	1208.0000
771	0.8082	0.8175	0.4796	0.6993	0.2510	0.8925	17.2000	0.0791	1236.0000	131.0000	0.1060	1238.0000
772	0.8137	0.8063	0.4751	0.6877	0.2509	0.8937	17.0000	0.0729	1209.0000	124.0000	0.1026	1213.0000
773	0.7971	0.8121	0.4835	0.6934	0.2551	0.8848	17.2000	0.0866	1219.0000	133.0000	0.1091	1222.0000
774	0.8213	0.8030	0.4756	0.6921	0.2463	0.8855	17.0000	0.0661	1240.0000	138.0000	0.1113	1242.0000
775	0.8240	0.8063	0.4740	0.6719	0.2465	0.8869	17.2000	0.0692	1234.0000	133.0000	0.1078	1236.0000
776	0.7930	0.8109	0.4755	0.6825	0.2481	0.8808	17.2000	0.0926	1191.0000	133.0000	0.1117	1196.0000
777	0.8071	0.8096	0.4820	0.6818	0.2484	0.8833	17.2000	0.0823	1207.0000	133.0000	0.1102	1218.0000
778	0.7957	0.8096	0.4807	0.6731	0.2501	0.8790	17.1000	0.0829	1252.0000	138.0000	0.1102	1257.0000
779	0.8022	0.8059	0.4770	0.6747	0.2530	0.8829	17.0000	0.0905	1210.0000	135.0000	0.1116	1215.0000
780	0.7985	0.8014	0.4764	0.6897	0.2483	0.8867	17.0000	0.0809	1223.0000	124.0000	0.1014	1243.0000
781	0.8124	0.8166	0.4809	0.7072	0.2557	0.8921	17.1000	0.0620	1212.0000	127.0000	0.1048	1214.0000
782	0.7795	0.8010	0.4716	0.6803	0.2479	0.8793	17.2000	0.0886	1150.0000	136.0000	0.1183	1155.0000
783	0.8062	0.8096	0.4759	0.6780	0.2469	0.8900	17.1000	0.0755	1183.0000	133.0000	0.1124	1187.0000
784	0.7953	0.8055	0.4730	0.6877	0.2456	0.8868	17.1000	0.0922	1231.0000	132.0000	0.1072	1237.0000
785	0.8117	0.8063	0.4771	0.6917	0.2494	0.8805	17.1000	0.0761	1184.0000	136.0000	0.1149	1186.0000
786	0.7950	0.8035	0.4768	0.6919	0.2482	0.8841	17.1000	0.0910	1183.0000	134.0000	0.1133	1194.0000
787	0.8258	0.8096	0.4753	0.7098	0.2498	0.8880	17.2000	0.0667	1174.0000	128.0000	0.1090	1179.0000
788	0.7993	0.8117	0.4801	0.6768	0.2503	0.8769	17.2000	0.1024	1222.0000	140.0000	0.1146	1224.0000
789	0.8205	0.8068	0.4822	0.6804	0.2511	0.8824	17.1000	0.0783	1231.0000	134.0000	0.1089	1235.0000
790	0.7883	0.8105	0.4774	0.6876	0.2486	0.8816	17.2000	0.0851	1204.0000	129.0000	0.1071	1208.0000
791	0.8233	0.8084	0.4783	0.7075	0.2518	0.8856	17.1000	0.0657	1156.0000	126.0000	0.1090	1158.0000
792	0.7906	0.7993	0.4760	0.6947	0.2474	0.8858	17.0000	0.0809	1245.0000	133.0000	0.1068	1249.0000
793	0.8056	0.8080	0.4772	0.7101	0.2518	0.8920	17.2000	0.0911	1179.0000	129.0000	0.1094	1187.0000
794	0.8236	0.8072	0.4798	0.6878	0.2492	0.8894	17.1000	0.0733	1208.0000	132.0000	0.1093	1210.0000
795	0.8257	0.8113	0.4772	0.6899	0.2539	0.8808	17.2000	0.0757	1177.0000	134.0000	0.1138	1187.0000
796	0.8038	0.8138	0.4771	0.6994	0.2510	0.8794	17.0000	0.0858	1194.0000	134.0000	0.1122	1200.0000
797	0.7984	0.8072	0.4762	0.6805	0.2499	0.8835	17.1000	0.0819	1208.0000	136.0000	0.1126	1210.0000
798	0.8090	0.8129	0.4801	0.7013	0.2566	0.8831	17.1000	0.0778	1186.0000	135.0000	0.1138	1197.0000
799	0.7956	0.8096	0.4833	0.6793	0.2480	0.8758	17.2000	0.0844	1235.0000	145.0000	0.1174	1238.0000
800	0.7981	0.8047	0.4773	0.6811	0.2521	0.8715	17.2000	0.0773	1189.0000	143.0000	0.1203	1206.0000
801	0.7932	0.8014	0.4728	0.7102	0.2497	0.8827	17.0000	0.0830	1235.0000	134.0000	0.1085	1238.0000
802	0.8152	0.8117	0.4782	0.6903	0.2512	0.8732	17.2000	0.0775	1231.0000	143.0000	0.1162	1235.0000
803	0.8232	0.8101	0.4833	0.6907	0.2533	0.8768	17.1000	0.0772	1231.0000	139.0000	0.1129	1241.0000
804	0.7909	0.8080	0.4724	0.6772	0.2440	0.8828	17.2000	0.0843	1218.0000	138.0000	0.1133	1220.0000
805	0.8071	0.8063	0.4727	0.7014	0.2501	0.8893	17.1000	0.0796	1190.0000	127.0000	0.1067	1194.0000
806	0.8202	0.8088	0.4736	0.6775	0.2506	0.8901	17.2000	0.0821	1203.0000	129.0000	0.1072	1207.0000
807	0.8184	0.8063	0.4721	0.7083	0.2468	0.8875	17.0000	0.0657	1216.0000	126.0000	0.1036	1222.0000
808	0.8007	0.7993	0.4733	0.6952	0.2503	0.8837	17.1000	0.0706	1210.0000	137.0000	0.1132	1217.0000
809	0.8011	0.8142	0.4767	0.7042	0.2493	0.8802	17.2000	0.0713	1189.0000	134.0000	0.1127	1191.0000
810	0.8224	0.8039	0.4707	0.6962	0.2466	0.8900	17.0000	0.0736	1210.0000	126.0000	0.1041	1214.0000
811	0.7941	0.8063	0.4734	0.7012	0.2464	0.8897	17.2000	0.0843	1199.0000	137.0000	0.1143	1202.0000
812	0.8039	0.8072	0.4722	0.6835	0.2464	0.8744	17.1000	0.0919	1181.0000	136.0000	0.1152	1186.0000
813	0.7868	0.8092	0.4721	0.6941	0.2516	0.8813	17.2000	0.0827	1198.0000	137.0000	0.1144	1207.0000
814	0.7984	0.8080	0.4774	0.6841	0.2511	0.8852	17.0000	0.0837	1198.0000	130.0000	0.1085	1202.0000
815	0.8070	0.8043	0.4729	0.7165	0.2449	0.8929	17.1000	0.0923	1182.0000	123.0000	0.1041	1188.0000
816	0.8226	0.8059	0.4835	0.6957	0.2482	0.8875	17.0000	0.0696	1232.0000	132.0000	0.1071	1240.0000
817	0.8334	0.8084	0.4753	0.6892	0.2472	0.8939	17.1000	0.0707	1218.0000	127.0000	0.1043	1226.0000
818	0.8032	0.8088	0.4793	0.6771	0.2514	0.8907	17.1000	0.0749	1194.0000	129.0000	0.1080	1204.0000
819	0.8120	0.8039	0.4795	0.6912	0.2517	0.8905	17.1000	0.0758	1224.0000	124.0000	0.1013	1228.0000
820	0.7949	0.8084	0.4799	0.6947	0.2529	0.8943	17.1000	0.0752	1212.0000	125.0000	0.1031	1230.0000
821	0.8003	0.8121	0.4771	0.6933	0.2515	0.8870	17.1000	0.0873	1163.0000	132.0000	0.1135	1165.0000
822	0.7997	0.8117	0.4801	0.7071	0.2512	0.8910	17.1000	0.0676	1210.0000	124.0000	0.1025	1212.0000
823	0.8128	0.8088	0.4756	0.6955	0.2499	0.8900	17.1000	0.0759	1235.0000	127.0000	0.1028	1239.0000
824	0.8052	0.8133	0.4768	0.7042	0.2515	0.8829	17.2000	0.0730	1200.0000	134.0000	0.1117	1205.0000
825	0.7987	0.8047	0.4723	0.6784	0.2452	0.8858	16.9000	0.0782	1228.0000	132.0000	0.1075	1234.0000
826	0.8061	0.8076	0.4724	0.6864	0.2447	0.8888	17.1000	0.0763	1217.0000	129.0000	0.1060	1225.0000
827	0.8018	0.8138	0.4784	0.6844	0.2451	0.8869	17.1000	0.0884	1195.0000	139.0000	0.1163	1201.0000
828	0.8160	0.8068	0.4791	0.6907	0.2507	0.8936	17.1000	0.0712	1260.0000	127.0000	0.1008	1263.0000
829	0.8047	0.8138	0.4745	0.6968	0.2547	0.8814	17.2000	0.0753	1237.0000	135.0000	0.1091	1241.0000
830	0.8004	0.8059	0.4741	0.7023	0.2529	0.8821	17.1000	0.0818	1164.0000	125.0000	0.1074	1166.0000
831	0.8056	0.8129	0.4761	0.7105	0.2521	0.8911	17.1000	0.0671	1195.0000	128.0000	0.1071	1197.0000
832	0.8249	0.8018	0.4724	0.7090	0.2482	0.8903	17.1000	0.0676	1197.0000	130.0000	0.1086	1199.0000
833	0.8170	0.8092	0.4795	0.7095	0.2447	0.9001	17.2000	0.0560	1231.0000	128.0000	0.1040	1233.0000
834	0.7986	0.8072	0.4766	0.7140	0.2497	0.8913	17.2000	0.0812	1202.0000	126.0000	0.1048	1204.0000
835	0.8254	0.8088	0.4748	0.7121	0.2512	0.8867	17.1000	0.0774	1185.0000	129.0000	0.1089	1198.0000
836	0.7992	0.8072	0.4759	0.7081	0.2517	0.8779	17.1000	0.0704	1207.0000	134.0000	0.1110	1212.0000
837	0.8002	0.8047	0.4766	0.6926	0.2489	0.8820	17.1000	0.0840	1146.0000	134.0000	0.1169	1148.0000
838	0.8204	0.8051	0.4744	0.7042	0.2499	0.8984	17.2000	0.0707	1208.0000	121.0000	0.1002	1210.0000
839	0.8037	0.8072	0.4747	0.7102	0.2479	0.8904	17.0000	0.0733	1218.0000	126.0000	0.1034	1224.0000
840	0.8066	0.8059	0.4734	0.6882	0.2505	0.8815	17.0000	0.0694	1224.0000	131.0000	0.1070	1230.0000
841	0.8330	0.8133	0.4812	0.6893	0.2504	0.8946	17.2000	0.0689	1195.0000	126.0000	0.1054	1198.0000
842	0.8094	0.8063	0.4776	0.7116	0.2514	0.8846	17.2000	0.0761	1212.0000	128.0000	0.1056	1219.0000
843	0.8245	0.8101	0.4752	0.7119	0.2480	0.8897	17.1000	0.0668	1231.0000	131.0000	0.1064	1235.0000
844	0.8139	0.8117	0.4803	0.6951	0.2562	0.8814	17.1000	0.0579	1176.0000	130.0000	0.1105	1178.0000
845	0.8282	0.8059	0.4759	0.6814	0.2440	0.8861	17.2000	0.0737	1180.0000	130.0000	0.1102	1184.0000
846	0.8204	0.8051	0.4732	0.6919	0.2457	0.8908	17.1000	0.0694	1249.0000	128.0000	0.1025	1254.0000
847	0.8052	0.8072	0.4775	0.6935	0.2467	0.8934	17.1000	0.0712	1171.0000	125.0000	0.1067	1175.0000
848	0.7958	0.8084	0.4745	0.6867	0.2489	0.8904	17.2000	0.0717	1193.0000	125.0000	0.1048	1199.0000
849	0.7993	0.8125	0.4848	0.6842	0.2517	0.8867	17.0000	0.0900	1210.0000	127.0000	0.1050	1212.0000
850	0.8105	0.8072	0.4745	0.6924	0.2500	0.8839	17.0000	0.0805	1209.0000	129.0000	0.1067	1211.0000
851	0.8375	0.8002	0.4704	0.6932	0.2482	0.8797	17.1000	0.0783	1197.0000	137.0000	0.1145	1201.0000
852	0.7990	0.8076	0.4745	0.6890	0.2482	0.8956	17.1000	0.0864	1225.0000	126.0000	0.1029	1228.0000
853	0.8112	0.8121	0.4765	0.6949	0.2490	0.8807	17.2000	0.0814	1202.0000	133.0000	0.1106	1206.0000
854	0.8003	0.8129	0.4845	0.7030	0.2530	0.8919	17.1000	0.0738	1222.0000	130.0000	0.1064	1224.0000
855	0.8242	0.8084	0.4753	0.6723	0.2456	0.8955	17.1000	0.0681	1267.0000	134.0000	0.1058	1271.0000
856	0.8094	0.8076	0.4770	0.7250	0.2531	0.8842	17.2000	0.0662	1192.0000	123.0000	0.1032	1201.0000
857	0.8062	0.8109	0.4764	0.6925	0.2512	0.8897	17.2000	0.0892	1218.0000	127.0000	0.1043	1220.0000
858	0.8135	0.8080	0.4773	0.6805	0.2517	0.8804	17.2000	0.0799	1195.0000	139.0000	0.1163	1198.0000
859	0.8125	0.8043	0.4786	0.7096	0.2493	0.8869	17.1000	0.0784	1182.0000	127.0000	0.1074	1189.0000
860	0.7816	0.8162	0.4822	0.6905	0.2532	0.8831	17.2000	0.0921	1216.0000	132.0000	0.1086	1219.0000
861	0.8083	0.8088	0.4776	0.7247	0.2513	0.9002	17.1000	0.0661	1179.0000	123.0000	0.1043	1189.0000
862	0.8065	0.8150	0.4778	0.6846	0.2484	0.8846	17.2000	0.0727	1237.0000	134.0000	0.1083	1241.0000
863	0.8196	0.8076	0.4732	0.7020	0.2469	0.8829	17.2000	0.0684	1217.0000	139.0000	0.1142	1221.0000
864	0.7908	0.8059	0.4723	0.7071	0.2570	0.8794	17.2000	0.0798	1189.0000	127.0000	0.1068	1195.0000
865	0.7943	0.8088	0.4755	0.6881	0.2518	0.8904	17.1000	0.0808	1212.0000	130.0000	0.1073	1216.0000
866	0.8140	0.8059	0.4781	0.7200	0.2489	0.8932	17.1000	0.0638	1195.0000	123.0000	0.1029	1200.0000
867	0.8103	0.8043	0.4728	0.6992	0.2534	0.8908	17.1000	0.0684	1211.0000	128.0000	0.1057	1213.0000
868	0.7871	0.8146	0.4812	0.7084	0.2495	0.8862	17.0000	0.0956	1202.0000	131.0000	0.1090	1221.0000
869	0.7952	0.8018	0.4702	0.7014	0.2494	0.8887	17.2000	0.0643	1198.0000	127.0000	0.1060	1201.0000
870	0.8162	0.8063	0.4747	0.7199	0.2513	0.8890	17.2000	0.0657	1234.0000	128.0000	0.1037	1238.0000
871	0.8097	0.7985	0.4724	0.6802	0.2500	0.8898	17.1000	0.0748	1216.0000	134.0000	0.1102	1222.0000
872	0.8098	0.8101	0.4729	0.6931	0.2448	0.8891	17.1000	0.0750	1247.0000	136.0000	0.1091	1249.0000
873	0.8191	0.7985	0.4665	0.6665	0.2451	0.8766	17.2000	0.0687	1241.0000	136.0000	0.1096	1244.0000
874	0.7802	0.8039	0.4760	0.6942	0.2489	0.8925	17.2000	0.0822	1200.0000	128.0000	0.1067	1203.0000
875	0.8064	0.8055	0.4779	0.6841	0.2510	0.8877	17.2000	0.0771	1215.0000	131.0000	0.1078	1222.0000
876	0.7852	0.8068	0.4776	0.7004	0.2487	0.8863	17.2000	0.0992	1178.0000	130.0000	0.1104	1185.0000
877	0.8110	0.8088	0.4763	0.6882	0.2458	0.8823	17.0000	0.0816	1174.0000	139.0000	0.1184	1187.0000
878	0.8097	0.8109	0.4774	0.6845	0.2472	0.8797	17.2000	0.0851	1219.0000	132.0000	0.1083	1231.0000
879	0.7898	0.8035	0.4731	0.7072	0.2497	0.8874	16.9000	0.0843	1190.0000	126.0000	0.1059	1192.0000
880	0.8070	0.8018	0.4731	0.6983	0.2476	0.8886	17.2000	0.0684	1172.0000	124.0000	0.1058	1174.0000
881	0.7972	0.8063	0.4769	0.6786	0.2500	0.8780	17.2000	0.0813	1215.0000	143.0000	0.1177	1222.0000
882	0.8148	0.8076	0.4742	0.6949	0.2487	0.8909	17.1000	0.0707	1218.0000	128.0000	0.1051	1222.0000
883	0.7931	0.8026	0.4764	0.6902	0.2539	0.8824	17.0000	0.0937	1188.0000	127.0000	0.1069	1203.0000
884	0.7981	0.8129	0.4801	0.7078	0.2532	0.8905	17.1000	0.0756	1231.0000	128.0000	0.1040	1233.0000
885	0.7974	0.8051	0.4689	0.7040	0.2517	0.8806	17.2000	0.0770	1233.0000	129.0000	0.1046	1239.0000
886	0.8195	0.8133	0.4778	0.6992	0.2517	0.8850	17.1000	0.0757	1179.0000	134.0000	0.1137	1181.0000
887	0.8226	0.8026	0.4739	0.6927	0.2512	0.8884	17.1000	0.0768	1193.0000	123.0000	0.1031	1196.0000
888	0.8009	0.8076	0.4754	0.6968	0.2470	0.8910	17.2000	0.0778	1172.0000	123.0000	0.1049	1179.0000
889	0.8204	0.8068	0.4773	0.7110	0.2489	0.8852	17.1000	0.0615	1205.0000	130.0000	0.1079	1208.0000
890	0.7976	0.8109	0.4757	0.6892	0.2491	0.8938	17.1000	0.0853	1192.0000	126.0000	0.1057	1194.0000
891	0.8005	0.8035	0.4787	0.7055	0.2537	0.8895	17.1000	0.0749	1199.0000	130.0000	0.1084	1202.0000
892	0.7896	0.8121	0.4813	0.7013	0.2539	0.8914	17.2000	0.0865	1192.0000	127.0000	0.1065	1194.0000
893	0.7889	0.8105	0.4786	0.6798	0.2516	0.8871	17.2000	0.0805	1200.0000	135.0000	0.1125	1204.0000
894	0.7981	0.8076	0.4768	0.6923	0.2512	0.8845	17.2000	0.0766	1225.0000	135.0000	0.1102	1231.0000
895	0.8037	0.8026	0.4779	0.7118	0.2540	0.8920	17.1000	0.0784	1248.0000	122.0000	0.0978	1255.0000
896	0.8070	0.8059	0.4692	0.7049	0.2464	0.8807	17.2000	0.0835	1168.0000	133.0000	0.1139	1180.0000
897	0.8038	0.7985	0.4633	0.6918	0.2454	0.8862	17.2000	0.0774	1173.0000	132.0000	0.1125	1179.0000
898	0.8069	0.8154	0.4780	0.6673	0.2491	0.8870	17.2000	0.0761	1219.0000	135.0000	0.1107	1221.0000
899	0.7840	0.8026	0.4711	0.6770	0.2448	0.8876	17.1000	0.0879	1216.0000	131.0000	0.1077	1230.0000
900	0.8230	0.8055	0.4749	0.6650	0.2466	0.8848	17.2000	0.0866	1220.0000	136.0000	0.1115	1223.0000
901	0.8069	0.8154	0.4772	0.6813	0.2526	0.8744	17.2000	0.0829	1234.0000	135.0000	0.1094	1236.0000
902	0.8194	0.8051	0.4738	0.7163	0.2505	0.8929	17.1000	0.0692	1192.0000	124.0000	0.1040	1194.0000
903	0.8063	0.8101	0.4783	0.6807	0.2465	0.8854	17.0000	0.0767	1249.0000	134.0000	0.1073	1252.0000
904	0.8216	0.8125	0.4748	0.6838	0.2467	0.8932	17.2000	0.0651	1210.0000	127.0000	0.1050	1212.0000
905	0.8144	0.8109	0.4771	0.6693	0.2464	0.8858	17.1000	0.0768	1248.0000	135.0000	0.1082	1251.0000
906	0.8161	0.8101	0.4788	0.6865	0.2475	0.8969	17.2000	0.0643	1225.0000	123.0000	0.1004	1228.0000
907	0.7782	0.8096	0.4795	0.6759	0.2509	0.8699	17.1000	0.0881	1240.0000	140.0000	0.1129	1243.0000
908	0.8109	0.8105	0.4741	0.7012	0.2536	0.8856	17.2000	0.0774	1224.0000	128.0000	0.1046	1227.0000
909	0.8125	0.8117	0.4735	0.6925	0.2496	0.8851	17.2000	0.0800	1205.0000	132.0000	0.1095	1217.0000
910	0.8105	0.8022	0.4748	0.7112	0.2472	0.8871	17.1000	0.0796	1167.0000	131.0000	0.1123	1178.0000
911	0.8296	0.8068	0.4755	0.6827	0.2471	0.8898	17.1000	0.0810	1229.0000	130.0000	0.1058	1233.0000
912	0.8103	0.8105	0.4807	0.6858	0.2544	0.8897	17.2000	0.0782	1208.0000	132.0000	0.1093	1214.0000
913	0.7883	0.8035	0.4772	0.6994	0.2487	0.8970	17.1000	0.0789	1214.0000	124.0000	0.1021	1218.0000
914	0.8206	0.8072	0.4818	0.6837	0.2520	0.8865	17.2000	0.0719	1212.0000	135.0000	0.1114	1223.0000
915	0.8190	0.8096	0.4817	0.7054	0.2516	0.8815	17.2000	0.0721	1228.0000	136.0000	0.1107	1235.0000
916	0.7956	0.8084	0.4764	0.7007	0.2497	0.8923	17.2000	0.0871	1227.0000	122.0000	0.0994	1229.0000
917	0.8067	0.8051	0.4746	0.6886	0.2485	0.8809	17.1000	0.0737	1196.0000	132.0000	0.1104	1198.0000
918	0.8165	0.8084	0.4812	0.7044	0.2501	0.8852	17.0000	0.0805	1248.0000	126.0000	0.1010	1252.0000
919	0.8196	0.8076	0.4781	0.6894	0.2524	0.8870	16.9000	0.0681	1156.0000	130.0000	0.1125	1158.0000
920	0.8225	0.8080	0.4775	0.7095	0.2492	0.8882	17.2000	0.0689	1185.0000	122.0000	0.1030	1189.0000
921	0.8089	0.8080	0.4748	0.6876	0.2496	0.8894	17.1000	0.0818	1233.0000	135.0000	0.1095	1237.0000
922	0.8118	0.8105	0.4777	0.6920	0.2514	0.8835	17.1000	0.0689	1239.0000	135.0000	0.1090	1242.0000
923	0.8032	0.8039	0.4736	0.7147	0.2489	0.8895	17.1000	0.0717	1203.0000	125.0000	0.1039	1218.0000
924	0.8063	0.8092	0.4708	0.7117	0.2501	0.8879	16.9000	0.0820	1207.0000	123.0000	0.1019	1213.0000
925	0.8157	0.8076	0.4730	0.6923	0.2478	0.8863	17.2000	0.0843	1166.0000	130.0000	0.1115	1177.0000
926	0.7923	0.8158	0.4796	0.6858	0.2520	0.8915	17.1000	0.0841	1206.0000	127.0000	0.1053	1211.0000
927	0.8303	0.8076	0.4740	0.7039	0.2509	0.8854	17.0000	0.0787	1197.0000	127.0000	0.1061	1202.0000
928	0.8020	0.8072	0.4758	0.6841	0.2466	0.8805	17.0000	0.0791	1233.0000	130.0000	0.1054	1237.0000
929	0.8085	0.8026	0.4720	0.6919	0.2457	0.8912	17.1000	0.0771	1221.0000	129.0000	0.1057	1223.0000
930	0.7864	0.8113	0.4786	0.7083	0.2503	0.8832	17.0000	0.0882	1204.0000	131.0000	0.1088	1206.0000
931	0.8117	0.8063	0.4801	0.6896	0.2496	0.8848	17.2000	0.0716	1219.0000	132.0000	0.1083	1221.0000
932	0.8182	0.8092	0.4753	0.6954	0.2484	0.8825	17.1000	0.0759	1166.0000	136.0000	0.1166	1181.0000
933	0.7935	0.8035	0.4754	0.7051	0.2475	0.8870	17.1000	0.0947	1169.0000	126.0000	0.1078	1176.0000
934	0.7960	0.8043	0.4795	0.6764	0.2479	0.8850	17.2000	0.0818	1247.0000	141.0000	0.1131	1253.0000
935	0.7904	0.8109	0.4761	0.6650	0.2489	0.8851	17.1000	0.0830	1228.0000	134.0000	0.1091	1234.0000
936	0.8398	0.8109	0.4800	0.6914	0.2535	0.8846	17.0000	0.0730	1207.0000	134.0000	0.1110	1211.0000
937	0.8052	0.8121	0.4754	0.7060	0.2500	0.8954	17.1000	0.0731	1187.0000	119.0000	0.1003	1196.0000
938	0.8061	0.8092	0.4761	0.6996	0.2521	0.8909	17.1000	0.0764	1227.0000	133.0000	0.1084	1237.0000
939	0.8129	0.8002	0.4725	0.6743	0.2460	0.8848	17.2000	0.0843	1223.0000	140.0000	0.1145	1225.0000
940	0.7711	0.8121	0.4770	0.6967	0.2530	0.8841	17.2000	0.0985	1190.0000	128.0000	0.1076	1194.0000
941	0.8026	0.8092	0.4754	0.6956	0.2512	0.8852	17.1000	0.0840	1240.0000	135.0000	0.1089	1243.0000
942	0.8037	0.8088	0.4832	0.7005	0.2505	0.8853	17.1000	0.0777	1219.0000	128.0000	0.1050	1225.0000
943	0.8280	0.8076	0.4727	0.6960	0.2496	0.8850	17.2000	0.0696	1227.0000	126.0000	0.1027	1230.0000
944	0.7962	0.8088	0.4767	0.7185	0.2538	0.8827	17.2000	0.0816	1208.0000	124.0000	0.1026	1212.0000
945	0.8041	0.8030	0.4756	0.6859	0.2468	0.8866	17.1000	0.0763	1205.0000	131.0000	0.1087	1211.0000
946	0.8043	0.8129	0.4803	0.6811	0.2489	0.8800	17.0000	0.0837	1212.0000	138.0000	0.1139	1214.0000
947	0.8150	0.8109	0.4778	0.7075	0.2502	0.8711	17.2000	0.0882	1233.0000	138.0000	0.1119	1236.0000
948	0.8203	0.8105	0.4742	0.6935	0.2412	0.8852	17.2000	0.0697	1236.0000	138.0000	0.1117	1238.0000
949	0.8150	0.8096	0.4800	0.7101	0.2520	0.8805	16.9000	0.0764	1206.0000	132.0000	0.1095	1210.0000
950	0.7906	0.8125	0.4779	0.6933	0.2494	0.8870	17.2000	0.0752	1238.0000	129.0000	0.1042	1250.0000
951	0.8188	0.8113	0.4745	0.7099	0.2469	0.8906	17.1000	0.0657	1197.0000	130.0000	0.1086	1199.0000
952	0.7991	0.8162	0.4828	0.7123	0.2539	0.8831	17.2000	0.0755	1181.0000	133.0000	0.1126	1185.0000
953	0.8130	0.8125	0.4768	0.6763	0.2481	0.8811	17.2000	0.0835	1189.0000	141.0000	0.1186	1192.0000
954	0.7813	0.8063	0.4737	0.7413	0.2537	0.8864	17.1000	0.0748	1200.0000	122.0000	0.1017	1205.0000
955	0.8076	0.8129	0.4782	0.6917	0.2476	0.8804	17.1000	0.0880	1207.0000	137.0000	0.1135	1213.0000
956	0.8103	0.8051	0.4805	0.7079	0.2537	0.8903	17.0000	0.0854	1219.0000	122.0000	0.1001	1226.0000
957	0.8233	0.8084	0.4749	0.7035	0.2507	0.8915	17.1000	0.0634	1213.0000	122.0000	0.1006	1222.0000
958	0.8251	0.8026	0.4755	0.6901	0.2488	0.8913	17.2000	0.0524	1213.0000	122.0000	0.1006	1219.0000
959	0.7919	0.8059	0.4731	0.6990	0.2522	0.8843	16.9000	0.0655	1200.0000	131.0000	0.1092	1210.0000
960	0.7881	0.8088	0.4816	0.6688	0.2483	0.8813	17.2000	0.0847	1239.0000	143.0000	0.1154	1248.0000
961	0.8100	0.8068	0.4719	0.6904	0.2477	0.8821	17.0000	0.0841	1164.0000	131.0000	0.1125	1170.0000
962	0.8192	0.8063	0.4749	0.6985	0.2502	0.8924	17.2000	0.0690	1191.0000	121.0000	0.1016	1199.0000
963	0.8404	0.7993	0.4639	0.6913	0.2434	0.8894	17.2000	0.0770	1150.0000	129.0000	0.1122	1154.0000
964	0.7936	0.8068	0.4787	0.7011	0.2506	0.8786	17.2000	0.0857	1210.0000	128.0000	0.1058	1216.0000
965	0.7971	0.8138	0.4772	0.7089	0.2556	0.8846	17.0000	0.0797	1180.0000	127.0000	0.1076	1197.0000
966	0.7987	0.8154	0.4814	0.7108	0.2556	0.8853	16.9000	0.0753	1204.0000	129.0000	0.1071	1210.0000
967	0.7938	0.8096	0.4828	0.6874	0.2541	0.8835	17.2000	0.0698	1215.0000	136.0000	0.1119	1217.0000
968	0.7976	0.8059	0.4796	0.6794	0.2445	0.8870	17.2000	0.0879	1249.0000	134.0000	0.1073	1255.0000
969	0.7930	0.8055	0.4734	0.6953	0.2497	0.8872	17.1000	0.0825	1202.0000	131.0000	0.1090	1206.0000
970	0.8152	0.8010	0.4686	0.6729	0.2470	0.8881	17.2000	0.0810	1204.0000	136.0000	0.1130	1206.0000
971	0.8173	0.8063	0.4756	0.6877	0.2482	0.8877	17.1000	0.0719	1193.0000	129.0000	0.1081	1200.0000
972	0.7927	0.8076	0.4812	0.6760	0.2482	0.8803	17.2000	0.0817	1240.0000	142.0000	0.1145	1247.0000
973	0.7730	0.8096	0.4738	0.6790	0.2494	0.8814	17.1000	0.0933	1254.0000	138.0000	0.1100	1257.0000
974	0.8087	0.8010	0.4720	0.6819	0.2474	0.8788	17.1000	0.0881	1185.0000	132.0000	0.1114	1187.0000
975	0.8030	0.8030	0.4685	0.6823	0.2436	0.8881	17.1000	0.0838	1214.0000	134.0000	0.1104	1216.0000
976	0.8117	0.8022	0.4758	0.6762	0.2435	0.8844	17.1000	0.0750	1195.0000	133.0000	0.1113	1205.0000
977	0.7925	0.8150	0.4778	0.6732	0.2490	0.8870	17.1000	0.0793	1177.0000	133.0000	0.1130	1185.0000
978	0.8227	0.8109	0.4782	0.6784	0.2508	0.8830	17.2000	0.0695	1198.0000	139.0000	0.1160	1201.0000
979	0.8217	0.8018	0.4756	0.6954	0.2454	0.8909	17.1000	0.0695	1188.0000	131.0000	0.1103	1194.0000
980	0.8125	0.8084	0.4740	0.6910	0.2476	0.8805	17.1000	0.0778	1221.0000	140.0000	0.1147	1230.0000
981	0.8088	0.8096	0.4771	0.6866	0.2555	0.8861	17.0000	0.0756	1220.0000	131.0000	0.1074	1223.0000
982	0.7942	0.8133	0.4783	0.6962	0.2500	0.8831	17.2000	0.0798	1212.0000	132.0000	0.1089	1215.0000
983	0.8091	0.8088	0.4737	0.7092	0.2493	0.8899	17.0000	0.0761	1187.0000	128.0000	0.1078	1190.0000
984	0.8082	0.8117	0.4773	0.7044	0.2483	0.8950	17.2000	0.0596	1221.0000	126.0000	0.1032	1223.0000
985	0.8077	0.8113	0.4779	0.6878	0.2502	0.8857	17.2000	0.0765	1184.0000	130.0000	0.1098	1189.0000
986	0.7977	0.8142	0.4821	0.6924	0.2491	0.8855	17.1000	0.0836	1249.0000	132.0000	0.1057	1255.0000
987	0.7932	0.8080	0.4746	0.6951	0.2591	0.8786	17.1000	0.0673	1146.0000	133.0000	0.1161	1153.0000
988	0.8030	0.8076	0.4794	0.6859	0.2517	0.8818	17.2000	0.0877	1167.0000	135.0000	0.1157	1172.0000
989	0.7937	0.8088	0.4779	0.7034	0.2523	0.8817	17.2000	0.0907	1215.0000	129.0000	0.1062	1218.0000
990	0.8144	0.8076	0.4746	0.7097	0.2526	0.8887	17.2000	0.0865	1171.0000	127.0000	0.1085	1175.0000
991	0.8003	0.8129	0.4763	0.6651	0.2496	0.8796	17.1000	0.0957	1205.0000	138.0000	0.1145	1210.0000
992	0.8115	0.8068	0.4742	0.6978	0.2451	0.8962	17.1000	0.0755	1198.0000	124.0000	0.1035	1205.0000
993	0.8056	0.8084	0.4735	0.7037	0.2488	0.8889	17.2000	0.0744	1169.0000	125.0000	0.1069	1172.0000
994	0.8011	0.8117	0.4729	0.6899	0.2485	0.8731	17.2000	0.0827	1223.0000	139.0000	0.1137	1226.0000
995	0.8149	0.8030	0.4699	0.6950	0.2448	0.8797	17.0000	0.0853	1213.0000	130.0000	0.1072	1216.0000
996	0.8243	0.8109	0.4753	0.6786	0.2476	0.8836	17.2000	0.0838	1177.0000	141.0000	0.1198	1180.0000
997	0.7922	0.8101	0.4768	0.6943	0.2551	0.8801	17.1000	0.0792	1191.0000	135.0000	0.1134	1204.0000
998	0.8225	0.8076	0.4763	0.7065	0.2515	0.8865	17.0000	0.0823	1209.0000	125.0000	0.1034	1223.0000
999	0.8057	0.8068	0.4768	0.6973	0.2522	0.8846	17.1000	0.0778	1224.0000	129.0000	0.1054	1233.0000
1000	0.7943	0.8047	0.4736	0.7050	0.2507	0.8800	17.1000	0.0680	1193.0000	128.0000	0.1073	1196.0000
