accuracy	proportion	density	fuzziness	coverage	purity	sounds	missing	ubound	clusters	props	patterns
1	0.8084	0.8298	0.4613	0.6949	0.4278	0.8821	17.4000	0.0539	1493.0000	170.0000	0.1139	1501.0000
2	0.8142	0.8315	0.4620	0.6944	0.4070	0.8776	17.3000	0.0604	1426.0000	155.0000	0.1087	1428.0000
3	0.8053	0.8183	0.4613	0.7100	0.3875	0.8820	17.3000	0.0670	1379.0000	152.0000	0.1102	1387.0000
4	0.7973	0.8158	0.4605	0.7084	0.3329	0.8736	17.2000	0.0695	1332.0000	141.0000	0.1059	1342.0000
5	0.8240	0.8208	0.4725	0.7038	0.3594	0.8666	17.0000	0.0689	1285.0000	142.0000	0.1105	1287.0000
6	0.8336	0.8080	0.4706	0.7185	0.3516	0.8830	17.1000	0.0466	1241.0000	127.0000	0.1023	1245.0000
7	0.8402	0.8076	0.4702	0.7178	0.3626	0.8876	17.1000	0.0535	1240.0000	127.0000	0.1024	1244.0000
8	0.8207	0.8026	0.4697	0.7147	0.3623	0.8915	16.8000	0.0721	1238.0000	127.0000	0.1026	1240.0000
9	0.8180	0.8092	0.4689	0.6959	0.3233	0.8771	17.2000	0.0697	1241.0000	129.0000	0.1039	1247.0000
10	0.8326	0.8039	0.4756	0.7289	0.3745	0.8927	17.1000	0.0653	1169.0000	121.0000	0.1035	1173.0000
11	0.8373	0.8113	0.4753	0.7186	0.3717	0.8794	17.1000	0.0722	1199.0000	123.0000	0.1026	1201.0000
12	0.8441	0.8010	0.4715	0.7157	0.3783	0.8959	17.1000	0.0562	1243.0000	124.0000	0.0998	1245.0000
13	0.8027	0.8010	0.4720	0.7064	0.3589	0.8797	17.1000	0.0818	1177.0000	125.0000	0.1062	1192.0000
14	0.8241	0.8059	0.4703	0.7085	0.3720	0.8866	17.0000	0.0725	1220.0000	128.0000	0.1049	1225.0000
15	0.8131	0.8109	0.4776	0.7240	0.3787	0.8871	17.1000	0.0653	1173.0000	125.0000	0.1066	1175.0000
16	0.8004	0.8068	0.4734	0.7436	0.3853	0.8884	17.2000	0.0776	1220.0000	116.0000	0.0951	1227.0000
17	0.8158	0.8030	0.4705	0.7166	0.3313	0.8681	17.1000	0.0780	1226.0000	132.0000	0.1077	1229.0000
18	0.8270	0.8117	0.4798	0.7241	0.3635	0.8907	17.1000	0.0667	1178.0000	124.0000	0.1053	1185.0000
19	0.8297	0.7989	0.4667	0.7237	0.3653	0.8902	17.1000	0.0728	1187.0000	121.0000	0.1019	1189.0000
20	0.7993	0.8059	0.4770	0.7346	0.3133	0.8749	17.1000	0.0645	1218.0000	121.0000	0.0993	1224.0000
21	0.8323	0.8125	0.4816	0.7018	0.3715	0.8784	17.1000	0.0736	1227.0000	130.0000	0.1059	1229.0000
22	0.8144	0.8047	0.4741	0.7335	0.3839	0.8867	17.2000	0.0829	1168.0000	120.0000	0.1027	1183.0000
23	0.8389	0.8043	0.4729	0.7292	0.3832	0.8903	17.1000	0.0709	1207.0000	117.0000	0.0969	1215.0000
24	0.8188	0.8088	0.4753	0.7373	0.3408	0.8813	17.2000	0.0547	1181.0000	120.0000	0.1016	1185.0000
25	0.8195	0.8076	0.4692	0.7131	0.3485	0.8827	17.0000	0.0662	1197.0000	128.0000	0.1069	1199.0000
26	0.8371	0.7993	0.4662	0.7368	0.3487	0.8946	17.1000	0.0689	1148.0000	114.0000	0.0993	1155.0000
27	0.8118	0.8142	0.4795	0.7287	0.3783	0.8914	17.1000	0.0635	1240.0000	119.0000	0.0960	1248.0000
28	0.8111	0.8109	0.4741	0.7251	0.3156	0.8779	17.0000	0.0690	1193.0000	123.0000	0.1031	1195.0000
29	0.8300	0.8088	0.4751	0.7094	0.3595	0.8904	17.0000	0.0660	1196.0000	121.0000	0.1012	1200.0000
30	0.8101	0.8084	0.4724	0.7406	0.3584	0.8788	17.1000	0.0716	1186.0000	127.0000	0.1071	1190.0000
31	0.8065	0.8129	0.4810	0.7237	0.3862	0.8861	17.1000	0.0823	1242.0000	127.0000	0.1023	1244.0000
32	0.7937	0.8043	0.4707	0.7159	0.3437	0.8813	17.2000	0.0761	1166.0000	126.0000	0.1081	1173.0000
33	0.8138	0.8096	0.4751	0.7162	0.3660	0.8835	17.0000	0.0679	1202.0000	125.0000	0.1040	1205.0000
34	0.8255	0.8014	0.4716	0.7240	0.3825	0.8899	17.1000	0.0506	1196.0000	115.0000	0.0962	1204.0000
35	0.7827	0.8080	0.4741	0.7103	0.3223	0.8759	17.2000	0.0820	1197.0000	126.0000	0.1053	1204.0000
36	0.8196	0.7998	0.4711	0.7259	0.3598	0.8934	17.1000	0.0669	1210.0000	121.0000	0.1000	1216.0000
37	0.8293	0.8109	0.4806	0.7083	0.3613	0.8721	17.2000	0.0749	1186.0000	137.0000	0.1155	1190.0000
38	0.8208	0.8043	0.4698	0.7279	0.3723	0.8791	17.1000	0.0741	1154.0000	123.0000	0.1066	1157.0000
39	0.8347	0.8039	0.4719	0.7078	0.3673	0.8870	17.1000	0.0735	1236.0000	124.0000	0.1003	1241.0000
40	0.8334	0.8117	0.4811	0.7221	0.3797	0.8879	17.0000	0.0759	1185.0000	128.0000	0.1080	1187.0000
41	0.8176	0.8105	0.4784	0.7183	0.3240	0.8796	17.1000	0.0654	1156.0000	119.0000	0.1029	1172.0000
42	0.8193	0.8092	0.4707	0.6834	0.3135	0.8662	17.2000	0.0826	1193.0000	139.0000	0.1165	1199.0000
43	0.8178	0.8101	0.4772	0.7258	0.3640	0.8842	17.2000	0.0761	1215.0000	127.0000	0.1045	1218.0000
44	0.8188	0.8039	0.4718	0.7212	0.3681	0.9053	17.2000	0.0594	1177.0000	116.0000	0.0986	1185.0000
45	0.8084	0.8047	0.4733	0.7177	0.3529	0.8835	17.2000	0.0911	1198.0000	128.0000	0.1068	1202.0000
46	0.8300	0.8047	0.4730	0.7096	0.3716	0.8785	17.1000	0.0766	1218.0000	128.0000	0.1051	1220.0000
47	0.8111	0.7965	0.4774	0.7523	0.3746	0.8850	17.2000	0.0745	1150.0000	115.0000	0.1000	1155.0000
48	0.8403	0.8088	0.4809	0.6961	0.3589	0.8898	17.2000	0.0700	1212.0000	124.0000	0.1023	1216.0000
49	0.8474	0.8084	0.4727	0.7164	0.3469	0.8817	17.2000	0.0534	1193.0000	125.0000	0.1048	1198.0000
50	0.8161	0.8051	0.4668	0.7278	0.3523	0.8828	17.2000	0.0857	1174.0000	122.0000	0.1039	1178.0000
51	0.8007	0.8084	0.4754	0.7032	0.3466	0.8744	17.2000	0.0729	1211.0000	131.0000	0.1082	1216.0000
52	0.8364	0.8101	0.4794	0.7104	0.3694	0.8885	17.1000	0.0638	1229.0000	125.0000	0.1017	1231.0000
53	0.8319	0.8133	0.4792	0.7210	0.3755	0.8855	17.2000	0.0678	1201.0000	124.0000	0.1032	1206.0000
54	0.8258	0.8080	0.4837	0.6941	0.3498	0.8828	17.1000	0.0762	1217.0000	127.0000	0.1044	1219.0000
55	0.8009	0.8129	0.4816	0.7040	0.3712	0.8813	17.2000	0.0880	1244.0000	127.0000	0.1021	1249.0000
56	0.8199	0.8080	0.4698	0.7515	0.3817	0.8858	17.2000	0.0791	1153.0000	119.0000	0.1032	1158.0000
57	0.8374	0.8084	0.4731	0.7219	0.3592	0.8799	17.1000	0.0614	1204.0000	125.0000	0.1038	1206.0000
58	0.8188	0.8146	0.4807	0.7356	0.3342	0.8972	17.2000	0.0697	1216.0000	117.0000	0.0962	1222.0000
59	0.8179	0.8072	0.4756	0.7183	0.3775	0.8894	17.1000	0.0661	1168.0000	122.0000	0.1045	1171.0000
60	0.8088	0.8043	0.4754	0.7498	0.3933	0.8862	17.1000	0.0805	1137.0000	113.0000	0.0994	1142.0000
61	0.8456	0.8158	0.4798	0.7068	0.3824	0.8858	17.2000	0.0679	1240.0000	129.0000	0.1040	1243.0000
62	0.8135	0.8026	0.4701	0.7322	0.3591	0.8810	17.1000	0.0807	1200.0000	127.0000	0.1058	1206.0000
63	0.8191	0.8055	0.4756	0.7310	0.3779	0.8856	17.2000	0.0730	1196.0000	127.0000	0.1062	1203.0000
64	0.8277	0.8138	0.4775	0.7111	0.3672	0.8828	17.1000	0.0608	1168.0000	128.0000	0.1096	1174.0000
65	0.8219	0.7989	0.4724	0.7216	0.3647	0.8821	17.0000	0.0656	1205.0000	123.0000	0.1021	1210.0000
66	0.8421	0.8109	0.4764	0.6969	0.3601	0.8813	17.2000	0.0684	1222.0000	130.0000	0.1064	1229.0000
67	0.8121	0.8026	0.4655	0.7463	0.3611	0.8818	17.2000	0.0751	1171.0000	124.0000	0.1059	1174.0000
68	0.8324	0.8088	0.4762	0.7086	0.3844	0.8836	17.1000	0.0719	1234.0000	126.0000	0.1021	1238.0000
69	0.8222	0.8026	0.4759	0.7173	0.3810	0.8861	17.1000	0.0693	1234.0000	119.0000	0.0964	1243.0000
70	0.8156	0.8047	0.4742	0.7284	0.3612	0.8955	17.1000	0.0654	1187.0000	118.0000	0.0994	1193.0000
71	0.8142	0.8010	0.4701	0.7321	0.3565	0.8869	17.2000	0.0675	1183.0000	115.0000	0.0972	1186.0000
72	0.8376	0.8113	0.4790	0.7105	0.3677	0.8754	17.1000	0.0725	1227.0000	132.0000	0.1076	1234.0000
73	0.7977	0.8096	0.4781	0.7152	0.3563	0.8768	17.2000	0.0754	1210.0000	127.0000	0.1050	1214.0000
74	0.8094	0.8084	0.4739	0.7187	0.3597	0.8857	17.1000	0.0732	1226.0000	122.0000	0.0995	1230.0000
75	0.8229	0.8146	0.4739	0.7120	0.3563	0.8874	17.0000	0.0623	1218.0000	126.0000	0.1034	1220.0000
76	0.8304	0.8030	0.4754	0.7235	0.3604	0.8956	17.2000	0.0656	1231.0000	116.0000	0.0942	1242.0000
77	0.8158	0.8047	0.4741	0.7204	0.3631	0.8795	17.1000	0.0727	1188.0000	125.0000	0.1052	1193.0000
78	0.7945	0.8030	0.4704	0.7139	0.3005	0.8805	17.1000	0.0721	1214.0000	122.0000	0.1005	1222.0000
79	0.8338	0.8059	0.4687	0.7448	0.3617	0.8783	17.0000	0.0722	1198.0000	123.0000	0.1027	1204.0000
80	0.8089	0.8133	0.4837	0.7039	0.3868	0.8796	17.2000	0.0672	1233.0000	130.0000	0.1054	1244.0000
81	0.7953	0.8125	0.4773	0.7033	0.3793	0.8955	17.2000	0.0854	1215.0000	119.0000	0.0979	1221.0000
82	0.8097	0.8030	0.4726	0.7210	0.3514	0.8789	17.2000	0.0695	1192.0000	125.0000	0.1049	1196.0000
83	0.8086	0.8125	0.4747	0.7293	0.3810	0.8892	17.2000	0.0691	1169.0000	121.0000	0.1035	1180.0000
84	0.8304	0.8039	0.4741	0.7415	0.3668	0.8894	17.1000	0.0595	1201.0000	122.0000	0.1016	1210.0000
85	0.8130	0.8133	0.4735	0.7214	0.3634	0.8828	17.0000	0.0730	1214.0000	121.0000	0.0997	1219.0000
86	0.8369	0.8035	0.4749	0.7311	0.3669	0.8977	17.1000	0.0682	1189.0000	120.0000	0.1009	1201.0000
87	0.8203	0.8068	0.4759	0.7262	0.3580	0.8818	17.2000	0.0902	1179.0000	124.0000	0.1052	1187.0000
88	0.8097	0.8088	0.4742	0.7397	0.3990	0.8850	17.1000	0.0699	1196.0000	118.0000	0.0987	1198.0000
89	0.8156	0.8063	0.4807	0.7126	0.3621	0.8790	17.2000	0.0708	1211.0000	126.0000	0.1040	1218.0000
90	0.8415	0.8051	0.4744	0.7341	0.3802	0.8851	17.2000	0.0625	1207.0000	120.0000	0.0994	1209.0000
91	0.8398	0.8113	0.4750	0.7253	0.3606	0.8895	17.2000	0.0536	1219.0000	123.0000	0.1009	1230.0000
92	0.8179	0.8133	0.4768	0.7098	0.3770	0.8857	17.1000	0.0740	1222.0000	123.0000	0.1007	1226.0000
93	0.8167	0.8051	0.4687	0.6973	0.3591	0.8762	17.2000	0.0662	1186.0000	131.0000	0.1105	1190.0000
94	0.8236	0.8187	0.4772	0.7081	0.3701	0.8816	17.2000	0.0705	1204.0000	127.0000	0.1055	1206.0000
95	0.8074	0.8113	0.4731	0.7219	0.3734	0.8806	17.1000	0.0828	1189.0000	125.0000	0.1051	1191.0000
96	0.8318	0.8010	0.4720	0.7347	0.3731	0.8893	17.2000	0.0617	1216.0000	121.0000	0.0995	1224.0000
97	0.8313	0.8101	0.4741	0.7299	0.3586	0.8927	17.0000	0.0684	1241.0000	124.0000	0.0999	1245.0000
98	0.8340	0.8096	0.4771	0.7276	0.3831	0.8796	17.2000	0.0736	1194.0000	123.0000	0.1030	1199.0000
99	0.8335	0.8096	0.4791	0.7289	0.3592	0.8919	17.1000	0.0667	1221.0000	117.0000	0.0958	1229.0000
100	0.7880	0.8105	0.4796	0.7146	0.3774	0.8767	17.1000	0.0842	1218.0000	125.0000	0.1026	1231.0000
101	0.8163	0.8084	0.4740	0.7141	0.3193	0.8777	17.2000	0.0714	1213.0000	123.0000	0.1014	1226.0000
102	0.8270	0.8039	0.4690	0.7185	0.3536	0.8758	17.0000	0.0718	1194.0000	128.0000	0.1072	1198.0000
103	0.8477	0.8154	0.4749	0.7120	0.3607	0.8812	17.2000	0.0673	1165.0000	128.0000	0.1099	1169.0000
104	0.8321	0.8101	0.4759	0.7068	0.3796	0.8831	17.1000	0.0701	1194.0000	128.0000	0.1072	1209.0000
105	0.8210	0.8043	0.4661	0.7268	0.3613	0.8911	17.1000	0.0719	1209.0000	123.0000	0.1017	1212.0000
106	0.8000	0.7998	0.4673	0.7187	0.3291	0.8858	17.0000	0.0720	1182.0000	118.0000	0.0998	1185.0000
107	0.8303	0.8092	0.4710	0.7196	0.3624	0.8889	17.2000	0.0698	1195.0000	124.0000	0.1038	1202.0000
108	0.8243	0.8088	0.4784	0.7268	0.3678	0.8918	17.1000	0.0738	1170.0000	116.0000	0.0991	1175.0000
109	0.8339	0.7927	0.4589	0.7091	0.3451	0.8834	17.2000	0.0739	1198.0000	123.0000	0.1027	1205.0000
110	0.8301	0.8035	0.4717	0.7392	0.3635	0.8904	17.0000	0.0701	1192.0000	117.0000	0.0982	1202.0000
111	0.8400	0.7973	0.4683	0.7211	0.3586	0.8860	17.0000	0.0711	1226.0000	125.0000	0.1020	1233.0000
112	0.8240	0.8138	0.4801	0.7093	0.3777	0.8886	17.0000	0.0741	1176.0000	117.0000	0.0995	1196.0000
113	0.8096	0.8092	0.4739	0.7214	0.3848	0.8784	17.0000	0.0771	1237.0000	127.0000	0.1027	1242.0000
114	0.8288	0.8026	0.4679	0.7236	0.3644	0.8841	17.2000	0.0709	1204.0000	122.0000	0.1013	1210.0000
115	0.8132	0.8133	0.4725	0.7304	0.3804	0.8921	17.1000	0.0632	1198.0000	119.0000	0.0993	1207.0000
116	0.8203	0.8105	0.4721	0.7026	0.3585	0.8959	17.1000	0.0607	1190.0000	117.0000	0.0983	1192.0000
117	0.8270	0.8039	0.4768	0.7310	0.3518	0.8849	17.2000	0.0637	1172.0000	123.0000	0.1049	1176.0000
118	0.8436	0.8051	0.4733	0.7138	0.3569	0.8825	17.2000	0.0712	1201.0000	128.0000	0.1066	1203.0000
119	0.8154	0.8101	0.4752	0.7160	0.3829	0.8909	17.2000	0.0731	1206.0000	123.0000	0.1020	1209.0000
120	0.8176	0.8084	0.4761	0.7144	0.3657	0.8880	17.1000	0.0743	1193.0000	124.0000	0.1039	1196.0000
121	0.8141	0.8076	0.4721	0.7191	0.3725	0.8720	17.1000	0.0654	1207.0000	123.0000	0.1019	1209.0000
122	0.8031	0.8121	0.4746	0.7466	0.3733	0.8902	17.1000	0.0676	1184.0000	111.0000	0.0938	1188.0000
123	0.8113	0.8129	0.4794	0.7212	0.3625	0.8856	17.1000	0.0625	1175.0000	124.0000	0.1055	1181.0000
124	0.8282	0.8138	0.4769	0.7230	0.3917	0.8900	17.2000	0.0651	1208.0000	116.0000	0.0960	1213.0000
125	0.8234	0.8096	0.4782	0.7085	0.3728	0.8805	17.1000	0.0802	1230.0000	126.0000	0.1024	1232.0000
126	0.8292	0.8026	0.4694	0.7056	0.3853	0.8836	17.1000	0.0730	1212.0000	124.0000	0.1023	1220.0000
127	0.8195	0.8059	0.4763	0.7263	0.3620	0.8916	17.0000	0.0635	1172.0000	116.0000	0.0990	1185.0000
128	0.8025	0.8092	0.4765	0.7156	0.3771	0.8794	17.2000	0.0863	1239.0000	131.0000	0.1057	1243.0000
129	0.8204	0.8150	0.4749	0.7140	0.3766	0.8794	17.2000	0.0763	1177.0000	132.0000	0.1121	1181.0000
130	0.8364	0.8092	0.4779	0.7180	0.3737	0.8829	16.9000	0.0643	1191.0000	125.0000	0.1050	1198.0000
131	0.8335	0.8084	0.4698	0.7161	0.3690	0.8871	17.1000	0.0779	1184.0000	124.0000	0.1047	1191.0000
132	0.8237	0.8101	0.4766	0.7137	0.3648	0.8907	17.1000	0.0675	1220.0000	123.0000	0.1008	1227.0000
133	0.8305	0.8109	0.4797	0.7351	0.3590	0.8972	17.1000	0.0605	1226.0000	117.0000	0.0954	1231.0000
134	0.8018	0.8051	0.4716	0.7158	0.3542	0.8742	17.1000	0.0803	1210.0000	127.0000	0.1050	1226.0000
135	0.8163	0.8096	0.4789	0.7088	0.3810	0.8900	17.2000	0.0785	1224.0000	124.0000	0.1013	1233.0000
136	0.8046	0.8088	0.4720	0.7385	0.3539	0.8866	17.1000	0.0692	1172.0000	120.0000	0.1024	1176.0000
137	0.8261	0.8051	0.4746	0.7463	0.3802	0.8857	17.1000	0.0745	1201.0000	119.0000	0.0991	1203.0000
138	0.8213	0.8084	0.4785	0.7067	0.3615	0.8774	17.1000	0.0638	1250.0000	125.0000	0.1000	1258.0000
139	0.8157	0.8080	0.4738	0.7448	0.3620	0.8881	17.1000	0.0698	1190.0000	122.0000	0.1025	1194.0000
140	0.8037	0.8063	0.4736	0.7332	0.3288	0.8924	17.1000	0.0515	1174.0000	115.0000	0.0980	1184.0000
141	0.8111	0.8109	0.4781	0.7106	0.3774	0.8855	17.0000	0.0769	1216.0000	124.0000	0.1020	1220.0000
142	0.8251	0.8055	0.4698	0.7000	0.3426	0.8731	17.2000	0.0609	1201.0000	125.0000	0.1041	1203.0000
143	0.8350	0.8051	0.4711	0.7179	0.3724	0.8834	17.0000	0.0525	1192.0000	120.0000	0.1007	1197.0000
144	0.8180	0.8084	0.4717	0.7549	0.3718	0.9015	17.0000	0.0570	1189.0000	110.0000	0.0925	1193.0000
145	0.8258	0.8096	0.4753	0.7395	0.3831	0.8916	17.1000	0.0626	1189.0000	114.0000	0.0959	1191.0000
146	0.8114	0.8138	0.4732	0.7251	0.3785	0.8830	17.2000	0.0815	1164.0000	120.0000	0.1031	1171.0000
147	0.8180	0.8035	0.4716	0.7122	0.3074	0.8875	17.0000	0.0546	1212.0000	121.0000	0.0998	1217.0000
148	0.8095	0.8076	0.4761	0.7075	0.3724	0.8855	17.2000	0.0784	1196.0000	125.0000	0.1045	1205.0000
149	0.8142	0.8096	0.4752	0.7096	0.3743	0.8826	17.0000	0.0692	1192.0000	128.0000	0.1074	1197.0000
150	0.8320	0.8125	0.4748	0.7207	0.3692	0.8864	17.1000	0.0624	1248.0000	122.0000	0.0978	1253.0000
151	0.8171	0.8080	0.4743	0.7072	0.3679	0.8792	17.1000	0.0699	1191.0000	124.0000	0.1041	1197.0000
152	0.8466	0.8076	0.4711	0.7080	0.3635	0.8904	17.2000	0.0667	1210.0000	126.0000	0.1041	1214.0000
153	0.8386	0.8063	0.4756	0.7109	0.3635	0.8874	17.1000	0.0585	1208.0000	128.0000	0.1060	1227.0000
154	0.8423	0.8055	0.4740	0.7176	0.3700	0.8908	17.2000	0.0551	1175.0000	121.0000	0.1030	1178.0000
155	0.8226	0.8010	0.4688	0.7094	0.3561	0.8834	17.1000	0.0716	1190.0000	125.0000	0.1050	1194.0000
156	0.8258	0.8030	0.4689	0.7109	0.3726	0.8920	17.1000	0.0704	1196.0000	118.0000	0.0987	1200.0000
157	0.8103	0.8129	0.4830	0.7272	0.3833	0.8873	17.1000	0.0713	1244.0000	118.0000	0.0949	1246.0000
158	0.8256	0.8047	0.4697	0.7340	0.3783	0.8806	17.0000	0.0693	1179.0000	125.0000	0.1060	1183.0000
159	0.8167	0.8063	0.4744	0.7291	0.3696	0.8794	17.1000	0.0817	1191.0000	120.0000	0.1008	1199.0000
160	0.8115	0.8133	0.4795	0.7231	0.3554	0.8795	17.2000	0.0754	1218.0000	119.0000	0.0977	1226.0000
161	0.8218	0.8133	0.4812	0.7199	0.3661	0.8832	17.2000	0.0725	1209.0000	128.0000	0.1059	1214.0000
162	0.8323	0.8138	0.4759	0.7073	0.3665	0.8905	17.0000	0.0654	1216.0000	123.0000	0.1012	1221.0000
163	0.8103	0.8059	0.4753	0.7344	0.3806	0.8805	17.2000	0.0784	1210.0000	124.0000	0.1025	1214.0000
164	0.8223	0.8096	0.4742	0.7194	0.3634	0.8893	17.1000	0.0844	1188.0000	116.0000	0.0976	1192.0000
165	0.8321	0.8039	0.4682	0.7131	0.3721	0.8864	17.0000	0.0728	1184.0000	122.0000	0.1030	1187.0000
166	0.8153	0.8080	0.4770	0.7285	0.3779	0.8950	17.1000	0.0786	1188.0000	112.0000	0.0943	1190.0000
167	0.8252	0.8080	0.4803	0.7145	0.3583	0.8904	17.2000	0.0589	1201.0000	119.0000	0.0991	1204.0000
168	0.8035	0.8072	0.4800	0.7099	0.3479	0.8777	17.1000	0.0613	1220.0000	123.0000	0.1008	1230.0000
169	0.7969	0.8133	0.4813	0.7193	0.3866	0.8786	17.1000	0.0879	1221.0000	123.0000	0.1007	1235.0000
170	0.7974	0.8039	0.4664	0.7229	0.3688	0.8901	17.1000	0.0858	1161.0000	118.0000	0.1016	1164.0000
171	0.8201	0.8125	0.4780	0.7408	0.3853	0.8803	17.1000	0.0707	1186.0000	121.0000	0.1020	1192.0000
172	0.8452	0.8047	0.4724	0.7297	0.3603	0.8871	17.1000	0.0517	1175.0000	121.0000	0.1030	1177.0000
173	0.8122	0.8138	0.4833	0.7384	0.3688	0.8919	17.0000	0.0681	1229.0000	119.0000	0.0968	1233.0000
174	0.8142	0.8055	0.4727	0.7140	0.3523	0.8852	17.1000	0.0765	1223.0000	126.0000	0.1030	1228.0000
175	0.8292	0.8142	0.4815	0.7026	0.3531	0.8835	17.1000	0.0732	1214.0000	128.0000	0.1054	1219.0000
176	0.8174	0.8080	0.4723	0.7315	0.3715	0.8876	17.0000	0.0715	1177.0000	119.0000	0.1011	1180.0000
177	0.8225	0.8080	0.4777	0.7275	0.3573	0.8964	17.1000	0.0755	1194.0000	119.0000	0.0997	1196.0000
178	0.8277	0.8113	0.4777	0.7112	0.3670	0.8881	17.2000	0.0770	1210.0000	122.0000	0.1008	1213.0000
179	0.8284	0.8133	0.4796	0.7446	0.3855	0.8915	17.2000	0.0621	1154.0000	117.0000	0.1014	1171.0000
180	0.8380	0.8121	0.4728	0.7169	0.3550	0.8865	17.2000	0.0674	1175.0000	123.0000	0.1047	1177.0000
181	0.8349	0.8096	0.4725	0.7394	0.3817	0.8848	17.2000	0.0801	1182.0000	111.0000	0.0939	1184.0000
182	0.8152	0.8068	0.4723	0.7190	0.3617	0.8805	17.1000	0.0751	1202.0000	128.0000	0.1065	1204.0000
183	0.8291	0.8084	0.4779	0.7061	0.3669	0.8869	17.2000	0.0682	1220.0000	123.0000	0.1008	1223.0000
184	0.8301	0.8080	0.4729	0.7418	0.3703	0.8851	17.2000	0.0599	1215.0000	122.0000	0.1004	1217.0000
185	0.8020	0.8142	0.4765	0.6907	0.3623	0.8702	17.2000	0.1024	1200.0000	130.0000	0.1083	1207.0000
186	0.8199	0.8039	0.4661	0.7064	0.3619	0.8819	17.0000	0.0717	1170.0000	127.0000	0.1085	1179.0000
187	0.8210	0.8138	0.4813	0.7253	0.3779	0.8864	17.1000	0.0660	1248.0000	122.0000	0.0978	1252.0000
188	0.8413	0.8088	0.4772	0.7187	0.3777	0.8892	16.9000	0.0622	1213.0000	123.0000	0.1014	1216.0000
189	0.8299	0.8035	0.4698	0.7203	0.3583	0.8899	17.2000	0.0669	1234.0000	126.0000	0.1021	1239.0000
190	0.8266	0.8088	0.4749	0.7357	0.3684	0.8826	17.2000	0.0789	1171.0000	128.0000	0.1093	1173.0000
191	0.8268	0.8072	0.4738	0.7219	0.3580	0.8743	17.0000	0.0671	1223.0000	124.0000	0.1014	1239.0000
192	0.8392	0.8121	0.4782	0.7154	0.3741	0.8820	17.1000	0.0643	1180.0000	126.0000	0.1068	1182.0000
193	0.8258	0.8096	0.4743	0.7297	0.3192	0.8862	17.2000	0.0631	1178.0000	122.0000	0.1036	1187.0000
194	0.8132	0.8109	0.4742	0.7278	0.3596	0.8847	17.1000	0.0717	1236.0000	128.0000	0.1036	1241.0000
195	0.8217	0.8018	0.4695	0.7023	0.3487	0.8824	17.2000	0.0770	1187.0000	129.0000	0.1087	1193.0000
196	0.8193	0.8129	0.4777	0.6981	0.3700	0.8874	17.2000	0.0807	1169.0000	126.0000	0.1078	1174.0000
197	0.8225	0.8076	0.4748	0.7108	0.3727	0.8782	17.1000	0.0638	1221.0000	132.0000	0.1081	1229.0000
198	0.8321	0.8030	0.4737	0.7058	0.3467	0.8823	17.2000	0.0762	1176.0000	127.0000	0.1080	1185.0000
199	0.7914	0.8072	0.4767	0.7255	0.3789	0.8902	17.1000	0.0802	1200.0000	119.0000	0.0992	1203.0000
200	0.8267	0.8076	0.4785	0.7110	0.3721	0.8768	17.0000	0.0799	1148.0000	131.0000	0.1141	1150.0000
201	0.7820	0.8047	0.4729	0.7174	0.3556	0.8801	17.1000	0.0816	1187.0000	125.0000	0.1053	1191.0000
202	0.8052	0.8084	0.4740	0.7260	0.3776	0.8807	17.2000	0.0731	1170.0000	127.0000	0.1085	1180.0000
203	0.8212	0.8030	0.4680	0.7242	0.3745	0.8901	17.1000	0.0807	1171.0000	118.0000	0.1008	1174.0000
204	0.8195	0.8080	0.4821	0.7202	0.3511	0.8799	17.0000	0.0677	1185.0000	130.0000	0.1097	1191.0000
205	0.7986	0.8051	0.4669	0.7332	0.3453	0.8860	17.2000	0.0801	1157.0000	121.0000	0.1046	1162.0000
206	0.8067	0.8063	0.4761	0.7222	0.3617	0.8751	17.1000	0.0766	1181.0000	126.0000	0.1067	1194.0000
207	0.8202	0.8059	0.4720	0.7281	0.3764	0.8879	17.1000	0.0803	1182.0000	120.0000	0.1015	1186.0000
208	0.8355	0.8133	0.4795	0.7216	0.3731	0.8818	17.2000	0.0666	1208.0000	127.0000	0.1051	1210.0000
209	0.8275	0.7989	0.4718	0.7319	0.3857	0.8918	17.0000	0.0689	1177.0000	119.0000	0.1011	1187.0000
210	0.8046	0.8146	0.4789	0.7173	0.3552	0.8818	17.2000	0.0643	1213.0000	128.0000	0.1055	1217.0000
211	0.8157	0.8092	0.4765	0.7474	0.3716	0.8864	17.2000	0.0648	1222.0000	122.0000	0.0998	1228.0000
212	0.8356	0.8014	0.4698	0.6931	0.3418	0.8735	17.2000	0.0609	1182.0000	133.0000	0.1125	1187.0000
213	0.8260	0.8113	0.4768	0.7152	0.3793	0.8857	17.1000	0.0789	1161.0000	124.0000	0.1068	1166.0000
214	0.7965	0.8109	0.4735	0.7290	0.3141	0.8867	17.1000	0.0702	1211.0000	124.0000	0.1024	1213.0000
215	0.8087	0.8030	0.4660	0.6957	0.3434	0.8838	17.1000	0.0858	1141.0000	123.0000	0.1078	1146.0000
216	0.8376	0.8096	0.4772	0.7162	0.3709	0.8895	17.0000	0.0628	1207.0000	126.0000	0.1044	1210.0000
217	0.8257	0.8068	0.4719	0.7242	0.3674	0.8921	17.2000	0.0744	1177.0000	116.0000	0.0986	1187.0000
218	0.8132	0.8129	0.4742	0.7164	0.3744	0.8790	16.9000	0.0805	1221.0000	128.0000	0.1048	1225.0000
219	0.8166	0.8068	0.4740	0.7160	0.3477	0.8818	17.2000	0.0788	1224.0000	127.0000	0.1038	1233.0000
220	0.8282	0.8063	0.4767	0.7013	0.3715	0.8889	17.0000	0.0770	1198.0000	124.0000	0.1035	1205.0000
221	0.8186	0.8059	0.4720	0.7386	0.3457	0.8894	17.0000	0.0794	1178.0000	119.0000	0.1010	1181.0000
222	0.8221	0.8018	0.4664	0.7017	0.3375	0.8877	17.2000	0.0773	1197.0000	123.0000	0.1028	1205.0000
223	0.8298	0.8047	0.4689	0.7152	0.3598	0.8801	17.2000	0.0649	1165.0000	129.0000	0.1107	1171.0000
224	0.8185	0.8117	0.4806	0.7379	0.3602	0.8873	17.2000	0.0695	1206.0000	122.0000	0.1012	1211.0000
225	0.8162	0.8080	0.4713	0.6967	0.3698	0.8838	17.2000	0.0864	1193.0000	125.0000	0.1048	1196.0000
226	0.8052	0.8055	0.4654	0.7311	0.3658	0.8804	17.2000	0.0902	1153.0000	126.0000	0.1093	1159.0000
227	0.8122	0.8117	0.4764	0.7166	0.3895	0.8839	17.1000	0.0782	1198.0000	122.0000	0.1018	1207.0000
228	0.8435	0.8076	0.4777	0.7188	0.3709	0.8816	17.1000	0.0645	1227.0000	126.0000	0.1027	1232.0000
229	0.7955	0.8105	0.4735	0.6978	0.3112	0.8744	17.0000	0.0778	1176.0000	128.0000	0.1088	1184.0000
230	0.8264	0.8096	0.4702	0.7120	0.3688	0.8909	17.1000	0.0702	1216.0000	124.0000	0.1020	1218.0000
231	0.8315	0.8105	0.4776	0.7145	0.3581	0.8837	17.1000	0.0675	1208.0000	124.0000	0.1026	1210.0000
232	0.8160	0.8072	0.4680	0.7405	0.3741	0.8834	17.1000	0.0825	1175.0000	122.0000	0.1038	1179.0000
233	0.8380	0.8084	0.4736	0.6997	0.3448	0.8749	17.1000	0.0745	1205.0000	131.0000	0.1087	1207.0000
234	0.8401	0.8014	0.4758	0.7166	0.3762	0.8863	17.0000	0.0630	1250.0000	123.0000	0.0984	1254.0000
235	0.8269	0.8109	0.4746	0.7269	0.3676	0.8848	17.1000	0.0688	1211.0000	128.0000	0.1057	1214.0000
236	0.8282	0.8072	0.4756	0.7375	0.3757	0.8828	17.1000	0.0735	1181.0000	122.0000	0.1033	1186.0000
237	0.8309	0.8018	0.4745	0.7246	0.3566	0.8889	17.1000	0.0674	1206.0000	120.0000	0.0995	1215.0000
238	0.8220	0.8026	0.4784	0.7253	0.3700	0.8925	17.0000	0.0506	1229.0000	118.0000	0.0960	1236.0000
239	0.8268	0.8039	0.4679	0.7140	0.3501	0.8855	17.1000	0.0649	1194.0000	118.0000	0.0988	1197.0000
240	0.8419	0.8117	0.4788	0.7097	0.3707	0.8898	17.1000	0.0541	1216.0000	123.0000	0.1012	1219.0000
241	0.8240	0.8051	0.4713	0.7083	0.3643	0.8803	17.2000	0.0715	1211.0000	128.0000	0.1057	1214.0000
242	0.8308	0.8051	0.4744	0.7102	0.3572	0.8944	17.0000	0.0546	1201.0000	122.0000	0.1016	1209.0000
243	0.8101	0.8162	0.4778	0.7091	0.3714	0.8804	17.0000	0.0868	1225.0000	129.0000	0.1053	1229.0000
244	0.8108	0.8002	0.4687	0.7082	0.3610	0.8871	17.0000	0.0660	1213.0000	123.0000	0.1014	1222.0000
245	0.8095	0.8059	0.4792	0.7174	0.3069	0.8832	17.1000	0.0646	1214.0000	125.0000	0.1030	1218.0000
246	0.8130	0.8146	0.4740	0.7075	0.3715	0.8813	17.2000	0.0701	1227.0000	128.0000	0.1043	1233.0000
247	0.8167	0.8014	0.4716	0.7215	0.3549	0.8808	17.1000	0.0735	1207.0000	124.0000	0.1027	1212.0000
248	0.8310	0.8121	0.4767	0.7287	0.3724	0.8964	17.1000	0.0611	1214.0000	120.0000	0.0988	1219.0000
249	0.8286	0.8129	0.4803	0.7121	0.3883	0.8926	17.0000	0.0668	1176.0000	119.0000	0.1012	1179.0000
250	0.8324	0.8059	0.4704	0.7109	0.3610	0.8862	17.1000	0.0666	1206.0000	124.0000	0.1028	1209.0000
251	0.8349	0.8072	0.4690	0.7283	0.3646	0.8928	17.2000	0.0666	1203.0000	119.0000	0.0989	1205.0000
252	0.8336	0.8030	0.4732	0.7125	0.3516	0.8917	17.1000	0.0698	1192.0000	127.0000	0.1065	1196.0000
253	0.8207	0.8092	0.4791	0.7152	0.3641	0.8850	17.1000	0.0729	1214.0000	128.0000	0.1054	1218.0000
254	0.8318	0.8039	0.4699	0.7225	0.3573	0.8883	17.1000	0.0605	1198.0000	125.0000	0.1043	1206.0000
255	0.8351	0.8055	0.4687	0.7276	0.3682	0.8921	17.1000	0.0681	1150.0000	117.0000	0.1017	1158.0000
256	0.8150	0.8059	0.4771	0.7226	0.3757	0.8904	17.0000	0.0876	1183.0000	122.0000	0.1031	1190.0000
257	0.8241	0.8076	0.4760	0.7321	0.3672	0.8854	17.2000	0.0657	1200.0000	124.0000	0.1033	1202.0000
258	0.8049	0.8150	0.4743	0.7247	0.3796	0.8864	17.0000	0.0780	1184.0000	121.0000	0.1022	1188.0000
259	0.8212	0.8125	0.4826	0.7020	0.3799	0.8867	17.2000	0.0818	1253.0000	132.0000	0.1053	1258.0000
260	0.8381	0.8101	0.4711	0.7016	0.3450	0.8780	17.1000	0.0645	1209.0000	132.0000	0.1092	1212.0000
261	0.8126	0.8096	0.4777	0.7060	0.3668	0.8763	17.1000	0.0870	1231.0000	130.0000	0.1056	1240.0000
262	0.8338	0.8080	0.4761	0.7204	0.3623	0.8757	17.2000	0.0763	1163.0000	133.0000	0.1144	1165.0000
263	0.8095	0.8125	0.4721	0.7282	0.3690	0.8808	17.2000	0.0583	1195.0000	126.0000	0.1054	1199.0000
264	0.8184	0.8117	0.4786	0.7129	0.3797	0.8752	17.0000	0.0751	1207.0000	135.0000	0.1118	1210.0000
265	0.8490	0.8117	0.4724	0.7346	0.3662	0.8891	17.1000	0.0751	1198.0000	121.0000	0.1010	1205.0000
266	0.8059	0.8055	0.4686	0.7238	0.3536	0.8748	17.0000	0.0711	1175.0000	127.0000	0.1081	1180.0000
267	0.8331	0.8150	0.4760	0.7209	0.3624	0.8795	17.0000	0.0612	1195.0000	130.0000	0.1088	1197.0000
268	0.8446	0.8059	0.4767	0.7437	0.3717	0.8979	17.1000	0.0622	1182.0000	112.0000	0.0948	1184.0000
269	0.8087	0.8101	0.4766	0.7351	0.3804	0.8893	17.0000	0.0773	1199.0000	122.0000	0.1018	1204.0000
270	0.8176	0.8109	0.4761	0.7321	0.3660	0.8866	16.9000	0.0793	1191.0000	121.0000	0.1016	1199.0000
271	0.7793	0.8162	0.4831	0.7035	0.2996	0.8686	17.0000	0.0741	1269.0000	137.0000	0.1080	1271.0000
272	0.8177	0.8129	0.4740	0.7028	0.3771	0.8775	17.1000	0.0833	1207.0000	134.0000	0.1110	1211.0000
273	0.8364	0.8121	0.4797	0.7172	0.3637	0.8915	17.2000	0.0664	1148.0000	122.0000	0.1063	1156.0000
274	0.8227	0.8080	0.4754	0.7234	0.3672	0.8823	17.1000	0.0745	1189.0000	123.0000	0.1034	1194.0000
275	0.8410	0.8096	0.4810	0.7396	0.3806	0.9018	17.2000	0.0546	1204.0000	122.0000	0.1013	1210.0000
276	0.8388	0.8088	0.4728	0.7427	0.3603	0.8902	17.0000	0.0614	1202.0000	115.0000	0.0957	1206.0000
277	0.8240	0.8039	0.4673	0.7041	0.3319	0.8957	17.2000	0.0611	1198.0000	121.0000	0.1010	1204.0000
278	0.8303	0.7977	0.4671	0.7132	0.3566	0.8840	17.1000	0.0818	1193.0000	128.0000	0.1073	1198.0000
279	0.8295	0.8035	0.4682	0.7269	0.3610	0.8931	17.1000	0.0482	1184.0000	119.0000	0.1005	1187.0000
280	0.7896	0.8142	0.4808	0.7327	0.3359	0.8896	17.1000	0.0701	1198.0000	115.0000	0.0960	1200.0000
281	0.8239	0.8059	0.4747	0.7425	0.3813	0.8906	17.2000	0.0607	1190.0000	119.0000	0.1000	1192.0000
282	0.8261	0.7965	0.4727	0.7263	0.3562	0.8748	17.2000	0.0674	1193.0000	126.0000	0.1056	1197.0000
283	0.8114	0.8125	0.4786	0.7278	0.3862	0.8856	17.1000	0.0745	1224.0000	128.0000	0.1046	1227.0000
284	0.8096	0.8146	0.4764	0.7130	0.3623	0.8766	17.0000	0.0805	1201.0000	132.0000	0.1099	1204.0000
285	0.8282	0.8068	0.4753	0.7104	0.3438	0.8844	17.1000	0.0592	1178.0000	124.0000	0.1053	1189.0000
286	0.8155	0.8047	0.4754	0.7206	0.3654	0.8899	17.0000	0.0701	1194.0000	121.0000	0.1013	1200.0000
287	0.8442	0.8101	0.4797	0.7155	0.3529	0.8872	17.2000	0.0589	1199.0000	124.0000	0.1034	1201.0000
288	0.8236	0.8216	0.4783	0.7137	0.3929	0.8839	17.1000	0.0762	1203.0000	124.0000	0.1031	1205.0000
289	0.8174	0.8101	0.4794	0.7381	0.3631	0.8740	17.2000	0.0691	1174.0000	127.0000	0.1082	1182.0000
290	0.8273	0.8166	0.4758	0.7389	0.3661	0.8908	17.0000	0.0689	1210.0000	119.0000	0.0983	1220.0000
291	0.8093	0.8109	0.4753	0.7050	0.3669	0.8703	17.2000	0.0789	1228.0000	132.0000	0.1075	1234.0000
292	0.8153	0.8109	0.4748	0.7187	0.3763	0.8773	17.1000	0.0727	1184.0000	127.0000	0.1073	1191.0000
293	0.8185	0.8068	0.4767	0.7214	0.3697	0.8792	17.1000	0.0807	1178.0000	127.0000	0.1078	1185.0000
294	0.8346	0.8039	0.4746	0.7048	0.3675	0.8849	17.1000	0.0673	1232.0000	124.0000	0.1006	1240.0000
295	0.8132	0.8059	0.4708	0.7172	0.3497	0.8819	17.2000	0.0704	1203.0000	131.0000	0.1089	1205.0000
296	0.8151	0.8076	0.4715	0.7347	0.3913	0.8953	17.2000	0.0702	1205.0000	111.0000	0.0921	1210.0000
297	0.8189	0.8096	0.4733	0.7058	0.3046	0.8799	17.1000	0.0611	1229.0000	126.0000	0.1025	1234.0000
298	0.8223	0.8035	0.4747	0.7439	0.3825	0.8938	17.1000	0.0652	1196.0000	113.0000	0.0945	1199.0000
299	0.8009	0.8059	0.4758	0.7024	0.3599	0.8849	17.1000	0.0761	1211.0000	129.0000	0.1065	1216.0000
300	0.8393	0.8121	0.4717	0.7070	0.3543	0.8793	17.1000	0.0636	1231.0000	127.0000	0.1032	1234.0000
301	0.8430	0.8035	0.4747	0.7004	0.3544	0.8890	17.1000	0.0683	1208.0000	126.0000	0.1043	1210.0000
302	0.8198	0.8063	0.4754	0.7040	0.3492	0.8717	17.1000	0.0730	1175.0000	129.0000	0.1098	1189.0000
303	0.8368	0.8101	0.4819	0.7060	0.3839	0.8902	17.1000	0.0642	1205.0000	123.0000	0.1021	1211.0000
304	0.8182	0.8059	0.4670	0.7411	0.3776	0.8887	17.1000	0.0759	1142.0000	112.0000	0.0981	1147.0000
305	0.8199	0.8125	0.4771	0.7082	0.3787	0.8893	17.1000	0.0734	1229.0000	126.0000	0.1025	1233.0000
306	0.8205	0.8059	0.4683	0.7106	0.3641	0.8907	17.1000	0.0630	1175.0000	119.0000	0.1013	1179.0000
307	0.8111	0.8092	0.4725	0.7101	0.3659	0.8748	17.1000	0.0840	1183.0000	122.0000	0.1031	1196.0000
308	0.8251	0.8088	0.4745	0.7259	0.3752	0.8859	17.2000	0.0683	1202.0000	127.0000	0.1057	1212.0000
309	0.8251	0.8109	0.4751	0.7215	0.3280	0.8903	17.2000	0.0742	1208.0000	121.0000	0.1002	1216.0000
310	0.8336	0.8047	0.4749	0.7003	0.3631	0.8771	17.0000	0.0776	1223.0000	129.0000	0.1055	1230.0000
311	0.8172	0.8138	0.4788	0.7119	0.3682	0.8873	17.1000	0.0625	1246.0000	132.0000	0.1059	1248.0000
312	0.8289	0.8051	0.4687	0.7179	0.3517	0.8890	17.2000	0.0544	1189.0000	127.0000	0.1068	1191.0000
313	0.8134	0.8088	0.4722	0.7425	0.3640	0.8832	17.0000	0.0774	1146.0000	119.0000	0.1038	1155.0000
314	0.8083	0.8080	0.4749	0.7072	0.3752	0.8827	17.1000	0.0757	1156.0000	125.0000	0.1081	1168.0000
315	0.8127	0.8063	0.4782	0.7109	0.3535	0.8815	17.1000	0.0728	1219.0000	128.0000	0.1050	1221.0000
316	0.8299	0.8035	0.4737	0.7252	0.3685	0.8860	17.2000	0.0661	1185.0000	118.0000	0.0996	1209.0000
317	0.8028	0.8125	0.4781	0.6978	0.3656	0.8868	17.2000	0.0806	1200.0000	131.0000	0.1092	1204.0000
318	0.8176	0.8113	0.4795	0.7093	0.3831	0.8849	17.2000	0.0802	1225.0000	125.0000	0.1020	1230.0000
319	0.8375	0.8030	0.4680	0.7192	0.3567	0.8896	17.1000	0.0637	1181.0000	121.0000	0.1025	1183.0000
320	0.8350	0.8117	0.4762	0.7316	0.3786	0.8871	17.1000	0.0633	1172.0000	121.0000	0.1032	1182.0000
321	0.8158	0.8092	0.4791	0.6960	0.3531	0.8781	17.2000	0.0633	1230.0000	127.0000	0.1033	1232.0000
322	0.8104	0.8047	0.4810	0.7129	0.3568	0.8823	17.1000	0.0667	1222.0000	129.0000	0.1056	1226.0000
323	0.8179	0.8121	0.4704	0.7268	0.3724	0.8826	17.1000	0.0709	1196.0000	125.0000	0.1045	1199.0000
324	0.7933	0.8171	0.4828	0.7110	0.3713	0.8866	17.1000	0.0730	1218.0000	126.0000	0.1034	1221.0000
325	0.8018	0.8146	0.4755	0.7004	0.3784	0.8794	17.1000	0.0892	1198.0000	129.0000	0.1077	1215.0000
326	0.8441	0.8006	0.4654	0.7340	0.3559	0.8858	17.2000	0.0724	1176.0000	125.0000	0.1063	1178.0000
327	0.8417	0.8026	0.4638	0.7048	0.3572	0.8828	16.9000	0.0726	1187.0000	122.0000	0.1028	1192.0000
328	0.8030	0.8072	0.4732	0.7220	0.3747	0.8860	17.1000	0.0760	1232.0000	123.0000	0.0998	1236.0000
329	0.8281	0.8080	0.4699	0.7039	0.3766	0.8822	17.0000	0.0736	1172.0000	133.0000	0.1135	1176.0000
330	0.8318	0.8084	0.4806	0.7213	0.3546	0.8920	17.1000	0.0704	1243.0000	121.0000	0.0973	1251.0000
331	0.8074	0.8105	0.4747	0.7275	0.3711	0.8879	17.2000	0.0833	1208.0000	120.0000	0.0993	1212.0000
332	0.8194	0.8113	0.4752	0.7121	0.3753	0.8806	17.0000	0.0791	1225.0000	128.0000	0.1045	1240.0000
333	0.8299	0.8072	0.4737	0.7193	0.3509	0.8837	17.2000	0.0606	1198.0000	126.0000	0.1052	1203.0000
334	0.8268	0.8043	0.4710	0.7427	0.3578	0.8855	17.2000	0.0664	1223.0000	122.0000	0.0998	1229.0000
335	0.8179	0.8076	0.4725	0.7460	0.3706	0.8822	17.1000	0.0735	1179.0000	126.0000	0.1069	1181.0000
336	0.8194	0.8051	0.4760	0.7155	0.3713	0.8775	17.1000	0.0660	1182.0000	124.0000	0.1049	1185.0000
337	0.8230	0.8076	0.4757	0.7388	0.3637	0.8911	17.2000	0.0690	1211.0000	115.0000	0.0950	1220.0000
338	0.7996	0.8039	0.4713	0.7209	0.3740	0.8829	17.2000	0.0708	1198.0000	125.0000	0.1043	1202.0000
339	0.8268	0.8022	0.4664	0.7306	0.3583	0.8835	17.1000	0.0508	1190.0000	119.0000	0.1000	1199.0000
340	0.8220	0.8117	0.4743	0.7222	0.3665	0.8769	17.2000	0.0641	1182.0000	132.0000	0.1117	1185.0000
341	0.8212	0.8035	0.4738	0.7215	0.3211	0.8883	17.2000	0.0730	1192.0000	120.0000	0.1007	1198.0000
342	0.8090	0.8101	0.4761	0.7437	0.3627	0.8815	17.1000	0.0742	1216.0000	122.0000	0.1003	1218.0000
343	0.8373	0.8096	0.4759	0.7389	0.3717	0.8982	17.1000	0.0507	1188.0000	113.0000	0.0951	1192.0000
344	0.8365	0.8076	0.4734	0.7156	0.3608	0.8890	17.0000	0.0642	1203.0000	125.0000	0.1039	1209.0000
345	0.8172	0.8092	0.4773	0.7163	0.3684	0.8840	17.1000	0.0691	1246.0000	130.0000	0.1043	1250.0000
346	0.8034	0.8088	0.4802	0.7227	0.3523	0.8810	17.1000	0.0715	1188.0000	125.0000	0.1052	1191.0000
347	0.8318	0.8084	0.4720	0.7338	0.3576	0.8850	17.2000	0.0739	1165.0000	117.0000	0.1004	1169.0000
348	0.7947	0.8125	0.4761	0.7361	0.3818	0.8934	17.1000	0.0814	1222.0000	121.0000	0.0990	1225.0000
349	0.8243	0.8022	0.4678	0.7414	0.3525	0.9029	17.1000	0.0554	1208.0000	111.0000	0.0919	1211.0000
350	0.8231	0.8166	0.4816	0.7314	0.3860	0.8823	17.1000	0.0749	1182.0000	117.0000	0.0990	1189.0000
351	0.8208	0.8051	0.4750	0.7312	0.3716	0.8913	17.2000	0.0742	1202.0000	118.0000	0.0982	1208.0000
352	0.8262	0.8063	0.4740	0.7162	0.3612	0.8842	17.1000	0.0819	1205.0000	121.0000	0.1004	1207.0000
353	0.8332	0.8109	0.4705	0.7154	0.3684	0.8817	17.2000	0.0682	1201.0000	125.0000	0.1041	1203.0000
354	0.8306	0.8055	0.4733	0.7229	0.3591	0.8746	17.2000	0.0712	1185.0000	126.0000	0.1063	1188.0000
355	0.8344	0.8051	0.4702	0.7188	0.3507	0.8902	17.2000	0.0706	1173.0000	121.0000	0.1032	1175.0000
356	0.7972	0.8105	0.4759	0.7301	0.3713	0.8965	17.1000	0.0834	1181.0000	120.0000	0.1016	1188.0000
357	0.8190	0.8138	0.4775	0.7097	0.3960	0.9062	17.0000	0.0628	1142.0000	114.0000	0.0998	1149.0000
358	0.8109	0.8055	0.4720	0.7213	0.3613	0.8883	17.1000	0.0606	1228.0000	122.0000	0.0993	1230.0000
359	0.8216	0.8014	0.4730	0.7467	0.3670	0.8953	17.1000	0.0557	1188.0000	116.0000	0.0976	1192.0000
360	0.8124	0.8051	0.4693	0.7296	0.3754	0.8868	17.1000	0.0813	1219.0000	127.0000	0.1042	1222.0000
361	0.8117	0.8109	0.4762	0.7233	0.3749	0.8797	17.1000	0.0799	1196.0000	123.0000	0.1028	1201.0000
362	0.8328	0.8063	0.4772	0.7278	0.3665	0.8867	17.2000	0.0742	1167.0000	128.0000	0.1097	1169.0000
363	0.8271	0.8113	0.4720	0.7139	0.3478	0.8831	17.1000	0.0735	1224.0000	125.0000	0.1021	1235.0000
364	0.8078	0.8117	0.4768	0.7138	0.3558	0.8834	17.2000	0.0707	1182.0000	122.0000	0.1032	1187.0000
365	0.8288	0.8150	0.4786	0.7206	0.3564	0.8813	17.2000	0.0649	1208.0000	130.0000	0.1076	1212.0000
366	0.8212	0.8047	0.4696	0.7181	0.3780	0.8892	17.2000	0.0859	1194.0000	120.0000	0.1005	1198.0000
367	0.8059	0.8047	0.4731	0.7401	0.3160	0.8864	17.2000	0.0666	1192.0000	115.0000	0.0965	1194.0000
368	0.8071	0.8051	0.4705	0.7280	0.3590	0.8737	17.1000	0.0789	1207.0000	129.0000	0.1069	1212.0000
369	0.8413	0.8084	0.4752	0.7257	0.3697	0.8947	17.1000	0.0610	1218.0000	118.0000	0.0969	1226.0000
370	0.8214	0.8138	0.4805	0.7327	0.3741	0.8941	17.0000	0.0735	1195.0000	119.0000	0.0996	1197.0000
371	0.8130	0.8043	0.4766	0.7026	0.3487	0.8749	17.0000	0.0633	1190.0000	130.0000	0.1092	1193.0000
372	0.8350	0.8092	0.4776	0.7255	0.3587	0.8863	17.1000	0.0539	1195.0000	124.0000	0.1038	1198.0000
373	0.8296	0.8063	0.4767	0.7265	0.3555	0.8747	17.1000	0.0628	1169.0000	129.0000	0.1104	1171.0000
374	0.8324	0.8133	0.4803	0.6953	0.3206	0.8774	17.1000	0.0617	1202.0000	122.0000	0.1015	1217.0000
375	0.8034	0.8158	0.4751	0.7220	0.3526	0.8788	17.2000	0.0714	1249.0000	133.0000	0.1065	1251.0000
376	0.7999	0.8051	0.4723	0.7298	0.3620	0.8906	17.1000	0.0729	1183.0000	115.0000	0.0972	1185.0000
377	0.7991	0.8113	0.4803	0.7175	0.3579	0.8876	17.0000	0.0741	1214.0000	122.0000	0.1005	1220.0000
378	0.8214	0.8109	0.4726	0.7296	0.3775	0.8869	17.2000	0.0708	1184.0000	124.0000	0.1047	1188.0000
379	0.8324	0.8063	0.4721	0.7011	0.3650	0.8889	17.1000	0.0728	1206.0000	127.0000	0.1053	1214.0000
380	0.8264	0.8047	0.4728	0.7148	0.3735	0.8895	17.2000	0.0833	1192.0000	124.0000	0.1040	1194.0000
381	0.8238	0.8002	0.4665	0.7079	0.2977	0.8761	17.1000	0.0733	1221.0000	127.0000	0.1040	1223.0000
382	0.8307	0.8105	0.4747	0.7310	0.3629	0.8956	17.2000	0.0627	1235.0000	120.0000	0.0972	1255.0000
383	0.8204	0.8076	0.4793	0.7107	0.3172	0.8863	17.1000	0.0582	1181.0000	122.0000	0.1033	1183.0000
384	0.8085	0.8063	0.4783	0.7287	0.3751	0.8780	17.2000	0.0802	1211.0000	125.0000	0.1032	1214.0000
385	0.8070	0.8142	0.4839	0.7152	0.3685	0.8791	17.2000	0.0650	1257.0000	127.0000	0.1010	1265.0000
386	0.8311	0.8068	0.4762	0.7286	0.3707	0.8870	17.0000	0.0623	1227.0000	126.0000	0.1027	1231.0000
387	0.8187	0.8076	0.4699	0.7050	0.3623	0.8792	17.1000	0.0669	1249.0000	129.0000	0.1033	1257.0000
388	0.8398	0.8080	0.4754	0.7205	0.3621	0.8838	17.2000	0.0649	1232.0000	125.0000	0.1015	1236.0000
389	0.8205	0.8063	0.4723	0.7386	0.3783	0.8932	17.0000	0.0602	1185.0000	117.0000	0.0987	1190.0000
390	0.8438	0.8030	0.4714	0.7186	0.3682	0.8828	17.2000	0.0775	1190.0000	124.0000	0.1042	1198.0000
391	0.8140	0.8051	0.4684	0.7118	0.3687	0.8773	17.2000	0.0755	1218.0000	122.0000	0.1002	1222.0000
392	0.8260	0.8171	0.4770	0.7201	0.3717	0.8817	17.2000	0.0761	1211.0000	132.0000	0.1090	1216.0000
393	0.8129	0.8096	0.4773	0.7170	0.3457	0.8804	17.0000	0.0707	1244.0000	123.0000	0.0989	1246.0000
394	0.8280	0.8043	0.4729	0.7223	0.3806	0.8914	17.2000	0.0593	1179.0000	118.0000	0.1001	1182.0000
395	0.8141	0.8014	0.4656	0.7406	0.3495	0.8884	17.1000	0.0637	1192.0000	118.0000	0.0990	1197.0000
396	0.8174	0.8059	0.4780	0.7474	0.3674	0.8856	17.2000	0.0688	1200.0000	120.0000	0.1000	1205.0000
397	0.8088	0.8063	0.4784	0.7193	0.3597	0.8842	17.1000	0.0697	1211.0000	126.0000	0.1040	1219.0000
398	0.8222	0.7969	0.4709	0.7286	0.3553	0.8898	17.0000	0.0568	1183.0000	122.0000	0.1031	1189.0000
399	0.8310	0.8096	0.4776	0.7348	0.3703	0.8901	17.1000	0.0597	1209.0000	118.0000	0.0976	1212.0000
400	0.8093	0.8080	0.4679	0.7191	0.3577	0.8800	17.1000	0.0740	1187.0000	137.0000	0.1154	1197.0000
401	0.8200	0.8059	0.4708	0.7177	0.3702	0.8816	17.2000	0.0671	1192.0000	127.0000	0.1065	1196.0000
402	0.8289	0.8076	0.4737	0.7274	0.3565	0.8967	17.2000	0.0662	1189.0000	119.0000	0.1001	1192.0000
403	0.7992	0.8072	0.4759	0.7297	0.3912	0.8839	17.2000	0.0776	1230.0000	124.0000	0.1008	1233.0000
404	0.8265	0.8063	0.4713	0.6891	0.3636	0.8863	17.0000	0.0673	1206.0000	130.0000	0.1078	1217.0000
405	0.8123	0.8125	0.4796	0.7148	0.3627	0.8806	17.1000	0.0700	1177.0000	124.0000	0.1054	1180.0000
406	0.8247	0.8072	0.4759	0.7305	0.3735	0.8840	17.1000	0.0708	1194.0000	118.0000	0.0988	1200.0000
407	0.8097	0.8084	0.4728	0.7342	0.3707	0.8917	17.2000	0.0716	1239.0000	126.0000	0.1017	1251.0000
408	0.8367	0.8043	0.4717	0.7199	0.3776	0.8818	17.2000	0.0758	1166.0000	124.0000	0.1063	1168.0000
409	0.8068	0.8105	0.4778	0.7188	0.3661	0.8892	17.2000	0.0739	1205.0000	118.0000	0.0979	1209.0000
410	0.8089	0.8043	0.4698	0.7089	0.3132	0.8756	17.2000	0.0816	1209.0000	128.0000	0.1059	1215.0000
411	0.8160	0.8125	0.4687	0.7185	0.3578	0.8901	17.2000	0.0624	1174.0000	118.0000	0.1005	1176.0000
412	0.8031	0.8072	0.4724	0.7204	0.3771	0.8829	17.0000	0.0857	1147.0000	123.0000	0.1072	1153.0000
413	0.8257	0.8101	0.4753	0.7208	0.3535	0.8835	17.2000	0.0797	1191.0000	122.0000	0.1024	1196.0000
414	0.8065	0.8022	0.4689	0.7094	0.3681	0.8776	17.1000	0.0722	1165.0000	129.0000	0.1107	1168.0000
415	0.8058	0.8039	0.4677	0.7258	0.3596	0.8879	17.1000	0.0632	1182.0000	122.0000	0.1032	1184.0000
416	0.8075	0.8105	0.4782	0.7396	0.3708	0.8894	17.2000	0.0690	1214.0000	121.0000	0.0997	1216.0000
417	0.8394	0.8063	0.4729	0.7039	0.3661	0.8801	17.2000	0.0740	1235.0000	131.0000	0.1061	1237.0000
418	0.8339	0.8063	0.4724	0.7332	0.3632	0.8791	17.1000	0.0668	1206.0000	121.0000	0.1003	1221.0000
419	0.8305	0.8063	0.4738	0.7261	0.3524	0.8795	17.2000	0.0764	1172.0000	127.0000	0.1084	1178.0000
420	0.7953	0.8101	0.4761	0.7256	0.3722	0.8882	17.2000	0.0770	1177.0000	121.0000	0.1028	1183.0000
421	0.8351	0.8072	0.4713	0.7205	0.3783	0.8838	17.1000	0.0707	1224.0000	124.0000	0.1013	1226.0000
422	0.8366	0.8096	0.4715	0.7073	0.3583	0.8835	17.2000	0.0621	1220.0000	121.0000	0.0992	1222.0000
423	0.8052	0.8051	0.4703	0.7220	0.3670	0.8931	17.2000	0.0777	1189.0000	117.0000	0.0984	1197.0000
424	0.8442	0.8113	0.4776	0.7310	0.3889	0.8896	17.1000	0.0651	1210.0000	120.0000	0.0992	1221.0000
425	0.8239	0.8125	0.4728	0.7006	0.3585	0.8808	17.1000	0.0612	1222.0000	129.0000	0.1056	1227.0000
426	0.8353	0.8125	0.4771	0.7092	0.3755	0.8872	17.1000	0.0668	1205.0000	123.0000	0.1021	1211.0000
427	0.8117	0.8022	0.4653	0.7236	0.3427	0.8880	17.2000	0.0681	1203.0000	124.0000	0.1031	1205.0000
428	0.8239	0.8039	0.4709	0.7222	0.3486	0.8862	17.2000	0.0553	1208.0000	122.0000	0.1010	1212.0000
429	0.8257	0.8051	0.4712	0.7099	0.3460	0.8806	17.1000	0.0758	1202.0000	125.0000	0.1040	1205.0000
430	0.8195	0.8022	0.4689	0.7252	0.3605	0.8847	17.0000	0.0695	1177.0000	121.0000	0.1028	1181.0000
431	0.8155	0.8101	0.4769	0.7166	0.3690	0.8763	17.0000	0.0793	1216.0000	129.0000	0.1061	1224.0000
432	0.8192	0.8080	0.4737	0.7389	0.3671	0.8839	17.1000	0.0690	1199.0000	122.0000	0.1018	1208.0000
433	0.8337	0.8138	0.4770	0.7237	0.3733	0.8889	17.1000	0.0766	1206.0000	118.0000	0.0978	1220.0000
434	0.8228	0.8043	0.4751	0.7274	0.3692	0.8971	17.0000	0.0761	1197.0000	119.0000	0.0994	1203.0000
435	0.8140	0.8059	0.4761	0.7273	0.3091	0.8763	17.1000	0.0602	1181.0000	123.0000	0.1041	1183.0000
436	0.8102	0.8101	0.4791	0.7092	0.3794	0.8872	17.1000	0.0684	1203.0000	126.0000	0.1047	1206.0000
437	0.8281	0.8109	0.4763	0.7345	0.3739	0.8877	17.1000	0.0670	1185.0000	118.0000	0.0996	1188.0000
438	0.8179	0.8059	0.4688	0.7059	0.3584	0.8900	17.1000	0.0659	1250.0000	118.0000	0.0944	1258.0000
439	0.8121	0.8043	0.4728	0.7218	0.3757	0.8812	17.0000	0.0726	1174.0000	122.0000	0.1039	1184.0000
440	0.8156	0.8055	0.4696	0.7167	0.3536	0.8938	17.2000	0.0805	1226.0000	123.0000	0.1003	1230.0000
441	0.8123	0.8063	0.4792	0.7054	0.3781	0.8977	17.0000	0.0674	1219.0000	115.0000	0.0943	1226.0000
442	0.8315	0.8014	0.4712	0.7316	0.3477	0.8879	17.1000	0.0667	1183.0000	127.0000	0.1074	1186.0000
443	0.8305	0.8055	0.4681	0.7297	0.3613	0.8762	17.1000	0.0698	1208.0000	125.0000	0.1035	1216.0000
444	0.8351	0.8068	0.4765	0.7202	0.3713	0.8883	17.1000	0.0753	1201.0000	117.0000	0.0974	1209.0000
445	0.8386	0.8068	0.4736	0.6932	0.3600	0.8900	17.1000	0.0611	1223.0000	128.0000	0.1047	1229.0000
446	0.8169	0.8035	0.4712	0.7201	0.3560	0.8874	17.0000	0.0747	1206.0000	124.0000	0.1028	1210.0000
447	0.7849	0.8068	0.4786	0.7112	0.3026	0.8730	17.2000	0.0942	1246.0000	127.0000	0.1019	1248.0000
448	0.8164	0.8088	0.4749	0.7036	0.3652	0.8867	17.1000	0.0750	1219.0000	125.0000	0.1025	1224.0000
449	0.8466	0.8125	0.4763	0.7284	0.3580	0.8963	17.0000	0.0610	1220.0000	122.0000	0.1000	1223.0000
450	0.8147	0.8133	0.4737	0.7155	0.3182	0.8766	17.0000	0.0869	1242.0000	124.0000	0.0998	1260.0000
451	0.8367	0.8063	0.4682	0.7191	0.3637	0.8931	17.2000	0.0624	1178.0000	118.0000	0.1002	1185.0000
452	0.8123	0.8109	0.4783	0.7018	0.3764	0.8879	17.0000	0.0853	1209.0000	128.0000	0.1059	1212.0000
453	0.8136	0.8047	0.4774	0.7333	0.3765	0.8929	17.0000	0.0772	1227.0000	120.0000	0.0978	1236.0000
454	0.8269	0.8096	0.4769	0.7134	0.3574	0.8776	17.2000	0.0794	1208.0000	134.0000	0.1109	1212.0000
455	0.8325	0.8101	0.4705	0.7035	0.3531	0.8714	17.0000	0.0719	1182.0000	134.0000	0.1134	1194.0000
456	0.8232	0.8133	0.4823	0.7315	0.3756	0.8864	17.2000	0.0519	1211.0000	128.0000	0.1057	1217.0000
457	0.8318	0.8129	0.4747	0.7198	0.3186	0.8779	17.2000	0.0660	1148.0000	122.0000	0.1063	1169.0000
458	0.8089	0.8154	0.4816	0.7209	0.3640	0.8828	17.0000	0.0789	1229.0000	127.0000	0.1033	1234.0000
459	0.8101	0.8063	0.4753	0.7240	0.3666	0.8837	17.1000	0.0727	1157.0000	119.0000	0.1029	1169.0000
460	0.8290	0.8055	0.4691	0.7373	0.3644	0.8927	17.1000	0.0636	1182.0000	113.0000	0.0956	1190.0000
461	0.8098	0.8154	0.4806	0.7263	0.3778	0.8907	17.1000	0.0721	1198.0000	121.0000	0.1010	1202.0000
462	0.8270	0.8138	0.4801	0.7041	0.3671	0.8852	17.2000	0.0648	1205.0000	128.0000	0.1062	1213.0000
463	0.8240	0.8125	0.4787	0.6854	0.3739	0.8792	17.0000	0.0770	1216.0000	138.0000	0.1135	1223.0000
464	0.8390	0.8039	0.4680	0.7261	0.3771	0.8914	17.0000	0.0602	1173.0000	117.0000	0.0997	1177.0000
465	0.8211	0.8096	0.4696	0.7286	0.3557	0.8823	17.2000	0.0699	1188.0000	120.0000	0.1010	1190.0000
466	0.7977	0.8063	0.4784	0.7115	0.3703	0.8718	17.1000	0.0957	1235.0000	126.0000	0.1020	1245.0000
467	0.8220	0.8035	0.4732	0.7221	0.3850	0.8885	17.1000	0.0735	1213.0000	123.0000	0.1014	1221.0000
468	0.8340	0.8006	0.4726	0.7036	0.3605	0.8855	17.1000	0.0730	1197.0000	122.0000	0.1019	1201.0000
469	0.8313	0.8072	0.4749	0.7336	0.3516	0.8953	17.2000	0.0589	1190.0000	117.0000	0.0983	1198.0000
470	0.8166	0.8109	0.4815	0.6995	0.3550	0.8755	17.1000	0.0864	1227.0000	129.0000	0.1051	1233.0000
471	0.8374	0.8150	0.4775	0.7037	0.3741	0.8808	17.2000	0.0712	1213.0000	132.0000	0.1088	1221.0000
472	0.8183	0.8101	0.4777	0.7201	0.3796	0.8837	17.2000	0.0732	1199.0000	122.0000	0.1018	1203.0000
473	0.8404	0.8043	0.4700	0.7306	0.3500	0.8871	17.0000	0.0602	1181.0000	120.0000	0.1016	1188.0000
474	0.8214	0.8068	0.4727	0.7229	0.3624	0.8835	17.0000	0.0750	1172.0000	127.0000	0.1084	1174.0000
475	0.8189	0.8101	0.4762	0.7118	0.3386	0.8919	17.0000	0.0537	1208.0000	113.0000	0.0935	1214.0000
476	0.8217	0.8105	0.4708	0.7235	0.3793	0.8917	17.1000	0.0769	1183.0000	118.0000	0.0997	1194.0000
477	0.8040	0.8026	0.4731	0.7332	0.3569	0.8867	17.2000	0.0719	1224.0000	120.0000	0.0980	1228.0000
478	0.7975	0.8059	0.4723	0.7343	0.3586	0.8818	17.2000	0.0734	1204.0000	124.0000	0.1030	1207.0000
479	0.8077	0.8068	0.4705	0.7198	0.3710	0.8825	17.2000	0.0845	1171.0000	123.0000	0.1050	1182.0000
480	0.8101	0.8022	0.4664	0.7115	0.3397	0.8824	17.2000	0.0659	1143.0000	119.0000	0.1041	1146.0000
481	0.8156	0.8154	0.4819	0.7195	0.3735	0.8889	17.2000	0.0592	1213.0000	117.0000	0.0965	1219.0000
482	0.8370	0.8096	0.4778	0.7234	0.3838	0.8872	17.2000	0.0724	1206.0000	123.0000	0.1020	1212.0000
483	0.8149	0.8109	0.4753	0.7140	0.3826	0.8802	17.2000	0.0729	1155.0000	122.0000	0.1056	1161.0000
484	0.8067	0.8146	0.4748	0.7133	0.3541	0.8763	17.2000	0.0656	1188.0000	127.0000	0.1069	1192.0000
485	0.8166	0.8088	0.4742	0.7384	0.3721	0.8910	17.0000	0.0713	1189.0000	122.0000	0.1026	1196.0000
486	0.8019	0.8088	0.4698	0.7121	0.3571	0.8698	17.1000	0.0878	1205.0000	131.0000	0.1087	1211.0000
487	0.8358	0.8092	0.4748	0.7106	0.3596	0.8946	17.1000	0.0741	1204.0000	125.0000	0.1038	1207.0000
488	0.8349	0.8014	0.4720	0.7501	0.3720	0.8849	17.1000	0.0592	1176.0000	118.0000	0.1003	1179.0000
489	0.8120	0.8088	0.4785	0.7037	0.3700	0.8929	17.1000	0.0686	1205.0000	121.0000	0.1004	1207.0000
490	0.8145	0.8117	0.4741	0.7169	0.3650	0.8851	17.2000	0.0734	1184.0000	126.0000	0.1064	1188.0000
491	0.8266	0.8039	0.4680	0.7416	0.3542	0.8901	17.1000	0.0699	1151.0000	119.0000	0.1034	1154.0000
492	0.8114	0.7998	0.4692	0.7078	0.3608	0.8874	17.1000	0.0787	1190.0000	123.0000	0.1034	1194.0000
493	0.8155	0.8068	0.4733	0.7295	0.3089	0.8867	17.1000	0.0569	1186.0000	115.0000	0.0970	1188.0000
494	0.8408	0.8113	0.4743	0.7347	0.3706	0.8897	17.2000	0.0587	1219.0000	121.0000	0.0993	1229.0000
495	0.8417	0.8063	0.4704	0.7222	0.3637	0.8896	17.1000	0.0611	1184.0000	119.0000	0.1005	1186.0000
496	0.8114	0.8195	0.4766	0.7253	0.3654	0.8862	17.0000	0.0654	1199.0000	122.0000	0.1018	1205.0000
497	0.8228	0.8105	0.4762	0.7413	0.3868	0.8962	17.1000	0.0607	1191.0000	113.0000	0.0949	1195.0000
498	0.8183	0.8154	0.4823	0.7113	0.3728	0.8799	17.1000	0.0870	1223.0000	134.0000	0.1096	1227.0000
499	0.8222	0.8072	0.4779	0.7242	0.3725	0.8927	17.2000	0.0600	1207.0000	127.0000	0.1052	1214.0000
500	0.8220	0.8101	0.4738	0.7342	0.3602	0.8962	17.1000	0.0538	1166.0000	114.0000	0.0978	1175.0000
501	0.8161	0.8146	0.4790	0.7306	0.3869	0.8830	17.1000	0.0739	1209.0000	123.0000	0.1017	1213.0000
502	0.8062	0.8121	0.4804	0.7029	0.3224	0.8703	17.1000	0.0837	1258.0000	135.0000	0.1073	1263.0000
503	0.8317	0.8133	0.4788	0.7213	0.3844	0.8851	17.2000	0.0570	1182.0000	127.0000	0.1074	1188.0000
504	0.8005	0.8047	0.4651	0.7154	0.3334	0.8794	17.2000	0.0676	1184.0000	125.0000	0.1056	1186.0000
505	0.8137	0.8068	0.4773	0.7142	0.3884	0.8897	17.1000	0.0799	1151.0000	127.0000	0.1103	1157.0000
506	0.8075	0.8084	0.4795	0.7267	0.3722	0.8761	17.1000	0.0746	1224.0000	122.0000	0.0997	1227.0000
507	0.8053	0.8080	0.4795	0.7043	0.3532	0.8707	17.2000	0.0861	1204.0000	132.0000	0.1096	1209.0000
508	0.8027	0.8096	0.4795	0.7213	0.3519	0.8867	17.1000	0.0699	1235.0000	124.0000	0.1004	1239.0000
509	0.8348	0.8068	0.4761	0.7331	0.3654	0.8937	17.0000	0.0580	1212.0000	121.0000	0.0998	1217.0000
510	0.8357	0.8142	0.4782	0.7345	0.3655	0.8932	17.1000	0.0583	1211.0000	122.0000	0.1007	1214.0000
511	0.8274	0.8072	0.4705	0.7399	0.3686	0.8913	16.9000	0.0677	1217.0000	122.0000	0.1002	1221.0000
512	0.8130	0.8080	0.4702	0.7187	0.3574	0.8871	17.2000	0.0705	1186.0000	116.0000	0.0978	1207.0000
513	0.8245	0.8072	0.4713	0.6941	0.3712	0.8737	17.2000	0.0673	1252.0000	133.0000	0.1062	1259.0000
514	0.8174	0.8101	0.4737	0.7147	0.3845	0.8854	17.0000	0.0692	1162.0000	122.0000	0.1050	1165.0000
515	0.8271	0.8121	0.4768	0.7243	0.3627	0.8918	17.0000	0.0687	1197.0000	118.0000	0.0986	1203.0000
516	0.8086	0.8088	0.4737	0.7180	0.2891	0.8714	17.2000	0.0681	1159.0000	125.0000	0.1079	1165.0000
517	0.7977	0.8117	0.4776	0.7405	0.3705	0.8754	17.1000	0.0686	1208.0000	122.0000	0.1010	1214.0000
518	0.8428	0.8109	0.4807	0.7068	0.3642	0.8949	17.2000	0.0525	1213.0000	124.0000	0.1022	1216.0000
519	0.8312	0.7981	0.4723	0.6960	0.3446	0.8830	17.2000	0.0721	1179.0000	128.0000	0.1086	1182.0000
520	0.8124	0.8129	0.4773	0.7367	0.3765	0.8744	17.1000	0.0836	1185.0000	127.0000	0.1072	1191.0000
521	0.8325	0.8076	0.4689	0.6980	0.3450	0.8866	17.1000	0.0614	1182.0000	128.0000	0.1083	1191.0000
522	0.8240	0.8109	0.4736	0.7201	0.3632	0.8818	17.0000	0.0718	1180.0000	122.0000	0.1034	1183.0000
523	0.8137	0.8109	0.4779	0.7173	0.3623	0.8821	17.1000	0.0821	1195.0000	129.0000	0.1079	1200.0000
524	0.8347	0.8030	0.4672	0.7018	0.3554	0.8882	17.1000	0.0570	1127.0000	127.0000	0.1127	1135.0000
525	0.8179	0.8068	0.4748	0.7291	0.3537	0.8830	17.1000	0.0658	1175.0000	124.0000	0.1055	1182.0000
526	0.8243	0.8080	0.4741	0.7301	0.3651	0.9013	17.2000	0.0637	1208.0000	116.0000	0.0960	1217.0000
527	0.8321	0.8084	0.4779	0.7117	0.3688	0.8850	17.2000	0.0712	1238.0000	125.0000	0.1010	1246.0000
528	0.7998	0.8088	0.4722	0.7329	0.3629	0.8865	17.2000	0.0672	1216.0000	115.0000	0.0946	1218.0000
529	0.8207	0.8076	0.4723	0.7109	0.3824	0.8859	17.0000	0.0812	1197.0000	120.0000	0.1003	1203.0000
530	0.8183	0.8080	0.4725	0.7229	0.3851	0.8822	17.2000	0.0678	1183.0000	126.0000	0.1065	1189.0000
531	0.8202	0.8150	0.4734	0.7169	0.3590	0.8835	17.1000	0.0750	1207.0000	124.0000	0.1027	1210.0000
532	0.8125	0.8101	0.4724	0.7233	0.3675	0.8859	17.2000	0.0749	1219.0000	120.0000	0.0984	1224.0000
533	0.8243	0.8109	0.4752	0.7078	0.3603	0.8875	17.1000	0.0721	1203.0000	128.0000	0.1064	1207.0000
534	0.8278	0.8059	0.4756	0.7155	0.3502	0.8791	17.1000	0.0872	1189.0000	130.0000	0.1093	1191.0000
535	0.8425	0.8109	0.4740	0.7169	0.3582	0.8937	17.1000	0.0613	1209.0000	118.0000	0.0976	1215.0000
536	0.8110	0.8076	0.4729	0.7126	0.3817	0.8862	17.2000	0.0817	1193.0000	123.0000	0.1031	1197.0000
537	0.8243	0.8047	0.4761	0.7066	0.3554	0.8834	17.2000	0.0690	1196.0000	123.0000	0.1028	1200.0000
538	0.8214	0.8166	0.4753	0.7070	0.3826	0.8861	17.1000	0.0770	1250.0000	123.0000	0.0984	1253.0000
539	0.8248	0.8055	0.4783	0.7251	0.3821	0.8885	17.1000	0.0734	1190.0000	124.0000	0.1042	1198.0000
540	0.8292	0.8113	0.4768	0.7202	0.3791	0.8807	17.1000	0.0639	1213.0000	125.0000	0.1031	1219.0000
541	0.8148	0.8084	0.4735	0.7415	0.3721	0.8962	17.1000	0.0612	1210.0000	115.0000	0.0950	1213.0000
542	0.8244	0.8030	0.4777	0.7127	0.3706	0.8881	17.2000	0.0752	1213.0000	129.0000	0.1063	1217.0000
543	0.8189	0.8072	0.4656	0.7483	0.3626	0.8876	17.2000	0.0642	1200.0000	120.0000	0.1000	1205.0000
544	0.8357	0.8084	0.4753	0.7223	0.3697	0.8861	17.1000	0.0672	1207.0000	124.0000	0.1027	1209.0000
545	0.8313	0.8039	0.4698	0.7165	0.3603	0.8875	16.9000	0.0707	1182.0000	121.0000	0.1024	1195.0000
546	0.8240	0.8088	0.4737	0.7168	0.3680	0.8882	17.1000	0.0631	1175.0000	122.0000	0.1038	1179.0000
547	0.7982	0.8101	0.4754	0.7060	0.3228	0.8731	17.2000	0.0822	1228.0000	127.0000	0.1034	1233.0000
548	0.8122	0.8117	0.4777	0.7267	0.3688	0.8857	17.2000	0.0746	1204.0000	128.0000	0.1063	1207.0000
549	0.8070	0.8051	0.4764	0.7154	0.3775	0.8874	17.0000	0.0662	1295.0000	117.0000	0.0903	1301.0000
550	0.8484	0.8043	0.4736	0.7306	0.3443	0.8906	17.1000	0.0543	1204.0000	122.0000	0.1013	1206.0000
551	0.8324	0.8125	0.4697	0.7061	0.3743	0.8860	17.2000	0.0554	1205.0000	127.0000	0.1054	1211.0000
552	0.8218	0.8047	0.4749	0.7285	0.3724	0.8883	17.2000	0.0632	1175.0000	120.0000	0.1021	1180.0000
553	0.8224	0.8018	0.4737	0.7237	0.3659	0.8859	17.1000	0.0646	1189.0000	125.0000	0.1051	1195.0000
554	0.8389	0.8068	0.4682	0.7203	0.3759	0.8891	17.0000	0.0636	1180.0000	123.0000	0.1042	1184.0000
555	0.8327	0.8002	0.4700	0.7439	0.3570	0.8887	17.2000	0.0739	1182.0000	118.0000	0.0998	1187.0000
556	0.8130	0.8026	0.4690	0.6914	0.3079	0.8739	17.2000	0.0664	1166.0000	131.0000	0.1123	1171.0000
557	0.8183	0.8026	0.4712	0.7265	0.3604	0.8833	17.1000	0.0719	1188.0000	122.0000	0.1027	1192.0000
558	0.8296	0.8055	0.4718	0.7201	0.3632	0.8815	17.2000	0.0705	1189.0000	130.0000	0.1093	1191.0000
559	0.8287	0.8105	0.4736	0.7145	0.3701	0.8900	17.1000	0.0649	1220.0000	120.0000	0.0984	1226.0000
560	0.8197	0.8068	0.4687	0.7377	0.3763	0.8927	17.2000	0.0596	1224.0000	117.0000	0.0956	1232.0000
561	0.8417	0.8117	0.4759	0.7282	0.3615	0.8877	17.2000	0.0534	1224.0000	123.0000	0.1005	1226.0000
562	0.8145	0.8080	0.4713	0.7173	0.3739	0.8796	17.2000	0.0850	1177.0000	130.0000	0.1105	1182.0000
563	0.8170	0.8121	0.4770	0.7169	0.3533	0.8763	17.1000	0.0747	1204.0000	132.0000	0.1096	1209.0000
564	0.8148	0.8018	0.4761	0.7191	0.3555	0.8872	17.1000	0.0595	1187.0000	127.0000	0.1070	1196.0000
565	0.8394	0.8080	0.4679	0.7333	0.3646	0.8971	17.2000	0.0583	1167.0000	118.0000	0.1011	1171.0000
566	0.8129	0.8105	0.4756	0.6888	0.3191	0.8745	17.2000	0.0768	1189.0000	130.0000	0.1093	1191.0000
567	0.8239	0.8080	0.4706	0.7401	0.3652	0.8886	17.1000	0.0562	1219.0000	121.0000	0.0993	1229.0000
568	0.8228	0.8043	0.4754	0.7400	0.3464	0.8991	17.0000	0.0534	1213.0000	117.0000	0.0965	1225.0000
569	0.8371	0.8096	0.4811	0.7252	0.3665	0.8932	17.1000	0.0745	1218.0000	120.0000	0.0985	1224.0000
570	0.8329	0.8076	0.4804	0.7335	0.3687	0.8879	17.1000	0.0528	1179.0000	117.0000	0.0992	1181.0000
571	0.8286	0.8039	0.4719	0.7066	0.3693	0.8892	17.2000	0.0689	1206.0000	121.0000	0.1003	1211.0000
572	0.8296	0.8063	0.4703	0.7073	0.3584	0.8821	17.2000	0.0691	1242.0000	127.0000	0.1023	1248.0000
573	0.8355	0.8129	0.4746	0.7309	0.3702	0.8760	17.2000	0.0665	1155.0000	120.0000	0.1039	1157.0000
574	0.8364	0.8018	0.4724	0.7303	0.3506	0.8896	17.1000	0.0682	1213.0000	119.0000	0.0981	1223.0000
575	0.8112	0.8092	0.4721	0.7169	0.3504	0.8741	17.0000	0.0847	1191.0000	131.0000	0.1100	1201.0000
576	0.8286	0.8092	0.4779	0.7240	0.3583	0.8915	17.1000	0.0581	1184.0000	121.0000	0.1022	1187.0000
577	0.7820	0.8096	0.4780	0.7302	0.3719	0.8807	17.2000	0.0811	1205.0000	123.0000	0.1021	1216.0000
578	0.8539	0.8154	0.4773	0.7155	0.3630	0.8821	17.1000	0.0521	1193.0000	129.0000	0.1081	1196.0000
579	0.8406	0.8076	0.4696	0.6995	0.3604	0.8930	17.1000	0.0707	1227.0000	118.0000	0.0962	1234.0000
580	0.8314	0.8096	0.4761	0.7313	0.3646	0.8944	17.0000	0.0694	1174.0000	116.0000	0.0988	1179.0000
581	0.8131	0.8068	0.4752	0.7344	0.3617	0.8841	17.2000	0.0586	1197.0000	122.0000	0.1019	1202.0000
582	0.8201	0.8063	0.4739	0.7334	0.3728	0.8884	17.1000	0.0668	1207.0000	119.0000	0.0986	1212.0000
583	0.8053	0.8105	0.4755	0.7078	0.3551	0.8851	17.2000	0.0732	1182.0000	115.0000	0.0973	1186.0000
584	0.8326	0.8084	0.4802	0.7230	0.3731	0.8854	17.2000	0.0701	1233.0000	125.0000	0.1014	1236.0000
585	0.8263	0.8055	0.4772	0.7377	0.3715	0.8899	17.1000	0.0604	1156.0000	121.0000	0.1047	1162.0000
586	0.8244	0.8080	0.4693	0.7187	0.3611	0.8894	17.1000	0.0670	1203.0000	125.0000	0.1039	1208.0000
587	0.8087	0.8035	0.4707	0.7146	0.3243	0.8835	17.2000	0.0673	1185.0000	121.0000	0.1021	1190.0000
588	0.8247	0.8072	0.4712	0.7072	0.3661	0.8823	17.1000	0.0778	1181.0000	127.0000	0.1075	1183.0000
589	0.8142	0.8063	0.4732	0.7072	0.3600	0.8835	17.2000	0.0790	1198.0000	129.0000	0.1077	1206.0000
590	0.7917	0.8142	0.4793	0.7156	0.3836	0.8898	17.0000	0.0722	1179.0000	121.0000	0.1026	1193.0000
591	0.7976	0.8133	0.4793	0.7247	0.3694	0.8915	17.1000	0.0681	1210.0000	117.0000	0.0967	1223.0000
592	0.8093	0.8158	0.4759	0.7077	0.3323	0.8848	17.1000	0.0872	1164.0000	125.0000	0.1074	1172.0000
593	0.8253	0.8030	0.4744	0.7166	0.3691	0.8903	17.1000	0.0767	1223.0000	125.0000	0.1022	1225.0000
594	0.8128	0.8076	0.4704	0.7166	0.3757	0.8838	17.1000	0.0800	1211.0000	125.0000	0.1032	1215.0000
595	0.8359	0.7985	0.4628	0.7243	0.3558	0.8856	17.1000	0.0599	1206.0000	118.0000	0.0978	1211.0000
596	0.8209	0.8121	0.4763	0.7176	0.3583	0.8777	17.2000	0.0588	1233.0000	133.0000	0.1079	1235.0000
597	0.8064	0.8121	0.4765	0.7160	0.3671	0.8818	17.2000	0.0768	1195.0000	124.0000	0.1038	1205.0000
598	0.8236	0.8047	0.4715	0.7120	0.3584	0.8841	17.1000	0.0753	1245.0000	115.0000	0.0924	1247.0000
599	0.8146	0.8072	0.4801	0.7203	0.3284	0.8923	17.1000	0.0622	1205.0000	117.0000	0.0971	1211.0000
600	0.8128	0.8142	0.4787	0.7145	0.3696	0.8819	17.1000	0.0810	1206.0000	129.0000	0.1070	1217.0000
601	0.8397	0.8051	0.4693	0.7258	0.3525	0.8938	17.1000	0.0528	1183.0000	121.0000	0.1023	1186.0000
602	0.8183	0.8133	0.4770	0.7135	0.3756	0.8806	17.1000	0.0682	1218.0000	126.0000	0.1034	1220.0000
603	0.8108	0.8084	0.4696	0.7497	0.3661	0.8927	17.1000	0.0694	1199.0000	115.0000	0.0959	1204.0000
604	0.8016	0.8117	0.4814	0.7208	0.3762	0.8875	17.2000	0.0739	1205.0000	125.0000	0.1037	1210.0000
605	0.8376	0.8125	0.4744	0.7210	0.3669	0.8850	17.2000	0.0715	1194.0000	122.0000	0.1022	1199.0000
606	0.7971	0.8117	0.4804	0.7314	0.3564	0.8846	16.9000	0.0707	1151.0000	123.0000	0.1069	1154.0000
607	0.8073	0.8068	0.4740	0.7068	0.3702	0.8783	17.1000	0.0811	1193.0000	128.0000	0.1073	1205.0000
608	0.8189	0.8096	0.4792	0.7106	0.3705	0.8798	17.1000	0.0798	1187.0000	132.0000	0.1112	1193.0000
609	0.8108	0.8129	0.4816	0.7093	0.3571	0.8868	17.2000	0.0775	1207.0000	124.0000	0.1027	1209.0000
610	0.8304	0.8109	0.4725	0.7220	0.3764	0.8896	17.1000	0.0707	1198.0000	119.0000	0.0993	1206.0000
611	0.7908	0.8026	0.4755	0.7089	0.3294	0.8862	17.1000	0.0752	1224.0000	127.0000	0.1038	1227.0000
612	0.8278	0.8072	0.4745	0.7169	0.3691	0.8821	17.0000	0.0734	1190.0000	123.0000	0.1034	1196.0000
613	0.8262	0.8059	0.4734	0.7021	0.3639	0.8843	17.2000	0.0814	1173.0000	126.0000	0.1074	1179.0000
614	0.8197	0.8080	0.4747	0.7330	0.3676	0.8869	17.2000	0.0669	1191.0000	123.0000	0.1033	1194.0000
615	0.8229	0.8047	0.4731	0.7419	0.3828	0.8855	17.1000	0.0653	1163.0000	113.0000	0.0972	1166.0000
616	0.8058	0.8113	0.4803	0.7122	0.3531	0.8742	17.1000	0.0805	1191.0000	125.0000	0.1050	1193.0000
617	0.8021	0.8101	0.4772	0.7176	0.3625	0.8844	17.1000	0.0782	1192.0000	124.0000	0.1040	1204.0000
618	0.8190	0.8154	0.4809	0.7174	0.3919	0.8907	17.1000	0.0633	1204.0000	118.0000	0.0980	1207.0000
619	0.7917	0.8072	0.4728	0.7117	0.3219	0.8809	17.1000	0.0783	1211.0000	124.0000	0.1024	1219.0000
620	0.8331	0.8030	0.4748	0.7224	0.3704	0.8933	17.1000	0.0636	1189.0000	118.0000	0.0992	1197.0000
621	0.8279	0.8051	0.4714	0.7300	0.3692	0.8843	17.0000	0.0595	1194.0000	124.0000	0.1039	1206.0000
622	0.8056	0.8092	0.4701	0.7072	0.3066	0.8830	17.2000	0.0536	1197.0000	121.0000	0.1011	1206.0000
623	0.8133	0.8063	0.4693	0.7050	0.3583	0.8787	17.1000	0.0781	1181.0000	131.0000	0.1109	1188.0000
624	0.8216	0.8080	0.4762	0.7235	0.3507	0.8779	17.2000	0.0720	1201.0000	126.0000	0.1049	1203.0000
625	0.8223	0.8092	0.4813	0.7267	0.3666	0.8868	17.2000	0.0724	1230.0000	128.0000	0.1041	1235.0000
626	0.8446	0.8010	0.4681	0.6979	0.3557	0.8777	17.2000	0.0769	1194.0000	127.0000	0.1064	1201.0000
627	0.8418	0.8030	0.4713	0.7188	0.3458	0.8816	17.1000	0.0542	1175.0000	126.0000	0.1072	1177.0000
628	0.8134	0.8142	0.4748	0.7279	0.3764	0.8795	17.1000	0.0714	1181.0000	122.0000	0.1033	1184.0000
629	0.8221	0.8018	0.4709	0.7182	0.3526	0.8773	17.1000	0.0734	1151.0000	122.0000	0.1060	1153.0000
630	0.8279	0.8068	0.4761	0.7193	0.3697	0.8872	17.2000	0.0588	1192.0000	121.0000	0.1015	1194.0000
631	0.8173	0.8088	0.4785	0.7085	0.3730	0.8804	17.2000	0.0639	1203.0000	130.0000	0.1081	1208.0000
632	0.8144	0.8063	0.4730	0.7261	0.3616	0.8783	17.1000	0.0875	1176.0000	130.0000	0.1105	1186.0000
633	0.7970	0.8076	0.4777	0.7276	0.3206	0.8744	17.0000	0.0711	1193.0000	127.0000	0.1065	1197.0000
634	0.8083	0.8088	0.4804	0.7273	0.3747	0.8833	17.2000	0.0757	1177.0000	123.0000	0.1045	1186.0000
635	0.7933	0.8063	0.4781	0.7173	0.3685	0.8800	17.1000	0.0821	1199.0000	126.0000	0.1051	1216.0000
636	0.8305	0.8010	0.4698	0.7158	0.3463	0.8826	17.1000	0.0679	1198.0000	126.0000	0.1052	1202.0000
637	0.8301	0.8088	0.4739	0.7286	0.3654	0.8892	17.2000	0.0584	1168.0000	122.0000	0.1045	1172.0000
638	0.8039	0.8142	0.4776	0.7478	0.3695	0.8960	17.0000	0.0642	1229.0000	115.0000	0.0936	1237.0000
639	0.8300	0.8035	0.4734	0.7008	0.3482	0.8818	17.1000	0.0727	1233.0000	129.0000	0.1046	1237.0000
640	0.8523	0.8039	0.4670	0.7176	0.3560	0.8895	17.1000	0.0559	1149.0000	125.0000	0.1088	1151.0000
641	0.8222	0.8076	0.4783	0.7376	0.3788	0.8881	17.1000	0.0670	1160.0000	117.0000	0.1009	1162.0000
642	0.8228	0.8133	0.4780	0.7124	0.3851	0.8850	17.2000	0.0599	1200.0000	121.0000	0.1008	1210.0000
643	0.8233	0.8051	0.4775	0.7378	0.3633	0.8811	17.2000	0.0704	1195.0000	136.0000	0.1138	1199.0000
644	0.8244	0.8035	0.4678	0.7283	0.3699	0.8809	17.2000	0.0818	1202.0000	119.0000	0.0990	1209.0000
645	0.8254	0.8059	0.4756	0.7306	0.3586	0.8834	17.1000	0.0782	1183.0000	126.0000	0.1065	1185.0000
646	0.7980	0.8121	0.4753	0.7182	0.3648	0.8789	17.2000	0.0820	1135.0000	123.0000	0.1084	1143.0000
647	0.8093	0.8063	0.4750	0.7373	0.3656	0.8868	17.0000	0.0694	1203.0000	123.0000	0.1022	1206.0000
648	0.8181	0.8088	0.4714	0.7356	0.3742	0.8791	17.2000	0.0674	1143.0000	121.0000	0.1059	1153.0000
649	0.8066	0.8080	0.4798	0.7124	0.3746	0.8769	17.1000	0.0745	1215.0000	129.0000	0.1062	1220.0000
650	0.8320	0.8043	0.4739	0.7024	0.3704	0.8857	17.2000	0.0844	1169.0000	122.0000	0.1044	1177.0000
651	0.8049	0.8076	0.4793	0.7275	0.3716	0.8839	17.2000	0.0722	1158.0000	123.0000	0.1062	1162.0000
652	0.8321	0.7993	0.4644	0.7272	0.3641	0.8867	17.1000	0.0717	1179.0000	122.0000	0.1035	1182.0000
653	0.8028	0.8109	0.4748	0.6944	0.3567	0.8811	17.2000	0.0810	1215.0000	128.0000	0.1053	1222.0000
654	0.8168	0.8133	0.4861	0.7245	0.3565	0.8686	17.2000	0.0633	1204.0000	131.0000	0.1088	1206.0000
655	0.8367	0.7993	0.4718	0.7276	0.3525	0.8893	17.1000	0.0606	1156.0000	117.0000	0.1012	1164.0000
656	0.8351	0.8096	0.4748	0.7260	0.3870	0.8867	17.1000	0.0640	1221.0000	121.0000	0.0991	1226.0000
657	0.8280	0.8047	0.4720	0.7351	0.3632	0.8898	17.0000	0.0649	1204.0000	121.0000	0.1005	1219.0000
658	0.8253	0.8072	0.4772	0.6978	0.3171	0.8758	17.0000	0.0612	1243.0000	128.0000	0.1030	1248.0000
659	0.8250	0.8072	0.4725	0.7394	0.3614	0.8895	17.1000	0.0699	1186.0000	118.0000	0.0995	1192.0000
660	0.8212	0.8051	0.4720	0.7110	0.3591	0.8834	17.1000	0.0753	1162.0000	120.0000	0.1033	1167.0000
661	0.8312	0.8026	0.4700	0.7179	0.3524	0.8769	17.2000	0.0719	1170.0000	128.0000	0.1094	1176.0000
662	0.8312	0.8039	0.4721	0.7273	0.3859	0.8907	17.2000	0.0623	1182.0000	110.0000	0.0931	1195.0000
663	0.8339	0.8051	0.4700	0.6916	0.3520	0.8799	17.2000	0.0711	1180.0000	124.0000	0.1051	1184.0000
664	0.8333	0.8117	0.4770	0.7233	0.3692	0.8855	17.0000	0.0623	1180.0000	121.0000	0.1025	1188.0000
665	0.8271	0.8063	0.4724	0.6841	0.3166	0.8825	17.0000	0.0676	1156.0000	130.0000	0.1125	1161.0000
666	0.8090	0.8026	0.4711	0.7212	0.3695	0.8887	17.2000	0.0807	1208.0000	119.0000	0.0985	1223.0000
667	0.8432	0.8059	0.4730	0.7138	0.3624	0.8803	17.2000	0.0621	1181.0000	125.0000	0.1058	1187.0000
668	0.8093	0.8125	0.4767	0.7098	0.3659	0.8782	17.2000	0.0787	1199.0000	123.0000	0.1026	1203.0000
669	0.8349	0.8105	0.4774	0.7124	0.3670	0.8874	17.1000	0.0568	1209.0000	123.0000	0.1017	1213.0000
670	0.8152	0.7969	0.4667	0.7237	0.3621	0.8859	17.1000	0.0706	1181.0000	123.0000	0.1041	1183.0000
671	0.7972	0.8063	0.4770	0.7063	0.3754	0.8859	17.0000	0.0857	1173.0000	121.0000	0.1032	1176.0000
672	0.8296	0.8068	0.4723	0.7108	0.3720	0.8800	17.2000	0.0732	1218.0000	130.0000	0.1067	1220.0000
673	0.8145	0.8109	0.4780	0.7164	0.3808	0.8705	17.2000	0.0853	1173.0000	122.0000	0.1040	1184.0000
674	0.8189	0.8051	0.4737	0.7286	0.3568	0.8831	16.9000	0.0739	1173.0000	122.0000	0.1040	1177.0000
675	0.8229	0.8080	0.4769	0.7177	0.3635	0.8854	17.1000	0.0715	1197.0000	124.0000	0.1036	1209.0000
676	0.8259	0.7965	0.4704	0.7110	0.3512	0.8774	17.2000	0.0773	1229.0000	126.0000	0.1025	1244.0000
677	0.8281	0.8117	0.4767	0.7265	0.3833	0.8958	17.1000	0.0682	1226.0000	117.0000	0.0954	1228.0000
678	0.8127	0.8096	0.4776	0.7198	0.3662	0.8819	17.0000	0.0703	1229.0000	133.0000	0.1082	1233.0000
679	0.8087	0.8055	0.4729	0.7034	0.3622	0.8824	17.0000	0.0813	1208.0000	125.0000	0.1035	1210.0000
680	0.8277	0.8113	0.4741	0.7019	0.3811	0.8859	17.1000	0.0652	1190.0000	126.0000	0.1059	1194.0000
681	0.8248	0.8002	0.4699	0.7190	0.3543	0.8941	17.1000	0.0714	1185.0000	118.0000	0.0996	1190.0000
682	0.8102	0.8076	0.4715	0.7238	0.3666	0.8952	17.2000	0.0677	1202.0000	119.0000	0.0990	1204.0000
683	0.8181	0.8080	0.4772	0.7391	0.3707	0.8868	17.1000	0.0679	1210.0000	122.0000	0.1008	1218.0000
684	0.8174	0.8117	0.4738	0.7228	0.3775	0.8883	17.2000	0.0789	1189.0000	120.0000	0.1009	1196.0000
685	0.8216	0.8080	0.4706	0.7078	0.3472	0.8854	17.1000	0.0494	1190.0000	123.0000	0.1034	1192.0000
686	0.8319	0.8059	0.4760	0.7188	0.3673	0.8832	17.0000	0.0688	1227.0000	128.0000	0.1043	1229.0000
687	0.8211	0.8096	0.4693	0.7382	0.3656	0.8885	17.1000	0.0648	1199.0000	123.0000	0.1026	1201.0000
688	0.8242	0.8088	0.4824	0.7311	0.3567	0.8767	17.1000	0.0687	1215.0000	122.0000	0.1004	1220.0000
689	0.8048	0.8109	0.4752	0.7348	0.3726	0.8721	17.2000	0.0704	1230.0000	127.0000	0.1033	1236.0000
690	0.8155	0.8101	0.4698	0.7062	0.3630	0.8883	17.1000	0.0690	1206.0000	123.0000	0.1020	1209.0000
691	0.8392	0.8059	0.4759	0.7098	0.3689	0.8932	17.2000	0.0610	1187.0000	119.0000	0.1003	1190.0000
692	0.8092	0.8068	0.4758	0.7142	0.3528	0.8835	17.2000	0.0755	1201.0000	124.0000	0.1032	1203.0000
693	0.8286	0.8018	0.4661	0.7243	0.3713	0.8900	17.0000	0.0685	1204.0000	120.0000	0.0997	1213.0000
694	0.8501	0.8076	0.4706	0.7310	0.3677	0.8823	17.2000	0.0608	1158.0000	126.0000	0.1088	1160.0000
695	0.8342	0.8117	0.4791	0.7009	0.3628	0.8787	17.1000	0.0710	1239.0000	131.0000	0.1057	1244.0000
696	0.8186	0.8154	0.4813	0.7055	0.3689	0.8852	17.1000	0.0641	1232.0000	126.0000	0.1023	1239.0000
697	0.7988	0.8051	0.4715	0.7143	0.3597	0.8760	17.2000	0.0783	1213.0000	126.0000	0.1039	1231.0000
698	0.8300	0.8063	0.4780	0.7229	0.3887	0.8885	17.2000	0.0544	1173.0000	120.0000	0.1023	1189.0000
699	0.8130	0.8121	0.4722	0.7146	0.3655	0.8809	17.2000	0.0781	1145.0000	126.0000	0.1100	1152.0000
700	0.8275	0.8088	0.4717	0.7523	0.3839	0.8935	17.2000	0.0685	1160.0000	109.0000	0.0940	1162.0000
701	0.8423	0.8039	0.4735	0.7042	0.3688	0.8791	17.1000	0.0699	1232.0000	129.0000	0.1047	1234.0000
702	0.8363	0.8022	0.4719	0.7034	0.3561	0.8849	17.1000	0.0652	1208.0000	129.0000	0.1068	1212.0000
703	0.8187	0.8125	0.4818	0.7218	0.3711	0.8794	17.1000	0.0678	1190.0000	120.0000	0.1008	1192.0000
704	0.8238	0.8113	0.4772	0.7501	0.3836	0.8848	17.2000	0.0762	1148.0000	119.0000	0.1037	1158.0000
705	0.8431	0.8109	0.4730	0.7619	0.3736	0.8908	17.1000	0.0599	1162.0000	114.0000	0.0981	1170.0000
706	0.8259	0.8133	0.4836	0.7331	0.3698	0.8841	17.1000	0.0518	1205.0000	125.0000	0.1037	1210.0000
707	0.8118	0.8088	0.4726	0.7026	0.3538	0.8785	17.0000	0.0775	1187.0000	125.0000	0.1053	1190.0000
708	0.8003	0.8113	0.4753	0.7195	0.3602	0.8839	17.2000	0.0697	1188.0000	126.0000	0.1061	1193.0000
709	0.8349	0.8105	0.4743	0.7120	0.3674	0.8772	17.1000	0.0701	1178.0000	124.0000	0.1053	1187.0000
710	0.8111	0.8150	0.4770	0.7331	0.3854	0.8972	17.0000	0.0620	1225.0000	121.0000	0.0988	1227.0000
711	0.8118	0.8063	0.4710	0.7033	0.3582	0.8784	17.0000	0.0745	1177.0000	129.0000	0.1096	1182.0000
712	0.8103	0.8055	0.4745	0.7128	0.3600	0.8791	17.2000	0.0754	1187.0000	124.0000	0.1045	1189.0000
713	0.8166	0.8105	0.4751	0.7281	0.3663	0.8842	17.1000	0.0638	1229.0000	120.0000	0.0976	1237.0000
714	0.7994	0.8022	0.4731	0.7066	0.3523	0.8835	17.2000	0.0806	1204.0000	126.0000	0.1047	1213.0000
715	0.8244	0.8162	0.4776	0.7069	0.3557	0.8813	17.1000	0.0759	1228.0000	130.0000	0.1059	1233.0000
716	0.8253	0.8092	0.4804	0.7199	0.3559	0.8842	17.2000	0.0597	1216.0000	122.0000	0.1003	1230.0000
717	0.8034	0.8113	0.4763	0.7512	0.3554	0.8861	17.0000	0.0765	1175.0000	119.0000	0.1013	1178.0000
718	0.8081	0.8113	0.4738	0.7043	0.3678	0.8817	17.1000	0.0724	1226.0000	126.0000	0.1028	1229.0000
719	0.8010	0.8101	0.4800	0.7345	0.3505	0.8883	17.2000	0.0799	1243.0000	115.0000	0.0925	1247.0000
720	0.8263	0.8068	0.4646	0.7201	0.3568	0.8816	17.2000	0.0644	1199.0000	126.0000	0.1051	1204.0000
721	0.8203	0.8084	0.4753	0.7278	0.3710	0.8863	17.2000	0.0565	1210.0000	117.0000	0.0967	1216.0000
722	0.8372	0.8084	0.4707	0.7320	0.3661	0.8732	17.1000	0.0497	1174.0000	120.0000	0.1022	1176.0000
723	0.8040	0.8059	0.4742	0.7247	0.2981	0.8688	17.1000	0.0815	1203.0000	123.0000	0.1022	1206.0000
724	0.8303	0.8010	0.4698	0.7289	0.3669	0.8824	17.1000	0.0713	1135.0000	115.0000	0.1013	1143.0000
725	0.8258	0.8018	0.4703	0.7226	0.3392	0.8784	17.2000	0.0528	1182.0000	126.0000	0.1066	1186.0000
726	0.8138	0.8072	0.4769	0.7080	0.3458	0.8757	17.2000	0.0695	1232.0000	133.0000	0.1080	1238.0000
727	0.8295	0.8026	0.4750	0.7191	0.3658	0.8834	17.1000	0.0650	1180.0000	124.0000	0.1051	1192.0000
728	0.8265	0.8039	0.4752	0.7023	0.3418	0.8812	17.2000	0.0621	1180.0000	128.0000	0.1085	1182.0000
729	0.8377	0.7981	0.4636	0.7562	0.3667	0.8941	17.0000	0.0645	1153.0000	108.0000	0.0937	1155.0000
730	0.8223	0.8171	0.4791	0.7042	0.3839	0.8844	17.1000	0.0855	1236.0000	130.0000	0.1052	1240.0000
731	0.8419	0.8030	0.4658	0.6941	0.3432	0.8804	17.2000	0.0579	1223.0000	133.0000	0.1087	1226.0000
732	0.8260	0.8146	0.4817	0.7016	0.3674	0.8888	17.1000	0.0684	1184.0000	127.0000	0.1073	1187.0000
733	0.8175	0.8022	0.4761	0.7475	0.3609	0.8829	17.1000	0.0669	1135.0000	121.0000	0.1066	1137.0000
734	0.8129	0.8076	0.4793	0.7243	0.3672	0.8769	17.2000	0.0803	1241.0000	129.0000	0.1039	1246.0000
735	0.8228	0.8063	0.4696	0.7171	0.3710	0.8860	17.2000	0.0782	1154.0000	114.0000	0.0988	1157.0000
736	0.8166	0.8092	0.4779	0.7225	0.3743	0.8838	17.1000	0.0599	1213.0000	124.0000	0.1022	1216.0000
737	0.8331	0.8010	0.4719	0.7208	0.3520	0.8887	17.2000	0.0660	1194.0000	117.0000	0.0980	1203.0000
738	0.8107	0.8080	0.4746	0.7034	0.3642	0.8904	17.1000	0.0650	1156.0000	122.0000	0.1055	1164.0000
739	0.8254	0.8039	0.4778	0.7396	0.3593	0.8862	17.1000	0.0592	1181.0000	120.0000	0.1016	1185.0000
740	0.8388	0.8043	0.4732	0.7132	0.3537	0.8876	17.1000	0.0559	1189.0000	127.0000	0.1068	1202.0000
741	0.8362	0.8059	0.4752	0.7187	0.3650	0.8949	17.0000	0.0645	1225.0000	114.0000	0.0931	1235.0000
742	0.8118	0.8204	0.4818	0.7435	0.3818	0.8925	17.1000	0.0770	1163.0000	112.0000	0.0963	1179.0000
743	0.8209	0.8088	0.4741	0.7446	0.3777	0.8863	17.1000	0.0680	1210.0000	119.0000	0.0983	1212.0000
744	0.8405	0.8063	0.4769	0.7067	0.3789	0.8931	17.2000	0.0659	1221.0000	121.0000	0.0991	1223.0000
745	0.8193	0.8072	0.4712	0.7266	0.3834	0.8939	17.0000	0.0607	1164.0000	116.0000	0.0997	1166.0000
746	0.8394	0.8047	0.4740	0.6871	0.3476	0.8806	17.1000	0.0589	1184.0000	129.0000	0.1090	1186.0000
747	0.8125	0.8026	0.4719	0.7139	0.3541	0.8786	17.2000	0.0782	1209.0000	128.0000	0.1059	1219.0000
748	0.8270	0.8084	0.4751	0.7223	0.3683	0.8788	17.1000	0.0775	1171.0000	127.0000	0.1085	1173.0000
749	0.8302	0.8171	0.4793	0.7176	0.3639	0.8900	17.1000	0.0616	1236.0000	124.0000	0.1003	1239.0000
750	0.8295	0.8072	0.4747	0.7193	0.3561	0.8800	17.0000	0.0711	1179.0000	129.0000	0.1094	1182.0000
751	0.8206	0.8051	0.4744	0.7187	0.3753	0.8781	17.1000	0.0675	1213.0000	124.0000	0.1022	1215.0000
752	0.8417	0.8072	0.4708	0.7273	0.3600	0.8942	17.1000	0.0653	1215.0000	123.0000	0.1012	1221.0000
753	0.8393	0.8080	0.4778	0.7249	0.3551	0.8771	17.1000	0.0597	1197.0000	122.0000	0.1019	1201.0000
754	0.8072	0.8125	0.4801	0.7245	0.3635	0.8773	17.2000	0.0781	1221.0000	128.0000	0.1048	1235.0000
755	0.8405	0.8059	0.4718	0.6963	0.3681	0.8915	17.1000	0.0682	1226.0000	124.0000	0.1011	1231.0000
756	0.8142	0.8051	0.4734	0.7432	0.3616	0.8869	17.2000	0.0751	1190.0000	111.0000	0.0933	1195.0000
757	0.8295	0.8199	0.4819	0.7096	0.3683	0.8733	17.1000	0.0637	1196.0000	130.0000	0.1087	1205.0000
758	0.8196	0.8088	0.4689	0.7345	0.3830	0.8994	17.0000	0.0617	1192.0000	117.0000	0.0982	1194.0000
759	0.7837	0.8084	0.4812	0.7124	0.3219	0.8782	17.1000	0.0874	1212.0000	124.0000	0.1023	1224.0000
760	0.8163	0.8162	0.4748	0.7239	0.3777	0.8852	17.2000	0.0734	1186.0000	119.0000	0.1003	1195.0000
761	0.8138	0.8101	0.4743	0.7400	0.3698	0.8883	17.1000	0.0658	1211.0000	118.0000	0.0974	1216.0000
762	0.8110	0.8171	0.4793	0.7355	0.3460	0.8770	17.0000	0.0676	1185.0000	122.0000	0.1030	1189.0000
763	0.8286	0.8133	0.4745	0.7207	0.3740	0.8827	17.2000	0.0634	1200.0000	127.0000	0.1058	1207.0000
764	0.8049	0.8125	0.4768	0.7190	0.3791	0.8808	17.1000	0.0768	1202.0000	126.0000	0.1048	1204.0000
765	0.8205	0.8092	0.4759	0.7153	0.3675	0.8824	17.1000	0.0701	1217.0000	126.0000	0.1035	1220.0000
766	0.8147	0.8063	0.4692	0.7479	0.3863	0.8900	17.2000	0.0671	1140.0000	117.0000	0.1026	1149.0000
767	0.8169	0.8063	0.4688	0.7084	0.3550	0.8818	17.1000	0.0697	1221.0000	126.0000	0.1032	1234.0000
768	0.8130	0.8121	0.4829	0.7329	0.3563	0.8853	17.1000	0.0637	1213.0000	122.0000	0.1006	1217.0000
769	0.8146	0.8030	0.4711	0.7202	0.3588	0.8875	17.1000	0.0629	1170.0000	119.0000	0.1017	1186.0000
770	0.8204	0.8022	0.4686	0.7344	0.3643	0.8809	17.0000	0.0916	1153.0000	116.0000	0.1006	1155.0000
771	0.8205	0.8121	0.4776	0.7331	0.3675	0.8860	17.1000	0.0585	1218.0000	127.0000	0.1043	1223.0000
772	0.8113	0.8051	0.4743	0.7043	0.3536	0.8818	17.1000	0.0697	1180.0000	123.0000	0.1042	1188.0000
773	0.8201	0.8072	0.4787	0.7218	0.3676	0.8921	17.2000	0.0704	1194.0000	118.0000	0.0988	1197.0000
774	0.8247	0.8092	0.4760	0.6992	0.3706	0.8734	17.2000	0.0736	1226.0000	129.0000	0.1052	1230.0000
775	0.8256	0.8018	0.4759	0.7178	0.3556	0.8890	17.2000	0.0542	1199.0000	122.0000	0.1018	1201.0000
776	0.8183	0.8051	0.4729	0.7081	0.3699	0.8869	17.1000	0.0828	1188.0000	126.0000	0.1061	1192.0000
777	0.8049	0.8010	0.4715	0.7020	0.3398	0.8815	17.0000	0.0733	1200.0000	127.0000	0.1058	1205.0000
778	0.8237	0.8105	0.4714	0.7080	0.3629	0.8731	17.1000	0.0862	1176.0000	130.0000	0.1105	1187.0000
779	0.8068	0.8043	0.4799	0.7252	0.3833	0.8917	17.1000	0.0753	1211.0000	119.0000	0.0983	1216.0000
780	0.8147	0.7989	0.4658	0.7234	0.3691	0.8906	17.0000	0.0762	1193.0000	122.0000	0.1023	1196.0000
781	0.8126	0.8076	0.4709	0.7014	0.3534	0.8898	17.0000	0.0614	1196.0000	123.0000	0.1028	1198.0000
782	0.8072	0.8096	0.4804	0.7169	0.3879	0.8848	17.1000	0.0653	1179.0000	125.0000	0.1060	1182.0000
783	0.8209	0.8117	0.4800	0.7207	0.3749	0.8890	17.1000	0.0658	1206.0000	125.0000	0.1036	1211.0000
784	0.8252	0.8092	0.4761	0.7357	0.3648	0.8904	17.0000	0.0699	1191.0000	119.0000	0.0999	1198.0000
785	0.8516	0.8080	0.4803	0.7133	0.3630	0.8878	17.0000	0.0604	1243.0000	126.0000	0.1014	1246.0000
786	0.8240	0.8039	0.4767	0.7322	0.3548	0.8877	17.1000	0.0703	1184.0000	118.0000	0.0997	1186.0000
787	0.8448	0.8022	0.4669	0.7096	0.3739	0.8972	17.2000	0.0648	1169.0000	116.0000	0.0992	1171.0000
788	0.8320	0.8055	0.4728	0.7030	0.3555	0.8811	17.1000	0.0642	1205.0000	129.0000	0.1071	1209.0000
789	0.8191	0.8101	0.4725	0.7202	0.3832	0.8889	17.0000	0.0635	1247.0000	122.0000	0.0978	1249.0000
790	0.8315	0.8080	0.4759	0.7228	0.3884	0.8824	17.0000	0.0755	1189.0000	123.0000	0.1034	1203.0000
791	0.8130	0.8096	0.4746	0.7398	0.3112	0.8828	17.2000	0.0770	1182.0000	121.0000	0.1024	1187.0000
792	0.8151	0.8146	0.4747	0.6856	0.3619	0.8830	17.1000	0.0696	1250.0000	134.0000	0.1072	1254.0000
793	0.8215	0.8154	0.4755	0.7180	0.3634	0.8822	16.9000	0.0653	1250.0000	132.0000	0.1056	1252.0000
794	0.8242	0.8101	0.4753	0.7283	0.3767	0.8900	17.1000	0.0653	1193.0000	119.0000	0.0997	1198.0000
795	0.8156	0.8055	0.4706	0.7215	0.3560	0.8881	17.1000	0.0725	1199.0000	119.0000	0.0992	1203.0000
796	0.8120	0.8109	0.4735	0.7274	0.3630	0.8902	17.2000	0.0712	1205.0000	125.0000	0.1037	1207.0000
797	0.7823	0.8150	0.4795	0.7341	0.3857	0.8890	17.1000	0.0741	1198.0000	121.0000	0.1010	1216.0000
798	0.8351	0.8117	0.4785	0.7167	0.3675	0.8845	17.1000	0.0651	1189.0000	123.0000	0.1034	1194.0000
799	0.8313	0.8010	0.4704	0.7057	0.3594	0.8880	17.1000	0.0725	1199.0000	125.0000	0.1043	1208.0000
800	0.8326	0.8080	0.4701	0.7285	0.3651	0.8937	17.1000	0.0664	1184.0000	118.0000	0.0997	1188.0000
801	0.8179	0.8026	0.4751	0.7022	0.3503	0.8776	17.1000	0.0820	1230.0000	129.0000	0.1049	1232.0000
802	0.8289	0.8026	0.4695	0.6980	0.3537	0.8762	17.0000	0.0748	1205.0000	133.0000	0.1104	1208.0000
803	0.8321	0.8076	0.4696	0.7288	0.3522	0.8916	17.2000	0.0682	1211.0000	126.0000	0.1040	1215.0000
804	0.8251	0.8133	0.4776	0.7100	0.3592	0.8852	17.1000	0.0740	1200.0000	123.0000	0.1025	1205.0000
805	0.8295	0.8068	0.4732	0.7125	0.3768	0.8971	17.0000	0.0664	1222.0000	116.0000	0.0949	1225.0000
806	0.8276	0.8076	0.4725	0.7188	0.3686	0.8951	17.2000	0.0734	1187.0000	116.0000	0.0977	1189.0000
807	0.8212	0.8092	0.4725	0.6943	0.3517	0.8778	17.0000	0.0850	1210.0000	132.0000	0.1091	1214.0000
808	0.8188	0.8080	0.4741	0.7135	0.3634	0.8876	17.0000	0.0612	1204.0000	119.0000	0.0988	1211.0000
809	0.8226	0.8117	0.4795	0.7339	0.3705	0.8707	17.2000	0.0685	1188.0000	128.0000	0.1077	1198.0000
810	0.8260	0.8080	0.4726	0.7159	0.3766	0.8925	17.1000	0.0685	1238.0000	119.0000	0.0961	1240.0000
811	0.8379	0.8133	0.4757	0.7127	0.3685	0.8945	16.9000	0.0610	1242.0000	124.0000	0.0998	1245.0000
812	0.8175	0.8043	0.4686	0.7282	0.3566	0.8709	17.1000	0.0796	1158.0000	123.0000	0.1062	1162.0000
813	0.8350	0.8018	0.4720	0.7138	0.3565	0.8779	17.0000	0.0774	1190.0000	132.0000	0.1109	1197.0000
814	0.8385	0.8113	0.4800	0.7379	0.3605	0.8958	17.0000	0.0514	1196.0000	118.0000	0.0987	1204.0000
815	0.8278	0.8125	0.4778	0.7310	0.3919	0.8964	17.2000	0.0620	1206.0000	115.0000	0.0954	1209.0000
816	0.8219	0.8039	0.4672	0.7371	0.3557	0.8889	17.1000	0.0763	1212.0000	123.0000	0.1015	1216.0000
817	0.8253	0.8138	0.4765	0.7208	0.3664	0.8843	17.1000	0.0557	1231.0000	119.0000	0.0967	1233.0000
818	0.8376	0.8117	0.4762	0.7288	0.3658	0.8925	17.1000	0.0577	1207.0000	120.0000	0.0994	1219.0000
819	0.8089	0.8101	0.4755	0.7105	0.3656	0.8847	17.2000	0.0708	1210.0000	127.0000	0.1050	1213.0000
820	0.8284	0.8051	0.4699	0.7222	0.3669	0.8871	17.1000	0.0626	1238.0000	126.0000	0.1018	1241.0000
821	0.8127	0.8121	0.4761	0.7325	0.3606	0.8892	17.2000	0.0629	1187.0000	119.0000	0.1003	1197.0000
822	0.8208	0.8146	0.4793	0.6904	0.3653	0.8900	17.2000	0.0684	1227.0000	133.0000	0.1084	1229.0000
823	0.8187	0.8096	0.4812	0.7142	0.3766	0.8847	17.2000	0.0720	1217.0000	131.0000	0.1076	1225.0000
824	0.8223	0.8146	0.4756	0.7303	0.3211	0.8990	17.1000	0.0572	1211.0000	122.0000	0.1007	1221.0000
825	0.8140	0.8121	0.4753	0.7348	0.3861	0.8882	17.2000	0.0710	1211.0000	121.0000	0.0999	1213.0000
826	0.8384	0.8018	0.4736	0.7137	0.3568	0.8868	17.2000	0.0568	1220.0000	122.0000	0.1000	1222.0000
827	0.8335	0.8002	0.4684	0.7076	0.3550	0.8869	17.2000	0.0841	1192.0000	124.0000	0.1040	1194.0000
828	0.7980	0.8096	0.4736	0.7129	0.3560	0.8847	17.1000	0.0765	1177.0000	119.0000	0.1011	1182.0000
829	0.7959	0.8109	0.4721	0.7137	0.3661	0.8851	17.2000	0.0801	1219.0000	123.0000	0.1009	1225.0000
830	0.8115	0.8129	0.4809	0.7033	0.3821	0.8819	17.1000	0.0832	1258.0000	129.0000	0.1025	1262.0000
831	0.8055	0.8035	0.4713	0.7033	0.3500	0.8832	17.2000	0.0848	1216.0000	124.0000	0.1020	1219.0000
832	0.8072	0.8072	0.4702	0.7121	0.3588	0.8847	17.2000	0.0818	1228.0000	130.0000	0.1059	1233.0000
833	0.8103	0.8076	0.4749	0.7418	0.3740	0.8831	17.1000	0.0847	1196.0000	119.0000	0.0995	1201.0000
834	0.8226	0.8113	0.4762	0.7253	0.3653	0.8792	17.1000	0.0674	1189.0000	126.0000	0.1060	1197.0000
835	0.8160	0.8101	0.4754	0.7420	0.3669	0.8893	17.0000	0.0689	1177.0000	123.0000	0.1045	1183.0000
836	0.8047	0.8076	0.4730	0.7366	0.3710	0.8830	17.2000	0.0873	1206.0000	118.0000	0.0978	1221.0000
837	0.8289	0.8026	0.4748	0.7244	0.3535	0.8743	17.2000	0.0694	1209.0000	131.0000	0.1084	1216.0000
838	0.8189	0.8129	0.4816	0.7201	0.3671	0.8894	17.1000	0.0670	1213.0000	122.0000	0.1006	1226.0000
839	0.8198	0.8113	0.4809	0.6849	0.3621	0.8863	17.2000	0.0705	1230.0000	124.0000	0.1008	1240.0000
840	0.8430	0.8010	0.4746	0.7258	0.3487	0.8844	17.2000	0.0636	1198.0000	122.0000	0.1018	1200.0000
841	0.8313	0.8068	0.4768	0.7118	0.3564	0.8714	17.1000	0.0670	1161.0000	129.0000	0.1111	1167.0000
842	0.8265	0.8068	0.4757	0.7246	0.3538	0.8880	17.2000	0.0612	1210.0000	124.0000	0.1025	1216.0000
843	0.8270	0.8039	0.4709	0.7303	0.3484	0.8899	17.2000	0.0655	1193.0000	115.0000	0.0964	1198.0000
844	0.8070	0.8121	0.4781	0.7173	0.3730	0.8848	17.2000	0.0843	1213.0000	130.0000	0.1072	1216.0000
845	0.8076	0.8092	0.4736	0.7128	0.3580	0.8948	17.2000	0.0633	1195.0000	121.0000	0.1013	1198.0000
846	0.8165	0.8076	0.4671	0.7325	0.3538	0.8862	17.0000	0.0692	1191.0000	120.0000	0.1008	1201.0000
847	0.7934	0.8088	0.4781	0.7237	0.3663	0.8807	17.1000	0.0878	1208.0000	123.0000	0.1018	1218.0000
848	0.8326	0.8080	0.4734	0.7108	0.3621	0.8872	17.2000	0.0684	1217.0000	126.0000	0.1035	1223.0000
849	0.8359	0.8030	0.4713	0.7244	0.3539	0.8922	17.2000	0.0689	1169.0000	116.0000	0.0992	1174.0000
850	0.8105	0.8043	0.4742	0.7184	0.3624	0.8912	17.2000	0.0832	1191.0000	120.0000	0.1008	1202.0000
851	0.8214	0.8043	0.4691	0.7167	0.3573	0.8817	17.2000	0.0709	1219.0000	122.0000	0.1001	1229.0000
852	0.8327	0.8084	0.4746	0.7388	0.3782	0.8887	17.1000	0.0585	1166.0000	119.0000	0.1021	1172.0000
853	0.8360	0.8047	0.4699	0.7309	0.3547	0.8783	17.1000	0.0736	1174.0000	129.0000	0.1099	1176.0000
854	0.8065	0.8117	0.4774	0.7253	0.3749	0.8833	17.1000	0.0664	1178.0000	127.0000	0.1078	1180.0000
855	0.8105	0.8113	0.4763	0.7262	0.3557	0.8890	17.1000	0.0617	1193.0000	120.0000	0.1006	1198.0000
856	0.8332	0.8080	0.4753	0.7221	0.3565	0.8747	17.1000	0.0742	1199.0000	128.0000	0.1068	1203.0000
857	0.8351	0.8113	0.4732	0.7248	0.3710	0.8855	17.2000	0.0635	1198.0000	121.0000	0.1010	1202.0000
858	0.8395	0.8055	0.4713	0.7141	0.3627	0.8884	17.2000	0.0540	1206.0000	123.0000	0.1020	1209.0000
859	0.8454	0.8051	0.4771	0.7087	0.3508	0.8833	17.2000	0.0563	1263.0000	132.0000	0.1045	1268.0000
860	0.8361	0.8059	0.4744	0.7383	0.3754	0.8920	17.2000	0.0670	1181.0000	117.0000	0.0991	1184.0000
861	0.8174	0.8018	0.4696	0.7228	0.3570	0.8874	17.0000	0.0832	1177.0000	125.0000	0.1062	1186.0000
862	0.8122	0.8084	0.4740	0.7228	0.3615	0.8829	17.0000	0.0754	1183.0000	128.0000	0.1082	1190.0000
863	0.8327	0.8068	0.4727	0.7304	0.3708	0.8880	17.2000	0.0617	1213.0000	118.0000	0.0973	1220.0000
864	0.8199	0.8014	0.4719	0.6851	0.3420	0.8847	17.1000	0.0669	1190.0000	127.0000	0.1067	1194.0000
865	0.8271	0.8101	0.4759	0.7213	0.3676	0.8849	17.2000	0.0633	1259.0000	129.0000	0.1025	1266.0000
866	0.8067	0.8076	0.4795	0.7172	0.3767	0.8859	17.0000	0.0774	1224.0000	121.0000	0.0989	1232.0000
867	0.8279	0.8092	0.4749	0.6978	0.3586	0.8782	17.1000	0.0738	1209.0000	133.0000	0.1100	1211.0000
868	0.8252	0.8068	0.4737	0.7118	0.3755	0.8835	17.1000	0.0701	1201.0000	123.0000	0.1024	1204.0000
869	0.8311	0.8088	0.4774	0.6987	0.3515	0.8763	17.2000	0.0655	1209.0000	127.0000	0.1050	1214.0000
870	0.8193	0.8092	0.4748	0.6995	0.3677	0.8809	17.2000	0.0793	1178.0000	125.0000	0.1061	1193.0000
871	0.8131	0.8022	0.4736	0.7109	0.3691	0.8813	17.1000	0.0884	1206.0000	123.0000	0.1020	1210.0000
872	0.8274	0.8092	0.4663	0.7108	0.3718	0.8788	17.0000	0.0707	1229.0000	128.0000	0.1041	1239.0000
873	0.8187	0.8138	0.4749	0.7282	0.3793	0.8776	17.2000	0.0814	1176.0000	128.0000	0.1088	1179.0000
874	0.8233	0.8117	0.4757	0.7143	0.3709	0.8902	17.1000	0.0677	1213.0000	121.0000	0.0998	1217.0000
875	0.8103	0.8092	0.4757	0.7297	0.3691	0.8949	17.0000	0.0663	1173.0000	115.0000	0.0980	1182.0000
876	0.8296	0.8080	0.4760	0.7203	0.3764	0.8813	17.2000	0.0582	1183.0000	125.0000	0.1057	1185.0000
877	0.8230	0.8101	0.4766	0.7100	0.3843	0.8824	17.2000	0.0927	1190.0000	127.0000	0.1067	1207.0000
878	0.7940	0.8105	0.4749	0.7224	0.3175	0.8769	17.2000	0.0604	1193.0000	121.0000	0.1014	1195.0000
879	0.8050	0.8146	0.4794	0.7049	0.3500	0.8856	17.1000	0.0726	1218.0000	129.0000	0.1059	1221.0000
880	0.8308	0.8105	0.4777	0.7280	0.3545	0.8844	17.1000	0.0628	1216.0000	123.0000	0.1012	1219.0000
881	0.8388	0.8125	0.4746	0.7287	0.3754	0.8912	17.2000	0.0697	1205.0000	119.0000	0.0988	1209.0000
882	0.7896	0.8047	0.4724	0.7159	0.3517	0.8816	17.1000	0.0705	1222.0000	124.0000	0.1015	1225.0000
883	0.8211	0.8162	0.4797	0.7136	0.3813	0.8884	17.0000	0.0585	1250.0000	123.0000	0.0984	1253.0000
884	0.8120	0.8014	0.4687	0.7556	0.3902	0.8977	17.1000	0.0711	1198.0000	111.0000	0.0927	1207.0000
885	0.8189	0.8035	0.4746	0.6996	0.3299	0.8841	17.1000	0.0691	1187.0000	129.0000	0.1087	1192.0000
886	0.8068	0.8072	0.4763	0.7346	0.3468	0.8761	17.1000	0.0886	1173.0000	126.0000	0.1074	1180.0000
887	0.8229	0.8096	0.4764	0.7453	0.3700	0.8881	17.1000	0.0567	1161.0000	117.0000	0.1008	1164.0000
888	0.8340	0.8076	0.4720	0.7263	0.3596	0.8870	17.2000	0.0734	1193.0000	126.0000	0.1056	1201.0000
889	0.8077	0.8072	0.4723	0.7442	0.3828	0.8927	17.1000	0.0771	1196.0000	119.0000	0.0995	1202.0000
890	0.8095	0.8080	0.4721	0.7110	0.3689	0.8739	16.9000	0.0872	1220.0000	129.0000	0.1057	1226.0000
891	0.8441	0.8092	0.4734	0.7246	0.3784	0.8912	17.1000	0.0648	1185.0000	122.0000	0.1030	1188.0000
892	0.8235	0.8117	0.4797	0.7178	0.3741	0.8887	17.2000	0.0693	1185.0000	122.0000	0.1030	1195.0000
893	0.8391	0.8084	0.4712	0.7250	0.3802	0.8973	17.1000	0.0583	1181.0000	119.0000	0.1008	1186.0000
894	0.8302	0.8076	0.4758	0.7100	0.3501	0.8758	17.1000	0.0697	1179.0000	129.0000	0.1094	1183.0000
895	0.8188	0.8043	0.4705	0.7078	0.3704	0.8891	16.9000	0.0695	1220.0000	122.0000	0.1000	1228.0000
896	0.8289	0.8166	0.4766	0.7272	0.3929	0.8908	17.2000	0.0688	1152.0000	117.0000	0.1016	1160.0000
897	0.8334	0.8084	0.4762	0.7100	0.3633	0.8916	17.1000	0.0647	1223.0000	124.0000	0.1014	1228.0000
898	0.8179	0.8068	0.4738	0.7191	0.3761	0.8863	17.1000	0.0711	1179.0000	121.0000	0.1026	1191.0000
899	0.8201	0.8096	0.4768	0.7196	0.3750	0.8820	17.1000	0.0618	1189.0000	125.0000	0.1051	1195.0000
900	0.8266	0.8138	0.4753	0.7077	0.3633	0.8885	17.1000	0.0563	1172.0000	124.0000	0.1058	1178.0000
901	0.8267	0.7998	0.4718	0.7258	0.3547	0.8918	17.1000	0.0744	1167.0000	120.0000	0.1028	1172.0000
902	0.8308	0.8068	0.4738	0.6964	0.3108	0.8746	17.2000	0.0635	1165.0000	129.0000	0.1107	1168.0000
903	0.8283	0.8080	0.4716	0.7480	0.3620	0.8856	17.1000	0.0822	1144.0000	123.0000	0.1075	1150.0000
904	0.8369	0.8092	0.4767	0.7272	0.3559	0.8826	17.2000	0.0626	1217.0000	123.0000	0.1011	1219.0000
905	0.8272	0.8109	0.4749	0.7292	0.3708	0.8841	17.1000	0.0804	1177.0000	122.0000	0.1037	1191.0000
906	0.8355	0.8072	0.4725	0.7482	0.3604	0.8966	17.1000	0.0642	1194.0000	119.0000	0.0997	1196.0000
907	0.8277	0.8101	0.4753	0.7285	0.3493	0.8866	17.2000	0.0552	1216.0000	121.0000	0.0995	1218.0000
908	0.8090	0.8076	0.4782	0.7185	0.3710	0.8762	17.2000	0.0750	1230.0000	127.0000	0.1033	1232.0000
909	0.8047	0.8059	0.4684	0.6977	0.3533	0.8729	17.1000	0.0859	1206.0000	129.0000	0.1070	1215.0000
910	0.8358	0.8055	0.4723	0.7303	0.3635	0.8820	17.0000	0.0551	1145.0000	117.0000	0.1022	1152.0000
911	0.8178	0.8047	0.4725	0.7065	0.3070	0.8835	17.2000	0.0699	1199.0000	127.0000	0.1059	1201.0000
912	0.8361	0.8072	0.4741	0.7054	0.3605	0.8858	17.1000	0.0617	1199.0000	122.0000	0.1018	1201.0000
913	0.8220	0.8063	0.4753	0.7048	0.3263	0.8817	17.1000	0.0776	1154.0000	122.0000	0.1057	1161.0000
914	0.8295	0.8035	0.4741	0.7134	0.3689	0.8959	17.0000	0.0679	1214.0000	121.0000	0.0997	1219.0000
915	0.8177	0.8142	0.4712	0.7120	0.3541	0.8767	17.1000	0.0834	1183.0000	132.0000	0.1116	1190.0000
916	0.7999	0.8072	0.4784	0.7268	0.3659	0.8879	17.1000	0.0562	1235.0000	119.0000	0.0964	1243.0000
917	0.8126	0.8051	0.4754	0.7335	0.3558	0.8753	17.1000	0.0737	1205.0000	130.0000	0.1079	1207.0000
918	0.8181	0.8076	0.4781	0.7133	0.3527	0.8783	17.2000	0.0702	1222.0000	131.0000	0.1072	1227.0000
919	0.8007	0.8109	0.4799	0.7147	0.3790	0.8879	17.1000	0.0696	1197.0000	123.0000	0.1028	1202.0000
920	0.8210	0.8129	0.4763	0.7168	0.3599	0.8873	17.2000	0.0654	1238.0000	127.0000	0.1026	1240.0000
921	0.8241	0.8072	0.4702	0.7015	0.3366	0.8777	17.2000	0.0770	1194.0000	133.0000	0.1114	1196.0000
922	0.8071	0.8129	0.4737	0.7151	0.3604	0.8859	17.1000	0.0704	1203.0000	124.0000	0.1031	1205.0000
923	0.8011	0.8076	0.4735	0.7453	0.3674	0.8837	17.1000	0.0810	1197.0000	128.0000	0.1069	1207.0000
924	0.8234	0.8105	0.4734	0.7266	0.3643	0.8815	17.2000	0.0553	1190.0000	123.0000	0.1034	1211.0000
925	0.8100	0.8059	0.4794	0.7294	0.3758	0.8818	17.2000	0.0741	1192.0000	120.0000	0.1007	1210.0000
926	0.8285	0.8084	0.4725	0.7523	0.3633	0.8864	17.2000	0.0700	1158.0000	123.0000	0.1062	1160.0000
927	0.8247	0.8047	0.4745	0.7117	0.3395	0.8893	17.2000	0.0650	1196.0000	117.0000	0.0978	1199.0000
928	0.7938	0.8138	0.4799	0.7183	0.3710	0.8829	17.1000	0.0640	1248.0000	125.0000	0.1002	1250.0000
929	0.8228	0.8063	0.4751	0.7228	0.3655	0.8933	17.1000	0.0635	1235.0000	116.0000	0.0939	1240.0000
930	0.8123	0.8092	0.4733	0.7241	0.3692	0.8939	17.0000	0.0725	1219.0000	123.0000	0.1009	1221.0000
931	0.8142	0.8199	0.4792	0.7153	0.3711	0.8909	17.2000	0.0611	1228.0000	124.0000	0.1010	1230.0000
932	0.8312	0.8063	0.4790	0.7252	0.3699	0.8800	17.1000	0.0739	1195.0000	127.0000	0.1063	1197.0000
933	0.8227	0.8076	0.4742	0.7164	0.3585	0.8763	17.2000	0.0725	1193.0000	123.0000	0.1031	1196.0000
934	0.8288	0.8109	0.4736	0.7357	0.3726	0.8874	17.0000	0.0652	1193.0000	120.0000	0.1006	1200.0000
935	0.8169	0.8063	0.4789	0.7086	0.3564	0.8817	17.1000	0.0665	1189.0000	127.0000	0.1068	1194.0000
936	0.8353	0.8080	0.4779	0.6997	0.3589	0.8797	17.2000	0.0622	1212.0000	134.0000	0.1106	1221.0000
937	0.8257	0.8051	0.4760	0.7248	0.3707	0.8911	16.9000	0.0719	1219.0000	122.0000	0.1001	1224.0000
938	0.8188	0.8096	0.4766	0.7025	0.3613	0.8859	17.2000	0.0697	1161.0000	119.0000	0.1025	1170.0000
939	0.8354	0.8068	0.4795	0.7260	0.3738	0.8909	17.0000	0.0538	1218.0000	117.0000	0.0961	1225.0000
940	0.8320	0.8068	0.4706	0.7243	0.3689	0.8857	17.2000	0.0706	1165.0000	117.0000	0.1004	1167.0000
941	0.8184	0.8088	0.4767	0.7185	0.3527	0.8831	17.2000	0.0642	1237.0000	129.0000	0.1043	1245.0000
942	0.8172	0.8047	0.4731	0.7088	0.3707	0.8864	17.1000	0.0787	1170.0000	124.0000	0.1060	1177.0000
943	0.8088	0.8101	0.4712	0.7202	0.3571	0.8879	17.1000	0.0667	1210.0000	120.0000	0.0992	1212.0000
944	0.8433	0.7998	0.4697	0.7113	0.3506	0.8932	17.2000	0.0737	1161.0000	121.0000	0.1042	1168.0000
945	0.8426	0.8014	0.4727	0.7237	0.3821	0.8951	17.2000	0.0604	1204.0000	115.0000	0.0955	1214.0000
946	0.8218	0.8113	0.4715	0.7047	0.3691	0.8775	16.9000	0.0603	1242.0000	131.0000	0.1055	1245.0000
947	0.8110	0.8133	0.4755	0.7275	0.3608	0.8857	17.2000	0.0782	1202.0000	119.0000	0.0990	1206.0000
948	0.8117	0.8035	0.4707	0.7238	0.3736	0.8850	17.0000	0.0660	1195.0000	126.0000	0.1054	1199.0000
949	0.8080	0.8030	0.4735	0.7335	0.3355	0.8803	17.1000	0.0732	1171.0000	123.0000	0.1050	1173.0000
950	0.8218	0.8088	0.4778	0.6962	0.3692	0.8796	17.2000	0.0661	1236.0000	128.0000	0.1036	1242.0000
951	0.8087	0.8101	0.4777	0.7077	0.3730	0.8884	17.1000	0.0913	1198.0000	122.0000	0.1018	1203.0000
952	0.8190	0.8055	0.4746	0.7378	0.3568	0.8833	17.2000	0.0706	1160.0000	118.0000	0.1017	1164.0000
953	0.8317	0.8113	0.4808	0.7398	0.3823	0.8893	17.2000	0.0586	1224.0000	120.0000	0.0980	1226.0000
954	0.8073	0.8076	0.4740	0.7013	0.3500	0.8838	17.1000	0.0831	1220.0000	128.0000	0.1049	1222.0000
955	0.8179	0.8026	0.4703	0.7067	0.3435	0.8776	17.2000	0.0750	1212.0000	125.0000	0.1031	1217.0000
956	0.8316	0.8171	0.4822	0.7266	0.3715	0.8967	17.1000	0.0651	1224.0000	116.0000	0.0948	1240.0000
957	0.8228	0.8117	0.4750	0.7077	0.3784	0.8838	17.2000	0.0726	1206.0000	130.0000	0.1078	1213.0000
958	0.7722	0.8212	0.4839	0.7018	0.3646	0.8798	17.0000	0.0831	1246.0000	132.0000	0.1059	1250.0000
959	0.8152	0.8092	0.4715	0.7149	0.3648	0.8773	17.1000	0.0879	1153.0000	130.0000	0.1127	1158.0000
960	0.8109	0.8088	0.4725	0.7167	0.3820	0.8926	17.1000	0.0791	1193.0000	123.0000	0.1031	1197.0000
961	0.8242	0.8063	0.4727	0.7069	0.3791	0.8831	17.2000	0.0790	1230.0000	128.0000	0.1041	1239.0000
962	0.8396	0.8014	0.4753	0.7137	0.3727	0.8929	17.2000	0.0639	1216.0000	118.0000	0.0970	1221.0000
963	0.8165	0.8014	0.4756	0.7095	0.3588	0.8808	17.1000	0.0758	1201.0000	119.0000	0.0991	1209.0000
964	0.8362	0.8022	0.4776	0.7217	0.3609	0.8770	17.1000	0.0698	1194.0000	125.0000	0.1047	1202.0000
965	0.8160	0.8051	0.4696	0.7407	0.3245	0.8879	17.0000	0.0741	1146.0000	109.0000	0.0951	1153.0000
966	0.8276	0.8092	0.4770	0.7484	0.3817	0.8866	17.0000	0.0712	1138.0000	116.0000	0.1019	1150.0000
967	0.8272	0.8088	0.4769	0.7296	0.3779	0.8804	17.1000	0.0732	1142.0000	122.0000	0.1068	1144.0000
968	0.8070	0.8117	0.4813	0.7222	0.3819	0.8858	17.0000	0.0827	1207.0000	125.0000	0.1036	1216.0000
969	0.7997	0.8105	0.4803	0.6975	0.3265	0.8708	17.2000	0.0715	1221.0000	128.0000	0.1048	1225.0000
970	0.7970	0.8068	0.4739	0.7111	0.3712	0.8848	17.2000	0.0752	1191.0000	122.0000	0.1024	1203.0000
971	0.8293	0.8068	0.4712	0.7277	0.3686	0.8904	17.2000	0.0674	1162.0000	116.0000	0.0998	1165.0000
972	0.8305	0.8063	0.4638	0.7419	0.3690	0.8881	17.1000	0.0664	1175.0000	126.0000	0.1072	1177.0000
973	0.8403	0.8068	0.4776	0.7290	0.3638	0.8926	17.2000	0.0592	1172.0000	121.0000	0.1032	1176.0000
974	0.8094	0.8199	0.4816	0.7257	0.3506	0.8860	17.2000	0.0605	1226.0000	120.0000	0.0979	1229.0000
975	0.8274	0.8084	0.4783	0.7031	0.3786	0.8853	17.1000	0.0677	1177.0000	127.0000	0.1079	1189.0000
976	0.8203	0.8059	0.4723	0.7351	0.3703	0.8949	17.0000	0.0785	1156.0000	117.0000	0.1012	1159.0000
977	0.8112	0.8084	0.4782	0.7081	0.3614	0.8787	17.2000	0.0663	1227.0000	126.0000	0.1027	1234.0000
978	0.8002	0.8101	0.4814	0.7503	0.3646	0.8908	17.2000	0.0832	1176.0000	119.0000	0.1012	1190.0000
979	0.8319	0.8101	0.4714	0.6991	0.3538	0.8778	17.2000	0.0710	1219.0000	126.0000	0.1034	1224.0000
980	0.8205	0.8088	0.4760	0.7340	0.3857	0.8897	17.1000	0.0732	1227.0000	119.0000	0.0970	1233.0000
981	0.8313	0.7927	0.4594	0.7209	0.3394	0.8824	17.2000	0.0649	1151.0000	122.0000	0.1060	1153.0000
982	0.8058	0.8059	0.4647	0.7499	0.3141	0.8861	17.2000	0.0819	1169.0000	115.0000	0.0984	1184.0000
983	0.8129	0.8047	0.4699	0.7100	0.3553	0.8737	17.2000	0.0829	1160.0000	129.0000	0.1112	1162.0000
984	0.8176	0.8105	0.4700	0.7235	0.3764	0.8895	17.0000	0.0708	1182.0000	119.0000	0.1007	1184.0000
985	0.8219	0.8072	0.4743	0.7201	0.3701	0.8815	17.1000	0.0738	1200.0000	125.0000	0.1042	1204.0000
986	0.8158	0.8121	0.4824	0.7299	0.3745	0.8872	17.1000	0.0733	1198.0000	118.0000	0.0985	1206.0000
987	0.8134	0.8166	0.4797	0.7081	0.3908	0.8915	17.1000	0.0758	1259.0000	121.0000	0.0961	1268.0000
988	0.8045	0.8101	0.4812	0.7322	0.3844	0.8820	17.1000	0.0792	1157.0000	125.0000	0.1080	1162.0000
989	0.8297	0.8105	0.4791	0.7358	0.3523	0.8894	17.1000	0.0669	1191.0000	124.0000	0.1041	1194.0000
990	0.8231	0.8125	0.4804	0.7286	0.3889	0.8899	17.2000	0.0682	1219.0000	125.0000	0.1025	1223.0000
991	0.8282	0.8051	0.4745	0.7055	0.3743	0.8806	17.2000	0.0735	1208.0000	128.0000	0.1060	1217.0000
992	0.7926	0.8146	0.4775	0.7253	0.3628	0.8845	17.0000	0.0785	1237.0000	125.0000	0.1011	1244.0000
993	0.8256	0.8129	0.4830	0.7223	0.3705	0.8965	17.1000	0.0543	1207.0000	121.0000	0.1002	1211.0000
994	0.8091	0.8047	0.4759	0.7154	0.3614	0.8827	17.0000	0.0827	1177.0000	122.0000	0.1037	1184.0000
995	0.8398	0.8096	0.4795	0.7237	0.3896	0.8903	17.2000	0.0639	1148.0000	123.0000	0.1071	1150.0000
996	0.8280	0.8072	0.4812	0.7410	0.3712	0.8978	17.1000	0.0658	1201.0000	116.0000	0.0966	1204.0000
997	0.8081	0.8014	0.4709	0.7437	0.3379	0.8846	17.2000	0.0669	1192.0000	116.0000	0.0973	1196.0000
998	0.8094	0.8092	0.4711	0.7211	0.3618	0.8873	17.2000	0.0709	1181.0000	122.0000	0.1033	1183.0000
999	0.8180	0.8072	0.4724	0.7091	0.3778	0.8824	17.1000	0.0825	1195.0000	124.0000	0.1038	1199.0000
1000	0.8351	0.8059	0.4688	0.7025	0.3581	0.8810	17.2000	0.0696	1194.0000	122.0000	0.1022	1197.0000
