accuracy	proportion	density	fuzziness	coverage	purity	sounds	missing	ubound	clusters	props	patterns
1	0.7639	0.6539	0.3501	0.6726	0.2124	0.8638	17.1000	0.0758	1127.0000	135.0000	0.1198	1142.0000
2	0.7934	0.6300	0.3487	0.6963	0.1922	0.8749	17.0000	0.0703	998.0000	114.0000	0.1142	1019.0000
3	0.8112	0.6333	0.3610	0.7262	0.1975	0.8749	17.1000	0.0821	961.0000	105.0000	0.1093	988.0000
4	0.8016	0.6172	0.3479	0.7279	0.1809	0.8817	17.0000	0.0772	878.0000	99.0000	0.1128	900.0000
5	0.8211	0.6073	0.3431	0.7140	0.1795	0.8856	17.0000	0.0739	842.0000	93.0000	0.1105	872.0000
6	0.8015	0.6139	0.3591	0.7643	0.1838	0.8914	17.1000	0.0774	893.0000	89.0000	0.0997	911.0000
7	0.8232	0.6209	0.3609	0.7526	0.1830	0.8862	16.9000	0.0691	872.0000	93.0000	0.1067	878.0000
8	0.8067	0.6077	0.3455	0.7437	0.1852	0.8790	17.1000	0.0729	827.0000	92.0000	0.1112	845.0000
9	0.8240	0.6197	0.3584	0.7148	0.1854	0.8851	17.0000	0.0759	875.0000	92.0000	0.1051	891.0000
10	0.8307	0.6119	0.3527	0.7384	0.1805	0.8873	17.1000	0.0721	825.0000	91.0000	0.1103	841.0000
11	0.8257	0.6119	0.3470	0.7304	0.1762	0.8884	17.1000	0.0782	852.0000	92.0000	0.1080	871.0000
12	0.8166	0.6185	0.3580	0.7145	0.1799	0.8855	16.9000	0.0851	804.0000	91.0000	0.1132	828.0000
13	0.8214	0.6098	0.3552	0.7321	0.1829	0.8857	17.1000	0.0798	864.0000	91.0000	0.1053	887.0000
14	0.8476	0.6152	0.3575	0.7679	0.1878	0.9018	17.0000	0.0617	832.0000	82.0000	0.0986	887.0000
15	0.8295	0.6152	0.3601	0.7223	0.1879	0.8912	17.0000	0.0703	879.0000	93.0000	0.1058	887.0000
16	0.8205	0.6205	0.3576	0.7344	0.1851	0.8969	16.9000	0.0590	827.0000	84.0000	0.1016	865.0000
17	0.8089	0.6176	0.3594	0.7105	0.1838	0.8939	16.8000	0.0803	860.0000	89.0000	0.1035	899.0000
18	0.8202	0.6226	0.3670	0.7233	0.1929	0.8869	17.1000	0.0658	869.0000	94.0000	0.1082	884.0000
19	0.8395	0.6148	0.3550	0.7136	0.1875	0.8790	16.9000	0.0711	839.0000	96.0000	0.1144	857.0000
20	0.8275	0.6143	0.3520	0.8016	0.1857	0.9000	16.8000	0.0669	838.0000	75.0000	0.0895	853.0000
21	0.8268	0.6077	0.3341	0.7235	0.1752	0.8892	17.0000	0.0636	837.0000	86.0000	0.1027	859.0000
22	0.8260	0.6242	0.3687	0.7430	0.1912	0.8975	16.9000	0.0635	838.0000	85.0000	0.1014	873.0000
23	0.8260	0.6168	0.3508	0.7189	0.1823	0.8856	17.1000	0.0723	839.0000	90.0000	0.1073	852.0000
24	0.8213	0.6098	0.3525	0.7391	0.1826	0.8890	17.0000	0.0622	841.0000	85.0000	0.1011	879.0000
25	0.8339	0.6164	0.3570	0.7461	0.1792	0.8928	16.9000	0.0668	840.0000	89.0000	0.1060	872.0000
26	0.8342	0.6209	0.3640	0.7245	0.1856	0.8993	17.0000	0.0734	863.0000	85.0000	0.0985	884.0000
27	0.7981	0.6119	0.3518	0.7002	0.1835	0.8943	17.0000	0.0743	873.0000	88.0000	0.1008	903.0000
28	0.8265	0.6152	0.3579	0.7518	0.1825	0.8974	16.9000	0.0642	857.0000	81.0000	0.0945	890.0000
29	0.8426	0.6185	0.3591	0.7276	0.1791	0.8895	17.0000	0.0701	850.0000	86.0000	0.1012	877.0000
30	0.8372	0.6143	0.3487	0.7682	0.1858	0.8992	16.9000	0.0674	870.0000	81.0000	0.0931	887.0000
31	0.8448	0.6098	0.3465	0.7401	0.1813	0.8955	16.8000	0.0558	876.0000	82.0000	0.0936	883.0000
32	0.7828	0.6102	0.3533	0.6965	0.1883	0.8867	17.0000	0.0655	876.0000	94.0000	0.1073	891.0000
33	0.8317	0.6201	0.3549	0.7447	0.1844	0.8971	17.0000	0.0730	879.0000	88.0000	0.1001	899.0000
34	0.8280	0.6213	0.3687	0.7418	0.1866	0.8932	17.1000	0.0711	898.0000	85.0000	0.0947	907.0000
35	0.8253	0.6205	0.3584	0.7227	0.1865	0.8891	17.1000	0.0757	820.0000	90.0000	0.1098	861.0000
36	0.8164	0.6131	0.3511	0.7495	0.1786	0.8869	17.0000	0.0804	843.0000	88.0000	0.1044	869.0000
37	0.8150	0.6279	0.3643	0.7185	0.1858	0.8814	17.1000	0.0874	859.0000	97.0000	0.1129	886.0000
38	0.8141	0.6160	0.3622	0.7399	0.1866	0.8999	17.0000	0.0610	836.0000	83.0000	0.0993	842.0000
39	0.8474	0.6119	0.3458	0.7524	0.1840	0.9131	17.1000	0.0468	867.0000	75.0000	0.0865	872.0000
40	0.8451	0.6061	0.3493	0.7380	0.1760	0.8924	17.0000	0.0751	829.0000	84.0000	0.1013	854.0000
41	0.8465	0.6110	0.3543	0.7086	0.1782	0.8952	17.0000	0.0648	827.0000	90.0000	0.1088	858.0000
42	0.8387	0.6061	0.3399	0.7477	0.1775	0.8915	17.0000	0.0620	846.0000	82.0000	0.0969	873.0000
43	0.8180	0.6180	0.3547	0.7190	0.1873	0.8875	17.0000	0.0779	887.0000	92.0000	0.1037	903.0000
44	0.8145	0.6077	0.3472	0.7172	0.1808	0.8901	17.0000	0.0645	808.0000	88.0000	0.1089	835.0000
45	0.8322	0.6152	0.3492	0.7512	0.1776	0.9022	16.9000	0.0551	837.0000	83.0000	0.0992	845.0000
46	0.8215	0.6259	0.3590	0.7471	0.1888	0.9002	17.1000	0.0693	886.0000	84.0000	0.0948	905.0000
47	0.8302	0.6152	0.3500	0.7390	0.1814	0.8965	17.0000	0.0637	824.0000	84.0000	0.1019	837.0000
48	0.8222	0.6189	0.3490	0.7340	0.1846	0.8790	17.1000	0.0611	839.0000	94.0000	0.1120	882.0000
49	0.8183	0.6094	0.3479	0.7551	0.1754	0.8802	17.1000	0.0848	798.0000	85.0000	0.1065	844.0000
50	0.7993	0.6176	0.3606	0.7114	0.1838	0.8872	17.0000	0.0771	868.0000	90.0000	0.1037	883.0000
51	0.8319	0.6119	0.3536	0.7046	0.1834	0.8897	17.2000	0.0734	890.0000	96.0000	0.1079	898.0000
52	0.8239	0.6094	0.3486	0.7311	0.1831	0.8877	17.0000	0.0889	850.0000	88.0000	0.1035	884.0000
53	0.8235	0.6164	0.3530	0.7524	0.1811	0.8964	16.9000	0.0688	834.0000	85.0000	0.1019	853.0000
54	0.8093	0.6189	0.3564	0.7218	0.1887	0.8882	17.0000	0.0770	904.0000	99.0000	0.1095	908.0000
55	0.8191	0.6201	0.3582	0.7172	0.1820	0.8923	17.0000	0.0772	876.0000	92.0000	0.1050	884.0000
56	0.8356	0.6086	0.3443	0.7754	0.1797	0.9027	16.9000	0.0650	839.0000	74.0000	0.0882	858.0000
57	0.8246	0.6226	0.3549	0.7072	0.1888	0.8820	17.0000	0.0732	872.0000	94.0000	0.1078	901.0000
58	0.8249	0.6148	0.3513	0.7364	0.1812	0.8927	17.0000	0.0753	839.0000	82.0000	0.0977	876.0000
59	0.8260	0.6160	0.3518	0.7529	0.1866	0.8939	17.1000	0.0652	930.0000	78.0000	0.0839	945.0000
60	0.8277	0.6160	0.3536	0.7269	0.1776	0.8897	17.0000	0.0690	833.0000	89.0000	0.1068	862.0000
61	0.8127	0.6152	0.3531	0.7312	0.1857	0.8925	17.1000	0.0694	866.0000	88.0000	0.1016	870.0000
62	0.8236	0.6131	0.3454	0.7437	0.1783	0.8953	17.0000	0.0636	868.0000	85.0000	0.0979	875.0000
63	0.8276	0.6156	0.3548	0.7435	0.1832	0.8944	17.1000	0.0743	874.0000	89.0000	0.1018	879.0000
64	0.8059	0.6119	0.3573	0.7283	0.1893	0.8881	16.9000	0.0720	871.0000	88.0000	0.1010	891.0000
65	0.8131	0.6127	0.3513	0.7548	0.1810	0.8878	17.0000	0.0703	894.0000	86.0000	0.0962	901.0000
66	0.8200	0.6180	0.3558	0.7276	0.1833	0.8799	16.9000	0.0786	907.0000	98.0000	0.1080	925.0000
67	0.8173	0.6082	0.3570	0.7411	0.1821	0.8742	17.1000	0.0796	872.0000	97.0000	0.1112	898.0000
68	0.8064	0.6176	0.3491	0.7249	0.1814	0.8702	17.0000	0.0791	905.0000	97.0000	0.1072	920.0000
69	0.8105	0.6156	0.3534	0.7715	0.1852	0.8998	17.0000	0.0662	809.0000	77.0000	0.0952	840.0000
70	0.8200	0.6193	0.3537	0.7216	0.1881	0.8827	17.1000	0.0703	871.0000	91.0000	0.1045	896.0000
71	0.8204	0.6180	0.3458	0.7357	0.1843	0.8847	17.1000	0.0652	814.0000	93.0000	0.1143	850.0000
72	0.8337	0.6156	0.3613	0.7284	0.1861	0.8929	16.8000	0.0751	874.0000	93.0000	0.1064	910.0000
73	0.8250	0.6123	0.3467	0.7312	0.1837	0.8791	17.1000	0.0803	811.0000	97.0000	0.1196	845.0000
74	0.8246	0.6213	0.3523	0.7522	0.1826	0.9005	17.1000	0.0485	897.0000	84.0000	0.0936	908.0000
75	0.8272	0.6123	0.3459	0.7721	0.1769	0.8990	16.9000	0.0719	827.0000	82.0000	0.0992	860.0000
76	0.8231	0.6131	0.3503	0.7233	0.1811	0.8953	17.1000	0.0759	819.0000	79.0000	0.0965	863.0000
77	0.8265	0.6176	0.3578	0.7183	0.1811	0.8899	17.0000	0.0664	870.0000	92.0000	0.1057	882.0000
78	0.8178	0.6180	0.3657	0.7187	0.1827	0.8985	17.0000	0.0647	838.0000	88.0000	0.1050	854.0000
79	0.8089	0.6119	0.3442	0.7305	0.1816	0.8869	17.1000	0.0671	824.0000	91.0000	0.1104	861.0000
80	0.8519	0.6077	0.3415	0.7489	0.1770	0.9016	17.0000	0.0713	813.0000	81.0000	0.0996	832.0000
81	0.8333	0.6164	0.3602	0.7131	0.1848	0.8894	16.8000	0.0756	863.0000	90.0000	0.1043	879.0000
82	0.7963	0.6279	0.3582	0.7287	0.1892	0.8896	17.1000	0.0889	881.0000	91.0000	0.1033	887.0000
83	0.8252	0.6168	0.3540	0.7276	0.1842	0.9042	16.9000	0.0609	852.0000	80.0000	0.0939	883.0000
84	0.8276	0.6131	0.3499	0.7242	0.1819	0.8849	16.9000	0.0668	821.0000	94.0000	0.1145	876.0000
85	0.8212	0.6222	0.3557	0.7504	0.1829	0.8997	17.1000	0.0721	854.0000	82.0000	0.0960	876.0000
86	0.8242	0.6160	0.3505	0.7174	0.1771	0.8806	17.0000	0.0756	872.0000	93.0000	0.1067	889.0000
87	0.8170	0.6164	0.3520	0.7287	0.1776	0.8752	17.0000	0.0764	837.0000	94.0000	0.1123	860.0000
88	0.8093	0.6044	0.3449	0.7456	0.1825	0.8785	16.9000	0.0788	804.0000	90.0000	0.1119	825.0000
89	0.8197	0.6139	0.3469	0.7761	0.1838	0.8942	17.2000	0.0725	861.0000	80.0000	0.0929	900.0000
90	0.7998	0.6176	0.3472	0.7427	0.1804	0.8873	17.1000	0.0742	852.0000	87.0000	0.1021	855.0000
91	0.8327	0.6094	0.3501	0.7497	0.1807	0.8807	17.1000	0.0760	798.0000	90.0000	0.1128	831.0000
92	0.8221	0.6110	0.3430	0.7073	0.1800	0.8853	16.9000	0.0759	887.0000	95.0000	0.1071	900.0000
93	0.8369	0.6168	0.3526	0.7712	0.1825	0.8887	17.0000	0.0638	865.0000	86.0000	0.0994	892.0000
94	0.8290	0.6160	0.3496	0.7256	0.1841	0.8842	17.1000	0.0749	854.0000	91.0000	0.1066	873.0000
95	0.8264	0.6131	0.3502	0.7146	0.1855	0.8811	17.1000	0.0813	892.0000	96.0000	0.1076	926.0000
96	0.8494	0.6131	0.3513	0.7374	0.1833	0.8950	16.9000	0.0625	898.0000	87.0000	0.0969	908.0000
97	0.8416	0.6102	0.3510	0.7556	0.1805	0.9042	16.9000	0.0589	818.0000	76.0000	0.0929	856.0000
98	0.8313	0.6090	0.3420	0.7726	0.1795	0.9026	17.1000	0.0755	801.0000	73.0000	0.0911	820.0000
99	0.8355	0.6156	0.3511	0.7309	0.1851	0.8857	17.0000	0.0655	854.0000	93.0000	0.1089	876.0000
100	0.8197	0.6251	0.3554	0.7521	0.1807	0.8901	17.0000	0.0789	826.0000	88.0000	0.1065	838.0000
101	0.8176	0.6205	0.3628	0.7468	0.1862	0.8860	16.9000	0.0839	885.0000	92.0000	0.1040	915.0000
102	0.7965	0.6086	0.3497	0.7468	0.1812	0.8668	16.9000	0.0924	812.0000	98.0000	0.1207	840.0000
103	0.8154	0.6152	0.3514	0.7300	0.1837	0.8771	17.0000	0.0671	894.0000	96.0000	0.1074	918.0000
104	0.8172	0.6143	0.3493	0.7329	0.1857	0.8755	17.1000	0.0854	872.0000	89.0000	0.1021	907.0000
105	0.8316	0.6172	0.3557	0.7706	0.1838	0.9088	16.9000	0.0502	840.0000	83.0000	0.0988	861.0000
106	0.8074	0.6086	0.3465	0.7300	0.1820	0.8957	16.9000	0.0839	833.0000	86.0000	0.1032	851.0000
107	0.7836	0.6209	0.3531	0.6998	0.1850	0.8676	17.0000	0.0856	871.0000	100.0000	0.1148	880.0000
108	0.8478	0.6156	0.3587	0.7305	0.1883	0.8980	16.8000	0.0572	869.0000	84.0000	0.0967	899.0000
109	0.8288	0.6094	0.3584	0.7309	0.1865	0.8856	17.0000	0.0734	830.0000	91.0000	0.1096	849.0000
110	0.8240	0.6156	0.3528	0.7301	0.1828	0.8894	17.1000	0.0657	831.0000	89.0000	0.1071	843.0000
111	0.8235	0.6139	0.3566	0.7361	0.1838	0.8864	17.0000	0.0817	852.0000	95.0000	0.1115	896.0000
112	0.8274	0.6123	0.3563	0.7430	0.1796	0.8830	17.1000	0.0756	806.0000	90.0000	0.1117	843.0000
113	0.8309	0.6164	0.3528	0.7620	0.1812	0.8974	17.1000	0.0691	840.0000	85.0000	0.1012	873.0000
114	0.8277	0.6156	0.3591	0.7425	0.1821	0.8872	17.1000	0.0733	876.0000	91.0000	0.1039	880.0000
115	0.8264	0.6176	0.3492	0.7274	0.1789	0.8920	17.1000	0.0746	858.0000	91.0000	0.1061	899.0000
116	0.8198	0.6119	0.3463	0.7428	0.1838	0.8944	17.0000	0.0718	829.0000	86.0000	0.1037	836.0000
117	0.8179	0.6049	0.3461	0.7553	0.1791	0.8969	16.8000	0.0701	857.0000	80.0000	0.0933	868.0000
118	0.8251	0.6094	0.3403	0.7238	0.1811	0.8810	17.0000	0.0710	846.0000	92.0000	0.1087	870.0000
119	0.8124	0.6283	0.3576	0.7394	0.1915	0.8935	17.0000	0.0718	861.0000	83.0000	0.0964	874.0000
120	0.8372	0.6135	0.3624	0.7288	0.1882	0.8897	17.1000	0.0664	838.0000	85.0000	0.1014	858.0000
121	0.8318	0.6201	0.3555	0.7290	0.1807	0.8924	17.0000	0.0658	845.0000	91.0000	0.1077	869.0000
122	0.8330	0.6139	0.3540	0.7526	0.1797	0.8931	17.0000	0.0727	864.0000	87.0000	0.1007	895.0000
123	0.8121	0.6193	0.3575	0.7655	0.1853	0.9097	17.0000	0.0600	843.0000	80.0000	0.0949	866.0000
124	0.8105	0.6082	0.3500	0.7642	0.1846	0.8910	17.0000	0.0787	845.0000	81.0000	0.0959	870.0000
125	0.8037	0.6185	0.3406	0.7500	0.1865	0.8929	17.1000	0.0667	849.0000	88.0000	0.1037	873.0000
126	0.8404	0.6205	0.3618	0.7610	0.1890	0.8898	17.0000	0.0629	893.0000	87.0000	0.0974	925.0000
127	0.8243	0.6218	0.3552	0.7456	0.1834	0.9062	17.1000	0.0586	844.0000	86.0000	0.1019	865.0000
128	0.8298	0.6246	0.3673	0.7384	0.1923	0.8764	17.2000	0.0774	874.0000	96.0000	0.1098	910.0000
129	0.8135	0.6292	0.3577	0.7533	0.1880	0.8866	16.9000	0.0734	900.0000	92.0000	0.1022	924.0000
130	0.8114	0.6131	0.3338	0.7333	0.1746	0.8855	17.2000	0.0711	778.0000	90.0000	0.1157	818.0000
131	0.8418	0.6148	0.3675	0.7545	0.1858	0.8945	17.0000	0.0584	841.0000	84.0000	0.0999	868.0000
132	0.8307	0.6213	0.3610	0.7587	0.1882	0.8917	17.1000	0.0685	882.0000	85.0000	0.0964	899.0000
133	0.8357	0.6094	0.3431	0.7533	0.1802	0.8913	16.9000	0.0783	846.0000	89.0000	0.1052	881.0000
134	0.8044	0.6189	0.3514	0.7085	0.1793	0.8902	17.1000	0.0674	829.0000	89.0000	0.1074	863.0000
135	0.8120	0.6201	0.3570	0.7317	0.1878	0.8848	17.0000	0.0773	862.0000	97.0000	0.1125	867.0000
136	0.8318	0.6061	0.3447	0.7412	0.1827	0.8925	17.0000	0.0704	874.0000	86.0000	0.0984	898.0000
137	0.8283	0.6193	0.3558	0.7613	0.1856	0.9017	17.0000	0.0570	826.0000	78.0000	0.0944	862.0000
138	0.8220	0.6189	0.3598	0.7326	0.1851	0.8906	17.1000	0.0823	859.0000	91.0000	0.1059	865.0000
139	0.8375	0.6073	0.3420	0.7612	0.1775	0.8995	16.9000	0.0674	806.0000	81.0000	0.1005	828.0000
140	0.8233	0.6082	0.3473	0.7389	0.1805	0.8851	17.0000	0.0766	805.0000	93.0000	0.1155	829.0000
141	0.8103	0.6176	0.3573	0.7322	0.1870	0.8871	16.9000	0.0653	893.0000	91.0000	0.1019	908.0000
142	0.8141	0.6164	0.3514	0.7275	0.1834	0.8757	17.0000	0.0788	875.0000	92.0000	0.1051	898.0000
143	0.8249	0.6164	0.3511	0.7580	0.1797	0.8900	17.0000	0.0725	825.0000	85.0000	0.1030	849.0000
144	0.8339	0.6115	0.3531	0.7346	0.1799	0.8977	17.1000	0.0724	880.0000	91.0000	0.1034	939.0000
145	0.7811	0.6106	0.3528	0.7444	0.1852	0.8854	16.9000	0.0611	875.0000	83.0000	0.0949	889.0000
146	0.8262	0.6226	0.3566	0.7403	0.1849	0.8967	16.9000	0.0689	833.0000	81.0000	0.0972	860.0000
147	0.8181	0.6102	0.3473	0.7064	0.1820	0.8908	17.1000	0.0778	826.0000	90.0000	0.1090	859.0000
148	0.8134	0.6168	0.3456	0.7530	0.1842	0.8885	17.0000	0.0692	864.0000	86.0000	0.0995	878.0000
149	0.8289	0.6131	0.3498	0.7472	0.1802	0.8878	17.2000	0.0723	845.0000	93.0000	0.1101	853.0000
150	0.8091	0.6201	0.3526	0.7294	0.1831	0.8816	17.1000	0.0692	907.0000	95.0000	0.1047	931.0000
151	0.8312	0.6156	0.3543	0.7367	0.1856	0.8907	17.0000	0.0614	885.0000	88.0000	0.0994	908.0000
152	0.8108	0.6127	0.3590	0.7188	0.1903	0.8924	17.0000	0.0743	877.0000	91.0000	0.1038	887.0000
153	0.8263	0.6222	0.3635	0.7295	0.1858	0.8949	17.1000	0.0679	859.0000	86.0000	0.1001	882.0000
154	0.8365	0.6230	0.3610	0.7579	0.1835	0.9001	16.9000	0.0582	865.0000	75.0000	0.0867	893.0000
155	0.8388	0.6176	0.3442	0.7271	0.1838	0.8917	17.0000	0.0734	868.0000	91.0000	0.1048	874.0000
156	0.8255	0.6230	0.3616	0.7216	0.1863	0.8965	16.8000	0.0661	935.0000	92.0000	0.0984	950.0000
157	0.8216	0.6148	0.3479	0.7317	0.1795	0.9062	17.1000	0.0615	850.0000	82.0000	0.0965	880.0000
158	0.8337	0.6049	0.3451	0.7669	0.1808	0.8946	16.9000	0.0608	875.0000	87.0000	0.0994	886.0000
159	0.8181	0.6073	0.3508	0.7499	0.1817	0.9010	17.1000	0.0694	819.0000	83.0000	0.1013	847.0000
160	0.8289	0.6123	0.3622	0.7641	0.1833	0.8810	17.1000	0.0769	843.0000	90.0000	0.1068	867.0000
161	0.8150	0.6209	0.3610	0.7043	0.1847	0.8955	17.0000	0.0568	888.0000	87.0000	0.0980	895.0000
162	0.7996	0.6073	0.3397	0.7402	0.1760	0.8789	16.9000	0.0861	842.0000	94.0000	0.1116	863.0000
163	0.8380	0.6069	0.3413	0.7768	0.1826	0.8892	17.1000	0.0665	818.0000	76.0000	0.0929	836.0000
164	0.8226	0.6205	0.3543	0.7508	0.1830	0.8904	17.0000	0.0769	794.0000	89.0000	0.1121	811.0000
165	0.8026	0.6201	0.3580	0.7360	0.1855	0.8912	16.9000	0.0736	851.0000	93.0000	0.1093	876.0000
166	0.8082	0.6143	0.3557	0.7394	0.1840	0.8838	17.0000	0.0875	848.0000	88.0000	0.1038	871.0000
167	0.8360	0.6148	0.3540	0.7216	0.1859	0.8948	17.1000	0.0626	861.0000	84.0000	0.0976	870.0000
168	0.8108	0.6185	0.3519	0.7367	0.1862	0.8957	17.2000	0.0640	875.0000	84.0000	0.0960	900.0000
169	0.8235	0.6160	0.3487	0.7425	0.1833	0.8965	17.0000	0.0629	862.0000	84.0000	0.0974	878.0000
170	0.8283	0.6279	0.3583	0.7499	0.1869	0.9017	17.1000	0.0701	886.0000	81.0000	0.0914	923.0000
171	0.8060	0.6197	0.3559	0.7323	0.1892	0.8880	17.1000	0.0742	848.0000	92.0000	0.1085	887.0000
172	0.8152	0.6176	0.3634	0.7295	0.1875	0.8897	17.2000	0.0773	851.0000	84.0000	0.0987	874.0000
173	0.8211	0.6189	0.3567	0.7584	0.1845	0.8980	17.0000	0.0700	834.0000	76.0000	0.0911	845.0000
174	0.8325	0.6156	0.3543	0.7390	0.1854	0.8929	17.0000	0.0833	813.0000	86.0000	0.1058	831.0000
175	0.8346	0.6115	0.3508	0.7426	0.1811	0.9039	16.9000	0.0633	848.0000	83.0000	0.0979	867.0000
176	0.8119	0.6131	0.3568	0.7405	0.1892	0.8909	17.0000	0.0687	854.0000	95.0000	0.1112	873.0000
177	0.8149	0.6115	0.3538	0.7584	0.1866	0.8868	16.9000	0.0792	814.0000	88.0000	0.1081	851.0000
178	0.8095	0.6201	0.3612	0.7552	0.1877	0.8915	17.0000	0.0769	849.0000	88.0000	0.1037	883.0000
179	0.8231	0.6209	0.3590	0.7467	0.1863	0.8970	17.2000	0.0599	867.0000	87.0000	0.1003	890.0000
180	0.8343	0.6164	0.3588	0.7444	0.1810	0.8865	16.9000	0.0761	817.0000	93.0000	0.1138	839.0000
181	0.8304	0.6152	0.3517	0.7195	0.1811	0.8905	17.0000	0.0742	923.0000	93.0000	0.1008	933.0000
182	0.8208	0.6218	0.3530	0.7156	0.1836	0.8941	17.0000	0.0737	847.0000	89.0000	0.1051	866.0000
183	0.8263	0.6098	0.3473	0.7581	0.1817	0.8975	17.2000	0.0785	847.0000	80.0000	0.0945	890.0000
184	0.8313	0.6152	0.3543	0.7598	0.1793	0.9052	17.2000	0.0643	852.0000	77.0000	0.0904	895.0000
185	0.8312	0.6106	0.3535	0.7267	0.1827	0.9009	17.1000	0.0643	837.0000	80.0000	0.0956	841.0000
186	0.8201	0.6119	0.3497	0.7464	0.1855	0.8836	16.8000	0.0860	814.0000	86.0000	0.1057	833.0000
187	0.8159	0.6131	0.3524	0.7354	0.1807	0.8932	17.1000	0.0773	849.0000	88.0000	0.1037	867.0000
188	0.8506	0.6160	0.3507	0.7461	0.1787	0.8909	16.9000	0.0678	835.0000	83.0000	0.0994	861.0000
189	0.8237	0.6119	0.3528	0.7354	0.1885	0.8819	17.1000	0.0692	856.0000	88.0000	0.1028	881.0000
190	0.8149	0.6148	0.3571	0.7119	0.1867	0.8803	17.0000	0.0638	847.0000	93.0000	0.1098	894.0000
191	0.8404	0.6172	0.3579	0.7360	0.1837	0.8972	17.0000	0.0619	846.0000	89.0000	0.1052	853.0000
192	0.8366	0.6164	0.3513	0.7778	0.1800	0.8979	17.1000	0.0617	802.0000	80.0000	0.0998	807.0000
193	0.8276	0.6119	0.3464	0.7555	0.1790	0.8909	17.1000	0.0692	847.0000	84.0000	0.0992	851.0000
194	0.8148	0.6119	0.3622	0.7491	0.1828	0.8849	16.9000	0.0813	808.0000	86.0000	0.1064	841.0000
195	0.8320	0.6135	0.3557	0.7420	0.1866	0.8949	17.2000	0.0627	845.0000	86.0000	0.1018	871.0000
196	0.8260	0.6098	0.3532	0.7528	0.1794	0.8914	17.0000	0.0841	808.0000	84.0000	0.1040	844.0000
197	0.7930	0.6168	0.3603	0.7110	0.1831	0.8855	16.9000	0.0710	843.0000	96.0000	0.1139	871.0000
198	0.8403	0.6189	0.3515	0.7354	0.1817	0.8943	17.0000	0.0740	889.0000	91.0000	0.1024	908.0000
199	0.8063	0.6164	0.3514	0.7282	0.1800	0.8830	17.0000	0.0662	832.0000	96.0000	0.1154	853.0000
200	0.8076	0.6148	0.3473	0.7421	0.1829	0.8855	17.2000	0.0817	874.0000	88.0000	0.1007	888.0000
201	0.7914	0.6086	0.3493	0.7116	0.1872	0.8779	16.9000	0.0709	838.0000	97.0000	0.1158	873.0000
202	0.8243	0.6205	0.3583	0.7211	0.1891	0.8904	17.1000	0.0688	857.0000	82.0000	0.0957	894.0000
203	0.8342	0.6139	0.3516	0.7103	0.1822	0.8897	17.1000	0.0712	885.0000	94.0000	0.1062	900.0000
204	0.8353	0.6180	0.3557	0.7290	0.1827	0.8880	17.0000	0.0686	863.0000	92.0000	0.1066	876.0000
205	0.8144	0.6172	0.3547	0.7376	0.1809	0.8855	17.1000	0.0759	891.0000	89.0000	0.0999	904.0000
206	0.8238	0.6172	0.3514	0.7556	0.1833	0.8973	16.9000	0.0642	838.0000	82.0000	0.0979	843.0000
207	0.8285	0.6172	0.3637	0.7134	0.1874	0.8845	17.1000	0.0731	915.0000	101.0000	0.1104	938.0000
208	0.8469	0.6044	0.3554	0.7194	0.1823	0.9033	17.0000	0.0605	857.0000	85.0000	0.0992	882.0000
209	0.8192	0.6143	0.3455	0.7391	0.1826	0.8944	17.0000	0.0638	843.0000	86.0000	0.1020	877.0000
210	0.8343	0.6230	0.3580	0.7223	0.1863	0.8929	17.0000	0.0703	864.0000	89.0000	0.1030	879.0000
211	0.8284	0.6164	0.3458	0.7696	0.1838	0.8874	17.0000	0.0722	798.0000	87.0000	0.1090	819.0000
212	0.8375	0.6201	0.3589	0.7435	0.1849	0.8901	17.0000	0.0604	891.0000	89.0000	0.0999	923.0000
213	0.8255	0.6308	0.3704	0.7076	0.1882	0.8907	17.0000	0.0803	860.0000	92.0000	0.1070	873.0000
214	0.8241	0.6164	0.3478	0.7620	0.1758	0.8925	17.1000	0.0698	787.0000	80.0000	0.1017	819.0000
215	0.8377	0.6152	0.3500	0.7719	0.1856	0.9022	16.9000	0.0624	848.0000	75.0000	0.0884	875.0000
216	0.8254	0.6123	0.3547	0.7261	0.1826	0.8863	17.1000	0.0747	853.0000	95.0000	0.1114	859.0000
217	0.8332	0.6176	0.3524	0.7166	0.1798	0.9067	16.9000	0.0566	876.0000	86.0000	0.0982	883.0000
218	0.8303	0.6201	0.3631	0.7132	0.1858	0.8931	17.0000	0.0740	860.0000	87.0000	0.1012	871.0000
219	0.8303	0.6073	0.3519	0.7146	0.1792	0.8950	17.1000	0.0737	853.0000	84.0000	0.0985	865.0000
220	0.8324	0.6123	0.3468	0.7360	0.1879	0.8928	17.0000	0.0601	838.0000	90.0000	0.1074	845.0000
221	0.8381	0.6197	0.3530	0.7423	0.1858	0.8874	17.1000	0.0680	828.0000	88.0000	0.1063	838.0000
222	0.8298	0.6180	0.3601	0.7478	0.1849	0.8839	16.9000	0.0863	865.0000	90.0000	0.1040	880.0000
223	0.8267	0.6251	0.3611	0.7599	0.1885	0.8945	17.0000	0.0695	844.0000	87.0000	0.1031	873.0000
224	0.8206	0.6139	0.3591	0.7731	0.1822	0.8965	16.9000	0.0689	879.0000	84.0000	0.0956	895.0000
225	0.8235	0.6185	0.3504	0.7561	0.1854	0.8868	17.1000	0.0813	835.0000	88.0000	0.1054	843.0000
226	0.8211	0.6106	0.3445	0.7705	0.1759	0.8894	17.0000	0.0741	837.0000	85.0000	0.1016	883.0000
227	0.8145	0.6152	0.3460	0.7533	0.1828	0.8891	16.9000	0.0949	798.0000	87.0000	0.1090	824.0000
228	0.8340	0.6115	0.3521	0.7319	0.1845	0.8922	17.1000	0.0634	863.0000	87.0000	0.1008	904.0000
229	0.8349	0.6156	0.3504	0.7369	0.1813	0.8969	16.8000	0.0743	878.0000	86.0000	0.0979	917.0000
230	0.8225	0.6152	0.3576	0.7372	0.1861	0.8924	17.0000	0.0763	870.0000	87.0000	0.1000	890.0000
231	0.8392	0.6234	0.3517	0.7262	0.1851	0.8974	16.9000	0.0668	855.0000	86.0000	0.1006	876.0000
232	0.8331	0.6127	0.3582	0.7639	0.1814	0.9035	17.0000	0.0724	833.0000	85.0000	0.1020	843.0000
233	0.8314	0.6156	0.3491	0.7438	0.1774	0.9101	17.1000	0.0608	858.0000	84.0000	0.0979	862.0000
234	0.8324	0.6135	0.3431	0.7551	0.1821	0.8853	17.0000	0.0642	824.0000	88.0000	0.1068	840.0000
235	0.8291	0.6230	0.3579	0.7356	0.1861	0.8882	16.9000	0.0793	872.0000	89.0000	0.1021	889.0000
236	0.7991	0.6218	0.3636	0.7260	0.1894	0.8972	17.1000	0.0725	924.0000	85.0000	0.0920	926.0000
237	0.8363	0.6160	0.3528	0.7175	0.1774	0.8882	17.1000	0.0755	862.0000	93.0000	0.1079	874.0000
238	0.8337	0.6197	0.3637	0.7119	0.1831	0.8900	17.1000	0.0699	822.0000	93.0000	0.1131	854.0000
239	0.8399	0.6185	0.3516	0.7494	0.1821	0.8988	17.0000	0.0611	844.0000	82.0000	0.0972	881.0000
240	0.8429	0.6102	0.3439	0.7623	0.1827	0.8935	17.0000	0.0712	833.0000	84.0000	0.1008	853.0000
241	0.7914	0.6156	0.3468	0.7180	0.1843	0.8843	16.9000	0.0728	887.0000	95.0000	0.1071	911.0000
242	0.8357	0.6197	0.3587	0.7648	0.1842	0.8905	16.9000	0.0642	920.0000	83.0000	0.0902	934.0000
243	0.8170	0.6040	0.3513	0.7498	0.1809	0.9003	17.1000	0.0711	837.0000	80.0000	0.0956	862.0000
244	0.8014	0.6032	0.3467	0.7574	0.1780	0.8828	17.0000	0.0783	840.0000	92.0000	0.1095	863.0000
245	0.8015	0.6143	0.3589	0.7480	0.1873	0.8782	17.2000	0.0703	867.0000	93.0000	0.1073	873.0000
246	0.8366	0.6115	0.3417	0.7370	0.1827	0.8989	16.9000	0.0667	846.0000	87.0000	0.1028	858.0000
247	0.8291	0.6148	0.3519	0.7266	0.1812	0.8781	16.9000	0.0739	846.0000	98.0000	0.1158	876.0000
248	0.8145	0.6082	0.3538	0.7556	0.1834	0.8840	16.8000	0.0753	864.0000	89.0000	0.1030	882.0000
249	0.8200	0.6172	0.3574	0.7497	0.1857	0.8839	17.0000	0.0778	854.0000	86.0000	0.1007	891.0000
250	0.8333	0.6131	0.3411	0.7222	0.1824	0.8928	17.0000	0.0644	832.0000	91.0000	0.1094	835.0000
251	0.8215	0.6176	0.3442	0.7650	0.1804	0.8952	17.0000	0.0675	828.0000	82.0000	0.0990	840.0000
252	0.8121	0.6119	0.3527	0.7162	0.1793	0.8989	16.9000	0.0763	810.0000	88.0000	0.1086	815.0000
253	0.8041	0.6152	0.3458	0.7211	0.1857	0.8881	17.0000	0.0602	835.0000	90.0000	0.1078	858.0000
254	0.8462	0.6180	0.3581	0.7316	0.1892	0.9070	17.1000	0.0623	892.0000	84.0000	0.0942	898.0000
255	0.8009	0.6086	0.3413	0.7426	0.1836	0.8823	16.9000	0.0712	823.0000	85.0000	0.1033	845.0000
256	0.8090	0.6197	0.3554	0.7366	0.1828	0.8770	17.1000	0.0741	861.0000	93.0000	0.1080	863.0000
257	0.8280	0.6073	0.3394	0.7393	0.1794	0.8923	16.9000	0.0668	847.0000	89.0000	0.1051	883.0000
258	0.8360	0.6135	0.3425	0.7327	0.1798	0.8867	17.0000	0.0760	825.0000	88.0000	0.1067	863.0000
259	0.8369	0.6193	0.3604	0.7332	0.1837	0.8894	17.2000	0.0720	849.0000	91.0000	0.1072	880.0000
260	0.8235	0.6185	0.3558	0.7432	0.1844	0.8919	17.0000	0.0714	879.0000	91.0000	0.1035	907.0000
261	0.8036	0.6218	0.3585	0.7155	0.1853	0.8893	17.1000	0.0670	890.0000	90.0000	0.1011	895.0000
262	0.8300	0.6160	0.3532	0.7538	0.1805	0.8870	17.0000	0.0742	822.0000	94.0000	0.1144	844.0000
263	0.8281	0.6123	0.3362	0.7307	0.1848	0.8910	17.2000	0.0785	864.0000	87.0000	0.1007	903.0000
264	0.8345	0.6201	0.3575	0.7566	0.1884	0.8970	17.0000	0.0676	886.0000	86.0000	0.0971	917.0000
265	0.8235	0.6160	0.3547	0.7291	0.1777	0.8887	17.0000	0.0784	842.0000	91.0000	0.1081	877.0000
266	0.8106	0.6102	0.3514	0.7576	0.1860	0.8907	17.0000	0.0646	835.0000	87.0000	0.1042	857.0000
267	0.8020	0.6176	0.3556	0.7623	0.1809	0.8858	17.0000	0.0662	811.0000	88.0000	0.1085	826.0000
268	0.8252	0.6143	0.3563	0.7263	0.1842	0.8856	17.1000	0.0761	833.0000	96.0000	0.1152	840.0000
269	0.8179	0.6185	0.3633	0.7293	0.1874	0.8924	17.1000	0.0760	939.0000	92.0000	0.0980	969.0000
270	0.8012	0.6135	0.3544	0.7405	0.1867	0.8890	16.9000	0.0721	845.0000	84.0000	0.0994	864.0000
271	0.8291	0.6139	0.3523	0.7512	0.1820	0.8869	17.0000	0.0776	852.0000	87.0000	0.1021	896.0000
272	0.7970	0.6230	0.3572	0.7371	0.1796	0.8942	17.2000	0.0773	895.0000	85.0000	0.0950	916.0000
273	0.8274	0.6193	0.3585	0.7704	0.1868	0.9007	17.2000	0.0557	857.0000	80.0000	0.0933	888.0000
274	0.8417	0.6143	0.3582	0.7527	0.1840	0.8976	17.0000	0.0692	892.0000	84.0000	0.0942	912.0000
275	0.8194	0.6152	0.3543	0.7538	0.1807	0.8961	16.9000	0.0830	855.0000	82.0000	0.0959	868.0000
276	0.8233	0.6185	0.3544	0.7464	0.1874	0.8951	17.2000	0.0638	844.0000	82.0000	0.0972	869.0000
277	0.8360	0.6189	0.3582	0.7437	0.1825	0.8925	16.9000	0.0824	820.0000	88.0000	0.1073	828.0000
278	0.8390	0.6148	0.3475	0.7561	0.1830	0.8839	16.9000	0.0696	847.0000	90.0000	0.1063	873.0000
279	0.8282	0.6057	0.3472	0.7291	0.1801	0.8923	17.0000	0.0895	878.0000	93.0000	0.1059	900.0000
280	0.8182	0.6123	0.3548	0.7450	0.1724	0.8979	16.9000	0.0697	806.0000	88.0000	0.1092	841.0000
281	0.7913	0.6110	0.3483	0.7688	0.1858	0.8837	17.2000	0.0781	799.0000	82.0000	0.1026	808.0000
282	0.8466	0.6176	0.3609	0.7220	0.1876	0.8985	17.0000	0.0633	850.0000	85.0000	0.1000	894.0000
283	0.8361	0.6131	0.3519	0.7380	0.1785	0.8887	16.9000	0.0790	842.0000	84.0000	0.0998	871.0000
284	0.8439	0.6267	0.3675	0.7458	0.1862	0.8978	17.0000	0.0681	871.0000	78.0000	0.0896	903.0000
285	0.8466	0.6143	0.3527	0.7289	0.1871	0.9012	17.0000	0.0592	850.0000	87.0000	0.1024	884.0000
286	0.8112	0.6143	0.3675	0.7537	0.1931	0.8953	17.2000	0.0615	900.0000	86.0000	0.0956	903.0000
287	0.8508	0.6197	0.3591	0.7227	0.1843	0.8956	17.2000	0.0483	846.0000	90.0000	0.1064	895.0000
288	0.7930	0.6205	0.3557	0.7153	0.1857	0.8810	17.1000	0.0739	856.0000	98.0000	0.1145	864.0000
289	0.8267	0.6077	0.3473	0.7430	0.1818	0.8986	17.0000	0.0630	854.0000	88.0000	0.1030	880.0000
290	0.8384	0.6123	0.3583	0.7434	0.1845	0.9001	17.2000	0.0677	859.0000	83.0000	0.0966	879.0000
291	0.8306	0.6139	0.3566	0.6957	0.1853	0.8850	17.0000	0.0770	884.0000	96.0000	0.1086	897.0000
292	0.8410	0.6209	0.3633	0.7460	0.1923	0.8960	17.1000	0.0759	859.0000	89.0000	0.1036	866.0000
293	0.8367	0.6164	0.3565	0.7825	0.1832	0.9002	17.1000	0.0677	812.0000	83.0000	0.1022	847.0000
294	0.8238	0.6123	0.3507	0.7525	0.1793	0.9087	16.9000	0.0641	864.0000	81.0000	0.0938	896.0000
295	0.8249	0.6164	0.3521	0.7334	0.1872	0.8893	17.0000	0.0677	841.0000	84.0000	0.0999	868.0000
296	0.8372	0.6098	0.3513	0.7486	0.1790	0.8912	16.8000	0.0715	854.0000	83.0000	0.0972	886.0000
297	0.8270	0.6110	0.3493	0.7586	0.1840	0.8873	16.9000	0.0721	812.0000	84.0000	0.1034	841.0000
298	0.8190	0.6156	0.3631	0.7463	0.1873	0.8954	17.2000	0.0659	873.0000	84.0000	0.0962	889.0000
299	0.8141	0.6176	0.3540	0.7121	0.1807	0.8820	17.1000	0.0924	820.0000	100.0000	0.1220	852.0000
300	0.8156	0.6152	0.3457	0.7556	0.1861	0.8891	17.1000	0.0651	886.0000	85.0000	0.0959	907.0000
301	0.8331	0.6160	0.3482	0.7183	0.1809	0.8925	17.2000	0.0698	854.0000	94.0000	0.1101	861.0000
302	0.8233	0.6164	0.3541	0.7143	0.1815	0.8919	17.0000	0.0707	888.0000	90.0000	0.1014	895.0000
303	0.8219	0.6189	0.3518	0.7685	0.1827	0.8958	17.0000	0.0598	827.0000	82.0000	0.0992	841.0000
304	0.8145	0.6143	0.3566	0.7357	0.1854	0.8924	17.0000	0.0649	863.0000	80.0000	0.0927	887.0000
305	0.8187	0.6110	0.3557	0.7554	0.1779	0.8937	17.0000	0.0753	831.0000	84.0000	0.1011	853.0000
306	0.8212	0.6156	0.3555	0.7221	0.1825	0.8887	17.1000	0.0833	854.0000	93.0000	0.1089	873.0000
307	0.8300	0.6193	0.3638	0.7228	0.1818	0.8976	17.0000	0.0678	898.0000	93.0000	0.1036	920.0000
308	0.8520	0.6168	0.3535	0.7776	0.1817	0.9035	16.9000	0.0386	881.0000	75.0000	0.0851	900.0000
309	0.8300	0.6061	0.3474	0.7591	0.1841	0.8906	16.9000	0.0704	833.0000	86.0000	0.1032	868.0000
310	0.8267	0.6152	0.3523	0.7290	0.1824	0.8832	17.0000	0.0625	851.0000	93.0000	0.1093	898.0000
311	0.8094	0.6148	0.3448	0.7288	0.1831	0.8828	17.0000	0.0712	809.0000	89.0000	0.1100	878.0000
312	0.8417	0.6160	0.3521	0.7533	0.1820	0.8959	17.0000	0.0802	844.0000	82.0000	0.0972	881.0000
313	0.8220	0.6189	0.3633	0.7614	0.1866	0.8914	17.0000	0.0670	832.0000	85.0000	0.1022	840.0000
314	0.8358	0.6164	0.3512	0.7298	0.1813	0.8860	17.0000	0.0693	863.0000	90.0000	0.1043	880.0000
315	0.8408	0.6156	0.3512	0.7646	0.1835	0.8959	16.9000	0.0664	837.0000	84.0000	0.1004	857.0000
316	0.8227	0.6156	0.3557	0.7578	0.1861	0.8972	16.9000	0.0590	837.0000	82.0000	0.0980	842.0000
317	0.8397	0.6135	0.3567	0.7367	0.1869	0.9054	16.9000	0.0694	883.0000	85.0000	0.0963	922.0000
318	0.8172	0.6156	0.3577	0.6979	0.1857	0.8831	17.1000	0.0754	915.0000	97.0000	0.1060	928.0000
319	0.8042	0.6152	0.3471	0.7169	0.1788	0.8860	17.0000	0.0757	857.0000	94.0000	0.1097	887.0000
320	0.8188	0.6226	0.3585	0.7318	0.1827	0.8910	16.9000	0.0775	836.0000	91.0000	0.1089	865.0000
321	0.8299	0.6065	0.3447	0.7458	0.1797	0.8966	17.1000	0.0580	842.0000	79.0000	0.0938	871.0000
322	0.8354	0.6168	0.3467	0.7467	0.1847	0.8985	17.0000	0.0584	839.0000	86.0000	0.1025	845.0000
323	0.8083	0.6115	0.3480	0.7353	0.1763	0.8846	17.0000	0.0782	818.0000	87.0000	0.1064	850.0000
324	0.8041	0.6193	0.3539	0.7244	0.1802	0.8843	17.2000	0.0764	882.0000	94.0000	0.1066	899.0000
325	0.8034	0.6106	0.3511	0.7427	0.1847	0.8971	17.0000	0.0815	834.0000	84.0000	0.1007	862.0000
326	0.8221	0.6131	0.3531	0.7143	0.1803	0.8823	17.1000	0.0712	886.0000	96.0000	0.1084	901.0000
327	0.8022	0.6082	0.3424	0.7345	0.1749	0.8753	17.1000	0.0766	824.0000	93.0000	0.1129	851.0000
328	0.8208	0.6139	0.3486	0.7455	0.1813	0.8889	17.0000	0.0749	835.0000	90.0000	0.1078	854.0000
329	0.8392	0.6185	0.3521	0.7257	0.1814	0.8902	17.1000	0.0773	856.0000	89.0000	0.1040	884.0000
330	0.8116	0.6139	0.3591	0.7481	0.1827	0.8866	16.9000	0.0721	819.0000	91.0000	0.1111	835.0000
331	0.7732	0.6168	0.3564	0.7198	0.1805	0.8791	17.1000	0.0773	850.0000	93.0000	0.1094	878.0000
332	0.7974	0.6131	0.3466	0.7551	0.1835	0.8849	17.1000	0.0728	802.0000	87.0000	0.1085	831.0000
333	0.8060	0.6065	0.3512	0.7418	0.1859	0.8804	17.1000	0.0801	823.0000	89.0000	0.1081	864.0000
334	0.7999	0.6209	0.3539	0.7267	0.1851	0.8895	16.9000	0.0773	870.0000	97.0000	0.1115	893.0000
335	0.8204	0.6135	0.3442	0.7274	0.1792	0.8959	17.1000	0.0734	871.0000	90.0000	0.1033	888.0000
336	0.8219	0.6156	0.3545	0.7760	0.1836	0.8914	17.1000	0.0747	829.0000	83.0000	0.1001	854.0000
337	0.8090	0.6156	0.3589	0.7503	0.1858	0.8869	17.0000	0.0748	807.0000	87.0000	0.1078	862.0000
338	0.8266	0.6127	0.3458	0.7457	0.1822	0.8868	17.2000	0.0771	836.0000	86.0000	0.1029	845.0000
339	0.8225	0.6160	0.3501	0.7226	0.1820	0.8874	17.0000	0.0782	857.0000	91.0000	0.1062	882.0000
340	0.8418	0.6189	0.3528	0.7497	0.1849	0.8881	17.1000	0.0648	847.0000	86.0000	0.1015	868.0000
341	0.8134	0.6164	0.3536	0.7249	0.1840	0.8905	17.0000	0.0680	905.0000	89.0000	0.0983	908.0000
342	0.8336	0.6127	0.3390	0.7811	0.1766	0.8980	17.0000	0.0657	854.0000	81.0000	0.0948	876.0000
343	0.8289	0.6189	0.3622	0.7434	0.1824	0.8954	17.0000	0.0768	815.0000	87.0000	0.1067	837.0000
344	0.8262	0.6176	0.3574	0.7534	0.1831	0.8905	16.8000	0.0645	848.0000	87.0000	0.1026	875.0000
345	0.8290	0.6176	0.3588	0.7380	0.1857	0.8767	17.0000	0.0756	828.0000	93.0000	0.1123	840.0000
346	0.7984	0.6267	0.3649	0.7325	0.1815	0.8784	17.1000	0.0943	899.0000	104.0000	0.1157	905.0000
347	0.8397	0.6123	0.3449	0.7458	0.1842	0.8934	17.0000	0.0711	797.0000	89.0000	0.1117	817.0000
348	0.8376	0.6127	0.3566	0.7477	0.1793	0.8978	17.1000	0.0703	898.0000	87.0000	0.0969	905.0000
349	0.8234	0.6176	0.3483	0.7332	0.1832	0.8806	17.0000	0.0744	853.0000	96.0000	0.1125	877.0000
350	0.8261	0.6193	0.3508	0.7394	0.1782	0.8853	17.1000	0.0800	828.0000	92.0000	0.1111	856.0000
351	0.8162	0.6102	0.3436	0.7274	0.1795	0.8697	17.2000	0.0917	832.0000	93.0000	0.1118	855.0000
352	0.8434	0.6172	0.3493	0.7685	0.1843	0.8958	17.0000	0.0623	859.0000	79.0000	0.0920	883.0000
353	0.8262	0.6226	0.3542	0.7234	0.1839	0.8902	17.1000	0.0816	824.0000	95.0000	0.1153	839.0000
354	0.8477	0.6160	0.3512	0.7312	0.1834	0.8909	17.1000	0.0625	862.0000	87.0000	0.1009	879.0000
355	0.8172	0.6102	0.3481	0.7436	0.1819	0.8837	16.9000	0.0789	817.0000	87.0000	0.1065	834.0000
356	0.8114	0.6246	0.3657	0.7291	0.1903	0.8777	17.0000	0.0727	850.0000	94.0000	0.1106	878.0000
357	0.8182	0.6222	0.3598	0.7454	0.1853	0.8963	17.1000	0.0676	888.0000	82.0000	0.0923	901.0000
358	0.8309	0.6139	0.3387	0.7355	0.1804	0.8799	16.9000	0.0785	840.0000	90.0000	0.1071	877.0000
359	0.8273	0.6205	0.3524	0.7508	0.1855	0.8812	17.0000	0.0735	833.0000	89.0000	0.1068	877.0000
360	0.8273	0.6143	0.3475	0.7379	0.1824	0.8992	17.1000	0.0599	858.0000	84.0000	0.0979	888.0000
361	0.8248	0.6267	0.3634	0.7437	0.1833	0.8897	17.0000	0.0675	844.0000	87.0000	0.1031	862.0000
362	0.8161	0.6094	0.3601	0.7151	0.1893	0.8917	16.9000	0.0684	877.0000	88.0000	0.1003	882.0000
363	0.8212	0.6222	0.3620	0.7579	0.1843	0.8885	17.1000	0.0732	918.0000	86.0000	0.0937	949.0000
364	0.8295	0.6115	0.3440	0.7581	0.1840	0.8855	17.0000	0.0730	862.0000	90.0000	0.1044	876.0000
365	0.8317	0.6139	0.3522	0.7489	0.1814	0.9115	17.0000	0.0599	857.0000	81.0000	0.0945	890.0000
366	0.8130	0.6180	0.3514	0.7457	0.1830	0.8790	17.0000	0.0876	867.0000	93.0000	0.1073	881.0000
367	0.8039	0.6156	0.3498	0.7261	0.1819	0.8788	17.0000	0.0830	850.0000	96.0000	0.1129	875.0000
368	0.7996	0.6143	0.3459	0.7175	0.1785	0.8815	16.9000	0.0821	872.0000	94.0000	0.1078	874.0000
369	0.8361	0.6201	0.3644	0.7036	0.1848	0.8902	16.9000	0.0686	872.0000	93.0000	0.1067	877.0000
370	0.8142	0.6160	0.3517	0.7317	0.1872	0.8825	17.0000	0.0878	820.0000	92.0000	0.1122	857.0000
371	0.8047	0.6189	0.3559	0.7214	0.1918	0.8914	17.0000	0.0609	883.0000	90.0000	0.1019	905.0000
372	0.8222	0.6135	0.3536	0.7242	0.1859	0.8803	16.9000	0.0801	811.0000	94.0000	0.1159	834.0000
373	0.8193	0.6127	0.3469	0.7284	0.1796	0.8903	17.1000	0.0766	904.0000	89.0000	0.0985	911.0000
374	0.8081	0.6127	0.3566	0.7358	0.1889	0.8854	17.1000	0.0715	869.0000	94.0000	0.1082	873.0000
375	0.8058	0.6110	0.3367	0.7548	0.1794	0.8981	17.0000	0.0865	783.0000	80.0000	0.1022	800.0000
376	0.8264	0.6172	0.3448	0.7126	0.1789	0.8917	16.9000	0.0726	809.0000	88.0000	0.1088	845.0000
377	0.8330	0.6156	0.3547	0.7487	0.1795	0.9021	17.2000	0.0702	813.0000	84.0000	0.1033	848.0000
378	0.8028	0.6148	0.3469	0.7318	0.1848	0.8858	16.9000	0.0833	851.0000	87.0000	0.1022	863.0000
379	0.8177	0.6127	0.3558	0.7652	0.1934	0.8893	17.0000	0.0675	819.0000	81.0000	0.0989	857.0000
380	0.7935	0.6131	0.3461	0.7153	0.1818	0.8784	17.0000	0.0764	858.0000	98.0000	0.1142	877.0000
381	0.8160	0.6176	0.3579	0.7402	0.1836	0.8938	16.9000	0.0724	863.0000	87.0000	0.1008	903.0000
382	0.8284	0.6119	0.3545	0.7409	0.1833	0.8958	17.0000	0.0551	855.0000	91.0000	0.1064	877.0000
383	0.8222	0.6127	0.3503	0.7514	0.1797	0.8832	17.0000	0.0885	803.0000	89.0000	0.1108	831.0000
384	0.8122	0.6152	0.3527	0.6993	0.1827	0.8801	17.1000	0.0826	874.0000	100.0000	0.1144	887.0000
385	0.8186	0.6201	0.3558	0.7661	0.1807	0.8892	16.8000	0.0724	863.0000	83.0000	0.0962	875.0000
386	0.8437	0.6115	0.3542	0.7474	0.1817	0.8971	17.0000	0.0574	830.0000	81.0000	0.0976	838.0000
387	0.8148	0.6135	0.3650	0.7326	0.1892	0.8860	16.9000	0.0765	885.0000	91.0000	0.1028	901.0000
388	0.8202	0.6094	0.3605	0.7266	0.1835	0.8818	17.1000	0.0680	849.0000	95.0000	0.1119	866.0000
389	0.8129	0.6193	0.3650	0.7271	0.1867	0.8870	17.0000	0.0782	894.0000	93.0000	0.1040	929.0000
390	0.7953	0.6123	0.3527	0.7353	0.1809	0.8812	17.1000	0.0878	834.0000	95.0000	0.1139	888.0000
391	0.8024	0.6090	0.3452	0.7190	0.1764	0.8849	16.9000	0.0816	854.0000	91.0000	0.1066	880.0000
392	0.8189	0.6164	0.3516	0.7526	0.1847	0.8827	17.0000	0.0789	851.0000	92.0000	0.1081	874.0000
393	0.8301	0.6172	0.3540	0.7238	0.1819	0.8877	17.0000	0.0716	844.0000	89.0000	0.1055	867.0000
394	0.8346	0.6180	0.3558	0.7139	0.1810	0.8770	16.8000	0.0826	822.0000	100.0000	0.1217	847.0000
395	0.8314	0.6065	0.3456	0.7112	0.1745	0.9066	16.8000	0.0739	830.0000	83.0000	0.1000	859.0000
396	0.8208	0.6226	0.3576	0.7338	0.1822	0.8837	16.9000	0.0729	864.0000	100.0000	0.1157	890.0000
397	0.8161	0.6222	0.3549	0.7372	0.1847	0.8928	16.9000	0.0723	853.0000	87.0000	0.1020	870.0000
398	0.8086	0.6152	0.3496	0.7070	0.1829	0.8897	17.1000	0.0828	874.0000	89.0000	0.1018	892.0000
399	0.8237	0.6110	0.3516	0.7579	0.1848	0.8940	17.0000	0.0689	829.0000	87.0000	0.1049	858.0000
400	0.8041	0.6123	0.3606	0.7382	0.1887	0.8767	16.9000	0.0700	874.0000	96.0000	0.1098	905.0000
401	0.7964	0.6119	0.3589	0.7385	0.1879	0.8805	17.0000	0.0882	869.0000	91.0000	0.1047	889.0000
402	0.8294	0.6156	0.3633	0.7409	0.1921	0.8878	17.2000	0.0780	915.0000	94.0000	0.1027	924.0000
403	0.8332	0.6160	0.3423	0.7458	0.1808	0.9059	17.1000	0.0521	827.0000	83.0000	0.1004	840.0000
404	0.8322	0.6172	0.3593	0.7315	0.1838	0.8919	16.9000	0.0666	853.0000	92.0000	0.1079	871.0000
405	0.8346	0.6102	0.3550	0.7166	0.1791	0.8957	17.1000	0.0723	913.0000	91.0000	0.0997	922.0000
406	0.8037	0.6123	0.3470	0.7143	0.1826	0.8766	17.1000	0.0822	834.0000	93.0000	0.1115	854.0000
407	0.8297	0.6168	0.3533	0.7445	0.1833	0.8950	17.0000	0.0702	849.0000	86.0000	0.1013	891.0000
408	0.8036	0.6053	0.3451	0.7015	0.1806	0.8776	17.0000	0.0797	807.0000	98.0000	0.1214	827.0000
409	0.8309	0.6135	0.3570	0.7712	0.1852	0.8897	17.0000	0.0819	828.0000	85.0000	0.1027	853.0000
410	0.8253	0.6135	0.3602	0.7294	0.1848	0.8905	17.0000	0.0682	849.0000	85.0000	0.1001	898.0000
411	0.8410	0.6213	0.3459	0.7370	0.1756	0.8933	17.0000	0.0580	857.0000	82.0000	0.0957	880.0000
412	0.8313	0.6143	0.3512	0.7539	0.1855	0.8993	17.2000	0.0702	842.0000	88.0000	0.1045	850.0000
413	0.8293	0.6102	0.3485	0.7464	0.1854	0.8806	17.0000	0.0716	842.0000	90.0000	0.1069	862.0000
414	0.8219	0.6115	0.3425	0.7525	0.1788	0.8918	17.1000	0.0658	872.0000	91.0000	0.1044	899.0000
415	0.8457	0.6148	0.3436	0.7123	0.1769	0.8869	17.0000	0.0716	870.0000	91.0000	0.1046	884.0000
416	0.8376	0.6164	0.3528	0.7189	0.1852	0.8958	17.0000	0.0757	909.0000	93.0000	0.1023	912.0000
417	0.8031	0.6090	0.3536	0.7283	0.1844	0.8865	17.0000	0.0859	842.0000	89.0000	0.1057	871.0000
418	0.8171	0.6168	0.3569	0.7391	0.1911	0.8930	17.0000	0.0749	835.0000	88.0000	0.1054	874.0000
419	0.8194	0.6156	0.3525	0.7288	0.1792	0.8841	17.1000	0.0830	911.0000	97.0000	0.1065	920.0000
420	0.8080	0.6168	0.3577	0.7247	0.1903	0.8860	16.9000	0.0608	905.0000	88.0000	0.0972	909.0000
421	0.8069	0.6197	0.3533	0.7425	0.1839	0.8805	16.9000	0.0781	861.0000	93.0000	0.1080	899.0000
422	0.8013	0.6119	0.3480	0.7134	0.1797	0.8881	17.0000	0.0608	850.0000	90.0000	0.1059	871.0000
423	0.7907	0.6172	0.3596	0.7381	0.1864	0.8871	17.0000	0.0819	863.0000	90.0000	0.1043	888.0000
424	0.8167	0.6213	0.3505	0.7432	0.1842	0.8940	16.9000	0.0681	848.0000	89.0000	0.1050	871.0000
425	0.8210	0.6094	0.3457	0.7368	0.1796	0.8758	16.9000	0.0832	802.0000	95.0000	0.1185	823.0000
426	0.8335	0.6102	0.3523	0.7458	0.1835	0.8865	17.1000	0.0705	844.0000	89.0000	0.1055	882.0000
427	0.8560	0.6238	0.3549	0.7522	0.1792	0.9022	16.8000	0.0599	824.0000	79.0000	0.0959	847.0000
428	0.8302	0.6164	0.3519	0.7447	0.1835	0.8945	17.0000	0.0634	864.0000	83.0000	0.0961	882.0000
429	0.8277	0.6201	0.3587	0.7355	0.1910	0.8844	17.1000	0.0752	875.0000	90.0000	0.1029	885.0000
430	0.8114	0.6135	0.3557	0.7474	0.1841	0.8876	17.0000	0.0751	843.0000	85.0000	0.1008	862.0000
431	0.8218	0.6102	0.3584	0.7357	0.1848	0.8954	16.9000	0.0730	855.0000	91.0000	0.1064	882.0000
432	0.8200	0.6189	0.3529	0.7429	0.1852	0.8984	16.9000	0.0700	894.0000	86.0000	0.0962	899.0000
433	0.8390	0.6218	0.3592	0.7448	0.1880	0.8949	17.1000	0.0648	854.0000	83.0000	0.0972	867.0000
434	0.7950	0.6205	0.3599	0.7555	0.1885	0.8858	17.1000	0.0757	878.0000	94.0000	0.1071	896.0000
435	0.8130	0.6226	0.3594	0.6997	0.1855	0.8885	17.1000	0.0728	882.0000	91.0000	0.1032	886.0000
436	0.8191	0.6135	0.3499	0.7507	0.1797	0.8946	16.9000	0.0636	806.0000	90.0000	0.1117	842.0000
437	0.8388	0.6148	0.3453	0.7458	0.1767	0.8937	17.1000	0.0686	834.0000	87.0000	0.1043	838.0000
438	0.8274	0.6094	0.3445	0.7520	0.1808	0.8986	17.1000	0.0810	833.0000	79.0000	0.0948	843.0000
439	0.8173	0.6131	0.3598	0.7328	0.1883	0.8859	17.1000	0.0742	908.0000	91.0000	0.1002	930.0000
440	0.8385	0.6135	0.3458	0.7870	0.1810	0.9066	17.0000	0.0570	824.0000	75.0000	0.0910	884.0000
441	0.7935	0.6185	0.3676	0.7096	0.1898	0.8909	17.1000	0.0796	860.0000	91.0000	0.1058	882.0000
442	0.8184	0.6131	0.3508	0.7208	0.1849	0.8848	17.1000	0.0750	867.0000	86.0000	0.0992	887.0000
443	0.8174	0.6139	0.3491	0.7027	0.1844	0.8851	17.0000	0.0813	864.0000	93.0000	0.1076	897.0000
444	0.8148	0.6143	0.3483	0.7606	0.1821	0.8982	17.1000	0.0646	853.0000	82.0000	0.0961	862.0000
445	0.7966	0.6180	0.3566	0.7703	0.1904	0.8865	17.1000	0.0761	818.0000	87.0000	0.1064	862.0000
446	0.8232	0.6168	0.3575	0.7529	0.1824	0.8978	17.0000	0.0669	859.0000	81.0000	0.0943	869.0000
447	0.8103	0.6131	0.3462	0.6985	0.1825	0.8919	17.0000	0.0743	883.0000	94.0000	0.1065	890.0000
448	0.8087	0.6123	0.3412	0.7223	0.1799	0.8828	17.1000	0.0760	861.0000	90.0000	0.1045	902.0000
449	0.8212	0.6267	0.3573	0.7208	0.1832	0.8919	16.8000	0.0799	880.0000	93.0000	0.1057	895.0000
450	0.8238	0.6106	0.3389	0.7460	0.1858	0.8736	17.1000	0.0824	856.0000	93.0000	0.1086	872.0000
451	0.8175	0.6168	0.3493	0.7609	0.1819	0.8811	17.1000	0.0866	787.0000	87.0000	0.1105	807.0000
452	0.8320	0.6127	0.3569	0.7400	0.1839	0.8945	16.9000	0.0617	837.0000	84.0000	0.1004	868.0000
453	0.8104	0.6209	0.3519	0.7142	0.1857	0.8775	17.1000	0.0952	833.0000	97.0000	0.1164	852.0000
454	0.8329	0.6123	0.3534	0.7505	0.1831	0.8942	17.0000	0.0551	844.0000	86.0000	0.1019	857.0000
455	0.8259	0.6123	0.3544	0.7721	0.1828	0.8865	16.9000	0.0707	819.0000	91.0000	0.1111	837.0000
456	0.8301	0.6201	0.3617	0.7433	0.1852	0.8901	17.0000	0.0752	871.0000	88.0000	0.1010	896.0000
457	0.8190	0.6160	0.3454	0.7778	0.1833	0.8914	17.0000	0.0715	845.0000	84.0000	0.0994	871.0000
458	0.8229	0.6209	0.3485	0.7385	0.1804	0.8843	17.0000	0.0725	842.0000	88.0000	0.1045	874.0000
459	0.8196	0.6135	0.3577	0.7548	0.1869	0.8916	17.0000	0.0658	859.0000	85.0000	0.0990	875.0000
460	0.8396	0.6082	0.3436	0.7429	0.1804	0.8886	16.9000	0.0672	822.0000	90.0000	0.1095	838.0000
461	0.8288	0.6073	0.3522	0.7314	0.1811	0.8928	17.1000	0.0721	809.0000	84.0000	0.1038	821.0000
462	0.8356	0.6102	0.3496	0.7270	0.1821	0.8912	17.1000	0.0785	808.0000	90.0000	0.1114	837.0000
463	0.8321	0.6143	0.3455	0.7091	0.1805	0.8827	17.0000	0.0772	879.0000	96.0000	0.1092	909.0000
464	0.8333	0.6205	0.3569	0.7240	0.1775	0.8986	17.1000	0.0772	804.0000	84.0000	0.1045	837.0000
465	0.8161	0.6049	0.3424	0.7291	0.1818	0.8806	17.0000	0.0802	859.0000	98.0000	0.1141	863.0000
466	0.8344	0.6176	0.3425	0.7453	0.1860	0.8814	17.0000	0.0700	850.0000	91.0000	0.1071	865.0000
467	0.8099	0.6110	0.3511	0.7351	0.1776	0.8845	17.0000	0.0729	909.0000	92.0000	0.1012	913.0000
468	0.8128	0.6209	0.3508	0.7326	0.1837	0.8907	17.1000	0.0779	826.0000	88.0000	0.1065	863.0000
469	0.8276	0.6082	0.3395	0.7324	0.1807	0.8745	17.1000	0.0821	820.0000	96.0000	0.1171	863.0000
470	0.8299	0.6205	0.3527	0.7447	0.1856	0.8975	16.9000	0.0787	840.0000	84.0000	0.1000	857.0000
471	0.8343	0.6193	0.3632	0.7366	0.1807	0.8960	17.0000	0.0683	884.0000	90.0000	0.1018	918.0000
472	0.8365	0.6176	0.3513	0.7411	0.1839	0.9017	17.1000	0.0502	864.0000	88.0000	0.1019	869.0000
473	0.8159	0.6143	0.3539	0.7502	0.1820	0.8816	17.0000	0.0725	851.0000	90.0000	0.1058	892.0000
474	0.8249	0.6115	0.3502	0.7318	0.1787	0.8829	17.0000	0.0765	887.0000	86.0000	0.0970	895.0000
475	0.8015	0.6176	0.3491	0.7308	0.1830	0.8817	17.0000	0.0868	783.0000	93.0000	0.1188	817.0000
476	0.8214	0.6230	0.3585	0.7541	0.1905	0.8852	17.1000	0.0705	836.0000	88.0000	0.1053	852.0000
477	0.8424	0.6131	0.3544	0.7442	0.1824	0.8881	17.0000	0.0797	825.0000	90.0000	0.1091	840.0000
478	0.8165	0.6152	0.3509	0.7093	0.1792	0.8819	17.0000	0.0863	847.0000	93.0000	0.1098	865.0000
479	0.8130	0.6131	0.3622	0.7437	0.1886	0.8925	16.8000	0.0766	816.0000	83.0000	0.1017	841.0000
480	0.8197	0.6176	0.3476	0.7145	0.1765	0.8919	17.2000	0.0686	815.0000	90.0000	0.1104	851.0000
481	0.8146	0.6131	0.3600	0.7217	0.1888	0.8882	17.0000	0.0810	863.0000	95.0000	0.1101	875.0000
482	0.8366	0.6189	0.3528	0.6995	0.1803	0.8823	17.1000	0.0780	872.0000	95.0000	0.1089	896.0000
483	0.8176	0.6131	0.3526	0.7222	0.1872	0.8912	17.0000	0.0684	912.0000	90.0000	0.0987	920.0000
484	0.8252	0.6148	0.3455	0.7208	0.1851	0.8866	16.8000	0.0780	841.0000	86.0000	0.1023	880.0000
485	0.8364	0.6176	0.3587	0.7273	0.1827	0.8946	17.0000	0.0642	909.0000	90.0000	0.0990	921.0000
486	0.8057	0.6086	0.3508	0.7604	0.1817	0.8807	17.0000	0.0845	824.0000	93.0000	0.1129	850.0000
487	0.8002	0.6185	0.3595	0.7483	0.1882	0.8854	17.2000	0.0842	890.0000	96.0000	0.1079	892.0000
488	0.8154	0.6185	0.3492	0.7407	0.1837	0.8764	17.0000	0.0836	825.0000	96.0000	0.1164	870.0000
489	0.8483	0.6069	0.3553	0.7307	0.1820	0.8975	16.9000	0.0572	853.0000	88.0000	0.1032	884.0000
490	0.8119	0.6205	0.3566	0.7418	0.1895	0.8888	16.9000	0.0762	867.0000	89.0000	0.1027	888.0000
491	0.7966	0.6135	0.3471	0.7143	0.1817	0.8691	17.1000	0.0724	838.0000	102.0000	0.1217	848.0000
492	0.8026	0.6172	0.3545	0.7142	0.1886	0.8939	17.1000	0.0654	864.0000	89.0000	0.1030	886.0000
493	0.8294	0.6152	0.3556	0.7320	0.1823	0.9017	17.0000	0.0660	866.0000	84.0000	0.0970	910.0000
494	0.8053	0.6148	0.3496	0.6984	0.1826	0.8728	17.1000	0.0842	873.0000	102.0000	0.1168	905.0000
495	0.8132	0.6176	0.3498	0.6807	0.1871	0.8847	16.9000	0.0760	874.0000	96.0000	0.1098	914.0000
496	0.8371	0.6164	0.3607	0.7346	0.1819	0.8840	17.1000	0.0757	805.0000	90.0000	0.1118	837.0000
497	0.8118	0.6139	0.3556	0.7302	0.1844	0.8852	17.2000	0.0717	880.0000	90.0000	0.1023	887.0000
498	0.8298	0.6168	0.3641	0.7399	0.1855	0.9017	17.0000	0.0697	857.0000	89.0000	0.1039	881.0000
499	0.8122	0.6135	0.3502	0.7556	0.1902	0.8980	17.0000	0.0664	864.0000	85.0000	0.0984	869.0000
500	0.8220	0.6168	0.3611	0.7416	0.1883	0.9025	17.1000	0.0613	893.0000	82.0000	0.0918	904.0000
501	0.8328	0.6143	0.3506	0.7414	0.1845	0.8895	16.9000	0.0778	857.0000	89.0000	0.1039	889.0000
502	0.8217	0.6185	0.3580	0.7364	0.1829	0.9023	17.0000	0.0685	841.0000	84.0000	0.0999	855.0000
503	0.8319	0.6156	0.3567	0.7390	0.1837	0.8903	16.9000	0.0770	826.0000	87.0000	0.1053	851.0000
504	0.8306	0.6160	0.3553	0.7434	0.1839	0.9008	17.2000	0.0697	861.0000	84.0000	0.0976	872.0000
505	0.8358	0.6218	0.3728	0.7089	0.1901	0.8730	17.1000	0.0695	912.0000	101.0000	0.1107	931.0000
506	0.8060	0.6226	0.3554	0.7472	0.1842	0.8745	17.1000	0.0873	906.0000	104.0000	0.1148	923.0000
507	0.8262	0.6168	0.3420	0.6907	0.1805	0.8726	16.9000	0.0789	882.0000	103.0000	0.1168	895.0000
508	0.8313	0.6168	0.3598	0.7518	0.1837	0.9071	17.0000	0.0600	873.0000	80.0000	0.0916	888.0000
509	0.8322	0.6135	0.3521	0.7297	0.1860	0.8901	16.8000	0.0693	881.0000	85.0000	0.0965	888.0000
510	0.8309	0.6156	0.3554	0.7507	0.1795	0.8899	17.1000	0.0683	827.0000	87.0000	0.1052	850.0000
511	0.8250	0.6185	0.3523	0.7628	0.1803	0.8967	16.9000	0.0719	789.0000	83.0000	0.1052	817.0000
512	0.8162	0.6156	0.3569	0.7263	0.1872	0.8716	17.1000	0.0773	849.0000	95.0000	0.1119	861.0000
513	0.8342	0.6115	0.3512	0.7046	0.1789	0.8938	17.1000	0.0780	882.0000	96.0000	0.1088	912.0000
514	0.8313	0.6098	0.3539	0.7271	0.1841	0.8841	17.1000	0.0701	852.0000	97.0000	0.1138	866.0000
515	0.8222	0.6135	0.3487	0.7586	0.1834	0.8936	16.8000	0.0721	883.0000	84.0000	0.0951	893.0000
516	0.8424	0.6148	0.3519	0.7387	0.1871	0.9003	17.1000	0.0583	862.0000	88.0000	0.1021	898.0000
517	0.8440	0.6176	0.3557	0.7463	0.1833	0.9010	17.0000	0.0578	894.0000	83.0000	0.0928	916.0000
518	0.8275	0.6218	0.3577	0.7432	0.1860	0.9025	17.0000	0.0768	898.0000	85.0000	0.0947	920.0000
519	0.8307	0.6139	0.3639	0.7597	0.1907	0.8877	16.9000	0.0775	826.0000	89.0000	0.1077	844.0000
520	0.8109	0.6168	0.3501	0.7431	0.1857	0.8822	17.1000	0.0685	867.0000	86.0000	0.0992	906.0000
521	0.8089	0.6135	0.3525	0.7564	0.1857	0.8888	17.2000	0.0649	855.0000	78.0000	0.0912	875.0000
522	0.8304	0.6156	0.3520	0.7312	0.1786	0.8919	17.1000	0.0856	835.0000	90.0000	0.1078	878.0000
523	0.8119	0.6205	0.3583	0.7305	0.1801	0.8868	17.0000	0.0825	829.0000	93.0000	0.1122	836.0000
524	0.8177	0.6164	0.3533	0.7519	0.1828	0.8980	16.9000	0.0638	833.0000	83.0000	0.0996	840.0000
525	0.8318	0.6127	0.3446	0.7415	0.1809	0.8967	17.2000	0.0649	860.0000	82.0000	0.0953	874.0000
526	0.8099	0.6218	0.3603	0.7608	0.1858	0.8966	17.0000	0.0657	889.0000	86.0000	0.0967	892.0000
527	0.8530	0.6213	0.3548	0.7463	0.1819	0.9058	17.0000	0.0678	848.0000	85.0000	0.1002	856.0000
528	0.8278	0.6172	0.3484	0.7397	0.1834	0.8828	17.1000	0.0772	871.0000	85.0000	0.0976	880.0000
529	0.8133	0.6160	0.3511	0.7141	0.1775	0.8822	17.1000	0.0806	887.0000	92.0000	0.1037	906.0000
530	0.8343	0.6148	0.3462	0.7557	0.1843	0.8934	17.0000	0.0747	845.0000	87.0000	0.1030	856.0000
531	0.8302	0.6226	0.3555	0.7532	0.1852	0.8900	17.0000	0.0657	850.0000	87.0000	0.1024	875.0000
532	0.8142	0.6135	0.3478	0.7085	0.1820	0.8861	17.2000	0.0819	847.0000	93.0000	0.1098	873.0000
533	0.8414	0.6065	0.3519	0.7642	0.1794	0.8812	17.0000	0.0772	826.0000	96.0000	0.1162	867.0000
534	0.8126	0.6213	0.3635	0.7248	0.1875	0.8870	17.1000	0.0660	898.0000	96.0000	0.1069	909.0000
535	0.8320	0.6106	0.3522	0.7267	0.1786	0.8885	17.1000	0.0682	817.0000	87.0000	0.1065	856.0000
536	0.8127	0.6119	0.3400	0.7337	0.1825	0.8841	17.0000	0.0732	842.0000	91.0000	0.1081	875.0000
537	0.8373	0.6131	0.3573	0.7433	0.1854	0.8961	17.0000	0.0658	875.0000	89.0000	0.1017	895.0000
538	0.8285	0.6115	0.3489	0.7624	0.1769	0.8944	16.8000	0.0680	847.0000	86.0000	0.1015	864.0000
539	0.8122	0.6139	0.3534	0.7513	0.1834	0.8821	17.1000	0.0737	834.0000	89.0000	0.1067	874.0000
540	0.8139	0.6119	0.3494	0.7311	0.1840	0.8752	17.2000	0.0784	838.0000	100.0000	0.1193	853.0000
541	0.8170	0.6160	0.3597	0.7106	0.1849	0.8924	17.0000	0.0699	859.0000	88.0000	0.1024	892.0000
542	0.8319	0.6222	0.3518	0.7217	0.1807	0.8877	17.1000	0.0735	891.0000	96.0000	0.1077	922.0000
543	0.8304	0.6189	0.3520	0.7256	0.1855	0.8983	16.9000	0.0652	865.0000	83.0000	0.0960	896.0000
544	0.8392	0.5987	0.3483	0.7554	0.1806	0.8983	17.1000	0.0630	866.0000	88.0000	0.1016	886.0000
545	0.8367	0.6143	0.3501	0.7564	0.1865	0.8990	17.0000	0.0630	848.0000	81.0000	0.0955	876.0000
546	0.8348	0.6115	0.3553	0.7604	0.1824	0.8970	16.9000	0.0646	783.0000	76.0000	0.0971	793.0000
547	0.8217	0.6135	0.3515	0.7589	0.1850	0.8871	17.1000	0.0744	880.0000	87.0000	0.0989	900.0000
548	0.8051	0.6189	0.3470	0.7238	0.1798	0.8915	17.1000	0.0698	836.0000	84.0000	0.1005	856.0000
549	0.8119	0.6185	0.3620	0.7351	0.1897	0.8873	16.9000	0.0827	854.0000	88.0000	0.1030	870.0000
550	0.8246	0.6094	0.3505	0.7363	0.1832	0.8785	17.1000	0.0805	853.0000	93.0000	0.1090	872.0000
551	0.8142	0.6143	0.3498	0.7269	0.1812	0.9001	17.1000	0.0736	823.0000	83.0000	0.1009	840.0000
552	0.8278	0.6180	0.3583	0.7190	0.1899	0.8880	17.0000	0.0688	914.0000	93.0000	0.1018	925.0000
553	0.8164	0.6180	0.3583	0.7566	0.1864	0.8867	16.9000	0.0671	819.0000	89.0000	0.1087	854.0000
554	0.8261	0.6123	0.3499	0.7046	0.1805	0.8822	17.1000	0.0738	880.0000	91.0000	0.1034	886.0000
555	0.8285	0.6209	0.3694	0.7588	0.1918	0.8971	16.9000	0.0733	887.0000	85.0000	0.0958	918.0000
556	0.8269	0.6172	0.3569	0.7391	0.1857	0.9015	17.0000	0.0718	826.0000	82.0000	0.0993	859.0000
557	0.8250	0.6053	0.3398	0.7695	0.1796	0.9041	17.1000	0.0663	843.0000	76.0000	0.0902	855.0000
558	0.8443	0.6115	0.3657	0.7389	0.1824	0.8981	17.0000	0.0695	788.0000	83.0000	0.1053	823.0000
559	0.8131	0.6205	0.3542	0.7407	0.1900	0.8861	17.0000	0.0630	874.0000	88.0000	0.1007	909.0000
560	0.8253	0.6205	0.3544	0.7135	0.1803	0.8812	17.2000	0.0899	795.0000	93.0000	0.1170	811.0000
561	0.8194	0.6197	0.3600	0.7612	0.1835	0.9021	17.0000	0.0616	872.0000	80.0000	0.0917	896.0000
562	0.8373	0.6189	0.3592	0.7313	0.1841	0.8910	17.0000	0.0679	838.0000	84.0000	0.1002	862.0000
563	0.8348	0.6172	0.3529	0.7519	0.1846	0.9074	17.1000	0.0593	873.0000	78.0000	0.0893	886.0000
564	0.8334	0.6139	0.3578	0.7106	0.1834	0.8844	17.1000	0.0795	863.0000	98.0000	0.1136	891.0000
565	0.7928	0.6098	0.3458	0.7404	0.1786	0.8774	17.0000	0.0739	798.0000	92.0000	0.1153	850.0000
566	0.8246	0.6238	0.3498	0.7528	0.1885	0.8907	16.9000	0.0637	888.0000	90.0000	0.1014	895.0000
567	0.8280	0.6168	0.3478	0.7686	0.1816	0.8988	17.0000	0.0712	847.0000	80.0000	0.0945	881.0000
568	0.8157	0.6156	0.3518	0.7043	0.1841	0.8777	17.1000	0.0718	854.0000	94.0000	0.1101	868.0000
569	0.8095	0.6164	0.3500	0.7147	0.1834	0.8855	17.0000	0.0743	898.0000	88.0000	0.0980	902.0000
570	0.8100	0.6123	0.3546	0.7188	0.1820	0.8893	17.1000	0.0690	883.0000	87.0000	0.0985	914.0000
571	0.8096	0.6131	0.3621	0.7128	0.1829	0.8840	16.8000	0.0810	893.0000	95.0000	0.1064	906.0000
572	0.8222	0.6160	0.3553	0.6986	0.1847	0.8824	17.2000	0.0897	850.0000	92.0000	0.1082	874.0000
573	0.8053	0.6197	0.3649	0.7143	0.1881	0.8891	17.0000	0.0664	854.0000	92.0000	0.1077	862.0000
574	0.8103	0.6135	0.3485	0.7523	0.1865	0.8747	17.0000	0.0831	820.0000	89.0000	0.1085	848.0000
575	0.8190	0.6176	0.3509	0.7015	0.1835	0.8868	17.1000	0.0808	863.0000	97.0000	0.1124	870.0000
576	0.8278	0.6205	0.3514	0.7553	0.1790	0.8941	16.9000	0.0679	825.0000	90.0000	0.1091	845.0000
577	0.8252	0.6123	0.3558	0.7551	0.1870	0.8961	17.0000	0.0649	835.0000	83.0000	0.0994	871.0000
578	0.8095	0.6152	0.3467	0.7645	0.1906	0.8951	16.9000	0.0797	856.0000	81.0000	0.0946	882.0000
579	0.8334	0.6176	0.3558	0.7655	0.1903	0.8980	17.1000	0.0666	894.0000	81.0000	0.0906	901.0000
580	0.8225	0.6271	0.3604	0.7258	0.1890	0.8829	17.0000	0.0630	841.0000	89.0000	0.1058	866.0000
581	0.8225	0.6193	0.3614	0.7473	0.1881	0.8986	16.9000	0.0666	880.0000	81.0000	0.0920	902.0000
582	0.8387	0.6061	0.3529	0.6945	0.1730	0.8833	17.0000	0.0771	797.0000	95.0000	0.1192	849.0000
583	0.8270	0.6106	0.3547	0.7764	0.1805	0.9040	17.0000	0.0677	845.0000	78.0000	0.0923	868.0000
584	0.8100	0.6193	0.3551	0.7354	0.1899	0.8925	17.1000	0.0748	901.0000	86.0000	0.0954	905.0000
585	0.8251	0.6127	0.3577	0.7475	0.1890	0.8883	17.0000	0.0582	900.0000	89.0000	0.0989	930.0000
586	0.8254	0.6226	0.3611	0.7546	0.1818	0.8953	17.0000	0.0722	843.0000	85.0000	0.1008	867.0000
587	0.8282	0.6230	0.3569	0.7423	0.1824	0.8926	17.1000	0.0737	855.0000	88.0000	0.1029	875.0000
588	0.8169	0.6094	0.3564	0.7533	0.1870	0.8915	17.1000	0.0734	829.0000	82.0000	0.0989	840.0000
589	0.8328	0.6180	0.3540	0.7343	0.1851	0.8876	17.0000	0.0640	830.0000	89.0000	0.1072	859.0000
590	0.8317	0.6189	0.3546	0.7532	0.1783	0.8982	16.9000	0.0618	858.0000	83.0000	0.0967	865.0000
591	0.8176	0.6180	0.3543	0.7076	0.1828	0.8879	17.1000	0.0783	873.0000	94.0000	0.1077	879.0000
592	0.8129	0.6139	0.3485	0.7370	0.1842	0.8836	17.1000	0.0745	909.0000	90.0000	0.0990	911.0000
593	0.8303	0.6123	0.3448	0.7322	0.1800	0.8881	17.2000	0.0721	844.0000	89.0000	0.1055	862.0000
594	0.8286	0.6123	0.3469	0.7253	0.1813	0.8811	17.0000	0.0725	870.0000	97.0000	0.1115	901.0000
595	0.8422	0.6164	0.3545	0.7585	0.1808	0.9047	17.1000	0.0625	824.0000	78.0000	0.0947	840.0000
596	0.8180	0.6110	0.3532	0.7247	0.1757	0.8848	17.2000	0.0769	847.0000	92.0000	0.1086	866.0000
597	0.8100	0.6180	0.3619	0.7328	0.1857	0.8914	16.9000	0.0639	902.0000	88.0000	0.0976	948.0000
598	0.8169	0.6148	0.3528	0.7463	0.1793	0.8773	17.0000	0.0753	834.0000	88.0000	0.1055	842.0000
599	0.8147	0.6139	0.3532	0.7665	0.1806	0.8879	16.9000	0.0760	818.0000	89.0000	0.1088	859.0000
600	0.8381	0.6090	0.3469	0.7343	0.1814	0.8879	17.1000	0.0611	859.0000	87.0000	0.1013	889.0000
601	0.8159	0.6106	0.3419	0.7349	0.1819	0.8954	17.0000	0.0681	840.0000	86.0000	0.1024	886.0000
602	0.7936	0.6251	0.3635	0.6878	0.1925	0.8748	17.0000	0.0795	875.0000	97.0000	0.1109	904.0000
603	0.8157	0.6226	0.3604	0.7477	0.1929	0.8931	17.0000	0.0729	845.0000	88.0000	0.1041	866.0000
604	0.8126	0.6127	0.3488	0.7453	0.1835	0.8732	17.0000	0.0935	811.0000	97.0000	0.1196	840.0000
605	0.8265	0.6267	0.3678	0.7441	0.1864	0.9022	16.9000	0.0666	894.0000	91.0000	0.1018	900.0000
606	0.8193	0.6189	0.3594	0.7256	0.1890	0.8847	17.1000	0.0724	894.0000	92.0000	0.1029	908.0000
607	0.7963	0.6176	0.3554	0.7141	0.1897	0.8803	17.0000	0.0701	829.0000	90.0000	0.1086	841.0000
608	0.8465	0.6279	0.3626	0.7644	0.1823	0.9014	16.9000	0.0586	852.0000	87.0000	0.1021	863.0000
609	0.8287	0.6213	0.3505	0.7742	0.1832	0.8799	17.0000	0.0700	820.0000	88.0000	0.1073	854.0000
610	0.8275	0.6164	0.3500	0.7097	0.1802	0.8936	17.0000	0.0830	821.0000	86.0000	0.1048	857.0000
611	0.8041	0.6230	0.3548	0.7390	0.1813	0.8733	16.9000	0.0886	806.0000	92.0000	0.1141	846.0000
612	0.8332	0.6164	0.3509	0.7627	0.1827	0.8956	17.0000	0.0651	843.0000	83.0000	0.0985	881.0000
613	0.8081	0.6123	0.3497	0.7368	0.1850	0.8810	17.0000	0.0817	838.0000	90.0000	0.1074	851.0000
614	0.8224	0.6148	0.3467	0.7351	0.1838	0.8950	17.1000	0.0648	837.0000	88.0000	0.1051	866.0000
615	0.8202	0.6135	0.3604	0.7192	0.1819	0.8937	17.0000	0.0742	802.0000	83.0000	0.1035	824.0000
616	0.8093	0.6164	0.3534	0.7287	0.1847	0.8916	17.1000	0.0892	819.0000	93.0000	0.1136	825.0000
617	0.7945	0.6148	0.3608	0.7664	0.1897	0.8917	17.2000	0.0769	847.0000	88.0000	0.1039	859.0000
618	0.8078	0.6160	0.3562	0.7191	0.1797	0.8867	16.9000	0.0800	839.0000	90.0000	0.1073	844.0000
619	0.8307	0.6230	0.3690	0.7342	0.1878	0.8896	16.8000	0.0638	847.0000	90.0000	0.1063	875.0000
620	0.8440	0.6131	0.3612	0.7560	0.1859	0.8998	17.0000	0.0653	870.0000	87.0000	0.1000	890.0000
621	0.8378	0.6164	0.3605	0.7282	0.1813	0.8912	17.0000	0.0616	808.0000	88.0000	0.1089	838.0000
622	0.8317	0.6230	0.3605	0.7496	0.1872	0.8912	17.1000	0.0656	858.0000	89.0000	0.1037	871.0000
623	0.8328	0.6143	0.3526	0.7404	0.1833	0.8891	16.9000	0.0721	901.0000	89.0000	0.0988	919.0000
624	0.8178	0.6106	0.3506	0.7245	0.1851	0.8784	17.0000	0.0855	854.0000	98.0000	0.1148	888.0000
625	0.8142	0.6036	0.3500	0.7424	0.1838	0.8870	16.9000	0.0700	890.0000	85.0000	0.0955	911.0000
626	0.8411	0.6135	0.3563	0.7631	0.1797	0.9001	16.9000	0.0701	878.0000	85.0000	0.0968	895.0000
627	0.8026	0.6176	0.3580	0.7241	0.1887	0.8790	17.0000	0.0730	849.0000	89.0000	0.1048	884.0000
628	0.8513	0.6189	0.3588	0.7421	0.1818	0.9052	17.1000	0.0557	821.0000	80.0000	0.0974	871.0000
629	0.8249	0.6189	0.3441	0.7193	0.1843	0.8843	17.1000	0.0748	857.0000	96.0000	0.1120	866.0000
630	0.8269	0.6148	0.3593	0.7289	0.1868	0.8943	17.0000	0.0629	853.0000	88.0000	0.1032	867.0000
631	0.8185	0.6201	0.3588	0.7144	0.1812	0.8928	16.9000	0.0745	819.0000	89.0000	0.1087	853.0000
632	0.8403	0.6148	0.3596	0.7341	0.1854	0.8996	16.9000	0.0641	861.0000	81.0000	0.0941	876.0000
633	0.8191	0.6197	0.3528	0.7189	0.1848	0.8743	16.7000	0.1030	862.0000	95.0000	0.1102	878.0000
634	0.8069	0.6090	0.3584	0.7637	0.1850	0.8934	16.9000	0.0663	852.0000	87.0000	0.1021	863.0000
635	0.8191	0.6152	0.3474	0.7593	0.1862	0.8915	17.0000	0.0638	845.0000	81.0000	0.0959	847.0000
636	0.7985	0.6069	0.3447	0.7632	0.1826	0.8927	17.1000	0.0691	817.0000	83.0000	0.1016	836.0000
637	0.8216	0.6197	0.3600	0.7403	0.1824	0.8958	17.0000	0.0760	877.0000	94.0000	0.1072	920.0000
638	0.8262	0.6201	0.3653	0.7583	0.1894	0.8924	16.8000	0.0657	876.0000	86.0000	0.0982	881.0000
639	0.8287	0.6185	0.3593	0.7534	0.1870	0.8828	17.0000	0.0780	830.0000	93.0000	0.1120	837.0000
640	0.8349	0.6115	0.3484	0.7283	0.1794	0.8891	17.0000	0.0662	883.0000	93.0000	0.1053	892.0000
641	0.8131	0.6077	0.3476	0.7370	0.1835	0.8929	16.7000	0.0615	832.0000	83.0000	0.0998	866.0000
642	0.8377	0.6123	0.3535	0.7201	0.1855	0.9000	17.0000	0.0685	875.0000	87.0000	0.0994	879.0000
643	0.8257	0.6197	0.3507	0.7681	0.1861	0.8897	17.1000	0.0688	860.0000	91.0000	0.1058	869.0000
644	0.8034	0.6086	0.3508	0.7469	0.1828	0.8876	17.1000	0.0752	904.0000	87.0000	0.0962	923.0000
645	0.8158	0.6234	0.3565	0.7656	0.1865	0.8974	17.0000	0.0660	913.0000	83.0000	0.0909	936.0000
646	0.8310	0.6086	0.3540	0.7352	0.1827	0.8820	17.1000	0.0826	843.0000	94.0000	0.1115	867.0000
647	0.8030	0.6127	0.3548	0.7326	0.1831	0.8868	17.2000	0.0740	884.0000	95.0000	0.1075	906.0000
648	0.8178	0.6185	0.3545	0.7228	0.1823	0.8906	17.1000	0.0738	856.0000	93.0000	0.1086	912.0000
649	0.8030	0.6160	0.3534	0.7570	0.1848	0.9012	17.1000	0.0621	815.0000	83.0000	0.1018	852.0000
650	0.8486	0.6251	0.3606	0.7649	0.1911	0.8956	17.0000	0.0633	894.0000	90.0000	0.1007	911.0000
651	0.8213	0.6193	0.3602	0.7252	0.1848	0.8857	16.9000	0.0816	906.0000	94.0000	0.1038	946.0000
652	0.8073	0.6110	0.3385	0.7445	0.1804	0.8823	16.9000	0.0794	804.0000	92.0000	0.1144	821.0000
653	0.8274	0.6106	0.3472	0.7464	0.1793	0.8911	17.0000	0.0764	845.0000	88.0000	0.1041	873.0000
654	0.8217	0.6143	0.3573	0.7570	0.1840	0.9007	17.0000	0.0610	834.0000	78.0000	0.0935	874.0000
655	0.8167	0.6172	0.3514	0.7395	0.1851	0.8921	17.1000	0.0819	876.0000	87.0000	0.0993	905.0000
656	0.8342	0.6094	0.3531	0.7620	0.1850	0.8977	16.9000	0.0626	823.0000	79.0000	0.0960	873.0000
657	0.8268	0.6164	0.3527	0.7503	0.1902	0.8803	17.1000	0.0770	865.0000	90.0000	0.1040	876.0000
658	0.8173	0.6102	0.3529	0.7175	0.1826	0.8793	17.2000	0.0906	845.0000	95.0000	0.1124	876.0000
659	0.8238	0.6226	0.3553	0.7440	0.1841	0.9024	17.0000	0.0694	844.0000	82.0000	0.0972	875.0000
660	0.8308	0.6222	0.3442	0.7369	0.1825	0.8955	17.1000	0.0630	880.0000	85.0000	0.0966	895.0000
661	0.8326	0.6168	0.3559	0.7420	0.1818	0.9001	17.0000	0.0690	857.0000	83.0000	0.0968	885.0000
662	0.8450	0.6082	0.3429	0.7543	0.1742	0.8938	17.0000	0.0614	875.0000	83.0000	0.0949	885.0000
663	0.8221	0.6172	0.3516	0.7318	0.1816	0.8898	17.1000	0.0895	824.0000	88.0000	0.1068	863.0000
664	0.8249	0.6127	0.3505	0.7379	0.1817	0.8919	17.1000	0.0688	858.0000	93.0000	0.1084	880.0000
665	0.8200	0.6185	0.3614	0.7447	0.1874	0.8962	17.0000	0.0556	907.0000	83.0000	0.0915	940.0000
666	0.8145	0.6168	0.3612	0.7262	0.1857	0.8898	16.9000	0.0675	859.0000	88.0000	0.1024	881.0000
667	0.8007	0.6242	0.3565	0.7614	0.1859	0.8803	17.1000	0.0891	828.0000	91.0000	0.1099	838.0000
668	0.8324	0.6164	0.3569	0.7265	0.1815	0.8871	17.2000	0.0695	855.0000	91.0000	0.1064	881.0000
669	0.8256	0.6106	0.3493	0.7663	0.1814	0.8923	17.0000	0.0726	785.0000	83.0000	0.1057	836.0000
670	0.8254	0.6156	0.3581	0.7006	0.1806	0.8925	16.9000	0.0768	858.0000	94.0000	0.1096	888.0000
671	0.8351	0.6156	0.3536	0.7254	0.1858	0.8985	17.0000	0.0644	868.0000	90.0000	0.1037	905.0000
672	0.8195	0.6185	0.3493	0.7319	0.1841	0.8891	17.1000	0.0755	910.0000	90.0000	0.0989	943.0000
673	0.8065	0.6160	0.3573	0.7470	0.1862	0.8823	17.1000	0.0810	837.0000	92.0000	0.1099	849.0000
674	0.8172	0.6197	0.3652	0.7362	0.1876	0.8937	17.1000	0.0754	919.0000	89.0000	0.0968	928.0000
675	0.8003	0.6176	0.3629	0.7255	0.1893	0.8824	17.1000	0.0841	812.0000	91.0000	0.1121	838.0000
676	0.8355	0.6189	0.3517	0.7676	0.1801	0.9097	17.0000	0.0629	877.0000	79.0000	0.0901	923.0000
677	0.8268	0.6127	0.3508	0.7769	0.1862	0.8906	16.9000	0.0640	829.0000	80.0000	0.0965	834.0000
678	0.8259	0.6131	0.3455	0.7452	0.1830	0.8913	17.1000	0.0728	785.0000	84.0000	0.1070	808.0000
679	0.8211	0.6102	0.3459	0.7480	0.1760	0.8913	17.1000	0.0810	832.0000	87.0000	0.1046	847.0000
680	0.8244	0.6180	0.3518	0.7558	0.1803	0.8979	17.1000	0.0725	853.0000	83.0000	0.0973	859.0000
681	0.8325	0.6205	0.3575	0.7657	0.1787	0.9020	17.1000	0.0665	856.0000	86.0000	0.1005	858.0000
682	0.8372	0.6131	0.3520	0.7481	0.1801	0.8940	16.9000	0.0648	871.0000	85.0000	0.0976	884.0000
683	0.8195	0.6193	0.3508	0.7128	0.1854	0.8929	17.2000	0.0809	903.0000	92.0000	0.1019	912.0000
684	0.8233	0.6152	0.3485	0.7244	0.1834	0.8784	17.1000	0.0720	851.0000	95.0000	0.1116	883.0000
685	0.7959	0.6115	0.3573	0.7361	0.1832	0.8912	16.9000	0.0707	824.0000	84.0000	0.1019	836.0000
686	0.8356	0.6205	0.3556	0.7732	0.1869	0.8957	17.1000	0.0604	809.0000	85.0000	0.1051	834.0000
687	0.8059	0.6259	0.3606	0.7062	0.1828	0.8859	17.1000	0.0720	877.0000	94.0000	0.1072	912.0000
688	0.7880	0.6160	0.3541	0.7128	0.1822	0.8971	17.1000	0.0705	806.0000	88.0000	0.1092	824.0000
689	0.8299	0.6131	0.3463	0.7585	0.1805	0.8953	16.9000	0.0684	820.0000	83.0000	0.1012	848.0000
690	0.8117	0.6201	0.3563	0.7729	0.1846	0.8994	16.9000	0.0606	868.0000	79.0000	0.0910	885.0000
691	0.8416	0.6106	0.3462	0.7327	0.1800	0.8976	17.1000	0.0712	816.0000	85.0000	0.1042	841.0000
692	0.8409	0.6283	0.3637	0.7523	0.1869	0.8962	17.0000	0.0703	830.0000	89.0000	0.1072	832.0000
693	0.8418	0.6176	0.3503	0.7318	0.1842	0.8900	17.0000	0.0489	854.0000	91.0000	0.1066	873.0000
694	0.8422	0.6073	0.3491	0.7359	0.1838	0.8968	17.1000	0.0745	872.0000	86.0000	0.0986	885.0000
695	0.8239	0.6176	0.3569	0.7258	0.1858	0.8953	17.1000	0.0771	917.0000	94.0000	0.1025	934.0000
696	0.8308	0.6148	0.3583	0.7157	0.1816	0.8806	17.0000	0.0918	822.0000	94.0000	0.1144	865.0000
697	0.8430	0.6164	0.3563	0.7390	0.1797	0.8975	16.9000	0.0674	857.0000	85.0000	0.0992	875.0000
698	0.8164	0.6193	0.3558	0.7289	0.1834	0.8937	17.1000	0.0639	893.0000	95.0000	0.1064	899.0000
699	0.8119	0.6300	0.3619	0.7550	0.1835	0.8917	16.9000	0.0728	903.0000	83.0000	0.0919	909.0000
700	0.8347	0.6152	0.3631	0.7127	0.1874	0.8895	17.2000	0.0655	826.0000	91.0000	0.1102	844.0000
701	0.8027	0.6180	0.3642	0.7296	0.1874	0.8849	16.9000	0.0866	895.0000	87.0000	0.0972	931.0000
702	0.8233	0.6094	0.3553	0.7318	0.1840	0.8879	17.0000	0.0771	836.0000	89.0000	0.1065	850.0000
703	0.8326	0.6123	0.3443	0.7031	0.1804	0.8881	17.0000	0.0808	837.0000	86.0000	0.1027	841.0000
704	0.8059	0.6180	0.3532	0.7427	0.1882	0.8883	17.0000	0.0780	884.0000	95.0000	0.1075	914.0000
705	0.8299	0.6090	0.3485	0.7470	0.1842	0.8895	16.9000	0.0653	843.0000	87.0000	0.1032	855.0000
706	0.7998	0.6156	0.3539	0.7412	0.1833	0.8852	16.9000	0.0863	857.0000	86.0000	0.1004	884.0000
707	0.8234	0.6164	0.3561	0.7402	0.1819	0.8929	16.8000	0.0752	846.0000	93.0000	0.1099	862.0000
708	0.8151	0.6131	0.3533	0.7445	0.1853	0.8889	17.0000	0.0714	859.0000	87.0000	0.1013	884.0000
709	0.8411	0.6180	0.3509	0.7597	0.1858	0.8881	17.0000	0.0701	822.0000	81.0000	0.0985	841.0000
710	0.8288	0.6156	0.3496	0.7434	0.1791	0.9000	17.0000	0.0715	846.0000	86.0000	0.1017	869.0000
711	0.8331	0.6168	0.3499	0.7515	0.1847	0.8855	17.1000	0.0631	844.0000	87.0000	0.1031	860.0000
712	0.8261	0.6139	0.3439	0.7308	0.1806	0.8950	17.0000	0.0661	865.0000	86.0000	0.0994	868.0000
713	0.8203	0.6160	0.3577	0.7179	0.1866	0.8969	17.1000	0.0672	860.0000	83.0000	0.0965	869.0000
714	0.8113	0.6242	0.3624	0.7313	0.1864	0.8842	17.0000	0.0774	871.0000	93.0000	0.1068	897.0000
715	0.8156	0.6180	0.3495	0.7284	0.1846	0.8810	17.1000	0.0703	858.0000	93.0000	0.1084	876.0000
716	0.8279	0.6131	0.3520	0.7552	0.1784	0.8790	17.1000	0.0723	837.0000	93.0000	0.1111	847.0000
717	0.8202	0.6069	0.3511	0.7515	0.1793	0.8846	16.9000	0.0656	794.0000	92.0000	0.1159	807.0000
718	0.8138	0.6193	0.3627	0.7206	0.1879	0.8873	16.9000	0.0711	882.0000	95.0000	0.1077	899.0000
719	0.8286	0.6189	0.3592	0.7327	0.1859	0.8843	17.2000	0.0705	856.0000	97.0000	0.1133	880.0000
720	0.8111	0.6119	0.3525	0.7064	0.1871	0.8929	17.1000	0.0821	833.0000	84.0000	0.1008	859.0000
721	0.8413	0.6143	0.3545	0.7309	0.1813	0.8882	17.0000	0.0731	861.0000	96.0000	0.1115	887.0000
722	0.8158	0.6090	0.3539	0.7071	0.1844	0.8852	16.9000	0.0777	793.0000	91.0000	0.1148	823.0000
723	0.8137	0.6102	0.3435	0.7622	0.1777	0.8779	16.9000	0.0909	849.0000	93.0000	0.1095	882.0000
724	0.8244	0.6094	0.3439	0.7357	0.1855	0.8929	17.0000	0.0725	824.0000	87.0000	0.1056	848.0000
725	0.8105	0.6152	0.3531	0.7337	0.1830	0.8927	16.8000	0.0674	827.0000	84.0000	0.1016	867.0000
726	0.8355	0.6094	0.3485	0.7702	0.1841	0.8888	17.2000	0.0603	842.0000	83.0000	0.0986	857.0000
727	0.8479	0.6156	0.3561	0.7472	0.1856	0.8861	17.2000	0.0769	848.0000	92.0000	0.1085	859.0000
728	0.8416	0.6073	0.3437	0.7262	0.1796	0.8994	17.1000	0.0655	847.0000	82.0000	0.0968	882.0000
729	0.8477	0.6185	0.3540	0.7490	0.1856	0.9097	17.1000	0.0516	846.0000	75.0000	0.0887	864.0000
730	0.8176	0.6180	0.3613	0.7039	0.1829	0.8801	16.9000	0.0909	882.0000	97.0000	0.1100	891.0000
731	0.8290	0.6143	0.3486	0.7550	0.1802	0.8912	17.0000	0.0758	774.0000	85.0000	0.1098	825.0000
732	0.8230	0.6098	0.3529	0.7227	0.1775	0.8834	17.0000	0.0697	845.0000	93.0000	0.1101	847.0000
733	0.8288	0.6185	0.3543	0.7625	0.1824	0.9045	16.9000	0.0717	827.0000	82.0000	0.0992	848.0000
734	0.8244	0.6077	0.3409	0.7514	0.1796	0.8904	16.8000	0.0683	841.0000	84.0000	0.0999	868.0000
735	0.8220	0.6172	0.3553	0.7257	0.1864	0.8888	17.0000	0.0683	904.0000	96.0000	0.1062	923.0000
736	0.8358	0.6218	0.3542	0.7683	0.1832	0.8996	17.0000	0.0612	836.0000	85.0000	0.1017	847.0000
737	0.8128	0.6110	0.3434	0.7221	0.1845	0.8812	17.2000	0.0664	844.0000	95.0000	0.1126	889.0000
738	0.8239	0.6197	0.3668	0.7511	0.1849	0.8967	16.9000	0.0681	829.0000	87.0000	0.1049	850.0000
739	0.8366	0.6180	0.3591	0.7356	0.1818	0.8987	16.8000	0.0695	847.0000	88.0000	0.1039	862.0000
740	0.8182	0.6156	0.3570	0.6845	0.1886	0.8810	16.9000	0.0695	900.0000	103.0000	0.1144	904.0000
741	0.8436	0.6176	0.3541	0.7550	0.1831	0.8946	17.0000	0.0814	851.0000	82.0000	0.0964	891.0000
742	0.8373	0.6230	0.3644	0.7341	0.1876	0.8938	17.1000	0.0680	852.0000	88.0000	0.1033	887.0000
743	0.8294	0.6251	0.3581	0.7310	0.1849	0.8911	17.0000	0.0723	867.0000	91.0000	0.1050	892.0000
744	0.8158	0.6098	0.3403	0.7437	0.1794	0.8891	17.1000	0.0760	893.0000	88.0000	0.0985	921.0000
745	0.8234	0.6135	0.3527	0.7323	0.1816	0.8845	17.0000	0.0797	843.0000	92.0000	0.1091	887.0000
746	0.8085	0.6115	0.3500	0.7164	0.1828	0.8856	16.9000	0.0752	882.0000	94.0000	0.1066	904.0000
747	0.8389	0.6160	0.3584	0.7609	0.1843	0.8891	17.1000	0.0705	855.0000	83.0000	0.0971	872.0000
748	0.8092	0.6148	0.3490	0.7556	0.1816	0.8908	16.9000	0.0753	839.0000	90.0000	0.1073	849.0000
749	0.8207	0.6131	0.3436	0.7513	0.1808	0.8900	17.0000	0.0791	829.0000	88.0000	0.1062	851.0000
750	0.8203	0.6160	0.3530	0.7355	0.1877	0.8753	17.1000	0.0790	839.0000	91.0000	0.1085	870.0000
751	0.8343	0.6152	0.3550	0.7477	0.1841	0.8955	17.0000	0.0664	848.0000	86.0000	0.1014	862.0000
752	0.8242	0.6168	0.3604	0.7036	0.1827	0.8901	16.9000	0.0785	874.0000	93.0000	0.1064	896.0000
753	0.8523	0.6135	0.3507	0.7619	0.1843	0.9103	17.0000	0.0513	827.0000	69.0000	0.0834	864.0000
754	0.8380	0.6119	0.3558	0.7552	0.1805	0.8981	17.1000	0.0641	824.0000	81.0000	0.0983	867.0000
755	0.8229	0.6082	0.3503	0.7243	0.1790	0.8902	17.1000	0.0734	853.0000	89.0000	0.1043	866.0000
756	0.8288	0.6213	0.3573	0.7312	0.1862	0.8875	17.1000	0.0651	837.0000	90.0000	0.1075	870.0000
757	0.8108	0.6185	0.3505	0.7085	0.1803	0.8809	16.8000	0.0893	846.0000	91.0000	0.1076	868.0000
758	0.8298	0.6135	0.3607	0.7304	0.1804	0.8860	17.0000	0.0795	850.0000	97.0000	0.1141	881.0000
759	0.8305	0.6172	0.3574	0.7340	0.1837	0.8897	17.1000	0.0640	810.0000	81.0000	0.1000	859.0000
760	0.8378	0.6102	0.3497	0.7285	0.1820	0.8842	17.1000	0.0750	822.0000	93.0000	0.1131	858.0000
761	0.8196	0.6115	0.3530	0.7356	0.1859	0.8885	17.1000	0.0717	826.0000	81.0000	0.0981	836.0000
762	0.8181	0.6255	0.3679	0.7234	0.1887	0.8913	16.9000	0.0689	887.0000	86.0000	0.0970	918.0000
763	0.8290	0.6143	0.3525	0.7709	0.1821	0.8892	16.9000	0.0687	838.0000	86.0000	0.1026	882.0000
764	0.8205	0.6098	0.3544	0.7724	0.1797	0.8864	17.0000	0.0793	798.0000	88.0000	0.1103	823.0000
765	0.7995	0.6106	0.3533	0.7098	0.1810	0.8753	17.2000	0.0877	875.0000	94.0000	0.1074	883.0000
766	0.8110	0.6205	0.3605	0.7498	0.1860	0.8894	17.0000	0.0854	882.0000	89.0000	0.1009	890.0000
767	0.8148	0.6139	0.3378	0.7496	0.1791	0.8899	17.0000	0.0664	808.0000	82.0000	0.1015	830.0000
768	0.8317	0.6135	0.3430	0.7199	0.1802	0.8948	17.0000	0.0840	833.0000	84.0000	0.1008	848.0000
769	0.8378	0.6172	0.3506	0.7304	0.1832	0.8914	17.1000	0.0666	887.0000	90.0000	0.1015	919.0000
770	0.8270	0.6139	0.3614	0.7449	0.1885	0.9040	17.1000	0.0646	892.0000	86.0000	0.0964	910.0000
771	0.7938	0.6090	0.3461	0.7473	0.1824	0.8862	17.0000	0.0841	838.0000	88.0000	0.1050	874.0000
772	0.8177	0.6218	0.3673	0.7207	0.1893	0.9002	17.0000	0.0640	865.0000	84.0000	0.0971	886.0000
773	0.8316	0.6185	0.3451	0.7236	0.1771	0.8884	17.0000	0.0841	814.0000	95.0000	0.1167	832.0000
774	0.8207	0.6123	0.3476	0.7203	0.1809	0.8937	16.9000	0.0742	868.0000	91.0000	0.1048	889.0000
775	0.8168	0.6073	0.3460	0.7568	0.1785	0.8986	16.9000	0.0671	814.0000	83.0000	0.1020	845.0000
776	0.8181	0.6172	0.3526	0.7200	0.1815	0.8960	17.0000	0.0674	917.0000	89.0000	0.0971	931.0000
777	0.8167	0.6226	0.3589	0.7207	0.1863	0.8974	16.9000	0.0623	891.0000	88.0000	0.0988	909.0000
778	0.8295	0.6234	0.3510	0.7741	0.1842	0.9007	16.9000	0.0644	853.0000	85.0000	0.0996	891.0000
779	0.8250	0.6168	0.3503	0.7574	0.1806	0.8839	16.9000	0.0611	822.0000	89.0000	0.1083	852.0000
780	0.8201	0.6127	0.3554	0.7405	0.1846	0.8868	17.0000	0.0822	832.0000	90.0000	0.1082	857.0000
781	0.8111	0.6172	0.3517	0.7343	0.1803	0.8864	17.0000	0.0706	825.0000	87.0000	0.1055	874.0000
782	0.8274	0.6156	0.3504	0.7535	0.1792	0.8928	17.0000	0.0707	847.0000	87.0000	0.1027	872.0000
783	0.8200	0.6176	0.3513	0.7684	0.1842	0.9097	16.8000	0.0650	867.0000	77.0000	0.0888	888.0000
784	0.8182	0.6139	0.3518	0.7368	0.1819	0.8937	17.1000	0.0791	859.0000	87.0000	0.1013	877.0000
785	0.8305	0.6082	0.3454	0.7454	0.1782	0.8997	17.0000	0.0663	856.0000	88.0000	0.1028	882.0000
786	0.8137	0.6061	0.3525	0.7174	0.1762	0.8929	17.0000	0.0679	809.0000	86.0000	0.1063	842.0000
787	0.8115	0.6156	0.3486	0.7279	0.1839	0.8827	17.1000	0.0654	925.0000	90.0000	0.0973	927.0000
788	0.8188	0.6131	0.3413	0.7092	0.1864	0.8988	17.0000	0.0701	870.0000	89.0000	0.1023	890.0000
789	0.8221	0.6090	0.3572	0.7533	0.1815	0.8924	17.2000	0.0684	851.0000	94.0000	0.1105	893.0000
790	0.8011	0.6160	0.3468	0.7386	0.1854	0.8863	17.1000	0.0704	884.0000	92.0000	0.1041	919.0000
791	0.8243	0.6251	0.3614	0.7499	0.1922	0.8886	17.1000	0.0709	875.0000	90.0000	0.1029	881.0000
792	0.8178	0.6069	0.3440	0.7248	0.1743	0.8765	17.1000	0.0898	816.0000	97.0000	0.1189	837.0000
793	0.8251	0.6160	0.3519	0.7744	0.1891	0.8989	16.8000	0.0624	898.0000	89.0000	0.0991	905.0000
794	0.8205	0.6152	0.3561	0.7363	0.1856	0.8785	17.0000	0.0674	864.0000	90.0000	0.1042	898.0000
795	0.8252	0.6193	0.3519	0.7672	0.1826	0.8936	16.9000	0.0786	859.0000	84.0000	0.0978	867.0000
796	0.8150	0.6189	0.3591	0.7544	0.1852	0.8794	16.9000	0.0789	812.0000	92.0000	0.1133	831.0000
797	0.8170	0.6123	0.3516	0.7228	0.1879	0.8740	17.0000	0.0738	826.0000	88.0000	0.1065	852.0000
798	0.8342	0.6156	0.3610	0.7369	0.1820	0.8928	17.0000	0.0682	852.0000	86.0000	0.1009	854.0000
799	0.8330	0.6152	0.3557	0.7448	0.1836	0.8940	17.1000	0.0666	846.0000	84.0000	0.0993	861.0000
800	0.8131	0.6226	0.3431	0.7074	0.1794	0.8822	17.2000	0.0800	901.0000	98.0000	0.1088	913.0000
801	0.8193	0.6143	0.3512	0.7372	0.1874	0.8920	16.9000	0.0711	828.0000	86.0000	0.1039	850.0000
802	0.8445	0.6213	0.3555	0.7309	0.1874	0.9058	17.0000	0.0666	900.0000	81.0000	0.0900	921.0000
803	0.8285	0.6176	0.3503	0.7445	0.1864	0.8891	17.1000	0.0725	871.0000	90.0000	0.1033	881.0000
804	0.8155	0.6168	0.3600	0.7328	0.1838	0.8802	17.2000	0.0768	843.0000	96.0000	0.1139	860.0000
805	0.8206	0.6180	0.3528	0.7157	0.1792	0.8851	16.9000	0.0742	911.0000	96.0000	0.1054	938.0000
806	0.8297	0.6123	0.3527	0.7558	0.1793	0.8888	16.9000	0.0760	798.0000	90.0000	0.1128	836.0000
807	0.8109	0.6139	0.3565	0.7631	0.1852	0.8891	16.9000	0.0695	865.0000	83.0000	0.0960	890.0000
808	0.8116	0.6176	0.3608	0.7407	0.1857	0.9033	17.0000	0.0654	814.0000	80.0000	0.0983	840.0000
809	0.8186	0.6197	0.3534	0.7042	0.1862	0.8941	17.1000	0.0654	883.0000	91.0000	0.1031	891.0000
810	0.8072	0.6127	0.3446	0.7419	0.1791	0.8723	17.0000	0.0749	824.0000	89.0000	0.1080	865.0000
811	0.8063	0.6242	0.3627	0.7384	0.1816	0.8994	16.9000	0.0618	850.0000	84.0000	0.0988	861.0000
812	0.8401	0.6180	0.3533	0.7502	0.1816	0.8963	16.9000	0.0626	892.0000	88.0000	0.0987	903.0000
813	0.8097	0.6172	0.3567	0.7418	0.1861	0.8883	17.0000	0.0641	860.0000	87.0000	0.1012	908.0000
814	0.8212	0.6148	0.3456	0.7453	0.1788	0.8908	17.0000	0.0810	808.0000	91.0000	0.1126	845.0000
815	0.8294	0.6205	0.3644	0.7511	0.1887	0.8952	17.0000	0.0692	875.0000	85.0000	0.0971	889.0000
816	0.7994	0.6185	0.3472	0.7341	0.1820	0.8878	17.0000	0.0725	845.0000	92.0000	0.1089	847.0000
817	0.8108	0.6176	0.3579	0.7417	0.1856	0.8905	17.1000	0.0706	863.0000	88.0000	0.1020	887.0000
818	0.8119	0.6197	0.3543	0.7504	0.1870	0.9054	17.0000	0.0611	886.0000	81.0000	0.0914	905.0000
819	0.8296	0.6176	0.3558	0.7279	0.1821	0.8852	17.1000	0.0660	907.0000	95.0000	0.1047	931.0000
820	0.8253	0.6197	0.3581	0.7006	0.1820	0.8961	17.2000	0.0670	864.0000	89.0000	0.1030	900.0000
821	0.8179	0.6172	0.3592	0.7351	0.1861	0.8933	17.1000	0.0686	859.0000	86.0000	0.1001	863.0000
822	0.8133	0.6135	0.3467	0.7281	0.1775	0.8711	17.0000	0.0790	809.0000	94.0000	0.1162	829.0000
823	0.8203	0.6300	0.3627	0.7209	0.1868	0.8942	17.0000	0.0770	912.0000	89.0000	0.0976	930.0000
824	0.8121	0.6209	0.3618	0.7066	0.1923	0.8774	17.0000	0.0843	924.0000	102.0000	0.1104	936.0000
825	0.8241	0.6156	0.3561	0.7582	0.1866	0.8951	16.9000	0.0540	882.0000	84.0000	0.0952	888.0000
826	0.8105	0.6152	0.3508	0.7225	0.1858	0.8857	16.9000	0.0891	823.0000	88.0000	0.1069	826.0000
827	0.8186	0.6156	0.3550	0.7272	0.1859	0.8878	17.2000	0.0720	884.0000	92.0000	0.1041	899.0000
828	0.8341	0.6135	0.3457	0.7414	0.1762	0.8916	17.0000	0.0662	851.0000	89.0000	0.1046	880.0000
829	0.8154	0.6152	0.3624	0.7468	0.1828	0.8934	16.9000	0.0597	849.0000	85.0000	0.1001	892.0000
830	0.8395	0.6197	0.3704	0.7433	0.1846	0.8842	17.1000	0.0714	871.0000	96.0000	0.1102	903.0000
831	0.8101	0.6172	0.3648	0.7238	0.1833	0.8970	17.1000	0.0743	882.0000	87.0000	0.0986	894.0000
832	0.8202	0.6205	0.3594	0.7010	0.1835	0.8839	17.0000	0.0912	937.0000	99.0000	0.1057	954.0000
833	0.8219	0.6213	0.3630	0.7207	0.1889	0.8851	16.9000	0.0672	884.0000	94.0000	0.1063	904.0000
834	0.8315	0.6086	0.3485	0.7621	0.1818	0.8892	17.0000	0.0795	830.0000	84.0000	0.1012	851.0000
835	0.8122	0.6148	0.3556	0.7329	0.1827	0.8988	16.8000	0.0780	889.0000	90.0000	0.1012	908.0000
836	0.8231	0.6180	0.3410	0.7475	0.1751	0.8991	16.9000	0.0707	870.0000	78.0000	0.0897	873.0000
837	0.8406	0.6131	0.3492	0.7356	0.1879	0.8900	17.0000	0.0707	813.0000	86.0000	0.1058	833.0000
838	0.8102	0.6143	0.3439	0.7269	0.1791	0.8963	17.1000	0.0653	877.0000	89.0000	0.1015	881.0000
839	0.8584	0.6139	0.3512	0.7797	0.1792	0.9081	16.9000	0.0588	816.0000	78.0000	0.0956	845.0000
840	0.8092	0.6197	0.3516	0.7466	0.1857	0.8880	17.1000	0.0757	844.0000	87.0000	0.1031	868.0000
841	0.8116	0.6193	0.3629	0.7321	0.1852	0.8846	17.1000	0.0787	864.0000	88.0000	0.1019	899.0000
842	0.8250	0.6193	0.3570	0.7311	0.1815	0.8974	17.1000	0.0777	818.0000	83.0000	0.1015	842.0000
843	0.8297	0.6189	0.3552	0.7344	0.1876	0.8919	17.0000	0.0727	828.0000	85.0000	0.1027	832.0000
844	0.8329	0.6090	0.3425	0.7406	0.1813	0.8909	16.9000	0.0664	830.0000	87.0000	0.1048	847.0000
845	0.8174	0.6152	0.3602	0.7656	0.1862	0.8946	17.0000	0.0758	842.0000	82.0000	0.0974	860.0000
846	0.8245	0.6131	0.3532	0.7618	0.1896	0.8979	17.1000	0.0564	822.0000	79.0000	0.0961	832.0000
847	0.8471	0.6127	0.3501	0.7497	0.1785	0.8926	17.0000	0.0734	804.0000	83.0000	0.1032	843.0000
848	0.8285	0.6152	0.3575	0.7342	0.1821	0.8966	17.0000	0.0725	849.0000	81.0000	0.0954	866.0000
849	0.8330	0.6168	0.3514	0.7265	0.1830	0.8885	17.0000	0.0644	908.0000	96.0000	0.1057	923.0000
850	0.8313	0.6193	0.3596	0.7542	0.1839	0.9014	17.0000	0.0618	878.0000	86.0000	0.0979	895.0000
851	0.8437	0.6102	0.3569	0.7413	0.1806	0.8902	17.0000	0.0785	815.0000	86.0000	0.1055	854.0000
852	0.8278	0.6106	0.3512	0.7114	0.1853	0.8849	17.2000	0.0760	853.0000	92.0000	0.1079	858.0000
853	0.8112	0.6073	0.3420	0.7367	0.1814	0.8808	17.1000	0.0836	830.0000	87.0000	0.1048	845.0000
854	0.8092	0.6110	0.3500	0.7481	0.1785	0.8918	17.1000	0.0780	791.0000	84.0000	0.1062	818.0000
855	0.8226	0.6164	0.3544	0.7277	0.1862	0.9036	16.9000	0.0763	881.0000	85.0000	0.0965	922.0000
856	0.8179	0.6127	0.3515	0.7573	0.1878	0.8966	17.0000	0.0724	863.0000	82.0000	0.0950	877.0000
857	0.8130	0.6077	0.3481	0.7316	0.1836	0.8868	17.0000	0.0698	842.0000	86.0000	0.1021	867.0000
858	0.8295	0.6131	0.3533	0.7431	0.1829	0.9000	16.9000	0.0728	839.0000	82.0000	0.0977	866.0000
859	0.8300	0.6242	0.3557	0.7245	0.1820	0.8856	17.0000	0.0820	886.0000	93.0000	0.1050	897.0000
860	0.8289	0.6193	0.3556	0.7222	0.1841	0.8846	17.0000	0.0739	882.0000	91.0000	0.1032	900.0000
861	0.8237	0.6082	0.3464	0.7341	0.1826	0.8899	17.1000	0.0742	855.0000	89.0000	0.1041	884.0000
862	0.8278	0.6123	0.3486	0.7275	0.1796	0.8965	16.9000	0.0687	840.0000	80.0000	0.0952	857.0000
863	0.8138	0.6086	0.3478	0.7311	0.1812	0.8857	17.0000	0.0895	817.0000	89.0000	0.1089	820.0000
864	0.8389	0.6123	0.3569	0.7623	0.1817	0.8897	16.9000	0.0741	906.0000	84.0000	0.0927	909.0000
865	0.8295	0.6185	0.3472	0.7419	0.1869	0.8941	17.0000	0.0581	884.0000	83.0000	0.0939	902.0000
866	0.8202	0.6040	0.3435	0.7626	0.1785	0.8857	17.0000	0.0720	830.0000	86.0000	0.1036	851.0000
867	0.8262	0.6168	0.3604	0.7105	0.1845	0.8849	17.1000	0.0721	860.0000	94.0000	0.1093	891.0000
868	0.8183	0.6279	0.3643	0.7089	0.1851	0.8896	17.1000	0.0777	861.0000	92.0000	0.1069	883.0000
869	0.8237	0.6197	0.3587	0.7387	0.1853	0.8906	17.0000	0.0676	898.0000	89.0000	0.0991	910.0000
870	0.8326	0.6143	0.3522	0.7188	0.1815	0.9003	17.1000	0.0793	817.0000	85.0000	0.1040	821.0000
871	0.8202	0.6077	0.3512	0.7233	0.1874	0.8906	17.0000	0.0628	855.0000	85.0000	0.0994	903.0000
872	0.8294	0.6094	0.3416	0.7200	0.1781	0.8834	17.0000	0.0754	855.0000	93.0000	0.1088	872.0000
873	0.8468	0.6189	0.3586	0.7394	0.1842	0.8950	16.8000	0.0649	883.0000	92.0000	0.1042	913.0000
874	0.8164	0.6218	0.3537	0.7123	0.1883	0.8880	17.1000	0.0704	848.0000	92.0000	0.1085	885.0000
875	0.8139	0.6185	0.3504	0.7583	0.1837	0.8833	17.0000	0.0722	815.0000	89.0000	0.1092	830.0000
876	0.8146	0.6049	0.3516	0.7521	0.1827	0.8868	17.1000	0.0676	799.0000	86.0000	0.1076	830.0000
877	0.8380	0.6135	0.3508	0.7143	0.1811	0.8973	17.1000	0.0673	848.0000	83.0000	0.0979	898.0000
878	0.8128	0.6185	0.3531	0.7307	0.1881	0.9009	17.0000	0.0719	867.0000	84.0000	0.0969	895.0000
879	0.8249	0.6102	0.3545	0.7361	0.1878	0.8926	16.9000	0.0703	848.0000	91.0000	0.1073	865.0000
880	0.8183	0.6185	0.3582	0.7676	0.1860	0.9002	16.9000	0.0618	862.0000	81.0000	0.0940	896.0000
881	0.8198	0.6222	0.3636	0.7360	0.1898	0.8889	17.0000	0.0723	885.0000	88.0000	0.0994	903.0000
882	0.8268	0.6230	0.3616	0.7702	0.1892	0.8986	17.1000	0.0591	856.0000	83.0000	0.0970	858.0000
883	0.7900	0.6156	0.3554	0.7342	0.1823	0.8769	17.0000	0.0835	829.0000	93.0000	0.1122	859.0000
884	0.8042	0.6176	0.3481	0.7378	0.1798	0.8821	17.0000	0.0867	796.0000	92.0000	0.1156	811.0000
885	0.8303	0.6201	0.3568	0.7594	0.1887	0.8959	17.0000	0.0736	880.0000	81.0000	0.0920	925.0000
886	0.8079	0.6156	0.3474	0.7567	0.1876	0.8794	17.1000	0.0748	805.0000	91.0000	0.1130	828.0000
887	0.8299	0.6197	0.3643	0.7262	0.1898	0.8966	16.9000	0.0722	860.0000	85.0000	0.0988	868.0000
888	0.8246	0.6230	0.3563	0.7262	0.1807	0.8848	17.0000	0.0736	867.0000	92.0000	0.1061	889.0000
889	0.8132	0.6222	0.3587	0.7256	0.1850	0.8829	17.2000	0.0890	808.0000	90.0000	0.1114	837.0000
890	0.8439	0.6172	0.3647	0.7435	0.1885	0.9018	16.9000	0.0644	907.0000	85.0000	0.0937	911.0000
891	0.8083	0.6123	0.3578	0.7566	0.1867	0.8968	17.2000	0.0663	881.0000	90.0000	0.1022	883.0000
892	0.8325	0.6127	0.3488	0.7373	0.1794	0.8852	17.1000	0.0696	869.0000	93.0000	0.1070	902.0000
893	0.8402	0.6201	0.3565	0.7604	0.1850	0.8937	17.0000	0.0652	822.0000	80.0000	0.0973	838.0000
894	0.8026	0.6168	0.3560	0.7325	0.1871	0.8887	17.1000	0.0639	909.0000	87.0000	0.0957	943.0000
895	0.8093	0.6090	0.3385	0.7225	0.1797	0.8805	16.8000	0.0799	829.0000	90.0000	0.1086	856.0000
896	0.8417	0.6168	0.3499	0.7282	0.1776	0.8934	17.2000	0.0770	825.0000	88.0000	0.1067	850.0000
897	0.8107	0.6135	0.3549	0.7203	0.1790	0.8879	17.0000	0.0793	843.0000	91.0000	0.1079	857.0000
898	0.8207	0.6238	0.3603	0.7221	0.1890	0.8998	16.9000	0.0730	885.0000	85.0000	0.0960	901.0000
899	0.8335	0.6251	0.3659	0.7279	0.1843	0.8922	17.0000	0.0658	887.0000	93.0000	0.1048	911.0000
900	0.8250	0.6222	0.3624	0.7278	0.1887	0.8929	17.0000	0.0730	874.0000	89.0000	0.1018	903.0000
901	0.8511	0.6139	0.3602	0.7125	0.1826	0.9002	17.0000	0.0696	858.0000	88.0000	0.1026	867.0000
902	0.8382	0.6263	0.3620	0.7404	0.1860	0.9011	17.0000	0.0547	841.0000	79.0000	0.0939	886.0000
903	0.8337	0.6189	0.3516	0.7355	0.1815	0.8942	17.1000	0.0728	823.0000	86.0000	0.1045	851.0000
904	0.8231	0.6148	0.3490	0.7409	0.1824	0.9020	16.9000	0.0719	874.0000	83.0000	0.0950	878.0000
905	0.8175	0.6185	0.3539	0.7477	0.1859	0.8886	17.1000	0.0719	895.0000	90.0000	0.1006	922.0000
906	0.8126	0.6193	0.3473	0.7180	0.1831	0.8883	17.2000	0.0685	843.0000	92.0000	0.1091	849.0000
907	0.8308	0.6148	0.3487	0.7341	0.1756	0.8929	17.0000	0.0755	797.0000	85.0000	0.1066	841.0000
908	0.8282	0.6115	0.3520	0.7104	0.1888	0.8867	16.9000	0.0697	833.0000	92.0000	0.1104	886.0000
909	0.8253	0.6172	0.3516	0.7388	0.1843	0.8906	17.1000	0.0781	851.0000	89.0000	0.1046	871.0000
910	0.8177	0.6139	0.3508	0.7294	0.1805	0.8874	17.2000	0.0820	837.0000	92.0000	0.1099	881.0000
911	0.8350	0.6139	0.3499	0.7320	0.1865	0.8984	16.9000	0.0721	859.0000	86.0000	0.1001	863.0000
912	0.8177	0.6234	0.3628	0.7510	0.1875	0.8967	17.0000	0.0612	886.0000	84.0000	0.0948	889.0000
913	0.8444	0.6102	0.3453	0.7434	0.1807	0.8873	16.9000	0.0719	832.0000	87.0000	0.1046	855.0000
914	0.8198	0.6168	0.3537	0.7598	0.1823	0.8863	17.0000	0.0658	857.0000	86.0000	0.1004	880.0000
915	0.8294	0.6139	0.3455	0.7377	0.1813	0.8978	17.1000	0.0678	859.0000	80.0000	0.0931	880.0000
916	0.8425	0.6053	0.3402	0.7575	0.1773	0.8943	17.0000	0.0773	792.0000	79.0000	0.0997	814.0000
917	0.8186	0.6139	0.3556	0.7337	0.1856	0.8915	17.0000	0.0738	868.0000	88.0000	0.1014	875.0000
918	0.8165	0.6218	0.3634	0.7575	0.1919	0.8949	17.0000	0.0789	887.0000	89.0000	0.1003	913.0000
919	0.8171	0.6164	0.3546	0.7169	0.1842	0.8933	17.0000	0.0647	900.0000	92.0000	0.1022	914.0000
920	0.8444	0.6065	0.3381	0.7248	0.1714	0.8881	17.0000	0.0786	825.0000	93.0000	0.1127	837.0000
921	0.8070	0.6176	0.3488	0.7492	0.1810	0.8926	17.2000	0.0674	852.0000	84.0000	0.0986	878.0000
922	0.8367	0.6172	0.3597	0.7520	0.1836	0.9051	17.1000	0.0669	864.0000	83.0000	0.0961	890.0000
923	0.8157	0.6267	0.3560	0.7387	0.1930	0.8847	17.0000	0.0767	869.0000	87.0000	0.1001	888.0000
924	0.8148	0.6242	0.3523	0.7289	0.1873	0.8915	17.2000	0.0721	853.0000	89.0000	0.1043	890.0000
925	0.8437	0.6263	0.3512	0.7334	0.1803	0.8922	17.0000	0.0580	865.0000	88.0000	0.1017	884.0000
926	0.8105	0.6082	0.3390	0.7408	0.1782	0.8886	16.9000	0.0787	831.0000	87.0000	0.1047	844.0000
927	0.8161	0.6193	0.3393	0.7639	0.1843	0.8771	17.2000	0.0711	793.0000	92.0000	0.1160	845.0000
928	0.8087	0.6090	0.3458	0.7177	0.1777	0.8866	17.0000	0.0808	827.0000	87.0000	0.1052	839.0000
929	0.8194	0.6164	0.3552	0.7544	0.1857	0.8886	17.2000	0.0658	852.0000	87.0000	0.1021	880.0000
930	0.8066	0.6209	0.3548	0.7311	0.1851	0.8853	16.9000	0.0821	859.0000	94.0000	0.1094	879.0000
931	0.8264	0.6086	0.3530	0.7508	0.1834	0.8848	17.1000	0.0802	830.0000	90.0000	0.1084	872.0000
932	0.7977	0.6135	0.3570	0.7629	0.1856	0.8916	17.0000	0.0698	817.0000	87.0000	0.1065	857.0000
933	0.8164	0.6148	0.3566	0.7663	0.1851	0.8930	16.9000	0.0743	864.0000	84.0000	0.0972	883.0000
934	0.8291	0.6168	0.3520	0.7507	0.1797	0.8786	17.0000	0.0824	831.0000	94.0000	0.1131	845.0000
935	0.8427	0.6201	0.3523	0.7456	0.1823	0.8887	17.0000	0.0755	894.0000	89.0000	0.0996	898.0000
936	0.8378	0.6098	0.3517	0.7430	0.1823	0.9075	16.9000	0.0633	836.0000	79.0000	0.0945	846.0000
937	0.8299	0.6168	0.3507	0.7324	0.1840	0.8845	17.0000	0.0730	862.0000	95.0000	0.1102	869.0000
938	0.8309	0.6160	0.3468	0.7220	0.1759	0.8861	17.2000	0.0790	824.0000	91.0000	0.1104	851.0000
939	0.8046	0.6143	0.3501	0.6986	0.1812	0.8737	17.2000	0.0905	817.0000	95.0000	0.1163	840.0000
940	0.8193	0.6205	0.3593	0.7448	0.1868	0.8959	17.0000	0.0740	843.0000	86.0000	0.1020	876.0000
941	0.8436	0.6040	0.3413	0.7667	0.1758	0.9039	17.1000	0.0606	808.0000	81.0000	0.1002	836.0000
942	0.8414	0.6197	0.3528	0.7191	0.1815	0.8940	17.0000	0.0690	883.0000	93.0000	0.1053	896.0000
943	0.8263	0.6135	0.3522	0.7075	0.1851	0.8790	17.1000	0.0803	894.0000	97.0000	0.1085	904.0000
944	0.8301	0.6156	0.3648	0.7175	0.1824	0.8912	17.0000	0.0686	887.0000	88.0000	0.0992	898.0000
945	0.8160	0.6098	0.3471	0.7548	0.1801	0.8887	17.0000	0.0770	872.0000	85.0000	0.0975	880.0000
946	0.8039	0.6230	0.3569	0.7016	0.1905	0.8875	16.9000	0.0628	831.0000	92.0000	0.1107	866.0000
947	0.8302	0.6172	0.3574	0.7038	0.1823	0.8823	17.1000	0.0810	836.0000	97.0000	0.1160	862.0000
948	0.8324	0.6123	0.3458	0.7526	0.1786	0.8895	17.1000	0.0653	844.0000	89.0000	0.1055	871.0000
949	0.8325	0.6135	0.3512	0.7712	0.1816	0.9028	17.0000	0.0656	883.0000	78.0000	0.0883	888.0000
950	0.8437	0.6156	0.3530	0.7245	0.1811	0.8966	17.0000	0.0624	848.0000	85.0000	0.1002	856.0000
951	0.8336	0.6160	0.3648	0.7746	0.1831	0.8929	17.2000	0.0731	822.0000	86.0000	0.1046	860.0000
952	0.8127	0.6123	0.3533	0.7257	0.1821	0.8928	17.0000	0.0771	804.0000	89.0000	0.1107	834.0000
953	0.8170	0.6180	0.3618	0.7070	0.1836	0.8850	17.1000	0.0759	852.0000	94.0000	0.1103	874.0000
954	0.8268	0.6077	0.3377	0.7292	0.1750	0.8868	17.1000	0.0656	839.0000	90.0000	0.1073	872.0000
955	0.8277	0.6160	0.3453	0.7401	0.1732	0.8915	17.0000	0.0756	855.0000	88.0000	0.1029	888.0000
956	0.8475	0.6193	0.3532	0.7378	0.1824	0.9021	17.0000	0.0553	912.0000	82.0000	0.0899	919.0000
957	0.8031	0.6073	0.3466	0.7545	0.1799	0.8842	17.0000	0.0882	811.0000	87.0000	0.1073	832.0000
958	0.8020	0.6077	0.3443	0.7107	0.1742	0.8713	17.0000	0.0860	861.0000	97.0000	0.1127	891.0000
959	0.8253	0.6180	0.3540	0.7394	0.1830	0.8906	16.8000	0.0643	836.0000	90.0000	0.1077	841.0000
960	0.8424	0.6152	0.3526	0.7319	0.1806	0.9013	17.2000	0.0598	891.0000	85.0000	0.0954	912.0000
961	0.8013	0.6164	0.3546	0.7541	0.1863	0.8891	17.1000	0.0739	841.0000	86.0000	0.1023	875.0000
962	0.8376	0.6110	0.3545	0.7321	0.1826	0.8915	17.1000	0.0719	853.0000	93.0000	0.1090	886.0000
963	0.8345	0.6185	0.3528	0.7593	0.1842	0.9007	16.9000	0.0625	876.0000	83.0000	0.0947	893.0000
964	0.7960	0.6185	0.3592	0.7178	0.1855	0.8871	17.1000	0.0836	854.0000	94.0000	0.1101	862.0000
965	0.8133	0.6156	0.3542	0.7532	0.1852	0.8877	17.0000	0.0806	865.0000	91.0000	0.1052	880.0000
966	0.8255	0.6172	0.3470	0.7529	0.1881	0.8883	17.0000	0.0699	879.0000	91.0000	0.1035	892.0000
967	0.7992	0.6218	0.3540	0.7314	0.1857	0.8806	17.1000	0.0877	874.0000	95.0000	0.1087	893.0000
968	0.8216	0.6205	0.3606	0.7104	0.1856	0.8873	17.1000	0.0770	896.0000	93.0000	0.1038	915.0000
969	0.8257	0.6057	0.3413	0.7219	0.1811	0.8878	16.8000	0.0716	799.0000	88.0000	0.1101	815.0000
970	0.8373	0.6226	0.3596	0.7556	0.1864	0.8958	17.1000	0.0659	886.0000	88.0000	0.0993	902.0000
971	0.8006	0.6213	0.3527	0.6929	0.1813	0.8844	17.0000	0.0934	819.0000	97.0000	0.1184	852.0000
972	0.8167	0.6143	0.3563	0.7509	0.1848	0.8855	16.9000	0.0853	854.0000	87.0000	0.1019	873.0000
973	0.8272	0.6164	0.3581	0.7961	0.1838	0.9035	16.9000	0.0634	815.0000	80.0000	0.0982	860.0000
974	0.8415	0.6057	0.3394	0.7452	0.1819	0.8784	16.9000	0.0723	863.0000	89.0000	0.1031	901.0000
975	0.8125	0.6106	0.3451	0.7274	0.1776	0.8965	17.1000	0.0766	815.0000	86.0000	0.1055	874.0000
976	0.8229	0.6131	0.3571	0.6898	0.1839	0.8903	17.1000	0.0636	827.0000	95.0000	0.1149	877.0000
977	0.8327	0.6238	0.3644	0.7486	0.1828	0.8873	17.0000	0.0712	872.0000	99.0000	0.1135	876.0000
978	0.8368	0.6053	0.3476	0.7340	0.1801	0.8898	16.9000	0.0736	836.0000	90.0000	0.1077	861.0000
979	0.8160	0.6168	0.3560	0.7192	0.1838	0.8928	17.2000	0.0767	899.0000	87.0000	0.0968	901.0000
980	0.8096	0.6115	0.3555	0.7255	0.1808	0.8879	17.1000	0.0695	851.0000	96.0000	0.1128	882.0000
981	0.7924	0.6271	0.3660	0.7069	0.1877	0.8790	17.0000	0.0835	858.0000	98.0000	0.1142	874.0000
982	0.8087	0.6123	0.3502	0.7357	0.1841	0.8793	17.1000	0.0860	796.0000	92.0000	0.1156	804.0000
983	0.8172	0.6119	0.3505	0.7539	0.1862	0.8905	16.8000	0.0844	843.0000	87.0000	0.1032	867.0000
984	0.8485	0.6197	0.3580	0.7716	0.1821	0.8946	17.2000	0.0713	830.0000	86.0000	0.1036	853.0000
985	0.8203	0.6197	0.3591	0.7212	0.1862	0.8874	17.1000	0.0861	845.0000	87.0000	0.1030	860.0000
986	0.8039	0.6135	0.3553	0.7519	0.1819	0.9003	17.0000	0.0637	856.0000	84.0000	0.0981	886.0000
987	0.8529	0.6185	0.3452	0.7520	0.1803	0.9000	16.9000	0.0607	840.0000	84.0000	0.1000	861.0000
988	0.8298	0.6152	0.3423	0.7277	0.1783	0.8827	16.9000	0.0808	820.0000	91.0000	0.1110	830.0000
989	0.8289	0.6160	0.3587	0.7398	0.1823	0.9021	17.1000	0.0703	810.0000	81.0000	0.1000	813.0000
990	0.8233	0.6082	0.3365	0.7487	0.1827	0.8901	17.1000	0.0642	820.0000	88.0000	0.1073	850.0000
991	0.8172	0.6160	0.3497	0.7779	0.1846	0.8905	17.0000	0.0617	871.0000	86.0000	0.0987	915.0000
992	0.7888	0.6185	0.3512	0.7413	0.1817	0.8898	17.0000	0.0747	887.0000	90.0000	0.1015	896.0000
993	0.8336	0.6152	0.3557	0.7739	0.1817	0.8956	16.8000	0.0722	834.0000	79.0000	0.0947	837.0000
994	0.8269	0.6139	0.3565	0.7468	0.1837	0.8918	17.0000	0.0735	859.0000	89.0000	0.1036	876.0000
995	0.8346	0.6139	0.3562	0.7658	0.1882	0.9104	16.9000	0.0460	830.0000	78.0000	0.0940	847.0000
996	0.8156	0.6090	0.3421	0.7296	0.1739	0.8868	17.1000	0.0812	823.0000	87.0000	0.1057	840.0000
997	0.7764	0.6213	0.3537	0.7076	0.1856	0.8861	16.9000	0.0807	878.0000	96.0000	0.1093	887.0000
998	0.8293	0.6172	0.3503	0.7357	0.1819	0.8930	17.0000	0.0736	872.0000	85.0000	0.0975	890.0000
999	0.8391	0.6197	0.3538	0.7255	0.1838	0.8953	17.1000	0.0765	903.0000	92.0000	0.1019	924.0000
1000	0.8260	0.6160	0.3503	0.7560	0.1843	0.8906	17.0000	0.0699	815.0000	91.0000	0.1117	826.0000
