accuracy	proportion	density	fuzziness	coverage	purity	sounds	missing	ubound	clusters	props	patterns
1	0.7902	0.4536	0.1836	0.7910	0.0558	0.8638	17.0000	0.0844	534.0000	64.0000	0.1199	559.0000
2	0.7626	0.4466	0.1767	0.8086	0.0433	0.8372	16.9000	0.1196	400.0000	65.0000	0.1625	455.0000
3	0.7944	0.4413	0.1908	0.7965	0.0463	0.8621	17.0000	0.0968	449.0000	60.0000	0.1336	514.0000
4	0.8146	0.4310	0.1799	0.8270	0.0435	0.8672	17.1000	0.0824	380.0000	48.0000	0.1263	434.0000
5	0.7824	0.4293	0.1777	0.8075	0.0391	0.8541	16.8000	0.1042	401.0000	58.0000	0.1446	449.0000
6	0.8000	0.4157	0.1619	0.8770	0.0389	0.8905	16.8000	0.0895	334.0000	41.0000	0.1228	394.0000
7	0.7958	0.4219	0.1616	0.8221	0.0374	0.8514	16.9000	0.1180	337.0000	51.0000	0.1513	410.0000
8	0.7428	0.4240	0.1598	0.7824	0.0391	0.8252	17.2000	0.1513	359.0000	60.0000	0.1671	400.0000
9	0.7830	0.4227	0.1890	0.8076	0.0421	0.8307	16.8000	0.1304	380.0000	63.0000	0.1658	437.0000
10	0.8170	0.4215	0.1721	0.8038	0.0440	0.8485	16.9000	0.1096	362.0000	54.0000	0.1492	400.0000
11	0.7956	0.4248	0.1648	0.8488	0.0357	0.8520	17.0000	0.1165	339.0000	47.0000	0.1386	371.0000
12	0.7941	0.4281	0.1720	0.8016	0.0417	0.8323	16.9000	0.1102	427.0000	60.0000	0.1405	472.0000
13	0.7806	0.4207	0.1674	0.8383	0.0352	0.8417	17.0000	0.1214	341.0000	44.0000	0.1290	398.0000
14	0.8012	0.4157	0.1719	0.8259	0.0388	0.8710	16.8000	0.0925	363.0000	47.0000	0.1295	410.0000
15	0.8120	0.4252	0.1852	0.8269	0.0443	0.8620	16.8000	0.1006	404.0000	53.0000	0.1312	448.0000
16	0.8376	0.4293	0.1869	0.8246	0.0479	0.8596	16.9000	0.0843	380.0000	48.0000	0.1263	452.0000
17	0.7974	0.4244	0.1717	0.8114	0.0399	0.8304	17.0000	0.1279	359.0000	59.0000	0.1643	423.0000
18	0.8003	0.4265	0.1699	0.8426	0.0393	0.8464	16.8000	0.1150	388.0000	53.0000	0.1366	435.0000
19	0.7793	0.4281	0.1787	0.8437	0.0428	0.8594	16.9000	0.1089	369.0000	49.0000	0.1328	442.0000
20	0.7610	0.4252	0.1786	0.7941	0.0381	0.8429	16.9000	0.1097	396.0000	58.0000	0.1465	450.0000
21	0.7483	0.4240	0.1719	0.8183	0.0381	0.8554	16.8000	0.1138	359.0000	54.0000	0.1504	443.0000
22	0.8267	0.4223	0.1735	0.8240	0.0408	0.8463	16.8000	0.1152	360.0000	53.0000	0.1472	415.0000
23	0.8374	0.4322	0.1871	0.8600	0.0480	0.8741	16.8000	0.0911	385.0000	49.0000	0.1273	457.0000
24	0.7627	0.4281	0.1817	0.8285	0.0381	0.8551	16.8000	0.1058	406.0000	53.0000	0.1305	430.0000
25	0.7628	0.4273	0.1822	0.8241	0.0454	0.8545	16.9000	0.1152	389.0000	57.0000	0.1465	466.0000
26	0.7734	0.4310	0.1779	0.8154	0.0362	0.8526	17.1000	0.1004	339.0000	51.0000	0.1504	406.0000
27	0.7927	0.4190	0.1677	0.8290	0.0390	0.8608	16.9000	0.1342	370.0000	51.0000	0.1378	412.0000
28	0.8062	0.4232	0.1719	0.8093	0.0366	0.8382	16.9000	0.1220	390.0000	56.0000	0.1436	414.0000
29	0.8266	0.4194	0.1682	0.8692	0.0361	0.8640	16.8000	0.1084	336.0000	46.0000	0.1369	396.0000
30	0.8191	0.4207	0.1639	0.8298	0.0402	0.8684	16.8000	0.1072	350.0000	50.0000	0.1429	406.0000
31	0.7656	0.4211	0.1676	0.8168	0.0355	0.8215	16.9000	0.1114	355.0000	56.0000	0.1577	418.0000
32	0.8140	0.4363	0.1834	0.8067	0.0468	0.8630	16.9000	0.0890	392.0000	56.0000	0.1429	445.0000
33	0.7869	0.4203	0.1735	0.8687	0.0394	0.8658	16.9000	0.1017	352.0000	47.0000	0.1335	402.0000
34	0.7631	0.4166	0.1621	0.8294	0.0343	0.8211	17.1000	0.1596	337.0000	55.0000	0.1632	408.0000
35	0.7574	0.4186	0.1657	0.8440	0.0371	0.8438	16.9000	0.1095	348.0000	50.0000	0.1437	396.0000
36	0.7691	0.4248	0.1613	0.8276	0.0371	0.8463	16.9000	0.1124	355.0000	50.0000	0.1408	419.0000
37	0.7940	0.4236	0.1771	0.8315	0.0406	0.8439	16.8000	0.1202	347.0000	52.0000	0.1499	416.0000
38	0.8155	0.4211	0.1680	0.8467	0.0397	0.8485	16.8000	0.1039	353.0000	51.0000	0.1445	417.0000
39	0.8227	0.4236	0.1799	0.8214	0.0441	0.8864	17.0000	0.0916	328.0000	51.0000	0.1555	403.0000
40	0.7893	0.4256	0.1767	0.7988	0.0394	0.8656	16.9000	0.0889	355.0000	50.0000	0.1408	427.0000
41	0.8034	0.4236	0.1697	0.8282	0.0392	0.8542	16.9000	0.1113	378.0000	54.0000	0.1429	420.0000
42	0.7725	0.4166	0.1690	0.8050	0.0416	0.8242	17.0000	0.1354	411.0000	64.0000	0.1557	471.0000
43	0.8156	0.4153	0.1555	0.8427	0.0379	0.8312	16.9000	0.1233	331.0000	54.0000	0.1631	377.0000
44	0.7955	0.4269	0.1707	0.8406	0.0387	0.8486	16.7000	0.1289	330.0000	53.0000	0.1606	377.0000
45	0.7750	0.4227	0.1709	0.8387	0.0361	0.8266	16.9000	0.1337	329.0000	58.0000	0.1763	405.0000
46	0.8056	0.4297	0.1739	0.8436	0.0462	0.8690	16.9000	0.0989	346.0000	48.0000	0.1387	406.0000
47	0.7975	0.4273	0.1704	0.8453	0.0357	0.8566	17.0000	0.1080	351.0000	51.0000	0.1453	389.0000
48	0.7850	0.4219	0.1689	0.8267	0.0443	0.8569	16.9000	0.1285	424.0000	53.0000	0.1250	440.0000
49	0.8104	0.4227	0.1736	0.8344	0.0386	0.8679	16.8000	0.0982	367.0000	50.0000	0.1362	423.0000
50	0.7688	0.4260	0.1718	0.8511	0.0373	0.8586	16.9000	0.1001	363.0000	48.0000	0.1322	428.0000
51	0.8102	0.4248	0.1759	0.8331	0.0386	0.8460	17.1000	0.1043	357.0000	52.0000	0.1457	430.0000
52	0.8488	0.4293	0.1842	0.8691	0.0443	0.8938	16.9000	0.0551	415.0000	48.0000	0.1157	454.0000
53	0.7949	0.4207	0.1597	0.7961	0.0359	0.8646	17.0000	0.1030	354.0000	53.0000	0.1497	406.0000
54	0.7962	0.4223	0.1735	0.8071	0.0382	0.8457	16.9000	0.1129	337.0000	52.0000	0.1543	411.0000
55	0.8073	0.4347	0.1912	0.7860	0.0452	0.8604	16.8000	0.0976	390.0000	55.0000	0.1410	466.0000
56	0.7759	0.4297	0.1629	0.8029	0.0341	0.8253	16.8000	0.1239	355.0000	55.0000	0.1549	407.0000
57	0.8128	0.4277	0.1772	0.8327	0.0379	0.8511	16.9000	0.1185	364.0000	53.0000	0.1456	415.0000
58	0.7945	0.4265	0.1788	0.8088	0.0426	0.8563	17.2000	0.1067	427.0000	58.0000	0.1358	481.0000
59	0.7768	0.4285	0.1833	0.8511	0.0464	0.8765	16.8000	0.0827	383.0000	42.0000	0.1097	429.0000
60	0.8000	0.4219	0.1642	0.8250	0.0436	0.8503	16.7000	0.1158	357.0000	53.0000	0.1485	405.0000
61	0.7672	0.4141	0.1700	0.8081	0.0411	0.8390	17.1000	0.1070	387.0000	55.0000	0.1421	415.0000
62	0.8082	0.4248	0.1698	0.8282	0.0466	0.8601	16.9000	0.1001	373.0000	52.0000	0.1394	416.0000
63	0.7691	0.4223	0.1688	0.8052	0.0348	0.8397	16.7000	0.1162	355.0000	53.0000	0.1493	398.0000
64	0.7729	0.4339	0.1751	0.8201	0.0469	0.8463	16.9000	0.1137	397.0000	59.0000	0.1486	472.0000
65	0.7850	0.4227	0.1787	0.8298	0.0396	0.8381	17.0000	0.1109	353.0000	60.0000	0.1700	420.0000
66	0.8357	0.4232	0.1653	0.8503	0.0424	0.8769	17.0000	0.1043	342.0000	45.0000	0.1316	378.0000
67	0.8190	0.4203	0.1730	0.8392	0.0414	0.8671	16.8000	0.0815	394.0000	53.0000	0.1345	442.0000
68	0.8364	0.4194	0.1740	0.8498	0.0464	0.8951	17.0000	0.0783	371.0000	40.0000	0.1078	394.0000
69	0.7827	0.4219	0.1785	0.8287	0.0414	0.8545	16.9000	0.1096	407.0000	52.0000	0.1278	429.0000
70	0.8012	0.4182	0.1656	0.8473	0.0365	0.8518	16.9000	0.0978	348.0000	53.0000	0.1523	420.0000
71	0.8051	0.4277	0.1757	0.8517	0.0414	0.8621	16.9000	0.0724	383.0000	49.0000	0.1279	399.0000
72	0.7795	0.4194	0.1739	0.8348	0.0389	0.8416	17.2000	0.1019	388.0000	57.0000	0.1469	437.0000
73	0.8052	0.4240	0.1746	0.8205	0.0387	0.8639	16.9000	0.1055	337.0000	47.0000	0.1395	391.0000
74	0.7665	0.4215	0.1840	0.8379	0.0441	0.8741	16.7000	0.0912	423.0000	49.0000	0.1158	441.0000
75	0.8368	0.4240	0.1737	0.8151	0.0396	0.8756	16.8000	0.0946	320.0000	48.0000	0.1500	399.0000
76	0.8049	0.4199	0.1631	0.8338	0.0370	0.8543	16.9000	0.1176	363.0000	55.0000	0.1515	424.0000
77	0.8117	0.4190	0.1547	0.8286	0.0325	0.8686	17.0000	0.1001	344.0000	51.0000	0.1483	410.0000
78	0.7107	0.4335	0.1781	0.7926	0.0351	0.8089	16.9000	0.1322	399.0000	63.0000	0.1579	466.0000
79	0.8421	0.4223	0.1676	0.8454	0.0442	0.8874	17.0000	0.0740	386.0000	42.0000	0.1088	403.0000
80	0.7929	0.4273	0.1666	0.8564	0.0398	0.8570	16.7000	0.1093	389.0000	49.0000	0.1260	432.0000
81	0.8366	0.4265	0.1656	0.8539	0.0433	0.8831	16.9000	0.0926	324.0000	43.0000	0.1327	390.0000
82	0.8296	0.4302	0.1833	0.8375	0.0465	0.8726	16.9000	0.0920	370.0000	47.0000	0.1270	439.0000
83	0.7974	0.4227	0.1646	0.8244	0.0328	0.8406	16.8000	0.1012	354.0000	53.0000	0.1497	370.0000
84	0.8014	0.4182	0.1730	0.8345	0.0408	0.8501	16.9000	0.1210	370.0000	53.0000	0.1432	407.0000
85	0.8052	0.4207	0.1683	0.8536	0.0375	0.8423	16.8000	0.1099	337.0000	47.0000	0.1395	387.0000
86	0.8479	0.4260	0.1852	0.8433	0.0466	0.8794	16.8000	0.0787	381.0000	51.0000	0.1339	465.0000
87	0.8338	0.4227	0.1954	0.8168	0.0465	0.8669	17.1000	0.0905	384.0000	50.0000	0.1302	428.0000
88	0.8165	0.4215	0.1766	0.8397	0.0408	0.8684	16.8000	0.1145	358.0000	48.0000	0.1341	390.0000
89	0.7948	0.4248	0.1738	0.8342	0.0414	0.8553	16.7000	0.1089	381.0000	50.0000	0.1312	427.0000
90	0.8315	0.4236	0.1700	0.8443	0.0390	0.8757	16.9000	0.0939	376.0000	47.0000	0.1250	395.0000
91	0.8320	0.4285	0.1745	0.8536	0.0382	0.8714	16.9000	0.0772	365.0000	50.0000	0.1370	433.0000
92	0.8271	0.4277	0.1855	0.8474	0.0399	0.8708	16.8000	0.0944	378.0000	47.0000	0.1243	421.0000
93	0.7974	0.4269	0.1661	0.8655	0.0415	0.8812	17.2000	0.0895	414.0000	47.0000	0.1135	425.0000
94	0.7934	0.4232	0.1711	0.8244	0.0405	0.8572	17.0000	0.1112	358.0000	52.0000	0.1453	409.0000
95	0.8282	0.4240	0.1743	0.8572	0.0415	0.8684	17.0000	0.1025	407.0000	51.0000	0.1253	429.0000
96	0.7949	0.4289	0.1741	0.8353	0.0395	0.8463	17.0000	0.1077	401.0000	57.0000	0.1421	444.0000
97	0.8001	0.4199	0.1642	0.8262	0.0368	0.8396	16.8000	0.1402	332.0000	56.0000	0.1687	400.0000
98	0.7960	0.4293	0.1720	0.8471	0.0438	0.8690	16.9000	0.1001	378.0000	46.0000	0.1217	442.0000
99	0.8232	0.4223	0.1692	0.8313	0.0469	0.8718	16.8000	0.0743	374.0000	51.0000	0.1364	453.0000
100	0.7659	0.4236	0.1800	0.8212	0.0382	0.8351	16.8000	0.0978	397.0000	61.0000	0.1537	444.0000
101	0.7921	0.4186	0.1768	0.8201	0.0434	0.8337	16.8000	0.1408	358.0000	59.0000	0.1648	404.0000
102	0.8342	0.4265	0.1659	0.8520	0.0335	0.8778	16.7000	0.0928	337.0000	46.0000	0.1365	390.0000
103	0.7855	0.4232	0.1728	0.8007	0.0349	0.8578	16.8000	0.1013	347.0000	49.0000	0.1412	413.0000
104	0.8187	0.4178	0.1745	0.8812	0.0429	0.8756	16.9000	0.0975	351.0000	43.0000	0.1225	401.0000
105	0.8200	0.4178	0.1613	0.8196	0.0378	0.8738	16.9000	0.1026	364.0000	47.0000	0.1291	398.0000
106	0.7554	0.4232	0.1673	0.8098	0.0389	0.8370	17.0000	0.1216	376.0000	56.0000	0.1489	445.0000
107	0.8350	0.4302	0.1792	0.8393	0.0451	0.8746	16.7000	0.0979	369.0000	49.0000	0.1328	437.0000
108	0.7480	0.4285	0.1782	0.8355	0.0406	0.8159	16.9000	0.1453	387.0000	62.0000	0.1602	436.0000
109	0.8104	0.4219	0.1766	0.8305	0.0440	0.8702	16.8000	0.0986	362.0000	48.0000	0.1326	424.0000
110	0.7694	0.4211	0.1703	0.8133	0.0350	0.8356	17.1000	0.1189	389.0000	58.0000	0.1491	426.0000
111	0.8026	0.4281	0.1706	0.7900	0.0386	0.8417	16.9000	0.1119	403.0000	57.0000	0.1414	436.0000
112	0.8134	0.4232	0.1885	0.8345	0.0392	0.8707	16.8000	0.1001	377.0000	50.0000	0.1326	423.0000
113	0.8239	0.4244	0.1614	0.8218	0.0432	0.8821	16.9000	0.0835	359.0000	49.0000	0.1365	422.0000
114	0.7728	0.4236	0.1626	0.8221	0.0378	0.8461	16.7000	0.1234	377.0000	57.0000	0.1512	416.0000
115	0.7943	0.4297	0.1810	0.8276	0.0484	0.8686	16.7000	0.1023	389.0000	51.0000	0.1311	436.0000
116	0.8163	0.4219	0.1746	0.8434	0.0374	0.8899	17.0000	0.0816	354.0000	43.0000	0.1215	367.0000
117	0.7796	0.4194	0.1682	0.8332	0.0332	0.8420	16.7000	0.1009	350.0000	51.0000	0.1457	389.0000
118	0.7648	0.4186	0.1684	0.8207	0.0359	0.8259	16.9000	0.1176	346.0000	59.0000	0.1705	406.0000
119	0.8389	0.4277	0.1828	0.8773	0.0474	0.8851	16.8000	0.0837	384.0000	45.0000	0.1172	395.0000
120	0.7803	0.4248	0.1688	0.8258	0.0402	0.8531	16.9000	0.1183	351.0000	47.0000	0.1339	392.0000
121	0.8138	0.4227	0.1833	0.8330	0.0408	0.8735	16.8000	0.0865	382.0000	52.0000	0.1361	438.0000
122	0.8168	0.4236	0.1769	0.8419	0.0386	0.8605	16.9000	0.1017	422.0000	54.0000	0.1280	446.0000
123	0.7669	0.4190	0.1699	0.8372	0.0370	0.8337	16.8000	0.1238	373.0000	52.0000	0.1394	421.0000
124	0.7701	0.4207	0.1775	0.8197	0.0457	0.8424	16.8000	0.1207	401.0000	60.0000	0.1496	484.0000
125	0.7925	0.4256	0.1797	0.8321	0.0479	0.8677	17.2000	0.1031	389.0000	47.0000	0.1208	430.0000
126	0.7980	0.4248	0.1722	0.8180	0.0421	0.8549	16.7000	0.0936	368.0000	51.0000	0.1386	392.0000
127	0.8145	0.4244	0.1600	0.8516	0.0364	0.8637	17.0000	0.1116	340.0000	49.0000	0.1441	410.0000
128	0.7893	0.4182	0.1687	0.8163	0.0420	0.8559	16.9000	0.1133	391.0000	47.0000	0.1202	421.0000
129	0.8232	0.4207	0.1676	0.8563	0.0378	0.8660	16.8000	0.1025	344.0000	47.0000	0.1366	398.0000
130	0.7704	0.4256	0.1676	0.8250	0.0363	0.8604	16.9000	0.1166	336.0000	50.0000	0.1488	401.0000
131	0.7967	0.4190	0.1545	0.8628	0.0344	0.8643	16.8000	0.0879	373.0000	50.0000	0.1340	396.0000
132	0.8223	0.4240	0.1565	0.8291	0.0397	0.8587	17.0000	0.1046	339.0000	53.0000	0.1563	403.0000
133	0.7960	0.4273	0.1816	0.8148	0.0413	0.8536	16.9000	0.1016	393.0000	62.0000	0.1578	453.0000
134	0.8094	0.4248	0.1816	0.7841	0.0365	0.8496	16.7000	0.1138	379.0000	56.0000	0.1478	422.0000
135	0.7063	0.4186	0.1540	0.8328	0.0354	0.8201	17.0000	0.1288	365.0000	53.0000	0.1452	406.0000
136	0.7988	0.4199	0.1910	0.8242	0.0455	0.8447	16.9000	0.1201	352.0000	58.0000	0.1648	433.0000
137	0.8131	0.4244	0.1871	0.8288	0.0492	0.8701	16.9000	0.1008	391.0000	53.0000	0.1355	431.0000
138	0.7955	0.4248	0.1565	0.7943	0.0381	0.8497	16.8000	0.1097	371.0000	55.0000	0.1482	430.0000
139	0.8391	0.4244	0.1781	0.8403	0.0392	0.8631	16.8000	0.0914	335.0000	48.0000	0.1433	416.0000
140	0.7858	0.4194	0.1822	0.8249	0.0404	0.8690	17.0000	0.1028	363.0000	47.0000	0.1295	412.0000
141	0.7811	0.4186	0.1604	0.8523	0.0410	0.8718	16.9000	0.1067	349.0000	45.0000	0.1289	398.0000
142	0.8231	0.4252	0.1762	0.8199	0.0428	0.8571	17.0000	0.1097	357.0000	53.0000	0.1485	431.0000
143	0.8011	0.4223	0.1756	0.8492	0.0428	0.8468	16.9000	0.1158	349.0000	50.0000	0.1433	401.0000
144	0.7654	0.4194	0.1736	0.8021	0.0400	0.8667	16.8000	0.0919	369.0000	48.0000	0.1301	407.0000
145	0.7937	0.4219	0.1676	0.8210	0.0387	0.8327	16.8000	0.1132	373.0000	55.0000	0.1475	438.0000
146	0.8259	0.4359	0.1899	0.8111	0.0502	0.8699	17.0000	0.0997	394.0000	50.0000	0.1269	449.0000
147	0.7739	0.4244	0.1669	0.8112	0.0376	0.8314	16.9000	0.1173	352.0000	61.0000	0.1733	413.0000
148	0.8467	0.4236	0.1718	0.8125	0.0410	0.8785	16.7000	0.0908	338.0000	51.0000	0.1509	404.0000
149	0.8212	0.4281	0.1722	0.8259	0.0411	0.8469	16.9000	0.0948	364.0000	53.0000	0.1456	446.0000
150	0.8243	0.4227	0.1842	0.8403	0.0408	0.8691	17.0000	0.0860	362.0000	54.0000	0.1492	407.0000
151	0.8086	0.4162	0.1722	0.8455	0.0394	0.8540	16.9000	0.1006	371.0000	50.0000	0.1348	433.0000
152	0.8332	0.4252	0.1665	0.8093	0.0395	0.8566	16.9000	0.0987	356.0000	58.0000	0.1629	415.0000
153	0.7978	0.4207	0.1640	0.8192	0.0437	0.8719	16.9000	0.0832	406.0000	53.0000	0.1305	467.0000
154	0.8115	0.4260	0.1845	0.8026	0.0462	0.8642	16.8000	0.1036	378.0000	45.0000	0.1190	420.0000
155	0.8084	0.4215	0.1534	0.8368	0.0339	0.8318	16.9000	0.1066	367.0000	57.0000	0.1553	409.0000
156	0.7702	0.4190	0.1762	0.8143	0.0410	0.8440	16.8000	0.1427	378.0000	56.0000	0.1481	421.0000
157	0.8333	0.4227	0.1868	0.8350	0.0425	0.8686	17.0000	0.0807	373.0000	55.0000	0.1475	432.0000
158	0.7783	0.4194	0.1661	0.8232	0.0388	0.8428	17.2000	0.1091	382.0000	55.0000	0.1440	427.0000
159	0.8053	0.4244	0.1767	0.8324	0.0397	0.8543	17.0000	0.1059	366.0000	50.0000	0.1366	437.0000
160	0.8271	0.4199	0.1734	0.8753	0.0446	0.8655	16.9000	0.0792	363.0000	48.0000	0.1322	397.0000
161	0.8008	0.4277	0.1784	0.8088	0.0426	0.8336	16.9000	0.1256	365.0000	54.0000	0.1479	401.0000
162	0.8001	0.4215	0.1726	0.7894	0.0418	0.8392	16.9000	0.1217	381.0000	55.0000	0.1444	433.0000
163	0.8427	0.4302	0.1779	0.8383	0.0432	0.8767	16.9000	0.0776	390.0000	47.0000	0.1205	426.0000
164	0.8246	0.4248	0.1813	0.8265	0.0435	0.8738	17.0000	0.0854	371.0000	49.0000	0.1321	448.0000
165	0.8312	0.4248	0.1764	0.8241	0.0365	0.8602	16.9000	0.0862	374.0000	49.0000	0.1310	408.0000
166	0.7893	0.4260	0.1730	0.8055	0.0426	0.8270	16.8000	0.1249	391.0000	63.0000	0.1611	458.0000
167	0.7999	0.4293	0.1725	0.8351	0.0425	0.8687	16.8000	0.0987	381.0000	47.0000	0.1234	424.0000
168	0.8277	0.4174	0.1742	0.8529	0.0415	0.8778	16.7000	0.0923	339.0000	41.0000	0.1209	375.0000
169	0.7890	0.4343	0.1731	0.8431	0.0398	0.8643	16.9000	0.0975	409.0000	51.0000	0.1247	424.0000
170	0.7760	0.4293	0.1770	0.8215	0.0401	0.8688	16.9000	0.0800	341.0000	47.0000	0.1378	441.0000
171	0.8154	0.4269	0.1763	0.8568	0.0399	0.8743	16.9000	0.0793	339.0000	48.0000	0.1416	424.0000
172	0.7797	0.4227	0.1747	0.8526	0.0424	0.8749	16.9000	0.1070	318.0000	46.0000	0.1447	397.0000
173	0.7614	0.4199	0.1537	0.8229	0.0344	0.8404	16.9000	0.1008	343.0000	51.0000	0.1487	409.0000
174	0.7946	0.4277	0.1730	0.8164	0.0369	0.8612	16.8000	0.0842	382.0000	53.0000	0.1387	421.0000
175	0.7986	0.4236	0.1757	0.8349	0.0363	0.8567	17.0000	0.0952	354.0000	50.0000	0.1412	401.0000
176	0.8036	0.4244	0.1748	0.8419	0.0407	0.8712	17.1000	0.1147	351.0000	45.0000	0.1282	405.0000
177	0.8248	0.4170	0.1665	0.8417	0.0357	0.8701	16.7000	0.0884	372.0000	46.0000	0.1237	430.0000
178	0.8107	0.4260	0.1743	0.8201	0.0433	0.8622	16.8000	0.0955	346.0000	48.0000	0.1387	394.0000
179	0.8226	0.4256	0.1793	0.8240	0.0407	0.8743	16.9000	0.0957	359.0000	45.0000	0.1253	414.0000
180	0.7938	0.4199	0.1796	0.8586	0.0458	0.8555	16.9000	0.1032	353.0000	51.0000	0.1445	416.0000
181	0.7754	0.4227	0.1715	0.8084	0.0420	0.8448	17.0000	0.1220	407.0000	58.0000	0.1425	470.0000
182	0.7818	0.4207	0.1794	0.8536	0.0408	0.8455	16.8000	0.1183	354.0000	52.0000	0.1469	423.0000
183	0.7569	0.4256	0.1731	0.8231	0.0482	0.8370	17.0000	0.1357	396.0000	58.0000	0.1465	476.0000
184	0.7948	0.4281	0.1637	0.8192	0.0407	0.8578	16.9000	0.1116	401.0000	56.0000	0.1397	426.0000
185	0.8095	0.4215	0.1696	0.8461	0.0400	0.8716	16.9000	0.0957	365.0000	46.0000	0.1260	416.0000
186	0.8058	0.4219	0.1633	0.8408	0.0407	0.8773	17.0000	0.0945	355.0000	46.0000	0.1296	430.0000
187	0.7931	0.4236	0.1818	0.8162	0.0412	0.8437	17.0000	0.1075	395.0000	57.0000	0.1443	435.0000
188	0.7701	0.4260	0.1834	0.8491	0.0470	0.8531	16.8000	0.1207	402.0000	54.0000	0.1343	458.0000
189	0.7916	0.4207	0.1612	0.8466	0.0447	0.8465	16.9000	0.1249	352.0000	51.0000	0.1449	402.0000
190	0.8038	0.4269	0.1603	0.8237	0.0395	0.8522	17.1000	0.1099	384.0000	53.0000	0.1380	393.0000
191	0.7828	0.4306	0.1744	0.8036	0.0430	0.8349	17.0000	0.1190	407.0000	60.0000	0.1474	458.0000
192	0.8308	0.4227	0.1746	0.8305	0.0372	0.8683	17.0000	0.0906	330.0000	50.0000	0.1515	413.0000
193	0.8154	0.4265	0.1700	0.8211	0.0348	0.8282	16.8000	0.1022	313.0000	57.0000	0.1821	376.0000
194	0.7321	0.4199	0.1791	0.7973	0.0386	0.8342	17.0000	0.1082	422.0000	58.0000	0.1374	447.0000
195	0.8137	0.4219	0.1637	0.8120	0.0439	0.8544	16.7000	0.1003	345.0000	55.0000	0.1594	425.0000
196	0.7866	0.4297	0.1886	0.8399	0.0495	0.8494	17.0000	0.1301	395.0000	49.0000	0.1241	430.0000
197	0.8069	0.4273	0.1579	0.8513	0.0378	0.8612	17.0000	0.0870	359.0000	47.0000	0.1309	409.0000
198	0.8110	0.4302	0.1901	0.8423	0.0535	0.8782	17.0000	0.1062	412.0000	48.0000	0.1165	484.0000
199	0.7830	0.4186	0.1645	0.8284	0.0419	0.8578	16.9000	0.1102	376.0000	51.0000	0.1356	449.0000
200	0.7780	0.4203	0.1622	0.8277	0.0350	0.8462	16.7000	0.1319	338.0000	55.0000	0.1627	411.0000
201	0.8043	0.4265	0.1678	0.8181	0.0374	0.8584	16.7000	0.1075	334.0000	50.0000	0.1497	393.0000
202	0.8175	0.4302	0.1738	0.8553	0.0379	0.8722	17.0000	0.0964	344.0000	51.0000	0.1483	402.0000
203	0.7937	0.4289	0.1767	0.8356	0.0422	0.8640	17.0000	0.1047	347.0000	52.0000	0.1499	415.0000
204	0.8174	0.4351	0.1734	0.8175	0.0432	0.8672	16.9000	0.0880	416.0000	53.0000	0.1274	457.0000
205	0.8310	0.4269	0.1837	0.8326	0.0417	0.8742	16.9000	0.0850	370.0000	50.0000	0.1351	436.0000
206	0.8069	0.4232	0.1713	0.7974	0.0365	0.8475	16.8000	0.1215	328.0000	54.0000	0.1646	430.0000
207	0.8158	0.4302	0.1874	0.8209	0.0403	0.8555	17.3000	0.1017	370.0000	57.0000	0.1541	442.0000
208	0.7978	0.4277	0.1761	0.8414	0.0465	0.8569	16.8000	0.1060	389.0000	47.0000	0.1208	416.0000
209	0.7606	0.4186	0.1668	0.7772	0.0329	0.8158	17.0000	0.1281	338.0000	65.0000	0.1923	404.0000
210	0.8451	0.4281	0.1772	0.8161	0.0426	0.8779	16.7000	0.0840	366.0000	51.0000	0.1393	441.0000
211	0.7885	0.4314	0.1876	0.8307	0.0470	0.8597	16.8000	0.1158	420.0000	53.0000	0.1262	483.0000
212	0.7393	0.4162	0.1552	0.8341	0.0357	0.8163	17.0000	0.1462	348.0000	55.0000	0.1580	407.0000
213	0.7787	0.4207	0.1635	0.8239	0.0362	0.8294	17.0000	0.1192	338.0000	61.0000	0.1805	425.0000
214	0.8298	0.4269	0.1842	0.8562	0.0450	0.8698	17.0000	0.0840	375.0000	51.0000	0.1360	450.0000
215	0.8489	0.4236	0.1644	0.8480	0.0389	0.8604	16.8000	0.0880	329.0000	48.0000	0.1459	397.0000
216	0.8204	0.4248	0.1798	0.8402	0.0431	0.8760	16.7000	0.0857	383.0000	49.0000	0.1279	437.0000
217	0.8485	0.4269	0.1779	0.8618	0.0406	0.8815	17.0000	0.0790	381.0000	47.0000	0.1234	423.0000
218	0.8147	0.4252	0.1787	0.8625	0.0461	0.8889	16.8000	0.0795	374.0000	44.0000	0.1176	438.0000
219	0.7737	0.4199	0.1814	0.8436	0.0391	0.8569	17.0000	0.0952	366.0000	50.0000	0.1366	423.0000
220	0.8231	0.4289	0.1837	0.8257	0.0415	0.8632	16.7000	0.0935	353.0000	52.0000	0.1473	425.0000
221	0.8297	0.4207	0.1631	0.8632	0.0416	0.8815	16.9000	0.0900	328.0000	42.0000	0.1280	383.0000
222	0.7432	0.4244	0.1753	0.7949	0.0415	0.8424	16.9000	0.1086	350.0000	57.0000	0.1629	452.0000
223	0.7670	0.4260	0.1682	0.8377	0.0352	0.8571	16.9000	0.0846	380.0000	50.0000	0.1316	426.0000
224	0.8040	0.4236	0.1745	0.8719	0.0416	0.8710	16.7000	0.1025	382.0000	48.0000	0.1257	419.0000
225	0.7919	0.4203	0.1671	0.8110	0.0395	0.8623	16.8000	0.0864	342.0000	52.0000	0.1520	447.0000
226	0.8091	0.4277	0.1913	0.8315	0.0479	0.8592	16.8000	0.1128	402.0000	53.0000	0.1318	435.0000
227	0.7715	0.4215	0.1813	0.8258	0.0380	0.8385	16.7000	0.1206	388.0000	57.0000	0.1469	418.0000
228	0.8144	0.4194	0.1681	0.8164	0.0334	0.8367	17.0000	0.1082	327.0000	56.0000	0.1713	417.0000
229	0.8521	0.4236	0.1841	0.8360	0.0412	0.8825	16.9000	0.0901	402.0000	53.0000	0.1318	461.0000
230	0.7972	0.4186	0.1649	0.8001	0.0353	0.8730	16.8000	0.0931	340.0000	49.0000	0.1441	416.0000
231	0.7831	0.4178	0.1519	0.8351	0.0290	0.8433	16.8000	0.1309	334.0000	55.0000	0.1647	373.0000
232	0.8384	0.4248	0.1669	0.8360	0.0423	0.8716	16.8000	0.0925	356.0000	49.0000	0.1376	396.0000
233	0.8288	0.4273	0.1854	0.8085	0.0461	0.8522	17.1000	0.0936	395.0000	54.0000	0.1367	440.0000
234	0.8430	0.4260	0.1826	0.8286	0.0461	0.8835	17.0000	0.0864	372.0000	45.0000	0.1210	433.0000
235	0.8236	0.4227	0.1695	0.8414	0.0380	0.8568	16.9000	0.1084	326.0000	50.0000	0.1534	402.0000
236	0.7956	0.4306	0.1778	0.7970	0.0415	0.8476	16.9000	0.1160	352.0000	56.0000	0.1591	393.0000
237	0.8133	0.4293	0.1806	0.8065	0.0431	0.8393	16.9000	0.0998	394.0000	58.0000	0.1472	447.0000
238	0.7863	0.4326	0.1670	0.8117	0.0352	0.8581	16.9000	0.0888	371.0000	51.0000	0.1375	429.0000
239	0.8131	0.4203	0.1672	0.8380	0.0330	0.8677	17.0000	0.0814	333.0000	46.0000	0.1381	415.0000
240	0.8175	0.4297	0.1752	0.8110	0.0398	0.8328	16.9000	0.1009	352.0000	60.0000	0.1705	441.0000
241	0.7918	0.4273	0.1650	0.8590	0.0405	0.8628	16.9000	0.1019	385.0000	51.0000	0.1325	423.0000
242	0.8096	0.4199	0.1749	0.8296	0.0410	0.8585	17.0000	0.0920	380.0000	54.0000	0.1421	434.0000
243	0.8047	0.4219	0.1759	0.8179	0.0393	0.8690	16.9000	0.0948	387.0000	53.0000	0.1370	430.0000
244	0.7698	0.4240	0.1681	0.8330	0.0403	0.8392	16.9000	0.1351	404.0000	55.0000	0.1361	412.0000
245	0.8120	0.4215	0.1752	0.8298	0.0421	0.8794	16.7000	0.0743	423.0000	49.0000	0.1158	477.0000
246	0.7871	0.4207	0.1718	0.8193	0.0387	0.8440	16.8000	0.1129	350.0000	49.0000	0.1400	389.0000
247	0.8234	0.4211	0.1702	0.8266	0.0378	0.8599	17.0000	0.1050	335.0000	54.0000	0.1612	413.0000
248	0.7656	0.4244	0.1788	0.8318	0.0385	0.8503	16.8000	0.0996	354.0000	57.0000	0.1610	407.0000
249	0.8236	0.4236	0.1747	0.8545	0.0422	0.8603	16.8000	0.0998	388.0000	51.0000	0.1314	415.0000
250	0.8383	0.4265	0.1821	0.8209	0.0452	0.8757	16.8000	0.0887	380.0000	52.0000	0.1368	442.0000
251	0.8226	0.4285	0.1856	0.8434	0.0460	0.8822	16.8000	0.0742	396.0000	53.0000	0.1338	439.0000
252	0.7991	0.4310	0.1758	0.8032	0.0386	0.8316	17.1000	0.1194	363.0000	63.0000	0.1736	431.0000
253	0.8032	0.4256	0.1749	0.8315	0.0424	0.8811	16.8000	0.1010	394.0000	50.0000	0.1269	423.0000
254	0.8089	0.4269	0.1877	0.8391	0.0482	0.8623	16.9000	0.0898	428.0000	52.0000	0.1215	475.0000
255	0.8105	0.4273	0.1835	0.8693	0.0441	0.8737	16.8000	0.0933	379.0000	45.0000	0.1187	421.0000
256	0.8083	0.4277	0.1698	0.8211	0.0357	0.8371	17.1000	0.0946	362.0000	59.0000	0.1630	417.0000
257	0.7582	0.4227	0.1791	0.8121	0.0400	0.8293	17.0000	0.1226	379.0000	59.0000	0.1557	424.0000
258	0.8276	0.4133	0.1485	0.8222	0.0306	0.8548	16.7000	0.1068	298.0000	49.0000	0.1644	361.0000
259	0.8245	0.4199	0.1749	0.8237	0.0352	0.8801	17.0000	0.0953	363.0000	46.0000	0.1267	403.0000
260	0.8572	0.4293	0.1759	0.8548	0.0459	0.8703	16.8000	0.0751	389.0000	49.0000	0.1260	432.0000
261	0.7811	0.4281	0.1738	0.8407	0.0502	0.8652	16.8000	0.1068	381.0000	46.0000	0.1207	407.0000
262	0.7921	0.4240	0.1826	0.8279	0.0440	0.8518	17.2000	0.1054	390.0000	56.0000	0.1436	451.0000
263	0.7894	0.4244	0.1780	0.8210	0.0384	0.8677	16.9000	0.0930	386.0000	49.0000	0.1269	445.0000
264	0.7862	0.4252	0.1804	0.7898	0.0376	0.8522	17.0000	0.1249	364.0000	58.0000	0.1593	426.0000
265	0.8237	0.4244	0.1668	0.8479	0.0472	0.8520	16.9000	0.1018	383.0000	48.0000	0.1253	418.0000
266	0.7934	0.4186	0.1626	0.8306	0.0400	0.8773	16.7000	0.1031	336.0000	46.0000	0.1369	396.0000
267	0.7895	0.4244	0.1790	0.8145	0.0463	0.8510	17.0000	0.1164	388.0000	52.0000	0.1340	439.0000
268	0.7913	0.4203	0.1669	0.8290	0.0382	0.8643	16.8000	0.1029	354.0000	53.0000	0.1497	425.0000
269	0.8314	0.4190	0.1588	0.8284	0.0368	0.8504	16.8000	0.1052	381.0000	55.0000	0.1444	452.0000
270	0.8120	0.4281	0.1795	0.8276	0.0446	0.8792	17.0000	0.1017	374.0000	48.0000	0.1283	458.0000
271	0.8123	0.4223	0.1739	0.8476	0.0461	0.8707	16.9000	0.1029	357.0000	50.0000	0.1401	411.0000
272	0.7818	0.4207	0.1653	0.8112	0.0376	0.8408	17.0000	0.1151	406.0000	56.0000	0.1379	445.0000
273	0.7780	0.4256	0.1724	0.7886	0.0364	0.8191	16.7000	0.1347	374.0000	62.0000	0.1658	428.0000
274	0.8235	0.4326	0.1888	0.8138	0.0442	0.8767	16.9000	0.0914	390.0000	54.0000	0.1385	456.0000
275	0.8232	0.4207	0.1710	0.8206	0.0381	0.8650	16.9000	0.0984	383.0000	48.0000	0.1253	437.0000
276	0.7706	0.4203	0.1734	0.8140	0.0361	0.8348	16.8000	0.1231	355.0000	56.0000	0.1577	421.0000
277	0.7641	0.4223	0.1806	0.7957	0.0368	0.8379	16.9000	0.1032	376.0000	54.0000	0.1436	417.0000
278	0.7944	0.4248	0.1756	0.8204	0.0430	0.8513	16.8000	0.1072	411.0000	57.0000	0.1387	463.0000
279	0.8201	0.4256	0.1662	0.8360	0.0442	0.8810	16.7000	0.0996	381.0000	48.0000	0.1260	429.0000
280	0.8234	0.4207	0.1669	0.8564	0.0420	0.8786	16.8000	0.1014	368.0000	45.0000	0.1223	401.0000
281	0.8101	0.4190	0.1702	0.8068	0.0356	0.8477	17.0000	0.1086	356.0000	52.0000	0.1461	411.0000
282	0.8315	0.4166	0.1669	0.8169	0.0443	0.8783	16.9000	0.0881	395.0000	47.0000	0.1190	450.0000
283	0.8241	0.4223	0.1727	0.8213	0.0407	0.8835	16.8000	0.0834	384.0000	48.0000	0.1250	446.0000
284	0.8075	0.4297	0.1862	0.8372	0.0458	0.8878	17.0000	0.0887	413.0000	46.0000	0.1114	468.0000
285	0.8077	0.4269	0.1710	0.8451	0.0378	0.8590	17.1000	0.1057	336.0000	51.0000	0.1518	419.0000
286	0.7693	0.4244	0.1707	0.8188	0.0423	0.8733	16.9000	0.1028	382.0000	51.0000	0.1335	448.0000
287	0.7875	0.4289	0.1721	0.8420	0.0392	0.8540	16.9000	0.1087	385.0000	55.0000	0.1429	452.0000
288	0.8063	0.4203	0.1697	0.8328	0.0408	0.8748	16.9000	0.0934	357.0000	47.0000	0.1317	413.0000
289	0.7668	0.4265	0.1709	0.7913	0.0358	0.8462	17.0000	0.1070	372.0000	57.0000	0.1532	443.0000
290	0.8174	0.4281	0.1606	0.8475	0.0327	0.8615	16.9000	0.0805	352.0000	51.0000	0.1449	434.0000
291	0.7464	0.4141	0.1475	0.7954	0.0297	0.8250	16.7000	0.1216	314.0000	55.0000	0.1752	379.0000
292	0.7869	0.4186	0.1662	0.8519	0.0411	0.8512	16.8000	0.1102	348.0000	54.0000	0.1552	401.0000
293	0.7909	0.4236	0.1719	0.8305	0.0373	0.8467	17.0000	0.1120	351.0000	51.0000	0.1453	391.0000
294	0.7758	0.4215	0.1693	0.8399	0.0379	0.8485	17.0000	0.1050	353.0000	52.0000	0.1473	407.0000
295	0.8025	0.4219	0.1702	0.8539	0.0390	0.8621	16.8000	0.1052	372.0000	50.0000	0.1344	399.0000
296	0.8329	0.4207	0.1806	0.8348	0.0431	0.8745	16.8000	0.0940	369.0000	51.0000	0.1382	433.0000
297	0.8107	0.4211	0.1738	0.8346	0.0427	0.8737	17.0000	0.0953	392.0000	48.0000	0.1224	440.0000
298	0.7800	0.4211	0.1587	0.8117	0.0315	0.8468	16.9000	0.1118	338.0000	52.0000	0.1538	399.0000
299	0.7794	0.4236	0.1572	0.8482	0.0387	0.8821	16.9000	0.1007	369.0000	46.0000	0.1247	431.0000
300	0.7903	0.4281	0.1696	0.8248	0.0429	0.8574	16.8000	0.1258	369.0000	56.0000	0.1518	447.0000
301	0.8052	0.4240	0.1730	0.8145	0.0428	0.8525	17.1000	0.1143	386.0000	50.0000	0.1295	455.0000
302	0.8476	0.4289	0.1894	0.8588	0.0386	0.8991	17.0000	0.0630	352.0000	44.0000	0.1250	401.0000
303	0.7907	0.4413	0.1904	0.8415	0.0479	0.8717	16.9000	0.0964	399.0000	55.0000	0.1378	477.0000
304	0.8073	0.4248	0.1735	0.8164	0.0426	0.8406	16.9000	0.1184	318.0000	56.0000	0.1761	389.0000
305	0.7687	0.4248	0.1770	0.7943	0.0365	0.8444	16.9000	0.1128	396.0000	59.0000	0.1490	440.0000
306	0.8044	0.4223	0.1775	0.8322	0.0445	0.8606	17.0000	0.0999	368.0000	53.0000	0.1440	427.0000
307	0.8060	0.4260	0.1717	0.8556	0.0427	0.8588	16.7000	0.1106	371.0000	50.0000	0.1348	437.0000
308	0.8015	0.4227	0.1746	0.8314	0.0394	0.8509	17.0000	0.1131	369.0000	54.0000	0.1463	426.0000
309	0.8044	0.4326	0.1849	0.7892	0.0457	0.8647	16.7000	0.1047	389.0000	58.0000	0.1491	494.0000
310	0.8133	0.4306	0.1857	0.8297	0.0440	0.8663	17.1000	0.1061	363.0000	52.0000	0.1433	411.0000
311	0.8378	0.4170	0.1692	0.8260	0.0441	0.8874	16.8000	0.0743	396.0000	49.0000	0.1237	474.0000
312	0.7957	0.4244	0.1773	0.8317	0.0411	0.8618	16.7000	0.1050	379.0000	52.0000	0.1372	441.0000
313	0.8209	0.4211	0.1587	0.8443	0.0358	0.8408	16.8000	0.1216	343.0000	54.0000	0.1574	366.0000
314	0.7785	0.4227	0.1567	0.8503	0.0333	0.8652	17.0000	0.0936	318.0000	48.0000	0.1509	400.0000
315	0.8034	0.4199	0.1768	0.8232	0.0478	0.8803	17.0000	0.1019	359.0000	44.0000	0.1226	425.0000
316	0.7858	0.4207	0.1789	0.8280	0.0382	0.8542	16.8000	0.1140	398.0000	56.0000	0.1407	434.0000
317	0.8088	0.4186	0.1633	0.8204	0.0417	0.8746	17.0000	0.0993	347.0000	50.0000	0.1441	409.0000
318	0.7996	0.4227	0.1796	0.8100	0.0381	0.8324	17.0000	0.0996	368.0000	62.0000	0.1685	452.0000
319	0.7893	0.4265	0.1795	0.8083	0.0419	0.8567	16.9000	0.0910	389.0000	56.0000	0.1440	453.0000
320	0.8368	0.4244	0.1746	0.8314	0.0395	0.8557	16.8000	0.0869	347.0000	53.0000	0.1527	441.0000
321	0.7762	0.4277	0.1629	0.8025	0.0415	0.8494	16.8000	0.1246	366.0000	54.0000	0.1475	414.0000
322	0.8009	0.4211	0.1616	0.8314	0.0343	0.8336	16.9000	0.1199	327.0000	58.0000	0.1774	379.0000
323	0.8506	0.4281	0.1721	0.8358	0.0421	0.8742	16.9000	0.0988	358.0000	48.0000	0.1341	389.0000
324	0.8269	0.4285	0.1810	0.8312	0.0424	0.8765	16.9000	0.0833	423.0000	53.0000	0.1253	438.0000
325	0.7719	0.4326	0.1900	0.8037	0.0443	0.8472	17.0000	0.1158	416.0000	58.0000	0.1394	470.0000
326	0.8197	0.4232	0.1656	0.8109	0.0356	0.8641	17.1000	0.0963	366.0000	51.0000	0.1393	426.0000
327	0.7586	0.4285	0.1766	0.8171	0.0398	0.8333	16.8000	0.1127	386.0000	53.0000	0.1373	457.0000
328	0.8260	0.4265	0.1720	0.8388	0.0434	0.8650	16.9000	0.1037	372.0000	45.0000	0.1210	423.0000
329	0.8268	0.4232	0.1705	0.8590	0.0424	0.8701	17.0000	0.0861	350.0000	43.0000	0.1229	409.0000
330	0.7989	0.4219	0.1769	0.8596	0.0398	0.8782	17.0000	0.1014	374.0000	45.0000	0.1203	423.0000
331	0.7911	0.4256	0.1755	0.7856	0.0487	0.8418	16.8000	0.1159	406.0000	60.0000	0.1478	452.0000
332	0.7855	0.4285	0.1894	0.8073	0.0429	0.8470	17.0000	0.1239	381.0000	55.0000	0.1444	417.0000
333	0.8237	0.4232	0.1687	0.8217	0.0383	0.8469	16.9000	0.1043	335.0000	49.0000	0.1463	393.0000
334	0.7890	0.4227	0.1780	0.8577	0.0426	0.8569	17.0000	0.1138	383.0000	54.0000	0.1410	402.0000
335	0.7536	0.4260	0.1821	0.8401	0.0489	0.8584	16.9000	0.1257	377.0000	53.0000	0.1406	443.0000
336	0.8290	0.4260	0.1755	0.8531	0.0452	0.8938	16.9000	0.0825	393.0000	46.0000	0.1170	470.0000
337	0.8161	0.4232	0.1659	0.8518	0.0375	0.8434	17.2000	0.0971	351.0000	46.0000	0.1311	371.0000
338	0.7802	0.4157	0.1578	0.8195	0.0372	0.8431	16.7000	0.1304	377.0000	58.0000	0.1538	406.0000
339	0.7771	0.4256	0.1722	0.8212	0.0346	0.8775	17.0000	0.0900	345.0000	46.0000	0.1333	407.0000
340	0.7627	0.4256	0.1745	0.7993	0.0404	0.8428	16.9000	0.1252	363.0000	55.0000	0.1515	429.0000
341	0.8080	0.4211	0.1676	0.8270	0.0414	0.8486	16.9000	0.0896	357.0000	52.0000	0.1457	421.0000
342	0.7904	0.4236	0.1707	0.8321	0.0358	0.8373	16.8000	0.1204	352.0000	55.0000	0.1562	431.0000
343	0.7579	0.4285	0.1779	0.8418	0.0392	0.8514	16.8000	0.1046	405.0000	53.0000	0.1309	460.0000
344	0.8075	0.4211	0.1753	0.8045	0.0393	0.8753	16.7000	0.0782	374.0000	44.0000	0.1176	405.0000
345	0.7837	0.4244	0.1653	0.8137	0.0394	0.8408	17.0000	0.1292	345.0000	54.0000	0.1565	398.0000
346	0.7911	0.4199	0.1600	0.8640	0.0369	0.8623	16.8000	0.0946	379.0000	50.0000	0.1319	445.0000
347	0.8107	0.4219	0.1810	0.8431	0.0438	0.8752	16.9000	0.1006	400.0000	53.0000	0.1325	436.0000
348	0.7593	0.4281	0.1695	0.8196	0.0395	0.8607	16.9000	0.1037	397.0000	57.0000	0.1436	434.0000
349	0.7731	0.4277	0.1731	0.8765	0.0416	0.8606	17.0000	0.1121	334.0000	52.0000	0.1557	402.0000
350	0.8461	0.4277	0.1872	0.8421	0.0473	0.8989	16.9000	0.0812	404.0000	48.0000	0.1188	463.0000
351	0.7913	0.4219	0.1597	0.8639	0.0366	0.8525	17.0000	0.1158	342.0000	45.0000	0.1316	384.0000
352	0.7860	0.4273	0.1741	0.8351	0.0400	0.8604	16.9000	0.0926	376.0000	52.0000	0.1383	421.0000
353	0.7812	0.4215	0.1524	0.8028	0.0337	0.8120	16.8000	0.1293	347.0000	59.0000	0.1700	373.0000
354	0.7963	0.4223	0.1556	0.8407	0.0406	0.8525	16.8000	0.1121	367.0000	53.0000	0.1444	397.0000
355	0.7792	0.4203	0.1715	0.8475	0.0373	0.8674	17.0000	0.0985	359.0000	48.0000	0.1337	429.0000
356	0.7815	0.4244	0.1635	0.8217	0.0362	0.8471	17.0000	0.1124	322.0000	53.0000	0.1646	381.0000
357	0.7715	0.4236	0.1579	0.8448	0.0369	0.8395	17.0000	0.1209	335.0000	56.0000	0.1672	392.0000
358	0.7582	0.4203	0.1604	0.8220	0.0324	0.8370	16.7000	0.1377	313.0000	51.0000	0.1629	383.0000
359	0.7704	0.4244	0.1737	0.8131	0.0440	0.8577	16.9000	0.1013	380.0000	53.0000	0.1395	450.0000
360	0.7727	0.4219	0.1652	0.8158	0.0340	0.8275	17.0000	0.1176	379.0000	58.0000	0.1530	434.0000
361	0.7825	0.4223	0.1814	0.8106	0.0430	0.8498	17.1000	0.1159	384.0000	54.0000	0.1406	421.0000
362	0.7460	0.4232	0.1734	0.8491	0.0389	0.8572	16.9000	0.1125	360.0000	48.0000	0.1333	431.0000
363	0.8067	0.4277	0.1724	0.8415	0.0378	0.8713	16.9000	0.0771	340.0000	46.0000	0.1353	391.0000
364	0.7844	0.4244	0.1593	0.8482	0.0371	0.8534	16.9000	0.1203	348.0000	49.0000	0.1408	413.0000
365	0.8177	0.4178	0.1645	0.8559	0.0361	0.8547	16.8000	0.1031	300.0000	45.0000	0.1500	362.0000
366	0.8047	0.4219	0.1581	0.8650	0.0424	0.8571	16.7000	0.0928	353.0000	48.0000	0.1360	419.0000
367	0.8174	0.4273	0.1708	0.8045	0.0424	0.8635	16.9000	0.1048	382.0000	55.0000	0.1440	433.0000
368	0.8182	0.4293	0.1830	0.8424	0.0419	0.8716	16.8000	0.0795	384.0000	51.0000	0.1328	443.0000
369	0.8138	0.4223	0.1815	0.8505	0.0467	0.8786	17.1000	0.0820	383.0000	49.0000	0.1279	465.0000
370	0.8150	0.4297	0.1834	0.8084	0.0414	0.8640	17.0000	0.0953	405.0000	54.0000	0.1333	465.0000
371	0.8389	0.4260	0.1865	0.8519	0.0401	0.8903	16.9000	0.0862	334.0000	46.0000	0.1377	384.0000
372	0.8190	0.4215	0.1735	0.8450	0.0328	0.8704	16.7000	0.0889	380.0000	49.0000	0.1289	424.0000
373	0.7859	0.4232	0.1642	0.8429	0.0365	0.8666	16.9000	0.0918	345.0000	46.0000	0.1333	413.0000
374	0.8174	0.4248	0.1734	0.8575	0.0433	0.8846	16.9000	0.1032	397.0000	43.0000	0.1083	407.0000
375	0.7729	0.4219	0.1712	0.8024	0.0375	0.8543	17.0000	0.1073	391.0000	54.0000	0.1381	420.0000
376	0.8007	0.4227	0.1587	0.7937	0.0364	0.8365	16.9000	0.0954	332.0000	50.0000	0.1506	410.0000
377	0.8078	0.4227	0.1901	0.8214	0.0528	0.8797	16.7000	0.1056	408.0000	51.0000	0.1250	465.0000
378	0.7352	0.4248	0.1767	0.8088	0.0386	0.8353	16.9000	0.1264	360.0000	54.0000	0.1500	425.0000
379	0.7912	0.4236	0.1753	0.8079	0.0389	0.8466	17.0000	0.1030	363.0000	57.0000	0.1570	431.0000
380	0.8067	0.4236	0.1718	0.8160	0.0412	0.8389	17.1000	0.1195	397.0000	62.0000	0.1562	451.0000
381	0.7640	0.4227	0.1742	0.8141	0.0369	0.8338	17.2000	0.1301	362.0000	61.0000	0.1685	425.0000
382	0.7703	0.4293	0.1732	0.7971	0.0374	0.8342	16.9000	0.1273	381.0000	62.0000	0.1627	471.0000
383	0.8195	0.4256	0.1654	0.8239	0.0424	0.8761	17.0000	0.1096	388.0000	52.0000	0.1340	438.0000
384	0.7885	0.4227	0.1678	0.8503	0.0407	0.8560	16.8000	0.1167	350.0000	45.0000	0.1286	421.0000
385	0.7840	0.4265	0.1656	0.8349	0.0387	0.8677	16.9000	0.0918	386.0000	53.0000	0.1373	427.0000
386	0.8077	0.4240	0.1822	0.8248	0.0410	0.8397	17.0000	0.1103	385.0000	58.0000	0.1506	418.0000
387	0.8248	0.4232	0.1645	0.8510	0.0383	0.8662	16.8000	0.1024	350.0000	45.0000	0.1286	394.0000
388	0.8005	0.4149	0.1686	0.8580	0.0361	0.8690	16.9000	0.0937	367.0000	51.0000	0.1390	418.0000
389	0.8456	0.4252	0.1810	0.8353	0.0496	0.8940	16.8000	0.0668	448.0000	41.0000	0.0915	477.0000
390	0.8091	0.4227	0.1775	0.8294	0.0400	0.8575	16.8000	0.1101	390.0000	52.0000	0.1333	418.0000
391	0.7964	0.4310	0.1908	0.8300	0.0485	0.8709	16.8000	0.0937	385.0000	46.0000	0.1195	424.0000
392	0.7811	0.4199	0.1622	0.8379	0.0343	0.8465	16.8000	0.1175	340.0000	53.0000	0.1559	425.0000
393	0.7912	0.4211	0.1754	0.8242	0.0423	0.8450	16.7000	0.1017	389.0000	50.0000	0.1285	429.0000
394	0.8127	0.4252	0.1708	0.8354	0.0409	0.8671	16.9000	0.0962	360.0000	50.0000	0.1389	413.0000
395	0.8404	0.4232	0.1741	0.8366	0.0408	0.8618	16.8000	0.0971	362.0000	51.0000	0.1409	422.0000
396	0.8173	0.4281	0.1804	0.8313	0.0409	0.8820	16.9000	0.0765	357.0000	45.0000	0.1261	421.0000
397	0.7817	0.4240	0.1673	0.7903	0.0449	0.8571	16.9000	0.0983	362.0000	52.0000	0.1436	411.0000
398	0.7786	0.4236	0.1863	0.8523	0.0374	0.8593	16.9000	0.0930	392.0000	48.0000	0.1224	446.0000
399	0.7808	0.4252	0.1688	0.8293	0.0360	0.8437	17.0000	0.1025	364.0000	60.0000	0.1648	430.0000
400	0.7955	0.4223	0.1631	0.8437	0.0447	0.8528	16.9000	0.1182	372.0000	48.0000	0.1290	419.0000
401	0.7915	0.4306	0.1816	0.7944	0.0491	0.8658	16.9000	0.1132	420.0000	60.0000	0.1429	469.0000
402	0.8388	0.4232	0.1649	0.8384	0.0393	0.8536	16.9000	0.0859	333.0000	50.0000	0.1502	434.0000
403	0.8129	0.4265	0.1674	0.8094	0.0358	0.8779	16.7000	0.0878	391.0000	49.0000	0.1253	428.0000
404	0.7824	0.4252	0.1699	0.8332	0.0396	0.8604	16.9000	0.1160	354.0000	51.0000	0.1441	427.0000
405	0.7991	0.4265	0.1661	0.8321	0.0368	0.8530	17.0000	0.0977	409.0000	51.0000	0.1247	442.0000
406	0.8005	0.4219	0.1778	0.8004	0.0361	0.8413	16.8000	0.1108	395.0000	59.0000	0.1494	438.0000
407	0.7857	0.4260	0.2029	0.8359	0.0486	0.8691	16.8000	0.0846	387.0000	53.0000	0.1370	451.0000
408	0.8338	0.4281	0.1753	0.8763	0.0465	0.8854	16.8000	0.1013	362.0000	46.0000	0.1271	412.0000
409	0.8123	0.4240	0.1730	0.8326	0.0438	0.8765	16.8000	0.0793	358.0000	45.0000	0.1257	415.0000
410	0.8137	0.4227	0.1719	0.8152	0.0363	0.8641	17.0000	0.0977	380.0000	53.0000	0.1395	413.0000
411	0.8136	0.4302	0.1790	0.8463	0.0442	0.8757	17.0000	0.1000	392.0000	47.0000	0.1199	450.0000
412	0.7876	0.4199	0.1574	0.8616	0.0360	0.8560	17.0000	0.0980	341.0000	44.0000	0.1290	409.0000
413	0.8023	0.4252	0.1743	0.8178	0.0375	0.8554	17.0000	0.1004	379.0000	54.0000	0.1425	432.0000
414	0.7991	0.4273	0.1851	0.8529	0.0450	0.8696	16.8000	0.0994	431.0000	50.0000	0.1160	454.0000
415	0.7947	0.4240	0.1830	0.8165	0.0437	0.8573	17.0000	0.0874	406.0000	50.0000	0.1232	448.0000
416	0.8105	0.4199	0.1721	0.8402	0.0454	0.8759	16.9000	0.0905	343.0000	50.0000	0.1458	434.0000
417	0.7210	0.4223	0.1765	0.8054	0.0391	0.8310	17.1000	0.1160	399.0000	52.0000	0.1303	455.0000
418	0.7943	0.4236	0.1602	0.8262	0.0357	0.8380	16.9000	0.1191	357.0000	52.0000	0.1457	399.0000
419	0.8176	0.4260	0.1840	0.8472	0.0456	0.8841	17.0000	0.0986	374.0000	47.0000	0.1257	435.0000
420	0.7483	0.4289	0.1806	0.7997	0.0444	0.8510	17.1000	0.1213	378.0000	56.0000	0.1481	434.0000
421	0.8202	0.4277	0.1708	0.8262	0.0423	0.8549	16.8000	0.1084	370.0000	55.0000	0.1486	431.0000
422	0.8243	0.4281	0.1757	0.8703	0.0415	0.8744	16.9000	0.1017	356.0000	46.0000	0.1292	406.0000
423	0.8022	0.4285	0.1801	0.8215	0.0464	0.8791	16.8000	0.0811	364.0000	48.0000	0.1319	464.0000
424	0.7852	0.4223	0.1791	0.8661	0.0447	0.8670	17.3000	0.1071	401.0000	44.0000	0.1097	431.0000
425	0.8180	0.4236	0.1671	0.8354	0.0333	0.8508	16.9000	0.1058	370.0000	53.0000	0.1432	403.0000
426	0.8172	0.4248	0.1767	0.8247	0.0388	0.8738	16.8000	0.0944	384.0000	46.0000	0.1198	404.0000
427	0.7569	0.4256	0.1720	0.8014	0.0332	0.8294	17.0000	0.1154	367.0000	60.0000	0.1635	393.0000
428	0.7709	0.4227	0.1888	0.8198	0.0392	0.8586	16.9000	0.1099	389.0000	58.0000	0.1491	440.0000
429	0.7722	0.4215	0.1738	0.8255	0.0387	0.8574	16.8000	0.0877	399.0000	50.0000	0.1253	460.0000
430	0.8335	0.4207	0.1760	0.8166	0.0415	0.8785	16.8000	0.0885	365.0000	46.0000	0.1260	439.0000
431	0.8030	0.4215	0.1783	0.8157	0.0449	0.8575	16.9000	0.1010	387.0000	49.0000	0.1266	443.0000
432	0.7988	0.4269	0.1762	0.8297	0.0398	0.8728	16.9000	0.0842	362.0000	47.0000	0.1298	418.0000
433	0.8071	0.4265	0.1739	0.8434	0.0467	0.8642	16.9000	0.1052	363.0000	48.0000	0.1322	442.0000
434	0.8390	0.4289	0.1864	0.8667	0.0428	0.8808	16.8000	0.0917	379.0000	47.0000	0.1240	456.0000
435	0.7974	0.4232	0.1854	0.7963	0.0442	0.8505	17.0000	0.1180	381.0000	59.0000	0.1549	444.0000
436	0.8019	0.4211	0.1729	0.8226	0.0391	0.8422	16.9000	0.1251	359.0000	54.0000	0.1504	427.0000
437	0.7977	0.4260	0.1779	0.8564	0.0464	0.8603	17.1000	0.1114	348.0000	52.0000	0.1494	426.0000
438	0.8101	0.4236	0.1752	0.8067	0.0417	0.8566	16.9000	0.1031	372.0000	57.0000	0.1532	419.0000
439	0.7932	0.4182	0.1645	0.8688	0.0398	0.8698	17.1000	0.0964	379.0000	49.0000	0.1293	417.0000
440	0.7640	0.4211	0.1674	0.8051	0.0375	0.8556	16.9000	0.1131	330.0000	51.0000	0.1545	420.0000
441	0.8087	0.4232	0.1747	0.8245	0.0413	0.8554	17.1000	0.1056	398.0000	51.0000	0.1281	438.0000
442	0.7429	0.4240	0.1608	0.8265	0.0338	0.8397	16.7000	0.1228	375.0000	51.0000	0.1360	396.0000
443	0.8270	0.4236	0.1852	0.8276	0.0456	0.8764	16.7000	0.0900	386.0000	47.0000	0.1218	415.0000
444	0.7949	0.4265	0.1625	0.8172	0.0403	0.8442	16.9000	0.1246	369.0000	52.0000	0.1409	411.0000
445	0.8349	0.4227	0.1759	0.8062	0.0386	0.8552	17.2000	0.0924	378.0000	53.0000	0.1402	431.0000
446	0.7966	0.4219	0.1668	0.8439	0.0399	0.8651	16.8000	0.1047	353.0000	50.0000	0.1416	412.0000
447	0.7794	0.4223	0.1540	0.8638	0.0373	0.8450	16.9000	0.1367	333.0000	50.0000	0.1502	359.0000
448	0.8234	0.4289	0.1846	0.8394	0.0462	0.8693	16.8000	0.0948	391.0000	52.0000	0.1330	447.0000
449	0.8067	0.4244	0.1714	0.8368	0.0456	0.8453	16.9000	0.1271	395.0000	59.0000	0.1494	425.0000
450	0.7978	0.4265	0.1887	0.8119	0.0413	0.8644	17.0000	0.0893	403.0000	54.0000	0.1340	475.0000
451	0.8084	0.4252	0.1669	0.8225	0.0355	0.8565	17.0000	0.0932	347.0000	48.0000	0.1383	379.0000
452	0.8273	0.4215	0.1873	0.8152	0.0368	0.8768	17.0000	0.0856	332.0000	47.0000	0.1416	428.0000
453	0.8151	0.4293	0.1786	0.8359	0.0462	0.8597	16.8000	0.1068	391.0000	55.0000	0.1407	443.0000
454	0.8310	0.4203	0.1812	0.8399	0.0419	0.8484	16.9000	0.0915	347.0000	54.0000	0.1556	435.0000
455	0.7488	0.4207	0.1721	0.8016	0.0401	0.8379	16.7000	0.1227	358.0000	55.0000	0.1536	415.0000
456	0.7877	0.4248	0.1779	0.7892	0.0451	0.8539	17.0000	0.1252	399.0000	59.0000	0.1479	437.0000
457	0.7971	0.4223	0.1834	0.8368	0.0384	0.8439	16.9000	0.1068	440.0000	53.0000	0.1205	461.0000
458	0.8154	0.4277	0.1905	0.8256	0.0436	0.8672	16.7000	0.0908	403.0000	51.0000	0.1266	459.0000
459	0.7904	0.4236	0.1719	0.8078	0.0382	0.8305	16.8000	0.1081	332.0000	57.0000	0.1717	412.0000
460	0.8134	0.4306	0.1817	0.7833	0.0474	0.8538	17.0000	0.1170	389.0000	59.0000	0.1517	464.0000
461	0.8053	0.4244	0.1729	0.7827	0.0352	0.8567	17.0000	0.1006	324.0000	54.0000	0.1667	411.0000
462	0.8151	0.4260	0.1792	0.8311	0.0399	0.8656	16.7000	0.0865	368.0000	47.0000	0.1277	433.0000
463	0.8322	0.4186	0.1629	0.8524	0.0351	0.8813	16.8000	0.0729	293.0000	43.0000	0.1468	388.0000
464	0.7887	0.4232	0.1801	0.7938	0.0388	0.8325	17.0000	0.1161	375.0000	56.0000	0.1493	449.0000
465	0.8167	0.4219	0.1663	0.8821	0.0432	0.8950	17.1000	0.0931	357.0000	44.0000	0.1232	401.0000
466	0.7855	0.4182	0.1633	0.8074	0.0339	0.8348	16.9000	0.1341	379.0000	56.0000	0.1478	415.0000
467	0.7873	0.4227	0.1755	0.8322	0.0416	0.8454	17.0000	0.1132	421.0000	57.0000	0.1354	449.0000
468	0.7231	0.4269	0.1739	0.8143	0.0432	0.8250	16.7000	0.1380	421.0000	59.0000	0.1401	454.0000
469	0.7730	0.4223	0.1547	0.8325	0.0341	0.8462	16.9000	0.1233	349.0000	52.0000	0.1490	404.0000
470	0.7794	0.4269	0.1806	0.8192	0.0393	0.8561	17.0000	0.0976	426.0000	55.0000	0.1291	452.0000
471	0.7991	0.4211	0.1844	0.8472	0.0365	0.8436	16.8000	0.1108	340.0000	53.0000	0.1559	435.0000
472	0.7848	0.4273	0.1804	0.8085	0.0397	0.8263	16.8000	0.1153	392.0000	59.0000	0.1505	438.0000
473	0.8128	0.4252	0.1771	0.8547	0.0451	0.8737	17.0000	0.0986	379.0000	48.0000	0.1266	436.0000
474	0.7915	0.4281	0.1781	0.8230	0.0427	0.8555	16.8000	0.1149	385.0000	55.0000	0.1429	431.0000
475	0.7762	0.4297	0.1819	0.8187	0.0449	0.8606	16.9000	0.1072	429.0000	51.0000	0.1189	446.0000
476	0.7931	0.4273	0.1856	0.8212	0.0414	0.8528	16.9000	0.0994	422.0000	51.0000	0.1209	457.0000
477	0.8048	0.4289	0.1788	0.8484	0.0421	0.8514	16.8000	0.1101	398.0000	54.0000	0.1357	443.0000
478	0.7993	0.4252	0.1873	0.8227	0.0431	0.8404	16.7000	0.0900	386.0000	55.0000	0.1425	450.0000
479	0.7779	0.4252	0.1532	0.8089	0.0311	0.8302	16.9000	0.1005	304.0000	55.0000	0.1809	407.0000
480	0.8024	0.4297	0.1791	0.8329	0.0435	0.8632	17.1000	0.1095	376.0000	55.0000	0.1463	427.0000
481	0.8051	0.4293	0.1860	0.8478	0.0483	0.8603	16.9000	0.0996	382.0000	49.0000	0.1283	435.0000
482	0.8116	0.4190	0.1628	0.8156	0.0368	0.8548	17.1000	0.1065	349.0000	51.0000	0.1461	430.0000
483	0.7818	0.4302	0.1663	0.8187	0.0383	0.8517	16.9000	0.1129	339.0000	51.0000	0.1504	417.0000
484	0.8173	0.4199	0.1663	0.8311	0.0342	0.8774	17.0000	0.0725	339.0000	46.0000	0.1357	383.0000
485	0.8021	0.4203	0.1702	0.8073	0.0390	0.8446	17.0000	0.1166	370.0000	59.0000	0.1595	416.0000
486	0.8082	0.4310	0.1901	0.8401	0.0429	0.8766	16.8000	0.0699	389.0000	49.0000	0.1260	456.0000
487	0.8356	0.4236	0.1739	0.8347	0.0456	0.8602	16.9000	0.1057	356.0000	54.0000	0.1517	430.0000
488	0.7686	0.4273	0.1812	0.7945	0.0397	0.8384	16.8000	0.1061	408.0000	61.0000	0.1495	462.0000
489	0.7837	0.4223	0.1625	0.8969	0.0371	0.8620	17.0000	0.1103	347.0000	45.0000	0.1297	381.0000
490	0.8451	0.4277	0.1824	0.8410	0.0425	0.8633	17.0000	0.0810	377.0000	52.0000	0.1379	461.0000
491	0.8237	0.4289	0.1761	0.8455	0.0448	0.8901	16.7000	0.0743	419.0000	47.0000	0.1122	443.0000
492	0.7809	0.4211	0.1581	0.8340	0.0343	0.8232	17.0000	0.1227	323.0000	53.0000	0.1641	377.0000
493	0.8000	0.4207	0.1613	0.8654	0.0344	0.8605	17.0000	0.1034	318.0000	48.0000	0.1509	400.0000
494	0.8059	0.4227	0.1616	0.8318	0.0357	0.8390	16.8000	0.1070	359.0000	54.0000	0.1504	396.0000
495	0.7677	0.4223	0.1724	0.7708	0.0384	0.8368	16.9000	0.1117	389.0000	60.0000	0.1542	438.0000
496	0.8370	0.4285	0.1776	0.8329	0.0399	0.8783	16.7000	0.0737	368.0000	47.0000	0.1277	432.0000
497	0.7985	0.4199	0.1708	0.8516	0.0435	0.8785	16.7000	0.1009	372.0000	44.0000	0.1183	419.0000
498	0.7964	0.4190	0.1702	0.8247	0.0419	0.8588	16.8000	0.1100	354.0000	56.0000	0.1582	431.0000
499	0.7852	0.4265	0.1729	0.8689	0.0436	0.8520	16.7000	0.1221	358.0000	49.0000	0.1369	400.0000
500	0.7573	0.4273	0.1625	0.8253	0.0332	0.8429	16.8000	0.1058	356.0000	52.0000	0.1461	427.0000
501	0.8062	0.4203	0.1759	0.8251	0.0387	0.8405	16.9000	0.1090	352.0000	60.0000	0.1705	407.0000
502	0.8278	0.4310	0.1759	0.8211	0.0421	0.8609	16.8000	0.0900	349.0000	51.0000	0.1461	417.0000
503	0.8177	0.4273	0.1642	0.8598	0.0435	0.8792	16.8000	0.0851	369.0000	45.0000	0.1220	400.0000
504	0.8224	0.4232	0.1734	0.8571	0.0446	0.8938	17.1000	0.0847	353.0000	42.0000	0.1190	399.0000
505	0.7745	0.4260	0.1674	0.7957	0.0365	0.8420	16.9000	0.1087	348.0000	56.0000	0.1609	428.0000
506	0.7946	0.4223	0.1678	0.8297	0.0391	0.8517	16.8000	0.0965	375.0000	52.0000	0.1387	424.0000
507	0.8296	0.4269	0.1750	0.8084	0.0456	0.8618	17.0000	0.0881	381.0000	54.0000	0.1417	459.0000
508	0.8173	0.4236	0.1706	0.8422	0.0418	0.8573	16.8000	0.1070	348.0000	50.0000	0.1437	389.0000
509	0.8002	0.4182	0.1609	0.8599	0.0342	0.8571	16.9000	0.1133	317.0000	50.0000	0.1577	394.0000
510	0.8310	0.4199	0.1809	0.8302	0.0412	0.8576	16.9000	0.0990	372.0000	57.0000	0.1532	434.0000
511	0.7444	0.4248	0.1811	0.8236	0.0419	0.8254	16.8000	0.1397	393.0000	53.0000	0.1349	437.0000
512	0.7382	0.4260	0.1873	0.8010	0.0401	0.8159	16.8000	0.1217	383.0000	60.0000	0.1567	432.0000
513	0.7683	0.4232	0.1637	0.7970	0.0351	0.8314	16.7000	0.1200	318.0000	56.0000	0.1761	402.0000
514	0.7940	0.4219	0.1725	0.8547	0.0390	0.8646	16.9000	0.1232	373.0000	49.0000	0.1314	413.0000
515	0.8135	0.4273	0.1635	0.8219	0.0415	0.8739	16.7000	0.0822	343.0000	47.0000	0.1370	420.0000
516	0.7923	0.4297	0.1811	0.8498	0.0380	0.8679	16.7000	0.1041	352.0000	49.0000	0.1392	404.0000
517	0.8113	0.4223	0.1704	0.8320	0.0370	0.8283	16.8000	0.1178	378.0000	62.0000	0.1640	419.0000
518	0.8289	0.4285	0.1831	0.8307	0.0465	0.8616	17.0000	0.0935	405.0000	53.0000	0.1309	469.0000
519	0.8348	0.4215	0.1629	0.8126	0.0372	0.8641	17.1000	0.0988	355.0000	52.0000	0.1465	409.0000
520	0.7845	0.4289	0.1855	0.8171	0.0446	0.8377	17.0000	0.1140	400.0000	61.0000	0.1525	449.0000
521	0.8312	0.4240	0.1766	0.8260	0.0454	0.8670	17.0000	0.0965	380.0000	47.0000	0.1237	439.0000
522	0.8178	0.4211	0.1690	0.8151	0.0429	0.8796	16.8000	0.1011	361.0000	50.0000	0.1385	430.0000
523	0.7888	0.4256	0.1590	0.8526	0.0370	0.8438	16.9000	0.1196	365.0000	52.0000	0.1425	390.0000
524	0.8009	0.4190	0.1703	0.7968	0.0404	0.8569	16.7000	0.1221	358.0000	55.0000	0.1536	414.0000
525	0.8387	0.4302	0.1927	0.7957	0.0462	0.8660	16.8000	0.0961	423.0000	55.0000	0.1300	467.0000
526	0.7913	0.4240	0.1726	0.8410	0.0492	0.8539	16.8000	0.1134	403.0000	56.0000	0.1390	439.0000
527	0.8357	0.4248	0.1625	0.8256	0.0402	0.8736	16.8000	0.0999	348.0000	46.0000	0.1322	400.0000
528	0.8052	0.4186	0.1699	0.8395	0.0449	0.8601	16.8000	0.1163	398.0000	48.0000	0.1206	418.0000
529	0.8203	0.4289	0.1749	0.8614	0.0437	0.8700	16.8000	0.0892	395.0000	46.0000	0.1165	432.0000
530	0.7955	0.4289	0.1761	0.8195	0.0438	0.8612	16.9000	0.0859	392.0000	53.0000	0.1352	422.0000
531	0.8291	0.4256	0.1743	0.8262	0.0486	0.8663	16.7000	0.1085	370.0000	48.0000	0.1297	441.0000
532	0.7994	0.4223	0.1689	0.8229	0.0379	0.8522	16.9000	0.0891	363.0000	57.0000	0.1570	442.0000
533	0.8303	0.4260	0.1833	0.8378	0.0474	0.8908	17.0000	0.0831	377.0000	47.0000	0.1247	412.0000
534	0.8373	0.4310	0.1594	0.8554	0.0450	0.8917	16.8000	0.0850	362.0000	39.0000	0.1077	426.0000
535	0.7720	0.4207	0.1713	0.8212	0.0390	0.8415	17.1000	0.1273	354.0000	51.0000	0.1441	426.0000
536	0.8243	0.4297	0.1976	0.8187	0.0476	0.8601	16.9000	0.0957	394.0000	52.0000	0.1320	445.0000
537	0.7897	0.4199	0.1787	0.8026	0.0360	0.8442	16.8000	0.1136	358.0000	55.0000	0.1536	420.0000
538	0.7772	0.4223	0.1654	0.8274	0.0382	0.8493	16.9000	0.0981	325.0000	49.0000	0.1508	399.0000
539	0.8039	0.4120	0.1510	0.8151	0.0334	0.8544	16.9000	0.1198	322.0000	50.0000	0.1553	392.0000
540	0.7753	0.4240	0.1641	0.8247	0.0390	0.8356	16.8000	0.1265	380.0000	56.0000	0.1474	419.0000
541	0.7895	0.4186	0.1540	0.8273	0.0335	0.8405	16.9000	0.1333	323.0000	52.0000	0.1610	365.0000
542	0.8253	0.4223	0.1749	0.8321	0.0333	0.8644	16.8000	0.0943	333.0000	50.0000	0.1502	393.0000
543	0.8316	0.4227	0.1730	0.8302	0.0434	0.8756	16.8000	0.0910	433.0000	53.0000	0.1224	477.0000
544	0.7989	0.4265	0.1974	0.8014	0.0490	0.8656	16.7000	0.1098	395.0000	53.0000	0.1342	432.0000
545	0.7773	0.4194	0.1626	0.8525	0.0360	0.8494	16.9000	0.1255	346.0000	53.0000	0.1532	395.0000
546	0.7917	0.4178	0.1634	0.8634	0.0410	0.8539	16.9000	0.1257	365.0000	51.0000	0.1397	394.0000
547	0.7452	0.4285	0.1850	0.8126	0.0468	0.8403	17.0000	0.1160	404.0000	58.0000	0.1436	454.0000
548	0.8297	0.4223	0.1653	0.8870	0.0412	0.8973	16.9000	0.0744	351.0000	43.0000	0.1225	406.0000
549	0.8076	0.4232	0.1831	0.8475	0.0440	0.8509	16.7000	0.1186	366.0000	52.0000	0.1421	395.0000
550	0.8086	0.4199	0.1704	0.8566	0.0449	0.8608	16.9000	0.1023	345.0000	50.0000	0.1449	401.0000
551	0.7659	0.4343	0.1858	0.8361	0.0495	0.8570	16.9000	0.1097	445.0000	55.0000	0.1236	464.0000
552	0.7555	0.4240	0.1714	0.8485	0.0329	0.8514	17.2000	0.1190	333.0000	53.0000	0.1592	385.0000
553	0.7939	0.4219	0.1727	0.8205	0.0414	0.8482	16.8000	0.1268	362.0000	55.0000	0.1519	421.0000
554	0.8051	0.4269	0.1661	0.8236	0.0415	0.8714	16.9000	0.0965	369.0000	47.0000	0.1274	415.0000
555	0.7454	0.4260	0.1658	0.8164	0.0402	0.8214	16.8000	0.1325	363.0000	59.0000	0.1625	416.0000
556	0.7599	0.4269	0.1774	0.8390	0.0373	0.8525	16.8000	0.0972	355.0000	54.0000	0.1521	424.0000
557	0.8527	0.4232	0.1821	0.8629	0.0475	0.8847	16.9000	0.0796	379.0000	44.0000	0.1161	430.0000
558	0.7827	0.4207	0.1771	0.8124	0.0395	0.8480	17.1000	0.1260	372.0000	55.0000	0.1478	457.0000
559	0.7888	0.4256	0.1748	0.8316	0.0465	0.8623	16.7000	0.0890	394.0000	50.0000	0.1269	436.0000
560	0.8113	0.4244	0.1867	0.8251	0.0387	0.8671	16.8000	0.0857	333.0000	51.0000	0.1532	424.0000
561	0.8164	0.4178	0.1740	0.8083	0.0378	0.8637	16.9000	0.0880	368.0000	51.0000	0.1386	421.0000
562	0.8100	0.4252	0.1546	0.8339	0.0366	0.8659	17.0000	0.0956	324.0000	49.0000	0.1512	423.0000
563	0.7881	0.4293	0.1741	0.8362	0.0460	0.8565	16.9000	0.0976	418.0000	57.0000	0.1364	460.0000
564	0.8061	0.4252	0.1579	0.8381	0.0395	0.8448	17.0000	0.1040	329.0000	51.0000	0.1550	400.0000
565	0.8148	0.4211	0.1597	0.8388	0.0377	0.8524	16.9000	0.0947	350.0000	53.0000	0.1514	416.0000
566	0.8160	0.4211	0.1735	0.8037	0.0443	0.8581	16.7000	0.1159	362.0000	50.0000	0.1381	411.0000
567	0.8132	0.4232	0.1843	0.8285	0.0417	0.8642	17.0000	0.0967	351.0000	50.0000	0.1425	438.0000
568	0.8049	0.4240	0.1695	0.8238	0.0395	0.8585	16.9000	0.0958	362.0000	47.0000	0.1298	376.0000
569	0.7516	0.4269	0.1780	0.8019	0.0450	0.8170	16.8000	0.1282	399.0000	62.0000	0.1554	465.0000
570	0.8258	0.4211	0.1649	0.8360	0.0387	0.8658	16.8000	0.0890	361.0000	47.0000	0.1302	438.0000
571	0.7898	0.4256	0.1871	0.8021	0.0449	0.8298	17.1000	0.1327	429.0000	61.0000	0.1422	464.0000
572	0.7885	0.4227	0.1660	0.8304	0.0382	0.8490	17.0000	0.1186	343.0000	52.0000	0.1516	386.0000
573	0.7735	0.4236	0.1564	0.8533	0.0367	0.8447	17.0000	0.1292	317.0000	47.0000	0.1483	378.0000
574	0.8298	0.4207	0.1680	0.8189	0.0387	0.8719	17.0000	0.0810	362.0000	45.0000	0.1243	420.0000
575	0.7705	0.4244	0.1718	0.8036	0.0393	0.8342	16.9000	0.1418	359.0000	57.0000	0.1588	387.0000
576	0.7478	0.4297	0.1726	0.8349	0.0347	0.8713	16.7000	0.0934	316.0000	48.0000	0.1519	367.0000
577	0.8097	0.4232	0.1696	0.8333	0.0352	0.8579	16.9000	0.0986	360.0000	48.0000	0.1333	404.0000
578	0.8103	0.4178	0.1664	0.8570	0.0356	0.8521	17.0000	0.1144	346.0000	53.0000	0.1532	407.0000
579	0.8101	0.4281	0.1748	0.8228	0.0419	0.8658	16.8000	0.0912	385.0000	54.0000	0.1403	471.0000
580	0.7917	0.4194	0.1710	0.8232	0.0373	0.8722	16.7000	0.0917	343.0000	47.0000	0.1370	403.0000
581	0.7574	0.4149	0.1558	0.8339	0.0346	0.8469	16.9000	0.1193	311.0000	55.0000	0.1768	407.0000
582	0.8088	0.4248	0.1644	0.8266	0.0398	0.8425	16.9000	0.1286	350.0000	56.0000	0.1600	415.0000
583	0.7967	0.4227	0.1691	0.8186	0.0353	0.8334	17.0000	0.1205	318.0000	54.0000	0.1698	396.0000
584	0.8035	0.4190	0.1603	0.8166	0.0348	0.8639	17.0000	0.1043	336.0000	49.0000	0.1458	400.0000
585	0.8026	0.4248	0.1860	0.8201	0.0461	0.8589	16.8000	0.1019	407.0000	57.0000	0.1400	462.0000
586	0.7713	0.4223	0.1735	0.8244	0.0348	0.8478	16.9000	0.1052	368.0000	54.0000	0.1467	412.0000
587	0.7938	0.4219	0.1698	0.8380	0.0368	0.8533	16.8000	0.1256	347.0000	55.0000	0.1585	414.0000
588	0.8166	0.4256	0.1615	0.8412	0.0408	0.8467	16.8000	0.1096	376.0000	54.0000	0.1436	446.0000
589	0.7574	0.4273	0.1584	0.8371	0.0323	0.8443	16.9000	0.1108	378.0000	57.0000	0.1508	423.0000
590	0.7715	0.4252	0.1813	0.8065	0.0378	0.8539	16.9000	0.1183	388.0000	53.0000	0.1366	435.0000
591	0.7847	0.4207	0.1701	0.8417	0.0371	0.8548	16.9000	0.1129	346.0000	50.0000	0.1445	401.0000
592	0.8017	0.4289	0.1795	0.8589	0.0443	0.8732	16.8000	0.0924	377.0000	48.0000	0.1273	438.0000
593	0.8010	0.4281	0.1749	0.8303	0.0451	0.8575	17.0000	0.1109	390.0000	56.0000	0.1436	451.0000
594	0.8366	0.4203	0.1662	0.8408	0.0445	0.8677	16.8000	0.0999	357.0000	43.0000	0.1204	405.0000
595	0.8095	0.4215	0.1758	0.8345	0.0435	0.8506	16.8000	0.1039	409.0000	53.0000	0.1296	476.0000
596	0.7440	0.4178	0.1608	0.8350	0.0359	0.8349	16.7000	0.1122	343.0000	51.0000	0.1487	424.0000
597	0.7679	0.4223	0.1660	0.8342	0.0423	0.8538	16.9000	0.1080	385.0000	52.0000	0.1351	428.0000
598	0.7673	0.4166	0.1656	0.8421	0.0381	0.8599	16.8000	0.1135	383.0000	57.0000	0.1488	432.0000
599	0.7963	0.4265	0.1684	0.8204	0.0350	0.8435	16.8000	0.1391	314.0000	51.0000	0.1624	391.0000
600	0.7756	0.4207	0.1702	0.8373	0.0344	0.8591	16.8000	0.0865	338.0000	51.0000	0.1509	413.0000
601	0.8270	0.4178	0.1637	0.8419	0.0407	0.8861	16.8000	0.0797	357.0000	42.0000	0.1176	415.0000
602	0.8211	0.4186	0.1556	0.8585	0.0353	0.8642	17.2000	0.0914	322.0000	48.0000	0.1491	381.0000
603	0.8048	0.4162	0.1740	0.8223	0.0394	0.8353	16.8000	0.1107	381.0000	58.0000	0.1522	432.0000
604	0.8296	0.4219	0.1788	0.8335	0.0494	0.8741	16.9000	0.0946	387.0000	51.0000	0.1318	450.0000
605	0.7462	0.4219	0.1670	0.7997	0.0370	0.8291	17.1000	0.1146	362.0000	59.0000	0.1630	428.0000
606	0.7969	0.4256	0.1884	0.8572	0.0414	0.8872	16.7000	0.0744	365.0000	41.0000	0.1123	429.0000
607	0.7516	0.4289	0.1741	0.8212	0.0398	0.8626	16.9000	0.1018	389.0000	48.0000	0.1234	446.0000
608	0.7786	0.4244	0.1794	0.8105	0.0434	0.8614	16.7000	0.1116	394.0000	50.0000	0.1269	449.0000
609	0.7521	0.4310	0.1783	0.7870	0.0408	0.8346	16.7000	0.1108	405.0000	65.0000	0.1605	477.0000
610	0.8014	0.4256	0.1813	0.8348	0.0458	0.8628	16.9000	0.1004	393.0000	52.0000	0.1323	435.0000
611	0.8137	0.4199	0.1637	0.8354	0.0355	0.8607	16.9000	0.0954	356.0000	50.0000	0.1404	393.0000
612	0.8059	0.4260	0.1672	0.8192	0.0398	0.8696	16.9000	0.0940	372.0000	49.0000	0.1317	436.0000
613	0.7922	0.4260	0.1799	0.8245	0.0486	0.8531	16.8000	0.1116	400.0000	51.0000	0.1275	440.0000
614	0.8316	0.4260	0.1761	0.8234	0.0475	0.8853	16.9000	0.0818	385.0000	45.0000	0.1169	431.0000
615	0.8206	0.4260	0.1663	0.8516	0.0359	0.8460	16.8000	0.1112	324.0000	50.0000	0.1543	375.0000
616	0.7853	0.4260	0.1791	0.8131	0.0450	0.8490	16.8000	0.1248	369.0000	56.0000	0.1518	421.0000
617	0.8021	0.4256	0.1710	0.8258	0.0419	0.8652	16.8000	0.0902	356.0000	46.0000	0.1292	411.0000
618	0.7726	0.4178	0.1658	0.8242	0.0371	0.8462	17.2000	0.1167	368.0000	55.0000	0.1495	403.0000
619	0.8641	0.4178	0.1838	0.8650	0.0396	0.8825	16.9000	0.0683	377.0000	45.0000	0.1194	416.0000
620	0.8406	0.4273	0.1778	0.8142	0.0406	0.8659	16.9000	0.0942	378.0000	52.0000	0.1376	430.0000
621	0.8035	0.4219	0.1677	0.8020	0.0395	0.8486	16.8000	0.1112	357.0000	55.0000	0.1541	393.0000
622	0.8146	0.4236	0.1641	0.8413	0.0410	0.8722	16.8000	0.0791	354.0000	47.0000	0.1328	409.0000
623	0.8236	0.4211	0.1836	0.8489	0.0391	0.8596	16.9000	0.0913	371.0000	51.0000	0.1375	414.0000
624	0.8283	0.4260	0.1709	0.8126	0.0451	0.8896	17.2000	0.0796	378.0000	46.0000	0.1217	447.0000
625	0.7531	0.4256	0.1739	0.8012	0.0373	0.8436	17.0000	0.1331	373.0000	54.0000	0.1448	413.0000
626	0.7758	0.4285	0.1685	0.8424	0.0392	0.8670	16.9000	0.0913	398.0000	49.0000	0.1231	425.0000
627	0.8061	0.4240	0.1731	0.8176	0.0408	0.8458	16.8000	0.1123	381.0000	53.0000	0.1391	449.0000
628	0.8185	0.4215	0.1806	0.8093	0.0391	0.8745	17.0000	0.0999	345.0000	46.0000	0.1333	418.0000
629	0.8089	0.4232	0.1639	0.8566	0.0372	0.8694	17.0000	0.1109	343.0000	48.0000	0.1399	387.0000
630	0.7805	0.4260	0.1613	0.8435	0.0374	0.8332	16.7000	0.1143	350.0000	53.0000	0.1514	421.0000
631	0.7685	0.4219	0.1784	0.7934	0.0323	0.8392	17.0000	0.1062	377.0000	59.0000	0.1565	446.0000
632	0.8183	0.4194	0.1694	0.8461	0.0412	0.8703	17.0000	0.0913	356.0000	48.0000	0.1348	410.0000
633	0.7995	0.4273	0.1748	0.8717	0.0421	0.8625	16.9000	0.0973	330.0000	48.0000	0.1455	407.0000
634	0.7893	0.4256	0.1567	0.8187	0.0365	0.8483	16.7000	0.1118	361.0000	57.0000	0.1579	412.0000
635	0.7915	0.4153	0.1659	0.8364	0.0394	0.8561	16.9000	0.1122	359.0000	50.0000	0.1393	409.0000
636	0.7702	0.4310	0.1737	0.8127	0.0405	0.8481	16.7000	0.1218	348.0000	56.0000	0.1609	431.0000
637	0.8015	0.4330	0.1860	0.8278	0.0446	0.8575	16.7000	0.1062	400.0000	55.0000	0.1375	446.0000
638	0.8116	0.4297	0.1737	0.8372	0.0432	0.8575	17.1000	0.1076	378.0000	54.0000	0.1429	434.0000
639	0.8194	0.4277	0.1741	0.8327	0.0398	0.8378	16.9000	0.1208	366.0000	56.0000	0.1530	417.0000
640	0.8011	0.4285	0.1789	0.7858	0.0457	0.8523	17.1000	0.1266	390.0000	52.0000	0.1333	433.0000
641	0.7815	0.4252	0.1850	0.8274	0.0410	0.8713	17.1000	0.0889	412.0000	49.0000	0.1189	454.0000
642	0.7969	0.4227	0.1616	0.8218	0.0358	0.8541	16.8000	0.1124	378.0000	54.0000	0.1429	433.0000
643	0.8028	0.4190	0.1806	0.8053	0.0428	0.8559	16.8000	0.1013	391.0000	54.0000	0.1381	453.0000
644	0.7734	0.4244	0.1804	0.8395	0.0387	0.8434	16.7000	0.1235	357.0000	54.0000	0.1513	407.0000
645	0.7879	0.4174	0.1634	0.8198	0.0356	0.8548	16.9000	0.0974	307.0000	50.0000	0.1629	414.0000
646	0.7708	0.4190	0.1634	0.8306	0.0363	0.8412	16.9000	0.1063	329.0000	50.0000	0.1520	378.0000
647	0.8124	0.4211	0.1772	0.8479	0.0441	0.8709	16.9000	0.0984	382.0000	52.0000	0.1361	434.0000
648	0.8545	0.4244	0.1832	0.8616	0.0482	0.8962	17.0000	0.0744	410.0000	43.0000	0.1049	477.0000
649	0.8091	0.4306	0.1862	0.8063	0.0422	0.8523	16.9000	0.1003	393.0000	56.0000	0.1425	468.0000
650	0.7981	0.4318	0.1730	0.8225	0.0378	0.8491	16.9000	0.0931	377.0000	51.0000	0.1353	431.0000
651	0.8148	0.4227	0.1714	0.8533	0.0384	0.8755	16.8000	0.0952	347.0000	46.0000	0.1326	405.0000
652	0.7975	0.4244	0.1756	0.8403	0.0409	0.8659	16.8000	0.0923	373.0000	54.0000	0.1448	410.0000
653	0.8206	0.4215	0.1714	0.8448	0.0425	0.8804	16.9000	0.0883	348.0000	46.0000	0.1322	394.0000
654	0.8031	0.4260	0.1753	0.8404	0.0378	0.8644	16.7000	0.0991	366.0000	47.0000	0.1284	412.0000
655	0.7291	0.4162	0.1439	0.8166	0.0305	0.8235	17.0000	0.1474	350.0000	54.0000	0.1543	396.0000
656	0.7931	0.4236	0.1811	0.8426	0.0420	0.8697	16.9000	0.1025	393.0000	50.0000	0.1272	442.0000
657	0.8210	0.4199	0.1584	0.8390	0.0356	0.8650	17.1000	0.0918	310.0000	45.0000	0.1452	396.0000
658	0.7909	0.4223	0.1657	0.8001	0.0371	0.8287	17.1000	0.1166	357.0000	61.0000	0.1709	440.0000
659	0.7647	0.4219	0.1662	0.8530	0.0392	0.8415	16.8000	0.1195	368.0000	56.0000	0.1522	434.0000
660	0.8380	0.4236	0.1763	0.8224	0.0379	0.8791	16.7000	0.0755	385.0000	49.0000	0.1273	424.0000
661	0.7852	0.4207	0.1655	0.8132	0.0385	0.8480	16.8000	0.1244	374.0000	58.0000	0.1551	419.0000
662	0.8049	0.4211	0.1761	0.8141	0.0370	0.8312	17.0000	0.1007	356.0000	56.0000	0.1573	400.0000
663	0.8050	0.4293	0.1754	0.8269	0.0417	0.8647	16.9000	0.0922	366.0000	52.0000	0.1421	426.0000
664	0.7881	0.4269	0.1680	0.8217	0.0375	0.8402	17.0000	0.1079	356.0000	50.0000	0.1404	407.0000
665	0.8018	0.4207	0.1736	0.8345	0.0406	0.8647	16.9000	0.0921	410.0000	49.0000	0.1195	422.0000
666	0.8166	0.4236	0.1691	0.8212	0.0396	0.8577	16.8000	0.1104	344.0000	51.0000	0.1483	426.0000
667	0.7831	0.4232	0.1761	0.8631	0.0428	0.8654	16.9000	0.1062	386.0000	49.0000	0.1269	403.0000
668	0.7927	0.4244	0.1711	0.8155	0.0348	0.8375	17.0000	0.1100	310.0000	58.0000	0.1871	370.0000
669	0.7575	0.4236	0.1709	0.7859	0.0377	0.8555	17.0000	0.1069	365.0000	55.0000	0.1507	426.0000
670	0.8056	0.4293	0.1777	0.8170	0.0451	0.8530	16.8000	0.1057	374.0000	55.0000	0.1471	431.0000
671	0.7661	0.4223	0.1753	0.7890	0.0369	0.8654	16.9000	0.0929	406.0000	54.0000	0.1330	450.0000
672	0.7599	0.4244	0.1711	0.7863	0.0370	0.8478	17.0000	0.1030	424.0000	62.0000	0.1462	490.0000
673	0.8132	0.4265	0.1715	0.8246	0.0440	0.8534	16.9000	0.1026	367.0000	54.0000	0.1471	419.0000
674	0.8012	0.4273	0.1772	0.8119	0.0387	0.8390	16.9000	0.1139	390.0000	58.0000	0.1487	422.0000
675	0.7674	0.4326	0.1826	0.8063	0.0422	0.8368	16.7000	0.1299	378.0000	57.0000	0.1508	442.0000
676	0.8051	0.4244	0.1806	0.8365	0.0443	0.8625	16.9000	0.0913	350.0000	50.0000	0.1429	423.0000
677	0.8313	0.4182	0.1606	0.8531	0.0384	0.8719	16.7000	0.0953	348.0000	46.0000	0.1322	405.0000
678	0.7920	0.4223	0.1563	0.8393	0.0373	0.8431	16.9000	0.1331	319.0000	55.0000	0.1724	389.0000
679	0.8211	0.4252	0.1836	0.8390	0.0453	0.8583	17.0000	0.1118	374.0000	52.0000	0.1390	429.0000
680	0.8353	0.4310	0.1801	0.8349	0.0484	0.8428	16.9000	0.1175	379.0000	56.0000	0.1478	426.0000
681	0.8199	0.4207	0.1832	0.8138	0.0434	0.8509	16.8000	0.1036	358.0000	56.0000	0.1564	433.0000
682	0.8065	0.4227	0.1703	0.8707	0.0399	0.8714	17.0000	0.0861	335.0000	43.0000	0.1284	391.0000
683	0.8025	0.4248	0.1693	0.8358	0.0397	0.8613	16.8000	0.0903	366.0000	52.0000	0.1421	422.0000
684	0.8042	0.4227	0.1709	0.7832	0.0410	0.8636	16.9000	0.1159	357.0000	52.0000	0.1457	420.0000
685	0.7863	0.4244	0.1706	0.8299	0.0453	0.8658	16.8000	0.1013	394.0000	52.0000	0.1320	422.0000
686	0.7873	0.4215	0.1594	0.8296	0.0335	0.8612	17.2000	0.1108	324.0000	50.0000	0.1543	404.0000
687	0.7941	0.4236	0.1773	0.8434	0.0433	0.8633	16.9000	0.1046	399.0000	52.0000	0.1303	462.0000
688	0.8201	0.4244	0.1822	0.8516	0.0473	0.8773	16.9000	0.0984	378.0000	45.0000	0.1190	442.0000
689	0.7999	0.4211	0.1718	0.8414	0.0400	0.8723	16.9000	0.0820	373.0000	46.0000	0.1233	408.0000
690	0.7825	0.4289	0.1737	0.8131	0.0419	0.8503	17.0000	0.1179	407.0000	52.0000	0.1278	439.0000
691	0.7950	0.4215	0.1734	0.8323	0.0405	0.8579	16.8000	0.1136	363.0000	52.0000	0.1433	395.0000
692	0.7917	0.4236	0.1678	0.8639	0.0433	0.8582	16.9000	0.1282	369.0000	50.0000	0.1355	430.0000
693	0.7452	0.4240	0.1536	0.7962	0.0406	0.8280	17.0000	0.1498	342.0000	56.0000	0.1637	391.0000
694	0.8222	0.4314	0.1713	0.8381	0.0439	0.8748	16.8000	0.0939	370.0000	50.0000	0.1351	406.0000
695	0.7929	0.4252	0.1733	0.8272	0.0414	0.8506	16.9000	0.1112	386.0000	55.0000	0.1425	450.0000
696	0.7714	0.4302	0.1872	0.7879	0.0425	0.8409	16.9000	0.1017	409.0000	58.0000	0.1418	455.0000
697	0.7740	0.4265	0.1830	0.8163	0.0449	0.8292	17.0000	0.1274	416.0000	58.0000	0.1394	438.0000
698	0.8028	0.4244	0.1665	0.8377	0.0419	0.8494	17.1000	0.1209	378.0000	56.0000	0.1481	426.0000
699	0.8069	0.4260	0.1857	0.8192	0.0442	0.8616	17.0000	0.0871	409.0000	48.0000	0.1174	443.0000
700	0.7888	0.4211	0.1629	0.8309	0.0366	0.8511	16.9000	0.1124	345.0000	48.0000	0.1391	404.0000
701	0.8273	0.4277	0.1673	0.8373	0.0367	0.8604	16.7000	0.0863	337.0000	47.0000	0.1395	399.0000
702	0.8078	0.4236	0.1732	0.8455	0.0408	0.8695	17.1000	0.1066	351.0000	48.0000	0.1368	421.0000
703	0.7974	0.4306	0.1742	0.8313	0.0417	0.8625	16.9000	0.1164	347.0000	50.0000	0.1441	395.0000
704	0.7868	0.4141	0.1579	0.8110	0.0353	0.8508	16.9000	0.0993	355.0000	51.0000	0.1437	410.0000
705	0.8460	0.4219	0.1605	0.8455	0.0415	0.8805	16.8000	0.0879	339.0000	46.0000	0.1357	427.0000
706	0.8336	0.4203	0.1736	0.8490	0.0409	0.8996	17.0000	0.0672	372.0000	42.0000	0.1129	416.0000
707	0.7855	0.4186	0.1650	0.8398	0.0289	0.8350	16.8000	0.1328	363.0000	51.0000	0.1405	377.0000
708	0.8238	0.4260	0.1669	0.8106	0.0374	0.8560	16.9000	0.0948	377.0000	53.0000	0.1406	405.0000
709	0.8029	0.4277	0.1872	0.8087	0.0439	0.8430	16.8000	0.1074	368.0000	54.0000	0.1467	431.0000
710	0.7799	0.4124	0.1496	0.8462	0.0332	0.8438	16.9000	0.1151	306.0000	51.0000	0.1667	387.0000
711	0.7967	0.4248	0.1868	0.8109	0.0424	0.8672	17.0000	0.0930	383.0000	49.0000	0.1279	448.0000
712	0.7428	0.4281	0.1678	0.7934	0.0326	0.8403	17.0000	0.1138	371.0000	54.0000	0.1456	416.0000
713	0.7957	0.4293	0.1793	0.8243	0.0431	0.8500	16.8000	0.1068	373.0000	52.0000	0.1394	423.0000
714	0.7715	0.4281	0.1789	0.8316	0.0435	0.8492	17.0000	0.1181	396.0000	51.0000	0.1288	415.0000
715	0.8370	0.4223	0.1668	0.8167	0.0397	0.8661	17.1000	0.0962	411.0000	54.0000	0.1314	456.0000
716	0.8021	0.4302	0.1916	0.8270	0.0443	0.8589	16.8000	0.1154	414.0000	53.0000	0.1280	442.0000
717	0.8373	0.4314	0.1780	0.8107	0.0489	0.8699	16.8000	0.0840	398.0000	56.0000	0.1407	476.0000
718	0.8096	0.4289	0.1674	0.8240	0.0369	0.8423	17.0000	0.0984	379.0000	58.0000	0.1530	467.0000
719	0.7536	0.4260	0.1782	0.8239	0.0425	0.8359	16.8000	0.1382	377.0000	55.0000	0.1459	421.0000
720	0.7981	0.4207	0.1608	0.8648	0.0391	0.8785	17.0000	0.0752	377.0000	48.0000	0.1273	423.0000
721	0.8043	0.4211	0.1702	0.8296	0.0317	0.8395	17.0000	0.1102	306.0000	57.0000	0.1863	398.0000
722	0.8137	0.4273	0.1734	0.8497	0.0457	0.8784	17.0000	0.0900	383.0000	44.0000	0.1149	439.0000
723	0.7700	0.4219	0.1710	0.8348	0.0350	0.8364	16.9000	0.1035	353.0000	57.0000	0.1615	405.0000
724	0.7994	0.4203	0.1602	0.8476	0.0383	0.8582	16.9000	0.1156	378.0000	53.0000	0.1402	405.0000
725	0.7928	0.4190	0.1750	0.8060	0.0399	0.8642	16.8000	0.0942	348.0000	53.0000	0.1523	439.0000
726	0.7762	0.4211	0.1715	0.8150	0.0428	0.8421	16.8000	0.1013	418.0000	53.0000	0.1268	432.0000
727	0.7857	0.4178	0.1770	0.8379	0.0391	0.8535	16.9000	0.1147	359.0000	56.0000	0.1560	414.0000
728	0.7507	0.4269	0.1749	0.7896	0.0369	0.8420	17.2000	0.1194	379.0000	60.0000	0.1583	454.0000
729	0.8115	0.4178	0.1693	0.8215	0.0340	0.8379	16.9000	0.1169	342.0000	53.0000	0.1550	403.0000
730	0.8072	0.4248	0.1739	0.8575	0.0418	0.8646	16.9000	0.1275	335.0000	46.0000	0.1373	376.0000
731	0.8049	0.4240	0.1618	0.8564	0.0348	0.8435	16.8000	0.1065	341.0000	51.0000	0.1496	379.0000
732	0.7617	0.4236	0.1738	0.8536	0.0373	0.8335	17.0000	0.1170	383.0000	56.0000	0.1462	452.0000
733	0.7891	0.4252	0.1753	0.8671	0.0423	0.8600	17.0000	0.0950	380.0000	47.0000	0.1237	418.0000
734	0.8222	0.4194	0.1626	0.8641	0.0394	0.8684	16.8000	0.0925	359.0000	44.0000	0.1226	398.0000
735	0.7725	0.4322	0.1761	0.8151	0.0420	0.8137	16.9000	0.1326	355.0000	69.0000	0.1944	450.0000
736	0.8017	0.4223	0.1698	0.8400	0.0386	0.8861	16.9000	0.0714	368.0000	44.0000	0.1196	429.0000
737	0.8043	0.4215	0.1750	0.8362	0.0382	0.8748	16.9000	0.0927	333.0000	53.0000	0.1592	415.0000
738	0.7640	0.4240	0.1650	0.8312	0.0415	0.8290	17.2000	0.1334	344.0000	56.0000	0.1628	404.0000
739	0.7585	0.4178	0.1566	0.8270	0.0336	0.8275	16.8000	0.1371	369.0000	58.0000	0.1572	400.0000
740	0.7902	0.4203	0.1644	0.8306	0.0406	0.8713	16.7000	0.1048	383.0000	49.0000	0.1279	444.0000
741	0.8075	0.4182	0.1729	0.8387	0.0371	0.8553	16.9000	0.1146	363.0000	48.0000	0.1322	387.0000
742	0.7877	0.4199	0.1579	0.8311	0.0365	0.8486	17.0000	0.1085	352.0000	53.0000	0.1506	407.0000
743	0.8156	0.4347	0.1779	0.8342	0.0441	0.8653	16.7000	0.0981	376.0000	51.0000	0.1356	413.0000
744	0.7724	0.4240	0.1675	0.8331	0.0403	0.8490	17.1000	0.1166	372.0000	55.0000	0.1478	438.0000
745	0.8133	0.4207	0.1726	0.8524	0.0409	0.8647	17.0000	0.1020	346.0000	50.0000	0.1445	405.0000
746	0.7863	0.4293	0.1761	0.8217	0.0351	0.8459	17.0000	0.1030	354.0000	52.0000	0.1469	417.0000
747	0.7773	0.4219	0.1754	0.8171	0.0421	0.8351	16.8000	0.1038	418.0000	56.0000	0.1340	455.0000
748	0.7957	0.4265	0.1684	0.8292	0.0375	0.8450	16.7000	0.0885	341.0000	47.0000	0.1378	398.0000
749	0.8158	0.4265	0.1756	0.8450	0.0413	0.8702	16.9000	0.0989	358.0000	49.0000	0.1369	423.0000
750	0.8592	0.4269	0.1782	0.8813	0.0431	0.8985	16.9000	0.0633	374.0000	43.0000	0.1150	409.0000
751	0.8167	0.4232	0.1678	0.8362	0.0390	0.8679	17.0000	0.0808	338.0000	49.0000	0.1450	387.0000
752	0.7724	0.4265	0.1841	0.7948	0.0345	0.8409	16.6000	0.0925	374.0000	57.0000	0.1524	435.0000
753	0.8339	0.4285	0.1686	0.8056	0.0427	0.8673	16.8000	0.0860	373.0000	54.0000	0.1448	408.0000
754	0.7886	0.4256	0.1840	0.8498	0.0459	0.8555	16.9000	0.1118	407.0000	52.0000	0.1278	444.0000
755	0.8425	0.4232	0.1718	0.8286	0.0410	0.8878	16.8000	0.0856	392.0000	49.0000	0.1250	442.0000
756	0.8047	0.4260	0.1859	0.8115	0.0451	0.8718	16.9000	0.0940	402.0000	59.0000	0.1468	478.0000
757	0.7890	0.4203	0.1657	0.8526	0.0342	0.8716	16.8000	0.0850	355.0000	44.0000	0.1239	413.0000
758	0.8146	0.4219	0.1813	0.8229	0.0462	0.8601	17.0000	0.0831	411.0000	52.0000	0.1265	453.0000
759	0.8341	0.4277	0.1829	0.8354	0.0490	0.8860	16.8000	0.0910	391.0000	45.0000	0.1151	435.0000
760	0.7935	0.4199	0.1627	0.8311	0.0432	0.8434	16.9000	0.1412	377.0000	56.0000	0.1485	419.0000
761	0.8288	0.4269	0.1749	0.8517	0.0444	0.8776	16.9000	0.0700	377.0000	47.0000	0.1247	422.0000
762	0.8044	0.4314	0.1704	0.8512	0.0431	0.8851	16.7000	0.0806	367.0000	46.0000	0.1253	446.0000
763	0.8098	0.4215	0.1878	0.8131	0.0505	0.8477	17.0000	0.1223	420.0000	64.0000	0.1524	480.0000
764	0.8098	0.4289	0.1781	0.8479	0.0386	0.8677	16.8000	0.1023	324.0000	46.0000	0.1420	396.0000
765	0.7938	0.4223	0.1645	0.8172	0.0363	0.8562	16.9000	0.1064	348.0000	54.0000	0.1552	423.0000
766	0.8297	0.4260	0.1751	0.8366	0.0451	0.8645	17.0000	0.0914	365.0000	51.0000	0.1397	418.0000
767	0.8051	0.4232	0.1728	0.8227	0.0432	0.8549	16.8000	0.1055	375.0000	56.0000	0.1493	423.0000
768	0.8205	0.4232	0.1782	0.8053	0.0441	0.8732	16.9000	0.0892	378.0000	50.0000	0.1323	438.0000
769	0.8300	0.4326	0.1861	0.8593	0.0489	0.8911	17.0000	0.0803	424.0000	50.0000	0.1179	460.0000
770	0.7975	0.4273	0.1779	0.8532	0.0395	0.8595	16.9000	0.0919	381.0000	52.0000	0.1365	434.0000
771	0.7784	0.4256	0.1707	0.8187	0.0416	0.8635	16.8000	0.1130	365.0000	50.0000	0.1370	450.0000
772	0.8329	0.4248	0.1782	0.8348	0.0420	0.8864	16.9000	0.0806	353.0000	45.0000	0.1275	436.0000
773	0.8476	0.4269	0.1783	0.8636	0.0382	0.8715	16.9000	0.0770	348.0000	44.0000	0.1264	413.0000
774	0.8585	0.4223	0.1618	0.8315	0.0381	0.8811	17.0000	0.0763	346.0000	44.0000	0.1272	400.0000
775	0.7636	0.4256	0.1653	0.8311	0.0396	0.8295	16.8000	0.1306	340.0000	50.0000	0.1471	385.0000
776	0.8213	0.4227	0.1700	0.8509	0.0387	0.8831	17.0000	0.0758	324.0000	40.0000	0.1235	400.0000
777	0.8201	0.4240	0.1681	0.8561	0.0463	0.8882	17.0000	0.0754	392.0000	43.0000	0.1097	440.0000
778	0.7858	0.4240	0.1776	0.8505	0.0450	0.8621	17.1000	0.0942	379.0000	52.0000	0.1372	437.0000
779	0.8017	0.4219	0.1818	0.8334	0.0440	0.8621	16.8000	0.1018	411.0000	52.0000	0.1265	436.0000
780	0.7977	0.4211	0.1716	0.8309	0.0375	0.8383	16.9000	0.1281	356.0000	55.0000	0.1545	411.0000
781	0.8289	0.4215	0.1761	0.8423	0.0384	0.8817	16.9000	0.0928	335.0000	47.0000	0.1403	417.0000
782	0.7340	0.4215	0.1670	0.7832	0.0351	0.8178	17.1000	0.1350	382.0000	65.0000	0.1702	450.0000
783	0.8016	0.4244	0.1782	0.7973	0.0437	0.8408	16.9000	0.1108	396.0000	59.0000	0.1490	454.0000
784	0.8110	0.4215	0.1629	0.8354	0.0393	0.8549	16.9000	0.1006	353.0000	48.0000	0.1360	414.0000
785	0.8078	0.4281	0.1709	0.8087	0.0452	0.8855	16.8000	0.0799	405.0000	46.0000	0.1136	452.0000
786	0.7996	0.4252	0.1785	0.8299	0.0445	0.8562	17.0000	0.1123	413.0000	54.0000	0.1308	435.0000
787	0.7923	0.4244	0.1723	0.8218	0.0368	0.8620	16.9000	0.0991	394.0000	57.0000	0.1447	445.0000
788	0.7549	0.4343	0.1820	0.8225	0.0407	0.8608	16.9000	0.1078	370.0000	49.0000	0.1324	426.0000
789	0.7994	0.4211	0.1639	0.8221	0.0364	0.8393	16.8000	0.1175	350.0000	55.0000	0.1571	405.0000
790	0.7969	0.4232	0.1696	0.8527	0.0436	0.8661	17.0000	0.1025	409.0000	54.0000	0.1320	467.0000
791	0.7983	0.4326	0.1879	0.8265	0.0483	0.8517	16.9000	0.1203	378.0000	52.0000	0.1376	446.0000
792	0.7957	0.4170	0.1652	0.8401	0.0390	0.8603	16.8000	0.1077	359.0000	49.0000	0.1365	416.0000
793	0.8103	0.4219	0.1624	0.8456	0.0436	0.8573	16.9000	0.1087	348.0000	48.0000	0.1379	385.0000
794	0.8010	0.4236	0.1722	0.8352	0.0413	0.8489	17.1000	0.1168	396.0000	53.0000	0.1338	433.0000
795	0.8179	0.4227	0.1691	0.8618	0.0434	0.8745	16.9000	0.1001	389.0000	45.0000	0.1157	418.0000
796	0.7993	0.4281	0.1730	0.8457	0.0414	0.8645	16.9000	0.0865	406.0000	51.0000	0.1256	441.0000
797	0.7992	0.4232	0.1653	0.8204	0.0445	0.8708	17.0000	0.0911	389.0000	45.0000	0.1157	437.0000
798	0.8225	0.4310	0.1809	0.8402	0.0392	0.8772	16.9000	0.1021	354.0000	52.0000	0.1469	414.0000
799	0.8250	0.4269	0.1698	0.8347	0.0404	0.8641	17.0000	0.0845	405.0000	55.0000	0.1358	446.0000
800	0.7995	0.4265	0.1639	0.8077	0.0398	0.8781	17.0000	0.0961	413.0000	49.0000	0.1186	424.0000
801	0.8150	0.4232	0.1753	0.8380	0.0430	0.8668	16.9000	0.1028	373.0000	52.0000	0.1394	452.0000
802	0.8214	0.4248	0.1742	0.8167	0.0413	0.8691	17.1000	0.0858	395.0000	51.0000	0.1291	455.0000
803	0.7707	0.4330	0.1881	0.8114	0.0410	0.8506	17.0000	0.0939	390.0000	48.0000	0.1231	433.0000
804	0.8174	0.4215	0.1659	0.8279	0.0380	0.8631	16.7000	0.0999	326.0000	47.0000	0.1442	425.0000
805	0.7701	0.4281	0.1616	0.8369	0.0388	0.8401	17.0000	0.1253	386.0000	57.0000	0.1477	408.0000
806	0.8529	0.4297	0.1750	0.8534	0.0402	0.8741	16.9000	0.0842	357.0000	49.0000	0.1373	431.0000
807	0.7634	0.4252	0.1685	0.8261	0.0355	0.8580	16.9000	0.1031	366.0000	52.0000	0.1421	411.0000
808	0.8055	0.4236	0.1796	0.8345	0.0424	0.8517	16.9000	0.1241	391.0000	56.0000	0.1432	414.0000
809	0.7665	0.4289	0.1746	0.8137	0.0414	0.8313	17.1000	0.1207	357.0000	57.0000	0.1597	443.0000
810	0.8178	0.4285	0.1757	0.8431	0.0461	0.8557	17.1000	0.0997	362.0000	46.0000	0.1271	421.0000
811	0.7990	0.4297	0.1770	0.8238	0.0422	0.8738	17.0000	0.0884	394.0000	50.0000	0.1269	443.0000
812	0.7528	0.4285	0.1559	0.8079	0.0321	0.8212	16.9000	0.1201	380.0000	58.0000	0.1526	432.0000
813	0.8214	0.4306	0.1875	0.8409	0.0453	0.8849	16.8000	0.0972	369.0000	53.0000	0.1436	442.0000
814	0.8134	0.4166	0.1650	0.8104	0.0334	0.8660	16.8000	0.1025	335.0000	47.0000	0.1403	395.0000
815	0.8367	0.4223	0.1714	0.8561	0.0446	0.8806	16.8000	0.0821	344.0000	48.0000	0.1395	423.0000
816	0.7800	0.4170	0.1727	0.8013	0.0368	0.8467	17.1000	0.1226	355.0000	57.0000	0.1606	410.0000
817	0.8106	0.4248	0.1806	0.8411	0.0491	0.8826	16.8000	0.0874	382.0000	47.0000	0.1230	440.0000
818	0.8142	0.4269	0.1717	0.8707	0.0434	0.8765	16.8000	0.0829	381.0000	45.0000	0.1181	415.0000
819	0.8031	0.4240	0.1715	0.8218	0.0343	0.8439	16.9000	0.1116	377.0000	57.0000	0.1512	459.0000
820	0.7532	0.4248	0.1683	0.8002	0.0363	0.8223	16.7000	0.1252	395.0000	59.0000	0.1494	450.0000
821	0.7505	0.4190	0.1610	0.8351	0.0378	0.8298	16.8000	0.1178	381.0000	57.0000	0.1496	446.0000
822	0.8005	0.4232	0.1575	0.8171	0.0318	0.8527	17.0000	0.1121	339.0000	53.0000	0.1563	396.0000
823	0.7867	0.4211	0.1638	0.8368	0.0354	0.8520	16.8000	0.1178	320.0000	52.0000	0.1625	399.0000
824	0.7759	0.4207	0.1802	0.8255	0.0401	0.8403	16.9000	0.1208	350.0000	55.0000	0.1571	422.0000
825	0.7890	0.4269	0.1802	0.8334	0.0425	0.8524	16.8000	0.1128	377.0000	53.0000	0.1406	419.0000
826	0.8068	0.4190	0.1748	0.7955	0.0428	0.8485	16.8000	0.1197	372.0000	56.0000	0.1505	426.0000
827	0.8234	0.4207	0.1884	0.8238	0.0456	0.8631	16.9000	0.0992	390.0000	52.0000	0.1333	445.0000
828	0.8228	0.4260	0.1772	0.8307	0.0453	0.8649	17.0000	0.0924	392.0000	47.0000	0.1199	420.0000
829	0.7662	0.4256	0.1761	0.7840	0.0358	0.8390	16.9000	0.1107	373.0000	58.0000	0.1555	446.0000
830	0.7855	0.4174	0.1637	0.8262	0.0403	0.8640	16.9000	0.1153	379.0000	52.0000	0.1372	458.0000
831	0.8167	0.4236	0.1731	0.8618	0.0495	0.8849	17.0000	0.0885	399.0000	44.0000	0.1103	429.0000
832	0.8344	0.4326	0.1748	0.8287	0.0430	0.8632	16.7000	0.1001	354.0000	49.0000	0.1384	400.0000
833	0.7883	0.4227	0.1708	0.8266	0.0444	0.8592	16.8000	0.1089	372.0000	50.0000	0.1344	435.0000
834	0.8189	0.4318	0.1791	0.7987	0.0423	0.8554	17.1000	0.0810	415.0000	58.0000	0.1398	466.0000
835	0.8139	0.4248	0.1779	0.8243	0.0403	0.8775	16.8000	0.0763	384.0000	50.0000	0.1302	431.0000
836	0.7496	0.4306	0.1842	0.8044	0.0403	0.8457	16.8000	0.1034	422.0000	59.0000	0.1398	459.0000
837	0.8266	0.4297	0.1733	0.8074	0.0415	0.8770	16.9000	0.0602	377.0000	51.0000	0.1353	458.0000
838	0.7658	0.4252	0.1777	0.8249	0.0388	0.8561	16.8000	0.1112	394.0000	55.0000	0.1396	433.0000
839	0.8398	0.4207	0.1810	0.8651	0.0449	0.8783	16.8000	0.0872	391.0000	46.0000	0.1176	422.0000
840	0.7899	0.4203	0.1651	0.8312	0.0360	0.8550	16.9000	0.1130	353.0000	51.0000	0.1445	413.0000
841	0.7362	0.4186	0.1567	0.8001	0.0314	0.8175	16.9000	0.1499	327.0000	60.0000	0.1835	390.0000
842	0.7765	0.4277	0.1824	0.8039	0.0427	0.8293	17.0000	0.1219	377.0000	58.0000	0.1538	430.0000
843	0.7945	0.4256	0.1685	0.8192	0.0449	0.8636	16.7000	0.1044	376.0000	48.0000	0.1277	410.0000
844	0.7924	0.4256	0.1795	0.8501	0.0450	0.8707	16.9000	0.0946	394.0000	43.0000	0.1091	444.0000
845	0.7849	0.4227	0.1574	0.8430	0.0361	0.8583	17.0000	0.1228	326.0000	53.0000	0.1626	420.0000
846	0.8177	0.4256	0.1634	0.8304	0.0399	0.8515	17.0000	0.0910	348.0000	55.0000	0.1580	410.0000
847	0.7786	0.4297	0.1755	0.8261	0.0413	0.8462	16.8000	0.0969	351.0000	51.0000	0.1453	405.0000
848	0.7992	0.4240	0.1795	0.8027	0.0410	0.8337	16.8000	0.1180	389.0000	59.0000	0.1517	445.0000
849	0.7776	0.4186	0.1765	0.8196	0.0409	0.8522	16.9000	0.1169	347.0000	49.0000	0.1412	420.0000
850	0.7265	0.4244	0.1644	0.7975	0.0364	0.8157	16.7000	0.1411	376.0000	62.0000	0.1649	466.0000
851	0.8086	0.4297	0.1792	0.8361	0.0422	0.8822	16.8000	0.1023	345.0000	44.0000	0.1275	406.0000
852	0.8413	0.4240	0.1706	0.8457	0.0390	0.8575	16.7000	0.0869	353.0000	51.0000	0.1445	382.0000
853	0.7837	0.4203	0.1497	0.8605	0.0344	0.8746	16.8000	0.0916	325.0000	44.0000	0.1354	401.0000
854	0.7988	0.4157	0.1615	0.8415	0.0394	0.8855	16.9000	0.0812	376.0000	45.0000	0.1197	404.0000
855	0.7921	0.4227	0.1785	0.8491	0.0351	0.8542	16.8000	0.1045	346.0000	49.0000	0.1416	407.0000
856	0.8095	0.4207	0.1637	0.8325	0.0317	0.8282	16.9000	0.1313	350.0000	60.0000	0.1714	406.0000
857	0.8196	0.4203	0.1625	0.8387	0.0380	0.8592	16.8000	0.0980	338.0000	51.0000	0.1509	399.0000
858	0.8043	0.4359	0.1881	0.8324	0.0485	0.8569	16.8000	0.0899	411.0000	54.0000	0.1314	472.0000
859	0.7795	0.4281	0.1692	0.8137	0.0418	0.8531	16.8000	0.1088	388.0000	49.0000	0.1263	420.0000
860	0.8216	0.4162	0.1704	0.8477	0.0432	0.8730	17.0000	0.0866	365.0000	47.0000	0.1288	442.0000
861	0.7891	0.4215	0.1715	0.8236	0.0417	0.8489	16.8000	0.0999	362.0000	48.0000	0.1326	433.0000
862	0.7689	0.4207	0.1769	0.7985	0.0380	0.8479	17.0000	0.1077	401.0000	56.0000	0.1397	453.0000
863	0.7530	0.4166	0.1566	0.8449	0.0389	0.8483	16.8000	0.1209	355.0000	50.0000	0.1408	396.0000
864	0.7899	0.4310	0.1887	0.8220	0.0417	0.8618	16.9000	0.1188	362.0000	51.0000	0.1409	418.0000
865	0.8159	0.4265	0.1739	0.8375	0.0381	0.8687	16.8000	0.0844	410.0000	45.0000	0.1098	450.0000
866	0.7743	0.4211	0.1548	0.8527	0.0380	0.8493	16.7000	0.1134	359.0000	50.0000	0.1393	412.0000
867	0.7763	0.4223	0.1749	0.7900	0.0402	0.8286	16.8000	0.1360	372.0000	62.0000	0.1667	445.0000
868	0.7934	0.4219	0.1693	0.8262	0.0410	0.8515	16.9000	0.1091	392.0000	55.0000	0.1403	428.0000
869	0.8025	0.4297	0.1799	0.8084	0.0418	0.8529	16.9000	0.1136	364.0000	54.0000	0.1484	421.0000
870	0.7786	0.4199	0.1695	0.7971	0.0421	0.8580	16.9000	0.1248	381.0000	51.0000	0.1339	414.0000
871	0.8379	0.4194	0.1682	0.8452	0.0430	0.8742	17.1000	0.1100	402.0000	52.0000	0.1294	426.0000
872	0.7551	0.4277	0.1809	0.7932	0.0396	0.8281	16.8000	0.1246	393.0000	56.0000	0.1425	436.0000
873	0.8220	0.4203	0.1700	0.8427	0.0393	0.8701	16.8000	0.0938	331.0000	43.0000	0.1299	403.0000
874	0.7806	0.4227	0.1772	0.8242	0.0412	0.8585	16.8000	0.1152	388.0000	51.0000	0.1314	429.0000
875	0.7943	0.4240	0.1685	0.8253	0.0469	0.8587	16.9000	0.0985	380.0000	50.0000	0.1316	455.0000
876	0.8275	0.4277	0.1700	0.8364	0.0447	0.8727	16.8000	0.0843	369.0000	53.0000	0.1436	445.0000
877	0.7809	0.4297	0.1675	0.8061	0.0374	0.8266	16.8000	0.1359	331.0000	60.0000	0.1813	405.0000
878	0.8130	0.4302	0.1743	0.8013	0.0456	0.8551	16.8000	0.1052	378.0000	51.0000	0.1349	468.0000
879	0.8000	0.4207	0.1823	0.8284	0.0406	0.8739	16.8000	0.0876	340.0000	47.0000	0.1382	409.0000
880	0.8136	0.4211	0.1726	0.8357	0.0418	0.8723	16.9000	0.0946	381.0000	52.0000	0.1365	423.0000
881	0.7417	0.4227	0.1791	0.8211	0.0379	0.8237	17.0000	0.1414	352.0000	55.0000	0.1562	387.0000
882	0.8024	0.4269	0.1758	0.8401	0.0415	0.8804	16.9000	0.0844	414.0000	49.0000	0.1184	426.0000
883	0.7742	0.4215	0.1705	0.8378	0.0401	0.8512	17.0000	0.1046	344.0000	51.0000	0.1483	393.0000
884	0.8121	0.4199	0.1675	0.8318	0.0411	0.8457	17.1000	0.1054	367.0000	58.0000	0.1580	416.0000
885	0.7973	0.4203	0.1679	0.8050	0.0299	0.8597	17.0000	0.0998	341.0000	49.0000	0.1437	385.0000
886	0.8148	0.4232	0.1754	0.8027	0.0362	0.8621	16.8000	0.0977	339.0000	49.0000	0.1445	441.0000
887	0.7918	0.4211	0.1713	0.8424	0.0384	0.8482	17.0000	0.1133	336.0000	50.0000	0.1488	416.0000
888	0.7983	0.4219	0.1866	0.8350	0.0415	0.8654	16.8000	0.1086	357.0000	54.0000	0.1513	407.0000
889	0.7873	0.4170	0.1862	0.8197	0.0389	0.8429	16.9000	0.1196	369.0000	53.0000	0.1436	416.0000
890	0.8123	0.4240	0.1877	0.8307	0.0534	0.8816	17.1000	0.0891	458.0000	50.0000	0.1092	483.0000
891	0.7854	0.4265	0.1806	0.8195	0.0415	0.8590	16.9000	0.1063	374.0000	54.0000	0.1444	418.0000
892	0.7127	0.4207	0.1773	0.7875	0.0426	0.8270	16.6000	0.1315	386.0000	61.0000	0.1580	455.0000
893	0.7642	0.4236	0.1673	0.8178	0.0436	0.8247	16.7000	0.1192	383.0000	57.0000	0.1488	412.0000
894	0.8001	0.4252	0.1641	0.8450	0.0337	0.8265	16.7000	0.1216	338.0000	54.0000	0.1598	385.0000
895	0.7968	0.4211	0.1651	0.8466	0.0384	0.8337	16.9000	0.1307	348.0000	56.0000	0.1609	410.0000
896	0.8193	0.4207	0.1823	0.8368	0.0411	0.8572	17.0000	0.0842	350.0000	55.0000	0.1571	428.0000
897	0.7928	0.4289	0.1805	0.8442	0.0398	0.8410	16.9000	0.1186	401.0000	56.0000	0.1397	425.0000
898	0.7894	0.4186	0.1676	0.8204	0.0343	0.8347	16.9000	0.1336	319.0000	52.0000	0.1630	403.0000
899	0.7937	0.4277	0.1675	0.8303	0.0389	0.8571	16.9000	0.1103	381.0000	53.0000	0.1391	422.0000
900	0.8253	0.4211	0.1740	0.8392	0.0430	0.8638	17.1000	0.0949	372.0000	50.0000	0.1344	416.0000
901	0.7758	0.4236	0.1813	0.8242	0.0462	0.8455	17.1000	0.1296	366.0000	50.0000	0.1366	414.0000
902	0.8008	0.4260	0.1804	0.8469	0.0407	0.8777	16.9000	0.1021	357.0000	52.0000	0.1457	428.0000
903	0.7651	0.4240	0.1752	0.8062	0.0369	0.8363	16.8000	0.1230	376.0000	57.0000	0.1516	427.0000
904	0.8269	0.4297	0.1854	0.8305	0.0451	0.8426	17.0000	0.0961	384.0000	52.0000	0.1354	451.0000
905	0.7409	0.4293	0.1733	0.8096	0.0343	0.8299	17.0000	0.1107	402.0000	59.0000	0.1468	438.0000
906	0.8012	0.4186	0.1722	0.8221	0.0368	0.8403	17.0000	0.1256	337.0000	54.0000	0.1602	445.0000
907	0.7719	0.4248	0.1591	0.8107	0.0331	0.8435	17.0000	0.1088	354.0000	49.0000	0.1384	428.0000
908	0.7918	0.4236	0.1781	0.8074	0.0473	0.8448	16.9000	0.1297	394.0000	60.0000	0.1523	455.0000
909	0.7389	0.4240	0.1695	0.7945	0.0336	0.8364	16.7000	0.1365	389.0000	54.0000	0.1388	451.0000
910	0.7803	0.4277	0.1842	0.8198	0.0431	0.8582	16.9000	0.0962	379.0000	54.0000	0.1425	446.0000
911	0.8356	0.4240	0.1704	0.8317	0.0382	0.8605	17.0000	0.0937	329.0000	52.0000	0.1581	417.0000
912	0.8039	0.4273	0.1676	0.8284	0.0390	0.8283	17.1000	0.1281	404.0000	59.0000	0.1460	429.0000
913	0.7735	0.4256	0.1623	0.8051	0.0359	0.8390	17.0000	0.1204	366.0000	55.0000	0.1503	410.0000
914	0.8192	0.4194	0.1666	0.8371	0.0366	0.8568	16.9000	0.1060	356.0000	52.0000	0.1461	415.0000
915	0.8218	0.4248	0.1799	0.8241	0.0363	0.8520	16.8000	0.1089	384.0000	57.0000	0.1484	428.0000
916	0.7921	0.4236	0.1688	0.8127	0.0379	0.8597	16.9000	0.1043	403.0000	55.0000	0.1365	429.0000
917	0.8050	0.4190	0.1799	0.8278	0.0402	0.8667	16.9000	0.1018	371.0000	54.0000	0.1456	466.0000
918	0.7661	0.4256	0.1649	0.8167	0.0433	0.8557	17.0000	0.1070	395.0000	54.0000	0.1367	416.0000
919	0.7650	0.4281	0.1880	0.8151	0.0425	0.8487	16.6000	0.1080	419.0000	57.0000	0.1360	448.0000
920	0.7777	0.4219	0.1734	0.8122	0.0423	0.8578	16.8000	0.1147	389.0000	57.0000	0.1465	460.0000
921	0.8144	0.4281	0.1686	0.8379	0.0375	0.8665	16.7000	0.1015	384.0000	47.0000	0.1224	429.0000
922	0.7742	0.4227	0.1592	0.8364	0.0361	0.8559	16.9000	0.1078	390.0000	49.0000	0.1256	424.0000
923	0.8110	0.4260	0.1693	0.8564	0.0394	0.8685	17.0000	0.1144	365.0000	48.0000	0.1315	405.0000
924	0.7881	0.4260	0.1726	0.8333	0.0376	0.8416	16.8000	0.1041	367.0000	58.0000	0.1580	447.0000
925	0.8018	0.4248	0.1643	0.8343	0.0432	0.8323	16.7000	0.1254	386.0000	56.0000	0.1451	415.0000
926	0.8098	0.4236	0.1738	0.8399	0.0467	0.8528	16.9000	0.1175	356.0000	51.0000	0.1433	401.0000
927	0.8234	0.4285	0.1776	0.8723	0.0440	0.8784	16.8000	0.0811	403.0000	43.0000	0.1067	428.0000
928	0.8293	0.4265	0.1779	0.8156	0.0421	0.8689	16.9000	0.0958	343.0000	49.0000	0.1429	403.0000
929	0.7869	0.4236	0.1802	0.8410	0.0405	0.8542	17.1000	0.1106	380.0000	51.0000	0.1342	420.0000
930	0.7973	0.4252	0.1692	0.8112	0.0385	0.8472	16.9000	0.0974	441.0000	53.0000	0.1202	454.0000
931	0.8051	0.4199	0.1734	0.8359	0.0374	0.8708	17.1000	0.1026	366.0000	51.0000	0.1393	418.0000
932	0.7991	0.4199	0.1653	0.8425	0.0376	0.8547	16.8000	0.1198	336.0000	50.0000	0.1488	407.0000
933	0.8432	0.4260	0.1716	0.8489	0.0392	0.8717	16.9000	0.1019	332.0000	50.0000	0.1506	408.0000
934	0.8534	0.4244	0.1869	0.8411	0.0499	0.8820	16.9000	0.0773	380.0000	46.0000	0.1211	427.0000
935	0.7978	0.4223	0.1626	0.8323	0.0337	0.8596	16.8000	0.1025	335.0000	51.0000	0.1522	413.0000
936	0.7809	0.4236	0.1678	0.8092	0.0349	0.8370	17.0000	0.1245	353.0000	57.0000	0.1615	412.0000
937	0.7694	0.4178	0.1751	0.8190	0.0365	0.8479	16.8000	0.1062	368.0000	52.0000	0.1413	423.0000
938	0.7870	0.4190	0.1664	0.8520	0.0371	0.8774	16.9000	0.0893	335.0000	44.0000	0.1313	417.0000
939	0.8464	0.4306	0.1740	0.8653	0.0430	0.9145	16.9000	0.0607	376.0000	40.0000	0.1064	424.0000
940	0.8020	0.4215	0.1767	0.8252	0.0369	0.8637	17.1000	0.0855	387.0000	52.0000	0.1344	430.0000
941	0.7938	0.4256	0.1718	0.8015	0.0383	0.8492	16.9000	0.1124	345.0000	56.0000	0.1623	413.0000
942	0.7642	0.4133	0.1653	0.8154	0.0348	0.8473	16.9000	0.1020	355.0000	52.0000	0.1465	421.0000
943	0.8277	0.4223	0.1706	0.8541	0.0350	0.9000	16.8000	0.0762	363.0000	40.0000	0.1102	424.0000
944	0.7983	0.4248	0.1862	0.8025	0.0390	0.8489	16.8000	0.0920	372.0000	54.0000	0.1452	434.0000
945	0.8295	0.4219	0.1656	0.8307	0.0387	0.8690	16.7000	0.0893	343.0000	46.0000	0.1341	416.0000
946	0.8219	0.4170	0.1563	0.8140	0.0326	0.8525	17.1000	0.0980	364.0000	54.0000	0.1484	397.0000
947	0.7912	0.4285	0.1696	0.8268	0.0456	0.8782	16.9000	0.0858	378.0000	51.0000	0.1349	437.0000
948	0.8208	0.4256	0.1689	0.8300	0.0382	0.8548	17.1000	0.0931	375.0000	53.0000	0.1413	441.0000
949	0.7940	0.4223	0.1629	0.8334	0.0384	0.8420	16.9000	0.0920	351.0000	56.0000	0.1595	432.0000
950	0.8020	0.4281	0.1647	0.8053	0.0379	0.8578	17.0000	0.1065	350.0000	52.0000	0.1486	416.0000
951	0.8145	0.4153	0.1692	0.8497	0.0342	0.8830	16.9000	0.0861	332.0000	44.0000	0.1325	372.0000
952	0.7868	0.4248	0.1779	0.8100	0.0459	0.8566	17.0000	0.1208	392.0000	54.0000	0.1378	428.0000
953	0.7719	0.4129	0.1561	0.8174	0.0323	0.8599	16.8000	0.0943	329.0000	49.0000	0.1489	363.0000
954	0.8291	0.4227	0.1763	0.8407	0.0429	0.8809	17.1000	0.0899	381.0000	45.0000	0.1181	453.0000
955	0.7604	0.4347	0.1885	0.8363	0.0486	0.8471	16.9000	0.1235	403.0000	51.0000	0.1266	442.0000
956	0.7868	0.4335	0.1862	0.8061	0.0448	0.8657	16.9000	0.0920	385.0000	55.0000	0.1429	454.0000
957	0.8580	0.4265	0.1742	0.8388	0.0438	0.9052	16.7000	0.0539	398.0000	41.0000	0.1030	433.0000
958	0.7891	0.4174	0.1687	0.8102	0.0397	0.8507	17.1000	0.1048	405.0000	53.0000	0.1309	416.0000
959	0.7849	0.4199	0.1756	0.8284	0.0459	0.8473	17.1000	0.1184	395.0000	52.0000	0.1316	433.0000
960	0.8032	0.4273	0.1731	0.8348	0.0430	0.8742	16.8000	0.0928	379.0000	48.0000	0.1266	445.0000
961	0.7885	0.4240	0.1746	0.8309	0.0402	0.8617	16.8000	0.0955	373.0000	49.0000	0.1314	406.0000
962	0.8012	0.4269	0.1881	0.7992	0.0457	0.8649	16.7000	0.0956	410.0000	53.0000	0.1293	443.0000
963	0.8026	0.4281	0.1789	0.8481	0.0434	0.8621	17.0000	0.0973	366.0000	49.0000	0.1339	452.0000
964	0.7938	0.4211	0.1805	0.7953	0.0410	0.8592	16.9000	0.1108	345.0000	52.0000	0.1507	420.0000
965	0.8249	0.4240	0.1717	0.8100	0.0413	0.8457	16.9000	0.1090	399.0000	55.0000	0.1378	414.0000
966	0.8221	0.4289	0.1766	0.8264	0.0410	0.8553	16.8000	0.0981	382.0000	58.0000	0.1518	422.0000
967	0.7779	0.4236	0.1726	0.8182	0.0402	0.8243	16.7000	0.1113	350.0000	55.0000	0.1571	415.0000
968	0.8106	0.4273	0.1610	0.8357	0.0359	0.8342	17.0000	0.1192	366.0000	57.0000	0.1557	436.0000
969	0.7737	0.4203	0.1605	0.8044	0.0355	0.8313	16.9000	0.1166	349.0000	56.0000	0.1605	405.0000
970	0.8237	0.4260	0.1787	0.8105	0.0406	0.8674	16.9000	0.1003	373.0000	49.0000	0.1314	424.0000
971	0.7754	0.4232	0.1590	0.8248	0.0421	0.8383	16.9000	0.1000	406.0000	54.0000	0.1330	429.0000
972	0.8310	0.4162	0.1619	0.8445	0.0358	0.8610	16.9000	0.0828	358.0000	50.0000	0.1397	424.0000
973	0.7862	0.4248	0.1607	0.8136	0.0403	0.8618	16.8000	0.0989	401.0000	51.0000	0.1272	435.0000
974	0.7651	0.4236	0.1714	0.8518	0.0386	0.8663	16.9000	0.0959	362.0000	54.0000	0.1492	407.0000
975	0.8296	0.4236	0.1733	0.8620	0.0431	0.8780	16.8000	0.0821	380.0000	43.0000	0.1132	415.0000
976	0.8467	0.4215	0.1711	0.8224	0.0402	0.8922	16.8000	0.0752	359.0000	44.0000	0.1226	430.0000
977	0.7879	0.4244	0.1786	0.8063	0.0454	0.8535	16.7000	0.1163	379.0000	55.0000	0.1451	467.0000
978	0.8401	0.4194	0.1755	0.8295	0.0400	0.8674	16.8000	0.0861	373.0000	53.0000	0.1421	418.0000
979	0.8072	0.4207	0.1737	0.8019	0.0324	0.8751	17.0000	0.0913	333.0000	45.0000	0.1351	390.0000
980	0.8081	0.4215	0.1755	0.8574	0.0414	0.8550	17.2000	0.0903	365.0000	48.0000	0.1315	428.0000
981	0.8282	0.4297	0.1765	0.8398	0.0464	0.8829	16.9000	0.0883	408.0000	45.0000	0.1103	433.0000
982	0.8130	0.4236	0.1690	0.8179	0.0454	0.8493	17.0000	0.1011	374.0000	51.0000	0.1364	410.0000
983	0.8180	0.4260	0.1788	0.8356	0.0431	0.8669	16.9000	0.0916	372.0000	49.0000	0.1317	428.0000
984	0.8183	0.4227	0.1616	0.8739	0.0447	0.8751	17.1000	0.0940	344.0000	41.0000	0.1192	393.0000
985	0.8508	0.4285	0.1794	0.8279	0.0452	0.8668	16.9000	0.0980	365.0000	49.0000	0.1342	383.0000
986	0.7749	0.4244	0.1690	0.8312	0.0390	0.8538	16.9000	0.1005	384.0000	50.0000	0.1302	414.0000
987	0.8442	0.4236	0.1763	0.8709	0.0401	0.8936	16.7000	0.0687	335.0000	41.0000	0.1224	384.0000
988	0.8017	0.4277	0.1896	0.8355	0.0397	0.8540	16.9000	0.0944	375.0000	54.0000	0.1440	460.0000
989	0.7989	0.4215	0.1648	0.8207	0.0405	0.8490	17.1000	0.1252	342.0000	53.0000	0.1550	399.0000
990	0.8118	0.4166	0.1660	0.8394	0.0389	0.8817	16.9000	0.0838	335.0000	45.0000	0.1343	409.0000
991	0.7927	0.4211	0.1551	0.8445	0.0364	0.8592	16.8000	0.0784	387.0000	48.0000	0.1240	417.0000
992	0.7910	0.4322	0.1773	0.8089	0.0409	0.8425	16.8000	0.1086	344.0000	58.0000	0.1686	424.0000
993	0.8196	0.4211	0.1722	0.8099	0.0380	0.8588	16.9000	0.1008	404.0000	56.0000	0.1386	433.0000
994	0.8227	0.4129	0.1554	0.8269	0.0326	0.8728	16.9000	0.0961	354.0000	44.0000	0.1243	392.0000
995	0.7872	0.4211	0.1582	0.8402	0.0377	0.8662	16.9000	0.1006	345.0000	47.0000	0.1362	390.0000
996	0.7869	0.4215	0.1724	0.8202	0.0377	0.8543	17.0000	0.0992	345.0000	53.0000	0.1536	417.0000
997	0.7995	0.4252	0.1723	0.8315	0.0392	0.8520	16.9000	0.0938	367.0000	53.0000	0.1444	427.0000
998	0.7993	0.4273	0.1813	0.8085	0.0444	0.8450	16.9000	0.1136	400.0000	54.0000	0.1350	434.0000
999	0.7806	0.4269	0.1800	0.8166	0.0412	0.8580	16.9000	0.0999	369.0000	56.0000	0.1518	430.0000
1000	0.7698	0.4244	0.1715	0.8350	0.0405	0.8395	16.8000	0.1270	373.0000	54.0000	0.1448	438.0000
