accuracy	proportion	density	fuzziness	coverage	purity	sounds	missing	ubound	clusters	props	patterns
1	0.7717	0.6522	0.3567	0.7259	0.2161	0.8647	17.2000	0.0785	1139.0000	123.0000	0.1080	1161.0000
2	0.8166	0.6407	0.3522	0.7614	0.1897	0.8779	17.0000	0.0721	1005.0000	101.0000	0.1005	1025.0000
3	0.8420	0.6226	0.3520	0.7615	0.1672	0.8857	17.1000	0.0537	898.0000	92.0000	0.1024	934.0000
4	0.8148	0.6242	0.3512	0.7476	0.1517	0.8773	16.8000	0.0636	865.0000	89.0000	0.1029	885.0000
5	0.8196	0.6213	0.3490	0.7667	0.1736	0.8871	17.0000	0.0665	860.0000	85.0000	0.0988	873.0000
6	0.8293	0.6209	0.3538	0.7614	0.1790	0.8836	17.0000	0.0717	886.0000	87.0000	0.0982	899.0000
7	0.8384	0.6156	0.3530	0.7485	0.1786	0.8868	17.0000	0.0804	827.0000	83.0000	0.1004	834.0000
8	0.8601	0.6263	0.3623	0.7779	0.1875	0.9061	16.9000	0.0613	836.0000	78.0000	0.0933	846.0000
9	0.8517	0.6073	0.3401	0.7527	0.1664	0.8890	16.9000	0.0717	831.0000	87.0000	0.1047	861.0000
10	0.8326	0.6255	0.3537	0.7685	0.1789	0.8886	17.1000	0.0649	848.0000	86.0000	0.1014	860.0000
11	0.8191	0.6152	0.3536	0.7756	0.1789	0.8900	17.0000	0.0757	860.0000	85.0000	0.0988	884.0000
12	0.8341	0.6053	0.3441	0.7716	0.1707	0.8869	16.9000	0.0712	828.0000	84.0000	0.1014	849.0000
13	0.8330	0.6172	0.3518	0.7595	0.1806	0.8798	17.0000	0.0695	859.0000	86.0000	0.1001	887.0000
14	0.8328	0.6152	0.3450	0.7708	0.1473	0.8805	17.0000	0.0635	840.0000	86.0000	0.1024	849.0000
15	0.7983	0.6143	0.3572	0.7524	0.1670	0.8600	17.0000	0.0903	826.0000	92.0000	0.1114	834.0000
16	0.8322	0.6148	0.3548	0.7475	0.1712	0.8730	16.9000	0.0664	860.0000	90.0000	0.1047	865.0000
17	0.8155	0.6131	0.3597	0.7937	0.1707	0.8911	17.2000	0.0554	849.0000	74.0000	0.0872	859.0000
18	0.8383	0.6131	0.3468	0.7477	0.1690	0.8793	17.1000	0.0693	863.0000	91.0000	0.1054	877.0000
19	0.8313	0.6143	0.3572	0.7802	0.1857	0.8922	17.1000	0.0746	879.0000	84.0000	0.0956	894.0000
20	0.8068	0.6185	0.3548	0.7733	0.1818	0.8862	17.0000	0.0809	896.0000	90.0000	0.1004	909.0000
21	0.8374	0.6156	0.3464	0.7562	0.1720	0.8879	17.0000	0.0801	833.0000	86.0000	0.1032	838.0000
22	0.8192	0.6143	0.3466	0.7334	0.1709	0.8800	16.9000	0.0823	817.0000	94.0000	0.1151	852.0000
23	0.8283	0.6160	0.3456	0.7728	0.1749	0.8746	17.1000	0.0761	806.0000	88.0000	0.1092	839.0000
24	0.8332	0.6168	0.3500	0.7633	0.1830	0.8929	16.9000	0.0717	843.0000	81.0000	0.0961	885.0000
25	0.8405	0.6213	0.3527	0.7678	0.1725	0.8847	17.1000	0.0812	812.0000	86.0000	0.1059	843.0000
26	0.8135	0.6156	0.3439	0.7527	0.1693	0.8756	17.0000	0.0710	843.0000	92.0000	0.1091	864.0000
27	0.8069	0.6131	0.3513	0.7595	0.1733	0.8727	17.2000	0.0781	837.0000	93.0000	0.1111	852.0000
28	0.8266	0.6106	0.3447	0.7396	0.1592	0.8743	17.0000	0.0652	853.0000	89.0000	0.1043	888.0000
29	0.8322	0.6152	0.3500	0.7628	0.1674	0.8757	17.0000	0.0723	873.0000	95.0000	0.1088	881.0000
30	0.8457	0.6135	0.3489	0.7776	0.1624	0.8841	16.8000	0.0653	817.0000	85.0000	0.1040	839.0000
31	0.8373	0.6086	0.3493	0.7692	0.1772	0.8906	16.9000	0.0643	846.0000	83.0000	0.0981	867.0000
32	0.8355	0.6213	0.3532	0.7750	0.1689	0.8906	16.9000	0.0727	810.0000	83.0000	0.1025	826.0000
33	0.8326	0.6185	0.3513	0.7668	0.1829	0.8830	16.9000	0.0775	900.0000	88.0000	0.0978	931.0000
34	0.8268	0.6127	0.3440	0.7656	0.1573	0.8861	16.9000	0.0608	880.0000	87.0000	0.0989	896.0000
35	0.8261	0.6193	0.3527	0.7746	0.1825	0.8949	16.9000	0.0766	833.0000	87.0000	0.1044	848.0000
36	0.8067	0.6238	0.3582	0.7746	0.1861	0.8885	17.0000	0.0709	808.0000	87.0000	0.1077	816.0000
37	0.8220	0.6106	0.3503	0.7574	0.1521	0.8649	17.0000	0.0763	839.0000	91.0000	0.1085	841.0000
38	0.8047	0.6197	0.3636	0.7852	0.1790	0.8844	16.8000	0.0657	866.0000	83.0000	0.0958	888.0000
39	0.8391	0.6209	0.3537	0.7410	0.1704	0.8838	17.0000	0.0683	866.0000	87.0000	0.1005	892.0000
40	0.8277	0.6185	0.3514	0.7607	0.1717	0.8842	17.0000	0.0872	819.0000	91.0000	0.1111	859.0000
41	0.8143	0.6213	0.3575	0.7721	0.1784	0.8784	16.8000	0.0675	840.0000	86.0000	0.1024	879.0000
42	0.8206	0.6152	0.3421	0.7755	0.1592	0.8787	17.0000	0.0631	801.0000	87.0000	0.1086	804.0000
43	0.8341	0.6180	0.3568	0.7365	0.1696	0.8836	17.0000	0.0650	844.0000	90.0000	0.1066	852.0000
44	0.8545	0.6180	0.3505	0.7851	0.1636	0.8951	17.0000	0.0548	843.0000	80.0000	0.0949	876.0000
45	0.8223	0.6090	0.3507	0.7538	0.1614	0.8757	16.8000	0.0751	844.0000	97.0000	0.1149	876.0000
46	0.8251	0.6143	0.3421	0.7485	0.1603	0.8874	17.1000	0.0647	829.0000	85.0000	0.1025	851.0000
47	0.8214	0.6098	0.3468	0.7607	0.1741	0.8861	16.8000	0.0838	834.0000	87.0000	0.1043	838.0000
48	0.8203	0.6148	0.3416	0.7625	0.1632	0.8623	17.0000	0.0832	856.0000	102.0000	0.1192	869.0000
49	0.8238	0.6246	0.3632	0.7542	0.1743	0.8744	17.0000	0.0731	879.0000	96.0000	0.1092	911.0000
50	0.8125	0.6168	0.3543	0.7543	0.1722	0.8654	17.1000	0.0862	837.0000	89.0000	0.1063	858.0000
51	0.8330	0.6226	0.3562	0.7741	0.1784	0.8793	17.1000	0.0652	858.0000	87.0000	0.1014	880.0000
52	0.8357	0.6197	0.3548	0.7681	0.1668	0.8901	17.0000	0.0759	871.0000	89.0000	0.1022	891.0000
53	0.8274	0.6316	0.3625	0.7712	0.1981	0.8931	17.1000	0.0651	872.0000	82.0000	0.0940	899.0000
54	0.8293	0.6098	0.3453	0.7967	0.1658	0.8869	16.8000	0.0600	808.0000	81.0000	0.1002	843.0000
55	0.8216	0.6086	0.3423	0.7678	0.1665	0.8900	16.9000	0.0603	861.0000	83.0000	0.0964	884.0000
56	0.8187	0.6119	0.3418	0.7881	0.1720	0.8789	17.0000	0.0668	858.0000	92.0000	0.1072	884.0000
57	0.8199	0.6180	0.3374	0.7942	0.1598	0.8781	17.0000	0.0596	806.0000	87.0000	0.1079	826.0000
58	0.8475	0.6201	0.3502	0.8009	0.1783	0.9049	16.9000	0.0560	816.0000	77.0000	0.0944	849.0000
59	0.8107	0.6193	0.3543	0.7301	0.1726	0.8600	17.1000	0.0950	840.0000	97.0000	0.1155	870.0000
60	0.8124	0.6160	0.3469	0.7546	0.1708	0.8836	17.0000	0.0775	865.0000	91.0000	0.1052	897.0000
61	0.8299	0.6197	0.3555	0.7570	0.1867	0.8829	17.0000	0.0716	919.0000	90.0000	0.0979	924.0000
62	0.8341	0.6176	0.3555	0.8124	0.1811	0.8904	17.2000	0.0733	804.0000	79.0000	0.0983	852.0000
63	0.8138	0.6189	0.3580	0.7500	0.1776	0.8744	17.1000	0.0734	881.0000	95.0000	0.1078	896.0000
64	0.8038	0.6209	0.3543	0.7534	0.1714	0.8780	17.1000	0.0765	875.0000	91.0000	0.1040	897.0000
65	0.8316	0.6098	0.3436	0.7707	0.1661	0.8834	17.1000	0.0699	820.0000	85.0000	0.1037	839.0000
66	0.8262	0.6148	0.3454	0.7779	0.1536	0.8847	17.0000	0.0707	795.0000	84.0000	0.1057	833.0000
67	0.8604	0.6082	0.3512	0.7811	0.1777	0.8944	17.1000	0.0585	795.0000	83.0000	0.1044	816.0000
68	0.8272	0.6152	0.3483	0.7537	0.1633	0.8811	16.9000	0.0742	860.0000	95.0000	0.1105	885.0000
69	0.8249	0.6156	0.3578	0.7416	0.1928	0.8879	17.0000	0.0774	882.0000	86.0000	0.0975	920.0000
70	0.8270	0.6152	0.3500	0.7732	0.1749	0.8830	17.0000	0.0720	841.0000	83.0000	0.0987	864.0000
71	0.8021	0.6193	0.3500	0.7485	0.1615	0.8568	17.1000	0.0957	808.0000	99.0000	0.1225	812.0000
72	0.8163	0.6185	0.3497	0.7654	0.1828	0.8802	16.9000	0.0817	883.0000	86.0000	0.0974	905.0000
73	0.7979	0.6168	0.3565	0.7624	0.1524	0.8748	17.0000	0.0732	869.0000	90.0000	0.1036	913.0000
74	0.8295	0.6082	0.3412	0.7552	0.1555	0.8786	16.9000	0.0693	908.0000	92.0000	0.1013	920.0000
75	0.8247	0.6172	0.3497	0.7664	0.1813	0.8895	16.9000	0.0655	854.0000	80.0000	0.0937	882.0000
76	0.8145	0.6205	0.3400	0.7639	0.1721	0.8763	17.1000	0.0713	853.0000	89.0000	0.1043	878.0000
77	0.8333	0.6135	0.3482	0.7649	0.1753	0.8850	17.0000	0.0657	812.0000	87.0000	0.1071	826.0000
78	0.8350	0.6185	0.3548	0.7760	0.1797	0.8912	16.9000	0.0625	854.0000	85.0000	0.0995	886.0000
79	0.8246	0.6127	0.3505	0.7894	0.1816	0.9015	17.0000	0.0602	798.0000	74.0000	0.0927	825.0000
80	0.8217	0.6201	0.3589	0.7673	0.1806	0.8819	17.0000	0.0711	835.0000	88.0000	0.1054	856.0000
81	0.8411	0.6226	0.3500	0.7671	0.1699	0.8856	17.0000	0.0662	846.0000	85.0000	0.1005	874.0000
82	0.8229	0.6234	0.3601	0.7518	0.1764	0.8683	16.9000	0.0721	932.0000	100.0000	0.1073	942.0000
83	0.8408	0.6176	0.3550	0.7573	0.1782	0.8775	17.0000	0.0662	918.0000	89.0000	0.0969	922.0000
84	0.8287	0.6143	0.3531	0.7870	0.1841	0.8858	16.9000	0.0626	832.0000	89.0000	0.1070	848.0000
85	0.8331	0.6218	0.3558	0.7546	0.1713	0.8793	17.1000	0.0757	887.0000	92.0000	0.1037	892.0000
86	0.8275	0.6119	0.3406	0.7284	0.1686	0.8670	17.0000	0.0932	874.0000	97.0000	0.1110	894.0000
87	0.8124	0.6234	0.3581	0.7574	0.1696	0.8812	17.1000	0.0721	847.0000	82.0000	0.0968	868.0000
88	0.7989	0.6205	0.3626	0.7608	0.1874	0.8795	17.1000	0.0836	872.0000	92.0000	0.1055	910.0000
89	0.8307	0.6131	0.3471	0.7339	0.1673	0.8856	17.1000	0.0744	863.0000	89.0000	0.1031	905.0000
90	0.8432	0.6119	0.3568	0.7539	0.1730	0.8761	17.1000	0.0695	856.0000	92.0000	0.1075	905.0000
91	0.8353	0.6061	0.3428	0.7714	0.1652	0.8826	17.0000	0.0737	803.0000	89.0000	0.1108	829.0000
92	0.7808	0.6205	0.3506	0.7164	0.1528	0.8427	17.2000	0.1021	887.0000	105.0000	0.1184	911.0000
93	0.8161	0.6263	0.3689	0.7602	0.1836	0.8757	17.2000	0.0785	899.0000	91.0000	0.1012	908.0000
94	0.8445	0.6090	0.3461	0.7576	0.1634	0.8716	16.9000	0.0781	797.0000	88.0000	0.1104	835.0000
95	0.8150	0.6201	0.3540	0.7697	0.1740	0.8868	16.8000	0.0747	829.0000	85.0000	0.1025	850.0000
96	0.8000	0.6148	0.3467	0.7624	0.1648	0.8844	17.0000	0.0657	818.0000	85.0000	0.1039	828.0000
97	0.8212	0.6246	0.3574	0.7588	0.1651	0.8809	16.9000	0.0740	834.0000	86.0000	0.1031	862.0000
98	0.8097	0.6098	0.3385	0.7506	0.1600	0.8645	17.1000	0.0894	839.0000	96.0000	0.1144	855.0000
99	0.8210	0.6164	0.3533	0.7658	0.1697	0.8819	17.1000	0.0793	824.0000	85.0000	0.1032	877.0000
100	0.8281	0.6135	0.3515	0.7602	0.1503	0.8735	16.8000	0.0701	787.0000	93.0000	0.1182	820.0000
101	0.8340	0.6164	0.3465	0.7498	0.1698	0.8662	17.0000	0.0825	860.0000	96.0000	0.1116	865.0000
102	0.8207	0.6086	0.3491	0.7569	0.1475	0.8840	17.0000	0.0665	820.0000	83.0000	0.1012	829.0000
103	0.8140	0.6275	0.3662	0.7396	0.1796	0.8748	16.9000	0.0768	888.0000	99.0000	0.1115	892.0000
104	0.8070	0.6209	0.3559	0.7735	0.1764	0.8791	17.1000	0.0784	861.0000	89.0000	0.1034	893.0000
105	0.8208	0.6135	0.3515	0.7442	0.1677	0.8706	17.0000	0.0764	852.0000	96.0000	0.1127	857.0000
106	0.8467	0.6172	0.3518	0.7702	0.1702	0.8891	17.1000	0.0767	866.0000	83.0000	0.0958	921.0000
107	0.8304	0.6251	0.3512	0.7680	0.1749	0.8807	16.9000	0.0643	833.0000	86.0000	0.1032	835.0000
108	0.8100	0.6156	0.3544	0.7578	0.1790	0.8894	17.0000	0.0657	817.0000	83.0000	0.1016	835.0000
109	0.8019	0.6193	0.3581	0.7552	0.1704	0.8704	17.1000	0.0842	851.0000	95.0000	0.1116	874.0000
110	0.8233	0.6263	0.3695	0.7691	0.1791	0.8884	16.9000	0.0680	875.0000	88.0000	0.1006	887.0000
111	0.8498	0.6193	0.3484	0.7685	0.1805	0.8920	17.1000	0.0536	859.0000	86.0000	0.1001	871.0000
112	0.8249	0.6222	0.3571	0.7632	0.1729	0.8793	17.0000	0.0808	872.0000	90.0000	0.1032	891.0000
113	0.8229	0.6082	0.3543	0.7782	0.1682	0.8827	17.0000	0.0688	868.0000	87.0000	0.1002	889.0000
114	0.8335	0.6073	0.3357	0.7587	0.1643	0.8837	17.0000	0.0716	867.0000	90.0000	0.1038	869.0000
115	0.8433	0.6077	0.3320	0.7579	0.1459	0.8967	16.9000	0.0600	855.0000	77.0000	0.0901	872.0000
116	0.8118	0.6086	0.3445	0.7577	0.1696	0.8723	17.1000	0.0764	839.0000	88.0000	0.1049	878.0000
117	0.8206	0.6098	0.3410	0.7533	0.1642	0.8807	17.0000	0.0795	850.0000	84.0000	0.0988	880.0000
118	0.8104	0.6135	0.3497	0.7280	0.1569	0.8601	17.0000	0.0893	885.0000	98.0000	0.1107	894.0000
119	0.8159	0.6222	0.3504	0.7496	0.1788	0.8772	17.2000	0.0875	817.0000	94.0000	0.1151	853.0000
120	0.8221	0.6044	0.3389	0.7827	0.1615	0.8852	17.0000	0.0580	818.0000	82.0000	0.1002	851.0000
121	0.8204	0.6160	0.3558	0.7581	0.1745	0.8880	17.2000	0.0722	828.0000	86.0000	0.1039	862.0000
122	0.8387	0.6180	0.3504	0.7640	0.1670	0.8848	17.0000	0.0691	880.0000	90.0000	0.1023	891.0000
123	0.8324	0.6090	0.3510	0.7668	0.1690	0.8921	17.1000	0.0493	847.0000	81.0000	0.0956	891.0000
124	0.8295	0.6135	0.3447	0.7544	0.1645	0.8853	17.1000	0.0790	815.0000	84.0000	0.1031	832.0000
125	0.7784	0.6094	0.3364	0.7452	0.1378	0.8731	17.0000	0.0799	805.0000	89.0000	0.1106	844.0000
126	0.8340	0.6180	0.3442	0.7750	0.1678	0.8734	17.1000	0.0837	786.0000	84.0000	0.1069	810.0000
127	0.8091	0.6135	0.3547	0.7714	0.1713	0.8896	17.0000	0.0696	860.0000	84.0000	0.0977	891.0000
128	0.8357	0.6193	0.3547	0.7554	0.1741	0.8846	17.0000	0.0526	869.0000	85.0000	0.0978	887.0000
129	0.8020	0.6143	0.3487	0.7381	0.1463	0.8726	17.1000	0.0705	855.0000	86.0000	0.1006	874.0000
130	0.8184	0.6139	0.3495	0.7457	0.1548	0.8735	17.0000	0.0666	843.0000	91.0000	0.1079	873.0000
131	0.8350	0.6119	0.3512	0.7650	0.1594	0.8799	17.0000	0.0677	853.0000	93.0000	0.1090	908.0000
132	0.8335	0.6123	0.3464	0.7152	0.1791	0.8956	17.0000	0.0745	859.0000	82.0000	0.0955	885.0000
133	0.8252	0.6148	0.3578	0.7590	0.1709	0.8968	17.0000	0.0629	863.0000	80.0000	0.0927	885.0000
134	0.8378	0.6106	0.3502	0.7688	0.1704	0.8765	17.0000	0.0672	826.0000	94.0000	0.1138	846.0000
135	0.8310	0.6176	0.3552	0.7509	0.1793	0.8775	16.9000	0.0758	806.0000	90.0000	0.1117	838.0000
136	0.8211	0.6172	0.3482	0.7508	0.1743	0.8683	17.2000	0.0714	855.0000	95.0000	0.1111	861.0000
137	0.8311	0.6185	0.3576	0.7693	0.1764	0.8802	17.0000	0.0715	871.0000	92.0000	0.1056	888.0000
138	0.8285	0.6226	0.3571	0.7501	0.1719	0.8859	17.0000	0.0714	858.0000	91.0000	0.1061	885.0000
139	0.8009	0.6082	0.3485	0.7402	0.1605	0.8780	16.9000	0.0821	881.0000	91.0000	0.1033	896.0000
140	0.8232	0.6127	0.3383	0.7377	0.1615	0.8849	17.0000	0.0717	846.0000	84.0000	0.0993	853.0000
141	0.8454	0.6115	0.3470	0.7798	0.1724	0.8941	17.1000	0.0718	828.0000	80.0000	0.0966	858.0000
142	0.8107	0.6213	0.3590	0.7387	0.1709	0.8621	17.0000	0.0841	886.0000	102.0000	0.1151	913.0000
143	0.8392	0.6110	0.3519	0.7957	0.1669	0.8932	17.0000	0.0642	852.0000	83.0000	0.0974	868.0000
144	0.8273	0.6131	0.3539	0.7722	0.1669	0.8832	17.0000	0.0752	834.0000	87.0000	0.1043	848.0000
145	0.8437	0.6148	0.3519	0.7622	0.1807	0.8782	17.1000	0.0717	840.0000	85.0000	0.1012	857.0000
146	0.8203	0.6185	0.3522	0.8027	0.1853	0.8757	17.1000	0.0817	855.0000	85.0000	0.0994	892.0000
147	0.8176	0.6143	0.3469	0.7502	0.1665	0.8899	17.0000	0.0631	877.0000	87.0000	0.0992	880.0000
148	0.8387	0.6185	0.3506	0.7728	0.1691	0.8886	17.0000	0.0620	818.0000	86.0000	0.1051	855.0000
149	0.8133	0.6218	0.3609	0.7380	0.1686	0.8823	17.0000	0.0694	899.0000	88.0000	0.0979	904.0000
150	0.8646	0.6152	0.3594	0.7548	0.1813	0.8912	17.0000	0.0642	882.0000	84.0000	0.0952	903.0000
151	0.8221	0.6193	0.3490	0.7729	0.1708	0.8885	16.9000	0.0650	827.0000	80.0000	0.0967	851.0000
152	0.8299	0.6160	0.3406	0.7641	0.1672	0.8799	17.0000	0.0703	865.0000	84.0000	0.0971	885.0000
153	0.8288	0.6102	0.3405	0.7694	0.1733	0.8863	17.1000	0.0822	811.0000	78.0000	0.0962	835.0000
154	0.8272	0.6152	0.3473	0.7507	0.1576	0.8607	17.1000	0.0722	856.0000	90.0000	0.1051	875.0000
155	0.8188	0.6226	0.3513	0.7672	0.1694	0.8896	17.0000	0.0760	837.0000	88.0000	0.1051	867.0000
156	0.8272	0.6148	0.3551	0.7574	0.1784	0.8855	17.0000	0.0728	871.0000	91.0000	0.1045	885.0000
157	0.8191	0.6259	0.3570	0.7921	0.1769	0.8719	17.1000	0.0761	836.0000	89.0000	0.1065	873.0000
158	0.8379	0.6185	0.3553	0.7623	0.1898	0.8986	17.0000	0.0611	848.0000	86.0000	0.1014	888.0000
159	0.8081	0.6271	0.3648	0.7278	0.1914	0.8802	17.1000	0.0927	867.0000	97.0000	0.1119	893.0000
160	0.8212	0.6139	0.3441	0.7462	0.1627	0.8874	17.1000	0.0776	823.0000	88.0000	0.1069	842.0000
161	0.8316	0.6143	0.3346	0.7803	0.1630	0.8874	16.9000	0.0796	804.0000	77.0000	0.0958	819.0000
162	0.8068	0.6156	0.3551	0.7615	0.1690	0.8822	17.1000	0.0701	882.0000	87.0000	0.0986	909.0000
163	0.8285	0.6106	0.3380	0.7524	0.1612	0.8756	16.9000	0.0811	869.0000	87.0000	0.1001	894.0000
164	0.8270	0.6127	0.3438	0.7719	0.1762	0.8901	17.1000	0.0706	833.0000	85.0000	0.1020	853.0000
165	0.8377	0.6156	0.3416	0.7554	0.1598	0.8801	17.0000	0.0717	862.0000	95.0000	0.1102	885.0000
166	0.8247	0.6185	0.3530	0.7563	0.1627	0.8806	17.0000	0.0783	869.0000	89.0000	0.1024	897.0000
167	0.8261	0.6164	0.3428	0.7909	0.1670	0.8920	16.9000	0.0635	870.0000	82.0000	0.0943	882.0000
168	0.8264	0.6156	0.3475	0.7545	0.1629	0.8805	17.0000	0.0583	883.0000	87.0000	0.0985	905.0000
169	0.8154	0.6185	0.3605	0.7465	0.1699	0.8757	17.1000	0.0715	853.0000	94.0000	0.1102	887.0000
170	0.8271	0.6028	0.3346	0.7772	0.1695	0.8875	17.0000	0.0826	797.0000	77.0000	0.0966	841.0000
171	0.8442	0.6127	0.3431	0.7430	0.1635	0.8715	17.0000	0.0890	848.0000	96.0000	0.1132	888.0000
172	0.8277	0.6106	0.3438	0.7848	0.1743	0.8738	16.9000	0.0817	848.0000	90.0000	0.1061	880.0000
173	0.8242	0.6152	0.3453	0.7611	0.1671	0.8908	17.0000	0.0670	859.0000	82.0000	0.0955	883.0000
174	0.8267	0.6201	0.3539	0.7628	0.1843	0.8948	17.0000	0.0847	854.0000	81.0000	0.0948	865.0000
175	0.8098	0.6135	0.3493	0.7829	0.1637	0.8839	16.9000	0.0564	864.0000	84.0000	0.0972	885.0000
176	0.8248	0.6197	0.3506	0.7766	0.1830	0.8844	17.0000	0.0799	842.0000	88.0000	0.1045	867.0000
177	0.8123	0.6201	0.3559	0.7506	0.1745	0.8733	17.0000	0.0753	911.0000	95.0000	0.1043	941.0000
178	0.8130	0.6205	0.3554	0.7518	0.1509	0.8836	17.0000	0.0641	896.0000	94.0000	0.1049	939.0000
179	0.8333	0.6263	0.3603	0.7859	0.1891	0.8890	17.0000	0.0732	860.0000	88.0000	0.1023	880.0000
180	0.8247	0.6139	0.3446	0.7573	0.1679	0.8748	17.2000	0.0867	834.0000	97.0000	0.1163	857.0000
181	0.8338	0.6102	0.3428	0.7483	0.1594	0.8822	17.1000	0.0535	875.0000	84.0000	0.0960	881.0000
182	0.8225	0.6106	0.3513	0.7597	0.1665	0.8726	17.0000	0.0874	885.0000	95.0000	0.1073	917.0000
183	0.8308	0.6003	0.3496	0.7658	0.1627	0.8882	17.1000	0.0749	840.0000	86.0000	0.1024	862.0000
184	0.8405	0.6160	0.3537	0.7585	0.1899	0.8916	17.0000	0.0762	876.0000	85.0000	0.0970	893.0000
185	0.8155	0.6230	0.3645	0.7417	0.1667	0.8669	17.2000	0.0856	881.0000	94.0000	0.1067	904.0000
186	0.8272	0.6189	0.3541	0.7811	0.1733	0.8925	17.0000	0.0715	850.0000	81.0000	0.0953	892.0000
187	0.8441	0.6110	0.3500	0.7673	0.1778	0.8965	17.0000	0.0642	840.0000	78.0000	0.0929	899.0000
188	0.8170	0.6180	0.3533	0.7503	0.1664	0.8681	17.2000	0.0797	816.0000	94.0000	0.1152	840.0000
189	0.8097	0.6168	0.3478	0.7731	0.1715	0.8743	17.1000	0.0890	860.0000	92.0000	0.1070	869.0000
190	0.8340	0.6189	0.3514	0.7812	0.1701	0.8911	16.9000	0.0621	885.0000	84.0000	0.0949	891.0000
191	0.8209	0.6106	0.3566	0.7729	0.1647	0.8825	17.1000	0.0817	844.0000	89.0000	0.1055	889.0000
192	0.8346	0.6077	0.3430	0.7739	0.1722	0.8911	16.9000	0.0659	870.0000	79.0000	0.0908	872.0000
193	0.8408	0.6131	0.3462	0.7630	0.1688	0.8866	16.9000	0.0560	871.0000	86.0000	0.0987	893.0000
194	0.8128	0.6131	0.3512	0.7431	0.1457	0.8738	17.0000	0.0734	862.0000	94.0000	0.1090	876.0000
195	0.8256	0.6164	0.3547	0.7592	0.1692	0.8744	17.0000	0.0861	837.0000	92.0000	0.1099	872.0000
196	0.8505	0.6156	0.3520	0.7648	0.1798	0.8904	17.1000	0.0597	834.0000	89.0000	0.1067	863.0000
197	0.8216	0.6213	0.3466	0.7657	0.1855	0.8830	17.0000	0.0794	852.0000	85.0000	0.0998	872.0000
198	0.8268	0.6209	0.3596	0.7470	0.1598	0.8912	17.2000	0.0633	838.0000	85.0000	0.1014	865.0000
199	0.8184	0.6156	0.3529	0.7758	0.1716	0.8713	17.0000	0.0810	848.0000	91.0000	0.1073	881.0000
200	0.8406	0.6213	0.3548	0.7685	0.1646	0.8804	17.1000	0.0706	861.0000	94.0000	0.1092	880.0000
201	0.8354	0.6156	0.3562	0.7850	0.1908	0.8905	16.9000	0.0722	841.0000	82.0000	0.0975	882.0000
202	0.8147	0.6127	0.3446	0.7802	0.1608	0.8873	17.0000	0.0773	832.0000	82.0000	0.0986	841.0000
203	0.8202	0.6086	0.3384	0.7341	0.1560	0.8568	17.0000	0.0770	868.0000	100.0000	0.1152	870.0000
204	0.8152	0.6242	0.3569	0.7541	0.1617	0.8918	16.9000	0.0590	824.0000	81.0000	0.0983	868.0000
205	0.8287	0.6156	0.3573	0.7547	0.1624	0.8744	17.0000	0.0742	906.0000	90.0000	0.0993	916.0000
206	0.8219	0.6127	0.3496	0.7597	0.1691	0.8777	17.1000	0.0755	853.0000	91.0000	0.1067	880.0000
207	0.8061	0.6119	0.3480	0.7263	0.1555	0.8628	16.9000	0.0900	819.0000	91.0000	0.1111	832.0000
208	0.8098	0.6135	0.3589	0.7525	0.1670	0.8805	17.1000	0.0770	845.0000	90.0000	0.1065	860.0000
209	0.8012	0.6176	0.3546	0.7370	0.1536	0.8722	17.1000	0.0803	848.0000	94.0000	0.1108	881.0000
210	0.8249	0.6168	0.3573	0.7427	0.1604	0.8891	17.1000	0.0705	891.0000	88.0000	0.0988	901.0000
211	0.8224	0.6152	0.3502	0.7971	0.1763	0.8873	17.2000	0.0670	849.0000	79.0000	0.0931	872.0000
212	0.8255	0.6189	0.3612	0.7726	0.1775	0.8772	16.9000	0.0633	850.0000	92.0000	0.1082	880.0000
213	0.8252	0.6168	0.3553	0.7817	0.1802	0.8815	17.0000	0.0863	826.0000	87.0000	0.1053	854.0000
214	0.8053	0.6069	0.3441	0.7712	0.1632	0.8826	16.9000	0.0839	837.0000	87.0000	0.1039	862.0000
215	0.8263	0.6102	0.3318	0.7794	0.1572	0.8806	17.1000	0.0794	844.0000	92.0000	0.1090	848.0000
216	0.8247	0.6259	0.3575	0.7451	0.1798	0.8822	16.9000	0.0822	888.0000	96.0000	0.1081	923.0000
217	0.8364	0.6152	0.3528	0.7542	0.1745	0.8862	17.1000	0.0666	895.0000	90.0000	0.1006	910.0000
218	0.8233	0.6094	0.3442	0.7561	0.1538	0.8768	17.2000	0.0636	881.0000	88.0000	0.0999	910.0000
219	0.8157	0.6123	0.3476	0.7875	0.1687	0.8917	17.1000	0.0756	883.0000	80.0000	0.0906	886.0000
220	0.8328	0.6193	0.3524	0.7606	0.1761	0.8730	17.0000	0.0778	850.0000	89.0000	0.1047	885.0000
221	0.8097	0.6160	0.3472	0.7555	0.1752	0.8797	16.7000	0.0866	858.0000	93.0000	0.1084	873.0000
222	0.8128	0.6115	0.3498	0.7540	0.1600	0.8841	17.2000	0.0730	856.0000	89.0000	0.1040	882.0000
223	0.8236	0.6115	0.3489	0.7752	0.1722	0.8816	17.0000	0.0675	832.0000	84.0000	0.1010	838.0000
224	0.8429	0.6234	0.3581	0.7431	0.1913	0.8836	16.9000	0.0694	932.0000	90.0000	0.0966	934.0000
225	0.8138	0.6094	0.3381	0.7659	0.1580	0.8767	17.0000	0.0616	861.0000	88.0000	0.1022	882.0000
226	0.8438	0.6139	0.3481	0.7500	0.1782	0.8886	17.1000	0.0682	841.0000	86.0000	0.1023	843.0000
227	0.7838	0.6222	0.3515	0.7602	0.1721	0.8702	17.1000	0.0803	887.0000	93.0000	0.1048	890.0000
228	0.8178	0.6148	0.3519	0.7767	0.1612	0.8815	16.9000	0.0656	836.0000	86.0000	0.1029	852.0000
229	0.8253	0.6172	0.3535	0.7732	0.1653	0.8900	17.0000	0.0704	849.0000	82.0000	0.0966	875.0000
230	0.8230	0.6131	0.3606	0.7956	0.1894	0.8840	17.0000	0.0615	812.0000	81.0000	0.0998	835.0000
231	0.8316	0.6152	0.3503	0.7704	0.1891	0.8943	16.9000	0.0741	837.0000	81.0000	0.0968	883.0000
232	0.8441	0.6127	0.3571	0.7859	0.1862	0.8927	17.1000	0.0741	874.0000	80.0000	0.0915	892.0000
233	0.8211	0.6115	0.3505	0.7538	0.1739	0.8871	16.8000	0.0796	904.0000	85.0000	0.0940	915.0000
234	0.7869	0.6197	0.3517	0.7469	0.1469	0.8634	17.1000	0.0747	852.0000	92.0000	0.1080	889.0000
235	0.8410	0.6106	0.3522	0.8132	0.1740	0.8916	16.8000	0.0629	865.0000	78.0000	0.0902	887.0000
236	0.8069	0.6139	0.3466	0.7652	0.1612	0.8734	17.1000	0.0781	840.0000	91.0000	0.1083	874.0000
237	0.8399	0.6230	0.3505	0.7701	0.1732	0.8824	16.8000	0.0598	859.0000	91.0000	0.1059	875.0000
238	0.8216	0.6057	0.3423	0.7421	0.1599	0.8956	16.9000	0.0743	824.0000	85.0000	0.1032	833.0000
239	0.8456	0.6213	0.3509	0.7635	0.1818	0.8928	16.9000	0.0679	814.0000	82.0000	0.1007	838.0000
240	0.8472	0.6176	0.3459	0.7552	0.1646	0.8921	16.8000	0.0668	888.0000	87.0000	0.0980	897.0000
241	0.8364	0.6160	0.3552	0.7834	0.1838	0.8938	16.9000	0.0725	914.0000	86.0000	0.0941	929.0000
242	0.8309	0.6069	0.3532	0.7663	0.1662	0.8722	16.8000	0.0882	847.0000	87.0000	0.1027	863.0000
243	0.8345	0.6197	0.3626	0.7447	0.1700	0.8873	17.1000	0.0685	824.0000	90.0000	0.1092	845.0000
244	0.8205	0.6197	0.3567	0.7829	0.1899	0.9014	16.9000	0.0627	889.0000	80.0000	0.0900	906.0000
245	0.8188	0.6139	0.3576	0.7653	0.1857	0.8872	17.1000	0.0815	899.0000	90.0000	0.1001	911.0000
246	0.8492	0.6094	0.3565	0.7691	0.1799	0.9062	16.9000	0.0519	819.0000	79.0000	0.0965	850.0000
247	0.8278	0.5999	0.3344	0.7785	0.1710	0.8864	17.1000	0.0702	811.0000	78.0000	0.0962	820.0000
248	0.8112	0.6082	0.3333	0.7558	0.1537	0.8795	17.1000	0.0788	843.0000	88.0000	0.1044	870.0000
249	0.8231	0.6110	0.3459	0.7583	0.1644	0.8903	16.9000	0.0677	881.0000	92.0000	0.1044	893.0000
250	0.8337	0.6156	0.3449	0.7695	0.1704	0.8803	17.0000	0.0700	866.0000	90.0000	0.1039	872.0000
251	0.7963	0.6110	0.3429	0.7445	0.1476	0.8678	17.1000	0.0890	818.0000	97.0000	0.1186	863.0000
252	0.8172	0.6139	0.3499	0.7759	0.1803	0.8913	17.0000	0.0751	826.0000	80.0000	0.0969	872.0000
253	0.8246	0.6127	0.3415	0.7554	0.1726	0.8779	17.1000	0.0802	819.0000	88.0000	0.1074	857.0000
254	0.8232	0.6193	0.3477	0.7412	0.1775	0.8697	17.0000	0.0923	839.0000	101.0000	0.1204	852.0000
255	0.8527	0.6139	0.3585	0.7609	0.1794	0.8982	17.0000	0.0595	879.0000	81.0000	0.0922	903.0000
256	0.8413	0.6209	0.3598	0.7752	0.1593	0.8821	17.0000	0.0681	805.0000	88.0000	0.1093	830.0000
257	0.8354	0.6193	0.3638	0.7766	0.1694	0.8815	17.0000	0.0676	837.0000	88.0000	0.1051	844.0000
258	0.8466	0.6135	0.3419	0.7624	0.1707	0.8914	17.1000	0.0618	879.0000	84.0000	0.0956	917.0000
259	0.8221	0.6139	0.3479	0.7454	0.1744	0.8793	17.0000	0.0759	887.0000	98.0000	0.1105	929.0000
260	0.8430	0.6139	0.3512	0.7535	0.1775	0.8818	17.0000	0.0632	862.0000	88.0000	0.1021	887.0000
261	0.8208	0.6086	0.3422	0.7835	0.1627	0.8836	16.9000	0.0791	793.0000	86.0000	0.1084	833.0000
262	0.8097	0.6131	0.3398	0.7561	0.1719	0.8742	17.1000	0.0898	879.0000	94.0000	0.1069	899.0000
263	0.8291	0.6123	0.3350	0.7870	0.1714	0.8877	17.0000	0.0715	823.0000	82.0000	0.0996	843.0000
264	0.8184	0.6127	0.3491	0.7592	0.1458	0.8798	17.0000	0.0668	827.0000	87.0000	0.1052	842.0000
265	0.8233	0.6152	0.3459	0.7513	0.1638	0.8695	17.0000	0.0664	849.0000	93.0000	0.1095	879.0000
266	0.8266	0.6222	0.3468	0.7724	0.1625	0.8815	17.1000	0.0697	855.0000	91.0000	0.1064	874.0000
267	0.8158	0.6255	0.3668	0.7839	0.1947	0.8851	16.9000	0.0721	891.0000	90.0000	0.1010	939.0000
268	0.8281	0.6176	0.3472	0.7874	0.1783	0.8950	17.1000	0.0689	824.0000	81.0000	0.0983	850.0000
269	0.8255	0.6119	0.3463	0.7612	0.1684	0.8837	17.0000	0.0698	882.0000	90.0000	0.1020	909.0000
270	0.8367	0.6189	0.3452	0.7769	0.1632	0.8771	16.9000	0.0626	831.0000	83.0000	0.0999	866.0000
271	0.8235	0.6106	0.3552	0.7628	0.1646	0.8828	17.0000	0.0616	815.0000	91.0000	0.1117	846.0000
272	0.8180	0.6176	0.3455	0.7768	0.1719	0.8811	17.0000	0.0832	868.0000	88.0000	0.1014	882.0000
273	0.8167	0.6180	0.3616	0.7599	0.1840	0.8882	17.1000	0.0719	836.0000	80.0000	0.0957	852.0000
274	0.8334	0.6094	0.3507	0.7753	0.1690	0.8903	17.2000	0.0665	852.0000	82.0000	0.0962	875.0000
275	0.8325	0.6152	0.3461	0.7564	0.1749	0.8995	17.1000	0.0613	870.0000	84.0000	0.0966	893.0000
276	0.8334	0.6152	0.3446	0.7532	0.1711	0.8878	17.2000	0.0822	836.0000	87.0000	0.1041	849.0000
277	0.8125	0.6119	0.3539	0.7843	0.1764	0.8892	17.1000	0.0767	792.0000	78.0000	0.0985	846.0000
278	0.8225	0.6160	0.3503	0.7809	0.1802	0.8783	17.0000	0.0813	826.0000	84.0000	0.1017	853.0000
279	0.8277	0.6065	0.3484	0.7617	0.1769	0.8798	17.0000	0.0794	843.0000	93.0000	0.1103	871.0000
280	0.8341	0.6160	0.3445	0.7568	0.1700	0.8884	17.1000	0.0662	816.0000	82.0000	0.1005	848.0000
281	0.8158	0.6160	0.3507	0.7523	0.1749	0.8884	17.1000	0.0754	868.0000	86.0000	0.0991	889.0000
282	0.8362	0.6148	0.3544	0.7372	0.1809	0.8738	16.9000	0.0793	852.0000	94.0000	0.1103	871.0000
283	0.8197	0.6164	0.3471	0.7303	0.1586	0.8819	17.0000	0.0728	885.0000	90.0000	0.1017	901.0000
284	0.8299	0.6131	0.3505	0.7152	0.1385	0.8712	16.9000	0.0743	882.0000	93.0000	0.1054	891.0000
285	0.8306	0.6156	0.3522	0.7603	0.1697	0.8711	17.0000	0.0804	839.0000	91.0000	0.1085	874.0000
286	0.8145	0.6152	0.3510	0.7850	0.1811	0.8927	17.0000	0.0861	800.0000	79.0000	0.0988	844.0000
287	0.8523	0.6172	0.3507	0.7683	0.1818	0.8828	17.1000	0.0690	838.0000	89.0000	0.1062	857.0000
288	0.8207	0.6168	0.3454	0.7508	0.1689	0.8810	16.9000	0.0717	858.0000	96.0000	0.1119	885.0000
289	0.8321	0.6135	0.3492	0.7532	0.1607	0.8872	17.0000	0.0751	864.0000	84.0000	0.0972	889.0000
290	0.7997	0.6226	0.3569	0.7430	0.1536	0.8724	16.9000	0.0784	878.0000	93.0000	0.1059	905.0000
291	0.8168	0.6110	0.3445	0.7813	0.1703	0.8910	17.1000	0.0709	823.0000	86.0000	0.1045	843.0000
292	0.8180	0.6185	0.3496	0.7783	0.1652	0.8963	17.2000	0.0692	832.0000	80.0000	0.0962	883.0000
293	0.8240	0.6222	0.3535	0.7581	0.1762	0.8716	17.0000	0.0784	857.0000	92.0000	0.1074	900.0000
294	0.8169	0.6168	0.3545	0.7441	0.1759	0.8815	17.0000	0.0848	818.0000	85.0000	0.1039	840.0000
295	0.8558	0.6168	0.3501	0.7641	0.1672	0.8864	17.0000	0.0593	869.0000	92.0000	0.1059	893.0000
296	0.8063	0.6127	0.3506	0.7814	0.1765	0.8716	17.1000	0.0805	826.0000	89.0000	0.1077	840.0000
297	0.8040	0.6180	0.3558	0.7495	0.1546	0.8864	16.9000	0.0640	849.0000	85.0000	0.1001	866.0000
298	0.8138	0.6131	0.3508	0.7638	0.1578	0.8914	17.0000	0.0545	832.0000	82.0000	0.0986	866.0000
299	0.8252	0.6152	0.3494	0.7662	0.1729	0.8936	17.0000	0.0586	859.0000	84.0000	0.0978	899.0000
300	0.8278	0.6148	0.3498	0.7362	0.1648	0.8765	17.0000	0.0902	869.0000	96.0000	0.1105	893.0000
301	0.8334	0.6152	0.3485	0.7504	0.1551	0.8727	17.0000	0.0754	844.0000	89.0000	0.1055	878.0000
302	0.8490	0.6131	0.3438	0.7282	0.1536	0.8809	17.0000	0.0670	839.0000	92.0000	0.1097	845.0000
303	0.8241	0.6222	0.3476	0.7673	0.1781	0.8953	16.9000	0.0734	830.0000	83.0000	0.1000	848.0000
304	0.8127	0.6061	0.3492	0.7559	0.1474	0.8904	17.0000	0.0744	794.0000	81.0000	0.1020	821.0000
305	0.8166	0.6164	0.3485	0.7665	0.1720	0.8838	17.2000	0.0753	869.0000	88.0000	0.1013	890.0000
306	0.8168	0.6123	0.3489	0.7384	0.1551	0.8687	17.0000	0.0787	899.0000	97.0000	0.1079	953.0000
307	0.8379	0.6218	0.3520	0.7834	0.1776	0.8983	16.9000	0.0750	853.0000	80.0000	0.0938	878.0000
308	0.8373	0.6255	0.3681	0.7637	0.1750	0.8890	17.0000	0.0567	858.0000	86.0000	0.1002	898.0000
309	0.8108	0.6222	0.3604	0.7611	0.1778	0.8880	16.8000	0.0697	905.0000	88.0000	0.0972	926.0000
310	0.8069	0.6127	0.3489	0.7759	0.1619	0.8712	16.9000	0.0835	845.0000	94.0000	0.1112	872.0000
311	0.8232	0.6160	0.3470	0.7729	0.1791	0.8921	17.0000	0.0652	829.0000	78.0000	0.0941	861.0000
312	0.8260	0.6180	0.3461	0.7601	0.1779	0.8757	17.1000	0.0731	921.0000	90.0000	0.0977	926.0000
313	0.8120	0.6160	0.3511	0.7646	0.1575	0.8736	17.2000	0.0584	827.0000	93.0000	0.1125	851.0000
314	0.8134	0.6189	0.3547	0.7616	0.1729	0.8773	16.9000	0.0764	899.0000	92.0000	0.1023	918.0000
315	0.8517	0.6143	0.3447	0.7982	0.1748	0.9010	16.9000	0.0448	860.0000	72.0000	0.0837	870.0000
316	0.8308	0.6148	0.3577	0.7483	0.1757	0.8801	16.9000	0.0862	865.0000	91.0000	0.1052	888.0000
317	0.7897	0.6135	0.3503	0.7660	0.1706	0.8728	16.9000	0.0769	895.0000	94.0000	0.1050	909.0000
318	0.8256	0.6172	0.3504	0.7667	0.1705	0.8917	16.8000	0.0764	830.0000	82.0000	0.0988	855.0000
319	0.8264	0.6222	0.3580	0.7526	0.1826	0.8789	17.1000	0.0792	810.0000	90.0000	0.1111	839.0000
320	0.8140	0.6135	0.3427	0.7496	0.1544	0.8716	17.1000	0.0798	851.0000	94.0000	0.1105	884.0000
321	0.8288	0.6127	0.3538	0.7531	0.1629	0.8832	16.9000	0.0608	829.0000	86.0000	0.1037	858.0000
322	0.8087	0.6156	0.3521	0.7598	0.1632	0.8663	16.9000	0.0861	874.0000	98.0000	0.1121	890.0000
323	0.8330	0.6238	0.3551	0.7818	0.1678	0.8812	17.0000	0.0652	911.0000	92.0000	0.1010	914.0000
324	0.8296	0.6135	0.3558	0.7597	0.1730	0.8779	17.1000	0.0859	876.0000	91.0000	0.1039	900.0000
325	0.8226	0.6238	0.3552	0.7465	0.1848	0.8851	16.9000	0.0770	881.0000	94.0000	0.1067	904.0000
326	0.8338	0.6185	0.3524	0.7478	0.1627	0.8813	17.0000	0.0741	836.0000	87.0000	0.1041	852.0000
327	0.8281	0.6106	0.3477	0.7576	0.1660	0.8788	16.9000	0.0657	857.0000	85.0000	0.0992	868.0000
328	0.8183	0.6160	0.3565	0.7321	0.1698	0.8777	17.1000	0.0722	860.0000	97.0000	0.1128	886.0000
329	0.8101	0.6156	0.3440	0.7652	0.1620	0.8852	17.0000	0.0771	818.0000	82.0000	0.1002	843.0000
330	0.8448	0.6197	0.3523	0.7758	0.1760	0.8933	16.9000	0.0662	902.0000	86.0000	0.0953	920.0000
331	0.8448	0.6160	0.3493	0.7442	0.1768	0.8711	17.0000	0.0758	892.0000	99.0000	0.1110	907.0000
332	0.8397	0.6201	0.3500	0.7621	0.1839	0.8846	17.0000	0.0682	865.0000	90.0000	0.1040	880.0000
333	0.8244	0.6164	0.3548	0.7725	0.1698	0.8792	16.9000	0.0715	828.0000	86.0000	0.1039	836.0000
334	0.8256	0.6098	0.3557	0.7299	0.1517	0.8730	16.9000	0.0763	888.0000	92.0000	0.1036	897.0000
335	0.8308	0.6123	0.3542	0.7386	0.1685	0.8775	17.1000	0.0712	874.0000	88.0000	0.1007	906.0000
336	0.8304	0.6143	0.3437	0.8015	0.1680	0.8873	17.0000	0.0594	806.0000	83.0000	0.1030	835.0000
337	0.8140	0.6222	0.3649	0.7744	0.1959	0.8809	17.1000	0.0810	894.0000	94.0000	0.1051	913.0000
338	0.8242	0.6143	0.3603	0.7755	0.1823	0.8793	17.1000	0.0744	875.0000	89.0000	0.1017	877.0000
339	0.8248	0.6131	0.3501	0.7809	0.1644	0.8981	17.1000	0.0600	818.0000	82.0000	0.1002	855.0000
340	0.8269	0.6213	0.3560	0.7521	0.1711	0.8837	16.8000	0.0623	861.0000	90.0000	0.1045	881.0000
341	0.8319	0.6119	0.3520	0.7595	0.1737	0.8843	17.1000	0.0656	865.0000	86.0000	0.0994	881.0000
342	0.8301	0.6164	0.3584	0.7944	0.1804	0.8946	17.1000	0.0619	869.0000	82.0000	0.0944	873.0000
343	0.8481	0.6131	0.3440	0.7639	0.1600	0.8908	16.9000	0.0685	831.0000	81.0000	0.0975	857.0000
344	0.8304	0.6172	0.3547	0.7668	0.1758	0.8850	17.0000	0.0690	870.0000	88.0000	0.1011	883.0000
345	0.8345	0.6135	0.3534	0.7830	0.1727	0.8786	17.0000	0.0730	803.0000	88.0000	0.1096	825.0000
346	0.8345	0.6230	0.3628	0.7558	0.1837	0.8865	16.9000	0.0602	862.0000	95.0000	0.1102	895.0000
347	0.8281	0.6189	0.3494	0.7405	0.1609	0.8694	17.2000	0.0594	846.0000	94.0000	0.1111	857.0000
348	0.8037	0.6156	0.3558	0.7444	0.1705	0.8863	17.0000	0.0710	880.0000	89.0000	0.1011	905.0000
349	0.8423	0.6251	0.3573	0.7709	0.1718	0.8961	16.9000	0.0692	857.0000	86.0000	0.1004	874.0000
350	0.8233	0.6164	0.3501	0.7473	0.1577	0.8784	17.2000	0.0732	840.0000	87.0000	0.1036	853.0000
351	0.8431	0.6164	0.3391	0.7727	0.1856	0.9011	17.2000	0.0619	822.0000	77.0000	0.0937	844.0000
352	0.8261	0.6209	0.3485	0.7525	0.1409	0.8809	16.9000	0.0619	850.0000	82.0000	0.0965	857.0000
353	0.7784	0.6090	0.3449	0.7663	0.1484	0.8845	17.2000	0.0826	830.0000	84.0000	0.1012	869.0000
354	0.8420	0.6143	0.3496	0.7413	0.1606	0.8788	17.0000	0.0703	868.0000	100.0000	0.1152	887.0000
355	0.8273	0.6209	0.3527	0.7457	0.1811	0.8789	17.1000	0.0777	863.0000	89.0000	0.1031	889.0000
356	0.8279	0.6061	0.3482	0.7621	0.1660	0.8765	16.9000	0.0655	884.0000	88.0000	0.0995	896.0000
357	0.8177	0.6176	0.3514	0.7843	0.1641	0.8780	17.0000	0.0759	871.0000	80.0000	0.0918	896.0000
358	0.8168	0.6135	0.3473	0.7498	0.1481	0.8798	17.0000	0.0737	822.0000	88.0000	0.1071	844.0000
359	0.8103	0.6156	0.3580	0.7353	0.1420	0.8772	17.0000	0.0569	868.0000	90.0000	0.1037	883.0000
360	0.8491	0.6189	0.3493	0.7458	0.1775	0.8903	17.1000	0.0675	848.0000	89.0000	0.1050	892.0000
361	0.8327	0.6086	0.3518	0.7784	0.1671	0.8833	17.1000	0.0647	828.0000	87.0000	0.1051	840.0000
362	0.8384	0.6082	0.3427	0.7592	0.1694	0.8877	17.1000	0.0687	833.0000	82.0000	0.0984	858.0000
363	0.8364	0.6189	0.3529	0.7689	0.1696	0.8853	17.1000	0.0717	817.0000	84.0000	0.1028	830.0000
364	0.8310	0.6143	0.3439	0.8109	0.1683	0.8853	16.9000	0.0644	870.0000	83.0000	0.0954	877.0000
365	0.8298	0.6156	0.3587	0.7366	0.1825	0.8881	16.9000	0.0696	878.0000	84.0000	0.0957	903.0000
366	0.8148	0.6164	0.3581	0.7882	0.1763	0.8838	17.1000	0.0746	874.0000	84.0000	0.0961	899.0000
367	0.8357	0.6152	0.3450	0.7490	0.1681	0.8843	16.9000	0.0737	858.0000	82.0000	0.0956	867.0000
368	0.8164	0.6152	0.3582	0.7896	0.1779	0.8707	17.2000	0.0965	775.0000	87.0000	0.1123	817.0000
369	0.8434	0.6131	0.3475	0.7754	0.1797	0.8899	16.9000	0.0590	845.0000	82.0000	0.0970	904.0000
370	0.8184	0.6110	0.3458	0.7834	0.1750	0.8723	16.9000	0.0873	830.0000	90.0000	0.1084	876.0000
371	0.8443	0.6098	0.3458	0.7594	0.1514	0.8931	16.9000	0.0603	831.0000	81.0000	0.0975	835.0000
372	0.8466	0.6115	0.3470	0.7532	0.1730	0.8671	17.1000	0.0695	849.0000	95.0000	0.1119	883.0000
373	0.8120	0.6160	0.3591	0.7444	0.1540	0.8708	17.0000	0.0878	885.0000	94.0000	0.1062	888.0000
374	0.8201	0.6197	0.3534	0.7332	0.1783	0.8833	16.9000	0.0886	804.0000	89.0000	0.1107	831.0000
375	0.8295	0.6234	0.3558	0.7366	0.1737	0.8861	16.9000	0.0686	909.0000	90.0000	0.0990	941.0000
376	0.8146	0.6131	0.3528	0.7752	0.1731	0.8855	16.9000	0.0731	884.0000	89.0000	0.1007	912.0000
377	0.8231	0.6106	0.3398	0.7660	0.1608	0.8933	16.8000	0.0650	836.0000	82.0000	0.0981	860.0000
378	0.8240	0.6185	0.3570	0.7674	0.1641	0.8854	16.8000	0.0716	853.0000	90.0000	0.1055	878.0000
379	0.8381	0.6213	0.3579	0.7963	0.1799	0.8840	17.2000	0.0656	800.0000	85.0000	0.1062	828.0000
380	0.8240	0.6152	0.3432	0.7982	0.1728	0.8897	17.0000	0.0825	841.0000	80.0000	0.0951	880.0000
381	0.8331	0.6148	0.3551	0.7341	0.1642	0.8839	17.0000	0.0741	821.0000	87.0000	0.1060	849.0000
382	0.8626	0.6123	0.3385	0.7544	0.1604	0.8914	16.9000	0.0510	858.0000	82.0000	0.0956	862.0000
383	0.8371	0.6119	0.3492	0.7884	0.1650	0.8924	16.9000	0.0550	823.0000	76.0000	0.0923	863.0000
384	0.8374	0.6164	0.3462	0.8179	0.1827	0.9019	16.9000	0.0708	854.0000	77.0000	0.0902	869.0000
385	0.8073	0.6102	0.3515	0.7769	0.1650	0.8674	17.2000	0.0906	832.0000	95.0000	0.1142	850.0000
386	0.8268	0.6110	0.3446	0.7444	0.1814	0.8772	17.0000	0.0819	871.0000	94.0000	0.1079	892.0000
387	0.8103	0.6135	0.3519	0.7498	0.1661	0.8766	16.9000	0.0670	918.0000	96.0000	0.1046	924.0000
388	0.8177	0.6061	0.3416	0.7592	0.1631	0.8801	17.0000	0.0844	863.0000	87.0000	0.1008	895.0000
389	0.8281	0.6193	0.3464	0.7730	0.1789	0.9055	17.0000	0.0578	844.0000	76.0000	0.0900	846.0000
390	0.8263	0.6152	0.3506	0.7396	0.1646	0.8753	17.1000	0.0811	875.0000	93.0000	0.1063	910.0000
391	0.8153	0.6205	0.3522	0.7771	0.1939	0.8884	17.1000	0.0731	835.0000	83.0000	0.0994	851.0000
392	0.8090	0.6152	0.3505	0.7383	0.1611	0.8742	17.1000	0.0741	917.0000	86.0000	0.0938	922.0000
393	0.8182	0.6279	0.3639	0.7442	0.1899	0.8800	17.2000	0.0862	831.0000	93.0000	0.1119	853.0000
394	0.8293	0.6160	0.3468	0.7488	0.1600	0.8832	16.9000	0.0738	863.0000	87.0000	0.1008	885.0000
395	0.8213	0.6135	0.3451	0.7455	0.1737	0.8761	16.9000	0.0853	866.0000	87.0000	0.1005	895.0000
396	0.8342	0.6110	0.3403	0.7579	0.1714	0.8912	17.1000	0.0762	874.0000	81.0000	0.0927	891.0000
397	0.8369	0.6156	0.3422	0.7683	0.1747	0.8970	16.9000	0.0656	832.0000	77.0000	0.0925	843.0000
398	0.8002	0.6176	0.3545	0.7386	0.1655	0.8803	17.0000	0.0895	828.0000	88.0000	0.1063	848.0000
399	0.8370	0.6094	0.3531	0.7807	0.1870	0.8980	17.1000	0.0627	821.0000	77.0000	0.0938	847.0000
400	0.8135	0.6197	0.3599	0.7482	0.1799	0.8649	17.0000	0.0921	940.0000	102.0000	0.1085	958.0000
401	0.8218	0.6218	0.3534	0.7695	0.1751	0.8893	17.2000	0.0631	840.0000	82.0000	0.0976	859.0000
402	0.8267	0.6172	0.3435	0.7445	0.1559	0.8820	17.0000	0.0694	840.0000	92.0000	0.1095	867.0000
403	0.8109	0.6143	0.3528	0.7347	0.1824	0.8794	17.1000	0.0715	882.0000	91.0000	0.1032	892.0000
404	0.8134	0.6197	0.3650	0.7642	0.1835	0.8797	17.0000	0.0752	905.0000	87.0000	0.0961	920.0000
405	0.8193	0.6069	0.3358	0.7438	0.1615	0.8568	17.1000	0.0923	794.0000	98.0000	0.1234	844.0000
406	0.8409	0.6218	0.3581	0.7622	0.1783	0.8869	16.9000	0.0606	842.0000	88.0000	0.1045	875.0000
407	0.8338	0.6156	0.3393	0.7631	0.1660	0.8762	17.0000	0.0701	853.0000	86.0000	0.1008	862.0000
408	0.8306	0.6189	0.3468	0.7275	0.1659	0.8831	17.1000	0.0661	861.0000	89.0000	0.1034	864.0000
409	0.8436	0.6168	0.3429	0.7667	0.1695	0.8933	17.1000	0.0630	913.0000	85.0000	0.0931	916.0000
410	0.8373	0.6255	0.3654	0.7450	0.1733	0.8883	16.9000	0.0762	814.0000	85.0000	0.1044	847.0000
411	0.8553	0.6201	0.3531	0.7717	0.1897	0.8955	16.9000	0.0637	875.0000	86.0000	0.0983	881.0000
412	0.8454	0.6148	0.3394	0.7521	0.1675	0.8812	17.0000	0.0686	819.0000	85.0000	0.1038	863.0000
413	0.8297	0.6193	0.3503	0.7385	0.1592	0.8753	16.9000	0.0758	862.0000	94.0000	0.1090	868.0000
414	0.8480	0.6127	0.3416	0.7880	0.1617	0.8884	16.9000	0.0598	855.0000	81.0000	0.0947	871.0000
415	0.8339	0.6127	0.3485	0.7587	0.1792	0.8785	17.2000	0.0764	845.0000	89.0000	0.1053	851.0000
416	0.8176	0.6222	0.3573	0.7231	0.1751	0.8795	17.2000	0.0923	881.0000	96.0000	0.1090	899.0000
417	0.8365	0.6148	0.3454	0.7662	0.1749	0.8805	16.9000	0.0731	861.0000	92.0000	0.1069	876.0000
418	0.8191	0.6156	0.3448	0.7772	0.1745	0.8752	17.0000	0.0847	803.0000	91.0000	0.1133	821.0000
419	0.8436	0.6160	0.3570	0.7676	0.1799	0.8929	17.0000	0.0629	861.0000	82.0000	0.0952	892.0000
420	0.8218	0.6180	0.3606	0.7636	0.1776	0.8679	17.0000	0.0782	863.0000	88.0000	0.1020	891.0000
421	0.8117	0.6090	0.3464	0.7499	0.1737	0.8725	16.8000	0.0916	855.0000	93.0000	0.1088	868.0000
422	0.8293	0.6180	0.3540	0.7575	0.1674	0.8854	17.1000	0.0718	847.0000	88.0000	0.1039	891.0000
423	0.8193	0.6168	0.3519	0.7642	0.1524	0.8788	16.9000	0.0621	871.0000	89.0000	0.1022	884.0000
424	0.8384	0.6205	0.3602	0.7862	0.1865	0.9036	16.8000	0.0635	858.0000	76.0000	0.0886	867.0000
425	0.8357	0.6053	0.3367	0.7869	0.1682	0.8876	17.0000	0.0724	786.0000	78.0000	0.0992	804.0000
426	0.8112	0.6102	0.3449	0.7764	0.1680	0.8696	16.9000	0.0878	813.0000	88.0000	0.1082	820.0000
427	0.8146	0.6123	0.3494	0.7497	0.1667	0.8731	17.1000	0.0692	856.0000	94.0000	0.1098	883.0000
428	0.8334	0.6148	0.3540	0.7587	0.1753	0.8942	17.0000	0.0647	864.0000	91.0000	0.1053	881.0000
429	0.8108	0.6115	0.3505	0.7663	0.1847	0.8811	16.9000	0.0767	859.0000	88.0000	0.1024	870.0000
430	0.8266	0.6242	0.3483	0.7436	0.1683	0.8778	16.7000	0.0746	855.0000	93.0000	0.1088	863.0000
431	0.8257	0.6115	0.3420	0.7543	0.1665	0.8854	17.1000	0.0787	864.0000	90.0000	0.1042	892.0000
432	0.8390	0.6148	0.3439	0.7525	0.1581	0.8934	17.0000	0.0614	855.0000	80.0000	0.0936	894.0000
433	0.8089	0.6164	0.3551	0.7553	0.1716	0.8711	17.1000	0.0771	869.0000	98.0000	0.1128	894.0000
434	0.8470	0.6148	0.3457	0.7755	0.1719	0.8923	17.0000	0.0606	844.0000	83.0000	0.0983	898.0000
435	0.8078	0.6267	0.3554	0.7253	0.1780	0.8552	17.0000	0.0846	893.0000	109.0000	0.1221	927.0000
436	0.8295	0.6168	0.3598	0.7444	0.1739	0.8830	16.9000	0.0726	880.0000	93.0000	0.1057	887.0000
437	0.8280	0.6098	0.3484	0.7863	0.1611	0.8858	16.8000	0.0681	812.0000	83.0000	0.1022	848.0000
438	0.8182	0.6077	0.3463	0.7967	0.1701	0.8843	17.0000	0.0676	812.0000	87.0000	0.1071	840.0000
439	0.8214	0.6185	0.3390	0.7778	0.1644	0.8875	17.1000	0.0677	851.0000	86.0000	0.1011	875.0000
440	0.8398	0.6040	0.3393	0.7699	0.1600	0.8877	16.9000	0.0807	855.0000	87.0000	0.1018	891.0000
441	0.8438	0.6201	0.3548	0.7594	0.1762	0.8753	17.0000	0.0771	846.0000	90.0000	0.1064	872.0000
442	0.8494	0.6168	0.3536	0.7683	0.1783	0.8955	16.8000	0.0711	840.0000	83.0000	0.0988	868.0000
443	0.8301	0.6135	0.3517	0.7664	0.1808	0.8938	17.0000	0.0650	893.0000	87.0000	0.0974	904.0000
444	0.8024	0.6148	0.3520	0.7372	0.1553	0.8839	17.0000	0.0649	856.0000	88.0000	0.1028	905.0000
445	0.8489	0.6090	0.3460	0.7654	0.1650	0.8760	17.0000	0.0691	839.0000	89.0000	0.1061	865.0000
446	0.8410	0.6176	0.3465	0.7707	0.1839	0.8980	16.9000	0.0717	845.0000	81.0000	0.0959	883.0000
447	0.8147	0.6123	0.3455	0.7316	0.1692	0.8698	16.9000	0.0882	812.0000	92.0000	0.1133	833.0000
448	0.8013	0.6160	0.3469	0.7649	0.1466	0.8800	17.0000	0.0701	836.0000	84.0000	0.1005	846.0000
449	0.8423	0.6156	0.3517	0.7586	0.1693	0.8874	16.7000	0.0726	857.0000	93.0000	0.1085	866.0000
450	0.8466	0.6172	0.3450	0.7863	0.1759	0.8954	16.9000	0.0560	831.0000	77.0000	0.0927	855.0000
451	0.8239	0.6209	0.3404	0.7488	0.1698	0.8751	16.9000	0.0692	890.0000	97.0000	0.1090	905.0000
452	0.8118	0.6020	0.3449	0.7679	0.1689	0.8837	17.1000	0.0663	842.0000	84.0000	0.0998	865.0000
453	0.8120	0.6040	0.3497	0.7575	0.1736	0.8869	16.8000	0.0771	787.0000	82.0000	0.1042	822.0000
454	0.8241	0.6176	0.3563	0.7508	0.1702	0.8765	17.1000	0.0769	828.0000	89.0000	0.1075	833.0000
455	0.8335	0.6082	0.3388	0.7693	0.1648	0.8756	17.0000	0.0699	837.0000	88.0000	0.1051	875.0000
456	0.8378	0.6086	0.3454	0.7789	0.1743	0.8892	16.8000	0.0626	847.0000	87.0000	0.1027	891.0000
457	0.8230	0.6275	0.3520	0.7524	0.1841	0.8858	17.0000	0.0743	854.0000	85.0000	0.0995	882.0000
458	0.8118	0.6213	0.3495	0.7605	0.1797	0.8682	16.9000	0.0838	914.0000	98.0000	0.1072	938.0000
459	0.8307	0.6106	0.3475	0.7451	0.1665	0.8723	17.2000	0.0866	783.0000	92.0000	0.1175	811.0000
460	0.8250	0.6127	0.3557	0.7709	0.1689	0.8784	16.7000	0.0696	854.0000	84.0000	0.0984	883.0000
461	0.8476	0.6090	0.3465	0.7887	0.1768	0.8840	17.1000	0.0757	785.0000	83.0000	0.1057	812.0000
462	0.8063	0.6094	0.3458	0.7541	0.1487	0.8702	17.0000	0.0732	816.0000	92.0000	0.1127	828.0000
463	0.8215	0.6176	0.3480	0.7733	0.1715	0.8701	17.0000	0.0710	850.0000	94.0000	0.1106	857.0000
464	0.8161	0.6106	0.3413	0.7800	0.1662	0.8840	17.2000	0.0799	830.0000	86.0000	0.1036	846.0000
465	0.8190	0.6197	0.3515	0.7307	0.1603	0.8839	17.0000	0.0783	860.0000	91.0000	0.1058	914.0000
466	0.8218	0.6086	0.3404	0.7835	0.1667	0.8849	17.0000	0.0734	860.0000	81.0000	0.0942	888.0000
467	0.8178	0.6102	0.3356	0.7472	0.1685	0.8701	17.0000	0.0601	894.0000	97.0000	0.1085	918.0000
468	0.8396	0.6131	0.3467	0.8049	0.1626	0.8905	17.2000	0.0547	834.0000	82.0000	0.0983	861.0000
469	0.8262	0.6127	0.3483	0.7472	0.1676	0.8817	16.9000	0.0689	862.0000	92.0000	0.1067	896.0000
470	0.8331	0.6197	0.3525	0.7412	0.1822	0.8768	17.1000	0.0766	816.0000	92.0000	0.1127	862.0000
471	0.8084	0.6139	0.3438	0.7528	0.1631	0.8768	17.0000	0.0818	816.0000	91.0000	0.1115	849.0000
472	0.8461	0.6152	0.3487	0.7467	0.1684	0.8821	16.9000	0.0622	839.0000	85.0000	0.1013	858.0000
473	0.8282	0.6110	0.3517	0.7441	0.1702	0.8757	17.0000	0.0704	812.0000	93.0000	0.1145	820.0000
474	0.8194	0.6148	0.3498	0.7432	0.1576	0.8787	17.0000	0.0694	878.0000	88.0000	0.1002	887.0000
475	0.8167	0.6139	0.3539	0.7872	0.1736	0.8864	17.0000	0.0706	837.0000	87.0000	0.1039	859.0000
476	0.8124	0.6102	0.3446	0.7456	0.1730	0.8749	16.9000	0.0719	844.0000	91.0000	0.1078	858.0000
477	0.7983	0.6131	0.3461	0.7433	0.1568	0.8600	16.9000	0.0787	853.0000	93.0000	0.1090	888.0000
478	0.8229	0.6123	0.3563	0.7712	0.1754	0.8801	17.0000	0.0843	837.0000	83.0000	0.0992	875.0000
479	0.8138	0.6160	0.3569	0.7522	0.1691	0.8838	17.1000	0.0796	897.0000	84.0000	0.0936	920.0000
480	0.8359	0.6218	0.3596	0.7765	0.1904	0.8984	17.0000	0.0634	859.0000	82.0000	0.0955	885.0000
481	0.8097	0.6156	0.3498	0.7293	0.1646	0.8686	17.0000	0.0732	842.0000	98.0000	0.1164	876.0000
482	0.8303	0.6193	0.3585	0.7480	0.1852	0.8810	17.0000	0.0757	855.0000	91.0000	0.1064	870.0000
483	0.8250	0.6164	0.3492	0.7662	0.1750	0.8872	17.1000	0.0721	870.0000	90.0000	0.1034	889.0000
484	0.8103	0.6135	0.3452	0.7464	0.1641	0.8730	16.9000	0.0668	818.0000	87.0000	0.1064	855.0000
485	0.8116	0.6189	0.3515	0.7610	0.1632	0.8814	17.2000	0.0858	863.0000	88.0000	0.1020	882.0000
486	0.8166	0.6222	0.3577	0.7604	0.1862	0.8978	17.1000	0.0631	867.0000	84.0000	0.0969	884.0000
487	0.8272	0.6168	0.3496	0.7711	0.1719	0.8738	17.1000	0.0773	835.0000	96.0000	0.1150	867.0000
488	0.8049	0.6110	0.3503	0.7428	0.1640	0.8733	17.1000	0.0755	827.0000	92.0000	0.1112	871.0000
489	0.8321	0.6213	0.3555	0.7678	0.1873	0.8734	16.9000	0.0885	855.0000	90.0000	0.1053	883.0000
490	0.8110	0.6077	0.3380	0.7660	0.1769	0.8884	17.0000	0.0743	795.0000	85.0000	0.1069	801.0000
491	0.8163	0.6119	0.3507	0.7467	0.1573	0.8745	17.0000	0.0684	894.0000	95.0000	0.1063	915.0000
492	0.8203	0.6180	0.3555	0.7375	0.1707	0.8779	17.0000	0.0737	908.0000	90.0000	0.0991	937.0000
493	0.8191	0.6176	0.3575	0.7667	0.1730	0.8788	17.0000	0.0683	856.0000	89.0000	0.1040	870.0000
494	0.7970	0.6197	0.3546	0.7511	0.1834	0.8782	17.1000	0.0841	858.0000	93.0000	0.1084	889.0000
495	0.8180	0.6168	0.3577	0.7440	0.1751	0.8828	16.9000	0.0707	894.0000	95.0000	0.1063	914.0000
496	0.8202	0.6185	0.3477	0.7419	0.1748	0.8868	17.1000	0.0711	875.0000	85.0000	0.0971	897.0000
497	0.8486	0.6148	0.3461	0.7698	0.1730	0.8874	16.9000	0.0679	819.0000	85.0000	0.1038	889.0000
498	0.8192	0.6164	0.3466	0.7696	0.1654	0.8761	16.9000	0.0743	823.0000	89.0000	0.1081	844.0000
499	0.8141	0.6197	0.3461	0.7717	0.1741	0.8806	17.0000	0.0662	893.0000	88.0000	0.0985	897.0000
500	0.8389	0.6172	0.3506	0.7692	0.1745	0.9055	17.0000	0.0643	840.0000	77.0000	0.0917	866.0000
501	0.8259	0.6119	0.3483	0.7353	0.1625	0.8723	16.7000	0.0729	892.0000	96.0000	0.1076	906.0000
502	0.8249	0.6226	0.3551	0.7410	0.1758	0.8701	16.9000	0.0767	854.0000	94.0000	0.1101	876.0000
503	0.8276	0.6164	0.3519	0.7737	0.1697	0.8770	16.9000	0.0631	898.0000	86.0000	0.0958	921.0000
504	0.8277	0.6073	0.3477	0.7572	0.1641	0.8785	17.0000	0.0584	877.0000	88.0000	0.1003	890.0000
505	0.8067	0.6164	0.3458	0.7501	0.1596	0.8787	17.0000	0.0777	877.0000	92.0000	0.1049	896.0000
506	0.8138	0.6143	0.3470	0.7408	0.1540	0.8710	16.9000	0.0731	827.0000	92.0000	0.1112	845.0000
507	0.8326	0.6119	0.3460	0.7685	0.1656	0.8879	16.9000	0.0681	825.0000	87.0000	0.1055	839.0000
508	0.8337	0.6185	0.3559	0.7595	0.1781	0.8753	17.1000	0.0663	847.0000	92.0000	0.1086	881.0000
509	0.7957	0.6176	0.3427	0.7442	0.1663	0.8722	17.1000	0.0621	882.0000	92.0000	0.1043	885.0000
510	0.8255	0.6176	0.3572	0.7489	0.1614	0.8666	17.1000	0.0711	881.0000	96.0000	0.1090	900.0000
511	0.8127	0.6139	0.3573	0.7577	0.1723	0.8777	17.1000	0.0692	853.0000	96.0000	0.1125	867.0000
512	0.8021	0.6201	0.3592	0.7505	0.1778	0.8860	17.0000	0.0837	877.0000	87.0000	0.0992	904.0000
513	0.8226	0.6139	0.3493	0.7713	0.1744	0.8831	16.7000	0.0758	862.0000	86.0000	0.0998	892.0000
514	0.8014	0.6189	0.3499	0.7504	0.1554	0.8846	17.1000	0.0892	868.0000	85.0000	0.0979	893.0000
515	0.8120	0.6131	0.3500	0.7320	0.1612	0.8833	16.9000	0.0642	828.0000	91.0000	0.1099	866.0000
516	0.8359	0.6209	0.3583	0.7382	0.1624	0.8794	16.9000	0.0692	863.0000	93.0000	0.1078	887.0000
517	0.8416	0.6205	0.3569	0.7943	0.1699	0.8929	17.1000	0.0493	874.0000	80.0000	0.0915	891.0000
518	0.8431	0.6044	0.3460	0.7598	0.1785	0.8892	17.0000	0.0647	846.0000	82.0000	0.0969	875.0000
519	0.8220	0.6131	0.3395	0.7414	0.1777	0.8705	17.1000	0.0934	829.0000	94.0000	0.1134	854.0000
520	0.8395	0.6172	0.3399	0.7645	0.1596	0.8886	16.9000	0.0752	803.0000	86.0000	0.1071	832.0000
521	0.8118	0.6288	0.3601	0.7370	0.1743	0.8868	17.0000	0.0694	938.0000	95.0000	0.1013	964.0000
522	0.8256	0.6209	0.3518	0.7845	0.1731	0.8727	17.1000	0.0755	857.0000	86.0000	0.1004	880.0000
523	0.8101	0.6168	0.3433	0.7425	0.1498	0.8694	16.9000	0.0580	887.0000	92.0000	0.1037	894.0000
524	0.8243	0.6172	0.3428	0.7437	0.1691	0.8859	16.9000	0.0743	833.0000	91.0000	0.1092	841.0000
525	0.8003	0.6172	0.3578	0.7338	0.1654	0.8838	17.0000	0.0805	809.0000	89.0000	0.1100	816.0000
526	0.8361	0.6143	0.3435	0.7757	0.1759	0.8925	17.0000	0.0635	812.0000	84.0000	0.1034	848.0000
527	0.8078	0.6172	0.3501	0.7467	0.1600	0.8656	17.2000	0.0919	822.0000	101.0000	0.1229	837.0000
528	0.8062	0.6110	0.3502	0.7640	0.1542	0.8791	16.8000	0.0648	884.0000	88.0000	0.0995	904.0000
529	0.8316	0.6185	0.3520	0.7746	0.1742	0.8868	16.9000	0.0626	883.0000	88.0000	0.0997	896.0000
530	0.8204	0.6230	0.3670	0.7666	0.1827	0.8871	16.9000	0.0842	866.0000	88.0000	0.1016	884.0000
531	0.8337	0.6106	0.3604	0.7660	0.1722	0.8834	16.9000	0.0738	841.0000	92.0000	0.1094	857.0000
532	0.8378	0.6152	0.3513	0.7889	0.1701	0.8948	17.0000	0.0557	858.0000	81.0000	0.0944	870.0000
533	0.8320	0.6209	0.3693	0.7741	0.1966	0.8918	17.2000	0.0754	858.0000	82.0000	0.0956	898.0000
534	0.8094	0.6168	0.3459	0.7535	0.1666	0.8822	17.0000	0.0657	853.0000	87.0000	0.1020	910.0000
535	0.8318	0.6065	0.3420	0.7755	0.1546	0.8949	16.8000	0.0658	796.0000	79.0000	0.0992	827.0000
536	0.8250	0.6135	0.3442	0.7707	0.1710	0.8841	17.1000	0.0587	844.0000	85.0000	0.1007	885.0000
537	0.8122	0.6222	0.3589	0.7467	0.1537	0.8623	17.2000	0.0787	871.0000	97.0000	0.1114	896.0000
538	0.8342	0.6127	0.3465	0.7672	0.1576	0.8834	17.2000	0.0705	807.0000	85.0000	0.1053	827.0000
539	0.8217	0.6246	0.3525	0.7523	0.1745	0.8739	16.9000	0.0831	859.0000	90.0000	0.1048	882.0000
540	0.8094	0.6176	0.3619	0.7457	0.1645	0.8757	17.0000	0.0876	855.0000	96.0000	0.1123	871.0000
541	0.8393	0.6160	0.3639	0.7723	0.1811	0.8926	16.9000	0.0683	856.0000	82.0000	0.0958	880.0000
542	0.8128	0.6267	0.3583	0.7282	0.1595	0.8826	16.9000	0.0676	893.0000	88.0000	0.0985	897.0000
543	0.8312	0.6131	0.3508	0.7580	0.1715	0.8773	17.0000	0.0824	842.0000	89.0000	0.1057	869.0000
544	0.8315	0.6180	0.3561	0.7599	0.1727	0.8712	16.9000	0.0760	804.0000	87.0000	0.1082	818.0000
545	0.8382	0.6156	0.3534	0.7817	0.1773	0.8847	17.0000	0.0730	838.0000	85.0000	0.1014	850.0000
546	0.7996	0.6205	0.3463	0.7488	0.1482	0.8683	17.0000	0.0706	822.0000	89.0000	0.1083	843.0000
547	0.8333	0.6131	0.3520	0.7585	0.1639	0.8770	16.7000	0.0776	855.0000	89.0000	0.1041	877.0000
548	0.8250	0.6197	0.3618	0.7551	0.1764	0.8766	17.1000	0.0642	863.0000	88.0000	0.1020	888.0000
549	0.8310	0.6139	0.3464	0.7781	0.1781	0.8751	16.9000	0.0862	846.0000	85.0000	0.1005	891.0000
550	0.8254	0.6168	0.3428	0.7868	0.1672	0.8906	16.9000	0.0745	838.0000	76.0000	0.0907	857.0000
551	0.8162	0.6226	0.3600	0.7571	0.1831	0.8715	17.1000	0.0838	923.0000	97.0000	0.1051	946.0000
552	0.8075	0.6201	0.3628	0.7293	0.1510	0.8723	17.1000	0.0767	854.0000	94.0000	0.1101	871.0000
553	0.8284	0.6230	0.3529	0.7777	0.1758	0.8899	17.2000	0.0750	817.0000	86.0000	0.1053	844.0000
554	0.8033	0.6172	0.3497	0.7715	0.1802	0.8760	16.9000	0.0880	873.0000	85.0000	0.0974	892.0000
555	0.8411	0.6131	0.3432	0.7700	0.1641	0.9021	16.9000	0.0552	840.0000	83.0000	0.0988	843.0000
556	0.8477	0.6127	0.3439	0.7968	0.1719	0.8927	16.9000	0.0696	842.0000	84.0000	0.0998	880.0000
557	0.8207	0.6036	0.3512	0.7539	0.1723	0.8854	17.0000	0.0797	848.0000	84.0000	0.0991	861.0000
558	0.8212	0.6106	0.3448	0.7795	0.1764	0.8810	17.1000	0.0802	817.0000	88.0000	0.1077	837.0000
559	0.8359	0.6218	0.3557	0.7608	0.1683	0.8884	17.0000	0.0746	849.0000	89.0000	0.1048	865.0000
560	0.8276	0.6094	0.3347	0.7830	0.1547	0.8863	17.1000	0.0584	834.0000	86.0000	0.1031	850.0000
561	0.8167	0.6152	0.3462	0.7526	0.1684	0.8621	17.0000	0.0784	844.0000	92.0000	0.1090	878.0000
562	0.8270	0.6172	0.3553	0.7459	0.1667	0.8828	17.1000	0.0681	877.0000	93.0000	0.1060	887.0000
563	0.8384	0.6201	0.3550	0.7768	0.1640	0.8897	17.1000	0.0673	873.0000	82.0000	0.0939	904.0000
564	0.8350	0.6205	0.3504	0.7673	0.1717	0.8812	17.0000	0.0628	894.0000	88.0000	0.0984	910.0000
565	0.8215	0.6193	0.3523	0.7756	0.1667	0.8902	16.9000	0.0690	888.0000	82.0000	0.0923	913.0000
566	0.8139	0.6193	0.3532	0.7357	0.1703	0.8818	16.9000	0.0714	867.0000	88.0000	0.1015	892.0000
567	0.8214	0.6090	0.3517	0.7834	0.1723	0.8743	16.9000	0.0785	864.0000	90.0000	0.1042	896.0000
568	0.8113	0.6180	0.3496	0.7802	0.1699	0.8767	16.8000	0.0681	821.0000	87.0000	0.1060	851.0000
569	0.8185	0.6234	0.3504	0.7544	0.1733	0.8843	17.0000	0.0677	868.0000	89.0000	0.1025	874.0000
570	0.8311	0.6156	0.3460	0.7878	0.1658	0.8935	16.9000	0.0740	822.0000	79.0000	0.0961	849.0000
571	0.8314	0.6185	0.3584	0.7724	0.1781	0.8895	16.9000	0.0689	848.0000	86.0000	0.1014	857.0000
572	0.8400	0.6139	0.3590	0.7739	0.1667	0.8798	16.9000	0.0693	862.0000	94.0000	0.1090	883.0000
573	0.8114	0.6135	0.3491	0.7504	0.1727	0.8709	17.0000	0.0820	886.0000	99.0000	0.1117	905.0000
574	0.8216	0.6131	0.3450	0.7602	0.1645	0.8634	17.0000	0.0909	829.0000	95.0000	0.1146	877.0000
575	0.8189	0.6164	0.3510	0.7712	0.1631	0.8820	17.0000	0.0597	817.0000	79.0000	0.0967	850.0000
576	0.8274	0.6040	0.3444	0.7606	0.1630	0.8780	17.1000	0.0709	862.0000	95.0000	0.1102	872.0000
577	0.8272	0.6246	0.3503	0.7654	0.1705	0.8759	17.0000	0.0739	839.0000	88.0000	0.1049	855.0000
578	0.8372	0.6160	0.3452	0.7736	0.1735	0.8840	17.1000	0.0795	805.0000	86.0000	0.1068	833.0000
579	0.8323	0.6279	0.3549	0.7730	0.1797	0.8955	17.0000	0.0750	819.0000	77.0000	0.0940	821.0000
580	0.8268	0.6193	0.3455	0.7731	0.1827	0.8869	17.1000	0.0691	849.0000	84.0000	0.0989	864.0000
581	0.8389	0.6193	0.3544	0.7623	0.1687	0.8898	17.1000	0.0649	867.0000	85.0000	0.0980	876.0000
582	0.8487	0.6172	0.3557	0.7682	0.1908	0.8894	17.0000	0.0649	882.0000	89.0000	0.1009	908.0000
583	0.8249	0.6160	0.3497	0.7403	0.1600	0.8745	16.9000	0.0796	875.0000	96.0000	0.1097	904.0000
584	0.8094	0.6180	0.3591	0.7499	0.1763	0.8755	17.1000	0.0859	864.0000	96.0000	0.1111	892.0000
585	0.8085	0.6189	0.3453	0.7761	0.1585	0.8779	17.0000	0.0761	816.0000	94.0000	0.1152	839.0000
586	0.8142	0.6131	0.3563	0.7448	0.1713	0.8788	16.9000	0.0827	837.0000	85.0000	0.1016	867.0000
587	0.8333	0.6222	0.3522	0.7864	0.1739	0.8828	17.0000	0.0683	837.0000	85.0000	0.1016	850.0000
588	0.8372	0.6115	0.3440	0.7287	0.1564	0.8749	16.8000	0.0731	829.0000	95.0000	0.1146	865.0000
589	0.8344	0.6135	0.3408	0.7913	0.1722	0.8859	17.1000	0.0738	852.0000	83.0000	0.0974	863.0000
590	0.8242	0.6156	0.3492	0.7672	0.1623	0.8745	16.9000	0.0730	819.0000	93.0000	0.1136	849.0000
591	0.8472	0.6044	0.3402	0.7496	0.1676	0.8971	16.9000	0.0648	852.0000	86.0000	0.1009	857.0000
592	0.8303	0.6143	0.3526	0.7751	0.1892	0.8839	16.9000	0.0691	824.0000	83.0000	0.1007	869.0000
593	0.8398	0.6205	0.3445	0.7530	0.1618	0.8781	17.1000	0.0572	863.0000	90.0000	0.1043	880.0000
594	0.8337	0.6065	0.3376	0.7862	0.1733	0.8883	16.9000	0.0702	846.0000	80.0000	0.0946	864.0000
595	0.8203	0.6127	0.3427	0.7679	0.1708	0.8886	16.9000	0.0712	836.0000	75.0000	0.0897	843.0000
596	0.8289	0.6086	0.3381	0.7561	0.1628	0.8831	17.2000	0.0746	850.0000	88.0000	0.1035	870.0000
597	0.8121	0.6193	0.3427	0.7489	0.1765	0.8792	17.1000	0.0729	866.0000	94.0000	0.1085	869.0000
598	0.8259	0.6148	0.3514	0.7635	0.1782	0.8846	17.1000	0.0793	798.0000	86.0000	0.1078	837.0000
599	0.8096	0.6110	0.3407	0.7897	0.1728	0.8853	17.1000	0.0736	810.0000	82.0000	0.1012	817.0000
600	0.8445	0.6148	0.3474	0.7420	0.1772	0.8868	17.0000	0.0789	841.0000	87.0000	0.1034	856.0000
601	0.8139	0.6127	0.3482	0.7416	0.1780	0.8904	16.9000	0.0769	873.0000	85.0000	0.0974	882.0000
602	0.8200	0.6222	0.3466	0.7463	0.1524	0.8845	17.0000	0.0617	875.0000	91.0000	0.1040	896.0000
603	0.8326	0.6164	0.3478	0.7435	0.1765	0.8833	17.0000	0.0713	853.0000	87.0000	0.1020	864.0000
604	0.8208	0.6135	0.3463	0.7606	0.1599	0.8812	17.1000	0.0693	831.0000	87.0000	0.1047	868.0000
605	0.8271	0.6160	0.3490	0.7727	0.1775	0.8914	16.9000	0.0721	833.0000	89.0000	0.1068	869.0000
606	0.8378	0.6176	0.3504	0.7687	0.1729	0.8711	16.9000	0.0747	807.0000	93.0000	0.1152	835.0000
607	0.8236	0.6139	0.3430	0.7532	0.1605	0.8814	17.0000	0.0778	839.0000	91.0000	0.1085	873.0000
608	0.8237	0.6172	0.3496	0.7452	0.1648	0.8729	17.0000	0.0902	870.0000	94.0000	0.1080	900.0000
609	0.8250	0.6251	0.3618	0.7518	0.1787	0.8771	17.0000	0.0681	878.0000	95.0000	0.1082	903.0000
610	0.8450	0.6160	0.3410	0.7656	0.1684	0.8946	17.0000	0.0741	852.0000	79.0000	0.0927	877.0000
611	0.8300	0.6123	0.3504	0.7486	0.1619	0.8694	16.9000	0.0817	821.0000	92.0000	0.1121	832.0000
612	0.8094	0.6209	0.3419	0.7317	0.1711	0.8726	17.0000	0.0800	885.0000	94.0000	0.1062	899.0000
613	0.8432	0.6131	0.3504	0.7535	0.1747	0.8828	16.9000	0.0647	809.0000	88.0000	0.1088	845.0000
614	0.8358	0.6143	0.3515	0.7581	0.1759	0.8762	17.0000	0.0707	892.0000	83.0000	0.0930	919.0000
615	0.8111	0.6139	0.3460	0.7442	0.1570	0.8678	17.2000	0.0721	852.0000	100.0000	0.1174	858.0000
616	0.8555	0.6139	0.3490	0.7626	0.1690	0.8899	17.0000	0.0592	896.0000	89.0000	0.0993	903.0000
617	0.8330	0.6123	0.3568	0.7671	0.1739	0.8821	17.1000	0.0714	851.0000	87.0000	0.1022	868.0000
618	0.8225	0.6197	0.3505	0.7108	0.1434	0.8707	17.1000	0.0708	873.0000	95.0000	0.1088	894.0000
619	0.8352	0.6275	0.3551	0.7646	0.1806	0.8763	17.0000	0.0688	895.0000	97.0000	0.1084	917.0000
620	0.8431	0.6168	0.3452	0.7238	0.1547	0.8773	17.2000	0.0645	859.0000	95.0000	0.1106	897.0000
621	0.8267	0.6172	0.3476	0.7676	0.1623	0.8719	17.0000	0.0678	820.0000	94.0000	0.1146	842.0000
622	0.8318	0.6197	0.3506	0.7660	0.1705	0.8891	17.0000	0.0666	842.0000	86.0000	0.1021	878.0000
623	0.8408	0.6127	0.3391	0.7578	0.1655	0.8857	17.0000	0.0663	845.0000	86.0000	0.1018	857.0000
624	0.8052	0.6135	0.3497	0.7426	0.1816	0.8805	16.9000	0.0903	855.0000	95.0000	0.1111	895.0000
625	0.8312	0.6160	0.3507	0.7748	0.1696	0.8749	17.1000	0.0700	829.0000	91.0000	0.1098	842.0000
626	0.8222	0.6135	0.3481	0.7270	0.1693	0.8799	16.9000	0.0771	824.0000	87.0000	0.1056	860.0000
627	0.8203	0.6168	0.3505	0.7638	0.1729	0.8829	16.8000	0.0749	856.0000	85.0000	0.0993	884.0000
628	0.8343	0.6119	0.3510	0.7440	0.1781	0.8829	17.0000	0.0725	823.0000	86.0000	0.1045	872.0000
629	0.8070	0.6193	0.3563	0.7574	0.1631	0.8848	16.9000	0.0680	865.0000	86.0000	0.0994	907.0000
630	0.8292	0.6119	0.3415	0.7608	0.1638	0.8856	16.9000	0.0686	879.0000	91.0000	0.1035	893.0000
631	0.8249	0.6213	0.3447	0.7707	0.1754	0.8818	17.0000	0.0781	849.0000	85.0000	0.1001	891.0000
632	0.8208	0.6193	0.3498	0.7859	0.1770	0.8710	17.2000	0.0905	867.0000	91.0000	0.1050	875.0000
633	0.8040	0.6156	0.3491	0.7671	0.1686	0.8764	17.2000	0.0763	798.0000	91.0000	0.1140	833.0000
634	0.8272	0.6143	0.3486	0.7573	0.1737	0.8769	17.2000	0.0829	855.0000	95.0000	0.1111	872.0000
635	0.8093	0.6168	0.3567	0.7552	0.1689	0.8656	17.1000	0.0895	854.0000	92.0000	0.1077	880.0000
636	0.8317	0.6094	0.3552	0.7438	0.1807	0.8798	17.1000	0.0749	855.0000	96.0000	0.1123	882.0000
637	0.8308	0.6189	0.3580	0.7303	0.1765	0.8856	16.9000	0.0737	849.0000	94.0000	0.1107	880.0000
638	0.8301	0.6230	0.3583	0.7370	0.1646	0.8846	17.0000	0.0620	839.0000	87.0000	0.1037	850.0000
639	0.8418	0.6106	0.3420	0.7573	0.1627	0.8789	17.1000	0.0762	847.0000	86.0000	0.1015	881.0000
640	0.8302	0.6086	0.3425	0.7891	0.1717	0.8982	17.0000	0.0660	865.0000	78.0000	0.0902	886.0000
641	0.8398	0.6106	0.3535	0.7742	0.1744	0.9011	17.1000	0.0693	812.0000	81.0000	0.0998	828.0000
642	0.8214	0.6160	0.3544	0.7405	0.1656	0.8741	17.0000	0.0715	860.0000	91.0000	0.1058	868.0000
643	0.8322	0.6073	0.3416	0.7483	0.1717	0.8887	17.0000	0.0728	805.0000	84.0000	0.1043	841.0000
644	0.8280	0.6180	0.3478	0.7669	0.1697	0.8775	16.9000	0.0776	851.0000	93.0000	0.1093	860.0000
645	0.8363	0.6127	0.3476	0.7723	0.1776	0.8852	17.1000	0.0754	815.0000	88.0000	0.1080	832.0000
646	0.8349	0.6164	0.3481	0.7843	0.1634	0.8920	17.0000	0.0740	835.0000	81.0000	0.0970	843.0000
647	0.8336	0.6164	0.3479	0.7433	0.1611	0.8692	17.0000	0.0762	808.0000	89.0000	0.1101	843.0000
648	0.8170	0.6160	0.3451	0.7377	0.1630	0.8838	16.9000	0.0799	889.0000	92.0000	0.1035	910.0000
649	0.8317	0.6172	0.3535	0.7877	0.1789	0.8876	17.1000	0.0691	829.0000	83.0000	0.1001	849.0000
650	0.8115	0.6148	0.3487	0.7541	0.1438	0.8714	17.2000	0.0863	876.0000	95.0000	0.1084	891.0000
651	0.8208	0.6131	0.3499	0.7459	0.1821	0.8682	16.9000	0.0865	856.0000	95.0000	0.1110	872.0000
652	0.8344	0.6226	0.3578	0.7484	0.1762	0.8942	17.0000	0.0710	852.0000	81.0000	0.0951	891.0000
653	0.8339	0.6218	0.3577	0.7579	0.1779	0.8913	16.9000	0.0670	850.0000	86.0000	0.1012	854.0000
654	0.8106	0.6205	0.3473	0.7482	0.1672	0.8793	17.0000	0.0741	851.0000	88.0000	0.1034	858.0000
655	0.8353	0.6189	0.3523	0.7732	0.1644	0.8714	16.8000	0.0679	836.0000	88.0000	0.1053	870.0000
656	0.8271	0.6094	0.3462	0.7387	0.1700	0.8786	17.0000	0.0858	859.0000	88.0000	0.1024	889.0000
657	0.8293	0.6148	0.3565	0.7596	0.1709	0.8785	17.0000	0.0724	828.0000	87.0000	0.1051	864.0000
658	0.8105	0.6082	0.3402	0.7555	0.1743	0.8748	17.1000	0.0729	855.0000	92.0000	0.1076	874.0000
659	0.8224	0.6168	0.3517	0.7617	0.1635	0.8754	16.9000	0.0687	901.0000	93.0000	0.1032	926.0000
660	0.8249	0.6106	0.3401	0.7841	0.1575	0.8914	17.2000	0.0534	806.0000	80.0000	0.0993	859.0000
661	0.8104	0.6205	0.3615	0.7619	0.1792	0.8878	17.1000	0.0704	923.0000	89.0000	0.0964	946.0000
662	0.8214	0.6263	0.3570	0.7480	0.1885	0.8725	17.2000	0.0727	847.0000	92.0000	0.1086	875.0000
663	0.8377	0.6209	0.3627	0.7477	0.1873	0.8882	17.0000	0.0688	881.0000	85.0000	0.0965	895.0000
664	0.8255	0.6139	0.3484	0.7328	0.1747	0.8891	16.9000	0.0666	816.0000	87.0000	0.1066	854.0000
665	0.8244	0.6152	0.3545	0.7481	0.1730	0.8832	17.0000	0.0712	832.0000	93.0000	0.1118	867.0000
666	0.7902	0.6172	0.3494	0.7530	0.1742	0.8709	16.9000	0.0896	882.0000	90.0000	0.1020	893.0000
667	0.8085	0.6148	0.3438	0.7593	0.1653	0.8816	17.0000	0.0864	796.0000	90.0000	0.1131	828.0000
668	0.8133	0.6098	0.3307	0.7750	0.1496	0.8746	16.8000	0.0636	810.0000	85.0000	0.1049	836.0000
669	0.8472	0.6135	0.3480	0.7812	0.1614	0.8955	17.0000	0.0562	830.0000	83.0000	0.1000	845.0000
670	0.8446	0.6189	0.3550	0.7505	0.1800	0.8735	16.9000	0.0755	796.0000	90.0000	0.1131	835.0000
671	0.8192	0.6164	0.3465	0.7473	0.1677	0.8790	17.0000	0.0725	860.0000	95.0000	0.1105	863.0000
672	0.8135	0.6164	0.3636	0.7535	0.1885	0.8673	17.2000	0.0962	865.0000	97.0000	0.1121	900.0000
673	0.8214	0.6201	0.3564	0.7796	0.1782	0.8941	16.9000	0.0630	884.0000	83.0000	0.0939	888.0000
674	0.8325	0.6234	0.3496	0.7531	0.1687	0.8853	17.0000	0.0754	867.0000	93.0000	0.1073	886.0000
675	0.8141	0.6222	0.3529	0.7472	0.1643	0.8741	16.8000	0.0666	831.0000	89.0000	0.1071	848.0000
676	0.8145	0.6160	0.3605	0.7652	0.1741	0.8708	17.1000	0.0867	858.0000	97.0000	0.1131	883.0000
677	0.8320	0.6193	0.3591	0.7451	0.1704	0.8744	16.9000	0.0643	888.0000	96.0000	0.1081	923.0000
678	0.8439	0.6193	0.3521	0.7763	0.1780	0.8767	17.1000	0.0781	868.0000	90.0000	0.1037	874.0000
679	0.8303	0.6185	0.3650	0.7525	0.1697	0.8858	17.1000	0.0647	874.0000	90.0000	0.1030	888.0000
680	0.8168	0.6143	0.3511	0.7471	0.1530	0.8833	17.0000	0.0709	849.0000	84.0000	0.0989	851.0000
681	0.8332	0.6090	0.3508	0.7760	0.1789	0.8885	17.0000	0.0712	848.0000	80.0000	0.0943	865.0000
682	0.8463	0.6168	0.3476	0.7671	0.1710	0.8939	17.0000	0.0638	864.0000	83.0000	0.0961	870.0000
683	0.8281	0.6115	0.3472	0.7538	0.1634	0.8819	17.0000	0.0751	868.0000	88.0000	0.1014	904.0000
684	0.8508	0.6069	0.3442	0.7740	0.1675	0.9023	17.0000	0.0508	831.0000	80.0000	0.0963	863.0000
685	0.8250	0.6123	0.3518	0.7518	0.1837	0.8709	17.1000	0.0898	864.0000	93.0000	0.1076	890.0000
686	0.8174	0.6222	0.3620	0.7565	0.1818	0.8748	17.0000	0.0757	895.0000	98.0000	0.1095	911.0000
687	0.8435	0.6172	0.3510	0.7683	0.1684	0.8894	17.1000	0.0659	822.0000	83.0000	0.1010	837.0000
688	0.8393	0.6139	0.3466	0.7867	0.1691	0.8853	17.0000	0.0662	845.0000	80.0000	0.0947	860.0000
689	0.8504	0.6148	0.3444	0.7687	0.1744	0.8775	17.0000	0.0673	863.0000	88.0000	0.1020	880.0000
690	0.8344	0.6152	0.3500	0.7499	0.1720	0.8741	17.2000	0.0790	881.0000	100.0000	0.1135	891.0000
691	0.8182	0.6131	0.3494	0.7638	0.1728	0.8753	17.2000	0.0766	864.0000	89.0000	0.1030	882.0000
692	0.8317	0.6172	0.3430	0.7689	0.1662	0.8755	17.1000	0.0686	796.0000	85.0000	0.1068	834.0000
693	0.8329	0.6180	0.3513	0.7546	0.1660	0.8820	17.0000	0.0702	894.0000	90.0000	0.1007	900.0000
694	0.8276	0.6115	0.3477	0.7683	0.1648	0.8891	17.0000	0.0695	851.0000	85.0000	0.0999	864.0000
695	0.8259	0.6135	0.3447	0.7524	0.1755	0.8773	17.1000	0.0774	857.0000	91.0000	0.1062	881.0000
696	0.8288	0.6139	0.3512	0.7562	0.1502	0.8843	17.0000	0.0631	840.0000	82.0000	0.0976	876.0000
697	0.8444	0.6160	0.3481	0.7918	0.1800	0.9002	17.0000	0.0561	830.0000	70.0000	0.0843	877.0000
698	0.7760	0.6176	0.3564	0.7638	0.1482	0.8699	17.2000	0.0800	856.0000	86.0000	0.1005	896.0000
699	0.8089	0.6143	0.3525	0.7431	0.1726	0.8727	16.9000	0.0764	849.0000	95.0000	0.1119	864.0000
700	0.8372	0.6185	0.3518	0.7638	0.1707	0.8633	17.0000	0.0669	841.0000	98.0000	0.1165	861.0000
701	0.8394	0.6053	0.3399	0.7689	0.1572	0.8844	17.0000	0.0623	849.0000	88.0000	0.1037	886.0000
702	0.8132	0.6242	0.3676	0.7362	0.1783	0.8776	17.1000	0.0772	918.0000	94.0000	0.1024	944.0000
703	0.8119	0.6180	0.3628	0.7734	0.1842	0.8858	17.1000	0.0776	879.0000	80.0000	0.0910	896.0000
704	0.8177	0.6279	0.3679	0.7671	0.1787	0.8800	17.2000	0.0787	827.0000	88.0000	0.1064	847.0000
705	0.8080	0.6251	0.3509	0.7715	0.1600	0.8689	16.8000	0.0660	864.0000	92.0000	0.1065	878.0000
706	0.8326	0.6193	0.3566	0.7639	0.1730	0.8937	17.0000	0.0600	830.0000	82.0000	0.0988	840.0000
707	0.8307	0.6139	0.3478	0.7556	0.1628	0.8840	17.1000	0.0660	834.0000	91.0000	0.1091	853.0000
708	0.8273	0.6156	0.3503	0.7342	0.1736	0.8771	17.1000	0.0688	852.0000	93.0000	0.1092	857.0000
709	0.8416	0.6197	0.3614	0.7713	0.1834	0.8947	17.0000	0.0552	866.0000	80.0000	0.0924	915.0000
710	0.8157	0.6131	0.3459	0.7751	0.1719	0.8842	17.1000	0.0678	893.0000	84.0000	0.0941	899.0000
711	0.8301	0.6115	0.3353	0.7729	0.1526	0.8928	16.8000	0.0730	864.0000	86.0000	0.0995	886.0000
712	0.8294	0.6148	0.3511	0.7626	0.1735	0.8879	17.1000	0.0757	817.0000	85.0000	0.1040	844.0000
713	0.8348	0.6148	0.3569	0.7675	0.1813	0.8986	17.0000	0.0658	797.0000	81.0000	0.1016	818.0000
714	0.8450	0.6143	0.3495	0.7791	0.1808	0.8840	17.0000	0.0624	879.0000	81.0000	0.0922	881.0000
715	0.8284	0.6148	0.3533	0.7241	0.1667	0.8777	17.0000	0.0734	874.0000	92.0000	0.1053	877.0000
716	0.8298	0.6106	0.3408	0.7736	0.1772	0.8878	17.0000	0.0832	828.0000	80.0000	0.0966	867.0000
717	0.8230	0.6201	0.3532	0.7948	0.1695	0.8945	17.1000	0.0587	821.0000	76.0000	0.0926	852.0000
718	0.7912	0.6176	0.3506	0.7635	0.1598	0.8648	16.9000	0.0956	857.0000	90.0000	0.1050	871.0000
719	0.8190	0.6164	0.3479	0.7462	0.1706	0.8721	17.1000	0.0848	883.0000	95.0000	0.1076	890.0000
720	0.8226	0.6168	0.3471	0.7636	0.1514	0.8764	17.1000	0.0666	833.0000	87.0000	0.1044	858.0000
721	0.8330	0.6193	0.3554	0.7630	0.1718	0.8771	17.1000	0.0720	828.0000	92.0000	0.1111	855.0000
722	0.8085	0.6246	0.3653	0.7752	0.1813	0.8881	16.9000	0.0742	894.0000	86.0000	0.0962	897.0000
723	0.8107	0.6115	0.3382	0.7674	0.1687	0.8805	17.1000	0.0874	838.0000	82.0000	0.0979	860.0000
724	0.8270	0.6115	0.3454	0.7827	0.1742	0.8796	17.0000	0.0664	839.0000	90.0000	0.1073	893.0000
725	0.8297	0.6143	0.3572	0.7650	0.1784	0.8758	17.1000	0.0711	858.0000	88.0000	0.1026	864.0000
726	0.8051	0.6148	0.3482	0.7342	0.1529	0.8733	17.0000	0.0820	890.0000	94.0000	0.1056	907.0000
727	0.8393	0.6164	0.3571	0.7675	0.1703	0.8956	16.8000	0.0568	907.0000	83.0000	0.0915	938.0000
728	0.8209	0.6180	0.3462	0.7572	0.1678	0.8686	17.0000	0.0772	850.0000	97.0000	0.1141	856.0000
729	0.7910	0.6110	0.3498	0.7539	0.1577	0.8546	17.1000	0.0789	881.0000	102.0000	0.1158	920.0000
730	0.8132	0.6189	0.3573	0.7566	0.1757	0.8718	17.1000	0.0740	842.0000	96.0000	0.1140	857.0000
731	0.8307	0.6148	0.3484	0.7481	0.1754	0.8833	17.2000	0.0794	868.0000	93.0000	0.1071	882.0000
732	0.8180	0.6176	0.3544	0.7766	0.1710	0.8731	17.0000	0.0823	878.0000	93.0000	0.1059	903.0000
733	0.8094	0.6180	0.3606	0.7258	0.1657	0.8910	17.0000	0.0788	898.0000	87.0000	0.0969	924.0000
734	0.8223	0.6168	0.3505	0.7731	0.1763	0.8590	17.1000	0.0789	859.0000	97.0000	0.1129	864.0000
735	0.8225	0.6197	0.3498	0.7694	0.1685	0.8891	17.2000	0.0726	884.0000	86.0000	0.0973	888.0000
736	0.8276	0.6143	0.3588	0.7726	0.1797	0.8868	17.0000	0.0659	848.0000	90.0000	0.1061	888.0000
737	0.8362	0.6139	0.3477	0.7976	0.1737	0.8832	17.0000	0.0691	796.0000	82.0000	0.1030	822.0000
738	0.8140	0.6057	0.3454	0.7378	0.1647	0.8762	16.9000	0.0794	853.0000	92.0000	0.1079	881.0000
739	0.8147	0.6139	0.3612	0.7652	0.1890	0.8818	16.9000	0.0782	839.0000	89.0000	0.1061	877.0000
740	0.8152	0.6094	0.3502	0.7354	0.1715	0.8751	17.0000	0.0710	890.0000	88.0000	0.0989	918.0000
741	0.8353	0.6143	0.3541	0.7627	0.1648	0.8876	17.1000	0.0617	900.0000	85.0000	0.0944	930.0000
742	0.7996	0.6193	0.3609	0.7750	0.1662	0.8811	16.9000	0.0817	838.0000	88.0000	0.1050	877.0000
743	0.8144	0.6131	0.3546	0.7532	0.1580	0.8660	16.9000	0.0868	814.0000	92.0000	0.1130	823.0000
744	0.8430	0.6164	0.3466	0.7267	0.1726	0.8851	17.1000	0.0685	880.0000	89.0000	0.1011	923.0000
745	0.8190	0.6148	0.3521	0.7670	0.1720	0.8850	17.1000	0.0662	861.0000	83.0000	0.0964	908.0000
746	0.8331	0.6102	0.3469	0.7283	0.1525	0.8857	16.9000	0.0706	892.0000	92.0000	0.1031	923.0000
747	0.8236	0.6143	0.3568	0.7771	0.1737	0.8909	17.0000	0.0621	875.0000	86.0000	0.0983	909.0000
748	0.8318	0.6172	0.3464	0.7541	0.1720	0.8868	17.0000	0.0685	898.0000	88.0000	0.0980	928.0000
749	0.7932	0.6238	0.3538	0.7265	0.1622	0.8725	17.0000	0.0754	876.0000	93.0000	0.1062	910.0000
750	0.8048	0.6135	0.3498	0.7426	0.1548	0.8891	17.1000	0.0672	801.0000	83.0000	0.1036	838.0000
751	0.8243	0.6160	0.3434	0.7716	0.1666	0.8810	17.0000	0.0674	869.0000	90.0000	0.1036	893.0000
752	0.8005	0.6119	0.3442	0.7611	0.1547	0.8889	17.1000	0.0802	828.0000	84.0000	0.1014	865.0000
753	0.8365	0.6176	0.3543	0.7501	0.1638	0.8674	16.9000	0.0751	852.0000	92.0000	0.1080	890.0000
754	0.8394	0.6238	0.3595	0.7426	0.1856	0.8920	17.0000	0.0706	853.0000	87.0000	0.1020	863.0000
755	0.7847	0.6209	0.3482	0.7255	0.1423	0.8722	17.2000	0.0736	825.0000	98.0000	0.1188	829.0000
756	0.8050	0.6251	0.3511	0.7345	0.1745	0.8621	17.1000	0.0843	856.0000	107.0000	0.1250	888.0000
757	0.8353	0.6139	0.3467	0.7575	0.1697	0.8914	17.1000	0.0614	843.0000	91.0000	0.1079	887.0000
758	0.8297	0.6218	0.3628	0.7613	0.1817	0.8924	17.1000	0.0724	872.0000	87.0000	0.0998	927.0000
759	0.8153	0.6172	0.3564	0.7426	0.1691	0.8853	16.9000	0.0653	888.0000	92.0000	0.1036	912.0000
760	0.8218	0.6176	0.3530	0.7794	0.1697	0.8863	16.8000	0.0704	870.0000	83.0000	0.0954	898.0000
761	0.8147	0.6168	0.3451	0.7406	0.1699	0.8695	17.1000	0.0871	862.0000	95.0000	0.1102	874.0000
762	0.8361	0.6152	0.3513	0.7891	0.1872	0.8953	17.2000	0.0783	889.0000	80.0000	0.0900	923.0000
763	0.8415	0.6152	0.3535	0.7685	0.1813	0.8929	17.1000	0.0675	837.0000	81.0000	0.0968	849.0000
764	0.8371	0.6201	0.3548	0.7713	0.1830	0.8911	16.9000	0.0650	818.0000	80.0000	0.0978	869.0000
765	0.8205	0.6185	0.3530	0.7487	0.1692	0.8694	17.0000	0.0791	865.0000	96.0000	0.1110	884.0000
766	0.8091	0.6218	0.3528	0.7527	0.1671	0.8747	17.1000	0.0773	847.0000	90.0000	0.1063	885.0000
767	0.8117	0.6213	0.3599	0.7981	0.1849	0.8806	17.1000	0.0843	819.0000	83.0000	0.1013	861.0000
768	0.8264	0.6098	0.3448	0.7450	0.1521	0.8787	16.9000	0.0625	872.0000	85.0000	0.0975	908.0000
769	0.8269	0.6222	0.3605	0.7641	0.1887	0.8957	16.9000	0.0715	871.0000	83.0000	0.0953	875.0000
770	0.8304	0.6139	0.3464	0.7858	0.1702	0.8984	17.0000	0.0620	783.0000	79.0000	0.1009	808.0000
771	0.8007	0.6176	0.3519	0.7632	0.1690	0.8781	17.0000	0.0749	902.0000	89.0000	0.0987	918.0000
772	0.8385	0.6238	0.3604	0.7270	0.1783	0.8795	17.0000	0.0633	904.0000	92.0000	0.1018	931.0000
773	0.8098	0.6131	0.3477	0.7725	0.1627	0.8867	17.1000	0.0729	848.0000	88.0000	0.1038	865.0000
774	0.8183	0.6160	0.3602	0.7406	0.1713	0.8741	17.2000	0.0824	872.0000	98.0000	0.1124	878.0000
775	0.8293	0.6139	0.3537	0.7764	0.1777	0.8787	17.0000	0.0758	836.0000	86.0000	0.1029	864.0000
776	0.8164	0.6148	0.3494	0.7498	0.1599	0.8768	17.2000	0.0829	859.0000	94.0000	0.1094	885.0000
777	0.8298	0.6176	0.3501	0.7619	0.1627	0.8940	17.0000	0.0621	857.0000	77.0000	0.0898	877.0000
778	0.8078	0.6205	0.3553	0.7683	0.1841	0.8935	17.0000	0.0742	824.0000	86.0000	0.1044	864.0000
779	0.8123	0.6131	0.3595	0.7664	0.1783	0.8834	17.0000	0.0652	855.0000	86.0000	0.1006	879.0000
780	0.8207	0.6205	0.3517	0.7610	0.1647	0.8753	17.2000	0.0678	887.0000	97.0000	0.1094	898.0000
781	0.8287	0.6176	0.3562	0.7811	0.1727	0.8914	16.9000	0.0579	874.0000	79.0000	0.0904	896.0000
782	0.7945	0.6218	0.3533	0.7704	0.1704	0.8668	16.9000	0.0789	856.0000	95.0000	0.1110	868.0000
783	0.8151	0.6209	0.3550	0.7452	0.1713	0.8759	17.1000	0.0854	852.0000	93.0000	0.1092	874.0000
784	0.8141	0.6123	0.3501	0.7605	0.1517	0.8878	17.1000	0.0708	840.0000	82.0000	0.0976	882.0000
785	0.8220	0.6209	0.3571	0.7510	0.1795	0.8871	16.9000	0.0681	865.0000	83.0000	0.0960	879.0000
786	0.8178	0.6115	0.3425	0.7468	0.1642	0.8753	17.1000	0.0866	861.0000	98.0000	0.1138	874.0000
787	0.8286	0.6180	0.3622	0.7640	0.1804	0.8858	17.1000	0.0624	866.0000	86.0000	0.0993	899.0000
788	0.8313	0.6180	0.3544	0.7585	0.1726	0.8717	17.2000	0.0823	859.0000	91.0000	0.1059	863.0000
789	0.8134	0.6152	0.3448	0.7843	0.1619	0.8866	17.1000	0.0674	802.0000	84.0000	0.1047	844.0000
790	0.8064	0.6106	0.3417	0.7512	0.1472	0.8779	17.0000	0.0752	883.0000	92.0000	0.1042	901.0000
791	0.8315	0.6189	0.3484	0.7798	0.1843	0.8922	17.1000	0.0677	848.0000	85.0000	0.1002	886.0000
792	0.8148	0.6176	0.3579	0.7677	0.1831	0.8790	17.1000	0.0719	827.0000	90.0000	0.1088	854.0000
793	0.8269	0.6131	0.3535	0.7299	0.1629	0.8772	17.0000	0.0704	838.0000	100.0000	0.1193	866.0000
794	0.8211	0.6135	0.3559	0.7369	0.1598	0.8644	16.9000	0.0773	884.0000	99.0000	0.1120	922.0000
795	0.8201	0.6185	0.3467	0.7601	0.1673	0.8753	17.1000	0.0880	853.0000	96.0000	0.1125	898.0000
796	0.8381	0.6106	0.3471	0.7846	0.1612	0.8920	17.0000	0.0636	837.0000	82.0000	0.0980	845.0000
797	0.8416	0.6189	0.3617	0.7484	0.1545	0.9025	17.1000	0.0495	867.0000	81.0000	0.0934	890.0000
798	0.8348	0.6148	0.3519	0.7539	0.1625	0.8894	17.0000	0.0639	859.0000	82.0000	0.0955	891.0000
799	0.8397	0.6119	0.3458	0.7441	0.1694	0.8871	17.0000	0.0668	878.0000	87.0000	0.0991	892.0000
800	0.8157	0.6267	0.3495	0.7305	0.1549	0.8727	17.0000	0.0691	847.0000	94.0000	0.1110	861.0000
801	0.8204	0.6152	0.3536	0.7542	0.1778	0.8789	16.9000	0.0827	844.0000	89.0000	0.1055	869.0000
802	0.8242	0.6168	0.3530	0.7654	0.1677	0.8916	17.1000	0.0707	839.0000	86.0000	0.1025	861.0000
803	0.8021	0.6127	0.3545	0.7798	0.1696	0.8900	16.8000	0.0668	848.0000	85.0000	0.1002	853.0000
804	0.8300	0.6180	0.3540	0.7656	0.1753	0.8885	16.8000	0.0788	834.0000	84.0000	0.1007	861.0000
805	0.8249	0.6176	0.3452	0.7505	0.1656	0.8840	17.1000	0.0755	823.0000	91.0000	0.1106	876.0000
806	0.8272	0.6102	0.3436	0.7541	0.1645	0.8806	16.8000	0.0627	876.0000	89.0000	0.1016	908.0000
807	0.8305	0.6226	0.3610	0.7493	0.1828	0.8827	17.1000	0.0757	886.0000	89.0000	0.1005	896.0000
808	0.8140	0.6180	0.3591	0.7651	0.1743	0.8916	16.9000	0.0607	843.0000	82.0000	0.0973	862.0000
809	0.8188	0.6209	0.3645	0.7343	0.1797	0.8821	17.1000	0.0726	892.0000	92.0000	0.1031	918.0000
810	0.8156	0.6168	0.3457	0.7746	0.1629	0.8690	17.0000	0.0823	838.0000	96.0000	0.1146	873.0000
811	0.8508	0.6143	0.3498	0.7438	0.1750	0.8808	17.2000	0.0688	844.0000	95.0000	0.1126	864.0000
812	0.8200	0.6197	0.3399	0.7644	0.1834	0.8821	17.0000	0.0905	837.0000	88.0000	0.1051	856.0000
813	0.8270	0.6086	0.3464	0.7911	0.1733	0.8889	17.1000	0.0641	821.0000	82.0000	0.0999	849.0000
814	0.8190	0.6201	0.3528	0.7534	0.1526	0.8749	17.0000	0.0684	886.0000	93.0000	0.1050	900.0000
815	0.8087	0.6115	0.3414	0.7590	0.1731	0.8739	17.0000	0.0816	812.0000	94.0000	0.1158	828.0000
816	0.8236	0.6193	0.3445	0.7700	0.1701	0.8773	17.1000	0.0705	859.0000	91.0000	0.1059	883.0000
817	0.8412	0.6185	0.3521	0.7588	0.1727	0.8749	17.0000	0.0682	865.0000	92.0000	0.1064	893.0000
818	0.8301	0.6222	0.3492	0.7361	0.1685	0.8703	16.9000	0.0932	884.0000	102.0000	0.1154	889.0000
819	0.8500	0.6053	0.3456	0.7881	0.1684	0.8792	17.0000	0.0585	810.0000	79.0000	0.0975	821.0000
820	0.8386	0.6148	0.3453	0.7685	0.1595	0.8831	16.9000	0.0728	821.0000	88.0000	0.1072	851.0000
821	0.8134	0.6180	0.3549	0.7309	0.1448	0.8802	16.9000	0.0545	896.0000	92.0000	0.1027	921.0000
822	0.8249	0.6197	0.3512	0.7540	0.1806	0.8675	17.0000	0.0788	872.0000	94.0000	0.1078	901.0000
823	0.8147	0.6135	0.3481	0.7629	0.1768	0.8842	17.0000	0.0934	824.0000	87.0000	0.1056	835.0000
824	0.8038	0.6180	0.3552	0.7863	0.1932	0.9041	16.9000	0.0690	842.0000	85.0000	0.1010	866.0000
825	0.8365	0.6172	0.3535	0.7357	0.1777	0.8701	16.9000	0.0801	915.0000	97.0000	0.1060	921.0000
826	0.8148	0.6201	0.3526	0.7592	0.1794	0.8666	17.0000	0.0753	852.0000	90.0000	0.1056	895.0000
827	0.8377	0.6160	0.3496	0.7517	0.1789	0.8861	17.1000	0.0704	915.0000	90.0000	0.0984	922.0000
828	0.8148	0.6102	0.3556	0.7544	0.1777	0.8877	16.9000	0.0778	849.0000	87.0000	0.1025	893.0000
829	0.8016	0.6168	0.3484	0.7555	0.1619	0.8720	17.1000	0.0805	844.0000	90.0000	0.1066	889.0000
830	0.8140	0.6148	0.3495	0.7433	0.1624	0.8653	17.1000	0.0859	861.0000	91.0000	0.1057	882.0000
831	0.8187	0.6090	0.3490	0.7390	0.1614	0.8689	17.2000	0.0827	825.0000	94.0000	0.1139	873.0000
832	0.7946	0.6119	0.3396	0.7435	0.1620	0.8851	16.9000	0.0861	817.0000	88.0000	0.1077	857.0000
833	0.8299	0.6197	0.3566	0.7642	0.1794	0.8879	17.0000	0.0699	817.0000	87.0000	0.1065	827.0000
834	0.8219	0.6143	0.3448	0.7680	0.1645	0.8803	17.0000	0.0744	849.0000	89.0000	0.1048	902.0000
835	0.8212	0.6135	0.3482	0.7564	0.1471	0.8803	17.0000	0.0793	848.0000	89.0000	0.1050	851.0000
836	0.8235	0.6172	0.3533	0.7705	0.1747	0.8778	17.0000	0.0636	854.0000	89.0000	0.1042	877.0000
837	0.8371	0.6131	0.3482	0.7741	0.1549	0.8838	17.0000	0.0600	847.0000	81.0000	0.0956	856.0000
838	0.8357	0.6218	0.3549	0.7533	0.1755	0.8769	17.0000	0.0636	840.0000	89.0000	0.1060	875.0000
839	0.8470	0.6090	0.3562	0.7675	0.1791	0.8888	17.0000	0.0645	779.0000	90.0000	0.1155	801.0000
840	0.8449	0.6152	0.3549	0.8021	0.1912	0.8971	16.9000	0.0537	846.0000	74.0000	0.0875	875.0000
841	0.8169	0.6044	0.3516	0.7442	0.1656	0.8963	17.0000	0.0588	856.0000	85.0000	0.0993	870.0000
842	0.8056	0.6246	0.3522	0.7329	0.1532	0.8708	17.0000	0.0762	880.0000	93.0000	0.1057	902.0000
843	0.8461	0.6156	0.3547	0.7701	0.1613	0.8951	17.2000	0.0651	850.0000	84.0000	0.0988	861.0000
844	0.8345	0.6123	0.3380	0.7557	0.1743	0.8814	17.1000	0.0756	827.0000	87.0000	0.1052	855.0000
845	0.8015	0.6098	0.3458	0.7459	0.1651	0.8715	17.0000	0.0967	850.0000	92.0000	0.1082	871.0000
846	0.8147	0.6251	0.3575	0.7748	0.1652	0.8929	17.0000	0.0576	857.0000	84.0000	0.0980	886.0000
847	0.8343	0.6164	0.3516	0.7477	0.1455	0.8787	17.1000	0.0567	850.0000	83.0000	0.0976	863.0000
848	0.8413	0.6160	0.3486	0.7939	0.1669	0.8971	17.2000	0.0643	809.0000	78.0000	0.0964	839.0000
849	0.8413	0.6148	0.3468	0.7489	0.1733	0.8843	16.8000	0.0772	801.0000	93.0000	0.1161	823.0000
850	0.8147	0.6234	0.3618	0.7634	0.1860	0.8922	17.0000	0.0763	854.0000	81.0000	0.0948	895.0000
851	0.8173	0.6152	0.3459	0.7733	0.1775	0.8822	16.9000	0.0641	868.0000	88.0000	0.1014	893.0000
852	0.8373	0.6143	0.3500	0.7544	0.1696	0.8816	16.9000	0.0621	893.0000	92.0000	0.1030	896.0000
853	0.8388	0.6168	0.3501	0.7736	0.1726	0.8962	17.1000	0.0729	860.0000	80.0000	0.0930	870.0000
854	0.8318	0.6172	0.3487	0.7512	0.1812	0.8911	17.0000	0.0817	830.0000	83.0000	0.1000	866.0000
855	0.8164	0.6185	0.3414	0.7485	0.1571	0.8806	17.1000	0.0786	836.0000	92.0000	0.1100	853.0000
856	0.8127	0.6168	0.3534	0.7467	0.1777	0.8718	16.9000	0.0843	833.0000	90.0000	0.1080	868.0000
857	0.8411	0.6131	0.3482	0.7519	0.1533	0.8887	17.0000	0.0675	811.0000	87.0000	0.1073	844.0000
858	0.8230	0.6197	0.3568	0.7447	0.1918	0.8980	17.0000	0.0647	878.0000	79.0000	0.0900	881.0000
859	0.8383	0.6230	0.3588	0.7907	0.1746	0.8908	17.1000	0.0587	834.0000	82.0000	0.0983	853.0000
860	0.8251	0.6230	0.3460	0.7650	0.1702	0.8903	17.0000	0.0692	862.0000	87.0000	0.1009	886.0000
861	0.8379	0.6123	0.3520	0.7414	0.1719	0.8889	17.1000	0.0641	838.0000	90.0000	0.1074	876.0000
862	0.8235	0.6148	0.3402	0.7497	0.1719	0.8781	17.0000	0.0766	890.0000	93.0000	0.1045	915.0000
863	0.8079	0.6238	0.3628	0.7701	0.1858	0.8694	17.2000	0.0889	874.0000	92.0000	0.1053	903.0000
864	0.8334	0.6168	0.3536	0.7530	0.1781	0.8923	16.9000	0.0690	828.0000	86.0000	0.1039	856.0000
865	0.8309	0.6139	0.3430	0.7495	0.1707	0.8737	16.9000	0.0687	850.0000	96.0000	0.1129	880.0000
866	0.8285	0.6106	0.3463	0.7436	0.1505	0.8876	16.9000	0.0687	870.0000	84.0000	0.0966	881.0000
867	0.8130	0.6251	0.3532	0.7662	0.1725	0.8719	17.1000	0.0811	838.0000	87.0000	0.1038	869.0000
868	0.8098	0.6213	0.3530	0.7675	0.1768	0.8927	17.0000	0.0759	884.0000	84.0000	0.0950	903.0000
869	0.8336	0.6127	0.3610	0.7574	0.1805	0.8708	17.0000	0.0747	856.0000	96.0000	0.1121	887.0000
870	0.8282	0.6106	0.3367	0.7870	0.1688	0.8760	17.2000	0.0716	801.0000	88.0000	0.1099	836.0000
871	0.8353	0.6193	0.3519	0.7600	0.1770	0.8743	17.0000	0.0815	849.0000	90.0000	0.1060	878.0000
872	0.8194	0.6283	0.3611	0.7650	0.1891	0.8873	17.0000	0.0770	871.0000	86.0000	0.0987	892.0000
873	0.8373	0.6148	0.3375	0.7903	0.1819	0.8891	16.9000	0.0607	871.0000	84.0000	0.0964	880.0000
874	0.8341	0.6176	0.3492	0.8022	0.1710	0.8898	17.2000	0.0719	839.0000	79.0000	0.0942	848.0000
875	0.8560	0.6209	0.3659	0.7833	0.1863	0.8941	17.0000	0.0611	852.0000	85.0000	0.0998	886.0000
876	0.8214	0.6156	0.3513	0.7562	0.1717	0.8834	16.8000	0.0769	853.0000	87.0000	0.1020	885.0000
877	0.8194	0.6246	0.3610	0.7632	0.1700	0.8771	17.1000	0.0664	843.0000	93.0000	0.1103	856.0000
878	0.8171	0.6082	0.3384	0.7590	0.1591	0.8879	17.1000	0.0683	783.0000	79.0000	0.1009	820.0000
879	0.8377	0.6135	0.3485	0.7590	0.1613	0.8923	17.1000	0.0617	874.0000	88.0000	0.1007	894.0000
880	0.8389	0.6201	0.3551	0.7464	0.1657	0.8852	17.0000	0.0551	831.0000	89.0000	0.1071	854.0000
881	0.8351	0.6176	0.3526	0.7339	0.1838	0.8667	17.1000	0.0764	907.0000	100.0000	0.1103	924.0000
882	0.8337	0.6131	0.3507	0.7642	0.1784	0.8783	17.1000	0.0654	823.0000	87.0000	0.1057	860.0000
883	0.8199	0.6205	0.3517	0.7446	0.1713	0.8796	17.1000	0.0733	818.0000	92.0000	0.1125	862.0000
884	0.8336	0.6139	0.3524	0.7514	0.1644	0.8832	16.8000	0.0676	872.0000	87.0000	0.0998	890.0000
885	0.8389	0.6193	0.3523	0.7747	0.1648	0.8805	17.0000	0.0652	858.0000	86.0000	0.1002	871.0000
886	0.8256	0.6205	0.3470	0.7571	0.1698	0.8907	17.0000	0.0618	909.0000	83.0000	0.0913	932.0000
887	0.8287	0.6139	0.3527	0.7350	0.1633	0.8811	17.0000	0.0791	850.0000	91.0000	0.1071	868.0000
888	0.7936	0.6218	0.3580	0.7433	0.1629	0.8720	17.0000	0.0689	857.0000	91.0000	0.1062	891.0000
889	0.8173	0.6131	0.3499	0.7501	0.1400	0.8796	17.2000	0.0649	865.0000	89.0000	0.1029	884.0000
890	0.8268	0.6135	0.3497	0.7629	0.1740	0.8763	16.9000	0.0808	864.0000	92.0000	0.1065	876.0000
891	0.8397	0.6160	0.3613	0.7695	0.1823	0.8778	17.1000	0.0656	882.0000	91.0000	0.1032	907.0000
892	0.8337	0.6135	0.3421	0.7738	0.1760	0.8934	17.0000	0.0727	789.0000	79.0000	0.1001	812.0000
893	0.8274	0.6131	0.3503	0.7627	0.1829	0.8788	17.0000	0.0689	822.0000	85.0000	0.1034	853.0000
894	0.8213	0.6143	0.3458	0.7516	0.1755	0.8787	17.0000	0.0825	818.0000	91.0000	0.1112	848.0000
895	0.8247	0.6119	0.3474	0.7638	0.1667	0.8867	17.0000	0.0559	862.0000	87.0000	0.1009	879.0000
896	0.7936	0.6234	0.3595	0.7638	0.1740	0.8743	17.1000	0.0810	947.0000	97.0000	0.1024	949.0000
897	0.8501	0.6086	0.3391	0.7593	0.1740	0.8858	16.9000	0.0752	846.0000	87.0000	0.1028	859.0000
898	0.8351	0.6086	0.3419	0.7552	0.1708	0.8859	17.0000	0.0746	838.0000	86.0000	0.1026	883.0000
899	0.8280	0.6139	0.3439	0.7473	0.1679	0.8786	17.1000	0.0786	847.0000	90.0000	0.1063	852.0000
900	0.8422	0.6172	0.3506	0.7782	0.1792	0.8893	16.8000	0.0698	828.0000	84.0000	0.1014	867.0000
901	0.8389	0.6102	0.3490	0.7723	0.1717	0.8832	16.9000	0.0650	862.0000	85.0000	0.0986	881.0000
902	0.8190	0.6164	0.3463	0.7684	0.1688	0.8710	16.9000	0.0703	895.0000	94.0000	0.1050	900.0000
903	0.7961	0.6123	0.3373	0.7664	0.1601	0.8753	17.0000	0.0891	872.0000	87.0000	0.0998	895.0000
904	0.8300	0.6094	0.3466	0.8017	0.1686	0.8908	17.1000	0.0600	851.0000	83.0000	0.0975	870.0000
905	0.8257	0.6226	0.3537	0.7830	0.1726	0.8776	17.1000	0.0620	855.0000	87.0000	0.1018	891.0000
906	0.8387	0.6135	0.3517	0.7327	0.1675	0.8822	17.1000	0.0705	904.0000	92.0000	0.1018	930.0000
907	0.8167	0.6152	0.3596	0.7703	0.1703	0.8808	17.0000	0.0825	816.0000	91.0000	0.1115	839.0000
908	0.8066	0.6073	0.3454	0.7849	0.1686	0.8764	17.0000	0.0704	859.0000	88.0000	0.1024	877.0000
909	0.8268	0.6172	0.3604	0.7797	0.1863	0.9048	17.1000	0.0730	855.0000	80.0000	0.0936	895.0000
910	0.8300	0.6139	0.3511	0.7369	0.1673	0.8790	17.1000	0.0689	839.0000	95.0000	0.1132	870.0000
911	0.8372	0.6131	0.3464	0.7656	0.1525	0.8809	17.0000	0.0623	826.0000	89.0000	0.1077	857.0000
912	0.8214	0.6164	0.3504	0.7284	0.1676	0.8741	16.8000	0.0812	856.0000	99.0000	0.1157	875.0000
913	0.8149	0.6218	0.3495	0.7524	0.1506	0.8688	17.0000	0.0708	872.0000	92.0000	0.1055	875.0000
914	0.8185	0.6251	0.3579	0.7500	0.1792	0.8807	17.1000	0.0707	853.0000	89.0000	0.1043	879.0000
915	0.8041	0.6197	0.3476	0.7447	0.1602	0.8771	17.1000	0.0783	833.0000	92.0000	0.1104	877.0000
916	0.8310	0.6164	0.3517	0.7907	0.1756	0.8957	17.0000	0.0659	819.0000	80.0000	0.0977	827.0000
917	0.8411	0.6123	0.3474	0.7387	0.1585	0.8835	17.0000	0.0670	857.0000	87.0000	0.1015	886.0000
918	0.8122	0.6024	0.3338	0.7492	0.1734	0.8784	17.1000	0.0793	830.0000	87.0000	0.1048	859.0000
919	0.8314	0.6143	0.3521	0.7637	0.1808	0.8850	17.1000	0.0725	851.0000	85.0000	0.0999	883.0000
920	0.8121	0.6127	0.3479	0.7478	0.1494	0.8687	17.0000	0.0731	898.0000	98.0000	0.1091	912.0000
921	0.8393	0.6176	0.3471	0.7752	0.1705	0.8806	16.9000	0.0738	861.0000	92.0000	0.1069	878.0000
922	0.8402	0.6143	0.3528	0.7529	0.1663	0.8809	16.9000	0.0764	877.0000	90.0000	0.1026	892.0000
923	0.8173	0.6193	0.3578	0.7383	0.1806	0.8803	16.9000	0.0716	880.0000	90.0000	0.1023	908.0000
924	0.8032	0.6180	0.3452	0.7421	0.1633	0.8790	16.9000	0.0725	870.0000	94.0000	0.1080	877.0000
925	0.8146	0.6160	0.3415	0.7800	0.1660	0.8868	17.0000	0.0716	826.0000	84.0000	0.1017	863.0000
926	0.8048	0.6180	0.3464	0.7561	0.1675	0.8869	17.0000	0.0765	859.0000	86.0000	0.1001	906.0000
927	0.8210	0.6213	0.3574	0.7569	0.1632	0.8662	17.2000	0.0855	821.0000	98.0000	0.1194	846.0000
928	0.8504	0.6242	0.3507	0.7946	0.1811	0.8971	16.9000	0.0514	823.0000	77.0000	0.0936	843.0000
929	0.8142	0.6119	0.3511	0.7612	0.1717	0.8691	17.0000	0.0707	854.0000	91.0000	0.1066	878.0000
930	0.8261	0.6304	0.3669	0.7549	0.1824	0.8905	17.0000	0.0592	884.0000	85.0000	0.0962	916.0000
931	0.8389	0.6168	0.3468	0.7884	0.1740	0.8914	17.0000	0.0564	849.0000	83.0000	0.0978	878.0000
932	0.8331	0.6180	0.3447	0.7733	0.1761	0.8897	17.1000	0.0632	879.0000	87.0000	0.0990	903.0000
933	0.8210	0.6115	0.3428	0.7508	0.1616	0.8829	17.1000	0.0812	819.0000	91.0000	0.1111	834.0000
934	0.8256	0.6082	0.3437	0.7713	0.1636	0.8825	17.0000	0.0741	821.0000	85.0000	0.1035	855.0000
935	0.8243	0.6185	0.3462	0.7470	0.1673	0.8828	16.9000	0.0755	869.0000	88.0000	0.1013	887.0000
936	0.8161	0.6057	0.3566	0.7486	0.1714	0.8680	17.1000	0.0807	890.0000	88.0000	0.0989	908.0000
937	0.8233	0.6123	0.3392	0.7383	0.1752	0.8800	16.9000	0.0719	906.0000	88.0000	0.0971	936.0000
938	0.8251	0.6168	0.3542	0.7451	0.1634	0.8873	17.1000	0.0805	836.0000	90.0000	0.1077	883.0000
939	0.8001	0.6246	0.3550	0.7674	0.1500	0.8725	17.0000	0.0768	846.0000	85.0000	0.1005	853.0000
940	0.8232	0.6123	0.3537	0.7850	0.1713	0.8882	17.0000	0.0739	803.0000	86.0000	0.1071	816.0000
941	0.8235	0.6044	0.3313	0.7510	0.1573	0.8689	17.0000	0.0904	813.0000	95.0000	0.1169	851.0000
942	0.8298	0.6115	0.3525	0.7785	0.1669	0.8800	16.9000	0.0775	800.0000	88.0000	0.1100	832.0000
943	0.8427	0.6123	0.3483	0.7833	0.1660	0.8897	16.9000	0.0694	847.0000	78.0000	0.0921	867.0000
944	0.8491	0.6180	0.3587	0.7686	0.1718	0.8846	17.1000	0.0688	838.0000	88.0000	0.1050	842.0000
945	0.8262	0.6131	0.3573	0.7607	0.1793	0.8783	17.1000	0.0741	862.0000	87.0000	0.1009	878.0000
946	0.8307	0.6123	0.3397	0.7843	0.1747	0.9005	16.9000	0.0730	824.0000	80.0000	0.0971	844.0000
947	0.8258	0.6185	0.3502	0.7720	0.1751	0.8839	16.9000	0.0760	848.0000	86.0000	0.1014	898.0000
948	0.8272	0.6098	0.3566	0.7572	0.1602	0.8721	16.8000	0.0711	845.0000	95.0000	0.1124	862.0000
949	0.8445	0.6168	0.3577	0.7574	0.1845	0.8730	17.1000	0.0682	854.0000	94.0000	0.1101	878.0000
950	0.8079	0.6255	0.3494	0.7572	0.1726	0.8772	16.9000	0.0742	867.0000	86.0000	0.0992	879.0000
951	0.8293	0.6156	0.3533	0.7680	0.1734	0.8935	17.0000	0.0598	797.0000	77.0000	0.0966	819.0000
952	0.8264	0.6152	0.3486	0.7799	0.1778	0.8944	17.1000	0.0688	836.0000	81.0000	0.0969	856.0000
953	0.8270	0.6275	0.3534	0.7323	0.1593	0.8623	17.0000	0.0685	858.0000	97.0000	0.1131	873.0000
954	0.8312	0.6156	0.3515	0.7667	0.1794	0.8880	16.9000	0.0710	861.0000	89.0000	0.1034	871.0000
955	0.8040	0.6251	0.3661	0.7336	0.1565	0.8750	17.0000	0.0768	867.0000	96.0000	0.1107	882.0000
956	0.8357	0.6213	0.3539	0.7782	0.1761	0.8852	17.2000	0.0641	874.0000	90.0000	0.1030	888.0000
957	0.8278	0.6234	0.3568	0.7629	0.1812	0.8812	17.0000	0.0731	844.0000	90.0000	0.1066	886.0000
958	0.8546	0.6123	0.3566	0.7550	0.1728	0.8898	17.0000	0.0645	812.0000	81.0000	0.0998	843.0000
959	0.8172	0.6168	0.3444	0.7543	0.1720	0.8824	16.8000	0.0722	845.0000	96.0000	0.1136	881.0000
960	0.8093	0.6127	0.3424	0.7507	0.1751	0.8667	17.1000	0.0921	869.0000	93.0000	0.1070	881.0000
961	0.8223	0.6222	0.3601	0.7459	0.1667	0.8798	17.1000	0.0756	871.0000	95.0000	0.1091	892.0000
962	0.8389	0.6189	0.3484	0.7625	0.1695	0.8888	16.8000	0.0700	857.0000	83.0000	0.0968	877.0000
963	0.8185	0.6139	0.3506	0.7638	0.1762	0.8798	17.0000	0.0794	864.0000	87.0000	0.1007	875.0000
964	0.8178	0.6110	0.3556	0.7557	0.1664	0.8730	16.9000	0.0823	848.0000	89.0000	0.1050	854.0000
965	0.8237	0.6119	0.3532	0.7608	0.1694	0.8773	16.9000	0.0662	850.0000	89.0000	0.1047	876.0000
966	0.8325	0.6172	0.3598	0.7597	0.1786	0.8894	16.9000	0.0766	851.0000	89.0000	0.1046	879.0000
967	0.8253	0.6209	0.3591	0.7604	0.1780	0.8872	17.1000	0.0695	912.0000	91.0000	0.0998	923.0000
968	0.8216	0.6143	0.3582	0.7459	0.1748	0.8820	17.0000	0.0758	852.0000	92.0000	0.1080	867.0000
969	0.8316	0.6143	0.3483	0.7789	0.1755	0.8855	16.9000	0.0777	851.0000	87.0000	0.1022	876.0000
970	0.8359	0.6119	0.3547	0.7629	0.1768	0.8944	16.9000	0.0711	847.0000	83.0000	0.0980	900.0000
971	0.7921	0.6123	0.3407	0.7663	0.1624	0.8665	17.1000	0.0758	844.0000	85.0000	0.1007	870.0000
972	0.8234	0.6143	0.3463	0.7639	0.1797	0.8835	17.1000	0.0699	840.0000	86.0000	0.1024	876.0000
973	0.8164	0.6172	0.3537	0.7919	0.1712	0.8859	17.0000	0.0732	846.0000	87.0000	0.1028	872.0000
974	0.8239	0.6135	0.3550	0.7527	0.1654	0.8738	16.9000	0.0732	863.0000	90.0000	0.1043	889.0000
975	0.8406	0.6143	0.3541	0.7793	0.1676	0.8896	17.1000	0.0683	794.0000	76.0000	0.0957	828.0000
976	0.8029	0.6168	0.3518	0.7176	0.1454	0.8744	17.1000	0.0745	859.0000	92.0000	0.1071	862.0000
977	0.8234	0.6180	0.3410	0.7646	0.1704	0.8876	17.1000	0.0714	827.0000	81.0000	0.0979	888.0000
978	0.8237	0.6135	0.3558	0.7702	0.1759	0.8927	17.0000	0.0749	840.0000	84.0000	0.1000	859.0000
979	0.8283	0.6119	0.3497	0.7722	0.1754	0.8883	17.0000	0.0773	837.0000	84.0000	0.1004	871.0000
980	0.8261	0.6143	0.3380	0.7628	0.1782	0.8749	17.1000	0.0796	843.0000	91.0000	0.1079	869.0000
981	0.8041	0.6176	0.3449	0.7532	0.1641	0.8888	17.1000	0.0800	842.0000	86.0000	0.1021	867.0000
982	0.8298	0.6148	0.3464	0.7694	0.1771	0.8800	17.1000	0.0634	830.0000	86.0000	0.1036	868.0000
983	0.8367	0.6119	0.3491	0.7686	0.1681	0.8785	17.0000	0.0749	823.0000	92.0000	0.1118	840.0000
984	0.8185	0.6139	0.3501	0.7524	0.1601	0.8912	17.0000	0.0765	787.0000	85.0000	0.1080	839.0000
985	0.8309	0.6189	0.3513	0.7232	0.1660	0.8742	16.9000	0.0800	871.0000	97.0000	0.1114	884.0000
986	0.8002	0.6160	0.3581	0.7677	0.1711	0.8787	17.0000	0.0720	898.0000	88.0000	0.0980	907.0000
987	0.8127	0.6218	0.3569	0.7780	0.1660	0.8655	16.9000	0.0801	881.0000	96.0000	0.1090	903.0000
988	0.8239	0.6139	0.3573	0.7514	0.1702	0.8674	17.0000	0.0841	818.0000	91.0000	0.1112	842.0000
989	0.8175	0.6168	0.3608	0.7551	0.1671	0.8839	17.0000	0.0733	860.0000	85.0000	0.0988	879.0000
990	0.8228	0.6156	0.3548	0.7430	0.1724	0.8729	17.1000	0.0759	843.0000	92.0000	0.1091	860.0000
991	0.8218	0.6098	0.3582	0.7416	0.1787	0.8823	17.1000	0.0854	855.0000	93.0000	0.1088	878.0000
992	0.8276	0.6189	0.3522	0.7718	0.1744	0.8805	17.0000	0.0712	899.0000	91.0000	0.1012	919.0000
993	0.8129	0.6152	0.3444	0.7529	0.1784	0.8606	16.8000	0.0836	824.0000	92.0000	0.1117	840.0000
994	0.8169	0.6135	0.3512	0.7474	0.1783	0.8593	17.0000	0.0775	873.0000	101.0000	0.1157	906.0000
995	0.8462	0.6168	0.3475	0.7885	0.1787	0.8934	16.9000	0.0682	788.0000	79.0000	0.1003	829.0000
996	0.8412	0.6209	0.3551	0.7615	0.1781	0.8823	16.9000	0.0660	819.0000	90.0000	0.1099	852.0000
997	0.8207	0.6156	0.3539	0.7795	0.1735	0.8974	16.9000	0.0672	841.0000	83.0000	0.0987	877.0000
998	0.8429	0.6201	0.3578	0.7853	0.1761	0.8758	16.8000	0.0723	884.0000	92.0000	0.1041	900.0000
999	0.8379	0.6131	0.3475	0.7793	0.1644	0.8734	17.1000	0.0728	897.0000	91.0000	0.1014	914.0000
1000	0.8333	0.6148	0.3448	0.7303	0.1572	0.8808	16.9000	0.0589	886.0000	92.0000	0.1038	906.0000
