accuracy	proportion	density	fuzziness	coverage	purity	sounds	missing	csetsize	clusters	props	patterns	predicted	predictable	removed	regular	purityx
1	0.7359	0.4582	0.1998	2.1966	0.0543	0.8487	17.3000	0.0930	2.9435	66.0000	0.1463	534.0000	0.3855	655.0000	1699.0000	0.9532	0.8109
2	0.8164	0.4450	0.1757	1.8569	0.0493	0.8631	17.0000	0.0853	3.0692	53.0000	0.1318	489.0000	0.3149	535.0000	1699.0000	0.9652	0.8321
3	0.8315	0.4293	0.1776	2.0592	0.0387	0.8724	16.9000	0.0826	2.8199	54.0000	0.1598	422.0000	0.3137	533.0000	1699.0000	0.9408	0.8635
4	0.8030	0.4302	0.1686	2.0677	0.0375	0.8428	16.8000	0.1149	2.7633	57.0000	0.1481	443.0000	0.3108	528.0000	1699.0000	0.9481	0.8408
5	0.7984	0.4289	0.1617	1.7976	0.0405	0.8683	16.9000	0.0929	2.8691	49.0000	0.1357	420.0000	0.3014	512.0000	1699.0000	0.9667	0.8569
6	0.8210	0.4256	0.1796	1.9327	0.0455	0.8584	17.0000	0.0976	2.7194	55.0000	0.1429	446.0000	0.2978	506.0000	1699.0000	0.9439	0.8522
7	0.7971	0.4260	0.1690	1.8763	0.0423	0.8479	16.8000	0.1178	2.9936	45.0000	0.1268	396.0000	0.2772	471.0000	1699.0000	0.9621	0.8417
8	0.7962	0.4285	0.1717	1.8793	0.0437	0.8639	16.9000	0.0883	2.7149	52.0000	0.1361	439.0000	0.2849	484.0000	1699.0000	0.9499	0.8726
9	0.8057	0.4318	0.1708	1.9270	0.0394	0.8665	17.0000	0.1029	2.9593	53.0000	0.1545	411.0000	0.3037	516.0000	1699.0000	0.9367	0.8674
10	0.7958	0.4190	0.1775	1.9565	0.0432	0.8536	17.0000	0.1063	2.8497	58.0000	0.1522	437.0000	0.2819	479.0000	1699.0000	0.9428	0.8479
11	0.7874	0.4240	0.1740	1.7400	0.0376	0.8419	17.0000	0.1117	2.8996	52.0000	0.1481	400.0000	0.2872	488.0000	1699.0000	0.9500	0.8498
12	0.8138	0.4335	0.1964	2.0788	0.0447	0.8553	16.8000	0.0947	2.8470	61.0000	0.1473	482.0000	0.3231	549.0000	1699.0000	0.9440	0.8467
13	0.8282	0.4244	0.1719	1.8979	0.0388	0.8605	16.8000	0.1049	2.7679	52.0000	0.1413	431.0000	0.3043	517.0000	1699.0000	0.9443	0.8695
14	0.8296	0.4289	0.1805	1.9146	0.0476	0.8638	16.8000	0.1055	2.9671	52.0000	0.1327	445.0000	0.2861	486.0000	1699.0000	0.9461	0.8574
15	0.8057	0.4211	0.1822	2.0569	0.0500	0.8715	16.8000	0.1038	2.8640	54.0000	0.1317	457.0000	0.2943	500.0000	1699.0000	0.9540	0.8443
16	0.7775	0.4223	0.1668	1.7785	0.0418	0.8408	17.0000	0.1162	2.7096	52.0000	0.1417	438.0000	0.2878	489.0000	1699.0000	0.9566	0.8427
17	0.8131	0.4260	0.1768	1.9636	0.0418	0.8682	17.0000	0.1010	2.8492	50.0000	0.1389	439.0000	0.3084	524.0000	1699.0000	0.9636	0.8380
18	0.8614	0.4256	0.1713	1.5297	0.0367	0.9045	16.8000	0.0638	2.7647	36.0000	0.1023	404.0000	0.3102	527.0000	1699.0000	0.9802	0.8961
19	0.7894	0.4223	0.1833	1.9195	0.0424	0.8436	16.9000	0.1181	2.7446	55.0000	0.1471	447.0000	0.2972	505.0000	1699.0000	0.9553	0.8354
20	0.8301	0.4289	0.1818	1.7976	0.0438	0.8721	16.7000	0.1035	2.8052	48.0000	0.1356	410.0000	0.3143	534.0000	1699.0000	0.9537	0.8874
21	0.8350	0.4240	0.1681	1.9036	0.0448	0.8660	16.9000	0.0964	2.6457	51.0000	0.1281	467.0000	0.3090	525.0000	1699.0000	0.9529	0.8635
22	0.8173	0.4277	0.1769	1.8952	0.0391	0.8521	16.8000	0.0964	2.7984	51.0000	0.1253	420.0000	0.2949	501.0000	1699.0000	0.9595	0.8444
23	0.8338	0.4207	0.1784	2.0209	0.0503	0.8709	16.7000	0.1053	2.6772	52.0000	0.1354	479.0000	0.3172	539.0000	1699.0000	0.9520	0.8321
24	0.8366	0.4293	0.1729	1.6377	0.0424	0.8824	17.0000	0.0863	2.8233	46.0000	0.1141	461.0000	0.3131	532.0000	1699.0000	0.9653	0.8527
25	0.8139	0.4314	0.1886	1.9551	0.0446	0.8730	17.0000	0.0804	2.8120	51.0000	0.1301	445.0000	0.3349	569.0000	1699.0000	0.9528	0.8579
26	0.8044	0.4219	0.1751	1.9401	0.0408	0.8764	17.1000	0.0752	2.6537	52.0000	0.1195	484.0000	0.3331	566.0000	1699.0000	0.9628	0.8378
27	0.7690	0.4149	0.1602	1.7390	0.0365	0.8527	16.9000	0.1061	2.7483	47.0000	0.1354	410.0000	0.2619	445.0000	1699.0000	0.9683	0.8612
28	0.7949	0.4293	0.1761	1.8700	0.0413	0.8363	16.8000	0.1030	2.7337	60.0000	0.1504	477.0000	0.3161	537.0000	1699.0000	0.9497	0.8542
29	0.7872	0.4240	0.1744	2.0984	0.0373	0.8403	17.0000	0.1127	2.8085	58.0000	0.1625	437.0000	0.3043	517.0000	1699.0000	0.9451	0.8382
30	0.7975	0.4232	0.1837	1.7555	0.0420	0.8626	16.9000	0.1068	2.8216	52.0000	0.1262	454.0000	0.3167	538.0000	1699.0000	0.9604	0.8757
31	0.8288	0.4227	0.1667	1.7518	0.0404	0.8700	16.9000	0.0835	2.8745	50.0000	0.1453	419.0000	0.2813	478.0000	1699.0000	0.9547	0.8673
32	0.7616	0.4223	0.1679	1.9722	0.0383	0.8309	16.9000	0.1208	2.7921	58.0000	0.1510	431.0000	0.2972	505.0000	1699.0000	0.9559	0.8573
33	0.8117	0.4281	0.1874	1.8259	0.0511	0.8711	16.9000	0.0980	2.8060	54.0000	0.1295	448.0000	0.3125	531.0000	1699.0000	0.9487	0.8617
34	0.8046	0.4178	0.1746	1.8652	0.0418	0.8557	17.0000	0.1050	2.7853	52.0000	0.1490	408.0000	0.2878	489.0000	1699.0000	0.9461	0.8470
35	0.8083	0.4244	0.1736	1.8302	0.0398	0.8719	16.8000	0.0848	2.9249	48.0000	0.1356	424.0000	0.2902	493.0000	1699.0000	0.9670	0.8771
36	0.8487	0.4285	0.1767	1.5984	0.0421	0.8783	16.8000	0.0773	3.0133	40.0000	0.1231	371.0000	0.2655	451.0000	1699.0000	0.9677	0.8841
37	0.7965	0.4281	0.1829	1.7978	0.0479	0.8559	17.0000	0.0956	2.9572	57.0000	0.1400	445.0000	0.2890	491.0000	1699.0000	0.9461	0.8673
38	0.7727	0.4236	0.1822	1.7644	0.0431	0.8611	17.1000	0.1077	2.8762	54.0000	0.1436	450.0000	0.3137	533.0000	1699.0000	0.9511	0.8533
39	0.7464	0.4215	0.1727	1.9064	0.0357	0.8623	16.9000	0.1066	2.9651	49.0000	0.1300	406.0000	0.2702	459.0000	1699.0000	0.9581	0.8545
40	0.8149	0.4260	0.1700	1.8182	0.0435	0.8501	16.7000	0.1093	2.8221	49.0000	0.1317	418.0000	0.2878	489.0000	1699.0000	0.9569	0.8714
41	0.8134	0.4289	0.1760	1.7635	0.0460	0.8873	17.0000	0.0835	2.8230	44.0000	0.1089	444.0000	0.3025	514.0000	1699.0000	0.9662	0.8690
42	0.7983	0.4269	0.1624	1.7581	0.0346	0.8574	17.0000	0.1023	2.7527	55.0000	0.1637	401.0000	0.2737	465.0000	1699.0000	0.9401	0.8827
43	0.8128	0.4265	0.1705	1.8624	0.0431	0.8644	17.0000	0.1112	2.7190	47.0000	0.1196	436.0000	0.3037	516.0000	1699.0000	0.9679	0.8637
44	0.8001	0.4265	0.1818	1.9587	0.0465	0.8766	16.9000	0.0984	2.9162	49.0000	0.1321	412.0000	0.2949	501.0000	1699.0000	0.9490	0.8406
45	0.7956	0.4219	0.1684	1.9337	0.0332	0.8322	16.8000	0.1068	2.8376	55.0000	0.1642	407.0000	0.3008	511.0000	1699.0000	0.9582	0.8604
46	0.8199	0.4273	0.1774	1.8205	0.0400	0.8573	16.9000	0.0970	2.8197	53.0000	0.1440	429.0000	0.3102	527.0000	1699.0000	0.9417	0.8763
47	0.8126	0.4215	0.1714	1.7740	0.0411	0.8758	17.0000	0.0871	2.6699	50.0000	0.1272	438.0000	0.3067	521.0000	1699.0000	0.9521	0.8778
48	0.8082	0.4277	0.1671	1.8294	0.0371	0.8507	16.9000	0.1000	2.9611	55.0000	0.1447	422.0000	0.2872	488.0000	1699.0000	0.9526	0.8534
49	0.8085	0.4236	0.1625	1.6783	0.0425	0.8531	17.1000	0.1048	2.8979	50.0000	0.1437	401.0000	0.2537	431.0000	1699.0000	0.9601	0.8685
50	0.8175	0.4149	0.1642	1.7690	0.0369	0.8552	16.8000	0.1025	2.8297	49.0000	0.1346	407.0000	0.2731	464.0000	1699.0000	0.9558	0.8701
51	0.7620	0.4186	0.1565	1.8878	0.0387	0.8247	17.0000	0.1331	2.6561	50.0000	0.1370	410.0000	0.2790	474.0000	1699.0000	0.9561	0.8515
52	0.8219	0.4236	0.1699	1.6921	0.0455	0.8758	16.8000	0.0817	2.8124	50.0000	0.1276	445.0000	0.2855	485.0000	1699.0000	0.9573	0.8843
53	0.8127	0.4219	0.1636	1.7107	0.0394	0.8849	16.7000	0.0867	2.8415	45.0000	0.1264	394.0000	0.2749	467.0000	1699.0000	0.9492	0.8863
54	0.8392	0.4207	0.1678	1.8134	0.0421	0.8767	16.9000	0.0896	2.9520	47.0000	0.1351	402.0000	0.2819	479.0000	1699.0000	0.9577	0.8733
55	0.7882	0.4277	0.1655	1.7568	0.0389	0.8419	16.9000	0.1189	2.7446	55.0000	0.1403	444.0000	0.2972	505.0000	1699.0000	0.9527	0.8530
56	0.8259	0.4219	0.1689	1.7832	0.0400	0.8358	16.8000	0.0877	2.6660	58.0000	0.1547	452.0000	0.3031	515.0000	1699.0000	0.9447	0.8498
57	0.8099	0.4236	0.1643	1.7417	0.0384	0.8682	16.9000	0.0941	2.8433	43.0000	0.1250	422.0000	0.2966	504.0000	1699.0000	0.9739	0.8668
58	0.8168	0.4236	0.1682	1.8795	0.0364	0.8659	17.0000	0.0925	2.8076	53.0000	0.1328	415.0000	0.2937	499.0000	1699.0000	0.9398	0.8803
59	0.8006	0.4232	0.1662	1.8616	0.0415	0.8555	16.9000	0.0909	2.7949	53.0000	0.1456	419.0000	0.2755	468.0000	1699.0000	0.9523	0.8563
60	0.7643	0.4215	0.1594	1.8417	0.0327	0.8444	16.9000	0.1182	2.7711	56.0000	0.1538	417.0000	0.2855	485.0000	1699.0000	0.9472	0.8500
61	0.8258	0.4240	0.1620	2.1303	0.0361	0.8685	16.8000	0.0966	2.6753	48.0000	0.1371	399.0000	0.2955	502.0000	1699.0000	0.9474	0.8355
62	0.8182	0.4330	0.1750	1.9104	0.0410	0.8566	17.1000	0.1017	2.8692	55.0000	0.1499	424.0000	0.3061	520.0000	1699.0000	0.9434	0.8566
63	0.8500	0.4174	0.1681	1.8782	0.0446	0.8799	16.9000	0.0846	2.7154	47.0000	0.1234	435.0000	0.3102	527.0000	1699.0000	0.9563	0.8477
64	0.8011	0.4232	0.1576	2.0184	0.0384	0.8366	17.0000	0.1158	2.7193	57.0000	0.1667	435.0000	0.2831	481.0000	1699.0000	0.9425	0.8401
65	0.8467	0.4186	0.1598	1.6586	0.0376	0.8779	16.9000	0.0871	2.7290	41.0000	0.1353	372.0000	0.2802	476.0000	1699.0000	0.9651	0.8914
66	0.7862	0.4244	0.1735	1.8397	0.0403	0.8557	16.8000	0.1067	2.5781	52.0000	0.1379	468.0000	0.3278	557.0000	1699.0000	0.9615	0.8428
67	0.8012	0.4293	0.1934	2.0330	0.0550	0.8546	17.0000	0.1019	3.2295	52.0000	0.1387	394.0000	0.2796	475.0000	1699.0000	0.9467	0.8441
68	0.8127	0.4190	0.1733	1.9190	0.0403	0.8632	17.0000	0.1031	2.6660	53.0000	0.1440	432.0000	0.2961	503.0000	1699.0000	0.9444	0.8442
69	0.7983	0.4269	0.1822	1.8606	0.0454	0.8604	16.8000	0.1107	2.7243	51.0000	0.1250	452.0000	0.3267	555.0000	1699.0000	0.9558	0.8392
70	0.8097	0.4207	0.1701	1.9798	0.0439	0.8653	16.8000	0.0871	2.8233	51.0000	0.1238	446.0000	0.2831	481.0000	1699.0000	0.9507	0.8662
71	0.8299	0.4211	0.1721	1.7807	0.0464	0.8912	16.8000	0.1027	2.8278	45.0000	0.1139	415.0000	0.2837	482.0000	1699.0000	0.9518	0.8797
72	0.7989	0.4207	0.1694	1.9455	0.0356	0.8435	16.7000	0.1152	2.7510	56.0000	0.1713	404.0000	0.2908	494.0000	1699.0000	0.9257	0.8591
73	0.8234	0.4207	0.1537	1.8596	0.0366	0.8567	16.7000	0.1032	2.7681	54.0000	0.1347	413.0000	0.2843	483.0000	1699.0000	0.9395	0.8579
74	0.8213	0.4265	0.1826	1.7821	0.0465	0.8694	16.9000	0.1056	2.7544	52.0000	0.1347	459.0000	0.3019	513.0000	1699.0000	0.9542	0.8761
75	0.8120	0.4289	0.1792	2.0111	0.0429	0.8645	17.0000	0.0999	2.8247	53.0000	0.1355	449.0000	0.2955	502.0000	1699.0000	0.9532	0.8499
76	0.7733	0.4219	0.1690	2.0655	0.0397	0.8319	16.8000	0.1057	2.7718	61.0000	0.1510	443.0000	0.2966	504.0000	1699.0000	0.9391	0.8220
77	0.8348	0.4248	0.1724	1.7767	0.0418	0.8767	16.8000	0.0847	2.8944	47.0000	0.1263	412.0000	0.2843	483.0000	1699.0000	0.9587	0.8709
78	0.8164	0.4203	0.1710	1.8867	0.0385	0.8564	17.0000	0.0902	2.6772	51.0000	0.1349	459.0000	0.3172	539.0000	1699.0000	0.9651	0.8318
79	0.7771	0.4194	0.1741	1.9031	0.0431	0.8470	16.9000	0.1140	2.8876	52.0000	0.1376	413.0000	0.2931	498.0000	1699.0000	0.9540	0.8560
80	0.7900	0.4232	0.1724	1.9023	0.0382	0.8523	16.8000	0.1099	2.7682	52.0000	0.1387	430.0000	0.3225	548.0000	1699.0000	0.9442	0.8713
81	0.8312	0.4322	0.1862	1.8505	0.0457	0.8740	16.9000	0.0878	2.8781	54.0000	0.1211	455.0000	0.2849	484.0000	1699.0000	0.9516	0.8672
82	0.8332	0.4260	0.1663	1.7656	0.0385	0.8643	16.9000	0.1015	2.9160	49.0000	0.1454	418.0000	0.2872	488.0000	1699.0000	0.9426	0.8739
83	0.8220	0.4199	0.1675	1.7767	0.0402	0.8466	17.0000	0.1137	2.7348	50.0000	0.1429	421.0000	0.2908	494.0000	1699.0000	0.9620	0.8614
84	0.8266	0.4265	0.1770	1.7360	0.0446	0.8626	16.8000	0.0977	3.0445	54.0000	0.1552	394.0000	0.2778	472.0000	1699.0000	0.9289	0.8779
85	0.8034	0.4260	0.1714	1.7167	0.0433	0.8582	16.9000	0.1150	2.8644	49.0000	0.1400	413.0000	0.2908	494.0000	1699.0000	0.9516	0.8764
86	0.8024	0.4186	0.1671	1.8899	0.0446	0.8632	17.0000	0.1018	2.6581	49.0000	0.1250	436.0000	0.3202	544.0000	1699.0000	0.9587	0.8554
87	0.8167	0.4178	0.1647	1.8756	0.0365	0.8842	17.0000	0.0762	2.6840	43.0000	0.1276	410.0000	0.2943	500.0000	1699.0000	0.9634	0.8636
88	0.7493	0.4273	0.1836	2.1634	0.0377	0.8197	17.2000	0.1223	2.8255	68.0000	0.1748	453.0000	0.3002	510.0000	1699.0000	0.9382	0.8274
89	0.8344	0.4227	0.1709	1.7747	0.0446	0.8792	16.8000	0.0960	2.6844	47.0000	0.1187	435.0000	0.3096	526.0000	1699.0000	0.9517	0.8858
90	0.7926	0.4248	0.1745	2.0000	0.0337	0.8521	17.1000	0.0949	2.9392	50.0000	0.1493	392.0000	0.2808	477.0000	1699.0000	0.9643	0.8448
91	0.8025	0.4244	0.1715	1.7329	0.0464	0.8799	16.8000	0.0930	2.7004	44.0000	0.1073	453.0000	0.3025	514.0000	1699.0000	0.9757	0.8648
92	0.7779	0.4252	0.1710	1.8753	0.0449	0.8327	16.9000	0.1270	2.9238	58.0000	0.1480	433.0000	0.2937	499.0000	1699.0000	0.9400	0.8651
93	0.7937	0.4166	0.1629	1.7809	0.0392	0.8471	17.0000	0.1094	2.7361	52.0000	0.1548	388.0000	0.2855	485.0000	1699.0000	0.9433	0.8687
94	0.8004	0.4199	0.1631	2.0787	0.0343	0.8359	16.9000	0.1182	2.9144	59.0000	0.1700	381.0000	0.2613	444.0000	1699.0000	0.9344	0.8375
95	0.8118	0.4232	0.1756	1.9101	0.0411	0.8641	17.0000	0.1050	2.8503	55.0000	0.1432	445.0000	0.3067	521.0000	1699.0000	0.9483	0.8636
96	0.7819	0.4244	0.1648	2.0892	0.0436	0.8326	17.0000	0.1343	2.8862	56.0000	0.1564	426.0000	0.2637	448.0000	1699.0000	0.9390	0.8449
97	0.8195	0.4281	0.1736	1.8484	0.0404	0.8554	17.0000	0.1038	2.7445	54.0000	0.1459	442.0000	0.3225	548.0000	1699.0000	0.9480	0.8490
98	0.8076	0.4265	0.1744	1.9784	0.0435	0.8562	16.9000	0.1028	2.8004	55.0000	0.1332	464.0000	0.3125	531.0000	1699.0000	0.9547	0.8413
99	0.7805	0.4248	0.1755	1.8245	0.0402	0.8710	16.8000	0.0844	2.9100	47.0000	0.1146	433.0000	0.2943	500.0000	1699.0000	0.9677	0.8488
100	0.8227	0.4170	0.1704	1.9091	0.0362	0.8550	16.8000	0.1060	2.9459	50.0000	0.1466	396.0000	0.2719	462.0000	1699.0000	0.9419	0.8766
