accuracy	proportion	density	fuzziness	coverage	purity	sounds	missing	ubound	clusters	props	patterns
1	0.7684	0.4578	0.1722	0.7590	0.1144	0.8528	17.1000	0.0987	474.0000	62.0000	0.1308	541.0000
2	0.7909	0.4388	0.1798	0.8150	0.1099	0.8736	17.0000	0.0932	403.0000	52.0000	0.1290	447.0000
3	0.7930	0.4322	0.1724	0.7734	0.1017	0.8588	16.7000	0.1006	354.0000	55.0000	0.1554	437.0000
4	0.7808	0.4273	0.1626	0.7956	0.1074	0.8512	16.9000	0.0936	380.0000	59.0000	0.1553	472.0000
5	0.8270	0.4314	0.1683	0.7981	0.1028	0.8862	16.9000	0.0762	357.0000	47.0000	0.1317	410.0000
6	0.7340	0.4248	0.1702	0.7649	0.1051	0.8224	16.8000	0.1096	355.0000	63.0000	0.1775	436.0000
7	0.7602	0.4252	0.1893	0.8101	0.1081	0.8490	16.9000	0.1034	445.0000	55.0000	0.1236	455.0000
8	0.8171	0.4256	0.1872	0.8169	0.0999	0.8631	17.0000	0.0963	344.0000	56.0000	0.1628	456.0000
9	0.7474	0.4252	0.1633	0.7927	0.1004	0.8253	16.8000	0.1312	362.0000	57.0000	0.1575	411.0000
10	0.7624	0.4199	0.1656	0.8318	0.0920	0.8603	17.0000	0.1074	314.0000	47.0000	0.1497	366.0000
11	0.8017	0.4182	0.1696	0.8172	0.0971	0.8663	16.7000	0.0876	370.0000	50.0000	0.1351	418.0000
12	0.8219	0.4232	0.1825	0.8585	0.1045	0.8920	17.1000	0.0817	369.0000	46.0000	0.1247	422.0000
13	0.8530	0.4273	0.1686	0.8372	0.0958	0.8887	16.8000	0.0726	366.0000	48.0000	0.1311	380.0000
14	0.7947	0.4302	0.1654	0.8222	0.0991	0.8666	16.9000	0.0885	352.0000	47.0000	0.1335	403.0000
15	0.7966	0.4244	0.1873	0.8108	0.1046	0.8619	16.9000	0.0880	425.0000	55.0000	0.1294	457.0000
16	0.7568	0.4265	0.1809	0.7968	0.1045	0.8312	16.8000	0.1260	395.0000	59.0000	0.1494	410.0000
17	0.8093	0.4211	0.1635	0.8229	0.0979	0.8554	16.9000	0.1129	373.0000	56.0000	0.1501	427.0000
18	0.7832	0.4174	0.1632	0.8500	0.0989	0.9054	16.8000	0.0712	370.0000	40.0000	0.1081	410.0000
19	0.7668	0.4244	0.1706	0.8183	0.1024	0.8257	16.9000	0.1303	370.0000	60.0000	0.1622	458.0000
20	0.8367	0.4232	0.1698	0.8169	0.0992	0.8702	16.9000	0.0839	346.0000	48.0000	0.1387	409.0000
21	0.7924	0.4219	0.1534	0.7976	0.0912	0.8500	16.9000	0.1168	335.0000	54.0000	0.1612	406.0000
22	0.7966	0.4285	0.1847	0.7820	0.1045	0.8834	16.7000	0.0822	397.0000	51.0000	0.1285	436.0000
23	0.7726	0.4166	0.1695	0.8336	0.0995	0.8621	17.0000	0.0963	357.0000	51.0000	0.1429	412.0000
24	0.8186	0.4273	0.1745	0.8273	0.1017	0.8848	16.8000	0.0837	383.0000	44.0000	0.1149	419.0000
25	0.8103	0.4260	0.1847	0.8315	0.1037	0.8915	17.0000	0.0769	394.0000	45.0000	0.1142	420.0000
26	0.8231	0.4162	0.1669	0.8150	0.1015	0.8767	16.9000	0.0933	355.0000	47.0000	0.1324	404.0000
27	0.8089	0.4137	0.1680	0.8249	0.0997	0.8736	16.8000	0.0968	381.0000	50.0000	0.1312	420.0000
28	0.7989	0.4232	0.1694	0.8201	0.1025	0.8732	17.0000	0.0929	396.0000	47.0000	0.1187	433.0000
29	0.8192	0.4310	0.1794	0.8176	0.1033	0.8481	17.0000	0.1033	365.0000	55.0000	0.1507	432.0000
30	0.7944	0.4260	0.1686	0.7971	0.0996	0.8565	16.8000	0.1058	382.0000	54.0000	0.1414	436.0000
31	0.8142	0.4265	0.1806	0.8106	0.1073	0.8748	16.9000	0.0940	403.0000	48.0000	0.1191	429.0000
32	0.7989	0.4289	0.1593	0.8771	0.0991	0.8853	16.8000	0.0858	338.0000	45.0000	0.1331	400.0000
33	0.7904	0.4182	0.1677	0.7998	0.1045	0.8633	17.1000	0.0994	395.0000	50.0000	0.1266	411.0000
34	0.7824	0.4252	0.1781	0.8318	0.0977	0.8704	16.9000	0.0904	343.0000	46.0000	0.1341	397.0000
35	0.8151	0.4174	0.1684	0.7874	0.1049	0.8536	16.9000	0.1099	404.0000	55.0000	0.1361	443.0000
36	0.8189	0.4252	0.1772	0.8276	0.0998	0.8546	16.8000	0.0903	341.0000	53.0000	0.1554	423.0000
37	0.8270	0.4252	0.1785	0.8155	0.1013	0.8634	16.9000	0.1007	333.0000	47.0000	0.1411	402.0000
38	0.7866	0.4227	0.1692	0.8361	0.1022	0.8563	16.9000	0.0996	393.0000	51.0000	0.1298	440.0000
39	0.7515	0.4174	0.1754	0.7895	0.1058	0.8561	17.0000	0.1040	378.0000	52.0000	0.1376	436.0000
40	0.7881	0.4215	0.1658	0.8025	0.1009	0.8589	16.7000	0.1033	346.0000	54.0000	0.1561	400.0000
41	0.7684	0.4285	0.1829	0.8297	0.1037	0.8487	16.8000	0.0990	366.0000	47.0000	0.1284	419.0000
42	0.7899	0.4203	0.1793	0.8367	0.1047	0.8431	17.0000	0.1022	385.0000	57.0000	0.1481	428.0000
43	0.7925	0.4260	0.1822	0.7741	0.0985	0.8205	17.0000	0.1104	364.0000	62.0000	0.1703	435.0000
44	0.8040	0.4190	0.1747	0.8166	0.1096	0.8721	17.0000	0.0919	401.0000	53.0000	0.1322	447.0000
45	0.8042	0.4269	0.1701	0.8113	0.1047	0.8635	16.9000	0.1083	354.0000	47.0000	0.1328	442.0000
46	0.8396	0.4190	0.1591	0.8484	0.0942	0.8867	16.8000	0.0818	345.0000	43.0000	0.1246	384.0000
47	0.7920	0.4289	0.1816	0.8117	0.1049	0.8517	17.0000	0.1055	356.0000	48.0000	0.1348	420.0000
48	0.7730	0.4302	0.1849	0.8142	0.1027	0.8672	17.0000	0.0864	338.0000	50.0000	0.1479	427.0000
49	0.7871	0.4248	0.1760	0.7900	0.1075	0.8501	16.9000	0.0945	381.0000	58.0000	0.1522	474.0000
50	0.8392	0.4186	0.1655	0.8111	0.1012	0.8696	16.8000	0.0945	352.0000	50.0000	0.1420	398.0000
51	0.8036	0.4141	0.1593	0.8064	0.0999	0.8520	16.9000	0.1059	354.0000	50.0000	0.1412	424.0000
52	0.7799	0.4265	0.1832	0.8099	0.1045	0.8430	17.1000	0.1068	364.0000	57.0000	0.1566	423.0000
53	0.8018	0.4133	0.1661	0.8301	0.0959	0.8682	16.8000	0.1012	343.0000	48.0000	0.1399	388.0000
54	0.8121	0.4244	0.1791	0.8145	0.1075	0.8777	16.9000	0.0836	392.0000	52.0000	0.1327	458.0000
55	0.8100	0.4289	0.1756	0.8284	0.1071	0.8549	17.1000	0.0973	380.0000	53.0000	0.1395	415.0000
56	0.8224	0.4260	0.1775	0.8283	0.0980	0.8850	16.8000	0.0835	376.0000	48.0000	0.1277	431.0000
57	0.7978	0.4190	0.1739	0.8328	0.1018	0.8686	16.7000	0.0983	387.0000	48.0000	0.1240	426.0000
58	0.7370	0.4240	0.1603	0.8280	0.0953	0.8554	16.8000	0.1026	341.0000	50.0000	0.1466	426.0000
59	0.7985	0.4219	0.1700	0.8306	0.0967	0.8552	17.1000	0.1027	371.0000	56.0000	0.1509	418.0000
60	0.7794	0.4326	0.1713	0.7825	0.1056	0.8650	16.8000	0.0962	402.0000	56.0000	0.1393	431.0000
61	0.7822	0.4232	0.1795	0.8440	0.1032	0.8756	17.1000	0.0853	419.0000	50.0000	0.1193	447.0000
62	0.7883	0.4314	0.1693	0.8486	0.1017	0.8734	17.1000	0.0983	358.0000	46.0000	0.1285	415.0000
63	0.8145	0.4244	0.1731	0.8257	0.1008	0.8838	17.0000	0.0896	388.0000	55.0000	0.1418	434.0000
64	0.7527	0.4182	0.1586	0.8343	0.0993	0.8575	16.8000	0.1086	365.0000	50.0000	0.1370	431.0000
65	0.7775	0.4252	0.1817	0.8390	0.1041	0.8535	17.0000	0.1186	369.0000	51.0000	0.1382	457.0000
66	0.7997	0.4240	0.1776	0.8356	0.1061	0.8669	16.6000	0.0969	399.0000	53.0000	0.1328	430.0000
67	0.8089	0.4211	0.1628	0.8108	0.0948	0.8488	16.8000	0.1098	342.0000	52.0000	0.1520	387.0000
68	0.7799	0.4256	0.1622	0.8034	0.1024	0.8595	16.9000	0.1037	396.0000	51.0000	0.1288	441.0000
69	0.7382	0.4273	0.1774	0.7935	0.1033	0.8367	17.1000	0.1214	351.0000	60.0000	0.1709	431.0000
70	0.7918	0.4190	0.1667	0.8185	0.0994	0.8707	16.8000	0.1071	334.0000	52.0000	0.1557	404.0000
71	0.8063	0.4240	0.1775	0.8331	0.1000	0.8574	17.0000	0.1174	373.0000	52.0000	0.1394	417.0000
72	0.7801	0.4252	0.1712	0.8233	0.1009	0.8746	17.0000	0.0906	382.0000	49.0000	0.1283	428.0000
73	0.7814	0.4256	0.1567	0.8344	0.1036	0.8538	16.9000	0.1107	367.0000	56.0000	0.1526	432.0000
74	0.8200	0.4265	0.1752	0.8432	0.0987	0.8568	17.0000	0.1025	342.0000	50.0000	0.1462	411.0000
75	0.7983	0.4293	0.1728	0.8556	0.1007	0.8580	17.0000	0.0947	338.0000	51.0000	0.1509	409.0000
76	0.7740	0.4289	0.1719	0.8006	0.1006	0.8454	16.8000	0.1002	354.0000	55.0000	0.1554	450.0000
77	0.8136	0.4207	0.1572	0.8352	0.0963	0.8875	17.2000	0.1006	377.0000	46.0000	0.1220	423.0000
78	0.8385	0.4322	0.1616	0.8250	0.0984	0.8569	16.9000	0.0828	362.0000	53.0000	0.1464	438.0000
79	0.7959	0.4281	0.1862	0.8158	0.1069	0.8575	16.8000	0.1110	408.0000	54.0000	0.1324	478.0000
80	0.8284	0.4207	0.1550	0.8540	0.0968	0.8622	17.1000	0.1059	333.0000	50.0000	0.1502	393.0000
81	0.7706	0.4236	0.1585	0.8067	0.0984	0.8606	16.9000	0.1118	362.0000	49.0000	0.1354	421.0000
82	0.7737	0.4223	0.1754	0.7774	0.1071	0.8446	16.9000	0.1055	404.0000	55.0000	0.1361	428.0000
83	0.8043	0.4281	0.1843	0.8095	0.1082	0.8731	16.8000	0.0935	432.0000	53.0000	0.1227	466.0000
84	0.7988	0.4289	0.1736	0.8069	0.1050	0.8426	17.0000	0.1217	357.0000	57.0000	0.1597	452.0000
85	0.8064	0.4232	0.1713	0.7868	0.1049	0.8465	16.7000	0.1201	377.0000	61.0000	0.1618	436.0000
86	0.7471	0.4174	0.1583	0.8114	0.0918	0.8339	16.7000	0.1226	337.0000	56.0000	0.1662	389.0000
87	0.8156	0.4310	0.1714	0.8262	0.0945	0.8870	16.9000	0.0816	371.0000	47.0000	0.1267	426.0000
88	0.8458	0.4157	0.1638	0.8246	0.0952	0.8873	16.8000	0.0786	354.0000	43.0000	0.1215	408.0000
89	0.8061	0.4240	0.1786	0.8334	0.1082	0.8771	16.9000	0.0877	391.0000	49.0000	0.1253	454.0000
90	0.8080	0.4252	0.1826	0.8153	0.1020	0.8506	17.1000	0.1036	368.0000	54.0000	0.1467	428.0000
91	0.8379	0.4248	0.1754	0.8293	0.0993	0.8761	16.9000	0.0896	333.0000	47.0000	0.1411	402.0000
92	0.8013	0.4149	0.1649	0.8226	0.0974	0.8772	16.9000	0.0999	338.0000	47.0000	0.1391	397.0000
93	0.7999	0.4281	0.1819	0.8165	0.1052	0.8499	16.9000	0.1058	400.0000	56.0000	0.1400	439.0000
94	0.7906	0.4248	0.1688	0.8082	0.0955	0.8702	17.0000	0.0844	395.0000	51.0000	0.1291	431.0000
95	0.7949	0.4236	0.1788	0.7903	0.1069	0.8470	16.7000	0.1166	370.0000	58.0000	0.1568	418.0000
96	0.8587	0.4194	0.1660	0.8333	0.1008	0.8839	17.0000	0.0666	397.0000	49.0000	0.1234	423.0000
97	0.8180	0.4265	0.1691	0.8234	0.0994	0.8577	16.9000	0.0917	355.0000	54.0000	0.1521	411.0000
98	0.7336	0.4219	0.1677	0.7758	0.1024	0.8380	16.9000	0.1097	363.0000	59.0000	0.1625	416.0000
99	0.7807	0.4314	0.1765	0.7563	0.1025	0.8397	16.8000	0.0987	381.0000	63.0000	0.1654	431.0000
100	0.8256	0.4310	0.1807	0.8277	0.1059	0.8691	17.0000	0.0924	425.0000	51.0000	0.1200	468.0000
101	0.8170	0.4236	0.1720	0.7971	0.0996	0.8789	16.8000	0.0810	361.0000	49.0000	0.1357	425.0000
102	0.7671	0.4265	0.1781	0.7913	0.1045	0.8452	17.0000	0.1236	395.0000	61.0000	0.1544	435.0000
103	0.7972	0.4219	0.1817	0.7960	0.1032	0.8653	17.0000	0.1093	373.0000	54.0000	0.1448	447.0000
104	0.7835	0.4227	0.1692	0.8212	0.0970	0.8608	17.0000	0.0950	339.0000	51.0000	0.1504	411.0000
105	0.8344	0.4240	0.1793	0.8314	0.0969	0.8897	17.0000	0.0809	347.0000	47.0000	0.1354	443.0000
106	0.8250	0.4260	0.1650	0.8127	0.0999	0.8872	16.8000	0.0792	384.0000	49.0000	0.1276	429.0000
107	0.7810	0.4265	0.1868	0.7874	0.1074	0.8425	16.8000	0.1043	385.0000	56.0000	0.1455	443.0000
108	0.7918	0.4236	0.1702	0.8298	0.0982	0.8668	16.7000	0.1026	396.0000	54.0000	0.1364	433.0000
109	0.7660	0.4302	0.1710	0.7935	0.1067	0.8554	16.9000	0.1023	390.0000	57.0000	0.1462	465.0000
110	0.8113	0.4190	0.1774	0.7943	0.1012	0.8768	16.9000	0.0911	380.0000	50.0000	0.1316	415.0000
111	0.8246	0.4293	0.1895	0.8159	0.1080	0.8855	17.0000	0.0716	418.0000	53.0000	0.1268	484.0000
112	0.7714	0.4178	0.1743	0.8006	0.1041	0.8437	16.8000	0.1122	405.0000	60.0000	0.1481	426.0000
113	0.8056	0.4207	0.1864	0.7741	0.1059	0.8570	16.7000	0.0997	402.0000	59.0000	0.1468	435.0000
114	0.8128	0.4227	0.1765	0.8390	0.1000	0.8744	16.8000	0.0823	341.0000	51.0000	0.1496	424.0000
115	0.8848	0.4252	0.1822	0.8264	0.1054	0.9130	16.9000	0.0642	452.0000	42.0000	0.0929	465.0000
116	0.7878	0.4190	0.1698	0.8090	0.0996	0.8708	16.9000	0.0862	385.0000	53.0000	0.1377	428.0000
117	0.7927	0.4260	0.1696	0.8419	0.1000	0.8814	16.8000	0.0936	345.0000	45.0000	0.1304	423.0000
118	0.7891	0.4306	0.1772	0.8191	0.1021	0.8636	17.0000	0.0874	379.0000	53.0000	0.1398	439.0000
119	0.7657	0.4306	0.1749	0.8053	0.1087	0.8619	17.1000	0.0918	413.0000	54.0000	0.1308	469.0000
120	0.8213	0.4215	0.1657	0.8016	0.1005	0.8751	16.7000	0.0839	336.0000	47.0000	0.1399	405.0000
121	0.8032	0.4260	0.1718	0.8292	0.1013	0.8844	17.0000	0.0823	357.0000	48.0000	0.1345	410.0000
122	0.7649	0.4252	0.1690	0.8259	0.0961	0.8362	16.9000	0.1306	366.0000	60.0000	0.1639	407.0000
123	0.8170	0.4281	0.1862	0.8158	0.1114	0.8850	16.8000	0.0875	404.0000	52.0000	0.1287	477.0000
124	0.8032	0.4260	0.1725	0.8420	0.1018	0.8756	16.8000	0.0922	382.0000	53.0000	0.1387	461.0000
125	0.8093	0.4211	0.1673	0.8326	0.1052	0.8809	16.7000	0.0931	362.0000	47.0000	0.1298	412.0000
126	0.7753	0.4223	0.1678	0.8055	0.0985	0.8613	16.9000	0.0997	341.0000	48.0000	0.1408	383.0000
127	0.7910	0.4289	0.1884	0.8212	0.1059	0.8721	17.1000	0.0872	391.0000	50.0000	0.1279	428.0000
128	0.8313	0.4211	0.1729	0.8410	0.1054	0.8818	17.0000	0.0703	381.0000	45.0000	0.1181	455.0000
129	0.7677	0.4149	0.1658	0.8175	0.0935	0.8518	16.8000	0.1244	320.0000	50.0000	0.1562	392.0000
130	0.8101	0.4252	0.1942	0.7968	0.1127	0.8499	16.9000	0.1111	424.0000	64.0000	0.1509	484.0000
131	0.7918	0.4277	0.1724	0.8361	0.1074	0.8693	16.9000	0.0970	405.0000	48.0000	0.1185	430.0000
132	0.7519	0.4137	0.1648	0.8216	0.0935	0.8498	17.0000	0.1173	328.0000	51.0000	0.1555	385.0000
133	0.7700	0.4281	0.1747	0.7951	0.1001	0.8619	16.7000	0.0780	385.0000	51.0000	0.1325	421.0000
134	0.7691	0.4203	0.1527	0.7876	0.0941	0.8433	16.8000	0.1317	332.0000	56.0000	0.1687	426.0000
135	0.7605	0.4240	0.1710	0.8024	0.1055	0.8491	16.9000	0.1093	379.0000	55.0000	0.1451	452.0000
136	0.7907	0.4318	0.1884	0.8135	0.1046	0.8596	16.9000	0.0964	369.0000	52.0000	0.1409	421.0000
137	0.8273	0.4227	0.1739	0.8324	0.0973	0.8889	16.9000	0.0686	342.0000	44.0000	0.1287	408.0000
138	0.7444	0.4260	0.1821	0.7931	0.1017	0.8565	16.8000	0.1028	380.0000	55.0000	0.1447	442.0000
139	0.8025	0.4211	0.1655	0.7834	0.1069	0.8675	16.9000	0.0994	416.0000	51.0000	0.1226	465.0000
140	0.7924	0.4277	0.1835	0.8250	0.1083	0.8617	17.0000	0.1047	391.0000	54.0000	0.1381	431.0000
141	0.8069	0.4207	0.1623	0.8305	0.0976	0.8751	16.9000	0.0866	383.0000	48.0000	0.1253	407.0000
142	0.8456	0.4236	0.1766	0.7864	0.1019	0.8822	16.9000	0.0761	415.0000	56.0000	0.1349	441.0000
143	0.8322	0.4211	0.1787	0.8311	0.1031	0.8858	16.8000	0.0732	358.0000	49.0000	0.1369	418.0000
144	0.7885	0.4256	0.1747	0.8230	0.0997	0.8522	17.1000	0.1102	347.0000	53.0000	0.1527	443.0000
145	0.8266	0.4227	0.1673	0.8335	0.1009	0.8890	16.7000	0.0859	406.0000	46.0000	0.1133	437.0000
146	0.7923	0.4285	0.1746	0.8252	0.1018	0.8559	17.0000	0.1073	368.0000	49.0000	0.1332	417.0000
147	0.8102	0.4186	0.1538	0.8425	0.0960	0.8683	17.0000	0.1087	359.0000	51.0000	0.1421	402.0000
148	0.7971	0.4236	0.1793	0.7910	0.1062	0.8400	16.9000	0.1295	417.0000	62.0000	0.1487	467.0000
149	0.7747	0.4207	0.1713	0.8132	0.0967	0.8626	16.8000	0.1238	321.0000	53.0000	0.1651	389.0000
150	0.7838	0.4232	0.1822	0.8177	0.1049	0.8642	16.8000	0.0801	378.0000	50.0000	0.1323	432.0000
151	0.7579	0.4256	0.1747	0.8302	0.1027	0.8202	17.0000	0.1400	358.0000	56.0000	0.1564	424.0000
152	0.8008	0.4223	0.1720	0.8380	0.0993	0.8682	17.0000	0.1119	377.0000	50.0000	0.1326	406.0000
153	0.7697	0.4215	0.1810	0.8095	0.1058	0.8784	16.9000	0.0934	348.0000	47.0000	0.1351	424.0000
154	0.7874	0.4190	0.1610	0.7859	0.0946	0.8560	16.8000	0.1026	362.0000	56.0000	0.1547	405.0000
155	0.7801	0.4285	0.1646	0.7878	0.1012	0.8494	17.0000	0.1223	344.0000	55.0000	0.1599	453.0000
156	0.7557	0.4211	0.1616	0.7907	0.0965	0.8605	16.9000	0.1115	338.0000	55.0000	0.1627	398.0000
157	0.7714	0.4260	0.1867	0.7863	0.1031	0.8527	17.1000	0.1176	366.0000	57.0000	0.1557	434.0000
158	0.7694	0.4227	0.1678	0.8591	0.0942	0.8486	16.9000	0.1109	328.0000	49.0000	0.1494	395.0000
159	0.8351	0.4232	0.1623	0.8499	0.0978	0.8926	16.9000	0.0707	386.0000	44.0000	0.1140	420.0000
160	0.8015	0.4256	0.1816	0.8349	0.1041	0.8563	17.0000	0.0973	389.0000	54.0000	0.1388	447.0000
161	0.8103	0.4252	0.1702	0.8171	0.0995	0.8829	16.7000	0.0896	371.0000	48.0000	0.1294	422.0000
162	0.7556	0.4285	0.1801	0.7702	0.1057	0.8601	16.9000	0.0918	376.0000	54.0000	0.1436	436.0000
163	0.7561	0.4199	0.1684	0.8110	0.0953	0.8481	17.1000	0.1460	354.0000	57.0000	0.1610	430.0000
164	0.7864	0.4232	0.1715	0.7934	0.0990	0.8724	16.9000	0.0906	334.0000	47.0000	0.1407	407.0000
165	0.7293	0.4244	0.1617	0.8041	0.0996	0.8362	17.0000	0.1208	361.0000	57.0000	0.1579	411.0000
166	0.8112	0.4211	0.1639	0.8114	0.1025	0.8635	16.8000	0.1154	362.0000	50.0000	0.1381	397.0000
167	0.7785	0.4223	0.1695	0.7807	0.1002	0.8446	16.8000	0.1043	371.0000	62.0000	0.1671	451.0000
168	0.8329	0.4269	0.1801	0.8538	0.1011	0.8725	16.9000	0.0755	365.0000	51.0000	0.1397	422.0000
169	0.7848	0.4232	0.1709	0.8183	0.1044	0.8467	16.8000	0.0980	355.0000	51.0000	0.1437	427.0000
170	0.8147	0.4297	0.1618	0.8183	0.0995	0.8786	16.9000	0.0937	364.0000	44.0000	0.1209	402.0000
171	0.8153	0.4236	0.1749	0.7815	0.1001	0.8523	16.9000	0.1116	352.0000	55.0000	0.1562	430.0000
172	0.7612	0.4240	0.1688	0.8232	0.1039	0.8532	17.1000	0.0956	371.0000	49.0000	0.1321	448.0000
173	0.7485	0.4174	0.1606	0.7960	0.0960	0.8372	16.7000	0.1154	338.0000	54.0000	0.1598	385.0000
174	0.7973	0.4211	0.1723	0.8196	0.1006	0.8510	16.9000	0.0994	378.0000	55.0000	0.1455	439.0000
175	0.7952	0.4203	0.1752	0.8597	0.1000	0.8708	17.0000	0.1006	333.0000	47.0000	0.1411	412.0000
176	0.8123	0.4351	0.1817	0.8255	0.1039	0.8714	16.9000	0.0933	402.0000	53.0000	0.1318	470.0000
177	0.8220	0.4285	0.1893	0.7776	0.1108	0.8715	17.0000	0.0935	414.0000	52.0000	0.1256	445.0000
178	0.7932	0.4240	0.1692	0.8235	0.1010	0.8583	17.1000	0.1000	369.0000	48.0000	0.1301	422.0000
179	0.7779	0.4207	0.1720	0.8245	0.1050	0.8502	16.8000	0.1045	381.0000	52.0000	0.1365	444.0000
180	0.7303	0.4223	0.1627	0.8100	0.1007	0.8503	17.0000	0.1206	363.0000	52.0000	0.1433	413.0000
181	0.7731	0.4260	0.1635	0.7878	0.1033	0.8521	16.8000	0.1223	388.0000	57.0000	0.1469	457.0000
182	0.8514	0.4265	0.1736	0.8325	0.1078	0.9065	16.7000	0.0564	416.0000	42.0000	0.1010	459.0000
183	0.7987	0.4256	0.1669	0.7754	0.0945	0.8548	16.8000	0.0982	366.0000	55.0000	0.1503	406.0000
184	0.8535	0.4219	0.1811	0.8271	0.1039	0.9086	16.8000	0.0647	397.0000	43.0000	0.1083	440.0000
185	0.7726	0.4182	0.1557	0.8139	0.0982	0.8630	16.8000	0.0891	334.0000	55.0000	0.1647	421.0000
186	0.7978	0.4232	0.1607	0.8492	0.0933	0.8647	16.8000	0.0938	357.0000	46.0000	0.1289	393.0000
187	0.8233	0.4322	0.1751	0.8119	0.1063	0.8806	17.0000	0.0921	383.0000	46.0000	0.1201	435.0000
188	0.7741	0.4326	0.1810	0.7892	0.1085	0.8724	17.1000	0.0877	403.0000	57.0000	0.1414	485.0000
189	0.7925	0.4297	0.1743	0.8437	0.1060	0.8795	17.1000	0.0967	385.0000	46.0000	0.1195	458.0000
190	0.7618	0.4236	0.1869	0.7526	0.1061	0.8268	16.8000	0.1297	399.0000	67.0000	0.1679	462.0000
191	0.7881	0.4190	0.1639	0.8032	0.1010	0.8432	16.7000	0.1061	377.0000	60.0000	0.1592	425.0000
192	0.8086	0.4215	0.1764	0.8229	0.1048	0.8664	16.8000	0.0980	382.0000	50.0000	0.1309	413.0000
193	0.8098	0.4244	0.1745	0.8017	0.1075	0.8674	16.9000	0.0952	374.0000	54.0000	0.1444	435.0000
194	0.7980	0.4248	0.1723	0.8433	0.0974	0.8559	17.0000	0.1156	332.0000	52.0000	0.1566	395.0000
195	0.7851	0.4199	0.1608	0.8016	0.0945	0.8645	16.8000	0.0943	341.0000	52.0000	0.1525	386.0000
196	0.7294	0.4215	0.1627	0.8204	0.0952	0.8232	17.0000	0.1280	341.0000	56.0000	0.1642	381.0000
197	0.8050	0.4256	0.1835	0.8017	0.1011	0.8591	17.0000	0.1046	422.0000	58.0000	0.1374	456.0000
198	0.7700	0.4256	0.1546	0.8541	0.0924	0.8570	16.8000	0.1141	304.0000	47.0000	0.1546	371.0000
199	0.8198	0.4232	0.1606	0.8202	0.0931	0.8855	16.9000	0.1074	321.0000	45.0000	0.1402	397.0000
200	0.8112	0.4223	0.1841	0.8356	0.1029	0.8586	16.9000	0.1043	389.0000	48.0000	0.1234	428.0000
201	0.8096	0.4330	0.1847	0.8143	0.1095	0.8781	16.7000	0.0822	421.0000	49.0000	0.1164	457.0000
202	0.7449	0.4281	0.1776	0.8010	0.1043	0.8460	16.8000	0.1178	388.0000	60.0000	0.1546	449.0000
203	0.7767	0.4203	0.1567	0.8051	0.1025	0.8393	16.8000	0.1212	398.0000	57.0000	0.1432	437.0000
204	0.8206	0.4236	0.1740	0.8094	0.1019	0.8598	16.8000	0.0980	352.0000	50.0000	0.1420	395.0000
205	0.7874	0.4256	0.1761	0.8574	0.1041	0.8624	17.0000	0.1150	344.0000	44.0000	0.1279	404.0000
206	0.7874	0.4236	0.1704	0.8350	0.1032	0.8737	17.1000	0.1027	389.0000	52.0000	0.1337	407.0000
207	0.8275	0.4190	0.1738	0.8360	0.1036	0.8720	17.3000	0.0928	374.0000	47.0000	0.1257	423.0000
208	0.8199	0.4166	0.1644	0.8491	0.0973	0.8798	16.8000	0.0829	349.0000	42.0000	0.1203	411.0000
209	0.7783	0.4281	0.1830	0.7702	0.1044	0.8376	16.8000	0.1194	401.0000	62.0000	0.1546	446.0000
210	0.8159	0.4244	0.1761	0.8615	0.1020	0.8677	16.9000	0.0934	391.0000	47.0000	0.1202	425.0000
211	0.7676	0.4166	0.1784	0.8180	0.1055	0.8531	16.9000	0.0905	351.0000	52.0000	0.1481	420.0000
212	0.8215	0.4227	0.1896	0.8206	0.1048	0.8710	16.9000	0.0984	376.0000	58.0000	0.1543	455.0000
213	0.7653	0.4310	0.1827	0.7645	0.1096	0.8619	16.7000	0.0994	386.0000	53.0000	0.1373	452.0000
214	0.7457	0.4199	0.1631	0.7736	0.1068	0.8445	17.0000	0.1079	390.0000	61.0000	0.1564	464.0000
215	0.7816	0.4248	0.1790	0.8210	0.1106	0.8632	17.1000	0.0962	403.0000	52.0000	0.1290	431.0000
216	0.8052	0.4248	0.1784	0.8053	0.1029	0.8706	16.9000	0.0938	364.0000	54.0000	0.1484	426.0000
217	0.7571	0.4269	0.1786	0.7916	0.1007	0.8466	16.9000	0.1232	377.0000	53.0000	0.1406	421.0000
218	0.7884	0.4219	0.1677	0.8114	0.0974	0.8529	16.9000	0.1046	382.0000	54.0000	0.1414	436.0000
219	0.8038	0.4260	0.1834	0.7906	0.1031	0.8726	16.9000	0.0955	360.0000	55.0000	0.1528	458.0000
220	0.8347	0.4281	0.1808	0.8142	0.1012	0.8838	16.8000	0.0911	388.0000	50.0000	0.1289	430.0000
221	0.8487	0.4190	0.1650	0.8458	0.0949	0.8780	16.7000	0.0799	345.0000	48.0000	0.1391	393.0000
222	0.7638	0.4240	0.1604	0.8015	0.0996	0.8674	16.8000	0.1009	365.0000	52.0000	0.1425	423.0000
223	0.7988	0.4273	0.1795	0.8277	0.1010	0.8867	16.9000	0.0868	378.0000	48.0000	0.1270	412.0000
224	0.7994	0.4277	0.1833	0.8113	0.1064	0.8755	17.0000	0.0890	417.0000	53.0000	0.1271	445.0000
225	0.8338	0.4285	0.1840	0.8363	0.1085	0.8820	16.8000	0.0731	402.0000	46.0000	0.1144	449.0000
226	0.7617	0.4285	0.1862	0.8048	0.1061	0.8605	16.7000	0.1162	393.0000	56.0000	0.1425	430.0000
227	0.7875	0.4215	0.1678	0.8083	0.0976	0.8534	16.9000	0.1156	338.0000	52.0000	0.1538	417.0000
228	0.7986	0.4256	0.1810	0.7975	0.1061	0.8595	16.8000	0.1029	409.0000	53.0000	0.1296	449.0000
229	0.8175	0.4211	0.1748	0.8071	0.1036	0.8637	17.1000	0.0949	388.0000	56.0000	0.1443	439.0000
230	0.7359	0.4227	0.1660	0.7898	0.0978	0.8360	17.1000	0.1248	344.0000	50.0000	0.1453	384.0000
231	0.8446	0.4227	0.1747	0.8219	0.1004	0.8963	17.1000	0.0506	387.0000	47.0000	0.1214	447.0000
232	0.8326	0.4203	0.1596	0.8317	0.1011	0.8746	16.8000	0.0928	350.0000	50.0000	0.1429	396.0000
233	0.8077	0.4215	0.1604	0.7992	0.1002	0.8627	16.8000	0.0974	419.0000	52.0000	0.1241	435.0000
234	0.8086	0.4302	0.1789	0.8166	0.1056	0.8809	17.2000	0.0823	403.0000	52.0000	0.1290	448.0000
235	0.8223	0.4153	0.1696	0.8182	0.0973	0.8709	16.8000	0.1059	374.0000	50.0000	0.1337	421.0000
236	0.7519	0.4260	0.1806	0.8009	0.1043	0.8537	16.9000	0.1063	412.0000	58.0000	0.1408	458.0000
237	0.7977	0.4182	0.1744	0.8185	0.1007	0.8663	16.7000	0.0984	333.0000	51.0000	0.1532	394.0000
238	0.7553	0.4166	0.1671	0.8082	0.0989	0.8445	17.2000	0.1201	326.0000	54.0000	0.1656	413.0000
239	0.7618	0.4252	0.1777	0.8176	0.1053	0.8460	16.9000	0.1213	367.0000	55.0000	0.1499	427.0000
240	0.8113	0.4215	0.1667	0.8319	0.0940	0.8410	17.1000	0.1116	315.0000	51.0000	0.1619	360.0000
241	0.7663	0.4289	0.1721	0.7915	0.1008	0.8682	16.7000	0.1009	382.0000	49.0000	0.1283	404.0000
242	0.7783	0.4260	0.1756	0.8021	0.1035	0.8507	17.2000	0.1072	373.0000	55.0000	0.1475	451.0000
243	0.7816	0.4293	0.1882	0.8036	0.1071	0.8753	17.0000	0.0899	413.0000	53.0000	0.1283	472.0000
244	0.7975	0.4281	0.1860	0.8049	0.1032	0.8686	17.1000	0.0943	406.0000	56.0000	0.1379	420.0000
245	0.8247	0.4293	0.1771	0.8154	0.1004	0.8780	16.9000	0.0764	349.0000	49.0000	0.1404	432.0000
246	0.7707	0.4248	0.1843	0.7605	0.1047	0.8475	17.0000	0.1209	394.0000	61.0000	0.1548	456.0000
247	0.8046	0.4244	0.1780	0.8628	0.1061	0.8681	16.8000	0.0992	371.0000	46.0000	0.1240	444.0000
248	0.7766	0.4306	0.1803	0.8037	0.1051	0.8797	16.8000	0.0809	382.0000	52.0000	0.1361	463.0000
249	0.7682	0.4256	0.1696	0.8184	0.1042	0.8522	16.9000	0.1080	415.0000	53.0000	0.1277	421.0000
250	0.7613	0.4244	0.1618	0.8018	0.0976	0.8492	17.0000	0.1024	390.0000	55.0000	0.1410	404.0000
251	0.7833	0.4215	0.1570	0.7959	0.0972	0.8635	16.9000	0.1019	370.0000	52.0000	0.1405	406.0000
252	0.7851	0.4190	0.1649	0.8215	0.0978	0.8564	16.9000	0.1161	358.0000	56.0000	0.1564	420.0000
253	0.8004	0.4269	0.1706	0.8015	0.0984	0.8754	17.0000	0.0811	380.0000	49.0000	0.1289	413.0000
254	0.7798	0.4256	0.1800	0.8226	0.1034	0.8712	17.0000	0.0942	379.0000	52.0000	0.1372	409.0000
255	0.8147	0.4269	0.1751	0.8120	0.1042	0.8755	16.8000	0.0813	385.0000	50.0000	0.1299	428.0000
256	0.8231	0.4252	0.1803	0.7987	0.1043	0.8831	16.9000	0.0955	378.0000	52.0000	0.1376	453.0000
257	0.7796	0.4273	0.1718	0.7929	0.0985	0.8581	16.9000	0.1009	354.0000	51.0000	0.1441	392.0000
258	0.8021	0.4203	0.1590	0.8213	0.0932	0.8575	16.8000	0.1109	338.0000	48.0000	0.1420	379.0000
259	0.7889	0.4289	0.1765	0.8007	0.1006	0.8684	16.9000	0.1048	391.0000	54.0000	0.1381	406.0000
260	0.7570	0.4162	0.1606	0.8176	0.0960	0.8580	16.8000	0.0904	340.0000	49.0000	0.1441	401.0000
261	0.7563	0.4252	0.1677	0.8364	0.1017	0.8474	17.1000	0.1105	349.0000	50.0000	0.1433	415.0000
262	0.7667	0.4252	0.1642	0.7629	0.0963	0.8098	16.8000	0.1309	348.0000	68.0000	0.1954	384.0000
263	0.7868	0.4232	0.1752	0.8621	0.1025	0.8592	17.1000	0.1078	361.0000	51.0000	0.1413	425.0000
264	0.7534	0.4314	0.1724	0.7851	0.1037	0.8416	16.9000	0.1130	393.0000	61.0000	0.1552	430.0000
265	0.7742	0.4223	0.1741	0.7766	0.1049	0.8534	16.9000	0.1108	380.0000	57.0000	0.1500	427.0000
266	0.8310	0.4219	0.1743	0.8202	0.0988	0.8502	16.9000	0.1154	382.0000	58.0000	0.1518	415.0000
267	0.7773	0.4194	0.1571	0.7821	0.1009	0.8428	16.9000	0.1160	374.0000	55.0000	0.1471	414.0000
268	0.7354	0.4281	0.1719	0.8192	0.1043	0.8558	17.0000	0.1005	375.0000	54.0000	0.1440	449.0000
269	0.8002	0.4256	0.1753	0.8035	0.1035	0.8619	16.8000	0.1126	358.0000	51.0000	0.1425	425.0000
270	0.7736	0.4215	0.1770	0.8065	0.1063	0.8375	17.1000	0.1038	427.0000	61.0000	0.1429	456.0000
271	0.7965	0.4248	0.1759	0.8124	0.1000	0.8565	17.0000	0.1081	375.0000	55.0000	0.1467	435.0000
272	0.7814	0.4199	0.1657	0.7679	0.1036	0.8610	16.8000	0.0919	346.0000	54.0000	0.1561	436.0000
273	0.8064	0.4240	0.1538	0.8110	0.0978	0.8752	16.9000	0.0940	327.0000	47.0000	0.1437	421.0000
274	0.7942	0.4170	0.1661	0.8310	0.0993	0.8578	16.9000	0.1136	353.0000	45.0000	0.1275	420.0000
275	0.7601	0.4219	0.1796	0.8175	0.0994	0.8557	16.8000	0.1208	349.0000	51.0000	0.1461	420.0000
276	0.8030	0.4297	0.1770	0.8164	0.1052	0.8599	16.9000	0.1103	394.0000	52.0000	0.1320	437.0000
277	0.8477	0.4190	0.1580	0.8274	0.0985	0.8848	16.9000	0.0746	377.0000	42.0000	0.1114	396.0000
278	0.8020	0.4273	0.1817	0.8250	0.1109	0.8693	16.9000	0.1076	395.0000	51.0000	0.1291	471.0000
279	0.8311	0.4223	0.1683	0.8389	0.1006	0.8645	17.0000	0.1023	370.0000	54.0000	0.1459	429.0000
280	0.7657	0.4223	0.1688	0.8064	0.1072	0.8455	16.9000	0.1137	398.0000	56.0000	0.1407	477.0000
281	0.7896	0.4141	0.1593	0.8313	0.1006	0.8516	16.7000	0.1026	362.0000	49.0000	0.1354	405.0000
282	0.8167	0.4211	0.1818	0.8394	0.1008	0.8655	16.9000	0.0977	349.0000	47.0000	0.1347	395.0000
283	0.7036	0.4240	0.1744	0.8074	0.0980	0.8173	16.8000	0.1461	390.0000	55.0000	0.1410	419.0000
284	0.7818	0.4207	0.1687	0.8232	0.1070	0.8712	17.0000	0.0924	387.0000	48.0000	0.1240	446.0000
285	0.7747	0.4260	0.1900	0.7890	0.1006	0.8292	17.0000	0.1275	362.0000	62.0000	0.1713	408.0000
286	0.7675	0.4260	0.1614	0.8138	0.0926	0.8418	16.7000	0.1259	350.0000	54.0000	0.1543	392.0000
287	0.8197	0.4256	0.1744	0.8252	0.1015	0.8737	17.1000	0.0857	390.0000	49.0000	0.1256	424.0000
288	0.8119	0.4277	0.1772	0.7990	0.1087	0.8797	16.9000	0.0831	414.0000	52.0000	0.1256	469.0000
289	0.7596	0.4277	0.1852	0.8072	0.1121	0.8601	17.1000	0.1033	418.0000	54.0000	0.1292	463.0000
290	0.8138	0.4199	0.1751	0.8282	0.1012	0.8716	16.7000	0.1090	336.0000	53.0000	0.1577	422.0000
291	0.8096	0.4281	0.1784	0.8001	0.1067	0.8621	16.9000	0.1081	400.0000	57.0000	0.1425	457.0000
292	0.8078	0.4199	0.1745	0.8067	0.0984	0.8553	17.0000	0.1128	401.0000	56.0000	0.1397	455.0000
293	0.8311	0.4244	0.1864	0.7984	0.1076	0.8750	16.9000	0.0827	410.0000	50.0000	0.1220	471.0000
294	0.8519	0.4211	0.1664	0.8061	0.0985	0.9000	16.9000	0.0698	373.0000	45.0000	0.1206	443.0000
295	0.7860	0.4174	0.1600	0.8129	0.1031	0.8265	16.8000	0.1173	379.0000	57.0000	0.1504	425.0000
296	0.8033	0.4297	0.1800	0.8171	0.1052	0.8505	17.0000	0.1095	398.0000	51.0000	0.1281	447.0000
297	0.7945	0.4265	0.1563	0.8240	0.0966	0.8743	17.0000	0.1033	366.0000	44.0000	0.1202	398.0000
298	0.8007	0.4194	0.1650	0.7848	0.1021	0.8375	16.9000	0.0994	380.0000	60.0000	0.1579	427.0000
299	0.8020	0.4162	0.1549	0.8376	0.0968	0.8505	17.0000	0.1115	324.0000	50.0000	0.1543	396.0000
300	0.7946	0.4322	0.1807	0.8317	0.1070	0.8740	17.0000	0.0839	401.0000	52.0000	0.1297	489.0000
301	0.7609	0.4223	0.1710	0.8208	0.1036	0.8491	16.8000	0.1178	362.0000	54.0000	0.1492	419.0000
302	0.8230	0.4223	0.1777	0.8211	0.1048	0.8818	17.3000	0.0876	391.0000	50.0000	0.1279	434.0000
303	0.8214	0.4330	0.1861	0.8401	0.1053	0.8943	17.0000	0.0766	390.0000	46.0000	0.1179	443.0000
304	0.8331	0.4190	0.1604	0.8492	0.0956	0.8735	16.9000	0.0934	334.0000	46.0000	0.1377	392.0000
305	0.7864	0.4232	0.1714	0.7868	0.1079	0.8463	17.0000	0.0968	404.0000	60.0000	0.1485	470.0000
306	0.8090	0.4277	0.1673	0.8463	0.1033	0.8743	16.8000	0.1049	367.0000	46.0000	0.1253	442.0000
307	0.7640	0.4269	0.1818	0.7696	0.1093	0.8437	16.8000	0.1108	404.0000	61.0000	0.1510	442.0000
308	0.7859	0.4277	0.1835	0.8101	0.1026	0.8670	16.9000	0.0997	354.0000	53.0000	0.1497	404.0000
309	0.7659	0.4133	0.1622	0.8277	0.0971	0.8416	16.7000	0.1120	318.0000	54.0000	0.1698	414.0000
310	0.7990	0.4203	0.1733	0.7855	0.1011	0.8579	17.1000	0.1131	359.0000	53.0000	0.1476	413.0000
311	0.8373	0.4318	0.1795	0.8519	0.1049	0.8952	16.9000	0.0745	410.0000	43.0000	0.1049	439.0000
312	0.8187	0.4273	0.1879	0.8328	0.1082	0.8825	17.0000	0.0890	404.0000	47.0000	0.1163	459.0000
313	0.8101	0.4244	0.1890	0.8242	0.1028	0.8709	16.8000	0.1000	385.0000	53.0000	0.1377	434.0000
314	0.7826	0.4227	0.1749	0.8212	0.1050	0.8631	17.1000	0.0946	404.0000	49.0000	0.1213	423.0000
315	0.7978	0.4236	0.1689	0.8137	0.1043	0.8630	16.9000	0.1012	374.0000	54.0000	0.1444	446.0000
316	0.7433	0.4211	0.1637	0.7824	0.1069	0.8145	16.8000	0.1164	405.0000	65.0000	0.1605	443.0000
317	0.7318	0.4223	0.1803	0.7717	0.1023	0.8224	17.0000	0.1330	354.0000	59.0000	0.1667	415.0000
318	0.8182	0.4293	0.1711	0.8050	0.1001	0.8832	16.7000	0.0879	342.0000	45.0000	0.1316	390.0000
319	0.8270	0.4244	0.1686	0.8399	0.0963	0.8842	16.9000	0.0818	364.0000	47.0000	0.1291	392.0000
320	0.7235	0.4215	0.1736	0.8120	0.1054	0.8457	17.0000	0.1159	342.0000	51.0000	0.1491	408.0000
321	0.8584	0.4285	0.1809	0.8584	0.0990	0.9149	16.8000	0.0700	378.0000	41.0000	0.1085	452.0000
322	0.8047	0.4265	0.1849	0.8416	0.1040	0.8726	17.0000	0.0905	398.0000	49.0000	0.1231	452.0000
323	0.7911	0.4260	0.1889	0.8338	0.1048	0.8660	17.0000	0.1007	347.0000	51.0000	0.1470	396.0000
324	0.8063	0.4306	0.1837	0.8207	0.0988	0.8660	16.9000	0.0986	385.0000	53.0000	0.1377	443.0000
325	0.7988	0.4203	0.1652	0.8481	0.0962	0.8678	17.1000	0.1026	338.0000	50.0000	0.1479	423.0000
326	0.8015	0.4285	0.1857	0.8058	0.1049	0.8588	17.0000	0.1022	379.0000	55.0000	0.1451	440.0000
327	0.7728	0.4260	0.1736	0.8467	0.1002	0.8650	17.1000	0.1184	376.0000	48.0000	0.1277	428.0000
328	0.8279	0.4223	0.1663	0.8378	0.0972	0.8871	17.0000	0.0862	372.0000	49.0000	0.1317	417.0000
329	0.7350	0.4256	0.1829	0.7727	0.1076	0.8551	16.8000	0.0997	372.0000	53.0000	0.1425	440.0000
330	0.8267	0.4302	0.1851	0.7894	0.1050	0.8783	16.8000	0.0855	403.0000	54.0000	0.1340	451.0000
331	0.7860	0.4194	0.1587	0.8051	0.1011	0.8626	16.9000	0.1004	373.0000	53.0000	0.1421	421.0000
332	0.8099	0.4269	0.1816	0.8357	0.1024	0.8722	16.9000	0.0959	398.0000	55.0000	0.1382	467.0000
333	0.7895	0.4252	0.1706	0.8450	0.1074	0.8666	16.9000	0.0969	368.0000	48.0000	0.1304	453.0000
334	0.7416	0.4227	0.1756	0.7908	0.1065	0.8530	16.8000	0.0976	388.0000	54.0000	0.1392	466.0000
335	0.7972	0.4260	0.1754	0.8096	0.1029	0.8568	17.0000	0.1090	382.0000	52.0000	0.1361	438.0000
336	0.7645	0.4203	0.1596	0.8130	0.0975	0.8599	16.9000	0.1157	349.0000	53.0000	0.1519	413.0000
337	0.8051	0.4281	0.1689	0.8180	0.1019	0.8546	17.0000	0.0991	386.0000	58.0000	0.1503	441.0000
338	0.7946	0.4203	0.1876	0.8029	0.1051	0.8426	16.9000	0.1147	391.0000	59.0000	0.1509	453.0000
339	0.7578	0.4281	0.1853	0.7920	0.1079	0.8544	16.7000	0.1003	401.0000	56.0000	0.1397	451.0000
340	0.7929	0.4199	0.1720	0.8123	0.1027	0.8441	17.0000	0.1179	362.0000	56.0000	0.1547	429.0000
341	0.7572	0.4265	0.1628	0.8460	0.0944	0.8549	16.8000	0.1304	364.0000	51.0000	0.1401	413.0000
342	0.7862	0.4190	0.1541	0.8058	0.1012	0.8576	16.8000	0.0957	381.0000	54.0000	0.1417	436.0000
343	0.8077	0.4211	0.1826	0.8268	0.1028	0.8663	16.8000	0.1002	358.0000	52.0000	0.1453	425.0000
344	0.8166	0.4133	0.1634	0.8378	0.0954	0.8843	16.9000	0.0877	338.0000	47.0000	0.1391	374.0000
345	0.8054	0.4236	0.1719	0.7968	0.1021	0.8511	17.0000	0.0942	376.0000	57.0000	0.1516	450.0000
346	0.7629	0.4236	0.1801	0.7937	0.1016	0.8700	17.0000	0.1041	367.0000	52.0000	0.1417	419.0000
347	0.7816	0.4289	0.1838	0.8247	0.1036	0.8590	16.9000	0.1196	394.0000	55.0000	0.1396	464.0000
348	0.7753	0.4289	0.1841	0.7781	0.1081	0.8583	16.9000	0.1065	403.0000	56.0000	0.1390	481.0000
349	0.7923	0.4199	0.1568	0.8105	0.1000	0.8533	17.0000	0.1091	367.0000	50.0000	0.1362	405.0000
350	0.7443	0.4244	0.1652	0.8337	0.1029	0.8651	16.8000	0.0825	404.0000	49.0000	0.1213	434.0000
351	0.8233	0.4194	0.1662	0.8235	0.0962	0.8662	16.9000	0.0914	354.0000	48.0000	0.1356	407.0000
352	0.8036	0.4347	0.1858	0.7944	0.1084	0.8652	17.0000	0.1082	379.0000	51.0000	0.1346	467.0000
353	0.8069	0.4199	0.1786	0.8250	0.1025	0.8591	16.8000	0.1135	349.0000	50.0000	0.1433	411.0000
354	0.7799	0.4240	0.1685	0.8059	0.1013	0.8438	17.0000	0.1002	361.0000	54.0000	0.1496	436.0000
355	0.8013	0.4285	0.1752	0.8155	0.1022	0.8630	16.9000	0.0895	383.0000	53.0000	0.1384	424.0000
356	0.8054	0.4211	0.1672	0.8322	0.0952	0.8680	16.8000	0.1105	334.0000	48.0000	0.1437	368.0000
357	0.7934	0.4232	0.1714	0.8135	0.1000	0.8611	16.7000	0.1009	376.0000	47.0000	0.1250	432.0000
358	0.7945	0.4244	0.1731	0.8321	0.1014	0.8722	16.8000	0.0774	337.0000	48.0000	0.1424	448.0000
359	0.7969	0.4277	0.1750	0.8304	0.1096	0.8686	16.7000	0.0999	419.0000	54.0000	0.1289	472.0000
360	0.7821	0.4252	0.1735	0.7736	0.1065	0.8507	16.9000	0.1012	396.0000	56.0000	0.1414	448.0000
361	0.7782	0.4244	0.1816	0.8082	0.1019	0.8489	17.0000	0.1247	346.0000	56.0000	0.1618	426.0000
362	0.7604	0.4211	0.1704	0.7689	0.1077	0.8275	16.8000	0.1040	432.0000	64.0000	0.1481	472.0000
363	0.7558	0.4170	0.1704	0.8045	0.1004	0.8566	17.1000	0.1134	375.0000	55.0000	0.1467	417.0000
364	0.8218	0.4273	0.1775	0.8099	0.1023	0.8617	16.9000	0.0903	385.0000	56.0000	0.1455	434.0000
365	0.8073	0.4240	0.1710	0.7976	0.1001	0.8674	16.8000	0.0975	354.0000	52.0000	0.1469	406.0000
366	0.7318	0.4207	0.1589	0.8314	0.0941	0.8391	17.0000	0.1276	320.0000	58.0000	0.1812	413.0000
367	0.7281	0.4227	0.1669	0.8297	0.1001	0.8376	16.9000	0.1141	364.0000	52.0000	0.1429	409.0000
368	0.7805	0.4302	0.1713	0.7985	0.1009	0.8679	16.9000	0.1117	396.0000	50.0000	0.1263	442.0000
369	0.7459	0.4302	0.1699	0.7841	0.0989	0.8041	17.1000	0.1518	346.0000	68.0000	0.1965	420.0000
370	0.7978	0.4306	0.1708	0.8197	0.0995	0.8540	16.7000	0.1103	357.0000	55.0000	0.1541	416.0000
371	0.7241	0.4199	0.1579	0.8067	0.0982	0.8574	16.9000	0.0997	337.0000	50.0000	0.1484	384.0000
372	0.8012	0.4236	0.1844	0.8211	0.1062	0.8717	16.9000	0.0912	356.0000	50.0000	0.1404	435.0000
373	0.7390	0.4211	0.1739	0.7867	0.1051	0.8601	17.0000	0.1048	367.0000	54.0000	0.1471	462.0000
374	0.8340	0.4236	0.1691	0.8138	0.0984	0.8640	16.8000	0.0830	368.0000	49.0000	0.1332	405.0000
375	0.7633	0.4256	0.1732	0.8390	0.1023	0.8754	16.9000	0.0886	380.0000	53.0000	0.1395	444.0000
376	0.7989	0.4244	0.1838	0.8339	0.1059	0.8508	16.8000	0.1115	407.0000	52.0000	0.1278	442.0000
377	0.7664	0.4170	0.1675	0.7961	0.0966	0.8395	16.8000	0.1166	344.0000	60.0000	0.1744	412.0000
378	0.8237	0.4318	0.1865	0.8019	0.1107	0.8691	16.8000	0.0856	378.0000	53.0000	0.1402	463.0000
379	0.7981	0.4141	0.1661	0.8112	0.0925	0.8622	16.9000	0.0920	317.0000	51.0000	0.1609	394.0000
380	0.7734	0.4269	0.1593	0.8362	0.0935	0.8664	17.0000	0.0955	349.0000	51.0000	0.1461	383.0000
381	0.7455	0.4232	0.1714	0.7808	0.1033	0.8331	16.9000	0.1264	378.0000	61.0000	0.1614	432.0000
382	0.8110	0.4223	0.1855	0.8157	0.1047	0.8573	17.0000	0.0986	349.0000	55.0000	0.1576	400.0000
383	0.8079	0.4166	0.1701	0.8100	0.0961	0.8580	16.9000	0.1118	364.0000	58.0000	0.1593	422.0000
384	0.8019	0.4256	0.1664	0.8275	0.1021	0.8678	17.0000	0.1109	373.0000	48.0000	0.1287	427.0000
385	0.7694	0.4335	0.1753	0.8499	0.0962	0.8678	17.0000	0.1147	379.0000	47.0000	0.1240	423.0000
386	0.7813	0.4240	0.1618	0.8275	0.0973	0.8421	16.9000	0.1346	328.0000	57.0000	0.1738	417.0000
387	0.8110	0.4260	0.1839	0.8126	0.1079	0.8679	16.8000	0.0875	378.0000	50.0000	0.1323	442.0000
388	0.7681	0.4227	0.1701	0.8545	0.1024	0.8630	16.8000	0.0943	383.0000	50.0000	0.1305	441.0000
389	0.8217	0.4194	0.1891	0.8178	0.0997	0.8680	16.9000	0.0975	341.0000	50.0000	0.1466	387.0000
390	0.7765	0.4273	0.1836	0.8055	0.1060	0.8646	17.0000	0.0846	351.0000	53.0000	0.1510	422.0000
391	0.7606	0.4232	0.1725	0.7914	0.1015	0.8586	16.7000	0.0999	372.0000	53.0000	0.1425	448.0000
392	0.8020	0.4232	0.1742	0.8426	0.1004	0.8804	17.1000	0.0927	351.0000	49.0000	0.1396	375.0000
393	0.7855	0.4219	0.1689	0.7759	0.1070	0.8597	16.7000	0.0964	382.0000	56.0000	0.1466	449.0000
394	0.7884	0.4339	0.1784	0.7988	0.1049	0.8512	17.0000	0.1047	363.0000	53.0000	0.1460	459.0000
395	0.7886	0.4215	0.1766	0.7942	0.1059	0.8583	16.9000	0.1004	363.0000	57.0000	0.1570	442.0000
396	0.8343	0.4297	0.1813	0.7947	0.1055	0.8763	16.9000	0.0743	374.0000	53.0000	0.1417	443.0000
397	0.7227	0.4215	0.1738	0.7695	0.1076	0.8263	16.9000	0.1373	361.0000	62.0000	0.1717	471.0000
398	0.7507	0.4244	0.1948	0.7883	0.1066	0.8424	16.8000	0.1195	376.0000	58.0000	0.1543	455.0000
399	0.7739	0.4194	0.1649	0.7911	0.1014	0.8300	16.8000	0.1203	356.0000	62.0000	0.1742	433.0000
400	0.7622	0.4194	0.1738	0.8060	0.1078	0.8642	17.0000	0.0714	418.0000	53.0000	0.1268	444.0000
401	0.8230	0.4203	0.1650	0.8044	0.0968	0.8630	16.8000	0.0913	351.0000	51.0000	0.1453	410.0000
402	0.7691	0.4322	0.1954	0.8157	0.1053	0.8660	16.9000	0.1042	393.0000	56.0000	0.1425	446.0000
403	0.8113	0.4211	0.1656	0.8354	0.0988	0.8565	16.7000	0.1112	371.0000	52.0000	0.1402	406.0000
404	0.8238	0.4215	0.1636	0.8046	0.0997	0.8661	17.0000	0.0843	366.0000	49.0000	0.1339	429.0000
405	0.7669	0.4248	0.1822	0.7997	0.1083	0.8603	16.9000	0.1034	390.0000	52.0000	0.1333	455.0000
406	0.7927	0.4236	0.1777	0.7969	0.1084	0.8605	16.9000	0.0751	387.0000	52.0000	0.1344	463.0000
407	0.8285	0.4219	0.1750	0.8294	0.1044	0.8721	16.8000	0.0784	378.0000	50.0000	0.1323	448.0000
408	0.8057	0.4302	0.1768	0.8122	0.1032	0.8578	16.9000	0.0966	343.0000	54.0000	0.1574	425.0000
409	0.7442	0.4215	0.1737	0.8157	0.1011	0.8613	16.8000	0.0960	366.0000	51.0000	0.1393	420.0000
410	0.7908	0.4269	0.1910	0.8215	0.1048	0.8730	17.0000	0.0961	401.0000	51.0000	0.1272	445.0000
411	0.7840	0.4227	0.1754	0.8040	0.1024	0.8437	17.0000	0.1238	373.0000	60.0000	0.1609	435.0000
412	0.8426	0.4211	0.1671	0.8331	0.0980	0.8686	16.8000	0.0893	336.0000	47.0000	0.1399	413.0000
413	0.7585	0.4289	0.1689	0.7879	0.0993	0.8462	17.1000	0.1170	364.0000	59.0000	0.1621	422.0000
414	0.8273	0.4232	0.1804	0.8090	0.1023	0.8514	16.9000	0.1003	387.0000	54.0000	0.1395	450.0000
415	0.7310	0.4194	0.1616	0.8170	0.0964	0.8506	17.1000	0.1049	336.0000	46.0000	0.1369	416.0000
416	0.7364	0.4248	0.1636	0.7917	0.1000	0.8445	16.9000	0.1066	391.0000	56.0000	0.1432	413.0000
417	0.8142	0.4190	0.1665	0.8014	0.0956	0.8751	16.8000	0.0943	345.0000	46.0000	0.1333	429.0000
418	0.7828	0.4265	0.1785	0.8248	0.1038	0.8697	16.7000	0.0748	368.0000	47.0000	0.1277	423.0000
419	0.7870	0.4190	0.1700	0.8360	0.0991	0.8590	16.8000	0.0978	359.0000	50.0000	0.1393	421.0000
420	0.8198	0.4240	0.1759	0.8258	0.0979	0.8648	16.7000	0.0975	387.0000	49.0000	0.1266	423.0000
421	0.7850	0.4236	0.1706	0.8561	0.1083	0.8687	16.9000	0.0955	352.0000	44.0000	0.1250	421.0000
422	0.8227	0.4186	0.1706	0.8324	0.0990	0.8770	17.0000	0.0845	328.0000	48.0000	0.1463	424.0000
423	0.8161	0.4248	0.1831	0.8250	0.1038	0.8777	16.8000	0.0690	388.0000	47.0000	0.1211	437.0000
424	0.7891	0.4322	0.1729	0.8193	0.0989	0.8562	16.7000	0.1048	344.0000	49.0000	0.1424	419.0000
425	0.8025	0.4269	0.1906	0.8186	0.1031	0.8720	16.9000	0.0954	425.0000	51.0000	0.1200	456.0000
426	0.8305	0.4252	0.1777	0.8244	0.1056	0.8789	16.8000	0.0936	435.0000	58.0000	0.1333	472.0000
427	0.7742	0.4211	0.1770	0.7979	0.1023	0.8520	16.9000	0.1017	374.0000	54.0000	0.1444	431.0000
428	0.7773	0.4194	0.1564	0.7811	0.0958	0.8519	16.8000	0.0960	351.0000	59.0000	0.1681	418.0000
429	0.7969	0.4227	0.1710	0.8470	0.1004	0.8673	16.9000	0.0998	373.0000	46.0000	0.1233	404.0000
430	0.8224	0.4232	0.1750	0.8267	0.0977	0.8689	17.0000	0.0905	347.0000	52.0000	0.1499	409.0000
431	0.8026	0.4240	0.1693	0.8095	0.0991	0.8574	16.9000	0.0947	355.0000	51.0000	0.1437	410.0000
432	0.7855	0.4285	0.1762	0.7987	0.1007	0.8385	16.8000	0.1232	388.0000	62.0000	0.1598	448.0000
433	0.7781	0.4215	0.1467	0.8202	0.0887	0.8477	16.9000	0.1203	314.0000	50.0000	0.1592	370.0000
434	0.7915	0.4244	0.1645	0.8284	0.1028	0.8584	16.8000	0.1052	339.0000	50.0000	0.1475	397.0000
435	0.7812	0.4236	0.1754	0.8157	0.1054	0.8476	17.0000	0.1019	381.0000	59.0000	0.1549	449.0000
436	0.7825	0.4211	0.1615	0.7918	0.0998	0.8508	16.8000	0.1066	336.0000	53.0000	0.1577	405.0000
437	0.8255	0.4244	0.1757	0.8151	0.1014	0.8894	16.9000	0.0890	381.0000	46.0000	0.1207	455.0000
438	0.8017	0.4297	0.1807	0.8137	0.1101	0.8689	16.9000	0.0791	441.0000	51.0000	0.1156	456.0000
439	0.8048	0.4310	0.1806	0.8503	0.1029	0.8931	16.8000	0.0759	357.0000	40.0000	0.1120	412.0000
440	0.8177	0.4256	0.1842	0.8235	0.1059	0.8738	16.9000	0.0857	397.0000	50.0000	0.1259	459.0000
441	0.7623	0.4293	0.1701	0.7956	0.1061	0.8511	16.8000	0.1203	396.0000	57.0000	0.1439	440.0000
442	0.7502	0.4194	0.1704	0.8024	0.1050	0.8360	16.7000	0.1262	351.0000	62.0000	0.1766	441.0000
443	0.7859	0.4194	0.1835	0.8015	0.1019	0.8428	16.9000	0.1135	369.0000	58.0000	0.1572	433.0000
444	0.8251	0.4211	0.1797	0.8021	0.1091	0.8847	16.8000	0.0709	419.0000	49.0000	0.1169	458.0000
445	0.8296	0.4207	0.1765	0.8388	0.1050	0.8658	16.8000	0.0920	403.0000	47.0000	0.1166	447.0000
446	0.8426	0.4170	0.1714	0.8449	0.0976	0.8879	16.8000	0.0813	363.0000	44.0000	0.1212	394.0000
447	0.8166	0.4227	0.1635	0.8207	0.0920	0.8763	17.0000	0.0800	345.0000	44.0000	0.1275	388.0000
448	0.7990	0.4256	0.1766	0.7999	0.1000	0.8542	16.7000	0.1015	400.0000	56.0000	0.1400	413.0000
449	0.7686	0.4194	0.1690	0.8376	0.0972	0.8470	17.0000	0.1132	344.0000	47.0000	0.1366	394.0000
450	0.8076	0.4199	0.1790	0.8240	0.1058	0.8811	16.9000	0.0907	370.0000	51.0000	0.1378	417.0000
451	0.8286	0.4260	0.1679	0.8389	0.1002	0.8695	16.9000	0.0903	375.0000	50.0000	0.1333	434.0000
452	0.7734	0.4297	0.1876	0.8007	0.1084	0.8559	17.0000	0.1074	395.0000	56.0000	0.1418	470.0000
453	0.7321	0.4306	0.1794	0.7978	0.1099	0.8487	16.8000	0.1135	398.0000	58.0000	0.1457	444.0000
454	0.7504	0.4244	0.1723	0.8037	0.0999	0.8523	16.9000	0.0969	345.0000	55.0000	0.1594	441.0000
455	0.7936	0.4227	0.1667	0.7925	0.0998	0.8643	16.8000	0.0966	395.0000	56.0000	0.1418	430.0000
456	0.7815	0.4194	0.1709	0.8179	0.0996	0.8486	17.0000	0.1168	358.0000	51.0000	0.1425	428.0000
457	0.7870	0.4194	0.1619	0.8377	0.0978	0.8627	17.0000	0.1141	338.0000	48.0000	0.1420	392.0000
458	0.7781	0.4232	0.1753	0.8321	0.1006	0.8534	16.8000	0.1030	366.0000	50.0000	0.1366	397.0000
459	0.7654	0.4227	0.1616	0.8120	0.1043	0.8312	17.0000	0.1132	346.0000	58.0000	0.1676	425.0000
460	0.7589	0.4256	0.1777	0.8085	0.0988	0.8614	16.9000	0.1122	384.0000	54.0000	0.1406	415.0000
461	0.8095	0.4223	0.1689	0.7784	0.0970	0.8530	16.8000	0.0860	343.0000	55.0000	0.1603	436.0000
462	0.7659	0.4240	0.1720	0.7791	0.1004	0.8349	16.8000	0.1196	359.0000	62.0000	0.1727	443.0000
463	0.8144	0.4248	0.1806	0.7975	0.1036	0.8610	16.9000	0.1044	387.0000	49.0000	0.1266	435.0000
464	0.8150	0.4223	0.1874	0.8002	0.1053	0.8632	17.1000	0.0957	417.0000	57.0000	0.1367	447.0000
465	0.8283	0.4256	0.1687	0.8658	0.1060	0.8970	16.9000	0.0761	374.0000	44.0000	0.1176	421.0000
466	0.7704	0.4256	0.1702	0.7804	0.0979	0.8672	17.1000	0.1055	378.0000	54.0000	0.1429	423.0000
467	0.7938	0.4252	0.1825	0.8412	0.0996	0.8773	16.7000	0.1002	373.0000	53.0000	0.1421	432.0000
468	0.7942	0.4244	0.1682	0.8468	0.0977	0.8771	16.8000	0.0825	318.0000	41.0000	0.1289	415.0000
469	0.7975	0.4219	0.1641	0.8119	0.0953	0.8756	16.7000	0.0977	377.0000	52.0000	0.1379	427.0000
470	0.8176	0.4232	0.1817	0.8155	0.1083	0.8550	16.8000	0.0973	378.0000	56.0000	0.1481	442.0000
471	0.8406	0.4236	0.1685	0.8157	0.1006	0.8821	17.1000	0.0851	357.0000	52.0000	0.1457	434.0000
472	0.8177	0.4170	0.1482	0.8029	0.0986	0.8571	16.8000	0.1005	323.0000	54.0000	0.1672	417.0000
473	0.8116	0.4351	0.1881	0.8080	0.1094	0.8687	16.8000	0.0904	426.0000	58.0000	0.1362	477.0000
474	0.7686	0.4273	0.1692	0.8455	0.1086	0.8613	16.8000	0.1147	388.0000	51.0000	0.1314	435.0000
475	0.7905	0.4256	0.1582	0.8159	0.0961	0.8573	16.9000	0.0991	354.0000	52.0000	0.1469	422.0000
476	0.8128	0.4248	0.1811	0.8599	0.1015	0.8623	17.2000	0.0948	370.0000	51.0000	0.1378	433.0000
477	0.8082	0.4322	0.1783	0.8108	0.1046	0.8808	17.0000	0.0786	392.0000	50.0000	0.1276	452.0000
478	0.8034	0.4277	0.1775	0.7779	0.1057	0.8569	16.8000	0.1002	360.0000	54.0000	0.1500	414.0000
479	0.7954	0.4248	0.1831	0.8296	0.1058	0.8567	17.0000	0.1106	366.0000	50.0000	0.1366	422.0000
480	0.7737	0.4186	0.1550	0.8037	0.0933	0.8125	16.8000	0.1360	332.0000	58.0000	0.1747	399.0000
481	0.7789	0.4244	0.1738	0.7881	0.1041	0.8511	16.7000	0.1131	403.0000	56.0000	0.1390	442.0000
482	0.8067	0.4248	0.1833	0.8178	0.1094	0.8514	17.0000	0.0978	430.0000	51.0000	0.1186	470.0000
483	0.7799	0.4252	0.1653	0.8230	0.1038	0.8646	17.0000	0.1107	383.0000	55.0000	0.1436	445.0000
484	0.7236	0.4194	0.1744	0.7762	0.1011	0.8383	16.9000	0.1099	378.0000	57.0000	0.1508	417.0000
485	0.7736	0.4223	0.1712	0.8025	0.1020	0.8406	16.8000	0.1176	388.0000	55.0000	0.1418	422.0000
486	0.8155	0.4285	0.1868	0.8199	0.1040	0.8600	16.9000	0.0891	377.0000	51.0000	0.1353	452.0000
487	0.8144	0.4236	0.1853	0.7737	0.1036	0.8724	16.8000	0.0792	381.0000	54.0000	0.1417	439.0000
488	0.8087	0.4273	0.1744	0.8280	0.1014	0.8801	16.9000	0.0894	369.0000	46.0000	0.1247	435.0000
489	0.7431	0.4227	0.1630	0.7985	0.1019	0.8575	16.7000	0.0988	394.0000	55.0000	0.1396	445.0000
490	0.7652	0.4162	0.1569	0.8060	0.0915	0.8396	17.0000	0.1200	322.0000	51.0000	0.1584	388.0000
491	0.7679	0.4265	0.1799	0.8119	0.1015	0.8267	16.9000	0.1327	398.0000	67.0000	0.1683	434.0000
492	0.7864	0.4252	0.1680	0.7862	0.1031	0.8638	16.9000	0.1000	340.0000	54.0000	0.1588	418.0000
493	0.7295	0.4199	0.1799	0.7790	0.1057	0.8458	16.9000	0.1228	401.0000	61.0000	0.1521	456.0000
494	0.8099	0.4248	0.1631	0.8145	0.0968	0.8553	17.0000	0.1009	363.0000	54.0000	0.1488	407.0000
495	0.8152	0.4211	0.1649	0.8353	0.0949	0.8709	16.9000	0.0989	334.0000	51.0000	0.1527	386.0000
496	0.7905	0.4347	0.1887	0.8122	0.1088	0.8702	16.8000	0.0970	425.0000	51.0000	0.1200	463.0000
497	0.8184	0.4227	0.1700	0.8156	0.0999	0.8756	16.9000	0.0847	348.0000	47.0000	0.1351	420.0000
498	0.7155	0.4236	0.1641	0.7750	0.1032	0.8500	16.8000	0.1236	402.0000	56.0000	0.1393	446.0000
499	0.8027	0.4199	0.1720	0.7968	0.0934	0.8447	16.8000	0.1130	332.0000	54.0000	0.1627	398.0000
500	0.8040	0.4153	0.1638	0.8128	0.0965	0.8650	16.9000	0.0850	326.0000	50.0000	0.1534	413.0000
501	0.7618	0.4223	0.1739	0.8000	0.0972	0.8144	16.9000	0.1306	332.0000	62.0000	0.1867	400.0000
502	0.8316	0.4256	0.1814	0.7906	0.1038	0.8859	16.9000	0.0786	367.0000	51.0000	0.1390	419.0000
503	0.7907	0.4289	0.1709	0.8315	0.0973	0.8399	17.0000	0.1188	353.0000	55.0000	0.1558	391.0000
504	0.8344	0.4265	0.1674	0.8470	0.0988	0.8808	17.0000	0.0726	355.0000	44.0000	0.1239	388.0000
505	0.7406	0.4215	0.1663	0.8326	0.1024	0.8509	16.7000	0.1123	381.0000	50.0000	0.1312	414.0000
506	0.7938	0.4236	0.1699	0.8573	0.1033	0.8798	16.9000	0.1029	383.0000	47.0000	0.1227	417.0000
507	0.7839	0.4211	0.1720	0.7908	0.1010	0.8480	16.7000	0.1130	382.0000	56.0000	0.1466	446.0000
508	0.8075	0.4219	0.1692	0.7960	0.1031	0.8700	16.8000	0.0861	376.0000	54.0000	0.1436	460.0000
509	0.7665	0.4178	0.1565	0.8276	0.0928	0.8689	16.8000	0.1047	348.0000	46.0000	0.1322	386.0000
510	0.8117	0.4227	0.1808	0.7979	0.1052	0.8749	16.9000	0.0796	422.0000	55.0000	0.1303	478.0000
511	0.7782	0.4232	0.1630	0.7992	0.0990	0.8644	17.0000	0.0956	377.0000	53.0000	0.1406	434.0000
512	0.8041	0.4302	0.1879	0.8233	0.1088	0.8649	16.8000	0.1015	353.0000	50.0000	0.1416	442.0000
513	0.7753	0.4203	0.1701	0.8096	0.1024	0.8256	16.9000	0.1320	351.0000	57.0000	0.1624	408.0000
514	0.7954	0.4232	0.1738	0.7835	0.0980	0.8503	17.0000	0.1154	375.0000	58.0000	0.1547	425.0000
515	0.8090	0.4285	0.1788	0.8588	0.1047	0.8617	17.0000	0.0986	392.0000	48.0000	0.1224	458.0000
516	0.7736	0.4207	0.1640	0.8075	0.1050	0.8564	16.9000	0.1064	391.0000	55.0000	0.1407	435.0000
517	0.7462	0.4277	0.1742	0.8113	0.1030	0.8574	17.1000	0.0870	393.0000	48.0000	0.1221	424.0000
518	0.7984	0.4281	0.1774	0.8354	0.0993	0.8751	16.9000	0.0998	357.0000	49.0000	0.1373	399.0000
519	0.7925	0.4289	0.1857	0.8208	0.1040	0.8691	16.8000	0.0935	416.0000	56.0000	0.1346	464.0000
520	0.7754	0.4178	0.1577	0.7975	0.0927	0.8410	16.9000	0.1220	346.0000	57.0000	0.1647	386.0000
521	0.7858	0.4227	0.1533	0.8004	0.0957	0.8520	17.1000	0.1069	362.0000	54.0000	0.1492	389.0000
522	0.7966	0.4252	0.1716	0.8141	0.0955	0.8613	16.8000	0.1076	337.0000	53.0000	0.1573	393.0000
523	0.7309	0.4178	0.1502	0.8335	0.0952	0.8608	17.0000	0.1090	353.0000	52.0000	0.1473	409.0000
524	0.8218	0.4256	0.1707	0.8392	0.0999	0.8808	16.9000	0.1043	356.0000	47.0000	0.1320	415.0000
525	0.8115	0.4236	0.1777	0.8540	0.1053	0.8936	16.9000	0.0667	364.0000	40.0000	0.1099	433.0000
526	0.8150	0.4219	0.1831	0.8005	0.1048	0.8630	16.9000	0.0794	395.0000	49.0000	0.1241	453.0000
527	0.7874	0.4248	0.1745	0.7985	0.1033	0.8526	16.8000	0.1156	386.0000	56.0000	0.1451	428.0000
528	0.7810	0.4240	0.1643	0.7781	0.0951	0.8354	16.9000	0.1237	355.0000	62.0000	0.1746	405.0000
529	0.8428	0.4248	0.1808	0.8219	0.1069	0.8845	16.7000	0.0867	399.0000	49.0000	0.1228	449.0000
530	0.7597	0.4277	0.1838	0.7996	0.1044	0.8670	16.9000	0.1029	364.0000	51.0000	0.1401	420.0000
531	0.8269	0.4269	0.1815	0.8583	0.1060	0.8938	16.9000	0.0797	406.0000	41.0000	0.1010	431.0000
532	0.8329	0.4265	0.1865	0.8020	0.1012	0.8671	16.9000	0.0819	404.0000	59.0000	0.1460	475.0000
533	0.8053	0.4203	0.1717	0.8327	0.0965	0.8942	16.7000	0.0714	343.0000	42.0000	0.1224	398.0000
534	0.7896	0.4219	0.1848	0.7951	0.1009	0.8573	17.0000	0.1106	402.0000	54.0000	0.1343	425.0000
535	0.8456	0.4199	0.1677	0.8419	0.1014	0.8622	16.9000	0.0752	361.0000	50.0000	0.1385	422.0000
536	0.7727	0.4219	0.1743	0.8078	0.1012	0.8499	16.9000	0.1073	350.0000	53.0000	0.1514	422.0000
537	0.7468	0.4153	0.1736	0.7820	0.1057	0.8442	16.8000	0.1172	388.0000	56.0000	0.1443	466.0000
538	0.7608	0.4186	0.1681	0.8470	0.0964	0.8357	16.7000	0.1283	340.0000	55.0000	0.1618	407.0000
539	0.8454	0.4219	0.1644	0.8333	0.0952	0.8924	16.8000	0.0715	359.0000	42.0000	0.1170	404.0000
540	0.8120	0.4273	0.1671	0.8472	0.0977	0.8632	17.0000	0.1016	334.0000	49.0000	0.1467	405.0000
541	0.8089	0.4203	0.1747	0.8376	0.1020	0.8730	17.0000	0.0923	368.0000	48.0000	0.1304	419.0000
542	0.7967	0.4285	0.1724	0.8261	0.1044	0.8520	16.9000	0.0958	365.0000	53.0000	0.1452	450.0000
543	0.8086	0.4240	0.1631	0.8403	0.1016	0.8833	16.8000	0.0708	353.0000	44.0000	0.1246	423.0000
544	0.8295	0.4153	0.1549	0.8504	0.0885	0.8943	17.0000	0.0792	323.0000	38.0000	0.1176	391.0000
545	0.7646	0.4240	0.1662	0.8266	0.1022	0.8480	16.7000	0.1151	362.0000	53.0000	0.1464	433.0000
546	0.7752	0.4244	0.1665	0.8211	0.1015	0.8440	16.9000	0.1199	365.0000	56.0000	0.1534	416.0000
547	0.7866	0.4277	0.1718	0.8010	0.1029	0.8638	17.0000	0.1021	409.0000	52.0000	0.1271	452.0000
548	0.8061	0.4252	0.1685	0.8134	0.1008	0.8474	16.8000	0.1019	344.0000	57.0000	0.1657	444.0000
549	0.8062	0.4269	0.1785	0.8245	0.1017	0.8716	16.9000	0.1051	367.0000	48.0000	0.1308	446.0000
550	0.7741	0.4306	0.1805	0.7775	0.1128	0.8495	16.9000	0.1107	447.0000	61.0000	0.1365	492.0000
551	0.7944	0.4190	0.1571	0.8250	0.0943	0.8722	16.9000	0.1049	357.0000	49.0000	0.1373	384.0000
552	0.7775	0.4223	0.1745	0.8114	0.0994	0.8625	17.0000	0.0996	369.0000	52.0000	0.1409	420.0000
553	0.7977	0.4273	0.1812	0.7972	0.1082	0.8637	16.7000	0.1045	398.0000	51.0000	0.1281	461.0000
554	0.7450	0.4207	0.1638	0.7927	0.0959	0.8382	16.8000	0.1322	345.0000	53.0000	0.1536	424.0000
555	0.8007	0.4190	0.1729	0.8243	0.0999	0.8783	16.9000	0.0930	354.0000	43.0000	0.1215	405.0000
556	0.7488	0.4232	0.1583	0.7954	0.0955	0.8361	16.8000	0.1341	365.0000	59.0000	0.1616	391.0000
557	0.8165	0.4265	0.1774	0.8021	0.1026	0.8670	16.8000	0.0861	407.0000	56.0000	0.1376	431.0000
558	0.8053	0.4207	0.1783	0.8451	0.1009	0.8574	17.0000	0.1069	375.0000	50.0000	0.1333	409.0000
559	0.8176	0.4199	0.1764	0.8729	0.1007	0.8843	16.9000	0.0892	345.0000	44.0000	0.1275	383.0000
560	0.7462	0.4285	0.1740	0.8034	0.0996	0.8481	16.9000	0.1221	376.0000	57.0000	0.1516	447.0000
561	0.7373	0.4162	0.1602	0.8164	0.0936	0.8342	17.0000	0.1181	314.0000	57.0000	0.1815	379.0000
562	0.7982	0.4244	0.1579	0.8474	0.0955	0.8634	16.9000	0.1068	334.0000	45.0000	0.1347	401.0000
563	0.8188	0.4240	0.1752	0.8119	0.1019	0.8710	16.7000	0.0892	419.0000	54.0000	0.1289	456.0000
564	0.7739	0.4178	0.1653	0.8069	0.0960	0.8597	16.8000	0.1093	341.0000	49.0000	0.1437	400.0000
565	0.8151	0.4240	0.1776	0.8140	0.1026	0.8712	16.7000	0.1019	415.0000	55.0000	0.1325	454.0000
566	0.7888	0.4190	0.1574	0.8143	0.0943	0.8823	17.0000	0.0963	334.0000	48.0000	0.1437	391.0000
567	0.8257	0.4248	0.1743	0.8366	0.0979	0.8558	17.0000	0.0966	343.0000	55.0000	0.1603	425.0000
568	0.8291	0.4256	0.1692	0.8193	0.1046	0.8897	16.9000	0.0686	404.0000	51.0000	0.1262	447.0000
569	0.7984	0.4260	0.1619	0.8053	0.0977	0.8517	16.9000	0.0917	366.0000	57.0000	0.1557	423.0000
570	0.7675	0.4285	0.1752	0.8096	0.1006	0.8547	16.9000	0.1139	353.0000	50.0000	0.1416	438.0000
571	0.8207	0.4244	0.1887	0.7909	0.1112	0.8745	16.8000	0.0931	396.0000	52.0000	0.1313	469.0000
572	0.8070	0.4236	0.1795	0.7980	0.1064	0.8687	16.8000	0.0932	374.0000	52.0000	0.1390	435.0000
573	0.7828	0.4244	0.1789	0.8058	0.0995	0.8515	16.8000	0.1037	366.0000	54.0000	0.1475	427.0000
574	0.7780	0.4260	0.1705	0.7888	0.1023	0.8457	16.9000	0.1147	399.0000	61.0000	0.1529	419.0000
575	0.7773	0.4297	0.1689	0.8285	0.0986	0.8540	16.8000	0.1211	354.0000	53.0000	0.1497	394.0000
576	0.7755	0.4162	0.1624	0.8124	0.0940	0.8503	16.8000	0.1139	331.0000	53.0000	0.1601	407.0000
577	0.7691	0.4244	0.1737	0.7930	0.1055	0.8279	17.0000	0.1158	369.0000	62.0000	0.1680	462.0000
578	0.8104	0.4252	0.1729	0.7941	0.1054	0.8502	16.8000	0.1079	411.0000	59.0000	0.1436	455.0000
579	0.7678	0.4186	0.1656	0.8040	0.1019	0.8390	17.0000	0.1226	379.0000	58.0000	0.1530	454.0000
580	0.7863	0.4236	0.1695	0.8502	0.0999	0.8524	16.8000	0.1082	369.0000	49.0000	0.1328	423.0000
581	0.8313	0.4211	0.1710	0.8468	0.1035	0.8758	16.9000	0.0961	406.0000	50.0000	0.1232	430.0000
582	0.7893	0.4260	0.1808	0.7829	0.1050	0.8646	16.9000	0.1082	376.0000	56.0000	0.1489	448.0000
583	0.7838	0.4248	0.1795	0.8021	0.1032	0.8513	16.9000	0.1011	350.0000	61.0000	0.1743	428.0000
584	0.7774	0.4269	0.1724	0.8098	0.1016	0.8666	16.7000	0.1008	394.0000	55.0000	0.1396	436.0000
585	0.7655	0.4219	0.1803	0.7728	0.1104	0.8282	16.8000	0.1332	431.0000	68.0000	0.1578	470.0000
586	0.8231	0.4223	0.1600	0.8251	0.0983	0.8779	16.9000	0.0976	408.0000	47.0000	0.1152	443.0000
587	0.8354	0.4248	0.1724	0.8364	0.0999	0.8742	16.9000	0.0951	393.0000	50.0000	0.1272	458.0000
588	0.7452	0.4302	0.1744	0.8082	0.1034	0.8532	16.9000	0.1361	390.0000	56.0000	0.1436	464.0000
589	0.8160	0.4203	0.1734	0.8211	0.1032	0.8519	16.9000	0.1032	382.0000	55.0000	0.1440	433.0000
590	0.8498	0.4269	0.1835	0.7987	0.1028	0.8921	16.9000	0.0645	393.0000	45.0000	0.1145	462.0000
591	0.8417	0.4190	0.1683	0.8275	0.1015	0.8834	16.8000	0.0761	361.0000	48.0000	0.1330	412.0000
592	0.8334	0.4174	0.1589	0.8215	0.0921	0.8535	16.9000	0.0962	328.0000	49.0000	0.1494	390.0000
593	0.7582	0.4215	0.1877	0.8321	0.1025	0.8629	16.8000	0.1056	390.0000	45.0000	0.1154	401.0000
594	0.7750	0.4174	0.1687	0.8287	0.1003	0.8566	16.8000	0.0962	339.0000	51.0000	0.1504	429.0000
595	0.7599	0.4285	0.1791	0.8525	0.1058	0.8675	16.9000	0.0994	371.0000	49.0000	0.1321	437.0000
596	0.7748	0.4248	0.1627	0.8004	0.1067	0.8458	16.9000	0.1062	342.0000	54.0000	0.1579	430.0000
597	0.7881	0.4260	0.1760	0.8009	0.1062	0.8567	17.0000	0.1109	375.0000	58.0000	0.1547	433.0000
598	0.7891	0.4236	0.1679	0.8253	0.1010	0.8551	17.0000	0.0968	375.0000	49.0000	0.1307	434.0000
599	0.7565	0.4166	0.1649	0.7900	0.0937	0.8485	16.8000	0.1157	346.0000	53.0000	0.1532	402.0000
600	0.7850	0.4232	0.1726	0.8193	0.1000	0.8460	16.8000	0.1168	368.0000	58.0000	0.1576	410.0000
601	0.8353	0.4157	0.1589	0.8208	0.0995	0.8528	17.0000	0.1078	363.0000	58.0000	0.1598	438.0000
602	0.7782	0.4244	0.1746	0.8133	0.1043	0.8664	16.8000	0.0976	414.0000	50.0000	0.1208	433.0000
603	0.8178	0.4203	0.1818	0.8506	0.1007	0.8578	17.0000	0.0991	336.0000	49.0000	0.1458	418.0000
604	0.7999	0.4281	0.1737	0.7986	0.1062	0.8755	16.7000	0.0809	387.0000	54.0000	0.1395	454.0000
605	0.8273	0.4194	0.1649	0.8307	0.0930	0.8873	16.9000	0.0906	342.0000	44.0000	0.1287	400.0000
606	0.7871	0.4248	0.1799	0.7683	0.1017	0.8611	16.8000	0.0899	389.0000	55.0000	0.1414	435.0000
607	0.7592	0.4260	0.1771	0.7794	0.1112	0.8428	17.1000	0.1055	399.0000	57.0000	0.1429	473.0000
608	0.8182	0.4215	0.1676	0.7968	0.0975	0.8604	16.8000	0.1092	404.0000	57.0000	0.1411	428.0000
609	0.7633	0.4269	0.1686	0.7890	0.1061	0.8563	17.2000	0.0915	396.0000	56.0000	0.1414	435.0000
610	0.8457	0.4244	0.1755	0.8383	0.1012	0.8761	16.8000	0.0727	359.0000	45.0000	0.1253	408.0000
611	0.7702	0.4281	0.1873	0.8183	0.1100	0.8452	17.0000	0.1044	402.0000	56.0000	0.1393	451.0000
612	0.7779	0.4248	0.1815	0.8227	0.1034	0.8630	16.9000	0.0866	397.0000	53.0000	0.1335	425.0000
613	0.8177	0.4347	0.1843	0.8039	0.1088	0.8813	16.7000	0.0839	391.0000	52.0000	0.1330	491.0000
614	0.7968	0.4223	0.1660	0.8172	0.1014	0.8531	16.7000	0.1083	384.0000	53.0000	0.1380	436.0000
615	0.8094	0.4256	0.1849	0.8280	0.1063	0.8860	16.9000	0.0813	394.0000	45.0000	0.1142	437.0000
616	0.7639	0.4335	0.1795	0.8035	0.1062	0.8612	16.9000	0.1144	387.0000	57.0000	0.1473	473.0000
617	0.8203	0.4260	0.1720	0.8440	0.0989	0.8547	16.7000	0.1108	334.0000	47.0000	0.1407	362.0000
618	0.7976	0.4256	0.1780	0.7993	0.1067	0.8821	16.9000	0.0845	343.0000	49.0000	0.1429	460.0000
619	0.7918	0.4256	0.1742	0.8026	0.1046	0.8559	16.7000	0.0997	373.0000	55.0000	0.1475	435.0000
620	0.8418	0.4199	0.1701	0.8004	0.0995	0.8775	16.9000	0.0811	369.0000	48.0000	0.1301	404.0000
621	0.8292	0.4227	0.1643	0.8303	0.0937	0.8798	16.7000	0.0928	363.0000	48.0000	0.1322	438.0000
622	0.8403	0.4194	0.1573	0.8265	0.0948	0.8809	16.9000	0.0878	346.0000	48.0000	0.1387	424.0000
623	0.7857	0.4244	0.1706	0.8089	0.0934	0.8557	17.1000	0.1159	333.0000	57.0000	0.1712	403.0000
624	0.8276	0.4215	0.1649	0.7890	0.1004	0.8705	16.7000	0.0834	335.0000	50.0000	0.1493	425.0000
625	0.7791	0.4265	0.1701	0.8366	0.0975	0.8685	16.8000	0.1002	359.0000	46.0000	0.1281	411.0000
626	0.8377	0.4326	0.1787	0.8209	0.1000	0.8932	16.8000	0.0735	403.0000	48.0000	0.1191	432.0000
627	0.7865	0.4269	0.1911	0.8049	0.1074	0.8651	16.9000	0.0988	426.0000	54.0000	0.1268	480.0000
628	0.7955	0.4194	0.1744	0.8347	0.1026	0.8715	17.0000	0.0946	380.0000	45.0000	0.1184	440.0000
629	0.8111	0.4285	0.1759	0.8302	0.0988	0.8707	17.0000	0.0853	361.0000	51.0000	0.1413	453.0000
630	0.7757	0.4281	0.1689	0.7910	0.1010	0.8525	16.9000	0.1037	361.0000	50.0000	0.1385	401.0000
631	0.8214	0.4207	0.1698	0.7877	0.1006	0.8660	16.9000	0.0929	375.0000	51.0000	0.1360	421.0000
632	0.7443	0.4178	0.1523	0.7905	0.0937	0.8493	17.0000	0.1189	346.0000	55.0000	0.1590	388.0000
633	0.8000	0.4289	0.1750	0.8327	0.1054	0.8865	16.8000	0.0779	359.0000	45.0000	0.1253	434.0000
634	0.7594	0.4199	0.1678	0.7931	0.1007	0.8299	17.0000	0.1247	369.0000	61.0000	0.1653	412.0000
635	0.8199	0.4252	0.1738	0.7999	0.0965	0.8686	17.1000	0.0781	348.0000	49.0000	0.1408	400.0000
636	0.7791	0.4203	0.1554	0.8025	0.0959	0.8478	16.9000	0.1196	346.0000	54.0000	0.1561	395.0000
637	0.7467	0.4219	0.1669	0.8020	0.1001	0.8602	17.0000	0.1166	372.0000	53.0000	0.1425	402.0000
638	0.8143	0.4302	0.1892	0.8402	0.1100	0.8674	16.8000	0.0948	451.0000	52.0000	0.1153	476.0000
639	0.7873	0.4186	0.1758	0.8039	0.1031	0.8431	17.0000	0.1045	358.0000	52.0000	0.1453	451.0000
640	0.8288	0.4166	0.1571	0.8479	0.0989	0.8765	16.9000	0.0940	338.0000	42.0000	0.1243	411.0000
641	0.7721	0.4219	0.1625	0.8096	0.1010	0.8242	16.7000	0.1197	381.0000	56.0000	0.1470	418.0000
642	0.7730	0.4240	0.1616	0.8339	0.0965	0.8525	17.0000	0.1234	366.0000	55.0000	0.1503	426.0000
643	0.7472	0.4273	0.1724	0.7955	0.0998	0.8300	16.9000	0.1274	331.0000	58.0000	0.1752	416.0000
644	0.7944	0.4248	0.1861	0.7992	0.1091	0.8718	16.9000	0.1037	389.0000	50.0000	0.1285	441.0000
645	0.7952	0.4170	0.1456	0.8342	0.0926	0.8424	17.0000	0.1216	302.0000	50.0000	0.1656	375.0000
646	0.8140	0.4194	0.1728	0.8130	0.0980	0.8726	17.0000	0.0985	353.0000	50.0000	0.1416	418.0000
647	0.8341	0.4277	0.1602	0.8349	0.0927	0.8635	16.8000	0.0881	345.0000	47.0000	0.1362	382.0000
648	0.7554	0.4256	0.1710	0.7918	0.1036	0.8258	16.9000	0.1234	382.0000	59.0000	0.1545	429.0000
649	0.7995	0.4256	0.1857	0.8051	0.1054	0.8436	16.9000	0.1108	397.0000	58.0000	0.1461	490.0000
650	0.8075	0.4248	0.1875	0.7845	0.1016	0.8524	16.9000	0.1150	360.0000	55.0000	0.1528	414.0000
651	0.7972	0.4281	0.1855	0.8067	0.1055	0.8551	16.9000	0.0891	366.0000	54.0000	0.1475	426.0000
652	0.8208	0.4269	0.1713	0.8500	0.0967	0.8971	16.8000	0.0784	341.0000	43.0000	0.1261	427.0000
653	0.7966	0.4215	0.1745	0.8009	0.1014	0.8513	17.0000	0.0910	360.0000	55.0000	0.1528	404.0000
654	0.7663	0.4256	0.1756	0.8175	0.1056	0.8429	16.8000	0.1078	394.0000	59.0000	0.1497	409.0000
655	0.7617	0.4306	0.1730	0.7862	0.1021	0.8502	16.9000	0.1133	380.0000	58.0000	0.1526	409.0000
656	0.7762	0.4252	0.1748	0.7885	0.1023	0.8602	16.9000	0.1004	389.0000	56.0000	0.1440	440.0000
657	0.7841	0.4281	0.1764	0.8290	0.1048	0.8527	16.8000	0.1053	351.0000	52.0000	0.1481	470.0000
658	0.8002	0.4236	0.1579	0.8390	0.0952	0.8647	16.9000	0.0957	334.0000	47.0000	0.1407	385.0000
659	0.7828	0.4265	0.1781	0.8109	0.0997	0.8541	16.9000	0.1121	367.0000	50.0000	0.1362	418.0000
660	0.7408	0.4227	0.1694	0.7927	0.0989	0.8479	16.7000	0.1154	386.0000	56.0000	0.1451	395.0000
661	0.7998	0.4277	0.1843	0.8225	0.1071	0.8798	16.8000	0.0814	405.0000	47.0000	0.1160	441.0000
662	0.7966	0.4194	0.1735	0.7956	0.1013	0.8765	16.9000	0.0888	355.0000	52.0000	0.1465	425.0000
663	0.7853	0.4273	0.1654	0.7866	0.1003	0.8682	17.0000	0.1169	413.0000	55.0000	0.1332	430.0000
664	0.7798	0.4248	0.1762	0.8015	0.0985	0.8517	16.9000	0.1114	342.0000	59.0000	0.1725	423.0000
665	0.8068	0.4273	0.1639	0.8513	0.0972	0.8652	16.9000	0.1106	356.0000	49.0000	0.1376	408.0000
666	0.8017	0.4252	0.1823	0.8222	0.1024	0.8795	16.9000	0.0759	381.0000	48.0000	0.1260	446.0000
667	0.7404	0.4215	0.1780	0.8055	0.1060	0.8346	16.8000	0.1265	377.0000	58.0000	0.1538	424.0000
668	0.7497	0.4273	0.1725	0.8098	0.1019	0.8661	17.0000	0.0997	357.0000	55.0000	0.1541	436.0000
669	0.8223	0.4273	0.1886	0.8327	0.1072	0.8786	16.9000	0.0986	368.0000	48.0000	0.1304	440.0000
670	0.8095	0.4236	0.1718	0.8225	0.1030	0.8624	16.8000	0.0891	384.0000	51.0000	0.1328	453.0000
671	0.8200	0.4277	0.1816	0.8027	0.0999	0.8654	16.9000	0.0895	359.0000	52.0000	0.1448	404.0000
672	0.7634	0.4236	0.1713	0.8175	0.1010	0.8423	17.1000	0.1264	425.0000	61.0000	0.1435	465.0000
673	0.8176	0.4211	0.1781	0.8395	0.1059	0.8729	16.9000	0.0947	364.0000	48.0000	0.1319	431.0000
674	0.7785	0.4306	0.1690	0.7996	0.0952	0.8634	16.9000	0.1029	361.0000	53.0000	0.1468	405.0000
675	0.8151	0.4223	0.1760	0.8205	0.1016	0.8656	17.1000	0.1119	393.0000	53.0000	0.1349	428.0000
676	0.7853	0.4240	0.1722	0.8120	0.0943	0.8654	17.0000	0.0988	345.0000	51.0000	0.1478	406.0000
677	0.7280	0.4219	0.1772	0.8334	0.1040	0.8630	16.8000	0.0782	342.0000	51.0000	0.1491	461.0000
678	0.7877	0.4203	0.1637	0.8040	0.0988	0.8410	17.0000	0.1098	371.0000	54.0000	0.1456	415.0000
679	0.7494	0.4265	0.1719	0.7685	0.1064	0.8308	16.8000	0.1006	378.0000	62.0000	0.1640	444.0000
680	0.8064	0.4277	0.1692	0.8230	0.1017	0.8673	17.1000	0.0930	394.0000	49.0000	0.1244	416.0000
681	0.7520	0.4277	0.1746	0.8243	0.1039	0.8603	17.1000	0.0898	373.0000	52.0000	0.1394	432.0000
682	0.7889	0.4248	0.1708	0.7879	0.0990	0.8875	16.7000	0.0819	389.0000	50.0000	0.1285	422.0000
683	0.8077	0.4260	0.1606	0.8112	0.0996	0.8615	16.8000	0.0924	378.0000	50.0000	0.1323	420.0000
684	0.7814	0.4186	0.1704	0.8149	0.0982	0.8490	16.9000	0.1117	347.0000	57.0000	0.1643	434.0000
685	0.7884	0.4260	0.1766	0.8123	0.1037	0.8478	16.8000	0.1130	396.0000	57.0000	0.1439	475.0000
686	0.8226	0.4215	0.1745	0.8470	0.0989	0.8779	16.7000	0.0932	361.0000	51.0000	0.1413	411.0000
687	0.7768	0.4260	0.1842	0.8325	0.1123	0.8649	16.8000	0.0822	426.0000	53.0000	0.1244	491.0000
688	0.7922	0.4236	0.1659	0.8354	0.1112	0.8470	16.9000	0.1115	422.0000	54.0000	0.1280	466.0000
689	0.7734	0.4236	0.1727	0.8263	0.1041	0.8433	16.9000	0.1237	348.0000	50.0000	0.1437	416.0000
690	0.7747	0.4256	0.1728	0.8231	0.0996	0.8401	16.8000	0.1131	376.0000	54.0000	0.1436	412.0000
691	0.7591	0.4236	0.1653	0.7981	0.0955	0.8486	16.8000	0.0956	328.0000	57.0000	0.1738	395.0000
692	0.7767	0.4265	0.1877	0.7745	0.1083	0.8669	17.0000	0.0914	385.0000	60.0000	0.1558	450.0000
693	0.8043	0.4186	0.1678	0.8315	0.1050	0.8495	17.1000	0.1237	368.0000	53.0000	0.1440	432.0000
694	0.7857	0.4281	0.1727	0.8405	0.1028	0.8592	16.9000	0.1053	388.0000	51.0000	0.1314	434.0000
695	0.7454	0.4174	0.1706	0.8139	0.1015	0.8608	16.7000	0.1083	398.0000	53.0000	0.1332	411.0000
696	0.7745	0.4199	0.1636	0.7995	0.0958	0.8113	17.0000	0.1248	309.0000	58.0000	0.1877	367.0000
697	0.7539	0.4256	0.1692	0.7915	0.1034	0.8492	16.9000	0.1273	386.0000	53.0000	0.1373	421.0000
698	0.7841	0.4244	0.1661	0.8149	0.1002	0.8548	16.9000	0.1181	344.0000	49.0000	0.1424	402.0000
699	0.8294	0.4289	0.1710	0.8229	0.1059	0.8763	16.9000	0.0693	408.0000	48.0000	0.1176	478.0000
700	0.7806	0.4182	0.1828	0.8440	0.1113	0.8841	16.8000	0.0807	383.0000	42.0000	0.1097	428.0000
701	0.7804	0.4203	0.1700	0.8174	0.0945	0.8869	16.8000	0.0962	364.0000	52.0000	0.1429	415.0000
702	0.7654	0.4256	0.1709	0.8060	0.0996	0.8420	16.8000	0.1335	355.0000	52.0000	0.1465	407.0000
703	0.7076	0.4232	0.1620	0.7879	0.0994	0.8399	16.7000	0.1129	329.0000	52.0000	0.1581	409.0000
704	0.8086	0.4269	0.1763	0.8150	0.1004	0.8541	16.9000	0.0969	377.0000	55.0000	0.1459	453.0000
705	0.7900	0.4256	0.1641	0.8293	0.0966	0.8739	16.9000	0.0871	339.0000	50.0000	0.1475	413.0000
706	0.8482	0.4281	0.1715	0.7953	0.0994	0.9015	17.0000	0.0700	380.0000	44.0000	0.1158	450.0000
707	0.8167	0.4248	0.1630	0.8232	0.0978	0.8590	16.7000	0.0894	398.0000	55.0000	0.1382	427.0000
708	0.7946	0.4232	0.1846	0.8185	0.1075	0.8659	16.9000	0.0982	403.0000	51.0000	0.1266	435.0000
709	0.8410	0.4306	0.1874	0.8224	0.1038	0.8820	16.9000	0.0922	383.0000	51.0000	0.1332	415.0000
710	0.7444	0.4211	0.1579	0.8114	0.1011	0.8790	17.1000	0.0909	356.0000	46.0000	0.1292	414.0000
711	0.7226	0.4182	0.1668	0.7832	0.0972	0.8415	17.0000	0.1151	345.0000	58.0000	0.1681	387.0000
712	0.8138	0.4273	0.1884	0.8320	0.1023	0.8602	17.0000	0.1022	355.0000	53.0000	0.1493	409.0000
713	0.8153	0.4170	0.1733	0.8538	0.0997	0.8589	16.8000	0.1061	384.0000	47.0000	0.1224	407.0000
714	0.8234	0.4178	0.1729	0.7880	0.0997	0.8642	16.8000	0.1051	358.0000	56.0000	0.1564	438.0000
715	0.7995	0.4273	0.1657	0.8160	0.0959	0.8610	16.8000	0.0969	397.0000	55.0000	0.1385	417.0000
716	0.8070	0.4265	0.1780	0.8028	0.1064	0.8601	16.8000	0.1070	372.0000	53.0000	0.1425	419.0000
717	0.7565	0.4240	0.1756	0.8061	0.1038	0.8419	16.9000	0.1053	354.0000	52.0000	0.1469	428.0000
718	0.7688	0.4219	0.1747	0.7912	0.1041	0.8392	17.0000	0.1073	366.0000	58.0000	0.1585	417.0000
719	0.7660	0.4162	0.1561	0.7845	0.0998	0.8470	16.9000	0.1092	360.0000	51.0000	0.1417	399.0000
720	0.7882	0.4256	0.1671	0.8259	0.0955	0.8586	16.9000	0.1269	366.0000	55.0000	0.1503	419.0000
721	0.8128	0.4207	0.1693	0.8163	0.1013	0.8717	16.8000	0.0936	360.0000	49.0000	0.1361	406.0000
722	0.8152	0.4207	0.1831	0.8115	0.0979	0.8657	17.0000	0.0895	359.0000	48.0000	0.1337	373.0000
723	0.7750	0.4256	0.1816	0.8060	0.1079	0.8615	16.8000	0.0778	396.0000	55.0000	0.1389	464.0000
724	0.7693	0.4240	0.1622	0.8028	0.0987	0.8145	16.8000	0.1255	376.0000	55.0000	0.1463	412.0000
725	0.8266	0.4256	0.1784	0.8031	0.0999	0.8738	16.9000	0.1023	368.0000	50.0000	0.1359	410.0000
726	0.8143	0.4260	0.1680	0.8260	0.0970	0.8596	16.9000	0.0906	366.0000	53.0000	0.1448	407.0000
727	0.7742	0.4215	0.1650	0.8327	0.0983	0.8568	16.8000	0.1233	391.0000	57.0000	0.1458	426.0000
728	0.7992	0.4232	0.1779	0.7746	0.1071	0.8466	16.7000	0.1085	423.0000	60.0000	0.1418	450.0000
729	0.7504	0.4302	0.1740	0.7956	0.1061	0.8513	17.0000	0.1018	393.0000	56.0000	0.1425	447.0000
730	0.7540	0.4207	0.1495	0.8239	0.0903	0.8383	17.0000	0.1249	315.0000	52.0000	0.1651	386.0000
731	0.7436	0.4269	0.1657	0.7954	0.0983	0.8344	16.9000	0.1201	359.0000	55.0000	0.1532	411.0000
732	0.7923	0.4186	0.1696	0.8306	0.1030	0.8665	16.8000	0.0873	386.0000	50.0000	0.1295	422.0000
733	0.7503	0.4236	0.1682	0.8049	0.0997	0.8484	17.0000	0.1106	383.0000	52.0000	0.1358	427.0000
734	0.7769	0.4273	0.1837	0.8307	0.1082	0.8541	16.9000	0.1030	402.0000	53.0000	0.1318	428.0000
735	0.8108	0.4236	0.1749	0.8206	0.0989	0.8748	17.0000	0.0883	361.0000	49.0000	0.1357	410.0000
736	0.7834	0.4215	0.1639	0.8135	0.0947	0.8626	17.0000	0.1080	313.0000	50.0000	0.1597	390.0000
737	0.7946	0.4240	0.1768	0.8024	0.1035	0.8750	16.8000	0.1008	377.0000	52.0000	0.1379	415.0000
738	0.7873	0.4256	0.1695	0.7940	0.1015	0.8684	16.9000	0.1115	405.0000	50.0000	0.1235	432.0000
739	0.7550	0.4236	0.1632	0.7883	0.0937	0.8447	17.0000	0.1156	337.0000	54.0000	0.1602	403.0000
740	0.7663	0.4186	0.1646	0.8281	0.1017	0.8542	16.9000	0.1171	408.0000	48.0000	0.1176	428.0000
741	0.7996	0.4194	0.1672	0.7865	0.1031	0.8602	16.7000	0.1073	390.0000	53.0000	0.1359	419.0000
742	0.7639	0.4199	0.1692	0.7996	0.0959	0.8668	16.9000	0.1218	369.0000	52.0000	0.1409	411.0000
743	0.8008	0.4240	0.1635	0.8293	0.0970	0.8750	16.9000	0.0934	346.0000	49.0000	0.1416	416.0000
744	0.8673	0.4289	0.1751	0.8406	0.1011	0.8765	17.0000	0.0835	375.0000	45.0000	0.1200	425.0000
745	0.8154	0.4269	0.1688	0.8253	0.1009	0.8786	17.1000	0.0883	332.0000	48.0000	0.1446	408.0000
746	0.8295	0.4211	0.1613	0.8340	0.1003	0.8622	16.8000	0.1022	353.0000	49.0000	0.1388	422.0000
747	0.7819	0.4293	0.1774	0.8093	0.1005	0.8694	17.0000	0.0911	361.0000	54.0000	0.1496	420.0000
748	0.8048	0.4211	0.1676	0.8378	0.0943	0.8663	16.9000	0.1125	331.0000	48.0000	0.1450	387.0000
749	0.7960	0.4289	0.1779	0.8121	0.1085	0.8712	16.9000	0.0852	396.0000	52.0000	0.1313	438.0000
750	0.7966	0.4240	0.1779	0.7930	0.1063	0.8575	17.0000	0.0866	371.0000	53.0000	0.1429	441.0000
751	0.7883	0.4265	0.1733	0.7703	0.1016	0.8477	16.9000	0.1132	384.0000	58.0000	0.1510	442.0000
752	0.7749	0.4265	0.1772	0.8152	0.1050	0.8389	16.8000	0.0988	376.0000	56.0000	0.1489	421.0000
753	0.7901	0.4265	0.1769	0.8153	0.1025	0.8706	16.9000	0.0848	375.0000	50.0000	0.1333	444.0000
754	0.8309	0.4269	0.1808	0.7868	0.1026	0.8697	16.8000	0.0881	398.0000	51.0000	0.1281	442.0000
755	0.8152	0.4289	0.1834	0.8245	0.1076	0.8789	17.0000	0.0853	401.0000	48.0000	0.1197	444.0000
756	0.7912	0.4232	0.1650	0.8373	0.0982	0.8690	16.9000	0.0877	351.0000	48.0000	0.1368	400.0000
757	0.7683	0.4265	0.1825	0.8169	0.1016	0.8350	17.0000	0.1308	376.0000	54.0000	0.1436	433.0000
758	0.7849	0.4273	0.1697	0.8185	0.0981	0.8431	16.9000	0.1202	364.0000	53.0000	0.1456	408.0000
759	0.7217	0.4219	0.1668	0.7957	0.0994	0.8406	17.1000	0.0980	362.0000	56.0000	0.1547	397.0000
760	0.8411	0.4277	0.1894	0.8464	0.1042	0.8895	17.0000	0.0807	359.0000	45.0000	0.1253	403.0000
761	0.8191	0.4194	0.1622	0.8516	0.0955	0.8761	16.9000	0.0983	371.0000	44.0000	0.1186	416.0000
762	0.7989	0.4265	0.1675	0.8313	0.1015	0.8628	16.9000	0.1073	392.0000	51.0000	0.1301	433.0000
763	0.8321	0.4306	0.1832	0.8190	0.1083	0.8789	16.8000	0.0802	396.0000	50.0000	0.1263	448.0000
764	0.8189	0.4215	0.1671	0.8075	0.0983	0.8878	17.1000	0.0867	361.0000	50.0000	0.1385	411.0000
765	0.8004	0.4199	0.1617	0.8348	0.0989	0.8689	16.9000	0.0960	364.0000	48.0000	0.1319	406.0000
766	0.8239	0.4232	0.1755	0.8233	0.0989	0.8803	16.7000	0.0795	393.0000	48.0000	0.1221	456.0000
767	0.7829	0.4285	0.1723	0.7664	0.1058	0.8621	16.9000	0.0908	391.0000	54.0000	0.1381	461.0000
768	0.8003	0.4227	0.1932	0.8033	0.1059	0.8586	16.7000	0.1026	404.0000	54.0000	0.1337	456.0000
769	0.7822	0.4199	0.1820	0.7703	0.1043	0.8689	16.9000	0.0891	370.0000	52.0000	0.1405	432.0000
770	0.7697	0.4265	0.1707	0.7801	0.1026	0.8324	16.9000	0.1136	367.0000	59.0000	0.1608	437.0000
771	0.8141	0.4244	0.1724	0.8135	0.1016	0.8697	16.8000	0.0882	388.0000	53.0000	0.1366	433.0000
772	0.7881	0.4203	0.1735	0.7920	0.1024	0.8504	17.0000	0.1028	358.0000	54.0000	0.1508	423.0000
773	0.7790	0.4265	0.1668	0.8105	0.1000	0.8498	16.8000	0.1128	362.0000	53.0000	0.1464	437.0000
774	0.7263	0.4335	0.1908	0.7789	0.1108	0.8218	17.0000	0.1415	424.0000	66.0000	0.1557	469.0000
775	0.7838	0.4211	0.1830	0.8055	0.1098	0.8467	16.8000	0.1119	385.0000	54.0000	0.1403	434.0000
776	0.7593	0.4260	0.1783	0.8054	0.1063	0.8438	16.9000	0.1028	365.0000	56.0000	0.1534	429.0000
777	0.7730	0.4236	0.1791	0.8013	0.1077	0.8571	17.0000	0.1127	365.0000	58.0000	0.1589	429.0000
778	0.7709	0.4277	0.1797	0.8080	0.1025	0.8540	16.9000	0.1233	380.0000	53.0000	0.1395	444.0000
779	0.7476	0.4273	0.1844	0.7834	0.1142	0.8687	16.9000	0.0969	409.0000	55.0000	0.1345	459.0000
780	0.8080	0.4219	0.1744	0.8254	0.0969	0.8578	17.0000	0.1009	348.0000	54.0000	0.1552	411.0000
781	0.8084	0.4207	0.1727	0.7890	0.1016	0.8549	17.0000	0.1004	373.0000	57.0000	0.1528	425.0000
782	0.7971	0.4190	0.1740	0.8426	0.1016	0.8757	17.0000	0.0810	353.0000	44.0000	0.1246	442.0000
783	0.7510	0.4318	0.1883	0.8069	0.1109	0.8528	16.9000	0.1040	395.0000	57.0000	0.1443	448.0000
784	0.7879	0.4265	0.1797	0.8163	0.1003	0.8491	16.9000	0.0998	349.0000	58.0000	0.1662	401.0000
785	0.7999	0.4240	0.1834	0.7810	0.1132	0.8624	17.0000	0.0990	428.0000	52.0000	0.1215	464.0000
786	0.7890	0.4223	0.1701	0.8309	0.0969	0.8504	16.8000	0.1152	359.0000	50.0000	0.1393	379.0000
787	0.7596	0.4182	0.1658	0.8082	0.0990	0.8497	16.9000	0.1114	362.0000	53.0000	0.1464	401.0000
788	0.7963	0.4203	0.1626	0.8285	0.0985	0.8662	17.1000	0.1082	352.0000	50.0000	0.1420	404.0000
789	0.8082	0.4269	0.1774	0.8004	0.1032	0.8669	16.9000	0.0999	401.0000	53.0000	0.1322	439.0000
790	0.8220	0.4232	0.1701	0.8152	0.0993	0.8873	16.8000	0.0807	350.0000	46.0000	0.1314	423.0000
791	0.7745	0.4240	0.1785	0.8023	0.1032	0.8472	16.9000	0.1195	402.0000	55.0000	0.1368	445.0000
792	0.7998	0.4215	0.1614	0.8199	0.1018	0.8576	16.8000	0.1051	374.0000	52.0000	0.1390	416.0000
793	0.7655	0.4289	0.1944	0.8195	0.1116	0.8704	17.0000	0.0910	428.0000	50.0000	0.1168	447.0000
794	0.7989	0.4260	0.1898	0.8198	0.1081	0.8660	17.1000	0.0865	361.0000	52.0000	0.1440	470.0000
795	0.7926	0.4153	0.1754	0.8100	0.1033	0.8682	16.8000	0.0928	394.0000	51.0000	0.1294	437.0000
796	0.8043	0.4194	0.1679	0.8130	0.0941	0.8647	17.0000	0.1038	327.0000	47.0000	0.1437	375.0000
797	0.8295	0.4215	0.1789	0.8281	0.1011	0.8723	16.8000	0.0898	429.0000	50.0000	0.1166	440.0000
798	0.7918	0.4162	0.1639	0.8304	0.1000	0.8511	17.1000	0.1021	355.0000	53.0000	0.1493	420.0000
799	0.8267	0.4269	0.1806	0.8063	0.1026	0.8736	16.9000	0.0761	374.0000	50.0000	0.1337	423.0000
800	0.7231	0.4207	0.1651	0.7883	0.1051	0.8272	16.8000	0.1185	331.0000	59.0000	0.1782	430.0000
801	0.8336	0.4248	0.1728	0.8039	0.0987	0.8700	16.8000	0.0984	392.0000	55.0000	0.1403	450.0000
802	0.8092	0.4190	0.1617	0.8259	0.0919	0.8665	17.0000	0.0959	344.0000	50.0000	0.1453	372.0000
803	0.7744	0.4269	0.1851	0.8094	0.1041	0.8567	16.9000	0.1100	382.0000	56.0000	0.1466	426.0000
804	0.8320	0.4207	0.1892	0.8248	0.1056	0.8832	17.1000	0.0865	376.0000	43.0000	0.1144	440.0000
805	0.7768	0.4273	0.1721	0.7952	0.1023	0.8656	16.9000	0.1115	403.0000	52.0000	0.1290	416.0000
806	0.8174	0.4248	0.1797	0.8197	0.1052	0.8690	17.0000	0.0877	389.0000	52.0000	0.1337	454.0000
807	0.7896	0.4285	0.1820	0.7898	0.1030	0.8528	16.7000	0.0966	393.0000	55.0000	0.1399	446.0000
808	0.7994	0.4248	0.1789	0.8332	0.1023	0.8691	16.9000	0.0891	381.0000	51.0000	0.1339	453.0000
809	0.7923	0.4174	0.1658	0.8349	0.1023	0.8827	17.0000	0.0888	356.0000	48.0000	0.1348	401.0000
810	0.7675	0.4174	0.1672	0.7891	0.1033	0.8443	16.9000	0.1063	339.0000	54.0000	0.1593	431.0000
811	0.8077	0.4211	0.1602	0.7920	0.0927	0.8599	17.1000	0.1066	356.0000	51.0000	0.1433	396.0000
812	0.7761	0.4326	0.1778	0.7857	0.1008	0.8705	16.8000	0.0979	354.0000	48.0000	0.1356	414.0000
813	0.8112	0.4162	0.1575	0.8330	0.0920	0.8783	16.9000	0.0849	321.0000	44.0000	0.1371	384.0000
814	0.7735	0.4174	0.1648	0.8003	0.1002	0.8538	16.9000	0.1124	343.0000	52.0000	0.1516	412.0000
815	0.7638	0.4252	0.1712	0.8089	0.1041	0.8488	16.8000	0.1069	392.0000	57.0000	0.1454	439.0000
816	0.8125	0.4149	0.1587	0.8401	0.0921	0.8615	16.8000	0.0965	340.0000	50.0000	0.1471	384.0000
817	0.8314	0.4289	0.1739	0.8240	0.0987	0.8660	16.7000	0.0940	402.0000	49.0000	0.1219	434.0000
818	0.8121	0.4260	0.1758	0.7691	0.0966	0.8621	17.0000	0.0969	376.0000	57.0000	0.1516	430.0000
819	0.7843	0.4157	0.1622	0.8078	0.0979	0.8610	16.7000	0.1067	349.0000	48.0000	0.1375	392.0000
820	0.8065	0.4265	0.1831	0.8555	0.1012	0.8668	16.8000	0.1062	335.0000	49.0000	0.1463	402.0000
821	0.8066	0.4256	0.1737	0.8238	0.1011	0.8638	16.9000	0.1068	332.0000	51.0000	0.1536	422.0000
822	0.8043	0.4240	0.1836	0.8249	0.1008	0.8653	17.1000	0.1124	368.0000	52.0000	0.1413	436.0000
823	0.8565	0.4223	0.1677	0.8649	0.0924	0.8737	17.0000	0.0847	330.0000	47.0000	0.1424	401.0000
824	0.7498	0.4248	0.1621	0.8116	0.0965	0.8459	17.2000	0.1108	339.0000	59.0000	0.1740	433.0000
825	0.8048	0.4141	0.1715	0.8271	0.0984	0.8676	16.8000	0.0953	355.0000	49.0000	0.1380	396.0000
826	0.7486	0.4265	0.1776	0.8028	0.1049	0.8369	16.9000	0.1098	386.0000	57.0000	0.1477	434.0000
827	0.7847	0.4265	0.1778	0.7928	0.1046	0.8414	16.8000	0.1220	398.0000	64.0000	0.1608	452.0000
828	0.7624	0.4182	0.1555	0.8338	0.0986	0.8382	17.0000	0.1309	351.0000	55.0000	0.1567	403.0000
829	0.7776	0.4260	0.1693	0.7727	0.1010	0.8496	16.9000	0.1013	348.0000	59.0000	0.1695	421.0000
830	0.8092	0.4248	0.1691	0.8114	0.1029	0.8546	16.8000	0.1006	396.0000	54.0000	0.1364	455.0000
831	0.8111	0.4186	0.1561	0.8296	0.0957	0.8649	16.9000	0.0911	350.0000	49.0000	0.1400	408.0000
832	0.7416	0.4244	0.1698	0.8279	0.0977	0.8511	16.9000	0.1050	382.0000	51.0000	0.1335	414.0000
833	0.8190	0.4194	0.1557	0.8585	0.0953	0.8771	16.8000	0.0960	340.0000	43.0000	0.1265	397.0000
834	0.7922	0.4232	0.1611	0.7995	0.0958	0.8696	17.0000	0.0971	352.0000	49.0000	0.1392	400.0000
835	0.7187	0.4265	0.1735	0.8052	0.1026	0.8342	16.9000	0.1187	373.0000	56.0000	0.1501	446.0000
836	0.7778	0.4260	0.1766	0.8046	0.1012	0.8528	17.0000	0.1130	359.0000	57.0000	0.1588	432.0000
837	0.8014	0.4203	0.1730	0.8098	0.1038	0.8657	17.0000	0.0933	375.0000	54.0000	0.1440	419.0000
838	0.8013	0.4232	0.1735	0.7983	0.1077	0.8500	16.8000	0.1016	378.0000	54.0000	0.1429	436.0000
839	0.8125	0.4157	0.1751	0.8268	0.0979	0.8718	16.8000	0.0907	354.0000	48.0000	0.1356	397.0000
840	0.8160	0.4223	0.1801	0.8324	0.0987	0.8632	16.8000	0.1073	353.0000	47.0000	0.1331	394.0000
841	0.7638	0.4199	0.1799	0.7957	0.1024	0.8502	16.9000	0.1127	326.0000	53.0000	0.1626	429.0000
842	0.8122	0.4273	0.1795	0.8211	0.1014	0.8754	17.0000	0.0920	375.0000	51.0000	0.1360	426.0000
843	0.7751	0.4215	0.1640	0.8583	0.0952	0.8453	17.0000	0.1087	338.0000	46.0000	0.1361	388.0000
844	0.7864	0.4256	0.1772	0.8057	0.1065	0.8513	17.2000	0.0975	410.0000	54.0000	0.1317	460.0000
845	0.7886	0.4232	0.1675	0.7989	0.1025	0.8530	16.9000	0.1048	369.0000	56.0000	0.1518	443.0000
846	0.8452	0.4236	0.1749	0.8338	0.1035	0.8773	16.7000	0.0880	354.0000	44.0000	0.1243	426.0000
847	0.8027	0.4227	0.1785	0.8374	0.1018	0.8701	16.7000	0.0850	365.0000	50.0000	0.1370	415.0000
848	0.7993	0.4149	0.1674	0.8442	0.0968	0.8484	16.8000	0.1183	344.0000	54.0000	0.1570	431.0000
849	0.7925	0.4199	0.1685	0.7884	0.0993	0.8591	16.8000	0.1135	373.0000	59.0000	0.1582	434.0000
850	0.7811	0.4297	0.1809	0.8227	0.1096	0.8523	17.0000	0.0877	405.0000	57.0000	0.1407	469.0000
851	0.8428	0.4273	0.1759	0.7906	0.1018	0.8742	16.9000	0.0837	365.0000	53.0000	0.1452	458.0000
852	0.7446	0.4306	0.1761	0.7857	0.1013	0.8652	16.7000	0.0979	368.0000	54.0000	0.1467	426.0000
853	0.8039	0.4190	0.1672	0.8188	0.1065	0.8673	16.8000	0.0895	380.0000	46.0000	0.1211	464.0000
854	0.7754	0.4273	0.1780	0.8053	0.1035	0.8487	16.9000	0.1003	383.0000	55.0000	0.1436	438.0000
855	0.8159	0.4186	0.1658	0.8293	0.1000	0.8751	16.8000	0.1023	340.0000	49.0000	0.1441	407.0000
856	0.7733	0.4166	0.1525	0.8156	0.0961	0.8401	16.9000	0.1201	346.0000	52.0000	0.1503	402.0000
857	0.7763	0.4227	0.1682	0.8010	0.0979	0.8720	16.8000	0.0958	348.0000	47.0000	0.1351	397.0000
858	0.7915	0.4207	0.1665	0.7832	0.1008	0.8582	17.0000	0.1020	373.0000	51.0000	0.1367	400.0000
859	0.8451	0.4281	0.1895	0.8363	0.1079	0.8916	17.0000	0.0749	415.0000	50.0000	0.1205	447.0000
860	0.8315	0.4326	0.1842	0.8114	0.1068	0.8890	17.1000	0.0711	370.0000	45.0000	0.1216	459.0000
861	0.7903	0.4302	0.1736	0.7898	0.1024	0.8809	17.0000	0.0809	368.0000	50.0000	0.1359	426.0000
862	0.7712	0.4227	0.1648	0.8090	0.0999	0.8657	16.8000	0.0922	395.0000	52.0000	0.1316	469.0000
863	0.7651	0.4260	0.1824	0.7839	0.1045	0.8496	16.9000	0.1146	401.0000	54.0000	0.1347	447.0000
864	0.7993	0.4240	0.1854	0.8066	0.1064	0.8878	16.8000	0.0850	412.0000	47.0000	0.1141	447.0000
865	0.7850	0.4227	0.1748	0.8064	0.1028	0.8661	16.9000	0.0905	377.0000	54.0000	0.1432	432.0000
866	0.8040	0.4211	0.1746	0.8212	0.1020	0.8641	16.8000	0.0922	374.0000	53.0000	0.1417	434.0000
867	0.8329	0.4227	0.1728	0.8242	0.1055	0.8858	17.1000	0.0741	410.0000	48.0000	0.1171	445.0000
868	0.8237	0.4215	0.1765	0.7921	0.1076	0.8570	16.9000	0.0945	409.0000	61.0000	0.1491	478.0000
869	0.8198	0.4256	0.1727	0.8292	0.0969	0.8710	17.0000	0.1013	362.0000	53.0000	0.1464	413.0000
870	0.7499	0.4302	0.1786	0.8286	0.1073	0.8556	16.8000	0.1098	388.0000	54.0000	0.1392	454.0000
871	0.7594	0.4265	0.1718	0.8078	0.1001	0.8558	17.0000	0.0988	347.0000	55.0000	0.1585	427.0000
872	0.7958	0.4293	0.1852	0.7940	0.1082	0.8627	16.8000	0.1050	405.0000	57.0000	0.1407	467.0000
873	0.7872	0.4322	0.1900	0.7997	0.1067	0.8802	17.0000	0.0826	403.0000	48.0000	0.1191	461.0000
874	0.8197	0.4240	0.1730	0.8324	0.0943	0.8788	17.0000	0.0838	345.0000	48.0000	0.1391	389.0000
875	0.7478	0.4248	0.1699	0.7841	0.1054	0.8329	17.2000	0.1189	358.0000	58.0000	0.1620	455.0000
876	0.7671	0.4219	0.1673	0.8483	0.1037	0.8528	17.0000	0.0998	362.0000	53.0000	0.1464	425.0000
877	0.7977	0.4203	0.1645	0.8327	0.1016	0.8835	16.8000	0.0883	380.0000	45.0000	0.1184	405.0000
878	0.7677	0.4252	0.1670	0.7965	0.1014	0.8580	16.8000	0.1073	352.0000	51.0000	0.1449	411.0000
879	0.7865	0.4232	0.1618	0.7975	0.1008	0.8525	16.8000	0.1183	370.0000	58.0000	0.1568	441.0000
880	0.7961	0.4219	0.1675	0.8203	0.1000	0.8813	16.8000	0.0910	392.0000	47.0000	0.1199	412.0000
881	0.8108	0.4256	0.1888	0.8188	0.1051	0.8655	16.9000	0.0801	371.0000	54.0000	0.1456	469.0000
882	0.7943	0.4215	0.1758	0.7896	0.1007	0.8418	16.8000	0.1155	381.0000	59.0000	0.1549	437.0000
883	0.8120	0.4277	0.1834	0.8358	0.1023	0.8673	16.8000	0.0953	386.0000	49.0000	0.1269	447.0000
884	0.7902	0.4199	0.1652	0.8203	0.0988	0.8607	16.8000	0.0967	340.0000	49.0000	0.1441	416.0000
885	0.7729	0.4203	0.1722	0.8009	0.0982	0.8641	17.0000	0.1093	355.0000	49.0000	0.1380	406.0000
886	0.8082	0.4199	0.1655	0.8200	0.1018	0.8796	16.9000	0.0904	385.0000	46.0000	0.1195	412.0000
887	0.7634	0.4219	0.1731	0.7976	0.0996	0.8590	17.2000	0.1030	399.0000	53.0000	0.1328	451.0000
888	0.8101	0.4194	0.1798	0.8100	0.1054	0.8777	16.9000	0.0996	414.0000	50.0000	0.1208	465.0000
889	0.8235	0.4240	0.1735	0.7878	0.1024	0.8749	16.9000	0.0733	401.0000	49.0000	0.1222	448.0000
890	0.8609	0.4227	0.1644	0.8359	0.0970	0.8978	16.8000	0.0820	365.0000	47.0000	0.1288	409.0000
891	0.7606	0.4252	0.1692	0.7955	0.1026	0.8548	17.1000	0.1208	396.0000	58.0000	0.1465	442.0000
892	0.7626	0.4219	0.1690	0.8208	0.1001	0.8515	16.8000	0.1121	345.0000	53.0000	0.1536	396.0000
893	0.7792	0.4178	0.1588	0.8198	0.1016	0.8792	17.0000	0.0738	358.0000	47.0000	0.1313	423.0000
894	0.8065	0.4223	0.1623	0.8308	0.0937	0.8557	16.7000	0.0927	380.0000	54.0000	0.1421	397.0000
895	0.7816	0.4265	0.1764	0.7693	0.1084	0.8686	16.8000	0.1104	403.0000	52.0000	0.1290	454.0000
896	0.7787	0.4293	0.1831	0.8158	0.1071	0.8553	16.9000	0.0999	386.0000	54.0000	0.1399	426.0000
897	0.7865	0.4223	0.1813	0.7964	0.1076	0.8626	17.1000	0.0859	402.0000	52.0000	0.1294	429.0000
898	0.7984	0.4244	0.1662	0.8333	0.0992	0.8535	16.9000	0.1183	362.0000	54.0000	0.1492	412.0000
899	0.7905	0.4223	0.1665	0.8220	0.0992	0.8643	16.9000	0.1077	376.0000	49.0000	0.1303	434.0000
900	0.8206	0.4252	0.1780	0.8533	0.1000	0.8974	17.1000	0.0714	385.0000	44.0000	0.1143	419.0000
901	0.7873	0.4190	0.1574	0.8520	0.0931	0.8676	16.9000	0.0958	349.0000	47.0000	0.1347	387.0000
902	0.7869	0.4219	0.1719	0.8386	0.1020	0.8460	16.9000	0.1226	346.0000	57.0000	0.1647	410.0000
903	0.8172	0.4240	0.1742	0.8349	0.0994	0.8885	16.9000	0.0834	375.0000	46.0000	0.1227	410.0000
904	0.8220	0.4265	0.1749	0.8160	0.1047	0.8860	16.9000	0.0797	393.0000	51.0000	0.1298	481.0000
905	0.7885	0.4178	0.1762	0.8007	0.1025	0.8433	16.9000	0.0997	341.0000	53.0000	0.1554	394.0000
906	0.7535	0.4236	0.1795	0.7965	0.1054	0.8381	16.9000	0.1247	380.0000	61.0000	0.1605	435.0000
907	0.7726	0.4240	0.1809	0.7928	0.1004	0.8481	16.7000	0.1192	367.0000	58.0000	0.1580	426.0000
908	0.7340	0.4269	0.1798	0.7555	0.1092	0.8299	16.8000	0.1142	401.0000	61.0000	0.1521	443.0000
909	0.8143	0.4269	0.1842	0.7838	0.1056	0.8702	16.8000	0.0943	414.0000	54.0000	0.1304	476.0000
910	0.7996	0.4219	0.1709	0.8070	0.1040	0.8631	16.9000	0.1033	378.0000	51.0000	0.1349	411.0000
911	0.7914	0.4203	0.1608	0.8503	0.0926	0.8413	17.0000	0.1135	334.0000	52.0000	0.1557	370.0000
912	0.7801	0.4248	0.1775	0.8139	0.1088	0.8588	16.9000	0.0937	399.0000	56.0000	0.1404	457.0000
913	0.7699	0.4281	0.1821	0.7795	0.1048	0.8496	16.7000	0.1162	364.0000	55.0000	0.1511	399.0000
914	0.7726	0.4256	0.1724	0.8041	0.1018	0.8560	16.8000	0.0886	349.0000	50.0000	0.1433	427.0000
915	0.7832	0.4281	0.1870	0.8033	0.1096	0.8555	16.9000	0.0983	377.0000	53.0000	0.1406	463.0000
916	0.7614	0.4269	0.1676	0.8044	0.1037	0.8303	17.0000	0.1195	376.0000	63.0000	0.1676	447.0000
917	0.8136	0.4248	0.1731	0.8279	0.1025	0.8829	17.2000	0.0804	389.0000	46.0000	0.1183	430.0000
918	0.7427	0.4265	0.1682	0.7884	0.1001	0.8369	17.0000	0.1293	416.0000	57.0000	0.1370	453.0000
919	0.7974	0.4306	0.1828	0.8344	0.1089	0.8732	17.0000	0.0842	387.0000	48.0000	0.1240	452.0000
920	0.7654	0.4186	0.1663	0.8130	0.1038	0.8425	16.8000	0.1228	361.0000	57.0000	0.1579	437.0000
921	0.7750	0.4260	0.1789	0.7951	0.1005	0.8388	17.1000	0.1233	395.0000	61.0000	0.1544	444.0000
922	0.8157	0.4265	0.1834	0.8216	0.1072	0.8791	16.9000	0.0819	374.0000	48.0000	0.1283	434.0000
923	0.8400	0.4232	0.1740	0.8361	0.0976	0.8834	16.9000	0.0875	368.0000	46.0000	0.1250	412.0000
924	0.7360	0.4186	0.1513	0.7909	0.0947	0.8402	17.0000	0.1186	336.0000	52.0000	0.1548	394.0000
925	0.7902	0.4149	0.1635	0.8157	0.1002	0.8609	16.8000	0.1003	366.0000	54.0000	0.1475	431.0000
926	0.8053	0.4244	0.1745	0.8416	0.1032	0.8706	17.1000	0.0802	375.0000	51.0000	0.1360	412.0000
927	0.7596	0.4248	0.1694	0.8221	0.1017	0.8744	16.9000	0.0831	403.0000	48.0000	0.1191	432.0000
928	0.7791	0.4244	0.1748	0.8087	0.0946	0.8602	17.3000	0.1147	356.0000	56.0000	0.1573	411.0000
929	0.7751	0.4252	0.1652	0.8296	0.0997	0.8729	16.9000	0.0946	372.0000	49.0000	0.1317	436.0000
930	0.8294	0.4269	0.1776	0.7879	0.1046	0.8638	16.9000	0.0880	385.0000	56.0000	0.1455	439.0000
931	0.7924	0.4256	0.1683	0.7965	0.0963	0.8448	16.8000	0.1167	383.0000	58.0000	0.1514	418.0000
932	0.8031	0.4273	0.1801	0.8336	0.1018	0.8638	16.8000	0.0953	356.0000	51.0000	0.1433	416.0000
933	0.7698	0.4227	0.1746	0.8051	0.1018	0.8524	17.1000	0.1003	388.0000	58.0000	0.1495	419.0000
934	0.8041	0.4215	0.1747	0.8043	0.0991	0.8667	16.8000	0.0957	379.0000	52.0000	0.1372	431.0000
935	0.8237	0.4310	0.1779	0.8127	0.0999	0.8567	16.8000	0.0925	382.0000	58.0000	0.1518	426.0000
936	0.7283	0.4232	0.1753	0.7929	0.1104	0.8485	17.0000	0.1193	394.0000	53.0000	0.1345	431.0000
937	0.7664	0.4285	0.1743	0.8155	0.1034	0.8576	16.9000	0.1037	387.0000	58.0000	0.1499	442.0000
938	0.8001	0.4244	0.1690	0.7867	0.1023	0.8638	16.7000	0.0868	409.0000	58.0000	0.1418	423.0000
939	0.8012	0.4232	0.1707	0.8200	0.0949	0.8540	17.1000	0.0991	348.0000	49.0000	0.1408	406.0000
940	0.8063	0.4273	0.1738	0.7964	0.0997	0.8577	16.8000	0.1197	381.0000	57.0000	0.1496	417.0000
941	0.8063	0.4277	0.1774	0.7681	0.1025	0.8426	16.8000	0.1207	394.0000	61.0000	0.1548	466.0000
942	0.8125	0.4215	0.1868	0.8317	0.1062	0.8723	16.7000	0.0931	411.0000	49.0000	0.1192	451.0000
943	0.7825	0.4256	0.1786	0.7948	0.1072	0.8628	16.8000	0.0943	428.0000	53.0000	0.1238	452.0000
944	0.8076	0.4236	0.1697	0.7999	0.0989	0.8563	16.7000	0.0956	386.0000	56.0000	0.1451	432.0000
945	0.8023	0.4219	0.1733	0.8272	0.1024	0.8753	16.7000	0.1006	394.0000	51.0000	0.1294	447.0000
946	0.8017	0.4186	0.1743	0.8225	0.1010	0.8805	17.1000	0.0893	345.0000	46.0000	0.1333	407.0000
947	0.7700	0.4293	0.1861	0.8137	0.1036	0.8468	17.0000	0.1212	374.0000	57.0000	0.1524	443.0000
948	0.8128	0.4186	0.1800	0.8353	0.1064	0.8746	17.2000	0.0957	405.0000	55.0000	0.1358	464.0000
949	0.8116	0.4252	0.1802	0.8244	0.1047	0.8636	17.0000	0.0914	423.0000	48.0000	0.1135	443.0000
950	0.7898	0.4256	0.1791	0.7731	0.1054	0.8619	16.9000	0.1034	380.0000	54.0000	0.1421	425.0000
951	0.8283	0.4297	0.1805	0.7838	0.1003	0.8760	17.0000	0.1005	369.0000	57.0000	0.1545	428.0000
952	0.7848	0.4236	0.1668	0.8075	0.0962	0.8692	17.0000	0.0973	342.0000	46.0000	0.1345	409.0000
953	0.8118	0.4289	0.1782	0.8497	0.1031	0.8838	16.8000	0.0792	375.0000	45.0000	0.1200	418.0000
954	0.8179	0.4297	0.1783	0.8313	0.1055	0.8666	16.7000	0.0961	354.0000	51.0000	0.1441	389.0000
955	0.7958	0.4289	0.1822	0.7914	0.1027	0.8497	16.9000	0.1152	377.0000	59.0000	0.1565	455.0000
956	0.7730	0.4256	0.1856	0.8018	0.1070	0.8453	16.7000	0.1072	375.0000	57.0000	0.1520	437.0000
957	0.8039	0.4335	0.1820	0.8075	0.1049	0.8659	16.8000	0.0892	391.0000	54.0000	0.1381	449.0000
958	0.7959	0.4219	0.1651	0.8202	0.0984	0.8624	16.9000	0.1038	370.0000	47.0000	0.1270	390.0000
959	0.8047	0.4306	0.1824	0.7822	0.1014	0.8618	17.0000	0.1070	352.0000	59.0000	0.1676	419.0000
960	0.8056	0.4186	0.1697	0.8087	0.0999	0.8549	16.8000	0.1019	383.0000	54.0000	0.1410	433.0000
961	0.7786	0.4227	0.1844	0.7850	0.1055	0.8680	16.9000	0.0996	422.0000	55.0000	0.1303	463.0000
962	0.7887	0.4227	0.1654	0.8292	0.0957	0.8768	16.8000	0.0906	348.0000	49.0000	0.1408	418.0000
963	0.7513	0.4252	0.1792	0.7962	0.1043	0.8562	16.9000	0.1031	371.0000	52.0000	0.1402	427.0000
964	0.7880	0.4203	0.1626	0.8296	0.1016	0.8695	17.0000	0.0792	413.0000	44.0000	0.1065	422.0000
965	0.8104	0.4252	0.1668	0.8291	0.1023	0.8678	17.0000	0.0874	350.0000	48.0000	0.1371	428.0000
966	0.8363	0.4265	0.1723	0.8192	0.1000	0.8800	17.0000	0.0957	393.0000	54.0000	0.1374	445.0000
967	0.7395	0.4203	0.1585	0.8346	0.0925	0.8446	16.8000	0.1211	316.0000	49.0000	0.1551	378.0000
968	0.7898	0.4182	0.1784	0.8259	0.1025	0.8549	17.1000	0.1146	355.0000	49.0000	0.1380	419.0000
969	0.8186	0.4232	0.1669	0.8158	0.0975	0.8741	17.1000	0.0900	381.0000	49.0000	0.1286	413.0000
970	0.7452	0.4166	0.1529	0.8143	0.0914	0.8364	17.1000	0.1352	348.0000	54.0000	0.1552	388.0000
971	0.8010	0.4227	0.1586	0.8263	0.0971	0.8715	17.0000	0.0969	343.0000	45.0000	0.1312	392.0000
972	0.7929	0.4265	0.1732	0.8336	0.1027	0.8771	16.8000	0.0866	377.0000	52.0000	0.1379	437.0000
973	0.7991	0.4240	0.1683	0.8126	0.1004	0.8511	17.0000	0.0888	346.0000	52.0000	0.1503	417.0000
974	0.8293	0.4302	0.1876	0.8314	0.1071	0.8836	17.0000	0.0871	377.0000	52.0000	0.1379	432.0000
975	0.7912	0.4240	0.1693	0.7818	0.1008	0.8468	16.7000	0.1141	360.0000	57.0000	0.1583	406.0000
976	0.7517	0.4277	0.1785	0.8071	0.0993	0.8467	16.8000	0.1050	355.0000	56.0000	0.1577	401.0000
977	0.7360	0.4244	0.1683	0.7808	0.1000	0.8306	16.9000	0.1318	358.0000	58.0000	0.1620	422.0000
978	0.7947	0.4248	0.1765	0.8211	0.0990	0.8648	16.7000	0.1110	353.0000	52.0000	0.1473	392.0000
979	0.7682	0.4219	0.1632	0.8128	0.0964	0.8266	16.9000	0.1291	344.0000	57.0000	0.1657	400.0000
980	0.7778	0.4248	0.1765	0.7852	0.1081	0.8695	16.9000	0.0912	398.0000	54.0000	0.1357	455.0000
981	0.8092	0.4293	0.1731	0.8209	0.1020	0.8797	16.9000	0.0904	366.0000	48.0000	0.1311	450.0000
982	0.7608	0.4194	0.1661	0.7954	0.1015	0.8631	17.0000	0.0952	360.0000	54.0000	0.1500	396.0000
983	0.8141	0.4219	0.1746	0.8095	0.1012	0.8472	16.8000	0.1122	395.0000	56.0000	0.1418	433.0000
984	0.8116	0.4240	0.1836	0.8151	0.1032	0.8730	16.9000	0.1066	391.0000	57.0000	0.1458	442.0000
985	0.7555	0.4199	0.1638	0.8004	0.1024	0.8476	16.8000	0.1136	375.0000	55.0000	0.1467	434.0000
986	0.7981	0.4260	0.1770	0.8224	0.1067	0.8876	17.1000	0.0829	400.0000	49.0000	0.1225	449.0000
987	0.8041	0.4215	0.1693	0.7819	0.0987	0.8684	17.0000	0.1003	353.0000	53.0000	0.1501	440.0000
988	0.7977	0.4277	0.1686	0.8004	0.0990	0.8451	17.0000	0.1156	360.0000	58.0000	0.1611	395.0000
989	0.7903	0.4178	0.1743	0.8305	0.1047	0.8533	16.8000	0.1072	372.0000	50.0000	0.1344	432.0000
990	0.7702	0.4285	0.1700	0.7947	0.0930	0.8224	16.7000	0.1266	353.0000	57.0000	0.1615	391.0000
991	0.8047	0.4182	0.1562	0.8316	0.1001	0.8458	17.1000	0.1004	338.0000	53.0000	0.1568	401.0000
992	0.7564	0.4223	0.1672	0.7955	0.0993	0.8353	16.9000	0.1097	363.0000	57.0000	0.1570	431.0000
993	0.7465	0.4215	0.1731	0.7952	0.1000	0.8407	17.1000	0.1097	378.0000	55.0000	0.1455	425.0000
994	0.7806	0.4215	0.1728	0.8278	0.0966	0.8797	17.0000	0.0885	374.0000	53.0000	0.1417	422.0000
995	0.7854	0.4215	0.1665	0.8308	0.0973	0.8504	16.8000	0.1127	346.0000	53.0000	0.1532	393.0000
996	0.7687	0.4302	0.1626	0.7750	0.1044	0.8410	17.1000	0.1007	362.0000	60.0000	0.1657	450.0000
997	0.8097	0.4223	0.1793	0.8397	0.1004	0.8571	16.8000	0.0919	352.0000	49.0000	0.1392	438.0000
998	0.7814	0.4248	0.1777	0.8050	0.1019	0.8635	16.9000	0.0946	375.0000	51.0000	0.1360	440.0000
999	0.7877	0.4203	0.1527	0.8322	0.0978	0.8462	16.8000	0.1224	339.0000	46.0000	0.1357	365.0000
1000	0.7891	0.4199	0.1727	0.8073	0.1023	0.8631	17.1000	0.0886	380.0000	53.0000	0.1395	448.0000
