accuracy	proportion	density	fuzziness	coverage	purity	sounds	missing	ubound	clusters	props	patterns
1	0.7834	0.6527	0.3527	0.7049	0.0670	0.8570	17.3000	0.0736	1109.0000	125.0000	0.1127	1146.0000
2	0.8152	0.6370	0.3541	0.7701	0.0680	0.8818	17.0000	0.0601	893.0000	91.0000	0.1019	932.0000
3	0.8158	0.6263	0.3512	0.7425	0.0595	0.8772	16.9000	0.0706	967.0000	97.0000	0.1003	992.0000
4	0.8160	0.6148	0.3513	0.7820	0.0593	0.8913	17.0000	0.0646	909.0000	82.0000	0.0902	927.0000
5	0.8270	0.6164	0.3411	0.7601	0.0606	0.8770	17.1000	0.0792	864.0000	93.0000	0.1076	887.0000
6	0.8618	0.6148	0.3496	0.7742	0.0598	0.8896	16.9000	0.0596	877.0000	79.0000	0.0901	890.0000
7	0.8260	0.6172	0.3492	0.7703	0.0631	0.8766	16.9000	0.0731	866.0000	90.0000	0.1039	892.0000
8	0.8206	0.6119	0.3401	0.7530	0.0585	0.8888	17.0000	0.0772	854.0000	84.0000	0.0984	895.0000
9	0.8412	0.6115	0.3484	0.7690	0.0571	0.8997	17.1000	0.0648	874.0000	82.0000	0.0938	887.0000
10	0.8226	0.6176	0.3493	0.7578	0.0627	0.8754	17.2000	0.0805	839.0000	88.0000	0.1049	862.0000
11	0.8468	0.6218	0.3598	0.7826	0.0611	0.8882	17.1000	0.0605	831.0000	84.0000	0.1011	853.0000
12	0.8278	0.6143	0.3574	0.7612	0.0661	0.8792	17.0000	0.0789	837.0000	94.0000	0.1123	870.0000
13	0.7986	0.6168	0.3632	0.7412	0.0631	0.8815	17.0000	0.0697	874.0000	91.0000	0.1041	883.0000
14	0.8247	0.6205	0.3509	0.7535	0.0656	0.8870	17.2000	0.0701	854.0000	84.0000	0.0984	869.0000
15	0.8314	0.6176	0.3548	0.7693	0.0625	0.8771	17.2000	0.0848	844.0000	87.0000	0.1031	868.0000
16	0.8337	0.6176	0.3554	0.7617	0.0590	0.8787	17.2000	0.0690	857.0000	94.0000	0.1097	904.0000
17	0.8009	0.6148	0.3555	0.7366	0.0613	0.8676	17.2000	0.0737	902.0000	99.0000	0.1098	918.0000
18	0.8423	0.6189	0.3621	0.7498	0.0593	0.8769	17.1000	0.0768	871.0000	95.0000	0.1091	907.0000
19	0.8259	0.6123	0.3497	0.8200	0.0612	0.8927	17.0000	0.0658	838.0000	79.0000	0.0943	876.0000
20	0.8075	0.6123	0.3543	0.7701	0.0635	0.8869	17.2000	0.0811	811.0000	86.0000	0.1060	838.0000
21	0.8120	0.6201	0.3561	0.7714	0.0618	0.8813	17.0000	0.0798	906.0000	90.0000	0.0993	917.0000
22	0.8114	0.6090	0.3566	0.7553	0.0599	0.8733	17.3000	0.0857	896.0000	92.0000	0.1027	917.0000
23	0.8191	0.6143	0.3483	0.7429	0.0609	0.8738	17.1000	0.0633	884.0000	90.0000	0.1018	902.0000
24	0.8103	0.6222	0.3540	0.7541	0.0626	0.8754	17.1000	0.0766	834.0000	94.0000	0.1127	864.0000
25	0.8145	0.6205	0.3484	0.7387	0.0647	0.8605	17.1000	0.0816	815.0000	96.0000	0.1178	834.0000
26	0.8224	0.6222	0.3634	0.7594	0.0630	0.8910	17.1000	0.0671	891.0000	88.0000	0.0988	895.0000
27	0.8223	0.6119	0.3488	0.7488	0.0591	0.8970	17.3000	0.0619	847.0000	85.0000	0.1004	897.0000
28	0.8193	0.6164	0.3531	0.7770	0.0614	0.8769	16.8000	0.0701	832.0000	88.0000	0.1058	876.0000
29	0.8376	0.6143	0.3392	0.7773	0.0579	0.8847	17.0000	0.0740	838.0000	83.0000	0.0990	876.0000
30	0.8307	0.6152	0.3452	0.7614	0.0603	0.8832	16.9000	0.0680	828.0000	87.0000	0.1051	848.0000
31	0.8368	0.6168	0.3567	0.7575	0.0607	0.8786	17.2000	0.0656	873.0000	90.0000	0.1031	882.0000
32	0.8237	0.6259	0.3692	0.7495	0.0634	0.8791	17.0000	0.0636	889.0000	89.0000	0.1001	891.0000
33	0.8148	0.6226	0.3664	0.7689	0.0650	0.8894	17.1000	0.0629	889.0000	84.0000	0.0945	893.0000
34	0.8178	0.6119	0.3462	0.7903	0.0609	0.8819	17.1000	0.0766	819.0000	85.0000	0.1038	861.0000
35	0.8429	0.6172	0.3483	0.7912	0.0631	0.8983	17.2000	0.0631	786.0000	75.0000	0.0954	810.0000
36	0.8243	0.6164	0.3570	0.7495	0.0620	0.8939	17.0000	0.0702	877.0000	85.0000	0.0969	916.0000
37	0.8361	0.6073	0.3482	0.7851	0.0624	0.8875	17.2000	0.0605	776.0000	85.0000	0.1095	805.0000
38	0.8198	0.6098	0.3440	0.7375	0.0603	0.8879	16.9000	0.0663	845.0000	85.0000	0.1006	857.0000
39	0.8293	0.6123	0.3548	0.7501	0.0605	0.8788	16.9000	0.0745	854.0000	87.0000	0.1019	871.0000
40	0.8197	0.6135	0.3447	0.7916	0.0597	0.8988	16.8000	0.0704	831.0000	75.0000	0.0903	858.0000
41	0.8177	0.6139	0.3518	0.7551	0.0587	0.8796	17.0000	0.0593	849.0000	86.0000	0.1013	866.0000
42	0.8416	0.6094	0.3457	0.7508	0.0612	0.8744	17.2000	0.0745	841.0000	90.0000	0.1070	870.0000
43	0.8107	0.6148	0.3523	0.7430	0.0599	0.8759	17.2000	0.0781	878.0000	93.0000	0.1059	896.0000
44	0.7860	0.6180	0.3571	0.7149	0.0622	0.8906	17.0000	0.0709	890.0000	92.0000	0.1034	897.0000
45	0.8239	0.6040	0.3453	0.7410	0.0557	0.8795	17.0000	0.0627	855.0000	90.0000	0.1053	878.0000
46	0.8309	0.6115	0.3411	0.7850	0.0613	0.8849	17.0000	0.0740	801.0000	90.0000	0.1124	820.0000
47	0.8095	0.6209	0.3530	0.7566	0.0640	0.8857	17.0000	0.0727	843.0000	91.0000	0.1079	864.0000
48	0.8391	0.6106	0.3511	0.7742	0.0645	0.8761	17.1000	0.0710	823.0000	88.0000	0.1069	846.0000
49	0.8166	0.6148	0.3625	0.7444	0.0603	0.8699	16.8000	0.0754	863.0000	94.0000	0.1089	887.0000
50	0.8351	0.6230	0.3696	0.7587	0.0645	0.8797	17.0000	0.0761	889.0000	96.0000	0.1080	908.0000
51	0.8411	0.6222	0.3539	0.7497	0.0653	0.9007	17.1000	0.0588	837.0000	83.0000	0.0992	861.0000
52	0.8382	0.5991	0.3317	0.7794	0.0586	0.8783	17.1000	0.0722	801.0000	84.0000	0.1049	830.0000
53	0.7844	0.6160	0.3576	0.7430	0.0641	0.8636	16.9000	0.0792	861.0000	93.0000	0.1080	866.0000
54	0.8282	0.6168	0.3475	0.7576	0.0622	0.8878	17.0000	0.0574	839.0000	81.0000	0.0965	860.0000
55	0.7923	0.6201	0.3522	0.7785	0.0615	0.8755	17.1000	0.0717	837.0000	88.0000	0.1051	851.0000
56	0.8033	0.6164	0.3437	0.7580	0.0621	0.8815	16.9000	0.0790	875.0000	87.0000	0.0994	882.0000
57	0.8335	0.6168	0.3640	0.7604	0.0648	0.8825	17.1000	0.0797	831.0000	86.0000	0.1035	853.0000
58	0.8352	0.6176	0.3522	0.7366	0.0650	0.8781	16.9000	0.0656	849.0000	88.0000	0.1037	862.0000
59	0.8323	0.6119	0.3497	0.7642	0.0558	0.8887	16.8000	0.0529	886.0000	86.0000	0.0971	921.0000
60	0.8477	0.6152	0.3555	0.7681	0.0657	0.8941	17.2000	0.0723	821.0000	81.0000	0.0987	845.0000
61	0.8168	0.6119	0.3497	0.7561	0.0615	0.8646	17.1000	0.0821	845.0000	99.0000	0.1172	865.0000
62	0.8436	0.6185	0.3520	0.7428	0.0604	0.8921	17.0000	0.0663	847.0000	86.0000	0.1015	874.0000
63	0.8261	0.6180	0.3524	0.7681	0.0590	0.8871	16.9000	0.0732	860.0000	84.0000	0.0977	891.0000
64	0.8323	0.6197	0.3547	0.7570	0.0635	0.8877	17.0000	0.0777	844.0000	85.0000	0.1007	872.0000
65	0.8182	0.6193	0.3637	0.7655	0.0656	0.8734	17.0000	0.0792	838.0000	93.0000	0.1110	868.0000
66	0.8215	0.6115	0.3539	0.7856	0.0590	0.8900	17.1000	0.0684	848.0000	84.0000	0.0991	884.0000
67	0.8326	0.6139	0.3584	0.7478	0.0642	0.8871	17.1000	0.0816	823.0000	92.0000	0.1118	861.0000
68	0.8024	0.6077	0.3327	0.7405	0.0555	0.8691	17.1000	0.0683	847.0000	91.0000	0.1074	874.0000
69	0.8304	0.6222	0.3635	0.7480	0.0647	0.8834	17.1000	0.0684	852.0000	84.0000	0.0986	868.0000
70	0.8207	0.6143	0.3534	0.7744	0.0632	0.8733	17.2000	0.0833	853.0000	89.0000	0.1043	875.0000
71	0.8308	0.6160	0.3603	0.7943	0.0591	0.8824	16.9000	0.0612	836.0000	80.0000	0.0957	879.0000
72	0.8277	0.6185	0.3532	0.7479	0.0651	0.8795	17.1000	0.0850	867.0000	95.0000	0.1096	890.0000
73	0.7989	0.6185	0.3555	0.7475	0.0630	0.8635	17.1000	0.0843	864.0000	102.0000	0.1181	901.0000
74	0.8047	0.6205	0.3564	0.7441	0.0620	0.8698	17.1000	0.0754	865.0000	98.0000	0.1133	884.0000
75	0.8076	0.6205	0.3571	0.7377	0.0634	0.8675	17.0000	0.0669	830.0000	93.0000	0.1120	847.0000
76	0.8146	0.6242	0.3585	0.7604	0.0646	0.8756	17.0000	0.0799	840.0000	99.0000	0.1179	865.0000
77	0.8080	0.6172	0.3627	0.8027	0.0603	0.8916	17.1000	0.0795	897.0000	79.0000	0.0881	915.0000
78	0.8101	0.6148	0.3556	0.7379	0.0597	0.8705	17.1000	0.0619	877.0000	96.0000	0.1095	911.0000
79	0.8093	0.6148	0.3556	0.7530	0.0639	0.8879	17.0000	0.0756	854.0000	79.0000	0.0925	886.0000
80	0.8113	0.6143	0.3478	0.8000	0.0608	0.8863	17.1000	0.0790	832.0000	78.0000	0.0938	843.0000
81	0.8025	0.6160	0.3595	0.7321	0.0604	0.8738	17.1000	0.0747	869.0000	94.0000	0.1082	913.0000
82	0.8384	0.6180	0.3564	0.7614	0.0609	0.8815	17.0000	0.0735	841.0000	89.0000	0.1058	861.0000
83	0.8326	0.6156	0.3496	0.7588	0.0609	0.8809	17.0000	0.0608	843.0000	86.0000	0.1020	886.0000
84	0.8230	0.6139	0.3452	0.7486	0.0617	0.8754	17.0000	0.0635	850.0000	80.0000	0.0941	861.0000
85	0.8308	0.6098	0.3452	0.7673	0.0625	0.8930	17.2000	0.0650	839.0000	85.0000	0.1013	848.0000
86	0.8445	0.6156	0.3460	0.7811	0.0608	0.8954	17.0000	0.0559	813.0000	81.0000	0.0996	841.0000
87	0.8219	0.6213	0.3541	0.7808	0.0630	0.8706	17.1000	0.0839	837.0000	94.0000	0.1123	855.0000
88	0.8305	0.6172	0.3635	0.7512	0.0627	0.8775	17.0000	0.0686	849.0000	91.0000	0.1072	878.0000
89	0.8370	0.6193	0.3640	0.7691	0.0652	0.8873	17.0000	0.0653	892.0000	90.0000	0.1009	903.0000
90	0.8110	0.6164	0.3559	0.7779	0.0645	0.8967	16.9000	0.0627	863.0000	82.0000	0.0950	869.0000
91	0.8394	0.6160	0.3511	0.7472	0.0619	0.8859	17.1000	0.0693	926.0000	92.0000	0.0994	930.0000
92	0.8036	0.6185	0.3522	0.7253	0.0588	0.8723	17.1000	0.0810	880.0000	95.0000	0.1080	892.0000
93	0.8142	0.6168	0.3599	0.7469	0.0638	0.8763	16.9000	0.0868	842.0000	88.0000	0.1045	869.0000
94	0.8427	0.6148	0.3432	0.7685	0.0600	0.8846	17.0000	0.0715	872.0000	86.0000	0.0986	895.0000
95	0.8411	0.6135	0.3529	0.7587	0.0651	0.8795	17.3000	0.0570	835.0000	97.0000	0.1162	856.0000
96	0.8080	0.6164	0.3365	0.7124	0.0607	0.8680	17.1000	0.0753	827.0000	91.0000	0.1100	847.0000
97	0.8266	0.6205	0.3580	0.7395	0.0640	0.8808	17.1000	0.0766	887.0000	94.0000	0.1060	889.0000
98	0.8293	0.6090	0.3451	0.7390	0.0603	0.8789	17.3000	0.0725	847.0000	93.0000	0.1098	859.0000
99	0.8225	0.6222	0.3617	0.7528	0.0624	0.8764	17.0000	0.0698	914.0000	90.0000	0.0985	928.0000
100	0.7911	0.6218	0.3647	0.7415	0.0629	0.8813	16.9000	0.0886	894.0000	90.0000	0.1007	903.0000
101	0.8420	0.6164	0.3657	0.7660	0.0622	0.8775	17.2000	0.0624	911.0000	93.0000	0.1021	917.0000
102	0.8111	0.6176	0.3504	0.7179	0.0652	0.8789	17.0000	0.0841	838.0000	92.0000	0.1098	856.0000
103	0.7987	0.6242	0.3589	0.7204	0.0681	0.8688	17.2000	0.0870	877.0000	102.0000	0.1163	885.0000
104	0.8390	0.6218	0.3562	0.7652	0.0619	0.8867	17.2000	0.0642	892.0000	87.0000	0.0975	905.0000
105	0.8449	0.6152	0.3617	0.7494	0.0634	0.8897	17.2000	0.0803	856.0000	84.0000	0.0981	884.0000
106	0.8243	0.6185	0.3498	0.7565	0.0626	0.8741	16.9000	0.0724	848.0000	91.0000	0.1073	853.0000
107	0.8201	0.6168	0.3627	0.7797	0.0603	0.8790	16.8000	0.0793	843.0000	90.0000	0.1068	862.0000
108	0.8370	0.6213	0.3487	0.7472	0.0624	0.8825	17.2000	0.0669	877.0000	92.0000	0.1049	892.0000
109	0.8181	0.6156	0.3536	0.7362	0.0593	0.8646	17.2000	0.0754	880.0000	97.0000	0.1102	890.0000
110	0.8492	0.6164	0.3546	0.7764	0.0599	0.8876	17.1000	0.0665	863.0000	82.0000	0.0950	874.0000
111	0.8325	0.6176	0.3494	0.7573	0.0624	0.8962	17.0000	0.0736	834.0000	87.0000	0.1043	854.0000
112	0.8035	0.6115	0.3453	0.7481	0.0584	0.8763	16.9000	0.0644	908.0000	88.0000	0.0969	915.0000
113	0.8405	0.6127	0.3614	0.7814	0.0645	0.8908	17.2000	0.0602	855.0000	78.0000	0.0912	873.0000
114	0.8287	0.6168	0.3547	0.7388	0.0632	0.8760	17.2000	0.0798	840.0000	89.0000	0.1060	859.0000
115	0.8434	0.6172	0.3571	0.7511	0.0588	0.8878	17.0000	0.0658	880.0000	84.0000	0.0955	920.0000
116	0.8164	0.6119	0.3405	0.7730	0.0609	0.8751	17.0000	0.0836	824.0000	88.0000	0.1068	846.0000
117	0.8438	0.6160	0.3501	0.7419	0.0603	0.8882	17.1000	0.0652	831.0000	85.0000	0.1023	862.0000
118	0.8219	0.6160	0.3500	0.7669	0.0628	0.8798	17.0000	0.0719	871.0000	85.0000	0.0976	903.0000
119	0.8193	0.6053	0.3434	0.7547	0.0564	0.8764	17.1000	0.0685	846.0000	91.0000	0.1076	857.0000
120	0.8214	0.6156	0.3498	0.7566	0.0593	0.8734	16.9000	0.0834	883.0000	91.0000	0.1031	910.0000
121	0.8297	0.6131	0.3448	0.7663	0.0617	0.8624	17.2000	0.0771	824.0000	88.0000	0.1068	826.0000
122	0.8280	0.6127	0.3461	0.7417	0.0645	0.8676	16.9000	0.0912	827.0000	94.0000	0.1137	846.0000
123	0.8072	0.6160	0.3645	0.7470	0.0628	0.8712	17.0000	0.0826	844.0000	96.0000	0.1137	862.0000
124	0.8178	0.6230	0.3582	0.7489	0.0608	0.8755	17.1000	0.0736	872.0000	94.0000	0.1078	895.0000
125	0.8314	0.6156	0.3508	0.7786	0.0585	0.8871	17.1000	0.0657	821.0000	87.0000	0.1060	861.0000
126	0.8253	0.6201	0.3600	0.7687	0.0599	0.8877	16.8000	0.0637	870.0000	87.0000	0.1000	894.0000
127	0.8183	0.6110	0.3551	0.7653	0.0611	0.8801	17.1000	0.0753	869.0000	87.0000	0.1001	872.0000
128	0.8128	0.6168	0.3498	0.7357	0.0586	0.8607	17.3000	0.0656	878.0000	100.0000	0.1139	884.0000
129	0.8119	0.6073	0.3428	0.7529	0.0564	0.8807	17.1000	0.0775	840.0000	85.0000	0.1012	877.0000
130	0.8332	0.6230	0.3528	0.7518	0.0604	0.8797	17.0000	0.0572	885.0000	88.0000	0.0994	892.0000
131	0.8202	0.6119	0.3417	0.7612	0.0578	0.8918	17.0000	0.0656	826.0000	80.0000	0.0969	834.0000
132	0.8255	0.6176	0.3599	0.7499	0.0608	0.8762	17.0000	0.0679	873.0000	93.0000	0.1065	897.0000
133	0.8159	0.6127	0.3461	0.7483	0.0604	0.8780	17.1000	0.0743	842.0000	90.0000	0.1069	865.0000
134	0.8476	0.6189	0.3493	0.7801	0.0626	0.9039	16.8000	0.0703	808.0000	75.0000	0.0928	827.0000
135	0.8305	0.6172	0.3549	0.7799	0.0625	0.8860	17.0000	0.0666	833.0000	80.0000	0.0960	867.0000
136	0.8146	0.6152	0.3639	0.7395	0.0637	0.8633	17.1000	0.0642	847.0000	91.0000	0.1074	850.0000
137	0.8250	0.6288	0.3661	0.7302	0.0615	0.8751	17.2000	0.0896	851.0000	100.0000	0.1175	876.0000
138	0.8097	0.6222	0.3527	0.7458	0.0631	0.8728	17.0000	0.0864	869.0000	88.0000	0.1013	879.0000
139	0.8046	0.6176	0.3571	0.7458	0.0622	0.8658	17.0000	0.0895	825.0000	90.0000	0.1091	839.0000
140	0.8335	0.6234	0.3598	0.7374	0.0651	0.8747	17.3000	0.0778	858.0000	93.0000	0.1084	864.0000
141	0.8198	0.6152	0.3616	0.7719	0.0635	0.8846	17.1000	0.0739	865.0000	92.0000	0.1064	874.0000
142	0.8306	0.6135	0.3456	0.7716	0.0577	0.8875	17.2000	0.0678	864.0000	88.0000	0.1019	892.0000
143	0.8131	0.6213	0.3604	0.7360	0.0618	0.8681	17.0000	0.0763	824.0000	98.0000	0.1189	858.0000
144	0.8330	0.6139	0.3543	0.7328	0.0624	0.8707	16.8000	0.0752	845.0000	99.0000	0.1172	853.0000
145	0.8286	0.6143	0.3432	0.7716	0.0603	0.8876	17.1000	0.0730	851.0000	88.0000	0.1034	862.0000
146	0.8161	0.6185	0.3511	0.7722	0.0590	0.8872	17.0000	0.0696	898.0000	85.0000	0.0947	912.0000
147	0.8056	0.6127	0.3514	0.7386	0.0603	0.8673	17.1000	0.0845	839.0000	94.0000	0.1120	860.0000
148	0.8051	0.6143	0.3513	0.7347	0.0586	0.8679	17.1000	0.0804	857.0000	98.0000	0.1144	891.0000
149	0.8049	0.6168	0.3516	0.7495	0.0578	0.8697	17.2000	0.0628	903.0000	94.0000	0.1041	930.0000
150	0.8340	0.6160	0.3494	0.7601	0.0591	0.8927	16.9000	0.0744	895.0000	86.0000	0.0961	920.0000
151	0.8258	0.6234	0.3538	0.7706	0.0613	0.8802	16.9000	0.0554	862.0000	89.0000	0.1032	891.0000
152	0.8160	0.6094	0.3501	0.7605	0.0629	0.8895	17.1000	0.0830	826.0000	84.0000	0.1017	857.0000
153	0.8177	0.6205	0.3592	0.7403	0.0593	0.8827	17.2000	0.0775	870.0000	89.0000	0.1023	899.0000
154	0.7862	0.6156	0.3526	0.7214	0.0631	0.8562	17.1000	0.0935	819.0000	98.0000	0.1197	858.0000
155	0.8114	0.6176	0.3531	0.7305	0.0617	0.8931	17.2000	0.0647	842.0000	85.0000	0.1010	857.0000
156	0.8329	0.6246	0.3472	0.7790	0.0614	0.8776	17.0000	0.0651	850.0000	87.0000	0.1024	874.0000
157	0.8325	0.6061	0.3419	0.7455	0.0599	0.8893	17.1000	0.0616	876.0000	88.0000	0.1005	881.0000
158	0.8642	0.6185	0.3523	0.7841	0.0651	0.9072	17.1000	0.0507	835.0000	77.0000	0.0922	854.0000
159	0.8362	0.6131	0.3568	0.7422	0.0602	0.8902	17.0000	0.0620	867.0000	89.0000	0.1027	882.0000
160	0.8254	0.6213	0.3530	0.7536	0.0609	0.8898	17.1000	0.0762	918.0000	91.0000	0.0991	926.0000
161	0.8421	0.6242	0.3637	0.7552	0.0627	0.8967	16.9000	0.0675	840.0000	89.0000	0.1060	864.0000
162	0.8067	0.6189	0.3573	0.7524	0.0666	0.8780	17.0000	0.0821	851.0000	95.0000	0.1116	864.0000
163	0.8471	0.6189	0.3536	0.7830	0.0625	0.8804	17.2000	0.0711	828.0000	86.0000	0.1039	838.0000
164	0.8214	0.6255	0.3578	0.7338	0.0648	0.8803	17.1000	0.0739	835.0000	93.0000	0.1114	866.0000
165	0.8210	0.6131	0.3562	0.7624	0.0598	0.8867	17.1000	0.0634	859.0000	88.0000	0.1024	891.0000
166	0.8256	0.6143	0.3470	0.7634	0.0603	0.8638	17.2000	0.0748	840.0000	94.0000	0.1119	855.0000
167	0.8313	0.6205	0.3575	0.7502	0.0649	0.8853	17.0000	0.0599	849.0000	88.0000	0.1037	863.0000
168	0.8454	0.6148	0.3644	0.7393	0.0592	0.8927	17.1000	0.0731	837.0000	87.0000	0.1039	886.0000
169	0.8273	0.6267	0.3679	0.7642	0.0610	0.8818	17.0000	0.0771	893.0000	86.0000	0.0963	907.0000
170	0.8180	0.6115	0.3488	0.7591	0.0580	0.8858	17.0000	0.0522	880.0000	82.0000	0.0932	900.0000
171	0.8286	0.6152	0.3464	0.7719	0.0568	0.8860	17.2000	0.0648	855.0000	82.0000	0.0959	874.0000
172	0.8379	0.6143	0.3473	0.7475	0.0600	0.8831	17.1000	0.0719	893.0000	86.0000	0.0963	910.0000
173	0.7979	0.6185	0.3607	0.7123	0.0639	0.8713	17.0000	0.0649	854.0000	92.0000	0.1077	874.0000
174	0.8363	0.6193	0.3536	0.7857	0.0610	0.8945	16.9000	0.0501	852.0000	79.0000	0.0927	871.0000
175	0.8488	0.6119	0.3481	0.7871	0.0572	0.8989	17.0000	0.0441	852.0000	83.0000	0.0974	880.0000
176	0.8157	0.6209	0.3527	0.7696	0.0608	0.8800	16.9000	0.0817	843.0000	87.0000	0.1032	881.0000
177	0.8545	0.6251	0.3599	0.7617	0.0629	0.9003	17.2000	0.0580	823.0000	82.0000	0.0996	854.0000
178	0.8006	0.6131	0.3490	0.7342	0.0591	0.8581	17.2000	0.0659	864.0000	97.0000	0.1123	885.0000
179	0.8380	0.6156	0.3540	0.7638	0.0595	0.8836	16.9000	0.0577	888.0000	83.0000	0.0935	903.0000
180	0.8073	0.6119	0.3389	0.7576	0.0598	0.8780	17.2000	0.0710	793.0000	86.0000	0.1084	828.0000
181	0.7995	0.6143	0.3535	0.7712	0.0626	0.8783	17.2000	0.0827	817.0000	88.0000	0.1077	851.0000
182	0.8198	0.6106	0.3479	0.7765	0.0633	0.8768	17.1000	0.0881	826.0000	88.0000	0.1065	847.0000
183	0.8068	0.6209	0.3624	0.7494	0.0636	0.8842	17.0000	0.0743	855.0000	85.0000	0.0994	873.0000
184	0.8314	0.6069	0.3385	0.7775	0.0578	0.8832	17.1000	0.0723	822.0000	81.0000	0.0985	841.0000
185	0.8329	0.6226	0.3621	0.7436	0.0623	0.8865	16.8000	0.0742	859.0000	91.0000	0.1059	872.0000
186	0.8315	0.6086	0.3423	0.7678	0.0588	0.8656	17.0000	0.0731	819.0000	95.0000	0.1160	852.0000
187	0.8134	0.6185	0.3526	0.7607	0.0599	0.8881	17.1000	0.0673	880.0000	89.0000	0.1011	887.0000
188	0.8164	0.6131	0.3472	0.7571	0.0613	0.8791	17.2000	0.0679	843.0000	85.0000	0.1008	855.0000
189	0.8101	0.6069	0.3383	0.7741	0.0600	0.8847	17.0000	0.0659	847.0000	81.0000	0.0956	860.0000
190	0.8279	0.6094	0.3437	0.7829	0.0627	0.8900	17.1000	0.0548	810.0000	84.0000	0.1037	847.0000
191	0.8166	0.6172	0.3571	0.7378	0.0601	0.8697	17.1000	0.0722	864.0000	88.0000	0.1019	872.0000
192	0.8338	0.6106	0.3500	0.7772	0.0610	0.8952	17.1000	0.0650	828.0000	79.0000	0.0954	847.0000
193	0.8435	0.6143	0.3537	0.7580	0.0610	0.8809	17.1000	0.0736	849.0000	88.0000	0.1037	872.0000
194	0.8221	0.6218	0.3594	0.7451	0.0627	0.8853	17.0000	0.0689	870.0000	90.0000	0.1034	891.0000
195	0.8150	0.6218	0.3601	0.7492	0.0653	0.8890	17.0000	0.0741	832.0000	85.0000	0.1022	852.0000
196	0.8184	0.6213	0.3454	0.7650	0.0601	0.8766	17.2000	0.0680	872.0000	82.0000	0.0940	889.0000
197	0.8216	0.6156	0.3509	0.8016	0.0607	0.8843	17.0000	0.0682	838.0000	86.0000	0.1026	861.0000
198	0.8131	0.6077	0.3394	0.7522	0.0599	0.8719	17.1000	0.0864	844.0000	93.0000	0.1102	865.0000
199	0.8324	0.6139	0.3552	0.7612	0.0575	0.8915	17.1000	0.0672	860.0000	82.0000	0.0953	889.0000
200	0.8253	0.6263	0.3621	0.7542	0.0627	0.8804	17.1000	0.0721	881.0000	94.0000	0.1067	910.0000
201	0.8176	0.6164	0.3538	0.7534	0.0591	0.8884	17.0000	0.0719	873.0000	89.0000	0.1019	890.0000
202	0.8326	0.6090	0.3479	0.7645	0.0595	0.8820	17.1000	0.0746	867.0000	93.0000	0.1073	891.0000
203	0.8553	0.6259	0.3556	0.7700	0.0621	0.8798	17.2000	0.0562	846.0000	89.0000	0.1052	882.0000
204	0.8238	0.6160	0.3549	0.7708	0.0594	0.8851	17.0000	0.0749	884.0000	85.0000	0.0962	941.0000
205	0.8323	0.6205	0.3618	0.7771	0.0647	0.8864	17.0000	0.0633	884.0000	85.0000	0.0962	895.0000
206	0.8269	0.6082	0.3506	0.7554	0.0628	0.8837	17.1000	0.0763	851.0000	91.0000	0.1069	858.0000
207	0.8234	0.6090	0.3466	0.7499	0.0600	0.9005	17.2000	0.0594	798.0000	74.0000	0.0927	819.0000
208	0.8376	0.6164	0.3505	0.7647	0.0612	0.8912	17.1000	0.0695	802.0000	80.0000	0.0998	839.0000
209	0.8432	0.6135	0.3581	0.7503	0.0599	0.8792	17.0000	0.0748	874.0000	93.0000	0.1064	884.0000
210	0.8450	0.6234	0.3581	0.7464	0.0603	0.8767	17.2000	0.0777	865.0000	98.0000	0.1133	882.0000
211	0.8160	0.6156	0.3511	0.7282	0.0628	0.8702	17.0000	0.0924	844.0000	94.0000	0.1114	863.0000
212	0.8146	0.6185	0.3560	0.7500	0.0605	0.8669	17.1000	0.0691	829.0000	89.0000	0.1074	853.0000
213	0.7967	0.6143	0.3532	0.7230	0.0621	0.8645	17.1000	0.0728	859.0000	92.0000	0.1071	871.0000
214	0.8129	0.6213	0.3614	0.7466	0.0650	0.8851	17.2000	0.0559	835.0000	86.0000	0.1030	865.0000
215	0.8187	0.6148	0.3491	0.7405	0.0606	0.8718	17.0000	0.0775	876.0000	94.0000	0.1073	900.0000
216	0.8216	0.6267	0.3604	0.7557	0.0669	0.8813	17.3000	0.0683	887.0000	90.0000	0.1015	898.0000
217	0.8365	0.6218	0.3525	0.7822	0.0584	0.8970	16.9000	0.0626	914.0000	82.0000	0.0897	923.0000
218	0.8222	0.6102	0.3557	0.7462	0.0592	0.8750	17.2000	0.0746	864.0000	95.0000	0.1100	883.0000
219	0.8089	0.6106	0.3522	0.7481	0.0598	0.8907	17.2000	0.0775	848.0000	83.0000	0.0979	892.0000
220	0.8328	0.6139	0.3433	0.7526	0.0592	0.8794	16.9000	0.0759	875.0000	90.0000	0.1029	915.0000
221	0.8156	0.6127	0.3587	0.7868	0.0605	0.8828	17.2000	0.0743	854.0000	85.0000	0.0995	890.0000
222	0.7983	0.6234	0.3594	0.7552	0.0642	0.8737	17.1000	0.0829	880.0000	94.0000	0.1068	901.0000
223	0.7923	0.6143	0.3576	0.7317	0.0602	0.8660	16.9000	0.0744	856.0000	102.0000	0.1192	874.0000
224	0.8354	0.6172	0.3543	0.7759	0.0587	0.8937	17.0000	0.0599	874.0000	82.0000	0.0938	917.0000
225	0.8346	0.6201	0.3613	0.7838	0.0610	0.8842	17.1000	0.0751	903.0000	92.0000	0.1019	912.0000
226	0.8139	0.6213	0.3502	0.7384	0.0630	0.8785	17.0000	0.0787	849.0000	88.0000	0.1037	889.0000
227	0.8309	0.6110	0.3558	0.7567	0.0605	0.8697	17.1000	0.0802	864.0000	90.0000	0.1042	891.0000
228	0.8077	0.6110	0.3542	0.7615	0.0613	0.8728	16.9000	0.0844	846.0000	85.0000	0.1005	865.0000
229	0.8413	0.6205	0.3509	0.7647	0.0635	0.8876	17.0000	0.0665	817.0000	85.0000	0.1040	846.0000
230	0.8159	0.6164	0.3561	0.7516	0.0602	0.8661	17.1000	0.0716	854.0000	86.0000	0.1007	862.0000
231	0.8195	0.6226	0.3502	0.7764	0.0628	0.8839	17.1000	0.0651	858.0000	84.0000	0.0979	869.0000
232	0.8181	0.6160	0.3559	0.7568	0.0608	0.8827	17.0000	0.0778	848.0000	92.0000	0.1085	875.0000
233	0.8141	0.6168	0.3569	0.7729	0.0584	0.8896	17.0000	0.0650	879.0000	84.0000	0.0956	926.0000
234	0.8239	0.6185	0.3569	0.7456	0.0616	0.8881	17.1000	0.0762	863.0000	88.0000	0.1020	895.0000
235	0.8158	0.6135	0.3460	0.7457	0.0605	0.8721	17.2000	0.0730	849.0000	99.0000	0.1166	892.0000
236	0.8078	0.6197	0.3501	0.7327	0.0615	0.8567	17.1000	0.0700	864.0000	92.0000	0.1065	888.0000
237	0.8081	0.6135	0.3516	0.7658	0.0615	0.8838	17.1000	0.0665	873.0000	83.0000	0.0951	884.0000
238	0.8344	0.6135	0.3451	0.7808	0.0636	0.8888	17.2000	0.0674	816.0000	83.0000	0.1017	849.0000
239	0.8389	0.6061	0.3508	0.7620	0.0613	0.8708	17.0000	0.0689	828.0000	99.0000	0.1196	843.0000
240	0.8428	0.6209	0.3506	0.7671	0.0595	0.8851	17.1000	0.0639	851.0000	85.0000	0.0999	863.0000
241	0.8414	0.6110	0.3440	0.7732	0.0584	0.8888	17.1000	0.0638	825.0000	80.0000	0.0970	856.0000
242	0.8231	0.6213	0.3464	0.7480	0.0613	0.8768	17.0000	0.0740	863.0000	90.0000	0.1043	877.0000
243	0.8119	0.6139	0.3355	0.7319	0.0605	0.8695	17.1000	0.0745	852.0000	92.0000	0.1080	859.0000
244	0.8264	0.6143	0.3522	0.7487	0.0613	0.8754	17.2000	0.0723	804.0000	90.0000	0.1119	827.0000
245	0.8250	0.6110	0.3495	0.7922	0.0638	0.8821	17.1000	0.0701	829.0000	83.0000	0.1001	855.0000
246	0.8017	0.6234	0.3551	0.7597	0.0639	0.8740	17.0000	0.0808	861.0000	92.0000	0.1069	863.0000
247	0.8375	0.6180	0.3475	0.7529	0.0615	0.8893	17.2000	0.0727	830.0000	87.0000	0.1048	871.0000
248	0.8316	0.6156	0.3482	0.7539	0.0627	0.8891	17.0000	0.0760	815.0000	82.0000	0.1006	842.0000
249	0.8041	0.6197	0.3601	0.7567	0.0635	0.8813	17.0000	0.0677	872.0000	85.0000	0.0975	895.0000
250	0.8126	0.6197	0.3601	0.7924	0.0628	0.8828	17.0000	0.0785	844.0000	92.0000	0.1090	864.0000
251	0.8227	0.6263	0.3619	0.7795	0.0658	0.8966	17.1000	0.0689	848.0000	79.0000	0.0932	865.0000
252	0.8386	0.6148	0.3490	0.7562	0.0616	0.8974	16.9000	0.0668	799.0000	79.0000	0.0989	824.0000
253	0.8094	0.6098	0.3513	0.7638	0.0627	0.8808	17.1000	0.0591	816.0000	83.0000	0.1017	840.0000
254	0.8257	0.6135	0.3535	0.8088	0.0643	0.8881	17.0000	0.0746	816.0000	80.0000	0.0980	847.0000
255	0.8370	0.6086	0.3403	0.7810	0.0610	0.8825	17.2000	0.0739	792.0000	83.0000	0.1048	835.0000
256	0.8265	0.6164	0.3479	0.7587	0.0645	0.8778	17.1000	0.0589	827.0000	87.0000	0.1052	849.0000
257	0.8186	0.6209	0.3542	0.7741	0.0653	0.8827	17.0000	0.0729	872.0000	84.0000	0.0963	874.0000
258	0.8150	0.6201	0.3535	0.7426	0.0642	0.8731	17.2000	0.0704	891.0000	98.0000	0.1100	896.0000
259	0.8152	0.6073	0.3512	0.7540	0.0588	0.8669	17.0000	0.0854	843.0000	96.0000	0.1139	849.0000
260	0.8384	0.6238	0.3598	0.7720	0.0613	0.8960	17.1000	0.0620	881.0000	79.0000	0.0897	892.0000
261	0.7969	0.6127	0.3449	0.7703	0.0587	0.8783	17.1000	0.0741	860.0000	82.0000	0.0953	872.0000
262	0.8233	0.6160	0.3435	0.7600	0.0627	0.8839	17.1000	0.0715	829.0000	83.0000	0.1001	849.0000
263	0.8280	0.6131	0.3506	0.7683	0.0601	0.8870	17.1000	0.0689	838.0000	86.0000	0.1026	855.0000
264	0.8205	0.6164	0.3500	0.7276	0.0602	0.8708	17.2000	0.0727	825.0000	98.0000	0.1188	854.0000
265	0.8212	0.6197	0.3532	0.7742	0.0636	0.8781	17.1000	0.0775	831.0000	85.0000	0.1023	844.0000
266	0.7857	0.6139	0.3532	0.7259	0.0614	0.8710	17.2000	0.0727	839.0000	86.0000	0.1025	845.0000
267	0.7894	0.6242	0.3625	0.7443	0.0632	0.8775	17.2000	0.0931	905.0000	91.0000	0.1006	915.0000
268	0.7973	0.6135	0.3514	0.7393	0.0571	0.8710	17.1000	0.0822	890.0000	92.0000	0.1034	894.0000
269	0.8182	0.6148	0.3563	0.7650	0.0615	0.8779	17.2000	0.0733	886.0000	85.0000	0.0959	891.0000
270	0.8356	0.6230	0.3764	0.7551	0.0636	0.8848	17.0000	0.0795	906.0000	89.0000	0.0982	938.0000
271	0.7645	0.6115	0.3565	0.7656	0.0625	0.8846	17.0000	0.0585	813.0000	82.0000	0.1009	833.0000
272	0.8307	0.6213	0.3524	0.7498	0.0609	0.8885	17.0000	0.0671	875.0000	83.0000	0.0949	907.0000
273	0.8161	0.6180	0.3548	0.7549	0.0616	0.8886	17.0000	0.0751	841.0000	90.0000	0.1070	861.0000
274	0.8404	0.6160	0.3494	0.7487	0.0652	0.8856	16.9000	0.0682	812.0000	84.0000	0.1034	838.0000
275	0.8022	0.6143	0.3610	0.7482	0.0628	0.8777	17.1000	0.0883	837.0000	89.0000	0.1063	862.0000
276	0.8360	0.6164	0.3547	0.7722	0.0614	0.8854	17.2000	0.0695	840.0000	88.0000	0.1048	882.0000
277	0.8168	0.6168	0.3587	0.7747	0.0621	0.8752	16.9000	0.0822	864.0000	88.0000	0.1019	883.0000
278	0.8281	0.6119	0.3465	0.7500	0.0605	0.8877	17.0000	0.0727	865.0000	84.0000	0.0971	884.0000
279	0.8389	0.6139	0.3547	0.7440	0.0613	0.8756	17.1000	0.0806	854.0000	90.0000	0.1054	885.0000
280	0.8310	0.6143	0.3517	0.7735	0.0628	0.8978	17.0000	0.0793	823.0000	81.0000	0.0984	840.0000
281	0.8288	0.6193	0.3523	0.7617	0.0622	0.8878	17.0000	0.0695	809.0000	80.0000	0.0989	841.0000
282	0.8116	0.6172	0.3499	0.7363	0.0621	0.8740	17.1000	0.0801	857.0000	93.0000	0.1085	868.0000
283	0.8382	0.6102	0.3474	0.7811	0.0621	0.8852	17.0000	0.0766	835.0000	83.0000	0.0994	873.0000
284	0.8129	0.6110	0.3444	0.7444	0.0610	0.8797	17.2000	0.0708	812.0000	86.0000	0.1059	841.0000
285	0.8431	0.6172	0.3385	0.7684	0.0559	0.9017	17.0000	0.0704	904.0000	82.0000	0.0907	925.0000
286	0.8082	0.6143	0.3522	0.7430	0.0607	0.8916	17.1000	0.0703	871.0000	84.0000	0.0964	895.0000
287	0.8010	0.6201	0.3575	0.7778	0.0628	0.8840	17.1000	0.0628	896.0000	81.0000	0.0904	923.0000
288	0.7678	0.6131	0.3443	0.7642	0.0566	0.8812	17.0000	0.0716	865.0000	89.0000	0.1029	886.0000
289	0.8363	0.6123	0.3489	0.7749	0.0600	0.8848	16.9000	0.0769	812.0000	88.0000	0.1084	847.0000
290	0.8321	0.6073	0.3554	0.7494	0.0638	0.8791	17.0000	0.0751	814.0000	83.0000	0.1020	835.0000
291	0.8191	0.6176	0.3619	0.7725	0.0594	0.8907	17.1000	0.0565	885.0000	82.0000	0.0927	921.0000
292	0.8255	0.6185	0.3536	0.7445	0.0615	0.8822	17.0000	0.0648	821.0000	88.0000	0.1072	832.0000
293	0.7989	0.6230	0.3520	0.7388	0.0624	0.8765	17.0000	0.0934	845.0000	92.0000	0.1089	870.0000
294	0.8226	0.6172	0.3539	0.7616	0.0639	0.8858	16.9000	0.0634	865.0000	85.0000	0.0983	871.0000
295	0.7952	0.6283	0.3594	0.7551	0.0667	0.8663	17.1000	0.0824	893.0000	99.0000	0.1109	895.0000
296	0.8124	0.6168	0.3532	0.7835	0.0634	0.8920	17.2000	0.0749	855.0000	86.0000	0.1006	868.0000
297	0.8178	0.6168	0.3535	0.7702	0.0635	0.8798	17.2000	0.0680	895.0000	89.0000	0.0994	914.0000
298	0.8043	0.6160	0.3476	0.7565	0.0597	0.8819	17.1000	0.0793	871.0000	83.0000	0.0953	889.0000
299	0.7989	0.6152	0.3530	0.7790	0.0617	0.8695	17.2000	0.0879	844.0000	92.0000	0.1090	877.0000
300	0.8222	0.6164	0.3625	0.7509	0.0607	0.8746	17.1000	0.0698	883.0000	97.0000	0.1099	911.0000
301	0.8220	0.6180	0.3509	0.7496	0.0593	0.8860	17.1000	0.0777	833.0000	87.0000	0.1044	888.0000
302	0.8270	0.6156	0.3594	0.7293	0.0587	0.8755	17.3000	0.0762	885.0000	98.0000	0.1107	890.0000
303	0.7993	0.6156	0.3552	0.7529	0.0606	0.8768	17.2000	0.0758	849.0000	89.0000	0.1048	872.0000
304	0.8155	0.6077	0.3406	0.7848	0.0594	0.8912	17.1000	0.0737	806.0000	79.0000	0.0980	839.0000
305	0.8232	0.6234	0.3613	0.7667	0.0643	0.8784	17.1000	0.0648	848.0000	87.0000	0.1026	872.0000
306	0.8247	0.6205	0.3572	0.7750	0.0616	0.8811	17.1000	0.0773	858.0000	81.0000	0.0944	906.0000
307	0.8222	0.6168	0.3497	0.7731	0.0627	0.8795	17.1000	0.0632	831.0000	82.0000	0.0987	843.0000
308	0.8279	0.6131	0.3451	0.7540	0.0595	0.8622	17.0000	0.0799	800.0000	87.0000	0.1087	846.0000
309	0.7958	0.6098	0.3555	0.7473	0.0593	0.8570	17.1000	0.0988	846.0000	101.0000	0.1194	885.0000
310	0.8192	0.6044	0.3401	0.7883	0.0614	0.8618	17.0000	0.0747	813.0000	88.0000	0.1082	823.0000
311	0.8325	0.6152	0.3529	0.7659	0.0620	0.8818	17.1000	0.0702	879.0000	86.0000	0.0978	890.0000
312	0.8173	0.6090	0.3576	0.7668	0.0607	0.8637	17.2000	0.0758	818.0000	94.0000	0.1149	857.0000
313	0.8025	0.6115	0.3459	0.7267	0.0617	0.8642	17.0000	0.0811	856.0000	96.0000	0.1121	859.0000
314	0.8302	0.6201	0.3641	0.7421	0.0614	0.8806	17.2000	0.0769	892.0000	92.0000	0.1031	908.0000
315	0.8076	0.6193	0.3495	0.7579	0.0610	0.8675	17.1000	0.0833	809.0000	85.0000	0.1051	845.0000
316	0.8272	0.6189	0.3666	0.7588	0.0593	0.8863	17.1000	0.0560	921.0000	83.0000	0.0901	935.0000
317	0.8202	0.6102	0.3507	0.7210	0.0559	0.8826	17.1000	0.0704	870.0000	91.0000	0.1046	886.0000
318	0.8196	0.6180	0.3607	0.7732	0.0589	0.8790	17.1000	0.0654	885.0000	90.0000	0.1017	924.0000
319	0.8322	0.6143	0.3511	0.7827	0.0616	0.8983	17.0000	0.0615	829.0000	77.0000	0.0929	861.0000
320	0.8090	0.6242	0.3556	0.7549	0.0620	0.8788	16.9000	0.0751	880.0000	93.0000	0.1057	905.0000
321	0.8249	0.6143	0.3523	0.7822	0.0614	0.8814	16.8000	0.0739	852.0000	82.0000	0.0962	862.0000
322	0.8367	0.6242	0.3620	0.7737	0.0642	0.8903	17.1000	0.0682	889.0000	85.0000	0.0956	898.0000
323	0.8210	0.6201	0.3631	0.7476	0.0651	0.8794	17.0000	0.0755	826.0000	93.0000	0.1126	854.0000
324	0.8183	0.6168	0.3557	0.7572	0.0623	0.8729	16.9000	0.0803	859.0000	98.0000	0.1141	875.0000
325	0.8085	0.6160	0.3541	0.7520	0.0602	0.8731	17.1000	0.0836	874.0000	89.0000	0.1018	892.0000
326	0.7683	0.6180	0.3576	0.7133	0.0625	0.8666	16.9000	0.0818	879.0000	95.0000	0.1081	883.0000
327	0.8048	0.6098	0.3468	0.7325	0.0605	0.8655	17.3000	0.0765	839.0000	94.0000	0.1120	874.0000
328	0.8023	0.6152	0.3533	0.7518	0.0622	0.8763	16.9000	0.0710	844.0000	92.0000	0.1090	864.0000
329	0.8335	0.6061	0.3462	0.7515	0.0643	0.8829	17.0000	0.0705	830.0000	87.0000	0.1048	836.0000
330	0.8269	0.6189	0.3605	0.7468	0.0625	0.8776	17.1000	0.0813	843.0000	93.0000	0.1103	859.0000
331	0.8323	0.6189	0.3576	0.7845	0.0632	0.8742	17.0000	0.0769	850.0000	88.0000	0.1035	883.0000
332	0.8231	0.6139	0.3515	0.7543	0.0600	0.8744	17.0000	0.0809	855.0000	92.0000	0.1076	892.0000
333	0.7958	0.6218	0.3610	0.7460	0.0637	0.8666	17.1000	0.0787	887.0000	93.0000	0.1048	897.0000
334	0.8330	0.6172	0.3620	0.7831	0.0620	0.8916	17.0000	0.0657	886.0000	78.0000	0.0880	898.0000
335	0.8160	0.6205	0.3600	0.7480	0.0628	0.8831	17.0000	0.0807	848.0000	85.0000	0.1002	861.0000
336	0.8169	0.6139	0.3589	0.7441	0.0594	0.8833	17.2000	0.0578	914.0000	86.0000	0.0941	917.0000
337	0.8107	0.6152	0.3442	0.7695	0.0640	0.8801	17.0000	0.0761	815.0000	79.0000	0.0969	840.0000
338	0.8255	0.6230	0.3680	0.7802	0.0634	0.8798	17.0000	0.0690	869.0000	86.0000	0.0990	901.0000
339	0.8402	0.6180	0.3484	0.7645	0.0604	0.8882	17.2000	0.0735	847.0000	92.0000	0.1086	860.0000
340	0.8137	0.6148	0.3519	0.7444	0.0587	0.8783	17.1000	0.0642	854.0000	90.0000	0.1054	900.0000
341	0.8099	0.6197	0.3560	0.7652	0.0642	0.8890	17.1000	0.0695	891.0000	84.0000	0.0943	908.0000
342	0.8303	0.6197	0.3468	0.7803	0.0625	0.8824	17.1000	0.0693	831.0000	84.0000	0.1011	853.0000
343	0.8272	0.6168	0.3614	0.7553	0.0630	0.8760	17.1000	0.0694	838.0000	92.0000	0.1098	877.0000
344	0.8350	0.6119	0.3492	0.7382	0.0610	0.8784	17.2000	0.0738	850.0000	92.0000	0.1082	876.0000
345	0.8148	0.6139	0.3490	0.7609	0.0574	0.8843	17.0000	0.0626	895.0000	85.0000	0.0950	912.0000
346	0.8041	0.6213	0.3521	0.7339	0.0588	0.8743	17.1000	0.0859	876.0000	95.0000	0.1084	895.0000
347	0.8024	0.6168	0.3585	0.7690	0.0641	0.8755	17.2000	0.0802	858.0000	88.0000	0.1026	869.0000
348	0.8054	0.6213	0.3522	0.7575	0.0596	0.8820	17.1000	0.0666	892.0000	93.0000	0.1043	922.0000
349	0.8071	0.6234	0.3539	0.7723	0.0634	0.8858	16.9000	0.0714	839.0000	89.0000	0.1061	852.0000
350	0.8369	0.6152	0.3472	0.7746	0.0614	0.8867	17.1000	0.0679	833.0000	80.0000	0.0960	883.0000
351	0.8155	0.6131	0.3488	0.7698	0.0609	0.8894	17.0000	0.0714	872.0000	87.0000	0.0998	878.0000
352	0.8271	0.6057	0.3365	0.7676	0.0586	0.8878	17.1000	0.0673	819.0000	81.0000	0.0989	841.0000
353	0.8293	0.6106	0.3591	0.7731	0.0641	0.8876	17.0000	0.0776	847.0000	84.0000	0.0992	866.0000
354	0.8020	0.6098	0.3427	0.7483	0.0621	0.8762	16.9000	0.0667	819.0000	91.0000	0.1111	840.0000
355	0.8219	0.6156	0.3578	0.7614	0.0611	0.8788	17.0000	0.0672	911.0000	88.0000	0.0966	924.0000
356	0.8074	0.6135	0.3540	0.7325	0.0594	0.8761	17.0000	0.0827	852.0000	90.0000	0.1056	871.0000
357	0.8182	0.6119	0.3419	0.7641	0.0613	0.8694	17.2000	0.0824	828.0000	94.0000	0.1135	852.0000
358	0.8238	0.6201	0.3572	0.7331	0.0615	0.8794	17.1000	0.0756	835.0000	96.0000	0.1150	867.0000
359	0.8119	0.6189	0.3509	0.7273	0.0596	0.8684	17.0000	0.0832	843.0000	93.0000	0.1103	885.0000
360	0.8161	0.6086	0.3537	0.7677	0.0592	0.8757	17.1000	0.0759	878.0000	92.0000	0.1048	902.0000
361	0.8300	0.6180	0.3579	0.7698	0.0608	0.8932	16.9000	0.0609	876.0000	86.0000	0.0982	890.0000
362	0.8198	0.6172	0.3491	0.7899	0.0633	0.8853	17.1000	0.0707	806.0000	80.0000	0.0993	822.0000
363	0.8261	0.6193	0.3546	0.7672	0.0611	0.8912	17.0000	0.0632	894.0000	81.0000	0.0906	911.0000
364	0.8342	0.6152	0.3555	0.7475	0.0603	0.8847	17.0000	0.0716	896.0000	89.0000	0.0993	902.0000
365	0.8329	0.6197	0.3578	0.7503	0.0610	0.8902	17.1000	0.0670	855.0000	90.0000	0.1053	865.0000
366	0.8267	0.6172	0.3574	0.7572	0.0584	0.8870	17.1000	0.0650	891.0000	86.0000	0.0965	904.0000
367	0.8194	0.6098	0.3485	0.7435	0.0590	0.8881	17.0000	0.0815	830.0000	85.0000	0.1024	850.0000
368	0.8260	0.6218	0.3563	0.7696	0.0632	0.8858	17.0000	0.0672	861.0000	88.0000	0.1022	876.0000
369	0.8277	0.6172	0.3515	0.7469	0.0631	0.8768	17.2000	0.0711	870.0000	93.0000	0.1069	875.0000
370	0.8437	0.6251	0.3572	0.7673	0.0680	0.9001	17.0000	0.0518	834.0000	77.0000	0.0923	850.0000
371	0.8294	0.6205	0.3483	0.7627	0.0616	0.8837	16.8000	0.0660	808.0000	84.0000	0.1040	832.0000
372	0.8199	0.6218	0.3549	0.7650	0.0614	0.8830	17.1000	0.0761	892.0000	89.0000	0.0998	907.0000
373	0.8249	0.6119	0.3422	0.7521	0.0600	0.8650	17.1000	0.0716	815.0000	96.0000	0.1178	846.0000
374	0.8106	0.6205	0.3656	0.7334	0.0646	0.8948	17.0000	0.0614	895.0000	82.0000	0.0916	921.0000
375	0.7995	0.6230	0.3524	0.7719	0.0613	0.8734	17.0000	0.0817	901.0000	88.0000	0.0977	907.0000
376	0.7952	0.6152	0.3568	0.7449	0.0592	0.8753	17.0000	0.0734	843.0000	90.0000	0.1068	885.0000
377	0.7958	0.6127	0.3569	0.7642	0.0641	0.8789	16.9000	0.0813	844.0000	90.0000	0.1066	870.0000
378	0.8495	0.6164	0.3453	0.7781	0.0604	0.8921	17.1000	0.0667	822.0000	81.0000	0.0985	865.0000
379	0.8177	0.6106	0.3477	0.7583	0.0585	0.8838	17.2000	0.0732	895.0000	84.0000	0.0939	923.0000
380	0.8484	0.6115	0.3528	0.7467	0.0618	0.8834	16.9000	0.0692	843.0000	81.0000	0.0961	853.0000
381	0.8143	0.6119	0.3319	0.7686	0.0616	0.8845	16.9000	0.0741	831.0000	82.0000	0.0987	860.0000
382	0.8301	0.6255	0.3610	0.7389	0.0647	0.8733	16.8000	0.0760	865.0000	91.0000	0.1052	888.0000
383	0.8350	0.6115	0.3527	0.7809	0.0605	0.8985	17.0000	0.0649	803.0000	76.0000	0.0946	856.0000
384	0.8149	0.6201	0.3465	0.7591	0.0588	0.8813	17.0000	0.0802	928.0000	88.0000	0.0948	935.0000
385	0.8350	0.6218	0.3544	0.7269	0.0625	0.8775	17.0000	0.0702	859.0000	94.0000	0.1094	899.0000
386	0.8397	0.6226	0.3553	0.7928	0.0626	0.8921	17.2000	0.0657	868.0000	86.0000	0.0991	882.0000
387	0.8258	0.6160	0.3472	0.7622	0.0615	0.8842	17.2000	0.0699	835.0000	86.0000	0.1030	838.0000
388	0.7892	0.6172	0.3583	0.7333	0.0598	0.8645	17.1000	0.0949	925.0000	99.0000	0.1070	941.0000
389	0.8080	0.6185	0.3612	0.7583	0.0632	0.8649	17.1000	0.0828	859.0000	101.0000	0.1176	877.0000
390	0.8095	0.6135	0.3433	0.7450	0.0605	0.8828	16.9000	0.0646	888.0000	85.0000	0.0957	903.0000
391	0.8229	0.6160	0.3567	0.7533	0.0594	0.8880	17.1000	0.0663	867.0000	84.0000	0.0969	885.0000
392	0.8462	0.6172	0.3499	0.7512	0.0581	0.8759	17.0000	0.0755	898.0000	92.0000	0.1024	910.0000
393	0.8304	0.6209	0.3633	0.7742	0.0661	0.8903	17.0000	0.0704	840.0000	83.0000	0.0988	871.0000
394	0.8235	0.6139	0.3500	0.7612	0.0613	0.8702	17.1000	0.0712	853.0000	94.0000	0.1102	866.0000
395	0.8238	0.6119	0.3521	0.7946	0.0596	0.8883	16.9000	0.0674	827.0000	85.0000	0.1028	851.0000
396	0.8283	0.6205	0.3554	0.7575	0.0626	0.8872	17.0000	0.0660	873.0000	87.0000	0.0997	895.0000
397	0.8490	0.6110	0.3514	0.7551	0.0581	0.8755	17.1000	0.0637	872.0000	89.0000	0.1021	887.0000
398	0.8450	0.6086	0.3446	0.7801	0.0572	0.8876	16.9000	0.0532	823.0000	81.0000	0.0984	842.0000
399	0.8250	0.6115	0.3425	0.7512	0.0571	0.8840	17.0000	0.0771	877.0000	85.0000	0.0969	898.0000
400	0.7990	0.6172	0.3620	0.7432	0.0608	0.8852	17.1000	0.0804	875.0000	84.0000	0.0960	907.0000
401	0.8204	0.6090	0.3483	0.7697	0.0599	0.8818	17.3000	0.0650	819.0000	85.0000	0.1038	860.0000
402	0.8245	0.6176	0.3578	0.7664	0.0629	0.8761	17.0000	0.0644	873.0000	86.0000	0.0985	885.0000
403	0.8375	0.6082	0.3465	0.7603	0.0632	0.8840	17.1000	0.0723	866.0000	92.0000	0.1062	886.0000
404	0.8190	0.6061	0.3440	0.7756	0.0610	0.8828	17.0000	0.0676	812.0000	83.0000	0.1022	820.0000
405	0.8269	0.6152	0.3542	0.7745	0.0637	0.8847	16.9000	0.0690	825.0000	85.0000	0.1030	860.0000
406	0.8242	0.6185	0.3474	0.7597	0.0592	0.8865	17.0000	0.0726	867.0000	85.0000	0.0980	884.0000
407	0.8457	0.6172	0.3521	0.7544	0.0588	0.8814	17.0000	0.0660	831.0000	92.0000	0.1107	870.0000
408	0.8125	0.6193	0.3543	0.7675	0.0618	0.8722	17.2000	0.0809	820.0000	87.0000	0.1061	842.0000
409	0.8204	0.6115	0.3482	0.7761	0.0620	0.8699	17.2000	0.0716	843.0000	90.0000	0.1068	854.0000
410	0.8380	0.6156	0.3642	0.7739	0.0633	0.8936	17.0000	0.0677	852.0000	85.0000	0.0998	858.0000
411	0.8223	0.6164	0.3516	0.7593	0.0635	0.8835	17.3000	0.0789	865.0000	92.0000	0.1064	889.0000
412	0.8115	0.6164	0.3483	0.7588	0.0615	0.8957	17.1000	0.0709	842.0000	81.0000	0.0962	873.0000
413	0.8397	0.6135	0.3663	0.7724	0.0663	0.8937	17.0000	0.0705	888.0000	84.0000	0.0946	892.0000
414	0.8077	0.6288	0.3633	0.7641	0.0639	0.8807	17.0000	0.0686	883.0000	89.0000	0.1008	896.0000
415	0.8226	0.6222	0.3526	0.7585	0.0613	0.8798	17.1000	0.0640	881.0000	87.0000	0.0988	909.0000
416	0.7973	0.6168	0.3521	0.7283	0.0581	0.8701	17.2000	0.0848	853.0000	98.0000	0.1149	877.0000
417	0.8132	0.6255	0.3596	0.7692	0.0619	0.8820	17.1000	0.0723	895.0000	92.0000	0.1028	912.0000
418	0.8192	0.6160	0.3541	0.7640	0.0596	0.8813	17.1000	0.0703	880.0000	94.0000	0.1068	896.0000
419	0.8253	0.6139	0.3548	0.7397	0.0605	0.8712	17.0000	0.0672	874.0000	90.0000	0.1030	898.0000
420	0.8104	0.6123	0.3559	0.7397	0.0598	0.8814	17.0000	0.0908	792.0000	85.0000	0.1073	837.0000
421	0.8132	0.6168	0.3471	0.7614	0.0615	0.8811	17.1000	0.0712	866.0000	86.0000	0.0993	905.0000
422	0.8379	0.6148	0.3556	0.7690	0.0606	0.8799	17.1000	0.0622	870.0000	82.0000	0.0943	881.0000
423	0.8407	0.6094	0.3423	0.7656	0.0578	0.8855	17.2000	0.0716	853.0000	82.0000	0.0961	889.0000
424	0.7835	0.6115	0.3434	0.7436	0.0590	0.8697	17.2000	0.0758	825.0000	90.0000	0.1091	854.0000
425	0.8105	0.6143	0.3551	0.7427	0.0594	0.8805	17.1000	0.0729	841.0000	83.0000	0.0987	866.0000
426	0.8247	0.6164	0.3500	0.7434	0.0599	0.8717	17.2000	0.0759	904.0000	95.0000	0.1051	931.0000
427	0.8289	0.6172	0.3411	0.7676	0.0634	0.8880	17.1000	0.0718	828.0000	81.0000	0.0978	831.0000
428	0.8164	0.6119	0.3497	0.7823	0.0620	0.8799	17.0000	0.0741	860.0000	86.0000	0.1000	882.0000
429	0.8292	0.6115	0.3527	0.7672	0.0619	0.8846	17.0000	0.0830	827.0000	87.0000	0.1052	859.0000
430	0.8404	0.6180	0.3495	0.7697	0.0609	0.8864	17.1000	0.0681	823.0000	84.0000	0.1021	839.0000
431	0.7884	0.6238	0.3526	0.7946	0.0624	0.8818	17.3000	0.0755	804.0000	79.0000	0.0983	822.0000
432	0.7982	0.6148	0.3508	0.7578	0.0605	0.8756	17.1000	0.0786	855.0000	89.0000	0.1041	882.0000
433	0.8176	0.6205	0.3601	0.7496	0.0618	0.8661	17.2000	0.0756	840.0000	92.0000	0.1095	869.0000
434	0.8332	0.6127	0.3536	0.7612	0.0622	0.8931	17.0000	0.0642	854.0000	86.0000	0.1007	866.0000
435	0.8201	0.6123	0.3528	0.7595	0.0576	0.8821	17.0000	0.0615	868.0000	79.0000	0.0910	900.0000
436	0.8173	0.6180	0.3626	0.7448	0.0593	0.8854	17.1000	0.0644	924.0000	92.0000	0.0996	928.0000
437	0.8330	0.6148	0.3609	0.7674	0.0629	0.8849	17.0000	0.0709	859.0000	89.0000	0.1036	877.0000
438	0.8184	0.6176	0.3525	0.7485	0.0601	0.8868	17.0000	0.0696	871.0000	88.0000	0.1010	900.0000
439	0.8318	0.6156	0.3518	0.7781	0.0625	0.8769	17.1000	0.0614	781.0000	83.0000	0.1063	798.0000
440	0.8207	0.6094	0.3545	0.7557	0.0609	0.8894	17.1000	0.0705	848.0000	81.0000	0.0955	859.0000
441	0.8280	0.6065	0.3367	0.7482	0.0614	0.8772	17.1000	0.0830	825.0000	87.0000	0.1055	863.0000
442	0.8123	0.6222	0.3535	0.7570	0.0593	0.8827	17.0000	0.0810	876.0000	90.0000	0.1027	907.0000
443	0.8245	0.6176	0.3585	0.7494	0.0598	0.8791	17.0000	0.0679	834.0000	95.0000	0.1139	887.0000
444	0.7962	0.6131	0.3533	0.7225	0.0590	0.8637	17.2000	0.0850	812.0000	95.0000	0.1170	845.0000
445	0.8258	0.6222	0.3547	0.7686	0.0634	0.8951	16.9000	0.0522	872.0000	79.0000	0.0906	900.0000
446	0.8302	0.6135	0.3559	0.7696	0.0572	0.8909	17.1000	0.0651	907.0000	85.0000	0.0937	940.0000
447	0.8090	0.6135	0.3526	0.7530	0.0621	0.8864	17.2000	0.0733	838.0000	87.0000	0.1038	864.0000
448	0.8581	0.6168	0.3556	0.7481	0.0605	0.8830	17.1000	0.0610	849.0000	84.0000	0.0989	869.0000
449	0.8309	0.6106	0.3558	0.7908	0.0590	0.8884	17.0000	0.0604	848.0000	85.0000	0.1002	898.0000
450	0.8199	0.6156	0.3504	0.7506	0.0598	0.8633	17.1000	0.0940	849.0000	98.0000	0.1154	861.0000
451	0.8280	0.6201	0.3602	0.7861	0.0666	0.8969	17.1000	0.0629	845.0000	86.0000	0.1018	849.0000
452	0.8423	0.6156	0.3519	0.7449	0.0635	0.8759	17.2000	0.0766	831.0000	93.0000	0.1119	856.0000
453	0.8110	0.6069	0.3423	0.7626	0.0592	0.8779	17.0000	0.0793	825.0000	92.0000	0.1115	848.0000
454	0.8367	0.6201	0.3466	0.7755	0.0613	0.8901	17.0000	0.0660	847.0000	84.0000	0.0992	877.0000
455	0.8194	0.6110	0.3582	0.7344	0.0618	0.8745	17.2000	0.0863	853.0000	99.0000	0.1161	873.0000
456	0.8407	0.6135	0.3614	0.7763	0.0647	0.8876	17.1000	0.0806	806.0000	88.0000	0.1092	829.0000
457	0.8367	0.6197	0.3549	0.7729	0.0648	0.8791	17.1000	0.0885	807.0000	87.0000	0.1078	835.0000
458	0.8328	0.6152	0.3464	0.7432	0.0584	0.8767	17.0000	0.0879	856.0000	95.0000	0.1110	880.0000
459	0.8190	0.6164	0.3517	0.7775	0.0613	0.8831	17.1000	0.0658	859.0000	86.0000	0.1001	871.0000
460	0.8176	0.6106	0.3535	0.7805	0.0599	0.8898	17.0000	0.0684	833.0000	84.0000	0.1008	870.0000
461	0.8226	0.6201	0.3568	0.7333	0.0590	0.8872	17.1000	0.0810	902.0000	88.0000	0.0976	918.0000
462	0.8309	0.6098	0.3524	0.7718	0.0624	0.8890	17.2000	0.0631	847.0000	83.0000	0.0980	856.0000
463	0.8064	0.6189	0.3623	0.7694	0.0669	0.8858	16.8000	0.0785	865.0000	91.0000	0.1052	879.0000
464	0.8091	0.6102	0.3464	0.7428	0.0614	0.8748	17.1000	0.0730	842.0000	90.0000	0.1069	864.0000
465	0.8395	0.6139	0.3447	0.7743	0.0582	0.8892	16.9000	0.0687	853.0000	81.0000	0.0950	881.0000
466	0.8126	0.6205	0.3528	0.7454	0.0619	0.8839	17.0000	0.0662	847.0000	82.0000	0.0968	859.0000
467	0.8145	0.6201	0.3600	0.7610	0.0586	0.8842	17.0000	0.0606	847.0000	84.0000	0.0992	868.0000
468	0.8226	0.6152	0.3594	0.7565	0.0670	0.8821	17.2000	0.0645	826.0000	85.0000	0.1029	839.0000
469	0.8138	0.6172	0.3548	0.7662	0.0639	0.8841	17.2000	0.0783	811.0000	83.0000	0.1023	836.0000
470	0.8244	0.6139	0.3570	0.7448	0.0578	0.8715	17.1000	0.0800	923.0000	96.0000	0.1040	943.0000
471	0.8272	0.6131	0.3629	0.7602	0.0627	0.9009	16.9000	0.0704	867.0000	84.0000	0.0969	879.0000
472	0.8227	0.6102	0.3481	0.7368	0.0591	0.8796	17.0000	0.0844	837.0000	88.0000	0.1051	870.0000
473	0.8161	0.6172	0.3513	0.7631	0.0611	0.8785	17.0000	0.0745	880.0000	94.0000	0.1068	892.0000
474	0.8053	0.6176	0.3572	0.7327	0.0612	0.8731	17.0000	0.0684	887.0000	87.0000	0.0981	894.0000
475	0.8228	0.6143	0.3548	0.7529	0.0615	0.8816	17.0000	0.0747	804.0000	89.0000	0.1107	836.0000
476	0.8161	0.6209	0.3494	0.7632	0.0643	0.8913	17.1000	0.0620	834.0000	77.0000	0.0923	859.0000
477	0.8310	0.6143	0.3404	0.7675	0.0629	0.8920	17.1000	0.0731	801.0000	81.0000	0.1011	814.0000
478	0.8231	0.6185	0.3561	0.7674	0.0611	0.8836	17.0000	0.0785	849.0000	89.0000	0.1048	873.0000
479	0.8159	0.6168	0.3498	0.7750	0.0623	0.8829	17.1000	0.0615	817.0000	80.0000	0.0979	843.0000
480	0.8330	0.6077	0.3542	0.7466	0.0606	0.8774	17.2000	0.0724	923.0000	90.0000	0.0975	930.0000
481	0.8036	0.6193	0.3565	0.7336	0.0618	0.8685	17.1000	0.0731	822.0000	95.0000	0.1156	847.0000
482	0.8156	0.6259	0.3616	0.7683	0.0643	0.8667	17.0000	0.0727	848.0000	94.0000	0.1108	858.0000
483	0.8290	0.6110	0.3520	0.7645	0.0606	0.8837	17.2000	0.0751	845.0000	87.0000	0.1030	882.0000
484	0.8117	0.6172	0.3456	0.7646	0.0591	0.8741	17.0000	0.0675	851.0000	90.0000	0.1058	871.0000
485	0.8139	0.6176	0.3559	0.7427	0.0624	0.8856	17.0000	0.0791	858.0000	85.0000	0.0991	892.0000
486	0.8337	0.6102	0.3418	0.7934	0.0586	0.8993	17.1000	0.0651	844.0000	73.0000	0.0865	880.0000
487	0.8260	0.6193	0.3531	0.7579	0.0654	0.8689	16.9000	0.0810	836.0000	97.0000	0.1160	871.0000
488	0.8397	0.6139	0.3475	0.7809	0.0640	0.8849	17.1000	0.0721	857.0000	85.0000	0.0992	860.0000
489	0.8119	0.6164	0.3518	0.7471	0.0648	0.8801	16.9000	0.0814	853.0000	91.0000	0.1067	869.0000
490	0.8196	0.6148	0.3604	0.7733	0.0624	0.8804	17.2000	0.0822	845.0000	86.0000	0.1018	878.0000
491	0.8380	0.6119	0.3448	0.7638	0.0586	0.8884	17.2000	0.0724	840.0000	82.0000	0.0976	846.0000
492	0.8056	0.6197	0.3630	0.7626	0.0640	0.8822	16.9000	0.0768	843.0000	85.0000	0.1008	886.0000
493	0.8166	0.6230	0.3591	0.7712	0.0653	0.8769	17.1000	0.0688	834.0000	85.0000	0.1019	864.0000
494	0.8223	0.6160	0.3509	0.7623	0.0590	0.8807	17.0000	0.0706	843.0000	85.0000	0.1008	876.0000
495	0.8277	0.6255	0.3643	0.7616	0.0638	0.8757	17.1000	0.0813	844.0000	87.0000	0.1031	856.0000
496	0.8313	0.6110	0.3489	0.7517	0.0568	0.8839	17.1000	0.0787	923.0000	92.0000	0.0997	942.0000
497	0.8520	0.6135	0.3535	0.7729	0.0611	0.9078	17.2000	0.0467	851.0000	75.0000	0.0881	863.0000
498	0.8239	0.6189	0.3567	0.7607	0.0605	0.8944	17.2000	0.0704	845.0000	79.0000	0.0935	871.0000
499	0.8084	0.6218	0.3475	0.7716	0.0638	0.8795	17.1000	0.0787	812.0000	83.0000	0.1022	842.0000
500	0.7998	0.6164	0.3539	0.7628	0.0590	0.8803	17.3000	0.0783	890.0000	86.0000	0.0966	929.0000
501	0.8413	0.6139	0.3567	0.7710	0.0649	0.8854	17.2000	0.0648	786.0000	82.0000	0.1043	806.0000
502	0.8291	0.6283	0.3518	0.7588	0.0619	0.8843	17.1000	0.0836	860.0000	87.0000	0.1012	885.0000
503	0.7988	0.6226	0.3521	0.7327	0.0610	0.8638	17.2000	0.0930	900.0000	106.0000	0.1178	915.0000
504	0.8250	0.6119	0.3430	0.7805	0.0585	0.8711	17.2000	0.0753	881.0000	94.0000	0.1067	900.0000
505	0.8341	0.6135	0.3608	0.7574	0.0610	0.8801	17.1000	0.0824	845.0000	89.0000	0.1053	855.0000
506	0.8055	0.6152	0.3515	0.7726	0.0593	0.8725	17.1000	0.0679	897.0000	88.0000	0.0981	915.0000
507	0.8408	0.6135	0.3567	0.7710	0.0604	0.8884	16.9000	0.0717	834.0000	88.0000	0.1055	888.0000
508	0.8106	0.6193	0.3549	0.7621	0.0633	0.8729	17.1000	0.0809	879.0000	88.0000	0.1001	886.0000
509	0.8383	0.6197	0.3530	0.7553	0.0619	0.8822	17.3000	0.0680	885.0000	90.0000	0.1017	893.0000
510	0.8216	0.6209	0.3571	0.7576	0.0612	0.8811	17.3000	0.0678	899.0000	90.0000	0.1001	909.0000
511	0.8409	0.6135	0.3448	0.7827	0.0604	0.8974	17.1000	0.0621	844.0000	81.0000	0.0960	857.0000
512	0.8393	0.6143	0.3490	0.7433	0.0620	0.8901	17.2000	0.0486	861.0000	88.0000	0.1022	865.0000
513	0.8378	0.6205	0.3640	0.7185	0.0617	0.8822	17.2000	0.0616	898.0000	92.0000	0.1024	914.0000
514	0.8373	0.6135	0.3453	0.7934	0.0601	0.8939	17.0000	0.0635	869.0000	79.0000	0.0909	893.0000
515	0.8010	0.6172	0.3578	0.7551	0.0659	0.8703	17.1000	0.0838	832.0000	97.0000	0.1166	864.0000
516	0.8269	0.6135	0.3509	0.7930	0.0587	0.8992	17.1000	0.0605	822.0000	82.0000	0.0998	871.0000
517	0.8237	0.6135	0.3524	0.7389	0.0632	0.8780	17.0000	0.0852	839.0000	91.0000	0.1085	856.0000
518	0.8303	0.6222	0.3514	0.7514	0.0648	0.8754	17.3000	0.0819	814.0000	91.0000	0.1118	835.0000
519	0.8213	0.6189	0.3549	0.7801	0.0655	0.8873	17.1000	0.0688	832.0000	82.0000	0.0986	845.0000
520	0.8369	0.6131	0.3532	0.7581	0.0651	0.8801	17.1000	0.0744	841.0000	86.0000	0.1023	844.0000
521	0.8225	0.6160	0.3513	0.7367	0.0574	0.8763	17.0000	0.0667	855.0000	94.0000	0.1099	889.0000
522	0.8117	0.6160	0.3494	0.7759	0.0631	0.8798	17.0000	0.0807	806.0000	87.0000	0.1079	835.0000
523	0.8123	0.6164	0.3525	0.7575	0.0607	0.8835	16.9000	0.0718	845.0000	86.0000	0.1018	863.0000
524	0.8459	0.6197	0.3540	0.7484	0.0594	0.8803	17.0000	0.0704	857.0000	94.0000	0.1097	862.0000
525	0.8180	0.6156	0.3516	0.7687	0.0606	0.8826	17.2000	0.0664	850.0000	87.0000	0.1024	875.0000
526	0.8327	0.6168	0.3616	0.7701	0.0597	0.8928	17.1000	0.0685	885.0000	84.0000	0.0949	893.0000
527	0.8171	0.6172	0.3539	0.7829	0.0647	0.8865	17.0000	0.0721	842.0000	85.0000	0.1010	865.0000
528	0.8060	0.6164	0.3489	0.7424	0.0614	0.8897	16.9000	0.0655	897.0000	82.0000	0.0914	912.0000
529	0.8027	0.6197	0.3600	0.7625	0.0638	0.8641	17.1000	0.0875	819.0000	88.0000	0.1074	839.0000
530	0.8291	0.6110	0.3474	0.7410	0.0630	0.8634	17.3000	0.0831	839.0000	100.0000	0.1192	846.0000
531	0.7993	0.6168	0.3557	0.8039	0.0630	0.8822	17.0000	0.0758	812.0000	82.0000	0.1010	840.0000
532	0.8251	0.6148	0.3502	0.7865	0.0573	0.8967	16.9000	0.0612	877.0000	87.0000	0.0992	908.0000
533	0.8393	0.6123	0.3510	0.7609	0.0608	0.8778	17.1000	0.0707	811.0000	91.0000	0.1122	848.0000
534	0.8242	0.6106	0.3560	0.7396	0.0647	0.8777	17.1000	0.0766	808.0000	85.0000	0.1052	842.0000
535	0.8262	0.6020	0.3402	0.7843	0.0594	0.8709	17.1000	0.0777	849.0000	92.0000	0.1084	868.0000
536	0.8175	0.6131	0.3477	0.7391	0.0620	0.8734	17.1000	0.0734	832.0000	97.0000	0.1166	838.0000
537	0.8402	0.6135	0.3545	0.7861	0.0607	0.8882	17.1000	0.0698	850.0000	83.0000	0.0976	879.0000
538	0.8248	0.6156	0.3532	0.7642	0.0601	0.8765	17.1000	0.0677	829.0000	83.0000	0.1001	867.0000
539	0.8214	0.6135	0.3508	0.7881	0.0645	0.8997	17.1000	0.0641	823.0000	76.0000	0.0923	834.0000
540	0.8132	0.6106	0.3472	0.7669	0.0576	0.8838	17.1000	0.0632	849.0000	82.0000	0.0966	876.0000
541	0.8205	0.6123	0.3489	0.7373	0.0576	0.8761	16.9000	0.0798	840.0000	87.0000	0.1036	856.0000
542	0.8233	0.6127	0.3508	0.7723	0.0598	0.8824	17.1000	0.0750	856.0000	87.0000	0.1016	899.0000
543	0.8302	0.6197	0.3623	0.7610	0.0621	0.8931	17.1000	0.0693	872.0000	84.0000	0.0963	882.0000
544	0.8346	0.6131	0.3512	0.7710	0.0627	0.8947	17.0000	0.0750	818.0000	86.0000	0.1051	835.0000
545	0.8303	0.6189	0.3511	0.7768	0.0623	0.8819	17.2000	0.0826	829.0000	87.0000	0.1049	852.0000
546	0.8199	0.6168	0.3580	0.7580	0.0671	0.8787	16.9000	0.0692	841.0000	88.0000	0.1046	862.0000
547	0.8260	0.6115	0.3536	0.7947	0.0618	0.8888	17.1000	0.0736	834.0000	77.0000	0.0923	874.0000
548	0.8292	0.6218	0.3544	0.7483	0.0593	0.8878	17.1000	0.0786	908.0000	83.0000	0.0914	919.0000
549	0.8248	0.6160	0.3562	0.7703	0.0638	0.8787	17.2000	0.0848	861.0000	89.0000	0.1034	872.0000
550	0.8312	0.6209	0.3557	0.7857	0.0661	0.8842	16.8000	0.0810	847.0000	89.0000	0.1051	879.0000
551	0.8118	0.6172	0.3463	0.7380	0.0607	0.8820	17.1000	0.0767	873.0000	90.0000	0.1031	882.0000
552	0.8104	0.6127	0.3555	0.7568	0.0570	0.8885	17.1000	0.0683	857.0000	86.0000	0.1004	890.0000
553	0.8357	0.6152	0.3637	0.7822	0.0665	0.8868	17.3000	0.0931	811.0000	86.0000	0.1060	820.0000
554	0.8360	0.6201	0.3566	0.7527	0.0652	0.8718	17.1000	0.0721	848.0000	89.0000	0.1050	863.0000
555	0.8300	0.6152	0.3514	0.7591	0.0596	0.8885	16.9000	0.0703	826.0000	82.0000	0.0993	849.0000
556	0.8093	0.6143	0.3536	0.7669	0.0589	0.8919	16.9000	0.0725	892.0000	82.0000	0.0919	933.0000
557	0.8221	0.6148	0.3468	0.7868	0.0625	0.8861	16.9000	0.0792	833.0000	85.0000	0.1020	850.0000
558	0.8343	0.6222	0.3547	0.7651	0.0619	0.8869	17.1000	0.0624	859.0000	93.0000	0.1083	879.0000
559	0.8097	0.6139	0.3451	0.7556	0.0644	0.8680	17.3000	0.0790	803.0000	94.0000	0.1171	813.0000
560	0.8330	0.6197	0.3617	0.7933	0.0588	0.8929	17.0000	0.0733	903.0000	87.0000	0.0963	934.0000
561	0.8544	0.6185	0.3589	0.7899	0.0579	0.9101	17.0000	0.0453	886.0000	72.0000	0.0813	907.0000
562	0.8234	0.6148	0.3455	0.7617	0.0572	0.8795	17.1000	0.0649	837.0000	87.0000	0.1039	894.0000
563	0.8300	0.6193	0.3525	0.7430	0.0603	0.8783	17.0000	0.0695	856.0000	91.0000	0.1063	861.0000
564	0.8414	0.6152	0.3469	0.7662	0.0640	0.8873	17.0000	0.0700	843.0000	86.0000	0.1020	853.0000
565	0.8062	0.6164	0.3584	0.7629	0.0655	0.8732	17.1000	0.0861	843.0000	90.0000	0.1068	864.0000
566	0.8453	0.6086	0.3457	0.7553	0.0594	0.8846	17.1000	0.0628	833.0000	86.0000	0.1032	853.0000
567	0.8119	0.6168	0.3471	0.7672	0.0610	0.8649	17.3000	0.0801	886.0000	87.0000	0.0982	897.0000
568	0.8046	0.6209	0.3511	0.7783	0.0644	0.8838	17.0000	0.0731	853.0000	88.0000	0.1032	860.0000
569	0.8237	0.6197	0.3560	0.7731	0.0619	0.8873	17.0000	0.0741	838.0000	86.0000	0.1026	860.0000
570	0.8313	0.6123	0.3504	0.7740	0.0653	0.8758	17.1000	0.0703	851.0000	87.0000	0.1022	855.0000
571	0.8282	0.6172	0.3567	0.7160	0.0632	0.8760	17.1000	0.0825	873.0000	96.0000	0.1100	906.0000
572	0.8151	0.6189	0.3564	0.7635	0.0651	0.8872	17.1000	0.0767	857.0000	86.0000	0.1004	886.0000
573	0.8497	0.6032	0.3386	0.7317	0.0543	0.8800	16.9000	0.0683	825.0000	91.0000	0.1103	870.0000
574	0.8014	0.6230	0.3631	0.7344	0.0620	0.8759	17.1000	0.0817	855.0000	91.0000	0.1064	888.0000
575	0.8396	0.6094	0.3467	0.7796	0.0582	0.8957	16.9000	0.0605	905.0000	82.0000	0.0906	923.0000
576	0.8280	0.6189	0.3504	0.7737	0.0608	0.8907	17.2000	0.0520	915.0000	88.0000	0.0962	921.0000
577	0.8134	0.6148	0.3459	0.7506	0.0612	0.8751	17.2000	0.0639	858.0000	98.0000	0.1142	861.0000
578	0.8193	0.6168	0.3579	0.7646	0.0617	0.8880	17.1000	0.0687	844.0000	85.0000	0.1007	869.0000
579	0.8155	0.6292	0.3520	0.7474	0.0657	0.8809	17.0000	0.0669	856.0000	86.0000	0.1005	860.0000
580	0.8146	0.6119	0.3512	0.7676	0.0556	0.8822	17.2000	0.0790	869.0000	83.0000	0.0955	873.0000
581	0.8120	0.6168	0.3526	0.7658	0.0619	0.8839	17.1000	0.0823	855.0000	84.0000	0.0982	870.0000
582	0.7927	0.6242	0.3548	0.7699	0.0655	0.8693	16.8000	0.0773	860.0000	84.0000	0.0977	872.0000
583	0.8071	0.6185	0.3527	0.7259	0.0586	0.8710	17.1000	0.0806	909.0000	93.0000	0.1023	916.0000
584	0.8380	0.6172	0.3517	0.7706	0.0618	0.8789	17.3000	0.0597	822.0000	82.0000	0.0998	842.0000
585	0.8153	0.6077	0.3538	0.7595	0.0605	0.8790	17.0000	0.0750	863.0000	88.0000	0.1020	873.0000
586	0.8242	0.6176	0.3572	0.7857	0.0649	0.8975	17.1000	0.0636	808.0000	84.0000	0.1040	825.0000
587	0.8144	0.6213	0.3628	0.7568	0.0565	0.8915	16.9000	0.0779	920.0000	87.0000	0.0946	928.0000
588	0.8277	0.6152	0.3478	0.7389	0.0616	0.8720	17.2000	0.0851	816.0000	90.0000	0.1103	856.0000
589	0.8248	0.6197	0.3621	0.7504	0.0649	0.8739	17.0000	0.0754	837.0000	87.0000	0.1039	862.0000
590	0.8132	0.6164	0.3540	0.7525	0.0571	0.8596	17.3000	0.0838	907.0000	101.0000	0.1114	931.0000
591	0.8245	0.6106	0.3497	0.7465	0.0582	0.8638	17.1000	0.0803	830.0000	95.0000	0.1145	853.0000
592	0.8272	0.6127	0.3458	0.7514	0.0591	0.8759	17.1000	0.0766	872.0000	89.0000	0.1021	875.0000
593	0.8295	0.6077	0.3333	0.7720	0.0571	0.8697	17.1000	0.0727	798.0000	85.0000	0.1065	832.0000
594	0.8354	0.6135	0.3456	0.7539	0.0589	0.8988	17.0000	0.0738	806.0000	79.0000	0.0980	853.0000
595	0.8381	0.6156	0.3508	0.7585	0.0587	0.9054	17.0000	0.0525	862.0000	81.0000	0.0940	889.0000
596	0.8138	0.6201	0.3546	0.7459	0.0629	0.8713	17.0000	0.0843	873.0000	95.0000	0.1088	880.0000
597	0.8277	0.6152	0.3479	0.7650	0.0614	0.8792	17.0000	0.0722	853.0000	93.0000	0.1090	858.0000
598	0.8021	0.6218	0.3557	0.7277	0.0626	0.8703	16.8000	0.0632	872.0000	94.0000	0.1078	885.0000
599	0.8118	0.6176	0.3530	0.7393	0.0587	0.8818	17.3000	0.0707	874.0000	83.0000	0.0950	892.0000
600	0.8078	0.6127	0.3472	0.7633	0.0618	0.8799	17.2000	0.0927	838.0000	85.0000	0.1014	862.0000
601	0.8106	0.6172	0.3538	0.7516	0.0643	0.8742	17.0000	0.0767	865.0000	92.0000	0.1064	868.0000
602	0.8333	0.6057	0.3473	0.7653	0.0598	0.8847	17.0000	0.0706	810.0000	89.0000	0.1099	829.0000
603	0.8230	0.6197	0.3585	0.7834	0.0659	0.8900	17.0000	0.0657	849.0000	91.0000	0.1072	903.0000
604	0.8415	0.6180	0.3470	0.7904	0.0627	0.8915	17.2000	0.0545	832.0000	81.0000	0.0974	853.0000
605	0.8331	0.6193	0.3636	0.7656	0.0629	0.8880	17.1000	0.0703	857.0000	81.0000	0.0945	870.0000
606	0.8028	0.6119	0.3432	0.7529	0.0580	0.8780	17.0000	0.0816	876.0000	96.0000	0.1096	891.0000
607	0.8392	0.6131	0.3449	0.7517	0.0624	0.8770	17.2000	0.0618	840.0000	84.0000	0.1000	852.0000
608	0.8300	0.6102	0.3462	0.7931	0.0602	0.8880	17.1000	0.0649	799.0000	77.0000	0.0964	828.0000
609	0.7847	0.6176	0.3518	0.7408	0.0610	0.8763	17.1000	0.0824	854.0000	87.0000	0.1019	862.0000
610	0.8223	0.6098	0.3415	0.7358	0.0571	0.8713	17.3000	0.0937	802.0000	91.0000	0.1135	853.0000
611	0.8137	0.6164	0.3465	0.7614	0.0612	0.8712	17.3000	0.0699	836.0000	95.0000	0.1136	873.0000
612	0.8076	0.6160	0.3579	0.7384	0.0604	0.8703	17.0000	0.0646	883.0000	95.0000	0.1076	906.0000
613	0.8076	0.6222	0.3542	0.7361	0.0626	0.8627	17.2000	0.0720	927.0000	99.0000	0.1068	945.0000
614	0.8079	0.6119	0.3521	0.7414	0.0597	0.8716	17.2000	0.0849	877.0000	98.0000	0.1117	886.0000
615	0.8161	0.6226	0.3585	0.7537	0.0626	0.8840	17.0000	0.0744	850.0000	89.0000	0.1047	877.0000
616	0.8506	0.6057	0.3451	0.7751	0.0588	0.8909	16.9000	0.0624	837.0000	83.0000	0.0992	856.0000
617	0.8389	0.6193	0.3444	0.7588	0.0630	0.8801	17.1000	0.0857	825.0000	85.0000	0.1030	865.0000
618	0.8331	0.6164	0.3508	0.7683	0.0646	0.8951	17.0000	0.0618	862.0000	85.0000	0.0986	880.0000
619	0.8087	0.6098	0.3470	0.7222	0.0592	0.8674	17.2000	0.0822	865.0000	98.0000	0.1133	874.0000
620	0.8316	0.6082	0.3392	0.7657	0.0611	0.8890	16.9000	0.0562	857.0000	83.0000	0.0968	861.0000
621	0.8426	0.6119	0.3624	0.7687	0.0594	0.8980	16.9000	0.0569	867.0000	84.0000	0.0969	903.0000
622	0.7922	0.6226	0.3597	0.7334	0.0637	0.8550	17.0000	0.0734	908.0000	97.0000	0.1068	920.0000
623	0.8284	0.6160	0.3530	0.7388	0.0608	0.8832	17.0000	0.0823	825.0000	85.0000	0.1030	852.0000
624	0.8392	0.6242	0.3665	0.7694	0.0631	0.8903	17.1000	0.0623	886.0000	89.0000	0.1005	906.0000
625	0.8292	0.6238	0.3487	0.7531	0.0640	0.8616	17.0000	0.0704	826.0000	92.0000	0.1114	845.0000
626	0.8299	0.6156	0.3501	0.7480	0.0628	0.8784	17.0000	0.0728	870.0000	92.0000	0.1057	885.0000
627	0.8249	0.6234	0.3569	0.7621	0.0630	0.8727	17.1000	0.0731	891.0000	89.0000	0.0999	900.0000
628	0.8044	0.6115	0.3520	0.7503	0.0588	0.8829	17.2000	0.0770	837.0000	89.0000	0.1063	859.0000
629	0.8393	0.6222	0.3526	0.7822	0.0631	0.8880	17.0000	0.0671	860.0000	85.0000	0.0988	862.0000
630	0.8326	0.6209	0.3589	0.7600	0.0645	0.8800	17.1000	0.0784	874.0000	85.0000	0.0973	880.0000
631	0.8137	0.6176	0.3592	0.7541	0.0623	0.8698	17.1000	0.0790	856.0000	90.0000	0.1051	877.0000
632	0.8433	0.6139	0.3432	0.7644	0.0594	0.8774	17.2000	0.0740	853.0000	87.0000	0.1020	866.0000
633	0.8141	0.6098	0.3493	0.7709	0.0589	0.8964	17.0000	0.0676	844.0000	84.0000	0.0995	853.0000
634	0.8399	0.6176	0.3466	0.7630	0.0620	0.8837	17.1000	0.0845	802.0000	87.0000	0.1085	836.0000
635	0.8512	0.6143	0.3605	0.7436	0.0635	0.8946	17.2000	0.0557	869.0000	88.0000	0.1013	880.0000
636	0.8294	0.6222	0.3619	0.7596	0.0637	0.8913	17.0000	0.0742	841.0000	85.0000	0.1011	881.0000
637	0.8343	0.6172	0.3502	0.7700	0.0582	0.8898	17.1000	0.0682	890.0000	84.0000	0.0944	920.0000
638	0.8164	0.6209	0.3474	0.7665	0.0636	0.8869	17.0000	0.0799	841.0000	81.0000	0.0963	870.0000
639	0.8027	0.6164	0.3476	0.7845	0.0641	0.8843	17.1000	0.0889	820.0000	85.0000	0.1037	824.0000
640	0.8303	0.6139	0.3498	0.7764	0.0599	0.8947	17.0000	0.0511	885.0000	84.0000	0.0949	895.0000
641	0.8230	0.6160	0.3452	0.7871	0.0608	0.8926	17.2000	0.0601	861.0000	86.0000	0.0999	870.0000
642	0.8276	0.6139	0.3517	0.7437	0.0614	0.8693	17.1000	0.0830	809.0000	100.0000	0.1236	825.0000
643	0.8232	0.6193	0.3530	0.7513	0.0591	0.8793	17.0000	0.0666	862.0000	89.0000	0.1032	894.0000
644	0.8114	0.6218	0.3544	0.7609	0.0653	0.8959	16.9000	0.0702	887.0000	82.0000	0.0924	901.0000
645	0.8482	0.6156	0.3567	0.7575	0.0622	0.8903	17.1000	0.0704	848.0000	84.0000	0.0991	875.0000
646	0.8192	0.6148	0.3562	0.7573	0.0648	0.8686	17.2000	0.0829	822.0000	91.0000	0.1107	836.0000
647	0.8123	0.6172	0.3531	0.7760	0.0601	0.8856	17.2000	0.0743	872.0000	84.0000	0.0963	906.0000
648	0.8235	0.6172	0.3534	0.7693	0.0631	0.8848	17.0000	0.0743	845.0000	86.0000	0.1018	857.0000
649	0.8212	0.6152	0.3425	0.7488	0.0625	0.8679	17.2000	0.0670	875.0000	97.0000	0.1109	883.0000
650	0.8359	0.6164	0.3534	0.7536	0.0587	0.8851	17.0000	0.0711	876.0000	84.0000	0.0959	892.0000
651	0.8217	0.6127	0.3538	0.7783	0.0607	0.8806	17.0000	0.0717	816.0000	88.0000	0.1078	850.0000
652	0.8271	0.6086	0.3466	0.7387	0.0588	0.8758	17.0000	0.0716	877.0000	89.0000	0.1015	895.0000
653	0.8304	0.6119	0.3465	0.7654	0.0636	0.8753	17.1000	0.0836	806.0000	87.0000	0.1079	832.0000
654	0.8198	0.6139	0.3560	0.7849	0.0627	0.8914	17.3000	0.0655	813.0000	86.0000	0.1058	837.0000
655	0.8277	0.6164	0.3471	0.7426	0.0551	0.8798	17.2000	0.0749	895.0000	92.0000	0.1028	919.0000
656	0.8100	0.6213	0.3696	0.7764	0.0628	0.8662	17.1000	0.0773	861.0000	91.0000	0.1057	901.0000
657	0.8252	0.6168	0.3599	0.7546	0.0604	0.8770	17.0000	0.0795	911.0000	93.0000	0.1021	929.0000
658	0.8235	0.6098	0.3566	0.7518	0.0645	0.8740	17.0000	0.0783	819.0000	89.0000	0.1087	822.0000
659	0.7977	0.6164	0.3470	0.7544	0.0626	0.8793	16.9000	0.0801	824.0000	92.0000	0.1117	849.0000
660	0.8402	0.6160	0.3560	0.7773	0.0597	0.8842	17.0000	0.0552	842.0000	83.0000	0.0986	861.0000
661	0.8266	0.6139	0.3464	0.7889	0.0655	0.8999	17.1000	0.0561	842.0000	77.0000	0.0914	852.0000
662	0.8314	0.6156	0.3539	0.7696	0.0620	0.8928	16.9000	0.0676	833.0000	85.0000	0.1020	866.0000
663	0.8400	0.6238	0.3492	0.7558	0.0606	0.8856	17.0000	0.0856	878.0000	89.0000	0.1014	907.0000
664	0.8312	0.6176	0.3595	0.7575	0.0641	0.8755	17.2000	0.0737	856.0000	92.0000	0.1075	870.0000
665	0.7877	0.6160	0.3609	0.7358	0.0600	0.8773	17.1000	0.0840	891.0000	92.0000	0.1033	911.0000
666	0.8035	0.6086	0.3461	0.7808	0.0587	0.8781	17.1000	0.0899	782.0000	87.0000	0.1113	819.0000
667	0.8106	0.6094	0.3472	0.7569	0.0590	0.8740	16.9000	0.0753	861.0000	91.0000	0.1057	885.0000
668	0.8208	0.6148	0.3497	0.7495	0.0627	0.8805	17.0000	0.0645	849.0000	87.0000	0.1025	864.0000
669	0.8356	0.6193	0.3580	0.7762	0.0628	0.8817	17.1000	0.0729	835.0000	86.0000	0.1030	857.0000
670	0.8166	0.6230	0.3518	0.7410	0.0621	0.8843	17.1000	0.0773	846.0000	88.0000	0.1040	855.0000
671	0.8417	0.6119	0.3430	0.7855	0.0584	0.8887	17.0000	0.0698	832.0000	80.0000	0.0962	861.0000
672	0.8372	0.6213	0.3543	0.7688	0.0604	0.8740	17.1000	0.0604	842.0000	88.0000	0.1045	866.0000
673	0.8453	0.6094	0.3571	0.7571	0.0598	0.8965	17.1000	0.0737	803.0000	80.0000	0.0996	823.0000
674	0.7892	0.6106	0.3495	0.7614	0.0582	0.8634	17.2000	0.0768	873.0000	91.0000	0.1042	893.0000
675	0.8241	0.6131	0.3466	0.7687	0.0626	0.8871	17.1000	0.0653	851.0000	83.0000	0.0975	873.0000
676	0.7956	0.6160	0.3580	0.7118	0.0615	0.8795	17.0000	0.0623	884.0000	92.0000	0.1041	900.0000
677	0.8358	0.6168	0.3566	0.7324	0.0605	0.8868	17.1000	0.0685	871.0000	89.0000	0.1022	904.0000
678	0.8298	0.6164	0.3560	0.7582	0.0644	0.8837	17.0000	0.0554	845.0000	87.0000	0.1030	857.0000
679	0.8219	0.6226	0.3573	0.7503	0.0667	0.8909	17.2000	0.0535	850.0000	87.0000	0.1024	871.0000
680	0.8202	0.6176	0.3540	0.7474	0.0598	0.8868	17.2000	0.0732	884.0000	85.0000	0.0962	891.0000
681	0.8199	0.6185	0.3497	0.7431	0.0594	0.8825	17.2000	0.0644	903.0000	89.0000	0.0986	911.0000
682	0.8411	0.6135	0.3590	0.7671	0.0627	0.8872	17.1000	0.0690	863.0000	85.0000	0.0985	879.0000
683	0.8169	0.6148	0.3566	0.7321	0.0629	0.8751	16.9000	0.0724	800.0000	90.0000	0.1125	834.0000
684	0.8505	0.6131	0.3382	0.7633	0.0580	0.9004	17.1000	0.0698	851.0000	80.0000	0.0940	879.0000
685	0.8182	0.6152	0.3649	0.7864	0.0626	0.8965	17.0000	0.0690	856.0000	81.0000	0.0946	862.0000
686	0.8351	0.6164	0.3396	0.7695	0.0621	0.8800	17.0000	0.0679	831.0000	89.0000	0.1071	859.0000
687	0.7857	0.6131	0.3540	0.7178	0.0631	0.8741	17.0000	0.0636	855.0000	93.0000	0.1088	873.0000
688	0.8298	0.6176	0.3608	0.7823	0.0616	0.8915	16.9000	0.0773	855.0000	84.0000	0.0982	879.0000
689	0.7967	0.6168	0.3514	0.7440	0.0656	0.8781	17.0000	0.0828	794.0000	90.0000	0.1134	820.0000
690	0.8116	0.6086	0.3489	0.7749	0.0635	0.8864	16.9000	0.0694	826.0000	77.0000	0.0932	856.0000
691	0.8333	0.6143	0.3515	0.7715	0.0650	0.8761	17.1000	0.0725	844.0000	97.0000	0.1149	875.0000
692	0.8289	0.6218	0.3591	0.7550	0.0619	0.8845	17.1000	0.0848	853.0000	89.0000	0.1043	871.0000
693	0.8313	0.6164	0.3573	0.7728	0.0625	0.8846	17.0000	0.0627	875.0000	84.0000	0.0960	890.0000
694	0.8191	0.6201	0.3591	0.7703	0.0666	0.8920	17.1000	0.0745	838.0000	80.0000	0.0955	862.0000
695	0.8134	0.6189	0.3539	0.7789	0.0623	0.8794	17.2000	0.0738	857.0000	90.0000	0.1050	888.0000
696	0.8007	0.6201	0.3611	0.7460	0.0629	0.8694	17.0000	0.0734	902.0000	97.0000	0.1075	926.0000
697	0.8242	0.6180	0.3575	0.7579	0.0633	0.8880	17.0000	0.0610	827.0000	83.0000	0.1004	856.0000
698	0.8451	0.6172	0.3559	0.7507	0.0639	0.8773	16.9000	0.0699	828.0000	94.0000	0.1135	849.0000
699	0.8129	0.6180	0.3605	0.7537	0.0623	0.8834	17.1000	0.0768	862.0000	88.0000	0.1021	895.0000
700	0.8324	0.6160	0.3551	0.7619	0.0599	0.8844	16.8000	0.0703	863.0000	91.0000	0.1054	891.0000
701	0.8125	0.6168	0.3444	0.7717	0.0562	0.8823	17.1000	0.0704	891.0000	84.0000	0.0943	907.0000
702	0.8170	0.6135	0.3590	0.7680	0.0638	0.8717	17.1000	0.0875	832.0000	89.0000	0.1070	864.0000
703	0.8181	0.6300	0.3614	0.7584	0.0668	0.8854	17.0000	0.0806	869.0000	89.0000	0.1024	896.0000
704	0.8185	0.6213	0.3525	0.7580	0.0607	0.8769	17.0000	0.0568	859.0000	83.0000	0.0966	877.0000
705	0.8415	0.6197	0.3510	0.7842	0.0610	0.8889	17.1000	0.0614	859.0000	83.0000	0.0966	875.0000
706	0.8263	0.6139	0.3482	0.7467	0.0645	0.8855	17.0000	0.0718	864.0000	84.0000	0.0972	869.0000
707	0.8379	0.6193	0.3557	0.7428	0.0630	0.8742	17.1000	0.0659	867.0000	87.0000	0.1003	889.0000
708	0.8293	0.6218	0.3451	0.7478	0.0637	0.8851	17.2000	0.0716	842.0000	87.0000	0.1033	854.0000
709	0.8442	0.6069	0.3451	0.7698	0.0671	0.8864	17.0000	0.0623	784.0000	81.0000	0.1033	801.0000
710	0.8391	0.6185	0.3515	0.7651	0.0626	0.8813	17.0000	0.0697	872.0000	93.0000	0.1067	874.0000
711	0.8105	0.6209	0.3508	0.7604	0.0590	0.8857	16.9000	0.0778	889.0000	87.0000	0.0979	907.0000
712	0.8489	0.6094	0.3515	0.7481	0.0631	0.8889	17.1000	0.0562	847.0000	82.0000	0.0968	858.0000
713	0.8362	0.6189	0.3500	0.7414	0.0647	0.8790	17.1000	0.0784	853.0000	91.0000	0.1067	860.0000
714	0.8275	0.6135	0.3436	0.7493	0.0624	0.8834	17.0000	0.0806	794.0000	88.0000	0.1108	821.0000
715	0.7963	0.6119	0.3527	0.7479	0.0656	0.8782	17.0000	0.0749	819.0000	91.0000	0.1111	843.0000
716	0.8280	0.6185	0.3488	0.7435	0.0617	0.8756	17.2000	0.0860	852.0000	91.0000	0.1068	870.0000
717	0.8493	0.6160	0.3510	0.7548	0.0616	0.8865	17.0000	0.0510	880.0000	85.0000	0.0966	882.0000
718	0.8436	0.6152	0.3515	0.7552	0.0619	0.8948	17.0000	0.0588	895.0000	84.0000	0.0939	904.0000
719	0.8231	0.6185	0.3491	0.7541	0.0603	0.8822	17.0000	0.0727	882.0000	88.0000	0.0998	890.0000
720	0.8431	0.6127	0.3567	0.7858	0.0621	0.8886	17.1000	0.0649	817.0000	85.0000	0.1040	846.0000
721	0.8342	0.6127	0.3517	0.7652	0.0590	0.8819	17.0000	0.0714	825.0000	88.0000	0.1067	844.0000
722	0.8173	0.6102	0.3459	0.7773	0.0595	0.8797	16.9000	0.0716	843.0000	90.0000	0.1068	880.0000
723	0.8054	0.6172	0.3510	0.7474	0.0621	0.8884	17.0000	0.0615	867.0000	83.0000	0.0957	876.0000
724	0.8333	0.6152	0.3508	0.7487	0.0609	0.8785	17.0000	0.0829	846.0000	88.0000	0.1040	869.0000
725	0.8042	0.6230	0.3567	0.7393	0.0623	0.8729	16.9000	0.0866	851.0000	92.0000	0.1081	871.0000
726	0.8290	0.6172	0.3533	0.7717	0.0591	0.8936	17.1000	0.0596	864.0000	83.0000	0.0961	893.0000
727	0.7976	0.6127	0.3496	0.7427	0.0600	0.8758	17.0000	0.0831	879.0000	92.0000	0.1047	894.0000
728	0.8048	0.6218	0.3598	0.7562	0.0629	0.8778	16.9000	0.0745	874.0000	93.0000	0.1064	886.0000
729	0.8234	0.6209	0.3529	0.7415	0.0656	0.8734	17.1000	0.0793	879.0000	95.0000	0.1081	881.0000
730	0.8218	0.6193	0.3520	0.7713	0.0583	0.8853	17.0000	0.0668	885.0000	90.0000	0.1017	917.0000
731	0.8363	0.6152	0.3454	0.7551	0.0608	0.8797	17.2000	0.0638	867.0000	87.0000	0.1003	881.0000
732	0.8202	0.6098	0.3359	0.7538	0.0589	0.8807	17.1000	0.0732	877.0000	86.0000	0.0981	883.0000
733	0.8296	0.6193	0.3533	0.7974	0.0615	0.8915	17.1000	0.0629	834.0000	79.0000	0.0947	869.0000
734	0.8279	0.6106	0.3523	0.7766	0.0565	0.8852	17.1000	0.0613	854.0000	81.0000	0.0948	871.0000
735	0.8385	0.6246	0.3482	0.7504	0.0600	0.8805	17.0000	0.0635	917.0000	89.0000	0.0971	925.0000
736	0.8325	0.6180	0.3531	0.7794	0.0648	0.8786	17.1000	0.0635	865.0000	88.0000	0.1017	893.0000
737	0.7968	0.6057	0.3420	0.7450	0.0579	0.8657	17.1000	0.0884	852.0000	87.0000	0.1021	862.0000
738	0.8281	0.6197	0.3554	0.7430	0.0642	0.8816	17.2000	0.0859	829.0000	89.0000	0.1074	844.0000
739	0.8313	0.6168	0.3539	0.7593	0.0620	0.8861	17.1000	0.0681	869.0000	88.0000	0.1013	903.0000
740	0.8543	0.6110	0.3473	0.7762	0.0593	0.8796	17.1000	0.0503	862.0000	85.0000	0.0986	887.0000
741	0.8232	0.6123	0.3567	0.7477	0.0573	0.8726	16.9000	0.0693	889.0000	92.0000	0.1035	897.0000
742	0.8206	0.6086	0.3327	0.7717	0.0614	0.8793	16.9000	0.0797	786.0000	82.0000	0.1043	811.0000
743	0.8356	0.6135	0.3513	0.7628	0.0642	0.8907	17.0000	0.0658	839.0000	81.0000	0.0965	857.0000
744	0.8177	0.6213	0.3569	0.7486	0.0574	0.8735	16.9000	0.0827	864.0000	99.0000	0.1146	897.0000
745	0.7995	0.6102	0.3587	0.7527	0.0616	0.8786	17.0000	0.0672	870.0000	89.0000	0.1023	874.0000
746	0.7968	0.6201	0.3520	0.7511	0.0635	0.8684	17.2000	0.0899	865.0000	96.0000	0.1110	883.0000
747	0.8378	0.6176	0.3454	0.7833	0.0585	0.8921	17.0000	0.0652	854.0000	85.0000	0.0995	889.0000
748	0.8328	0.6180	0.3472	0.7730	0.0591	0.8831	17.1000	0.0749	850.0000	87.0000	0.1024	881.0000
749	0.8275	0.6156	0.3460	0.7252	0.0618	0.8671	17.1000	0.0702	882.0000	91.0000	0.1032	886.0000
750	0.8176	0.6168	0.3608	0.7401	0.0645	0.8824	16.9000	0.0767	863.0000	87.0000	0.1008	869.0000
751	0.8043	0.6201	0.3512	0.7319	0.0601	0.8638	16.9000	0.0836	860.0000	99.0000	0.1151	890.0000
752	0.8158	0.6102	0.3449	0.7494	0.0596	0.8923	17.0000	0.0767	827.0000	80.0000	0.0967	849.0000
753	0.8268	0.6127	0.3592	0.7499	0.0605	0.8780	17.0000	0.0829	858.0000	91.0000	0.1061	884.0000
754	0.8283	0.6127	0.3518	0.7654	0.0620	0.8828	17.2000	0.0672	817.0000	85.0000	0.1040	853.0000
755	0.8218	0.6090	0.3438	0.7513	0.0585	0.8896	17.1000	0.0766	850.0000	86.0000	0.1012	859.0000
756	0.8344	0.6077	0.3352	0.7680	0.0587	0.8757	17.2000	0.0682	820.0000	87.0000	0.1061	833.0000
757	0.8361	0.6213	0.3586	0.7667	0.0573	0.8909	17.0000	0.0446	903.0000	87.0000	0.0963	932.0000
758	0.8255	0.6069	0.3418	0.7885	0.0609	0.8776	17.0000	0.0878	793.0000	85.0000	0.1072	823.0000
759	0.8299	0.6131	0.3488	0.7897	0.0622	0.9012	17.0000	0.0683	860.0000	80.0000	0.0930	873.0000
760	0.8281	0.6205	0.3469	0.7489	0.0656	0.8944	17.0000	0.0634	890.0000	88.0000	0.0989	895.0000
761	0.8546	0.6131	0.3529	0.7301	0.0582	0.8979	17.1000	0.0672	894.0000	90.0000	0.1007	926.0000
762	0.8330	0.6115	0.3510	0.7668	0.0634	0.8925	17.2000	0.0775	831.0000	77.0000	0.0927	861.0000
763	0.8266	0.6209	0.3598	0.7719	0.0630	0.8804	17.0000	0.0854	842.0000	96.0000	0.1140	874.0000
764	0.8129	0.6139	0.3482	0.7286	0.0634	0.8667	17.1000	0.0896	821.0000	98.0000	0.1194	839.0000
765	0.8319	0.6230	0.3582	0.8005	0.0637	0.8999	16.9000	0.0629	832.0000	77.0000	0.0925	839.0000
766	0.8432	0.6213	0.3527	0.7670	0.0628	0.8768	17.2000	0.0667	872.0000	86.0000	0.0986	881.0000
767	0.8339	0.6131	0.3467	0.7624	0.0596	0.8664	17.1000	0.0815	821.0000	89.0000	0.1084	837.0000
768	0.8472	0.6152	0.3565	0.7311	0.0626	0.8920	17.0000	0.0634	832.0000	88.0000	0.1058	839.0000
769	0.8242	0.6251	0.3596	0.7354	0.0619	0.8923	17.1000	0.0668	896.0000	87.0000	0.0971	918.0000
770	0.8448	0.6152	0.3418	0.7389	0.0598	0.8735	17.2000	0.0805	857.0000	91.0000	0.1062	882.0000
771	0.8180	0.6135	0.3410	0.7408	0.0596	0.8850	17.1000	0.0657	874.0000	88.0000	0.1007	917.0000
772	0.8404	0.6271	0.3650	0.7465	0.0649	0.8930	17.0000	0.0587	858.0000	85.0000	0.0991	898.0000
773	0.8554	0.6106	0.3460	0.7714	0.0615	0.8937	17.1000	0.0496	840.0000	81.0000	0.0964	845.0000
774	0.8123	0.6090	0.3459	0.7700	0.0652	0.8701	17.2000	0.0826	793.0000	86.0000	0.1084	811.0000
775	0.8071	0.6180	0.3478	0.7560	0.0652	0.8675	16.8000	0.0934	807.0000	92.0000	0.1140	826.0000
776	0.8302	0.6139	0.3543	0.7504	0.0622	0.8841	16.9000	0.0805	841.0000	87.0000	0.1034	852.0000
777	0.8234	0.6127	0.3548	0.7741	0.0610	0.8884	17.0000	0.0712	865.0000	85.0000	0.0983	878.0000
778	0.8257	0.6098	0.3459	0.7312	0.0567	0.8804	17.2000	0.0704	853.0000	92.0000	0.1079	883.0000
779	0.8321	0.6139	0.3438	0.7777	0.0613	0.8758	17.1000	0.0642	842.0000	86.0000	0.1021	855.0000
780	0.8263	0.6098	0.3453	0.7413	0.0601	0.8754	17.2000	0.0674	862.0000	95.0000	0.1102	884.0000
781	0.8408	0.6127	0.3602	0.7467	0.0596	0.8842	17.2000	0.0640	899.0000	93.0000	0.1034	908.0000
782	0.8014	0.6127	0.3530	0.7616	0.0596	0.8793	17.1000	0.0738	858.0000	91.0000	0.1061	895.0000
783	0.8260	0.6152	0.3513	0.7637	0.0644	0.8874	16.9000	0.0650	842.0000	87.0000	0.1033	854.0000
784	0.8208	0.6176	0.3466	0.7774	0.0628	0.8876	17.3000	0.0714	814.0000	80.0000	0.0983	828.0000
785	0.8182	0.6090	0.3364	0.7728	0.0560	0.8762	17.0000	0.0806	870.0000	88.0000	0.1011	876.0000
786	0.8176	0.6160	0.3470	0.7467	0.0575	0.8709	17.1000	0.0743	895.0000	101.0000	0.1128	909.0000
787	0.8277	0.6209	0.3533	0.7302	0.0624	0.8865	17.0000	0.0657	897.0000	92.0000	0.1026	916.0000
788	0.8197	0.6123	0.3510	0.7466	0.0607	0.8869	17.0000	0.0793	853.0000	88.0000	0.1032	873.0000
789	0.8090	0.6106	0.3494	0.7899	0.0634	0.8876	17.0000	0.0705	847.0000	86.0000	0.1015	883.0000
790	0.8406	0.6189	0.3572	0.7815	0.0626	0.9010	16.9000	0.0631	886.0000	79.0000	0.0892	913.0000
791	0.8417	0.6156	0.3549	0.7619	0.0655	0.8994	17.1000	0.0637	842.0000	87.0000	0.1033	849.0000
792	0.8304	0.6148	0.3544	0.7750	0.0628	0.8939	16.9000	0.0705	828.0000	77.0000	0.0930	859.0000
793	0.8313	0.6168	0.3456	0.7503	0.0638	0.8957	17.1000	0.0593	837.0000	78.0000	0.0932	862.0000
794	0.8158	0.6168	0.3533	0.7872	0.0623	0.8884	17.0000	0.0730	858.0000	81.0000	0.0944	875.0000
795	0.8296	0.6185	0.3517	0.7519	0.0621	0.8781	16.8000	0.0734	899.0000	92.0000	0.1023	910.0000
796	0.8337	0.6176	0.3567	0.7881	0.0621	0.8881	17.0000	0.0667	880.0000	81.0000	0.0920	890.0000
797	0.8292	0.6152	0.3593	0.7606	0.0602	0.8779	17.1000	0.0792	887.0000	91.0000	0.1026	907.0000
798	0.7881	0.6090	0.3538	0.7265	0.0577	0.8686	17.0000	0.0803	863.0000	90.0000	0.1043	892.0000
799	0.8096	0.6098	0.3453	0.7760	0.0614	0.8847	17.1000	0.0732	872.0000	81.0000	0.0929	877.0000
800	0.8337	0.6156	0.3548	0.7430	0.0611	0.8863	16.9000	0.0598	836.0000	85.0000	0.1017	864.0000
801	0.8213	0.6106	0.3432	0.7575	0.0607	0.8862	16.8000	0.0712	842.0000	84.0000	0.0998	863.0000
802	0.8053	0.6127	0.3511	0.7453	0.0640	0.8736	17.0000	0.0910	846.0000	90.0000	0.1064	854.0000
803	0.8066	0.6197	0.3500	0.7900	0.0608	0.8698	17.1000	0.0853	826.0000	87.0000	0.1053	838.0000
804	0.7948	0.6143	0.3511	0.7379	0.0587	0.8619	17.0000	0.0771	863.0000	103.0000	0.1194	900.0000
805	0.8455	0.6119	0.3493	0.7436	0.0581	0.8826	17.0000	0.0742	828.0000	86.0000	0.1039	865.0000
806	0.8282	0.6156	0.3454	0.7814	0.0617	0.8919	17.1000	0.0700	809.0000	76.0000	0.0939	830.0000
807	0.8305	0.6106	0.3448	0.7611	0.0609	0.8897	17.1000	0.0808	821.0000	85.0000	0.1035	863.0000
808	0.8327	0.6139	0.3450	0.7517	0.0613	0.8811	17.1000	0.0753	807.0000	86.0000	0.1066	830.0000
809	0.8394	0.6218	0.3613	0.7734	0.0642	0.8814	17.2000	0.0722	876.0000	90.0000	0.1027	891.0000
810	0.8235	0.6135	0.3630	0.7645	0.0625	0.8873	16.9000	0.0710	819.0000	86.0000	0.1050	845.0000
811	0.8074	0.6218	0.3610	0.7620	0.0624	0.8819	17.1000	0.0739	847.0000	92.0000	0.1086	885.0000
812	0.8267	0.6110	0.3422	0.7733	0.0614	0.8877	17.1000	0.0652	812.0000	79.0000	0.0973	850.0000
813	0.8168	0.6143	0.3490	0.7524	0.0641	0.8847	17.0000	0.0744	853.0000	91.0000	0.1067	874.0000
814	0.8111	0.6172	0.3486	0.7245	0.0584	0.8682	17.0000	0.0728	846.0000	93.0000	0.1099	892.0000
815	0.8270	0.6115	0.3496	0.7649	0.0613	0.8786	17.1000	0.0696	833.0000	92.0000	0.1104	865.0000
816	0.8278	0.6073	0.3513	0.7673	0.0629	0.8864	17.3000	0.0697	818.0000	85.0000	0.1039	839.0000
817	0.8297	0.6180	0.3537	0.7807	0.0627	0.8987	17.2000	0.0609	851.0000	80.0000	0.0940	888.0000
818	0.8315	0.6139	0.3390	0.7155	0.0603	0.8802	17.3000	0.0724	871.0000	98.0000	0.1125	897.0000
819	0.7964	0.6197	0.3558	0.7644	0.0613	0.8846	17.1000	0.0696	840.0000	85.0000	0.1012	857.0000
820	0.8278	0.6168	0.3562	0.7531	0.0638	0.8912	17.2000	0.0612	818.0000	83.0000	0.1015	839.0000
821	0.8315	0.6156	0.3554	0.7715	0.0644	0.8770	17.0000	0.0635	805.0000	84.0000	0.1043	819.0000
822	0.8114	0.6205	0.3548	0.7660	0.0614	0.8680	17.0000	0.0765	875.0000	94.0000	0.1074	905.0000
823	0.8052	0.6123	0.3436	0.7443	0.0610	0.8685	17.1000	0.0837	826.0000	98.0000	0.1186	839.0000
824	0.8561	0.6185	0.3507	0.7701	0.0639	0.9000	17.1000	0.0571	827.0000	80.0000	0.0967	833.0000
825	0.8048	0.6148	0.3509	0.7458	0.0590	0.8629	17.1000	0.0730	900.0000	105.0000	0.1167	929.0000
826	0.8112	0.6156	0.3495	0.7496	0.0602	0.8693	17.0000	0.0820	848.0000	97.0000	0.1144	892.0000
827	0.8089	0.6209	0.3584	0.7553	0.0611	0.8752	17.0000	0.0696	871.0000	96.0000	0.1102	927.0000
828	0.8037	0.6193	0.3590	0.7755	0.0599	0.8834	17.2000	0.0720	858.0000	91.0000	0.1061	875.0000
829	0.8132	0.6180	0.3565	0.7482	0.0609	0.8776	17.2000	0.0756	852.0000	90.0000	0.1056	854.0000
830	0.8412	0.6172	0.3510	0.7656	0.0591	0.9014	17.1000	0.0499	872.0000	81.0000	0.0929	883.0000
831	0.8414	0.6234	0.3654	0.7436	0.0637	0.8719	17.0000	0.0693	866.0000	93.0000	0.1074	887.0000
832	0.8254	0.6164	0.3574	0.7595	0.0603	0.8726	16.8000	0.0739	859.0000	90.0000	0.1048	891.0000
833	0.8477	0.6152	0.3532	0.7657	0.0636	0.8816	17.0000	0.0686	833.0000	90.0000	0.1080	842.0000
834	0.8327	0.6160	0.3465	0.7717	0.0602	0.8844	17.1000	0.0728	839.0000	81.0000	0.0965	858.0000
835	0.8073	0.6209	0.3560	0.7682	0.0662	0.8824	17.1000	0.0824	851.0000	89.0000	0.1046	866.0000
836	0.8185	0.6143	0.3531	0.7383	0.0630	0.8692	16.9000	0.0834	850.0000	98.0000	0.1153	866.0000
837	0.8221	0.6135	0.3469	0.7676	0.0595	0.8813	16.9000	0.0728	830.0000	88.0000	0.1060	856.0000
838	0.8279	0.6123	0.3487	0.7500	0.0601	0.8858	17.1000	0.0751	817.0000	82.0000	0.1004	844.0000
839	0.8409	0.6135	0.3573	0.7693	0.0625	0.8826	17.0000	0.0808	827.0000	91.0000	0.1100	834.0000
840	0.8332	0.6197	0.3458	0.7494	0.0599	0.8710	17.2000	0.0859	875.0000	99.0000	0.1131	905.0000
841	0.8331	0.6090	0.3431	0.7647	0.0619	0.8889	17.0000	0.0700	840.0000	80.0000	0.0952	869.0000
842	0.8019	0.6135	0.3471	0.7579	0.0624	0.8824	16.9000	0.0753	867.0000	88.0000	0.1015	872.0000
843	0.8309	0.6123	0.3446	0.7626	0.0624	0.8826	17.0000	0.0698	859.0000	87.0000	0.1013	883.0000
844	0.8136	0.6148	0.3469	0.7415	0.0625	0.8656	17.0000	0.0873	861.0000	98.0000	0.1138	897.0000
845	0.7971	0.6172	0.3542	0.7442	0.0606	0.8781	17.1000	0.0954	853.0000	94.0000	0.1102	899.0000
846	0.8098	0.6098	0.3457	0.7730	0.0625	0.8609	17.0000	0.0756	817.0000	90.0000	0.1102	822.0000
847	0.8111	0.6098	0.3451	0.7388	0.0606	0.8694	17.0000	0.0740	849.0000	94.0000	0.1107	866.0000
848	0.8300	0.6185	0.3590	0.7557	0.0640	0.8813	17.0000	0.0681	869.0000	90.0000	0.1036	890.0000
849	0.8235	0.6164	0.3447	0.7561	0.0600	0.8821	16.9000	0.0739	865.0000	89.0000	0.1029	909.0000
850	0.8383	0.6123	0.3491	0.7751	0.0654	0.8890	17.0000	0.0771	793.0000	83.0000	0.1047	806.0000
851	0.8346	0.6094	0.3419	0.7871	0.0597	0.8702	17.1000	0.0719	833.0000	88.0000	0.1056	855.0000
852	0.8358	0.6139	0.3567	0.7331	0.0637	0.8989	16.8000	0.0661	836.0000	85.0000	0.1017	869.0000
853	0.8169	0.6255	0.3636	0.7596	0.0636	0.8870	17.0000	0.0732	850.0000	88.0000	0.1035	868.0000
854	0.8302	0.6016	0.3517	0.7638	0.0575	0.8915	17.1000	0.0652	878.0000	84.0000	0.0957	914.0000
855	0.8150	0.6143	0.3510	0.7339	0.0567	0.8642	17.1000	0.0848	876.0000	98.0000	0.1119	889.0000
856	0.8309	0.6106	0.3465	0.7671	0.0610	0.8828	17.0000	0.0707	794.0000	82.0000	0.1033	829.0000
857	0.8090	0.6218	0.3650	0.7760	0.0612	0.8805	17.0000	0.0589	908.0000	91.0000	0.1002	940.0000
858	0.8332	0.6255	0.3671	0.7611	0.0662	0.8886	16.9000	0.0821	847.0000	88.0000	0.1039	861.0000
859	0.8379	0.6185	0.3455	0.7420	0.0602	0.8863	17.2000	0.0727	847.0000	89.0000	0.1051	880.0000
860	0.8318	0.6119	0.3388	0.7886	0.0612	0.8937	16.9000	0.0797	784.0000	78.0000	0.0995	814.0000
861	0.8241	0.6180	0.3552	0.7741	0.0621	0.8833	17.2000	0.0708	881.0000	85.0000	0.0965	884.0000
862	0.7704	0.6106	0.3415	0.7348	0.0614	0.8495	17.1000	0.0804	839.0000	104.0000	0.1240	871.0000
863	0.8134	0.6213	0.3591	0.7417	0.0603	0.8659	17.0000	0.0674	943.0000	98.0000	0.1039	948.0000
864	0.8423	0.6073	0.3403	0.7752	0.0617	0.8949	17.0000	0.0704	832.0000	83.0000	0.0998	839.0000
865	0.8177	0.6148	0.3484	0.7730	0.0597	0.8848	17.2000	0.0824	844.0000	82.0000	0.0972	872.0000
866	0.8288	0.6209	0.3508	0.7470	0.0619	0.8940	17.1000	0.0667	882.0000	86.0000	0.0975	900.0000
867	0.8250	0.6172	0.3541	0.7794	0.0673	0.8792	17.1000	0.0798	829.0000	90.0000	0.1086	835.0000
868	0.8338	0.6197	0.3609	0.7541	0.0598	0.8761	17.0000	0.0615	871.0000	94.0000	0.1079	903.0000
869	0.8324	0.6197	0.3572	0.7836	0.0633	0.8868	17.2000	0.0698	815.0000	88.0000	0.1080	849.0000
870	0.8037	0.6077	0.3468	0.7591	0.0598	0.8546	17.1000	0.0810	815.0000	90.0000	0.1104	840.0000
871	0.8063	0.6139	0.3454	0.7824	0.0623	0.8767	17.0000	0.0765	830.0000	78.0000	0.0940	857.0000
872	0.8427	0.6143	0.3439	0.7608	0.0594	0.8902	17.2000	0.0638	852.0000	80.0000	0.0939	880.0000
873	0.8074	0.6172	0.3488	0.7572	0.0596	0.8795	17.1000	0.0712	860.0000	85.0000	0.0988	891.0000
874	0.8200	0.6164	0.3558	0.7485	0.0614	0.8837	17.3000	0.0618	880.0000	89.0000	0.1011	888.0000
875	0.8202	0.6077	0.3470	0.7627	0.0585	0.8860	17.2000	0.0655	862.0000	83.0000	0.0963	896.0000
876	0.7943	0.6230	0.3689	0.7294	0.0646	0.8719	17.0000	0.0855	882.0000	97.0000	0.1100	911.0000
877	0.8399	0.6180	0.3520	0.7320	0.0617	0.8791	17.2000	0.0688	862.0000	95.0000	0.1102	873.0000
878	0.8162	0.6185	0.3596	0.7443	0.0621	0.8857	17.3000	0.0620	857.0000	82.0000	0.0957	875.0000
879	0.8059	0.6135	0.3537	0.7326	0.0639	0.8660	17.1000	0.0874	819.0000	94.0000	0.1148	853.0000
880	0.8197	0.6209	0.3517	0.8020	0.0589	0.8915	17.2000	0.0777	819.0000	77.0000	0.0940	858.0000
881	0.7997	0.6238	0.3586	0.7553	0.0669	0.8816	17.2000	0.0746	821.0000	83.0000	0.1011	833.0000
882	0.8506	0.6123	0.3583	0.7759	0.0598	0.8973	16.9000	0.0597	895.0000	86.0000	0.0961	926.0000
883	0.7964	0.6205	0.3550	0.7453	0.0631	0.8728	17.0000	0.0699	839.0000	88.0000	0.1049	864.0000
884	0.8077	0.6180	0.3630	0.7359	0.0597	0.8785	17.1000	0.0742	910.0000	94.0000	0.1033	947.0000
885	0.8149	0.6143	0.3454	0.7568	0.0609	0.8823	17.0000	0.0785	823.0000	87.0000	0.1057	857.0000
886	0.8048	0.6164	0.3549	0.7663	0.0592	0.8776	16.9000	0.0777	849.0000	85.0000	0.1001	896.0000
887	0.8223	0.6053	0.3475	0.7892	0.0613	0.8893	16.9000	0.0808	804.0000	78.0000	0.0970	834.0000
888	0.8456	0.6189	0.3536	0.7550	0.0632	0.8808	17.2000	0.0687	822.0000	91.0000	0.1107	848.0000
889	0.8209	0.6172	0.3492	0.7530	0.0601	0.8772	17.2000	0.0752	883.0000	94.0000	0.1065	902.0000
890	0.8198	0.6172	0.3558	0.7475	0.0665	0.8799	17.0000	0.0696	812.0000	82.0000	0.1010	836.0000
891	0.8281	0.6267	0.3659	0.7320	0.0627	0.8746	17.1000	0.0819	931.0000	98.0000	0.1053	959.0000
892	0.8188	0.6139	0.3464	0.7503	0.0557	0.8796	17.1000	0.0702	849.0000	83.0000	0.0978	882.0000
893	0.8079	0.6180	0.3501	0.7768	0.0606	0.8773	17.0000	0.0781	866.0000	96.0000	0.1109	877.0000
894	0.7942	0.6102	0.3353	0.7526	0.0572	0.8746	17.1000	0.0672	855.0000	86.0000	0.1006	869.0000
895	0.8017	0.6209	0.3546	0.7523	0.0604	0.8750	17.1000	0.0772	862.0000	91.0000	0.1056	873.0000
896	0.8248	0.6119	0.3562	0.7522	0.0624	0.8740	17.1000	0.0835	854.0000	86.0000	0.1007	858.0000
897	0.8094	0.6201	0.3530	0.7648	0.0635	0.8774	16.9000	0.0867	831.0000	86.0000	0.1035	839.0000
898	0.8282	0.6098	0.3523	0.7758	0.0578	0.8910	17.0000	0.0677	868.0000	84.0000	0.0968	899.0000
899	0.8050	0.6123	0.3502	0.7557	0.0591	0.8678	17.0000	0.0721	870.0000	91.0000	0.1046	893.0000
900	0.8442	0.6135	0.3513	0.7676	0.0622	0.8916	17.1000	0.0755	875.0000	85.0000	0.0971	877.0000
901	0.8333	0.6160	0.3463	0.7671	0.0636	0.8860	17.0000	0.0690	850.0000	84.0000	0.0988	881.0000
902	0.8143	0.6135	0.3508	0.7570	0.0650	0.8799	17.1000	0.0820	867.0000	96.0000	0.1107	870.0000
903	0.8510	0.6152	0.3531	0.7571	0.0634	0.8938	17.1000	0.0559	860.0000	85.0000	0.0988	881.0000
904	0.8380	0.6086	0.3467	0.7590	0.0595	0.8801	17.1000	0.0781	821.0000	90.0000	0.1096	845.0000
905	0.8207	0.6148	0.3599	0.7287	0.0636	0.8773	17.0000	0.0701	862.0000	89.0000	0.1032	888.0000
906	0.8167	0.6143	0.3468	0.7798	0.0654	0.8894	17.1000	0.0790	817.0000	80.0000	0.0979	819.0000
907	0.8215	0.6127	0.3507	0.7605	0.0585	0.8842	17.0000	0.0732	828.0000	82.0000	0.0990	854.0000
908	0.7960	0.6143	0.3488	0.7332	0.0584	0.8762	17.0000	0.0828	877.0000	96.0000	0.1095	899.0000
909	0.8169	0.6156	0.3530	0.7631	0.0600	0.8852	17.2000	0.0674	886.0000	84.0000	0.0948	895.0000
910	0.8487	0.6131	0.3556	0.7886	0.0602	0.8928	17.1000	0.0674	865.0000	81.0000	0.0936	899.0000
911	0.8288	0.6164	0.3542	0.7588	0.0621	0.8749	17.1000	0.0722	846.0000	88.0000	0.1040	866.0000
912	0.8192	0.6148	0.3448	0.7399	0.0615	0.8798	17.0000	0.0658	862.0000	93.0000	0.1079	871.0000
913	0.8221	0.6152	0.3473	0.7690	0.0601	0.8959	17.2000	0.0713	872.0000	88.0000	0.1009	901.0000
914	0.8379	0.6156	0.3509	0.7869	0.0589	0.8979	17.0000	0.0694	846.0000	77.0000	0.0910	877.0000
915	0.7941	0.6176	0.3502	0.7551	0.0623	0.8800	17.1000	0.0868	828.0000	90.0000	0.1087	851.0000
916	0.8267	0.6230	0.3560	0.7809	0.0630	0.8790	17.0000	0.0803	833.0000	91.0000	0.1092	859.0000
917	0.8334	0.6193	0.3651	0.7716	0.0623	0.9013	16.9000	0.0617	846.0000	80.0000	0.0946	870.0000
918	0.8069	0.6263	0.3554	0.7577	0.0647	0.8711	17.1000	0.0892	823.0000	91.0000	0.1106	856.0000
919	0.7947	0.6156	0.3578	0.7471	0.0590	0.8806	17.0000	0.0877	831.0000	87.0000	0.1047	886.0000
920	0.8185	0.6123	0.3530	0.7632	0.0625	0.8916	17.2000	0.0656	840.0000	82.0000	0.0976	853.0000
921	0.8301	0.6143	0.3464	0.7358	0.0574	0.8821	17.2000	0.0709	875.0000	85.0000	0.0971	900.0000
922	0.8372	0.6082	0.3489	0.7781	0.0618	0.8854	17.1000	0.0614	791.0000	85.0000	0.1075	800.0000
923	0.8108	0.6143	0.3530	0.7767	0.0657	0.8802	17.0000	0.0768	810.0000	91.0000	0.1123	851.0000
924	0.8322	0.6193	0.3681	0.7511	0.0650	0.8827	17.0000	0.0733	834.0000	85.0000	0.1019	859.0000
925	0.8119	0.6073	0.3459	0.7494	0.0621	0.8683	17.0000	0.0793	814.0000	95.0000	0.1167	830.0000
926	0.8341	0.6148	0.3471	0.7666	0.0610	0.8805	17.1000	0.0873	815.0000	85.0000	0.1043	843.0000
927	0.8203	0.6115	0.3445	0.7684	0.0600	0.8637	17.2000	0.0743	837.0000	88.0000	0.1051	843.0000
928	0.8207	0.6176	0.3594	0.7857	0.0634	0.8754	17.1000	0.0755	852.0000	89.0000	0.1045	872.0000
929	0.8076	0.6135	0.3465	0.7506	0.0602	0.8760	17.2000	0.0777	827.0000	91.0000	0.1100	863.0000
930	0.8487	0.6164	0.3587	0.7881	0.0656	0.9089	16.8000	0.0615	809.0000	74.0000	0.0915	831.0000
931	0.8316	0.6193	0.3587	0.7688	0.0634	0.8910	17.3000	0.0820	848.0000	83.0000	0.0979	877.0000
932	0.8080	0.6139	0.3576	0.7761	0.0627	0.8874	17.0000	0.0719	865.0000	84.0000	0.0971	892.0000
933	0.8138	0.6160	0.3549	0.7577	0.0593	0.8745	17.0000	0.0660	901.0000	89.0000	0.0988	915.0000
934	0.8236	0.6213	0.3675	0.7978	0.0620	0.8884	16.9000	0.0708	851.0000	84.0000	0.0987	892.0000
935	0.8275	0.6238	0.3690	0.7496	0.0667	0.8736	17.1000	0.0826	860.0000	92.0000	0.1070	868.0000
936	0.8172	0.6197	0.3496	0.7480	0.0605	0.8627	17.2000	0.0913	850.0000	95.0000	0.1118	883.0000
937	0.8359	0.6148	0.3483	0.7704	0.0613	0.8838	17.1000	0.0652	878.0000	88.0000	0.1002	885.0000
938	0.8228	0.6152	0.3545	0.7752	0.0627	0.8946	16.9000	0.0616	901.0000	85.0000	0.0943	914.0000
939	0.8396	0.6234	0.3524	0.7820	0.0593	0.8886	17.2000	0.0548	871.0000	84.0000	0.0964	901.0000
940	0.8395	0.6185	0.3558	0.7586	0.0610	0.8832	17.1000	0.0741	877.0000	97.0000	0.1106	908.0000
941	0.8133	0.6213	0.3589	0.7623	0.0617	0.8858	17.3000	0.0561	896.0000	84.0000	0.0938	917.0000
942	0.8315	0.6139	0.3545	0.7653	0.0580	0.8912	16.9000	0.0749	883.0000	88.0000	0.0997	914.0000
943	0.8388	0.6176	0.3498	0.7645	0.0564	0.8870	17.1000	0.0661	872.0000	86.0000	0.0986	902.0000
944	0.8317	0.6193	0.3516	0.7603	0.0640	0.8755	17.1000	0.0682	821.0000	94.0000	0.1145	854.0000
945	0.8249	0.6148	0.3588	0.7652	0.0606	0.8910	17.1000	0.0705	843.0000	82.0000	0.0973	869.0000
946	0.8040	0.6139	0.3331	0.7571	0.0572	0.8697	17.0000	0.0698	821.0000	85.0000	0.1035	849.0000
947	0.8017	0.6115	0.3451	0.7235	0.0630	0.8633	17.0000	0.0674	820.0000	95.0000	0.1159	840.0000
948	0.8236	0.6193	0.3522	0.7500	0.0610	0.8898	17.3000	0.0708	870.0000	90.0000	0.1034	902.0000
949	0.8280	0.6036	0.3489	0.7495	0.0591	0.8777	17.2000	0.0626	849.0000	88.0000	0.1037	862.0000
950	0.8266	0.6123	0.3423	0.7427	0.0600	0.8885	17.0000	0.0759	827.0000	89.0000	0.1076	864.0000
951	0.8281	0.6143	0.3460	0.7394	0.0602	0.8709	16.9000	0.0823	838.0000	98.0000	0.1169	869.0000
952	0.8160	0.6156	0.3521	0.7702	0.0621	0.8885	17.0000	0.0697	890.0000	88.0000	0.0989	904.0000
953	0.8385	0.6127	0.3405	0.7516	0.0604	0.8766	17.1000	0.0735	829.0000	91.0000	0.1098	848.0000
954	0.7961	0.6135	0.3489	0.7280	0.0579	0.8821	17.0000	0.0770	857.0000	90.0000	0.1050	887.0000
955	0.8273	0.6205	0.3584	0.7601	0.0602	0.8984	17.0000	0.0780	835.0000	79.0000	0.0946	856.0000
956	0.8262	0.6131	0.3512	0.7662	0.0583	0.8904	17.1000	0.0618	888.0000	88.0000	0.0991	907.0000
957	0.8159	0.6102	0.3426	0.7681	0.0598	0.8825	17.3000	0.0643	815.0000	80.0000	0.0982	847.0000
958	0.8309	0.6143	0.3448	0.7794	0.0591	0.8860	17.1000	0.0719	826.0000	80.0000	0.0969	866.0000
959	0.8236	0.6226	0.3660	0.7530	0.0633	0.8796	17.0000	0.0759	826.0000	89.0000	0.1077	848.0000
960	0.8335	0.6201	0.3612	0.7751	0.0635	0.8831	17.2000	0.0681	872.0000	86.0000	0.0986	883.0000
961	0.8457	0.6267	0.3643	0.7661	0.0637	0.8675	16.9000	0.0750	867.0000	97.0000	0.1119	882.0000
962	0.7957	0.6172	0.3517	0.7441	0.0647	0.8640	17.1000	0.0847	843.0000	93.0000	0.1103	862.0000
963	0.8388	0.6189	0.3536	0.7750	0.0575	0.8833	17.1000	0.0601	899.0000	80.0000	0.0890	915.0000
964	0.8287	0.6077	0.3575	0.7601	0.0595	0.8678	17.1000	0.0685	864.0000	88.0000	0.1019	883.0000
965	0.8414	0.6135	0.3481	0.7392	0.0652	0.8730	17.1000	0.0909	827.0000	97.0000	0.1173	842.0000
966	0.8386	0.6180	0.3542	0.7361	0.0619	0.8726	17.0000	0.0889	869.0000	97.0000	0.1116	894.0000
967	0.8232	0.6197	0.3518	0.7283	0.0599	0.8852	17.0000	0.0845	843.0000	89.0000	0.1056	862.0000
968	0.8243	0.6152	0.3584	0.7517	0.0585	0.8771	17.1000	0.0800	845.0000	90.0000	0.1065	872.0000
969	0.8182	0.6164	0.3625	0.7588	0.0617	0.8915	16.9000	0.0705	837.0000	80.0000	0.0956	852.0000
970	0.8158	0.6077	0.3436	0.7784	0.0573	0.8816	16.9000	0.0732	844.0000	88.0000	0.1043	877.0000
971	0.8502	0.6152	0.3489	0.7875	0.0616	0.8967	17.1000	0.0566	817.0000	80.0000	0.0979	839.0000
972	0.8192	0.6168	0.3609	0.7318	0.0632	0.8732	17.2000	0.0770	856.0000	98.0000	0.1145	887.0000
973	0.8232	0.6102	0.3540	0.7688	0.0647	0.8809	17.0000	0.0857	763.0000	87.0000	0.1140	799.0000
974	0.8430	0.6172	0.3541	0.7374	0.0607	0.8827	17.0000	0.0637	818.0000	91.0000	0.1112	851.0000
975	0.8222	0.6160	0.3645	0.7454	0.0621	0.8723	17.1000	0.0716	848.0000	94.0000	0.1108	873.0000
976	0.7914	0.6251	0.3640	0.7545	0.0632	0.8733	17.0000	0.0722	867.0000	94.0000	0.1084	874.0000
977	0.8113	0.6152	0.3517	0.7446	0.0628	0.8720	17.2000	0.0841	886.0000	95.0000	0.1072	910.0000
978	0.8309	0.6098	0.3315	0.7605	0.0588	0.9014	17.0000	0.0623	836.0000	80.0000	0.0957	850.0000
979	0.8228	0.6123	0.3536	0.7574	0.0569	0.8833	17.1000	0.0609	883.0000	88.0000	0.0997	909.0000
980	0.7783	0.6135	0.3588	0.7537	0.0618	0.8715	17.0000	0.0729	852.0000	93.0000	0.1092	871.0000
981	0.8282	0.6222	0.3637	0.7541	0.0675	0.8743	17.2000	0.0774	828.0000	92.0000	0.1111	858.0000
982	0.8242	0.6209	0.3486	0.7549	0.0604	0.8836	17.2000	0.0624	864.0000	81.0000	0.0938	871.0000
983	0.8387	0.6201	0.3528	0.7611	0.0594	0.8806	17.0000	0.0731	900.0000	86.0000	0.0956	915.0000
984	0.8195	0.6094	0.3543	0.7716	0.0623	0.8858	17.0000	0.0814	777.0000	84.0000	0.1081	817.0000
985	0.8250	0.6263	0.3710	0.7594	0.0672	0.8880	16.9000	0.0775	894.0000	94.0000	0.1051	899.0000
986	0.8321	0.6086	0.3494	0.7318	0.0569	0.8900	16.9000	0.0649	865.0000	91.0000	0.1052	879.0000
987	0.8174	0.6143	0.3545	0.7759	0.0654	0.8728	17.3000	0.0847	819.0000	92.0000	0.1123	845.0000
988	0.7871	0.6127	0.3515	0.7585	0.0613	0.8686	16.9000	0.0727	842.0000	87.0000	0.1033	855.0000
989	0.8267	0.6057	0.3438	0.7778	0.0620	0.8992	17.1000	0.0631	795.0000	76.0000	0.0956	815.0000
990	0.8077	0.6160	0.3466	0.7595	0.0632	0.8670	17.0000	0.0879	873.0000	94.0000	0.1077	890.0000
991	0.8402	0.6160	0.3467	0.7725	0.0602	0.8801	16.9000	0.0615	849.0000	86.0000	0.1013	856.0000
992	0.8126	0.6115	0.3491	0.7670	0.0612	0.8830	17.1000	0.0803	807.0000	88.0000	0.1090	825.0000
993	0.8232	0.6156	0.3534	0.7609	0.0630	0.8896	16.9000	0.0619	827.0000	81.0000	0.0979	844.0000
994	0.8321	0.6168	0.3454	0.7212	0.0591	0.8664	17.2000	0.0846	865.0000	105.0000	0.1214	906.0000
995	0.8115	0.6110	0.3443	0.7957	0.0600	0.8799	17.0000	0.0789	840.0000	87.0000	0.1036	877.0000
996	0.8102	0.6094	0.3477	0.7548	0.0604	0.8754	17.0000	0.0757	867.0000	84.0000	0.0969	883.0000
997	0.8058	0.6115	0.3427	0.7734	0.0602	0.8739	17.2000	0.0945	806.0000	88.0000	0.1092	816.0000
998	0.8098	0.6222	0.3524	0.7577	0.0592	0.8727	17.3000	0.0779	835.0000	88.0000	0.1054	882.0000
999	0.8265	0.6213	0.3547	0.7579	0.0625	0.8749	17.1000	0.0708	875.0000	93.0000	0.1063	884.0000
1000	0.8550	0.6189	0.3455	0.7790	0.0625	0.8972	16.9000	0.0588	892.0000	79.0000	0.0886	895.0000
