accuracy	proportion	density	fuzziness	coverage	purity	sounds	missing	ubound	clusters	props	patterns
1	0.7828	0.8381	0.4705	0.6940	0.1236	0.8671	17.2000	0.0559	1527.0000	184.0000	0.1205	1534.0000
2	0.7940	0.8278	0.4635	0.6964	0.1224	0.8699	17.3000	0.0656	1449.0000	156.0000	0.1077	1455.0000
3	0.8031	0.8282	0.4661	0.7027	0.1216	0.8692	17.4000	0.0718	1388.0000	148.0000	0.1066	1395.0000
4	0.8054	0.8212	0.4658	0.7119	0.1131	0.8790	17.2000	0.0660	1299.0000	135.0000	0.1039	1303.0000
5	0.8078	0.8162	0.4680	0.7185	0.1148	0.8735	17.3000	0.0740	1276.0000	140.0000	0.1097	1280.0000
6	0.8246	0.8109	0.4682	0.7414	0.1122	0.8869	17.3000	0.0613	1226.0000	129.0000	0.1052	1234.0000
7	0.7855	0.8047	0.4675	0.7237	0.1091	0.8823	17.3000	0.0811	1206.0000	123.0000	0.1020	1210.0000
8	0.8138	0.8166	0.4795	0.7460	0.1101	0.8817	17.3000	0.0648	1288.0000	126.0000	0.0978	1293.0000
9	0.8092	0.8072	0.4708	0.7569	0.1126	0.8814	17.1000	0.0717	1189.0000	118.0000	0.0992	1204.0000
10	0.8046	0.8092	0.4735	0.7113	0.1112	0.8781	17.2000	0.0673	1203.0000	128.0000	0.1064	1205.0000
11	0.8252	0.8150	0.4754	0.6977	0.1124	0.8743	17.3000	0.0735	1198.0000	134.0000	0.1119	1203.0000
12	0.8217	0.8043	0.4730	0.6997	0.1071	0.8694	17.3000	0.0731	1226.0000	133.0000	0.1085	1231.0000
13	0.8360	0.8068	0.4703	0.7213	0.1070	0.8862	17.1000	0.0709	1212.0000	123.0000	0.1015	1217.0000
14	0.8304	0.8101	0.4732	0.7249	0.1090	0.8865	17.3000	0.0631	1226.0000	125.0000	0.1020	1229.0000
15	0.8010	0.8068	0.4717	0.7222	0.1114	0.8720	17.2000	0.0712	1209.0000	122.0000	0.1009	1214.0000
16	0.8279	0.8014	0.4712	0.7529	0.1117	0.8803	17.1000	0.0832	1154.0000	125.0000	0.1083	1171.0000
17	0.8250	0.8063	0.4738	0.7267	0.1088	0.8767	17.3000	0.0703	1210.0000	125.0000	0.1033	1217.0000
18	0.8344	0.8072	0.4774	0.7293	0.1115	0.8866	17.2000	0.0643	1180.0000	122.0000	0.1034	1183.0000
19	0.8025	0.8055	0.4748	0.7561	0.1140	0.8852	17.3000	0.0670	1179.0000	115.0000	0.0975	1191.0000
20	0.8124	0.8138	0.4829	0.7303	0.1109	0.8876	17.2000	0.0691	1216.0000	118.0000	0.0970	1218.0000
21	0.8400	0.8088	0.4757	0.7318	0.1132	0.8813	17.2000	0.0627	1162.0000	120.0000	0.1033	1165.0000
22	0.8334	0.8047	0.4747	0.7075	0.1085	0.8878	17.3000	0.0732	1189.0000	123.0000	0.1034	1194.0000
23	0.7924	0.8125	0.4774	0.7104	0.1123	0.8786	17.2000	0.0757	1188.0000	127.0000	0.1069	1196.0000
24	0.8029	0.8154	0.4808	0.7222	0.1089	0.8879	17.3000	0.0917	1248.0000	122.0000	0.0978	1258.0000
25	0.8279	0.8125	0.4776	0.7203	0.1176	0.8774	17.3000	0.0636	1166.0000	128.0000	0.1098	1170.0000
26	0.8172	0.8117	0.4796	0.7185	0.1096	0.8871	17.3000	0.0455	1248.0000	121.0000	0.0970	1251.0000
27	0.8310	0.8051	0.4736	0.7366	0.1111	0.8882	17.3000	0.0613	1205.0000	119.0000	0.0988	1214.0000
28	0.8203	0.8051	0.4724	0.7430	0.1109	0.8883	17.1000	0.0722	1174.0000	117.0000	0.0997	1179.0000
29	0.8485	0.8101	0.4757	0.7349	0.1133	0.8983	17.2000	0.0534	1202.0000	116.0000	0.0965	1206.0000
30	0.8204	0.8051	0.4652	0.7268	0.1079	0.8918	17.2000	0.0710	1218.0000	113.0000	0.0928	1220.0000
31	0.8308	0.8166	0.4825	0.7089	0.1165	0.8795	17.2000	0.0671	1209.0000	132.0000	0.1092	1211.0000
32	0.8279	0.8002	0.4740	0.7351	0.1069	0.8851	17.1000	0.0751	1213.0000	111.0000	0.0915	1216.0000
33	0.8037	0.8051	0.4774	0.7419	0.1130	0.8845	17.2000	0.0797	1202.0000	124.0000	0.1032	1208.0000
34	0.8263	0.8051	0.4745	0.7395	0.1118	0.8944	16.9000	0.0661	1211.0000	116.0000	0.0958	1217.0000
35	0.8278	0.8076	0.4721	0.6994	0.1065	0.8844	17.0000	0.0715	1233.0000	124.0000	0.1006	1241.0000
36	0.8240	0.8101	0.4740	0.7291	0.1128	0.8886	17.3000	0.0572	1181.0000	122.0000	0.1033	1186.0000
37	0.8338	0.7998	0.4694	0.6923	0.1032	0.8848	17.3000	0.0696	1210.0000	122.0000	0.1008	1216.0000
38	0.8334	0.8018	0.4719	0.7204	0.1125	0.8852	17.1000	0.0726	1161.0000	122.0000	0.1051	1163.0000
39	0.8353	0.8076	0.4700	0.7453	0.1116	0.8848	17.1000	0.0622	1180.0000	117.0000	0.0992	1188.0000
40	0.8357	0.8088	0.4748	0.7196	0.1076	0.8927	17.2000	0.0602	1195.0000	118.0000	0.0987	1199.0000
41	0.8307	0.8051	0.4721	0.6973	0.1112	0.8728	17.2000	0.0635	1207.0000	129.0000	0.1069	1212.0000
42	0.8246	0.8068	0.4793	0.7151	0.1096	0.8764	17.3000	0.0596	1223.0000	128.0000	0.1047	1228.0000
43	0.8147	0.8129	0.4762	0.7329	0.1093	0.8785	17.0000	0.0641	1228.0000	118.0000	0.0961	1230.0000
44	0.8199	0.8068	0.4707	0.7205	0.1086	0.8838	17.1000	0.0640	1185.0000	122.0000	0.1030	1204.0000
45	0.8308	0.8055	0.4760	0.7239	0.1127	0.8858	17.1000	0.0665	1195.0000	117.0000	0.0979	1197.0000
46	0.8325	0.8043	0.4794	0.7256	0.1089	0.8722	17.3000	0.0622	1184.0000	130.0000	0.1098	1189.0000
47	0.8131	0.8117	0.4740	0.7115	0.1105	0.8800	17.3000	0.0851	1200.0000	121.0000	0.1008	1207.0000
48	0.8235	0.8059	0.4811	0.7323	0.1110	0.8824	17.2000	0.0564	1224.0000	123.0000	0.1005	1229.0000
49	0.8168	0.8101	0.4825	0.7151	0.1146	0.8759	17.2000	0.0840	1190.0000	127.0000	0.1067	1200.0000
50	0.8216	0.8055	0.4760	0.7259	0.1116	0.8864	17.3000	0.0814	1193.0000	124.0000	0.1039	1196.0000
51	0.8406	0.8129	0.4766	0.7290	0.1128	0.8844	17.2000	0.0604	1173.0000	125.0000	0.1066	1175.0000
52	0.8255	0.7969	0.4674	0.7425	0.1102	0.8834	17.3000	0.0790	1155.0000	124.0000	0.1074	1157.0000
53	0.8447	0.8072	0.4766	0.7219	0.1091	0.8858	17.2000	0.0658	1188.0000	117.0000	0.0985	1205.0000
54	0.8227	0.8002	0.4695	0.7249	0.1075	0.8718	17.3000	0.0757	1207.0000	127.0000	0.1052	1214.0000
55	0.8358	0.8096	0.4788	0.7293	0.1098	0.8853	17.3000	0.0748	1204.0000	127.0000	0.1055	1211.0000
56	0.8067	0.8076	0.4774	0.7112	0.1060	0.8897	17.0000	0.0688	1242.0000	119.0000	0.0958	1245.0000
57	0.8249	0.8055	0.4729	0.7260	0.1161	0.8819	17.2000	0.0645	1178.0000	129.0000	0.1095	1180.0000
58	0.7976	0.8080	0.4738	0.6990	0.1113	0.8745	17.2000	0.0865	1243.0000	129.0000	0.1038	1246.0000
59	0.8255	0.8092	0.4801	0.7135	0.1152	0.8845	17.2000	0.0647	1193.0000	127.0000	0.1065	1197.0000
60	0.8171	0.8035	0.4787	0.7177	0.1087	0.8767	17.1000	0.0726	1222.0000	131.0000	0.1072	1224.0000
61	0.8171	0.8088	0.4751	0.7120	0.1101	0.8766	17.3000	0.0774	1207.0000	129.0000	0.1069	1209.0000
62	0.8321	0.8010	0.4697	0.6996	0.1102	0.8838	17.2000	0.0537	1201.0000	120.0000	0.0999	1205.0000
63	0.8291	0.8035	0.4739	0.7204	0.1136	0.8928	17.1000	0.0633	1146.0000	124.0000	0.1082	1150.0000
64	0.8308	0.8101	0.4738	0.7197	0.1126	0.8813	17.3000	0.0623	1180.0000	119.0000	0.1008	1184.0000
65	0.8350	0.8076	0.4760	0.7090	0.1128	0.8842	17.3000	0.0567	1196.0000	122.0000	0.1020	1198.0000
66	0.8296	0.8109	0.4788	0.7150	0.1070	0.8976	17.3000	0.0559	1242.0000	118.0000	0.0950	1249.0000
67	0.8251	0.8084	0.4751	0.7310	0.1163	0.8858	17.2000	0.0753	1152.0000	121.0000	0.1050	1159.0000
68	0.8125	0.8047	0.4698	0.7362	0.1101	0.8868	17.2000	0.0525	1209.0000	117.0000	0.0968	1211.0000
69	0.8383	0.8018	0.4700	0.7240	0.1062	0.8868	17.1000	0.0672	1224.0000	122.0000	0.0997	1228.0000
70	0.8331	0.8101	0.4773	0.7229	0.1081	0.8903	17.1000	0.0649	1238.0000	117.0000	0.0945	1245.0000
71	0.7899	0.8121	0.4743	0.7354	0.1161	0.8758	17.2000	0.0801	1199.0000	121.0000	0.1009	1205.0000
72	0.8204	0.8109	0.4862	0.7335	0.1123	0.8897	17.2000	0.0643	1197.0000	123.0000	0.1028	1200.0000
73	0.8395	0.8063	0.4774	0.7323	0.1098	0.8851	17.2000	0.0643	1160.0000	123.0000	0.1060	1170.0000
74	0.8339	0.8088	0.4729	0.7403	0.1082	0.8878	17.1000	0.0693	1199.0000	118.0000	0.0984	1211.0000
75	0.8428	0.8072	0.4700	0.7261	0.1178	0.8829	17.1000	0.0706	1147.0000	126.0000	0.1099	1151.0000
76	0.8234	0.8063	0.4729	0.7275	0.1151	0.8914	17.2000	0.0731	1152.0000	117.0000	0.1016	1162.0000
77	0.7934	0.8039	0.4799	0.7293	0.1137	0.8700	17.1000	0.0958	1138.0000	125.0000	0.1098	1151.0000
78	0.8224	0.8084	0.4765	0.7187	0.1128	0.8885	17.3000	0.0718	1211.0000	121.0000	0.0999	1213.0000
79	0.8246	0.8121	0.4728	0.7287	0.1124	0.8825	17.2000	0.0617	1183.0000	121.0000	0.1023	1191.0000
80	0.8158	0.8150	0.4825	0.7222	0.1116	0.8880	17.2000	0.0730	1205.0000	126.0000	0.1046	1208.0000
81	0.8264	0.8039	0.4729	0.7059	0.1089	0.8745	17.2000	0.0654	1209.0000	130.0000	0.1075	1212.0000
82	0.8289	0.8150	0.4832	0.7247	0.1142	0.8826	17.3000	0.0629	1223.0000	125.0000	0.1022	1225.0000
83	0.8256	0.8105	0.4742	0.7335	0.1105	0.8839	17.3000	0.0636	1220.0000	129.0000	0.1057	1227.0000
84	0.8504	0.8022	0.4703	0.7303	0.1059	0.8843	17.1000	0.0606	1219.0000	123.0000	0.1009	1222.0000
85	0.8267	0.8088	0.4750	0.7297	0.1092	0.8816	17.2000	0.0717	1215.0000	127.0000	0.1045	1220.0000
86	0.8182	0.8035	0.4699	0.7475	0.1119	0.8848	17.2000	0.0717	1165.0000	120.0000	0.1030	1179.0000
87	0.8205	0.8051	0.4702	0.7281	0.1105	0.8862	17.0000	0.0678	1154.0000	117.0000	0.1014	1160.0000
88	0.8256	0.8092	0.4778	0.7107	0.1114	0.8746	17.1000	0.0669	1179.0000	133.0000	0.1128	1182.0000
89	0.8085	0.8105	0.4768	0.6980	0.1117	0.8787	17.2000	0.0822	1212.0000	127.0000	0.1048	1217.0000
90	0.8315	0.8092	0.4766	0.7358	0.1096	0.8862	17.1000	0.0636	1191.0000	125.0000	0.1050	1198.0000
91	0.8379	0.8101	0.4761	0.7408	0.1143	0.8952	17.0000	0.0601	1227.0000	118.0000	0.0962	1233.0000
92	0.7945	0.8088	0.4737	0.7344	0.1109	0.8740	17.1000	0.0756	1214.0000	128.0000	0.1054	1225.0000
93	0.8220	0.8101	0.4835	0.7332	0.1137	0.8781	17.1000	0.0753	1203.0000	126.0000	0.1047	1208.0000
94	0.8440	0.8146	0.4770	0.7179	0.1143	0.8894	17.1000	0.0538	1214.0000	118.0000	0.0972	1219.0000
95	0.8118	0.8076	0.4760	0.7306	0.1081	0.8917	17.2000	0.0673	1200.0000	115.0000	0.0958	1203.0000
96	0.8322	0.8068	0.4740	0.7253	0.1072	0.8838	17.1000	0.0693	1236.0000	122.0000	0.0987	1242.0000
97	0.8252	0.8101	0.4766	0.7117	0.1158	0.8868	17.2000	0.0716	1157.0000	124.0000	0.1072	1164.0000
98	0.8171	0.8072	0.4767	0.7230	0.1135	0.8904	17.3000	0.0625	1187.0000	120.0000	0.1011	1189.0000
99	0.8110	0.8101	0.4748	0.7172	0.1098	0.8780	17.2000	0.0813	1230.0000	125.0000	0.1016	1239.0000
100	0.8268	0.8138	0.4841	0.7536	0.1183	0.8924	17.2000	0.0595	1190.0000	113.0000	0.0950	1193.0000
101	0.8121	0.8154	0.4783	0.7247	0.1106	0.8787	17.2000	0.0664	1231.0000	125.0000	0.1015	1233.0000
102	0.8114	0.8101	0.4797	0.7078	0.1148	0.8773	17.3000	0.0718	1230.0000	133.0000	0.1081	1232.0000
103	0.8248	0.8117	0.4752	0.7357	0.1118	0.8801	17.1000	0.0604	1205.0000	121.0000	0.1004	1209.0000
104	0.8384	0.8051	0.4748	0.7220	0.1131	0.8894	17.0000	0.0597	1192.0000	119.0000	0.0998	1196.0000
105	0.8420	0.8043	0.4696	0.7205	0.1135	0.8855	17.1000	0.0631	1182.0000	124.0000	0.1049	1184.0000
106	0.7957	0.8051	0.4711	0.7057	0.1074	0.8759	17.2000	0.0780	1186.0000	122.0000	0.1029	1189.0000
107	0.8138	0.8138	0.4802	0.7144	0.1082	0.8755	17.3000	0.0693	1251.0000	125.0000	0.0999	1257.0000
108	0.8138	0.8051	0.4778	0.6978	0.1107	0.8836	17.1000	0.0715	1236.0000	123.0000	0.0995	1239.0000
109	0.8425	0.8080	0.4730	0.7312	0.1086	0.8889	17.2000	0.0598	1204.0000	116.0000	0.0963	1211.0000
110	0.8131	0.8059	0.4746	0.7062	0.1081	0.8632	17.3000	0.0854	1196.0000	132.0000	0.1104	1212.0000
111	0.8301	0.8125	0.4782	0.7099	0.1156	0.8853	17.1000	0.0727	1221.0000	122.0000	0.0999	1223.0000
112	0.8287	0.8092	0.4804	0.7193	0.1124	0.8967	17.3000	0.0586	1169.0000	118.0000	0.1009	1175.0000
113	0.8451	0.8092	0.4776	0.7406	0.1120	0.8861	17.3000	0.0630	1197.0000	120.0000	0.1003	1201.0000
114	0.8106	0.8063	0.4763	0.7341	0.1043	0.8951	17.2000	0.0722	1227.0000	114.0000	0.0929	1234.0000
115	0.8101	0.8063	0.4735	0.7275	0.1103	0.8818	17.0000	0.0600	1210.0000	125.0000	0.1033	1212.0000
116	0.8202	0.8088	0.4807	0.7362	0.1118	0.8733	17.1000	0.0624	1215.0000	119.0000	0.0979	1217.0000
117	0.8084	0.8125	0.4785	0.7253	0.1125	0.8913	17.2000	0.0680	1213.0000	111.0000	0.0915	1221.0000
118	0.8430	0.8080	0.4701	0.7378	0.1146	0.8815	17.3000	0.0642	1150.0000	115.0000	0.1000	1153.0000
119	0.8272	0.8035	0.4742	0.7265	0.1130	0.8855	17.1000	0.0750	1180.0000	123.0000	0.1042	1189.0000
120	0.8099	0.8129	0.4792	0.7146	0.1108	0.8848	17.2000	0.0646	1218.0000	122.0000	0.1002	1223.0000
121	0.8216	0.8035	0.4717	0.7471	0.1114	0.8922	17.2000	0.0693	1191.0000	116.0000	0.0974	1196.0000
122	0.8290	0.8035	0.4744	0.7000	0.1116	0.8753	17.1000	0.0788	1160.0000	131.0000	0.1129	1163.0000
123	0.8262	0.8063	0.4742	0.7211	0.1103	0.8874	17.1000	0.0625	1185.0000	120.0000	0.1013	1202.0000
124	0.8196	0.8047	0.4732	0.6941	0.1080	0.8894	17.1000	0.0696	1214.0000	124.0000	0.1021	1221.0000
125	0.8332	0.8076	0.4753	0.7109	0.1107	0.8918	17.2000	0.0633	1215.0000	124.0000	0.1021	1219.0000
126	0.8342	0.8105	0.4807	0.7431	0.1085	0.8930	17.1000	0.0637	1204.0000	112.0000	0.0930	1214.0000
127	0.8246	0.8047	0.4744	0.7433	0.1072	0.8870	17.2000	0.0686	1218.0000	116.0000	0.0952	1224.0000
128	0.7908	0.8096	0.4770	0.7200	0.1160	0.8640	17.2000	0.0937	1151.0000	131.0000	0.1138	1163.0000
129	0.8152	0.7985	0.4718	0.7374	0.1088	0.8841	17.3000	0.0775	1193.0000	119.0000	0.0997	1198.0000
130	0.8368	0.8059	0.4727	0.7158	0.1083	0.8934	17.1000	0.0718	1215.0000	121.0000	0.0996	1218.0000
131	0.8024	0.8146	0.4800	0.7100	0.1088	0.8843	17.3000	0.0862	1239.0000	128.0000	0.1033	1246.0000
132	0.8462	0.8055	0.4764	0.7055	0.1121	0.8805	17.1000	0.0676	1198.0000	122.0000	0.1018	1202.0000
133	0.8235	0.8026	0.4727	0.7217	0.1084	0.8809	17.1000	0.0730	1211.0000	122.0000	0.1007	1213.0000
134	0.8123	0.8084	0.4754	0.7322	0.1104	0.8787	17.0000	0.0796	1211.0000	120.0000	0.0991	1218.0000
135	0.8332	0.8096	0.4791	0.7252	0.1064	0.8828	17.1000	0.0593	1258.0000	119.0000	0.0946	1261.0000
136	0.8257	0.8121	0.4774	0.7341	0.1132	0.8804	17.2000	0.0750	1199.0000	121.0000	0.1009	1201.0000
137	0.8317	0.8199	0.4824	0.7261	0.1140	0.8907	17.2000	0.0662	1231.0000	125.0000	0.1015	1237.0000
138	0.8015	0.8039	0.4721	0.7233	0.1119	0.8853	17.2000	0.0764	1191.0000	125.0000	0.1050	1196.0000
139	0.7930	0.8030	0.4711	0.7124	0.1086	0.8825	17.2000	0.0739	1176.0000	117.0000	0.0995	1180.0000
140	0.8440	0.8055	0.4710	0.7134	0.1135	0.8801	17.2000	0.0745	1164.0000	125.0000	0.1074	1167.0000
141	0.8057	0.8117	0.4802	0.7307	0.1126	0.8785	17.3000	0.0737	1190.0000	124.0000	0.1042	1195.0000
142	0.8315	0.8154	0.4804	0.7692	0.1116	0.8775	17.2000	0.0728	1171.0000	118.0000	0.1008	1189.0000
143	0.8377	0.8043	0.4755	0.7192	0.1095	0.8855	16.9000	0.0723	1193.0000	123.0000	0.1031	1199.0000
144	0.8435	0.8084	0.4770	0.7158	0.1122	0.8842	17.2000	0.0647	1164.0000	117.0000	0.1005	1166.0000
145	0.8201	0.8113	0.4762	0.7078	0.1180	0.8786	17.3000	0.0597	1168.0000	128.0000	0.1096	1181.0000
146	0.8055	0.8084	0.4756	0.7261	0.1108	0.8804	17.1000	0.0894	1157.0000	125.0000	0.1080	1172.0000
147	0.8498	0.8068	0.4801	0.7427	0.1167	0.8839	17.0000	0.0507	1182.0000	122.0000	0.1032	1188.0000
148	0.8220	0.8055	0.4731	0.7359	0.1087	0.8890	17.1000	0.0762	1184.0000	119.0000	0.1005	1187.0000
149	0.8197	0.8105	0.4757	0.7192	0.1137	0.8954	17.2000	0.0632	1192.0000	118.0000	0.0990	1198.0000
150	0.8187	0.8154	0.4800	0.7055	0.1086	0.8846	17.3000	0.0697	1262.0000	123.0000	0.0975	1265.0000
151	0.8228	0.8146	0.4825	0.7153	0.1116	0.8907	17.1000	0.0699	1220.0000	116.0000	0.0951	1228.0000
152	0.8440	0.8002	0.4730	0.7113	0.1063	0.8912	17.2000	0.0524	1204.0000	123.0000	0.1022	1206.0000
153	0.8272	0.8051	0.4725	0.7248	0.1120	0.8898	17.2000	0.0811	1186.0000	122.0000	0.1029	1189.0000
154	0.8170	0.8146	0.4790	0.7176	0.1133	0.8788	17.2000	0.0724	1195.0000	123.0000	0.1029	1197.0000
155	0.8043	0.8125	0.4767	0.7271	0.1118	0.8773	17.3000	0.0787	1218.0000	127.0000	0.1043	1220.0000
156	0.8313	0.8072	0.4772	0.7316	0.1137	0.8891	17.3000	0.0672	1181.0000	121.0000	0.1025	1185.0000
157	0.7972	0.8063	0.4706	0.7362	0.1116	0.8818	17.3000	0.0891	1186.0000	118.0000	0.0995	1189.0000
158	0.8354	0.8055	0.4745	0.7228	0.1125	0.8816	17.3000	0.0601	1192.0000	121.0000	0.1015	1196.0000
159	0.7973	0.8076	0.4772	0.7077	0.1141	0.8829	17.1000	0.0909	1184.0000	124.0000	0.1047	1187.0000
160	0.8011	0.8101	0.4746	0.7296	0.1090	0.8822	17.2000	0.0679	1220.0000	123.0000	0.1008	1226.0000
161	0.8195	0.8063	0.4766	0.7178	0.1080	0.8771	17.1000	0.0552	1234.0000	126.0000	0.1021	1239.0000
162	0.8264	0.8121	0.4759	0.7252	0.1110	0.8806	17.3000	0.0664	1216.0000	126.0000	0.1036	1222.0000
163	0.8240	0.8080	0.4751	0.7237	0.1092	0.8782	17.0000	0.0666	1182.0000	125.0000	0.1058	1186.0000
164	0.8142	0.8084	0.4747	0.7121	0.1096	0.8777	17.2000	0.0706	1181.0000	126.0000	0.1067	1188.0000
165	0.8290	0.8072	0.4752	0.7152	0.1131	0.8867	17.1000	0.0719	1181.0000	123.0000	0.1041	1187.0000
166	0.8164	0.8030	0.4691	0.7246	0.1100	0.8882	17.1000	0.0663	1184.0000	118.0000	0.0997	1187.0000
167	0.8109	0.8014	0.4722	0.7155	0.1070	0.8722	17.3000	0.0771	1219.0000	128.0000	0.1050	1227.0000
168	0.8062	0.8055	0.4757	0.7376	0.1090	0.8836	17.1000	0.0795	1184.0000	120.0000	0.1014	1190.0000
169	0.8407	0.8068	0.4719	0.7431	0.1119	0.8977	17.2000	0.0507	1177.0000	111.0000	0.0943	1182.0000
170	0.8355	0.8059	0.4749	0.7188	0.1108	0.8748	17.3000	0.0688	1217.0000	131.0000	0.1076	1219.0000
171	0.8485	0.8109	0.4784	0.7400	0.1128	0.8851	17.3000	0.0655	1205.0000	123.0000	0.1021	1209.0000
172	0.8107	0.8076	0.4789	0.7166	0.1095	0.8799	17.3000	0.0844	1218.0000	129.0000	0.1059	1223.0000
173	0.7933	0.8125	0.4769	0.7023	0.1114	0.8664	17.2000	0.0792	1192.0000	129.0000	0.1082	1195.0000
174	0.8276	0.8022	0.4691	0.7358	0.1069	0.8898	17.1000	0.0646	1202.0000	118.0000	0.0982	1206.0000
175	0.8193	0.8092	0.4723	0.7098	0.1099	0.8762	17.3000	0.0663	1199.0000	121.0000	0.1009	1203.0000
176	0.8363	0.8088	0.4720	0.7306	0.1114	0.8778	17.3000	0.0568	1166.0000	120.0000	0.1029	1170.0000
177	0.8097	0.8133	0.4702	0.7133	0.1116	0.8766	17.3000	0.0833	1202.0000	126.0000	0.1048	1208.0000
178	0.8262	0.8068	0.4766	0.7062	0.1126	0.8856	17.3000	0.0574	1210.0000	122.0000	0.1008	1215.0000
179	0.8236	0.8125	0.4774	0.7409	0.1066	0.8842	17.2000	0.0859	1258.0000	123.0000	0.0978	1264.0000
180	0.8319	0.8059	0.4699	0.7095	0.1091	0.8815	17.2000	0.0724	1200.0000	123.0000	0.1025	1203.0000
181	0.8188	0.8084	0.4747	0.7086	0.1110	0.8814	17.3000	0.0755	1209.0000	128.0000	0.1059	1211.0000
182	0.8330	0.8088	0.4781	0.6983	0.1135	0.8775	17.1000	0.0748	1193.0000	129.0000	0.1081	1200.0000
183	0.8298	0.8055	0.4760	0.7064	0.1100	0.8780	17.3000	0.0783	1205.0000	132.0000	0.1095	1212.0000
184	0.8482	0.8113	0.4780	0.7520	0.1129	0.8956	17.3000	0.0508	1186.0000	109.0000	0.0919	1195.0000
185	0.8393	0.8080	0.4721	0.7301	0.1117	0.8750	17.3000	0.0615	1178.0000	125.0000	0.1061	1184.0000
186	0.8148	0.8113	0.4822	0.7002	0.1108	0.8820	17.2000	0.0723	1206.0000	124.0000	0.1028	1211.0000
187	0.8003	0.8125	0.4791	0.7088	0.1115	0.8754	17.1000	0.0833	1235.0000	129.0000	0.1045	1239.0000
188	0.8354	0.8084	0.4773	0.7076	0.1177	0.8767	17.2000	0.0594	1197.0000	130.0000	0.1086	1202.0000
189	0.8350	0.8158	0.4784	0.7214	0.1137	0.8817	17.3000	0.0684	1232.0000	131.0000	0.1063	1237.0000
190	0.8363	0.8084	0.4748	0.7490	0.1116	0.8884	17.0000	0.0769	1175.0000	118.0000	0.1004	1184.0000
191	0.8141	0.8055	0.4792	0.7103	0.1063	0.8798	17.2000	0.0811	1255.0000	125.0000	0.0996	1261.0000
192	0.8234	0.8080	0.4699	0.7534	0.1125	0.8801	17.3000	0.0596	1149.0000	117.0000	0.1018	1159.0000
193	0.8208	0.8084	0.4760	0.7360	0.1098	0.8872	17.1000	0.0712	1241.0000	118.0000	0.0951	1246.0000
194	0.8264	0.8092	0.4775	0.7246	0.1138	0.8776	17.2000	0.0532	1190.0000	124.0000	0.1042	1192.0000
195	0.8142	0.8129	0.4739	0.7282	0.1151	0.8878	17.3000	0.0724	1172.0000	127.0000	0.1084	1175.0000
196	0.8303	0.8142	0.4786	0.7160	0.1107	0.8708	17.2000	0.0628	1190.0000	128.0000	0.1076	1198.0000
197	0.8174	0.8133	0.4787	0.7466	0.1157	0.9004	17.2000	0.0495	1171.0000	115.0000	0.0982	1176.0000
198	0.8311	0.8035	0.4760	0.7213	0.1081	0.8687	17.2000	0.0666	1223.0000	132.0000	0.1079	1236.0000
199	0.8092	0.8092	0.4712	0.7491	0.1104	0.8810	17.1000	0.0705	1202.0000	122.0000	0.1015	1206.0000
200	0.8211	0.8105	0.4768	0.7427	0.1123	0.8876	17.3000	0.0741	1157.0000	120.0000	0.1037	1166.0000
201	0.8328	0.8113	0.4762	0.7089	0.1054	0.8756	17.3000	0.0674	1222.0000	130.0000	0.1064	1228.0000
202	0.8324	0.8076	0.4758	0.7362	0.1107	0.8894	17.3000	0.0633	1173.0000	117.0000	0.0997	1191.0000
203	0.8179	0.8092	0.4746	0.6973	0.1117	0.8839	17.1000	0.0780	1168.0000	125.0000	0.1070	1171.0000
204	0.8385	0.8063	0.4777	0.7043	0.1114	0.8770	17.1000	0.0599	1159.0000	121.0000	0.1044	1164.0000
205	0.8522	0.8096	0.4749	0.7268	0.1140	0.8951	17.2000	0.0642	1201.0000	118.0000	0.0983	1209.0000
206	0.8447	0.8014	0.4705	0.7286	0.1117	0.8888	17.1000	0.0624	1207.0000	122.0000	0.1011	1209.0000
207	0.8437	0.8035	0.4824	0.7341	0.1099	0.8881	17.2000	0.0679	1246.0000	121.0000	0.0971	1253.0000
208	0.7981	0.8121	0.4756	0.7203	0.1137	0.8797	17.0000	0.0746	1211.0000	124.0000	0.1024	1219.0000
209	0.8226	0.8030	0.4725	0.7349	0.1130	0.8769	17.3000	0.0816	1159.0000	114.0000	0.0984	1170.0000
210	0.8303	0.8063	0.4674	0.7264	0.1084	0.8788	17.1000	0.0617	1222.0000	125.0000	0.1023	1230.0000
211	0.8335	0.8076	0.4716	0.7380	0.1097	0.8833	17.1000	0.0699	1159.0000	116.0000	0.1001	1166.0000
212	0.8104	0.7944	0.4664	0.7422	0.1092	0.8773	17.1000	0.0853	1200.0000	120.0000	0.1000	1209.0000
213	0.8012	0.8105	0.4777	0.7368	0.1116	0.8775	17.1000	0.0791	1224.0000	119.0000	0.0972	1226.0000
214	0.8068	0.8051	0.4758	0.7280	0.1163	0.8800	17.3000	0.0536	1171.0000	125.0000	0.1067	1173.0000
215	0.8171	0.8063	0.4776	0.7305	0.1084	0.8750	17.1000	0.0714	1232.0000	129.0000	0.1047	1236.0000
216	0.8303	0.8092	0.4775	0.7231	0.1102	0.8876	17.2000	0.0613	1207.0000	121.0000	0.1002	1210.0000
217	0.8017	0.8133	0.4782	0.7230	0.1105	0.8830	17.0000	0.0717	1200.0000	123.0000	0.1025	1209.0000
218	0.8364	0.8030	0.4739	0.7048	0.1096	0.8839	17.0000	0.0651	1223.0000	120.0000	0.0981	1230.0000
219	0.8249	0.8084	0.4751	0.7082	0.1080	0.8841	17.2000	0.0729	1190.0000	127.0000	0.1067	1194.0000
220	0.8123	0.8121	0.4799	0.7095	0.1133	0.8817	17.2000	0.0803	1203.0000	127.0000	0.1056	1207.0000
221	0.8277	0.8026	0.4725	0.7355	0.1094	0.8884	17.2000	0.0540	1206.0000	116.0000	0.0962	1218.0000
222	0.8043	0.8113	0.4762	0.7038	0.1148	0.8735	17.3000	0.1036	1159.0000	130.0000	0.1122	1164.0000
223	0.8457	0.8088	0.4758	0.7260	0.1078	0.8921	17.3000	0.0673	1217.0000	117.0000	0.0961	1223.0000
224	0.8277	0.8088	0.4790	0.7149	0.1130	0.8783	17.1000	0.0650	1192.0000	124.0000	0.1040	1200.0000
225	0.8226	0.8068	0.4741	0.7396	0.1114	0.8868	17.3000	0.0614	1167.0000	117.0000	0.1003	1174.0000
226	0.8456	0.8072	0.4783	0.7323	0.1133	0.8882	17.2000	0.0496	1197.0000	121.0000	0.1011	1204.0000
227	0.8141	0.8076	0.4788	0.7311	0.1123	0.8772	17.2000	0.0655	1189.0000	124.0000	0.1043	1197.0000
228	0.8289	0.8084	0.4781	0.6976	0.1122	0.8766	17.2000	0.0769	1214.0000	134.0000	0.1104	1224.0000
229	0.8136	0.8014	0.4740	0.7094	0.1120	0.8761	17.2000	0.0899	1183.0000	128.0000	0.1082	1191.0000
230	0.8232	0.8026	0.4718	0.7000	0.1106	0.8773	17.1000	0.0655	1177.0000	126.0000	0.1071	1187.0000
231	0.8144	0.8109	0.4739	0.7300	0.1164	0.8754	17.3000	0.0742	1195.0000	122.0000	0.1021	1197.0000
232	0.8489	0.8080	0.4784	0.7576	0.1107	0.8796	17.3000	0.0642	1212.0000	121.0000	0.0998	1216.0000
233	0.8375	0.8121	0.4736	0.7258	0.1097	0.8861	17.2000	0.0569	1225.0000	126.0000	0.1029	1230.0000
234	0.8083	0.8047	0.4683	0.7156	0.1120	0.8804	17.0000	0.0706	1165.0000	121.0000	0.1039	1181.0000
235	0.8289	0.8096	0.4758	0.7280	0.1079	0.8858	17.2000	0.0549	1214.0000	122.0000	0.1005	1220.0000
236	0.8263	0.8002	0.4737	0.7283	0.1087	0.8808	17.2000	0.0670	1184.0000	117.0000	0.0988	1191.0000
237	0.8322	0.8113	0.4804	0.7272	0.1122	0.8761	17.2000	0.0704	1187.0000	125.0000	0.1053	1196.0000
238	0.8187	0.8158	0.4740	0.7337	0.1151	0.8802	17.2000	0.0630	1192.0000	123.0000	0.1032	1194.0000
239	0.8374	0.8113	0.4750	0.7334	0.1117	0.8862	17.2000	0.0692	1200.0000	120.0000	0.1000	1204.0000
240	0.8083	0.8129	0.4754	0.7109	0.1099	0.8819	17.2000	0.0783	1242.0000	128.0000	0.1031	1249.0000
241	0.8443	0.8084	0.4767	0.7168	0.1117	0.8886	17.3000	0.0642	1209.0000	121.0000	0.1001	1215.0000
242	0.8247	0.8113	0.4788	0.7339	0.1094	0.8847	17.1000	0.0705	1219.0000	118.0000	0.0968	1228.0000
243	0.8336	0.8068	0.4781	0.7148	0.1136	0.8823	17.1000	0.0815	1213.0000	130.0000	0.1072	1220.0000
244	0.8262	0.8125	0.4796	0.7147	0.1116	0.8824	17.2000	0.0738	1198.0000	128.0000	0.1068	1201.0000
245	0.7975	0.8072	0.4735	0.7229	0.1092	0.8736	17.2000	0.0905	1209.0000	124.0000	0.1026	1213.0000
246	0.8234	0.8088	0.4755	0.7333	0.1125	0.8968	17.2000	0.0664	1184.0000	120.0000	0.1014	1187.0000
247	0.7826	0.8125	0.4833	0.7322	0.1167	0.8837	17.0000	0.0771	1192.0000	118.0000	0.0990	1194.0000
248	0.7970	0.8088	0.4749	0.7326	0.1156	0.8905	17.2000	0.0770	1173.0000	117.0000	0.0997	1177.0000
249	0.8160	0.8121	0.4755	0.7415	0.1138	0.8908	17.2000	0.0699	1212.0000	117.0000	0.0965	1219.0000
250	0.8367	0.8014	0.4728	0.7014	0.1097	0.8704	17.3000	0.0647	1216.0000	126.0000	0.1036	1221.0000
251	0.8092	0.8051	0.4748	0.7095	0.1125	0.8789	17.3000	0.0637	1171.0000	122.0000	0.1042	1173.0000
252	0.8250	0.8039	0.4731	0.7169	0.1136	0.8882	17.1000	0.0594	1181.0000	120.0000	0.1016	1183.0000
253	0.8337	0.8072	0.4697	0.7477	0.1127	0.8955	17.2000	0.0563	1210.0000	112.0000	0.0926	1212.0000
254	0.8123	0.8063	0.4756	0.7083	0.1124	0.8729	17.1000	0.0766	1241.0000	132.0000	0.1064	1243.0000
255	0.8229	0.8101	0.4793	0.7127	0.1109	0.8877	17.0000	0.0752	1214.0000	121.0000	0.0997	1218.0000
256	0.8356	0.8113	0.4718	0.7186	0.1138	0.8849	17.2000	0.0634	1179.0000	124.0000	0.1052	1181.0000
257	0.8254	0.8154	0.4770	0.7123	0.1126	0.8793	17.2000	0.0805	1184.0000	128.0000	0.1081	1191.0000
258	0.8284	0.8101	0.4751	0.7224	0.1125	0.8802	17.2000	0.0553	1170.0000	123.0000	0.1051	1175.0000
259	0.8243	0.8055	0.4776	0.7169	0.1121	0.8877	17.1000	0.0665	1194.0000	122.0000	0.1022	1200.0000
260	0.8418	0.8076	0.4773	0.7085	0.1082	0.8776	17.1000	0.0699	1162.0000	123.0000	0.1059	1173.0000
261	0.8223	0.8063	0.4745	0.7236	0.1116	0.8960	17.3000	0.0722	1196.0000	115.0000	0.0962	1199.0000
262	0.8247	0.8109	0.4765	0.7196	0.1126	0.8808	17.0000	0.0783	1214.0000	122.0000	0.1005	1221.0000
263	0.8248	0.8063	0.4713	0.7079	0.1083	0.8823	17.2000	0.0687	1227.0000	129.0000	0.1051	1237.0000
264	0.8485	0.8055	0.4749	0.7460	0.1080	0.8930	17.3000	0.0567	1227.0000	119.0000	0.0970	1234.0000
265	0.8283	0.8121	0.4803	0.7175	0.1120	0.8840	17.2000	0.0711	1223.0000	127.0000	0.1038	1225.0000
266	0.8250	0.8068	0.4724	0.7327	0.1118	0.8857	17.3000	0.0652	1184.0000	115.0000	0.0971	1193.0000
267	0.7972	0.8084	0.4750	0.7198	0.1134	0.8798	17.2000	0.0807	1187.0000	121.0000	0.1019	1191.0000
268	0.8201	0.8063	0.4715	0.7135	0.1074	0.8780	17.2000	0.0734	1205.0000	124.0000	0.1029	1209.0000
269	0.8347	0.8072	0.4761	0.7487	0.1128	0.8917	17.3000	0.0640	1221.0000	115.0000	0.0942	1223.0000
270	0.8233	0.8121	0.4772	0.7579	0.1110	0.8870	17.1000	0.0624	1236.0000	120.0000	0.0971	1239.0000
271	0.8335	0.8043	0.4746	0.7211	0.1073	0.8890	17.3000	0.0748	1203.0000	124.0000	0.1031	1207.0000
272	0.8128	0.8068	0.4786	0.7089	0.1159	0.8762	17.3000	0.0771	1171.0000	126.0000	0.1076	1176.0000
273	0.8171	0.8084	0.4835	0.7058	0.1107	0.8789	17.1000	0.0750	1231.0000	129.0000	0.1048	1235.0000
274	0.8206	0.8129	0.4754	0.7153	0.1152	0.8671	17.1000	0.0860	1184.0000	135.0000	0.1140	1187.0000
275	0.8175	0.8055	0.4786	0.7130	0.1116	0.8746	17.0000	0.0792	1193.0000	126.0000	0.1056	1197.0000
276	0.8206	0.8117	0.4737	0.7179	0.1148	0.8790	17.2000	0.0748	1203.0000	122.0000	0.1014	1209.0000
277	0.8360	0.7985	0.4691	0.7311	0.1059	0.8816	17.2000	0.0740	1193.0000	123.0000	0.1031	1207.0000
278	0.8361	0.7993	0.4762	0.7282	0.1071	0.8863	17.2000	0.0744	1193.0000	117.0000	0.0981	1196.0000
279	0.8216	0.8080	0.4744	0.7228	0.1063	0.8851	17.0000	0.0644	1234.0000	125.0000	0.1013	1241.0000
280	0.8273	0.8043	0.4770	0.6972	0.1133	0.8792	17.1000	0.0700	1178.0000	129.0000	0.1095	1180.0000
281	0.8121	0.8084	0.4720	0.7228	0.1095	0.8715	17.1000	0.0763	1192.0000	121.0000	0.1015	1202.0000
282	0.8270	0.8076	0.4689	0.7302	0.1127	0.8938	17.1000	0.0543	1169.0000	114.0000	0.0975	1177.0000
283	0.8382	0.8088	0.4729	0.7080	0.1135	0.8831	16.9000	0.0730	1155.0000	129.0000	0.1117	1161.0000
284	0.8287	0.8117	0.4778	0.7328	0.1132	0.8797	17.2000	0.0775	1186.0000	129.0000	0.1088	1192.0000
285	0.8305	0.8055	0.4790	0.7151	0.1118	0.8822	17.1000	0.0763	1207.0000	128.0000	0.1060	1218.0000
286	0.8151	0.8133	0.4758	0.7210	0.1120	0.8869	17.2000	0.0742	1190.0000	125.0000	0.1050	1195.0000
287	0.8091	0.8076	0.4733	0.7285	0.1129	0.8916	17.2000	0.0723	1194.0000	115.0000	0.0963	1205.0000
288	0.8292	0.8059	0.4729	0.7354	0.1070	0.8868	17.2000	0.0669	1213.0000	123.0000	0.1014	1220.0000
289	0.8238	0.8121	0.4805	0.7379	0.1128	0.8898	17.1000	0.0581	1161.0000	116.0000	0.0999	1177.0000
290	0.8062	0.8121	0.4794	0.7263	0.1091	0.8887	17.3000	0.0745	1233.0000	120.0000	0.0973	1240.0000
291	0.8239	0.8059	0.4770	0.7180	0.1098	0.8790	17.3000	0.0660	1193.0000	121.0000	0.1014	1202.0000
292	0.8239	0.8138	0.4832	0.7404	0.1167	0.8864	17.3000	0.0580	1216.0000	126.0000	0.1036	1221.0000
293	0.8112	0.8154	0.4803	0.7415	0.1116	0.8853	17.2000	0.0752	1179.0000	118.0000	0.1001	1197.0000
294	0.8167	0.8063	0.4749	0.6973	0.1063	0.8795	17.2000	0.0760	1223.0000	128.0000	0.1047	1230.0000
295	0.8364	0.8080	0.4769	0.7328	0.1122	0.8905	17.3000	0.0582	1197.0000	119.0000	0.0994	1206.0000
296	0.8056	0.8109	0.4766	0.7308	0.1173	0.8840	17.0000	0.0599	1189.0000	121.0000	0.1018	1194.0000
297	0.8274	0.8096	0.4782	0.7378	0.1120	0.8822	17.1000	0.0683	1220.0000	121.0000	0.0992	1228.0000
298	0.8114	0.8043	0.4694	0.7210	0.1118	0.8853	17.3000	0.0914	1157.0000	119.0000	0.1029	1159.0000
299	0.8409	0.8076	0.4735	0.7203	0.1131	0.8763	17.3000	0.0681	1196.0000	126.0000	0.1054	1198.0000
300	0.8311	0.8047	0.4750	0.7347	0.1089	0.8904	17.2000	0.0681	1220.0000	121.0000	0.0992	1223.0000
301	0.8110	0.8051	0.4742	0.7211	0.1170	0.8797	17.2000	0.0725	1130.0000	126.0000	0.1115	1132.0000
302	0.8060	0.8158	0.4841	0.7116	0.1100	0.8836	17.2000	0.0740	1216.0000	125.0000	0.1028	1221.0000
303	0.8180	0.8150	0.4768	0.7306	0.1127	0.8846	17.2000	0.0725	1196.0000	124.0000	0.1037	1212.0000
304	0.8301	0.7989	0.4680	0.7028	0.1100	0.8778	17.3000	0.0572	1180.0000	123.0000	0.1042	1185.0000
305	0.8333	0.8101	0.4793	0.7136	0.1149	0.8755	17.2000	0.0763	1162.0000	129.0000	0.1110	1169.0000
306	0.8220	0.8138	0.4871	0.7558	0.1151	0.8943	17.3000	0.0641	1208.0000	115.0000	0.0952	1212.0000
307	0.8222	0.8080	0.4727	0.7319	0.1099	0.8872	17.1000	0.0643	1202.0000	120.0000	0.0998	1205.0000
308	0.8470	0.8068	0.4732	0.7567	0.1113	0.8970	17.2000	0.0488	1196.0000	111.0000	0.0928	1198.0000
309	0.8298	0.8068	0.4723	0.7401	0.1078	0.8928	16.9000	0.0634	1233.0000	118.0000	0.0957	1237.0000
310	0.8453	0.8022	0.4785	0.7294	0.1084	0.8724	17.3000	0.0696	1226.0000	132.0000	0.1077	1231.0000
311	0.8233	0.8002	0.4763	0.7502	0.1101	0.8867	17.2000	0.0634	1226.0000	119.0000	0.0971	1232.0000
312	0.8037	0.8092	0.4691	0.7370	0.1187	0.8729	17.3000	0.0866	1152.0000	125.0000	0.1085	1155.0000
313	0.8464	0.8068	0.4766	0.7186	0.1105	0.8886	17.3000	0.0569	1195.0000	119.0000	0.0996	1201.0000
314	0.8341	0.8101	0.4803	0.7140	0.1114	0.8795	17.2000	0.0804	1199.0000	124.0000	0.1034	1204.0000
315	0.8175	0.8109	0.4770	0.7552	0.1146	0.8936	17.1000	0.0716	1200.0000	118.0000	0.0983	1207.0000
316	0.8168	0.8010	0.4694	0.7135	0.1109	0.8756	17.2000	0.0794	1178.0000	127.0000	0.1078	1191.0000
317	0.8437	0.8076	0.4686	0.7333	0.1159	0.8951	17.2000	0.0540	1124.0000	112.0000	0.0996	1128.0000
318	0.8127	0.8080	0.4787	0.7334	0.1151	0.8864	17.1000	0.0676	1184.0000	117.0000	0.0988	1186.0000
319	0.8246	0.8010	0.4701	0.7237	0.1069	0.8931	17.2000	0.0673	1236.0000	121.0000	0.0979	1239.0000
320	0.8270	0.8088	0.4816	0.7112	0.1090	0.8812	17.2000	0.0616	1220.0000	125.0000	0.1025	1225.0000
321	0.8213	0.8014	0.4774	0.7336	0.1102	0.8786	17.2000	0.0768	1174.0000	124.0000	0.1056	1190.0000
322	0.8190	0.8150	0.4789	0.7176	0.1120	0.8838	17.3000	0.0786	1228.0000	125.0000	0.1018	1231.0000
323	0.8297	0.8059	0.4764	0.7250	0.1108	0.8826	17.3000	0.0593	1209.0000	120.0000	0.0993	1211.0000
324	0.8060	0.8105	0.4748	0.7021	0.1095	0.8846	17.2000	0.0691	1196.0000	126.0000	0.1054	1200.0000
325	0.7887	0.8113	0.4784	0.7382	0.1152	0.8898	17.0000	0.0665	1196.0000	112.0000	0.0936	1203.0000
326	0.8292	0.8142	0.4855	0.7145	0.1130	0.8837	17.1000	0.0645	1221.0000	128.0000	0.1048	1227.0000
327	0.8325	0.8059	0.4683	0.7298	0.1137	0.8882	17.1000	0.0633	1172.0000	123.0000	0.1049	1174.0000
328	0.8218	0.8117	0.4767	0.7236	0.1111	0.8845	17.0000	0.0735	1218.0000	121.0000	0.0993	1222.0000
329	0.8049	0.8109	0.4684	0.7013	0.1099	0.8823	17.1000	0.0715	1184.0000	121.0000	0.1022	1189.0000
330	0.8178	0.8092	0.4808	0.7281	0.1110	0.8739	17.2000	0.0729	1196.0000	122.0000	0.1020	1202.0000
331	0.8385	0.8030	0.4711	0.7402	0.1084	0.8858	17.3000	0.0663	1182.0000	116.0000	0.0981	1188.0000
332	0.8178	0.8101	0.4789	0.7212	0.1102	0.8918	17.3000	0.0647	1228.0000	121.0000	0.0985	1233.0000
333	0.7944	0.8039	0.4696	0.7093	0.1109	0.8705	17.3000	0.0761	1211.0000	131.0000	0.1082	1214.0000
334	0.8407	0.8055	0.4738	0.7248	0.1097	0.8943	17.1000	0.0628	1213.0000	118.0000	0.0973	1220.0000
335	0.8235	0.8109	0.4771	0.7353	0.1114	0.8942	17.1000	0.0627	1204.0000	118.0000	0.0980	1213.0000
336	0.8253	0.8068	0.4721	0.7201	0.1093	0.8859	17.2000	0.0665	1193.0000	121.0000	0.1014	1198.0000
337	0.8301	0.8080	0.4733	0.7131	0.1133	0.8890	17.2000	0.0666	1177.0000	124.0000	0.1054	1180.0000
338	0.8147	0.8072	0.4785	0.7191	0.1096	0.8925	17.2000	0.0712	1219.0000	117.0000	0.0960	1223.0000
339	0.8317	0.8109	0.4756	0.7181	0.1094	0.8857	17.1000	0.0702	1253.0000	120.0000	0.0958	1255.0000
340	0.8098	0.8084	0.4781	0.7152	0.1127	0.8799	17.3000	0.0722	1166.0000	131.0000	0.1123	1182.0000
341	0.8510	0.8059	0.4744	0.7192	0.1091	0.8856	17.3000	0.0527	1225.0000	117.0000	0.0955	1229.0000
342	0.7914	0.8142	0.4746	0.7174	0.1121	0.8917	17.3000	0.0793	1226.0000	113.0000	0.0922	1228.0000
343	0.8482	0.8059	0.4695	0.7050	0.1123	0.8824	17.2000	0.0582	1182.0000	127.0000	0.1074	1184.0000
344	0.8053	0.8039	0.4781	0.7361	0.1105	0.8726	17.1000	0.0951	1226.0000	124.0000	0.1011	1233.0000
345	0.8438	0.8109	0.4833	0.7135	0.1139	0.8918	17.2000	0.0583	1206.0000	125.0000	0.1036	1210.0000
346	0.8259	0.8109	0.4788	0.6933	0.1070	0.8786	17.1000	0.0681	1235.0000	126.0000	0.1020	1239.0000
347	0.8444	0.8096	0.4749	0.7144	0.1108	0.8875	17.3000	0.0620	1203.0000	125.0000	0.1039	1207.0000
348	0.8520	0.8096	0.4758	0.7138	0.1095	0.8904	17.2000	0.0619	1221.0000	124.0000	0.1016	1226.0000
349	0.8284	0.8150	0.4748	0.7298	0.1122	0.8731	17.1000	0.0711	1229.0000	130.0000	0.1058	1231.0000
350	0.8146	0.8138	0.4782	0.6949	0.1118	0.8762	17.2000	0.0815	1223.0000	131.0000	0.1071	1229.0000
351	0.8158	0.8072	0.4768	0.7366	0.1079	0.8838	17.3000	0.0819	1185.0000	118.0000	0.0996	1189.0000
352	0.8355	0.8026	0.4718	0.7158	0.1137	0.8751	17.2000	0.0622	1196.0000	124.0000	0.1037	1211.0000
353	0.8398	0.8055	0.4780	0.7495	0.1087	0.8842	17.3000	0.0769	1193.0000	124.0000	0.1039	1199.0000
354	0.8199	0.8084	0.4733	0.7360	0.1096	0.8881	17.2000	0.0671	1181.0000	116.0000	0.0982	1186.0000
355	0.7978	0.8092	0.4711	0.7007	0.1114	0.8720	17.2000	0.0697	1202.0000	126.0000	0.1048	1206.0000
356	0.8263	0.8101	0.4791	0.7308	0.1144	0.8819	17.1000	0.0689	1193.0000	121.0000	0.1014	1199.0000
357	0.8248	0.8158	0.4786	0.7131	0.1152	0.8930	17.1000	0.0637	1210.0000	121.0000	0.1000	1213.0000
358	0.8433	0.8105	0.4752	0.6764	0.1141	0.8697	17.2000	0.0766	1183.0000	134.0000	0.1133	1199.0000
359	0.8160	0.8043	0.4774	0.7343	0.1123	0.8843	17.2000	0.0669	1195.0000	120.0000	0.1004	1198.0000
360	0.8515	0.8055	0.4741	0.7314	0.1124	0.8879	17.1000	0.0571	1187.0000	120.0000	0.1011	1194.0000
361	0.8248	0.8105	0.4787	0.7158	0.1093	0.8936	17.2000	0.0714	1240.0000	121.0000	0.0976	1243.0000
362	0.8272	0.8088	0.4745	0.7118	0.1124	0.8815	17.1000	0.0788	1202.0000	122.0000	0.1015	1210.0000
363	0.8334	0.8063	0.4712	0.7334	0.1124	0.8885	17.2000	0.0702	1164.0000	120.0000	0.1031	1168.0000
364	0.8357	0.8096	0.4770	0.7400	0.1106	0.8974	17.2000	0.0585	1227.0000	116.0000	0.0945	1234.0000
365	0.8215	0.8138	0.4807	0.7239	0.1100	0.8885	17.3000	0.0586	1269.0000	121.0000	0.0954	1278.0000
366	0.8111	0.8142	0.4814	0.7411	0.1152	0.8837	17.2000	0.0696	1206.0000	123.0000	0.1020	1209.0000
367	0.8320	0.7993	0.4732	0.7234	0.1133	0.8753	17.3000	0.0771	1171.0000	119.0000	0.1016	1176.0000
368	0.8158	0.8076	0.4782	0.7072	0.1123	0.8816	17.1000	0.0612	1212.0000	122.0000	0.1007	1216.0000
369	0.7998	0.8039	0.4743	0.7330	0.1131	0.8683	17.3000	0.0654	1134.0000	128.0000	0.1129	1140.0000
370	0.8319	0.8101	0.4776	0.7179	0.1123	0.8918	17.3000	0.0703	1220.0000	118.0000	0.0967	1225.0000
371	0.8034	0.8088	0.4715	0.7310	0.1131	0.8844	17.1000	0.0723	1172.0000	117.0000	0.0998	1182.0000
372	0.8316	0.8055	0.4722	0.7151	0.1110	0.8932	17.3000	0.0593	1205.0000	126.0000	0.1046	1212.0000
373	0.8278	0.8084	0.4771	0.7225	0.1137	0.8841	17.2000	0.0705	1183.0000	121.0000	0.1023	1187.0000
374	0.8256	0.8121	0.4824	0.7150	0.1110	0.8864	17.1000	0.0686	1207.0000	123.0000	0.1019	1216.0000
375	0.8345	0.8047	0.4733	0.7199	0.1146	0.8847	17.2000	0.0649	1163.0000	117.0000	0.1006	1165.0000
376	0.8193	0.8059	0.4727	0.7293	0.1111	0.8844	17.2000	0.0775	1193.0000	123.0000	0.1031	1195.0000
377	0.8332	0.8059	0.4773	0.7421	0.1113	0.8943	17.3000	0.0649	1189.0000	120.0000	0.1009	1195.0000
378	0.8230	0.8047	0.4732	0.7126	0.1142	0.8727	17.3000	0.0662	1222.0000	127.0000	0.1039	1225.0000
379	0.8307	0.8080	0.4769	0.7295	0.1112	0.8899	17.0000	0.0650	1180.0000	116.0000	0.0983	1188.0000
380	0.8242	0.8142	0.4798	0.7192	0.1127	0.8849	17.2000	0.0710	1221.0000	126.0000	0.1032	1227.0000
381	0.8169	0.8113	0.4789	0.7428	0.1115	0.8921	17.2000	0.0605	1185.0000	109.0000	0.0920	1187.0000
382	0.8147	0.8055	0.4754	0.7040	0.1077	0.8761	17.3000	0.0684	1217.0000	131.0000	0.1076	1219.0000
383	0.8502	0.8030	0.4731	0.7280	0.1096	0.8917	17.2000	0.0567	1200.0000	115.0000	0.0958	1205.0000
384	0.8080	0.8125	0.4780	0.7201	0.1132	0.8761	17.3000	0.0810	1180.0000	129.0000	0.1093	1187.0000
385	0.8321	0.8142	0.4828	0.7243	0.1128	0.8772	17.2000	0.0746	1183.0000	124.0000	0.1048	1185.0000
386	0.8173	0.8146	0.4798	0.7141	0.1110	0.8873	17.1000	0.0765	1167.0000	120.0000	0.1028	1177.0000
387	0.8199	0.8043	0.4742	0.7294	0.1093	0.8931	17.2000	0.0673	1206.0000	120.0000	0.0995	1215.0000
388	0.8140	0.8080	0.4737	0.7411	0.1078	0.8787	17.1000	0.0827	1192.0000	121.0000	0.1015	1197.0000
389	0.8487	0.8059	0.4716	0.7332	0.1082	0.8921	17.1000	0.0557	1213.0000	117.0000	0.0965	1229.0000
390	0.8487	0.8018	0.4731	0.7331	0.1043	0.8822	17.0000	0.0732	1207.0000	128.0000	0.1060	1210.0000
391	0.8183	0.8068	0.4771	0.7355	0.1137	0.8936	17.0000	0.0691	1165.0000	113.0000	0.0970	1169.0000
392	0.8227	0.8133	0.4768	0.7051	0.1097	0.8785	17.2000	0.0627	1232.0000	131.0000	0.1063	1237.0000
393	0.7911	0.8129	0.4748	0.7070	0.1095	0.8886	17.3000	0.0609	1192.0000	121.0000	0.1015	1201.0000
394	0.8157	0.8138	0.4738	0.7256	0.1138	0.8814	17.3000	0.0589	1200.0000	120.0000	0.1000	1202.0000
395	0.8306	0.8088	0.4740	0.6996	0.1186	0.8718	17.3000	0.0935	1163.0000	126.0000	0.1083	1165.0000
396	0.8299	0.8035	0.4722	0.7404	0.1062	0.8772	17.1000	0.0685	1229.0000	125.0000	0.1017	1232.0000
397	0.8370	0.8026	0.4745	0.7102	0.1095	0.8846	17.2000	0.0600	1171.0000	124.0000	0.1059	1174.0000
398	0.8221	0.8002	0.4713	0.7103	0.1079	0.8832	17.2000	0.0689	1172.0000	124.0000	0.1058	1176.0000
399	0.8155	0.8018	0.4736	0.7265	0.1143	0.8878	17.2000	0.0719	1140.0000	119.0000	0.1044	1148.0000
400	0.8300	0.8096	0.4780	0.7265	0.1095	0.8857	17.2000	0.0532	1266.0000	130.0000	0.1027	1273.0000
401	0.8241	0.8109	0.4715	0.7157	0.1144	0.8825	17.1000	0.0729	1148.0000	125.0000	0.1089	1156.0000
402	0.8226	0.8105	0.4760	0.6949	0.1145	0.8818	17.2000	0.0716	1186.0000	133.0000	0.1121	1189.0000
403	0.8075	0.8080	0.4783	0.7265	0.1143	0.8852	17.2000	0.0702	1171.0000	115.0000	0.0982	1174.0000
404	0.8444	0.8002	0.4729	0.7252	0.1121	0.8868	17.2000	0.0721	1171.0000	125.0000	0.1067	1181.0000
405	0.8442	0.8072	0.4752	0.7171	0.1117	0.8787	17.2000	0.0582	1172.0000	121.0000	0.1032	1176.0000
406	0.8143	0.8059	0.4710	0.7115	0.1146	0.8734	17.3000	0.0854	1126.0000	126.0000	0.1119	1135.0000
407	0.8318	0.8068	0.4774	0.7247	0.1099	0.8857	17.0000	0.0651	1222.0000	119.0000	0.0974	1228.0000
408	0.8253	0.8059	0.4742	0.7413	0.1100	0.8781	17.2000	0.0781	1197.0000	124.0000	0.1036	1199.0000
409	0.8052	0.8154	0.4816	0.7153	0.1151	0.8852	17.1000	0.0929	1198.0000	125.0000	0.1043	1202.0000
410	0.8217	0.8080	0.4731	0.7182	0.1087	0.8844	17.1000	0.0619	1211.0000	124.0000	0.1024	1215.0000
411	0.8237	0.8121	0.4779	0.7343	0.1125	0.8863	17.1000	0.0756	1186.0000	117.0000	0.0987	1196.0000
412	0.8351	0.8026	0.4768	0.7104	0.1096	0.8954	17.1000	0.0565	1209.0000	121.0000	0.1001	1216.0000
413	0.8180	0.8105	0.4768	0.7206	0.1152	0.8832	17.1000	0.0710	1171.0000	119.0000	0.1016	1178.0000
414	0.8395	0.8010	0.4775	0.7165	0.1104	0.8856	17.2000	0.0603	1222.0000	122.0000	0.0998	1224.0000
415	0.8359	0.8047	0.4753	0.7183	0.1087	0.8852	17.0000	0.0675	1217.0000	119.0000	0.0978	1221.0000
416	0.8244	0.8084	0.4763	0.7377	0.1100	0.8855	17.1000	0.0556	1183.0000	118.0000	0.0997	1191.0000
417	0.8297	0.8080	0.4741	0.7201	0.1131	0.8862	17.3000	0.0580	1199.0000	124.0000	0.1034	1203.0000
418	0.8083	0.8125	0.4829	0.7344	0.1090	0.8893	17.1000	0.0650	1226.0000	125.0000	0.1020	1230.0000
419	0.8376	0.8092	0.4774	0.7256	0.1082	0.8850	17.0000	0.0747	1228.0000	121.0000	0.0985	1232.0000
420	0.8311	0.8133	0.4824	0.7250	0.1097	0.8870	17.2000	0.0619	1231.0000	125.0000	0.1015	1235.0000
421	0.8224	0.8076	0.4742	0.7196	0.1124	0.8842	17.3000	0.0685	1199.0000	123.0000	0.1026	1201.0000
422	0.8078	0.8084	0.4743	0.7225	0.1084	0.8822	17.2000	0.0891	1192.0000	120.0000	0.1007	1196.0000
423	0.8288	0.8068	0.4794	0.7358	0.1091	0.8797	17.3000	0.0607	1221.0000	124.0000	0.1016	1225.0000
424	0.8247	0.8117	0.4766	0.7274	0.1141	0.8717	17.3000	0.0721	1197.0000	126.0000	0.1053	1199.0000
425	0.8046	0.8043	0.4748	0.7172	0.1122	0.8931	17.2000	0.0734	1200.0000	121.0000	0.1008	1203.0000
426	0.8177	0.8055	0.4733	0.7376	0.1075	0.8841	17.2000	0.0803	1222.0000	121.0000	0.0990	1226.0000
427	0.8130	0.8125	0.4844	0.7372	0.1145	0.8803	17.2000	0.0753	1202.0000	125.0000	0.1040	1208.0000
428	0.8097	0.8043	0.4762	0.7299	0.1062	0.8830	17.2000	0.0660	1193.0000	114.0000	0.0956	1199.0000
429	0.8231	0.8039	0.4732	0.7339	0.1088	0.8879	17.2000	0.0596	1197.0000	121.0000	0.1011	1202.0000
430	0.8279	0.8088	0.4755	0.7354	0.1087	0.8942	17.3000	0.0620	1183.0000	115.0000	0.0972	1192.0000
431	0.8110	0.8154	0.4800	0.7172	0.1121	0.8785	17.3000	0.0758	1193.0000	133.0000	0.1115	1196.0000
432	0.8191	0.8146	0.4780	0.7447	0.1130	0.8859	17.2000	0.0780	1200.0000	126.0000	0.1050	1206.0000
433	0.8304	0.8030	0.4725	0.7222	0.1077	0.8781	17.2000	0.0555	1220.0000	122.0000	0.1000	1227.0000
434	0.8370	0.8088	0.4710	0.7354	0.1101	0.8824	17.2000	0.0554	1217.0000	120.0000	0.0986	1223.0000
435	0.8075	0.8039	0.4724	0.7483	0.1116	0.8815	17.2000	0.0676	1176.0000	119.0000	0.1012	1180.0000
436	0.8237	0.8096	0.4746	0.7242	0.1116	0.8931	17.1000	0.0579	1228.0000	121.0000	0.0985	1238.0000
437	0.8236	0.8088	0.4728	0.7290	0.1147	0.8929	17.2000	0.0730	1174.0000	118.0000	0.1005	1179.0000
438	0.8124	0.8076	0.4726	0.7125	0.1110	0.8786	16.9000	0.0677	1161.0000	116.0000	0.0999	1164.0000
439	0.8150	0.8063	0.4771	0.7201	0.1130	0.8760	17.2000	0.0850	1174.0000	123.0000	0.1048	1178.0000
440	0.8228	0.8092	0.4750	0.7231	0.1124	0.8855	17.3000	0.0565	1185.0000	123.0000	0.1038	1198.0000
441	0.8055	0.8084	0.4758	0.7319	0.1085	0.8854	17.1000	0.0702	1216.0000	118.0000	0.0970	1220.0000
442	0.8090	0.8150	0.4757	0.7229	0.1153	0.8870	17.0000	0.0705	1209.0000	120.0000	0.0993	1213.0000
443	0.8450	0.8092	0.4736	0.7272	0.1063	0.8881	17.2000	0.0515	1235.0000	123.0000	0.0996	1238.0000
444	0.8291	0.8039	0.4720	0.7243	0.1078	0.8753	17.1000	0.0626	1208.0000	123.0000	0.1018	1217.0000
445	0.8048	0.8043	0.4722	0.7272	0.1110	0.8767	17.2000	0.0805	1187.0000	128.0000	0.1078	1191.0000
446	0.8186	0.8043	0.4706	0.7284	0.1110	0.8773	17.2000	0.0715	1184.0000	127.0000	0.1073	1186.0000
447	0.8162	0.8125	0.4776	0.7206	0.1137	0.8859	17.2000	0.0609	1192.0000	119.0000	0.0998	1197.0000
448	0.8468	0.8129	0.4824	0.7270	0.1097	0.8871	17.2000	0.0497	1226.0000	120.0000	0.0979	1234.0000
449	0.8175	0.8105	0.4769	0.7270	0.1081	0.8778	17.2000	0.0712	1227.0000	125.0000	0.1019	1233.0000
450	0.8260	0.8125	0.4793	0.7609	0.1132	0.8762	17.1000	0.0628	1194.0000	118.0000	0.0988	1208.0000
451	0.8177	0.8080	0.4769	0.7519	0.1114	0.8873	17.3000	0.0589	1185.0000	117.0000	0.0987	1187.0000
452	0.8169	0.8076	0.4823	0.7462	0.1111	0.8843	17.2000	0.0883	1165.0000	114.0000	0.0979	1169.0000
453	0.8196	0.8084	0.4751	0.7415	0.1125	0.8862	17.2000	0.0652	1183.0000	126.0000	0.1065	1186.0000
454	0.8088	0.8096	0.4757	0.7088	0.1124	0.8719	17.1000	0.0838	1200.0000	128.0000	0.1067	1208.0000
455	0.8197	0.8006	0.4710	0.7396	0.1091	0.8876	17.1000	0.0725	1209.0000	121.0000	0.1001	1211.0000
456	0.8105	0.8072	0.4779	0.7388	0.1108	0.8838	17.3000	0.0709	1204.0000	116.0000	0.0963	1209.0000
457	0.8241	0.8076	0.4736	0.7233	0.1122	0.8862	17.3000	0.0724	1177.0000	119.0000	0.1011	1181.0000
458	0.8165	0.8072	0.4745	0.7293	0.1097	0.8810	17.2000	0.0862	1212.0000	118.0000	0.0974	1225.0000
459	0.8047	0.8101	0.4738	0.7357	0.1121	0.8781	17.2000	0.0630	1177.0000	120.0000	0.1020	1182.0000
460	0.8258	0.8010	0.4669	0.7309	0.1086	0.8824	17.2000	0.0650	1196.0000	123.0000	0.1028	1199.0000
461	0.8212	0.8084	0.4746	0.7165	0.1139	0.8800	17.2000	0.0717	1184.0000	126.0000	0.1064	1189.0000
462	0.8053	0.8092	0.4747	0.7019	0.1096	0.8817	17.2000	0.0781	1227.0000	127.0000	0.1035	1232.0000
463	0.8169	0.8138	0.4804	0.7257	0.1089	0.8796	17.2000	0.0762	1244.0000	129.0000	0.1037	1249.0000
464	0.8263	0.8055	0.4707	0.7267	0.1047	0.8838	17.2000	0.0665	1274.0000	126.0000	0.0989	1279.0000
465	0.8228	0.7998	0.4676	0.7105	0.1100	0.8903	17.3000	0.0522	1212.0000	118.0000	0.0974	1218.0000
466	0.8231	0.8051	0.4774	0.7227	0.1126	0.8845	17.3000	0.0727	1153.0000	122.0000	0.1058	1157.0000
467	0.8255	0.8055	0.4760	0.7310	0.1131	0.8830	17.1000	0.0743	1219.0000	123.0000	0.1009	1223.0000
468	0.8382	0.8109	0.4747	0.6978	0.1103	0.8832	17.3000	0.0643	1212.0000	127.0000	0.1048	1214.0000
469	0.8472	0.8063	0.4761	0.7444	0.1103	0.8832	17.3000	0.0561	1201.0000	122.0000	0.1016	1208.0000
470	0.8213	0.8117	0.4766	0.7023	0.1107	0.8806	17.2000	0.0587	1226.0000	130.0000	0.1060	1231.0000
471	0.8330	0.8138	0.4790	0.7319	0.1130	0.8872	17.2000	0.0538	1191.0000	120.0000	0.1008	1195.0000
472	0.8391	0.8076	0.4744	0.7350	0.1101	0.8801	17.2000	0.0631	1184.0000	126.0000	0.1064	1191.0000
473	0.8113	0.8076	0.4738	0.7488	0.1093	0.8869	17.2000	0.0699	1230.0000	107.0000	0.0870	1233.0000
474	0.8316	0.8026	0.4671	0.7102	0.1099	0.8772	17.3000	0.0806	1208.0000	127.0000	0.1051	1220.0000
475	0.8434	0.8035	0.4731	0.7184	0.1137	0.8880	17.1000	0.0616	1183.0000	122.0000	0.1031	1190.0000
476	0.8404	0.8125	0.4748	0.7393	0.1095	0.8906	17.3000	0.0561	1192.0000	117.0000	0.0982	1195.0000
477	0.8171	0.8088	0.4772	0.7025	0.1125	0.8803	17.1000	0.0587	1144.0000	128.0000	0.1119	1148.0000
478	0.8296	0.8039	0.4733	0.7245	0.1145	0.8896	17.3000	0.0559	1167.0000	123.0000	0.1054	1169.0000
479	0.8507	0.8047	0.4712	0.7353	0.1100	0.8943	17.2000	0.0545	1210.0000	110.0000	0.0909	1221.0000
480	0.8070	0.8154	0.4764	0.7368	0.1171	0.8920	17.3000	0.0483	1175.0000	110.0000	0.0936	1180.0000
481	0.8098	0.8051	0.4746	0.7334	0.1118	0.8832	17.2000	0.0659	1213.0000	125.0000	0.1031	1215.0000
482	0.8239	0.8072	0.4729	0.7177	0.1116	0.8697	17.0000	0.0789	1205.0000	131.0000	0.1087	1217.0000
483	0.8196	0.8072	0.4716	0.7272	0.1107	0.8857	17.3000	0.0676	1183.0000	117.0000	0.0989	1188.0000
484	0.8320	0.8088	0.4775	0.7058	0.1087	0.8895	17.3000	0.0731	1229.0000	122.0000	0.0993	1235.0000
485	0.8277	0.8101	0.4762	0.7344	0.1102	0.8824	17.3000	0.0671	1187.0000	121.0000	0.1019	1192.0000
486	0.8094	0.8068	0.4754	0.7076	0.1079	0.8812	17.1000	0.0746	1219.0000	126.0000	0.1034	1221.0000
487	0.8285	0.8088	0.4791	0.7308	0.1107	0.8900	17.1000	0.0668	1226.0000	111.0000	0.0905	1230.0000
488	0.8469	0.8030	0.4741	0.7388	0.1102	0.8907	17.2000	0.0526	1239.0000	120.0000	0.0969	1244.0000
489	0.8353	0.8055	0.4710	0.7288	0.1106	0.8911	17.3000	0.0570	1193.0000	116.0000	0.0972	1195.0000
490	0.7932	0.8068	0.4753	0.7246	0.1095	0.8813	17.1000	0.0928	1209.0000	120.0000	0.0993	1219.0000
491	0.8289	0.8088	0.4727	0.7094	0.1078	0.8908	17.2000	0.0638	1197.0000	122.0000	0.1019	1213.0000
492	0.7949	0.8096	0.4780	0.7321	0.1099	0.8797	17.2000	0.0719	1246.0000	122.0000	0.0979	1249.0000
493	0.7955	0.8150	0.4816	0.7031	0.1170	0.8678	17.3000	0.0754	1181.0000	129.0000	0.1092	1184.0000
494	0.8309	0.8063	0.4770	0.7096	0.1098	0.8904	17.0000	0.0686	1169.0000	123.0000	0.1052	1177.0000
495	0.8180	0.8022	0.4699	0.7210	0.1121	0.8721	17.3000	0.0798	1168.0000	129.0000	0.1104	1173.0000
496	0.8196	0.8121	0.4785	0.7134	0.1085	0.8847	17.2000	0.0617	1240.0000	122.0000	0.0984	1242.0000
497	0.8070	0.8072	0.4785	0.7156	0.1073	0.8908	17.2000	0.0794	1233.0000	119.0000	0.0965	1238.0000
498	0.8236	0.8105	0.4778	0.7217	0.1072	0.8792	17.2000	0.0790	1250.0000	126.0000	0.1008	1258.0000
499	0.8257	0.8101	0.4728	0.7453	0.1147	0.8938	17.1000	0.0567	1213.0000	117.0000	0.0965	1215.0000
500	0.8097	0.8125	0.4767	0.7208	0.1090	0.8802	17.2000	0.0815	1211.0000	123.0000	0.1016	1214.0000
501	0.8469	0.8022	0.4732	0.7209	0.1100	0.8798	17.0000	0.0687	1177.0000	123.0000	0.1045	1180.0000
502	0.8275	0.8109	0.4800	0.7401	0.1147	0.8910	17.2000	0.0543	1155.0000	121.0000	0.1048	1158.0000
503	0.8244	0.8105	0.4741	0.7239	0.1123	0.8848	17.1000	0.0798	1166.0000	124.0000	0.1063	1169.0000
504	0.8283	0.8051	0.4753	0.7360	0.1111	0.8852	17.3000	0.0629	1178.0000	116.0000	0.0985	1188.0000
505	0.8399	0.8063	0.4796	0.7458	0.1117	0.8887	17.2000	0.0655	1184.0000	123.0000	0.1039	1188.0000
506	0.8261	0.8022	0.4723	0.7178	0.1094	0.8814	17.1000	0.0721	1199.0000	127.0000	0.1059	1213.0000
507	0.8254	0.8043	0.4713	0.7298	0.1078	0.8853	17.1000	0.0656	1223.0000	123.0000	0.1006	1227.0000
508	0.8357	0.8117	0.4795	0.7233	0.1123	0.8906	17.1000	0.0615	1220.0000	124.0000	0.1016	1226.0000
509	0.8166	0.8142	0.4748	0.7098	0.1078	0.8747	17.0000	0.0735	1266.0000	127.0000	0.1003	1271.0000
510	0.8410	0.8129	0.4783	0.7142	0.1128	0.8839	17.2000	0.0675	1200.0000	123.0000	0.1025	1210.0000
511	0.7959	0.8121	0.4817	0.7254	0.1194	0.8834	17.1000	0.0793	1148.0000	122.0000	0.1063	1153.0000
512	0.7888	0.8080	0.4724	0.7066	0.1063	0.8750	17.2000	0.0785	1226.0000	125.0000	0.1020	1231.0000
513	0.8207	0.8059	0.4728	0.7235	0.1134	0.8706	17.1000	0.0826	1165.0000	131.0000	0.1124	1172.0000
514	0.8196	0.8084	0.4789	0.7426	0.1089	0.8816	17.2000	0.0813	1186.0000	119.0000	0.1003	1192.0000
515	0.8289	0.8084	0.4780	0.7237	0.1143	0.8869	17.3000	0.0625	1193.0000	125.0000	0.1048	1198.0000
516	0.8109	0.8072	0.4782	0.7101	0.1131	0.8791	17.2000	0.0811	1197.0000	127.0000	0.1061	1200.0000
517	0.8378	0.8076	0.4744	0.7203	0.1165	0.8831	17.1000	0.0725	1170.0000	123.0000	0.1051	1175.0000
518	0.8230	0.8146	0.4769	0.7271	0.1146	0.8881	17.1000	0.0707	1202.0000	124.0000	0.1032	1207.0000
519	0.8282	0.8117	0.4781	0.7177	0.1168	0.8780	17.3000	0.0755	1156.0000	126.0000	0.1090	1160.0000
520	0.8367	0.8063	0.4745	0.7378	0.1095	0.8808	17.2000	0.0752	1200.0000	124.0000	0.1033	1203.0000
521	0.8238	0.8055	0.4764	0.7473	0.1105	0.8842	17.2000	0.0675	1179.0000	113.0000	0.0958	1185.0000
522	0.8309	0.8162	0.4765	0.7331	0.1132	0.8973	17.3000	0.0580	1231.0000	118.0000	0.0959	1235.0000
523	0.8243	0.8039	0.4695	0.7266	0.1110	0.8828	17.3000	0.0526	1162.0000	119.0000	0.1024	1169.0000
524	0.8148	0.8059	0.4782	0.7188	0.1112	0.8772	17.3000	0.0756	1196.0000	128.0000	0.1070	1200.0000
525	0.8265	0.8047	0.4763	0.7120	0.1108	0.8719	17.3000	0.0813	1196.0000	134.0000	0.1120	1200.0000
526	0.8053	0.8063	0.4712	0.7181	0.1137	0.8734	17.0000	0.0692	1183.0000	125.0000	0.1057	1186.0000
527	0.8122	0.8171	0.4779	0.7209	0.1135	0.8773	17.2000	0.0915	1159.0000	128.0000	0.1104	1171.0000
528	0.8436	0.8113	0.4823	0.7248	0.1145	0.8763	17.1000	0.0652	1224.0000	128.0000	0.1046	1226.0000
529	0.8151	0.8084	0.4738	0.7145	0.1125	0.8813	17.3000	0.0671	1171.0000	126.0000	0.1076	1177.0000
530	0.8203	0.8072	0.4788	0.7453	0.1076	0.8991	17.3000	0.0628	1197.0000	114.0000	0.0952	1200.0000
531	0.8393	0.8018	0.4694	0.7112	0.1084	0.8821	17.1000	0.0627	1201.0000	127.0000	0.1057	1206.0000
532	0.8403	0.8191	0.4807	0.7443	0.1105	0.8842	17.3000	0.0606	1205.0000	116.0000	0.0963	1210.0000
533	0.8229	0.8059	0.4775	0.7382	0.1084	0.8934	17.2000	0.0812	1168.0000	119.0000	0.1019	1179.0000
534	0.8326	0.8113	0.4736	0.7236	0.1168	0.8860	17.2000	0.0692	1172.0000	123.0000	0.1049	1174.0000
535	0.8329	0.8121	0.4768	0.7094	0.1110	0.8849	17.0000	0.0657	1219.0000	125.0000	0.1025	1221.0000
536	0.8217	0.8101	0.4787	0.7254	0.1114	0.8815	17.3000	0.0813	1175.0000	127.0000	0.1081	1183.0000
537	0.8098	0.8043	0.4774	0.7439	0.1110	0.8755	17.2000	0.0754	1201.0000	123.0000	0.1024	1210.0000
538	0.8383	0.8101	0.4743	0.7126	0.1093	0.8897	17.2000	0.0617	1248.0000	117.0000	0.0938	1252.0000
539	0.8382	0.8179	0.4800	0.7415	0.1180	0.8901	17.3000	0.0611	1158.0000	121.0000	0.1045	1162.0000
540	0.8235	0.8096	0.4812	0.7185	0.1120	0.8805	17.2000	0.0673	1187.0000	125.0000	0.1053	1194.0000
541	0.8166	0.8063	0.4783	0.7247	0.1105	0.8878	17.3000	0.0706	1214.0000	114.0000	0.0939	1224.0000
542	0.8394	0.8076	0.4762	0.7227	0.1146	0.8885	17.2000	0.0657	1201.0000	122.0000	0.1016	1206.0000
543	0.7986	0.8117	0.4810	0.6986	0.1116	0.8699	17.1000	0.0734	1210.0000	128.0000	0.1058	1213.0000
544	0.8378	0.8059	0.4748	0.7374	0.1128	0.8904	17.2000	0.0671	1184.0000	122.0000	0.1030	1188.0000
545	0.8332	0.8080	0.4724	0.7272	0.1098	0.8883	17.3000	0.0672	1196.0000	122.0000	0.1020	1198.0000
546	0.8257	0.8125	0.4784	0.7251	0.1116	0.8811	17.2000	0.0665	1212.0000	121.0000	0.0998	1217.0000
547	0.8122	0.8068	0.4776	0.7393	0.1116	0.8916	17.1000	0.0644	1197.0000	117.0000	0.0977	1201.0000
548	0.8150	0.8109	0.4710	0.7280	0.1149	0.8819	17.3000	0.0792	1125.0000	120.0000	0.1067	1131.0000
549	0.8106	0.8068	0.4720	0.7159	0.1106	0.8824	17.2000	0.0578	1192.0000	121.0000	0.1015	1196.0000
550	0.8297	0.8105	0.4754	0.7051	0.1112	0.8812	17.2000	0.0574	1210.0000	128.0000	0.1058	1215.0000
551	0.8078	0.8133	0.4770	0.7577	0.1174	0.8913	17.2000	0.0641	1159.0000	115.0000	0.0992	1164.0000
552	0.8341	0.8084	0.4722	0.7283	0.1078	0.8899	17.3000	0.0635	1208.0000	122.0000	0.1010	1226.0000
553	0.8327	0.8154	0.4784	0.7246	0.1146	0.8852	17.1000	0.0696	1174.0000	121.0000	0.1031	1181.0000
554	0.8108	0.8146	0.4789	0.7283	0.1144	0.8857	17.2000	0.0758	1173.0000	120.0000	0.1023	1180.0000
555	0.7884	0.8030	0.4791	0.7209	0.1115	0.8668	17.2000	0.0803	1212.0000	129.0000	0.1064	1220.0000
556	0.8061	0.8101	0.4755	0.7323	0.1109	0.8856	17.1000	0.0608	1216.0000	114.0000	0.0938	1218.0000
557	0.8304	0.8109	0.4801	0.7249	0.1162	0.8887	17.2000	0.0806	1187.0000	121.0000	0.1019	1196.0000
558	0.8203	0.8055	0.4694	0.7225	0.1103	0.8744	17.0000	0.0837	1155.0000	128.0000	0.1108	1162.0000
559	0.8306	0.8006	0.4740	0.7180	0.1038	0.8943	17.1000	0.0719	1219.0000	112.0000	0.0919	1223.0000
560	0.8249	0.8063	0.4719	0.7260	0.1133	0.8982	17.3000	0.0670	1158.0000	120.0000	0.1036	1166.0000
561	0.8092	0.8092	0.4762	0.7105	0.1139	0.8735	17.2000	0.0924	1220.0000	135.0000	0.1107	1223.0000
562	0.8352	0.7993	0.4740	0.7245	0.1071	0.8889	17.3000	0.0637	1182.0000	123.0000	0.1041	1189.0000
563	0.8228	0.8129	0.4741	0.7344	0.1129	0.8748	17.2000	0.0717	1156.0000	122.0000	0.1055	1162.0000
564	0.8055	0.8175	0.4837	0.7510	0.1163	0.8860	17.2000	0.0740	1182.0000	117.0000	0.0990	1185.0000
565	0.8084	0.8101	0.4825	0.7090	0.1103	0.8704	17.0000	0.0768	1201.0000	128.0000	0.1066	1215.0000
566	0.8234	0.8142	0.4823	0.7391	0.1119	0.8834	17.1000	0.0664	1209.0000	123.0000	0.1017	1215.0000
567	0.8327	0.8080	0.4725	0.7297	0.1114	0.8839	17.2000	0.0606	1200.0000	123.0000	0.1025	1203.0000
568	0.8360	0.8084	0.4788	0.7281	0.1129	0.8819	17.1000	0.0608	1196.0000	123.0000	0.1028	1200.0000
569	0.8280	0.8109	0.4804	0.7340	0.1138	0.8753	17.2000	0.0640	1194.0000	128.0000	0.1072	1196.0000
570	0.8130	0.8084	0.4781	0.7382	0.1139	0.8919	17.2000	0.0696	1219.0000	125.0000	0.1025	1223.0000
571	0.8352	0.8109	0.4686	0.7205	0.1104	0.8863	17.2000	0.0862	1226.0000	126.0000	0.1028	1230.0000
572	0.8175	0.8010	0.4770	0.7365	0.1082	0.8906	17.2000	0.0726	1187.0000	121.0000	0.1019	1189.0000
573	0.8191	0.8146	0.4769	0.7404	0.1146	0.8855	17.3000	0.0484	1191.0000	117.0000	0.0982	1193.0000
574	0.8053	0.8133	0.4761	0.7185	0.1094	0.8811	17.2000	0.0849	1176.0000	126.0000	0.1071	1179.0000
575	0.8368	0.8072	0.4736	0.7328	0.1084	0.8830	17.3000	0.0497	1214.0000	119.0000	0.0980	1219.0000
576	0.8224	0.8092	0.4786	0.7156	0.1080	0.8845	17.0000	0.0747	1236.0000	122.0000	0.0987	1241.0000
577	0.8251	0.8076	0.4738	0.7363	0.1119	0.8813	17.2000	0.0669	1210.0000	118.0000	0.0975	1214.0000
578	0.8279	0.8113	0.4801	0.7200	0.1110	0.8868	17.2000	0.0601	1215.0000	120.0000	0.0988	1222.0000
579	0.8268	0.8055	0.4719	0.7305	0.1093	0.8845	17.3000	0.0692	1197.0000	121.0000	0.1011	1202.0000
580	0.8323	0.8138	0.4786	0.7175	0.1112	0.8740	17.1000	0.0688	1219.0000	127.0000	0.1042	1224.0000
581	0.8107	0.8084	0.4792	0.7474	0.1084	0.8713	17.2000	0.0697	1193.0000	126.0000	0.1056	1196.0000
582	0.8144	0.8171	0.4811	0.7451	0.1143	0.8787	17.1000	0.0711	1204.0000	121.0000	0.1005	1206.0000
583	0.8251	0.8133	0.4756	0.6975	0.1124	0.8898	17.3000	0.0783	1201.0000	128.0000	0.1066	1207.0000
584	0.8284	0.8047	0.4738	0.7364	0.1096	0.8901	17.3000	0.0734	1206.0000	119.0000	0.0987	1208.0000
585	0.8322	0.8059	0.4756	0.7094	0.1124	0.8798	17.2000	0.0748	1178.0000	132.0000	0.1121	1183.0000
586	0.8344	0.8002	0.4709	0.7363	0.1075	0.8892	17.2000	0.0663	1199.0000	116.0000	0.0967	1204.0000
587	0.8281	0.8006	0.4735	0.7134	0.1107	0.8840	17.1000	0.0647	1183.0000	126.0000	0.1065	1186.0000
588	0.8180	0.8059	0.4758	0.7246	0.1051	0.8929	17.2000	0.0708	1233.0000	115.0000	0.0933	1238.0000
589	0.8354	0.8088	0.4778	0.7192	0.1084	0.8801	17.2000	0.0694	1254.0000	133.0000	0.1061	1257.0000
590	0.8268	0.8088	0.4775	0.7140	0.1083	0.8810	17.3000	0.0696	1217.0000	123.0000	0.1011	1226.0000
591	0.8201	0.8150	0.4812	0.7020	0.1068	0.8807	17.3000	0.0688	1218.0000	132.0000	0.1084	1229.0000
592	0.8165	0.8072	0.4714	0.7249	0.1101	0.8787	17.0000	0.0713	1177.0000	124.0000	0.1054	1187.0000
593	0.8318	0.8055	0.4747	0.7200	0.1095	0.8815	17.1000	0.0607	1247.0000	127.0000	0.1018	1249.0000
594	0.8193	0.8039	0.4687	0.7092	0.1119	0.8789	17.3000	0.0670	1183.0000	120.0000	0.1014	1186.0000
595	0.8191	0.8133	0.4814	0.6824	0.1124	0.8768	17.1000	0.0821	1211.0000	131.0000	0.1082	1214.0000
596	0.8286	0.8113	0.4804	0.7061	0.1111	0.8773	17.2000	0.0629	1217.0000	129.0000	0.1060	1229.0000
597	0.8335	0.8051	0.4709	0.7187	0.1091	0.8978	17.1000	0.0662	1163.0000	116.0000	0.0997	1166.0000
598	0.8153	0.8076	0.4756	0.7405	0.1137	0.8890	17.3000	0.0742	1150.0000	125.0000	0.1087	1155.0000
599	0.8477	0.8043	0.4735	0.7604	0.1077	0.9002	17.3000	0.0532	1212.0000	112.0000	0.0924	1214.0000
600	0.7940	0.8105	0.4786	0.7075	0.1100	0.8648	17.1000	0.0852	1198.0000	136.0000	0.1135	1201.0000
601	0.8248	0.8084	0.4782	0.7074	0.1090	0.8708	17.2000	0.0735	1236.0000	130.0000	0.1052	1239.0000
602	0.8424	0.8080	0.4711	0.7075	0.1087	0.8939	17.0000	0.0718	1211.0000	120.0000	0.0991	1214.0000
603	0.8127	0.8146	0.4771	0.7170	0.1141	0.8858	17.1000	0.0647	1211.0000	121.0000	0.0999	1213.0000
604	0.8131	0.8125	0.4851	0.7225	0.1175	0.8825	17.2000	0.0739	1175.0000	120.0000	0.1021	1179.0000
605	0.8349	0.8063	0.4760	0.7167	0.1085	0.8774	16.9000	0.0710	1190.0000	129.0000	0.1084	1196.0000
606	0.8415	0.8072	0.4800	0.7361	0.1078	0.8896	17.1000	0.0558	1196.0000	118.0000	0.0987	1207.0000
607	0.8082	0.8187	0.4823	0.7286	0.1098	0.8879	17.2000	0.0602	1228.0000	124.0000	0.1010	1231.0000
608	0.8078	0.8084	0.4701	0.7464	0.1120	0.8842	17.1000	0.0739	1178.0000	111.0000	0.0942	1185.0000
609	0.8301	0.7989	0.4713	0.7238	0.1049	0.8845	17.2000	0.0697	1233.0000	123.0000	0.0998	1250.0000
610	0.8134	0.8072	0.4752	0.7131	0.1079	0.8836	17.1000	0.0767	1211.0000	124.0000	0.1024	1218.0000
611	0.8357	0.8002	0.4658	0.7396	0.1085	0.8853	17.2000	0.0634	1178.0000	120.0000	0.1019	1183.0000
612	0.8299	0.7993	0.4761	0.7430	0.1103	0.8805	17.2000	0.0747	1179.0000	121.0000	0.1026	1181.0000
613	0.8220	0.8055	0.4762	0.7245	0.1119	0.8837	17.0000	0.0768	1197.0000	122.0000	0.1019	1201.0000
614	0.8307	0.8101	0.4777	0.7040	0.1136	0.8767	17.2000	0.0687	1200.0000	125.0000	0.1042	1203.0000
615	0.8218	0.8051	0.4740	0.7235	0.1108	0.8698	17.2000	0.0668	1205.0000	124.0000	0.1029	1215.0000
616	0.8224	0.8125	0.4765	0.7262	0.1177	0.8781	17.2000	0.0610	1144.0000	129.0000	0.1128	1150.0000
617	0.8238	0.8055	0.4712	0.7074	0.1071	0.8790	17.1000	0.0654	1206.0000	123.0000	0.1020	1216.0000
618	0.8388	0.8006	0.4651	0.7218	0.1058	0.8906	17.1000	0.0557	1210.0000	117.0000	0.0967	1222.0000
619	0.8293	0.8072	0.4757	0.7179	0.1120	0.8925	17.1000	0.0726	1195.0000	119.0000	0.0996	1199.0000
620	0.8230	0.8121	0.4812	0.7136	0.1129	0.8911	17.0000	0.0604	1216.0000	123.0000	0.1012	1218.0000
621	0.7982	0.8092	0.4757	0.7237	0.1099	0.8806	17.3000	0.0832	1225.0000	115.0000	0.0939	1229.0000
622	0.8355	0.8125	0.4773	0.6987	0.1095	0.8800	17.3000	0.0705	1229.0000	132.0000	0.1074	1235.0000
623	0.8179	0.8142	0.4822	0.7203	0.1094	0.8784	16.9000	0.0828	1232.0000	127.0000	0.1031	1240.0000
624	0.8384	0.8121	0.4789	0.7195	0.1152	0.8940	17.3000	0.0676	1180.0000	120.0000	0.1017	1182.0000
625	0.8304	0.8088	0.4782	0.7219	0.1105	0.8854	17.1000	0.0679	1199.0000	123.0000	0.1026	1203.0000
626	0.8119	0.8047	0.4737	0.7261	0.1109	0.8704	17.3000	0.0871	1215.0000	133.0000	0.1095	1220.0000
627	0.8587	0.8026	0.4811	0.7355	0.1121	0.8810	17.1000	0.0551	1181.0000	120.0000	0.1016	1183.0000
628	0.8067	0.8059	0.4744	0.7345	0.1133	0.8795	17.2000	0.0769	1184.0000	124.0000	0.1047	1189.0000
629	0.8193	0.8010	0.4777	0.7279	0.1112	0.8888	17.3000	0.0675	1188.0000	118.0000	0.0993	1196.0000
630	0.8208	0.7989	0.4683	0.7251	0.1141	0.8849	17.2000	0.0587	1182.0000	119.0000	0.1007	1188.0000
631	0.8301	0.8088	0.4742	0.7033	0.1113	0.8900	17.1000	0.0745	1185.0000	120.0000	0.1013	1191.0000
632	0.8133	0.8055	0.4742	0.7219	0.1118	0.8844	17.3000	0.0629	1162.0000	126.0000	0.1084	1170.0000
633	0.8066	0.8133	0.4788	0.7183	0.1133	0.8906	17.2000	0.0703	1190.0000	122.0000	0.1025	1194.0000
634	0.8147	0.8014	0.4699	0.7550	0.1102	0.8848	17.3000	0.0558	1185.0000	118.0000	0.0996	1190.0000
635	0.8057	0.8101	0.4775	0.7008	0.1113	0.8777	17.2000	0.0772	1220.0000	130.0000	0.1066	1224.0000
636	0.8179	0.8088	0.4761	0.7052	0.1122	0.8759	17.3000	0.0706	1190.0000	123.0000	0.1034	1195.0000
637	0.8305	0.8105	0.4803	0.7201	0.1113	0.8794	17.1000	0.0705	1208.0000	122.0000	0.1010	1212.0000
638	0.8118	0.8088	0.4750	0.7046	0.1096	0.8761	17.2000	0.0733	1170.0000	130.0000	0.1111	1173.0000
639	0.8194	0.8117	0.4773	0.7296	0.1110	0.8861	17.3000	0.0808	1211.0000	121.0000	0.0999	1216.0000
640	0.8264	0.8018	0.4744	0.7401	0.1134	0.8796	17.1000	0.0689	1151.0000	124.0000	0.1077	1155.0000
641	0.7956	0.8072	0.4736	0.7379	0.1152	0.8798	17.1000	0.0709	1163.0000	118.0000	0.1015	1167.0000
642	0.8070	0.8051	0.4730	0.7087	0.1134	0.8718	17.3000	0.0797	1163.0000	131.0000	0.1126	1168.0000
643	0.8091	0.8068	0.4755	0.7421	0.1127	0.8780	17.1000	0.0722	1168.0000	123.0000	0.1053	1170.0000
644	0.8153	0.8142	0.4786	0.7092	0.1137	0.8758	17.3000	0.0820	1198.0000	126.0000	0.1052	1202.0000
645	0.8161	0.8121	0.4820	0.7471	0.1111	0.8901	17.2000	0.0748	1223.0000	112.0000	0.0916	1230.0000
646	0.8218	0.8035	0.4757	0.6938	0.1118	0.8877	17.2000	0.0707	1196.0000	130.0000	0.1087	1201.0000
647	0.8279	0.8109	0.4759	0.7533	0.1139	0.8927	17.2000	0.0696	1170.0000	118.0000	0.1009	1173.0000
648	0.8301	0.8080	0.4752	0.7287	0.1107	0.8960	17.2000	0.0685	1227.0000	122.0000	0.0994	1230.0000
649	0.8244	0.7989	0.4761	0.6944	0.1053	0.8725	17.3000	0.0620	1224.0000	130.0000	0.1062	1228.0000
650	0.8200	0.8022	0.4746	0.6977	0.1053	0.8764	17.1000	0.0655	1252.0000	128.0000	0.1022	1258.0000
651	0.8267	0.8096	0.4765	0.7050	0.1113	0.8844	17.3000	0.0845	1184.0000	125.0000	0.1056	1188.0000
652	0.8151	0.8138	0.4788	0.7087	0.1149	0.8798	17.2000	0.0748	1207.0000	127.0000	0.1052	1212.0000
653	0.8045	0.8051	0.4755	0.7160	0.1088	0.8780	17.1000	0.0818	1207.0000	121.0000	0.1002	1220.0000
654	0.8257	0.8035	0.4754	0.7183	0.1059	0.8753	17.3000	0.0725	1210.0000	128.0000	0.1058	1214.0000
655	0.8035	0.8055	0.4762	0.7371	0.1143	0.8743	17.2000	0.0865	1169.0000	117.0000	0.1001	1184.0000
656	0.8386	0.8059	0.4765	0.7316	0.1107	0.8845	17.1000	0.0691	1182.0000	125.0000	0.1058	1199.0000
657	0.8235	0.8055	0.4699	0.7017	0.1104	0.8868	17.2000	0.0757	1228.0000	123.0000	0.1002	1232.0000
658	0.8123	0.8084	0.4756	0.7116	0.1163	0.8694	17.2000	0.0742	1155.0000	128.0000	0.1108	1157.0000
659	0.8405	0.8051	0.4736	0.7133	0.1087	0.8943	17.2000	0.0752	1193.0000	117.0000	0.0981	1197.0000
660	0.8130	0.8076	0.4738	0.7200	0.1073	0.8826	17.2000	0.0771	1201.0000	124.0000	0.1032	1214.0000
661	0.8174	0.8076	0.4694	0.7230	0.1116	0.8782	17.3000	0.0666	1180.0000	122.0000	0.1034	1185.0000
662	0.8435	0.7989	0.4701	0.7269	0.1073	0.8881	17.3000	0.0654	1164.0000	118.0000	0.1014	1176.0000
663	0.8052	0.8092	0.4760	0.7188	0.1129	0.8802	17.2000	0.0803	1165.0000	129.0000	0.1107	1176.0000
664	0.8387	0.8076	0.4711	0.7340	0.1134	0.8889	17.2000	0.0544	1169.0000	117.0000	0.1001	1171.0000
665	0.8166	0.8125	0.4821	0.7372	0.1117	0.8805	17.2000	0.0702	1193.0000	121.0000	0.1014	1213.0000
666	0.8103	0.8051	0.4715	0.7408	0.1095	0.8843	17.2000	0.0869	1165.0000	119.0000	0.1021	1171.0000
667	0.8301	0.8068	0.4689	0.7367	0.1085	0.8861	17.2000	0.0612	1202.0000	118.0000	0.0982	1211.0000
668	0.8131	0.8072	0.4742	0.7305	0.1116	0.8850	17.1000	0.0794	1188.0000	121.0000	0.1019	1192.0000
669	0.8053	0.8088	0.4801	0.7255	0.1108	0.8798	17.2000	0.0855	1218.0000	126.0000	0.1034	1224.0000
670	0.8055	0.8113	0.4761	0.7138	0.1136	0.8734	17.3000	0.0875	1165.0000	131.0000	0.1124	1180.0000
671	0.8301	0.8018	0.4761	0.7449	0.1163	0.8921	16.9000	0.0700	1149.0000	114.0000	0.0992	1155.0000
672	0.8150	0.8080	0.4748	0.7200	0.1177	0.8743	17.3000	0.0783	1176.0000	129.0000	0.1097	1178.0000
673	0.8176	0.8059	0.4780	0.7153	0.1088	0.8792	17.1000	0.0562	1232.0000	119.0000	0.0966	1235.0000
674	0.8271	0.8072	0.4748	0.7131	0.1079	0.8837	17.1000	0.0635	1176.0000	121.0000	0.1029	1185.0000
675	0.8219	0.8063	0.4734	0.7042	0.1113	0.8860	17.2000	0.0933	1184.0000	126.0000	0.1064	1187.0000
676	0.7974	0.8084	0.4792	0.7458	0.1099	0.8769	17.2000	0.0822	1228.0000	120.0000	0.0977	1231.0000
677	0.8294	0.8101	0.4778	0.7020	0.1128	0.8814	17.2000	0.0706	1181.0000	127.0000	0.1075	1188.0000
678	0.8372	0.8059	0.4770	0.7424	0.1113	0.8792	17.2000	0.0710	1192.0000	124.0000	0.1040	1198.0000
679	0.8152	0.8113	0.4776	0.7218	0.1150	0.8935	17.0000	0.0701	1197.0000	118.0000	0.0986	1200.0000
680	0.7929	0.8051	0.4717	0.6925	0.1123	0.8742	17.2000	0.0581	1182.0000	133.0000	0.1125	1184.0000
681	0.8204	0.8146	0.4787	0.7405	0.1139	0.8931	17.2000	0.0658	1184.0000	123.0000	0.1039	1186.0000
682	0.8052	0.8030	0.4728	0.7210	0.1111	0.8741	17.2000	0.0665	1188.0000	127.0000	0.1069	1196.0000
683	0.7920	0.8166	0.4825	0.7155	0.1129	0.8837	17.2000	0.0817	1215.0000	126.0000	0.1037	1223.0000
684	0.8096	0.8117	0.4733	0.7397	0.1144	0.8914	17.3000	0.0770	1180.0000	119.0000	0.1008	1186.0000
685	0.8309	0.8051	0.4741	0.7355	0.1134	0.8725	17.2000	0.0724	1169.0000	125.0000	0.1069	1174.0000
686	0.8226	0.8101	0.4821	0.7168	0.1120	0.8826	17.2000	0.0687	1206.0000	119.0000	0.0987	1214.0000
687	0.8343	0.8002	0.4700	0.7216	0.1123	0.8796	17.3000	0.0733	1167.0000	121.0000	0.1037	1169.0000
688	0.8206	0.8022	0.4717	0.7272	0.1118	0.8861	17.0000	0.0654	1153.0000	120.0000	0.1041	1165.0000
689	0.8319	0.8129	0.4774	0.7113	0.1107	0.8771	17.0000	0.0750	1244.0000	125.0000	0.1005	1246.0000
690	0.8601	0.8006	0.4704	0.7130	0.1094	0.8751	17.3000	0.0716	1183.0000	127.0000	0.1074	1185.0000
691	0.8182	0.8142	0.4796	0.7213	0.1129	0.8830	17.2000	0.0677	1197.0000	123.0000	0.1028	1202.0000
692	0.8138	0.8018	0.4670	0.7153	0.1120	0.8782	17.3000	0.0750	1191.0000	130.0000	0.1092	1194.0000
693	0.8331	0.8051	0.4791	0.7241	0.1107	0.8916	17.0000	0.0587	1237.0000	120.0000	0.0970	1246.0000
694	0.8316	0.8084	0.4726	0.7353	0.1106	0.8782	17.2000	0.0880	1177.0000	123.0000	0.1045	1185.0000
695	0.8322	0.8055	0.4754	0.7408	0.1129	0.8830	17.3000	0.0704	1153.0000	116.0000	0.1006	1170.0000
696	0.8282	0.8125	0.4768	0.7127	0.1096	0.8806	17.2000	0.0791	1202.0000	123.0000	0.1023	1208.0000
697	0.8141	0.8080	0.4764	0.7358	0.1098	0.8837	17.2000	0.0681	1213.0000	114.0000	0.0940	1221.0000
698	0.8173	0.8125	0.4796	0.7152	0.1091	0.8764	17.3000	0.0607	1218.0000	123.0000	0.1010	1223.0000
699	0.8214	0.8133	0.4766	0.7331	0.1129	0.8912	17.2000	0.0774	1181.0000	116.0000	0.0982	1191.0000
700	0.8056	0.8133	0.4737	0.7420	0.1164	0.8831	17.1000	0.0740	1187.0000	117.0000	0.0986	1189.0000
701	0.7921	0.8121	0.4785	0.6864	0.1083	0.8756	17.3000	0.0792	1279.0000	133.0000	0.1040	1284.0000
702	0.8164	0.8059	0.4757	0.7311	0.1057	0.8905	17.3000	0.0595	1232.0000	116.0000	0.0942	1241.0000
703	0.8125	0.8142	0.4805	0.7085	0.1130	0.8755	17.1000	0.0959	1185.0000	132.0000	0.1114	1192.0000
704	0.8187	0.8084	0.4729	0.7343	0.1044	0.8667	17.1000	0.0697	1204.0000	123.0000	0.1022	1207.0000
705	0.8409	0.8096	0.4768	0.7214	0.1095	0.8821	17.2000	0.0571	1206.0000	122.0000	0.1012	1208.0000
706	0.8237	0.8084	0.4711	0.7451	0.1102	0.8712	17.2000	0.0683	1202.0000	130.0000	0.1082	1207.0000
707	0.8290	0.8105	0.4783	0.7334	0.1111	0.8834	17.1000	0.0663	1224.0000	120.0000	0.0980	1227.0000
708	0.8301	0.8125	0.4726	0.7092	0.1134	0.8879	17.3000	0.0770	1234.0000	122.0000	0.0989	1236.0000
709	0.8151	0.8101	0.4723	0.7146	0.1119	0.8762	17.0000	0.0787	1201.0000	126.0000	0.1049	1206.0000
710	0.8176	0.8051	0.4696	0.7168	0.1074	0.8845	17.1000	0.0553	1182.0000	119.0000	0.1007	1184.0000
711	0.8294	0.8035	0.4689	0.7078	0.1102	0.8697	17.2000	0.0909	1176.0000	129.0000	0.1097	1191.0000
712	0.8222	0.8109	0.4744	0.7072	0.1133	0.8849	17.3000	0.0590	1185.0000	118.0000	0.0996	1191.0000
713	0.8390	0.8076	0.4732	0.7018	0.1070	0.8819	17.2000	0.0575	1238.0000	126.0000	0.1018	1240.0000
714	0.8428	0.8055	0.4795	0.7406	0.1131	0.8817	17.2000	0.0488	1204.0000	124.0000	0.1030	1210.0000
715	0.8219	0.8076	0.4755	0.7098	0.1087	0.8775	17.2000	0.0528	1224.0000	130.0000	0.1062	1227.0000
716	0.8089	0.8006	0.4737	0.7241	0.1092	0.8765	17.2000	0.0689	1212.0000	127.0000	0.1048	1216.0000
717	0.8289	0.8068	0.4755	0.7071	0.1086	0.8772	17.3000	0.0807	1235.0000	130.0000	0.1053	1238.0000
718	0.8252	0.8063	0.4718	0.7181	0.1123	0.8925	17.1000	0.0685	1160.0000	121.0000	0.1043	1171.0000
719	0.8241	0.8022	0.4736	0.7107	0.1101	0.8926	17.2000	0.0648	1200.0000	119.0000	0.0992	1206.0000
720	0.8194	0.8113	0.4709	0.7036	0.1136	0.8763	17.2000	0.0821	1147.0000	130.0000	0.1133	1149.0000
721	0.8169	0.8133	0.4776	0.7436	0.1116	0.8811	17.3000	0.0568	1218.0000	124.0000	0.1018	1220.0000
722	0.8068	0.8055	0.4738	0.7266	0.1069	0.8859	17.2000	0.0814	1198.0000	122.0000	0.1018	1203.0000
723	0.8167	0.8125	0.4759	0.7105	0.1120	0.8828	17.1000	0.0732	1216.0000	127.0000	0.1044	1223.0000
724	0.8262	0.8129	0.4768	0.7137	0.1129	0.8862	17.1000	0.0731	1181.0000	122.0000	0.1033	1187.0000
725	0.8434	0.8146	0.4787	0.7190	0.1088	0.8933	17.2000	0.0462	1229.0000	119.0000	0.0968	1237.0000
726	0.8418	0.8076	0.4755	0.7279	0.1129	0.8827	17.1000	0.0541	1170.0000	123.0000	0.1051	1172.0000
727	0.8056	0.8051	0.4779	0.7080	0.1118	0.8832	17.2000	0.0739	1165.0000	125.0000	0.1073	1172.0000
728	0.8316	0.8072	0.4744	0.7101	0.1119	0.8897	17.2000	0.0609	1192.0000	125.0000	0.1049	1202.0000
729	0.7959	0.8175	0.4788	0.7002	0.1134	0.8812	17.2000	0.0862	1216.0000	125.0000	0.1028	1218.0000
730	0.8216	0.8063	0.4733	0.7354	0.1145	0.8844	17.3000	0.0890	1176.0000	118.0000	0.1003	1187.0000
731	0.8364	0.8030	0.4715	0.7323	0.1120	0.8951	17.1000	0.0607	1206.0000	119.0000	0.0987	1209.0000
732	0.8243	0.8010	0.4719	0.7485	0.1110	0.8981	17.1000	0.0694	1180.0000	114.0000	0.0966	1187.0000
733	0.8373	0.8105	0.4788	0.7354	0.1112	0.8835	17.3000	0.0753	1212.0000	125.0000	0.1031	1214.0000
734	0.7988	0.8047	0.4750	0.7166	0.1078	0.8821	17.1000	0.0820	1235.0000	114.0000	0.0923	1237.0000
735	0.8247	0.8105	0.4764	0.7096	0.1144	0.8769	17.0000	0.0764	1168.0000	129.0000	0.1104	1173.0000
736	0.8152	0.8059	0.4715	0.7243	0.1134	0.8852	17.1000	0.0632	1178.0000	116.0000	0.0985	1182.0000
737	0.8185	0.8092	0.4748	0.7070	0.1123	0.8882	17.0000	0.0739	1208.0000	126.0000	0.1043	1211.0000
738	0.8047	0.8088	0.4760	0.7068	0.1087	0.8761	17.2000	0.0661	1219.0000	127.0000	0.1042	1223.0000
739	0.8172	0.8113	0.4735	0.7211	0.1108	0.8885	17.1000	0.0634	1166.0000	119.0000	0.1021	1173.0000
740	0.8295	0.8059	0.4761	0.7425	0.1121	0.8935	17.2000	0.0636	1186.0000	115.0000	0.0970	1192.0000
741	0.8225	0.8092	0.4781	0.7151	0.1120	0.8801	17.2000	0.0549	1226.0000	125.0000	0.1020	1228.0000
742	0.8291	0.8072	0.4781	0.7011	0.1091	0.8803	17.1000	0.0642	1222.0000	131.0000	0.1072	1241.0000
743	0.8118	0.8072	0.4775	0.7289	0.1128	0.8839	17.3000	0.0920	1175.0000	124.0000	0.1055	1183.0000
744	0.8145	0.8146	0.4778	0.7169	0.1128	0.8806	17.3000	0.0699	1202.0000	123.0000	0.1023	1207.0000
745	0.8185	0.8146	0.4784	0.7247	0.1161	0.8743	17.2000	0.0710	1195.0000	128.0000	0.1071	1199.0000
746	0.8231	0.8146	0.4767	0.7242	0.1081	0.8802	17.3000	0.0665	1241.0000	127.0000	0.1023	1243.0000
747	0.8337	0.8051	0.4737	0.7316	0.1112	0.8788	17.2000	0.0837	1155.0000	123.0000	0.1065	1171.0000
748	0.8139	0.8047	0.4726	0.7398	0.1112	0.8787	17.3000	0.0596	1178.0000	118.0000	0.1002	1183.0000
749	0.8099	0.8113	0.4763	0.6957	0.1105	0.8656	17.2000	0.0789	1241.0000	134.0000	0.1080	1246.0000
750	0.8195	0.7998	0.4761	0.7092	0.1114	0.8824	17.2000	0.0689	1194.0000	122.0000	0.1022	1199.0000
751	0.8198	0.8047	0.4744	0.7195	0.1133	0.8789	17.3000	0.0682	1152.0000	128.0000	0.1111	1157.0000
752	0.8198	0.8076	0.4735	0.7340	0.1115	0.8960	17.2000	0.0587	1204.0000	112.0000	0.0930	1207.0000
753	0.8195	0.8063	0.4735	0.7293	0.1177	0.8792	17.2000	0.0714	1135.0000	119.0000	0.1048	1138.0000
754	0.8162	0.8072	0.4756	0.7321	0.1132	0.8822	17.0000	0.0567	1197.0000	124.0000	0.1036	1199.0000
755	0.8260	0.8105	0.4809	0.7359	0.1162	0.8836	17.3000	0.0648	1185.0000	125.0000	0.1055	1188.0000
756	0.8372	0.8092	0.4771	0.7148	0.1112	0.8910	17.3000	0.0515	1185.0000	120.0000	0.1013	1188.0000
757	0.8310	0.8072	0.4763	0.7176	0.1111	0.8789	17.2000	0.0670	1184.0000	124.0000	0.1047	1196.0000
758	0.8142	0.8039	0.4776	0.7126	0.1091	0.8809	17.3000	0.0762	1178.0000	124.0000	0.1053	1181.0000
759	0.8273	0.8092	0.4684	0.7328	0.1112	0.8882	17.1000	0.0516	1206.0000	116.0000	0.0962	1208.0000
760	0.8180	0.8117	0.4801	0.7169	0.1154	0.8785	17.0000	0.0696	1202.0000	123.0000	0.1023	1204.0000
761	0.8214	0.8179	0.4853	0.7252	0.1147	0.8855	17.1000	0.0721	1215.0000	123.0000	0.1012	1221.0000
762	0.8158	0.8109	0.4732	0.7249	0.1146	0.8856	17.3000	0.0621	1179.0000	116.0000	0.0984	1181.0000
763	0.8249	0.8076	0.4796	0.7338	0.1118	0.8776	17.2000	0.0630	1197.0000	130.0000	0.1086	1200.0000
764	0.8253	0.8068	0.4748	0.7477	0.1096	0.8912	17.2000	0.0625	1211.0000	117.0000	0.0966	1217.0000
765	0.8219	0.8047	0.4771	0.7121	0.1089	0.8772	17.1000	0.0678	1222.0000	125.0000	0.1023	1226.0000
766	0.8118	0.8092	0.4687	0.7080	0.1114	0.8829	17.1000	0.0956	1188.0000	120.0000	0.1010	1193.0000
767	0.8098	0.8084	0.4756	0.7414	0.1118	0.8907	17.3000	0.0745	1219.0000	118.0000	0.0968	1226.0000
768	0.7954	0.8109	0.4744	0.7105	0.1135	0.8712	17.1000	0.0788	1211.0000	129.0000	0.1065	1216.0000
769	0.8111	0.8076	0.4749	0.7187	0.1110	0.8779	17.2000	0.0744	1210.0000	127.0000	0.1050	1212.0000
770	0.7854	0.8088	0.4743	0.7101	0.1101	0.8743	17.1000	0.0750	1198.0000	126.0000	0.1052	1208.0000
771	0.8013	0.8080	0.4680	0.7347	0.1087	0.8788	17.2000	0.0641	1178.0000	123.0000	0.1044	1190.0000
772	0.8153	0.8043	0.4804	0.7398	0.1102	0.8886	17.2000	0.0863	1225.0000	121.0000	0.0988	1231.0000
773	0.8226	0.8129	0.4803	0.7222	0.1152	0.8840	17.2000	0.0797	1214.0000	124.0000	0.1021	1216.0000
774	0.8243	0.8006	0.4703	0.7083	0.1064	0.8843	17.3000	0.0628	1204.0000	128.0000	0.1063	1214.0000
775	0.8224	0.8030	0.4752	0.7129	0.1140	0.8832	17.1000	0.0658	1183.0000	120.0000	0.1014	1188.0000
776	0.8367	0.8063	0.4789	0.7322	0.1083	0.8866	17.3000	0.0729	1199.0000	121.0000	0.1009	1207.0000
777	0.8248	0.8109	0.4737	0.7113	0.1109	0.8730	17.3000	0.0779	1221.0000	131.0000	0.1073	1225.0000
778	0.8197	0.8138	0.4735	0.7382	0.1147	0.8872	17.2000	0.0615	1212.0000	118.0000	0.0974	1215.0000
779	0.8231	0.8039	0.4771	0.7528	0.1132	0.8782	17.2000	0.0583	1190.0000	120.0000	0.1008	1192.0000
780	0.8347	0.8059	0.4797	0.7398	0.1095	0.8856	17.0000	0.0661	1196.0000	123.0000	0.1028	1207.0000
781	0.8238	0.8171	0.4764	0.7185	0.1110	0.8898	17.3000	0.0611	1183.0000	119.0000	0.1006	1194.0000
782	0.8474	0.8010	0.4729	0.7166	0.1081	0.8926	17.0000	0.0614	1209.0000	118.0000	0.0976	1212.0000
783	0.8064	0.8047	0.4758	0.7182	0.1105	0.8739	17.1000	0.0727	1204.0000	128.0000	0.1063	1209.0000
784	0.8499	0.8059	0.4728	0.7173	0.1079	0.8883	17.2000	0.0571	1224.0000	119.0000	0.0972	1229.0000
785	0.8376	0.8002	0.4696	0.7317	0.1060	0.8842	17.2000	0.0713	1188.0000	125.0000	0.1052	1191.0000
786	0.8271	0.8113	0.4794	0.7405	0.1137	0.8801	17.2000	0.0641	1175.0000	121.0000	0.1030	1185.0000
787	0.8446	0.8109	0.4793	0.7001	0.1114	0.8810	17.3000	0.0675	1204.0000	123.0000	0.1022	1207.0000
788	0.8335	0.8051	0.4771	0.7240	0.1097	0.8900	17.3000	0.0608	1187.0000	117.0000	0.0986	1189.0000
789	0.8354	0.8030	0.4675	0.7175	0.1151	0.8886	17.1000	0.0614	1162.0000	123.0000	0.1059	1168.0000
790	0.8104	0.8105	0.4786	0.7212	0.1117	0.8707	17.2000	0.0634	1223.0000	126.0000	0.1030	1225.0000
791	0.8363	0.8072	0.4765	0.7281	0.1119	0.8705	17.3000	0.0612	1223.0000	127.0000	0.1038	1225.0000
792	0.7962	0.8109	0.4788	0.7462	0.1138	0.8881	17.3000	0.0888	1200.0000	120.0000	0.1000	1207.0000
793	0.8257	0.8105	0.4784	0.6946	0.1093	0.8796	17.2000	0.0682	1247.0000	131.0000	0.1051	1255.0000
794	0.8258	0.8055	0.4807	0.7417	0.1130	0.8898	17.2000	0.0724	1194.0000	116.0000	0.0972	1205.0000
795	0.8451	0.8117	0.4746	0.7308	0.1175	0.9002	17.0000	0.0518	1186.0000	112.0000	0.0944	1191.0000
796	0.8215	0.8101	0.4791	0.7062	0.1138	0.8781	17.2000	0.0689	1182.0000	126.0000	0.1066	1194.0000
797	0.8410	0.8109	0.4770	0.7343	0.1082	0.8896	17.2000	0.0610	1229.0000	120.0000	0.0976	1231.0000
798	0.8391	0.8026	0.4744	0.7423	0.1103	0.8953	17.2000	0.0737	1196.0000	119.0000	0.0995	1200.0000
799	0.8341	0.8084	0.4786	0.7338	0.1116	0.8778	17.2000	0.0732	1204.0000	121.0000	0.1005	1210.0000
800	0.8371	0.8125	0.4756	0.7276	0.1112	0.8896	17.3000	0.0516	1194.0000	121.0000	0.1013	1200.0000
801	0.8135	0.8080	0.4759	0.7415	0.1116	0.8901	17.1000	0.0766	1201.0000	120.0000	0.0999	1206.0000
802	0.8085	0.8101	0.4706	0.7265	0.1140	0.8700	17.3000	0.0698	1154.0000	124.0000	0.1075	1158.0000
803	0.8159	0.8030	0.4714	0.7310	0.1134	0.8702	17.2000	0.0799	1132.0000	125.0000	0.1104	1136.0000
804	0.8443	0.8092	0.4812	0.7271	0.1132	0.8968	17.1000	0.0613	1199.0000	109.0000	0.0909	1209.0000
805	0.8316	0.8043	0.4701	0.7289	0.1099	0.8699	17.2000	0.0730	1168.0000	131.0000	0.1122	1172.0000
806	0.8166	0.8076	0.4784	0.7406	0.1118	0.8758	17.0000	0.0740	1199.0000	125.0000	0.1043	1210.0000
807	0.8154	0.8080	0.4767	0.7236	0.1097	0.8987	17.2000	0.0673	1203.0000	111.0000	0.0923	1209.0000
808	0.8121	0.8101	0.4787	0.7171	0.1104	0.8769	17.2000	0.0678	1236.0000	122.0000	0.0987	1239.0000
809	0.8118	0.8068	0.4723	0.7095	0.1118	0.8803	17.2000	0.0738	1212.0000	127.0000	0.1048	1214.0000
810	0.8204	0.8051	0.4745	0.6974	0.1108	0.8789	17.2000	0.0703	1225.0000	129.0000	0.1053	1235.0000
811	0.8373	0.8076	0.4709	0.7185	0.1088	0.8826	17.1000	0.0602	1212.0000	125.0000	0.1031	1219.0000
812	0.8251	0.8154	0.4818	0.7280	0.1139	0.8852	17.2000	0.0713	1178.0000	118.0000	0.1002	1188.0000
813	0.8220	0.8084	0.4733	0.7118	0.1081	0.8856	17.2000	0.0671	1212.0000	120.0000	0.0990	1219.0000
814	0.8346	0.8109	0.4687	0.7380	0.1129	0.8980	17.1000	0.0600	1181.0000	111.0000	0.0940	1185.0000
815	0.8158	0.8076	0.4737	0.7376	0.1117	0.8785	17.3000	0.0570	1233.0000	122.0000	0.0989	1237.0000
816	0.8508	0.8055	0.4728	0.7086	0.1051	0.8888	17.2000	0.0570	1238.0000	119.0000	0.0961	1246.0000
817	0.7962	0.8035	0.4689	0.7204	0.1111	0.8825	17.1000	0.0855	1181.0000	120.0000	0.1016	1192.0000
818	0.8279	0.8059	0.4729	0.7259	0.1103	0.8863	17.3000	0.0601	1204.0000	118.0000	0.0980	1211.0000
819	0.8213	0.8068	0.4794	0.7070	0.1144	0.8886	17.2000	0.0699	1195.0000	122.0000	0.1021	1197.0000
820	0.8085	0.8109	0.4795	0.7354	0.1137	0.8844	17.1000	0.0880	1194.0000	120.0000	0.1005	1199.0000
821	0.8178	0.8146	0.4790	0.7193	0.1120	0.8884	17.3000	0.0621	1204.0000	121.0000	0.1005	1209.0000
822	0.8137	0.8084	0.4780	0.7378	0.1102	0.8848	17.2000	0.0716	1191.0000	117.0000	0.0982	1195.0000
823	0.8184	0.8047	0.4792	0.6985	0.1127	0.8785	17.2000	0.0635	1198.0000	127.0000	0.1060	1200.0000
824	0.8288	0.8030	0.4707	0.7276	0.1099	0.8911	17.3000	0.0621	1183.0000	120.0000	0.1014	1192.0000
825	0.8148	0.8006	0.4712	0.7230	0.1104	0.8831	17.3000	0.0644	1194.0000	121.0000	0.1013	1200.0000
826	0.7956	0.8092	0.4743	0.7436	0.1096	0.8716	17.3000	0.0729	1192.0000	121.0000	0.1015	1201.0000
827	0.8088	0.8068	0.4787	0.7413	0.1109	0.8817	17.1000	0.0748	1200.0000	123.0000	0.1025	1206.0000
828	0.8303	0.8043	0.4779	0.7335	0.1121	0.8904	17.1000	0.0781	1147.0000	120.0000	0.1046	1154.0000
829	0.8344	0.8055	0.4743	0.7305	0.1068	0.8923	17.2000	0.0678	1232.0000	112.0000	0.0909	1241.0000
830	0.8371	0.8043	0.4731	0.7261	0.1178	0.8807	17.2000	0.0786	1127.0000	123.0000	0.1091	1132.0000
831	0.8309	0.8084	0.4771	0.7211	0.1131	0.8822	17.0000	0.0628	1167.0000	119.0000	0.1020	1178.0000
832	0.8214	0.8096	0.4742	0.7481	0.1147	0.8746	17.3000	0.0805	1156.0000	125.0000	0.1081	1160.0000
833	0.8194	0.8076	0.4758	0.7402	0.1092	0.8921	17.3000	0.0649	1204.0000	110.0000	0.0914	1206.0000
834	0.8368	0.8101	0.4813	0.7084	0.1122	0.8874	17.0000	0.0710	1184.0000	123.0000	0.1039	1187.0000
835	0.8202	0.8026	0.4784	0.7093	0.1104	0.8759	17.2000	0.0650	1215.0000	126.0000	0.1037	1223.0000
836	0.8355	0.8055	0.4759	0.7166	0.1098	0.8874	17.1000	0.0683	1239.0000	121.0000	0.0977	1245.0000
837	0.8260	0.8084	0.4749	0.7271	0.1089	0.9025	17.2000	0.0646	1214.0000	114.0000	0.0939	1224.0000
838	0.8314	0.8105	0.4704	0.7024	0.1110	0.8842	17.2000	0.0608	1174.0000	123.0000	0.1048	1177.0000
839	0.8379	0.8063	0.4739	0.7143	0.1111	0.8822	17.3000	0.0653	1205.0000	129.0000	0.1071	1207.0000
840	0.8216	0.8125	0.4804	0.7305	0.1101	0.8895	17.1000	0.0734	1206.0000	123.0000	0.1020	1210.0000
841	0.8126	0.8055	0.4732	0.6993	0.1075	0.8850	17.3000	0.0681	1235.0000	123.0000	0.0996	1241.0000
842	0.8409	0.8088	0.4724	0.7012	0.1116	0.8794	17.2000	0.0686	1189.0000	131.0000	0.1102	1195.0000
843	0.8232	0.8146	0.4869	0.7209	0.1131	0.8883	17.1000	0.0729	1245.0000	131.0000	0.1052	1250.0000
844	0.8174	0.7981	0.4686	0.7107	0.1066	0.8805	17.2000	0.0845	1217.0000	129.0000	0.1060	1226.0000
845	0.8323	0.8022	0.4742	0.7246	0.1089	0.8880	17.3000	0.0623	1219.0000	122.0000	0.1001	1223.0000
846	0.8285	0.8105	0.4746	0.6916	0.1107	0.8722	17.2000	0.0717	1231.0000	129.0000	0.1048	1236.0000
847	0.8279	0.8228	0.4841	0.7398	0.1130	0.8817	17.1000	0.0626	1208.0000	121.0000	0.1002	1211.0000
848	0.8231	0.8076	0.4772	0.7131	0.1121	0.8800	17.2000	0.0826	1206.0000	125.0000	0.1036	1210.0000
849	0.8189	0.8059	0.4721	0.7413	0.1107	0.8887	17.1000	0.0687	1185.0000	118.0000	0.0996	1190.0000
850	0.7985	0.8166	0.4818	0.7202	0.1142	0.8887	17.3000	0.0786	1186.0000	116.0000	0.0978	1194.0000
851	0.8362	0.8175	0.4807	0.7284	0.1089	0.8915	17.2000	0.0575	1236.0000	117.0000	0.0947	1245.0000
852	0.8278	0.8055	0.4780	0.7338	0.1119	0.8882	17.1000	0.0670	1179.0000	118.0000	0.1001	1183.0000
853	0.8201	0.8121	0.4759	0.6996	0.1140	0.8794	17.0000	0.0832	1176.0000	134.0000	0.1139	1184.0000
854	0.8122	0.8138	0.4796	0.7245	0.1153	0.8733	17.2000	0.0715	1188.0000	122.0000	0.1027	1196.0000
855	0.8187	0.8018	0.4674	0.7096	0.1080	0.8785	17.2000	0.0728	1162.0000	120.0000	0.1033	1171.0000
856	0.8090	0.8092	0.4758	0.7127	0.1093	0.8834	17.3000	0.0839	1197.0000	125.0000	0.1044	1204.0000
857	0.8169	0.8043	0.4713	0.7111	0.1122	0.8794	17.3000	0.0762	1176.0000	121.0000	0.1029	1178.0000
858	0.8378	0.8092	0.4774	0.7397	0.1122	0.8797	17.2000	0.0716	1176.0000	117.0000	0.0995	1181.0000
859	0.7887	0.8072	0.4752	0.7207	0.1117	0.8697	17.2000	0.0812	1202.0000	131.0000	0.1090	1211.0000
860	0.8102	0.8055	0.4723	0.7373	0.1080	0.8820	17.3000	0.0645	1213.0000	116.0000	0.0956	1216.0000
861	0.8263	0.8072	0.4689	0.7159	0.1131	0.8794	17.2000	0.0785	1173.0000	124.0000	0.1057	1176.0000
862	0.8387	0.8072	0.4782	0.7412	0.1090	0.8927	17.3000	0.0643	1211.0000	118.0000	0.0974	1219.0000
863	0.8296	0.8039	0.4717	0.7481	0.1117	0.8895	17.3000	0.0659	1171.0000	118.0000	0.1008	1175.0000
864	0.8120	0.8080	0.4807	0.7278	0.1062	0.8767	17.2000	0.0712	1204.0000	125.0000	0.1038	1208.0000
865	0.8191	0.8014	0.4725	0.6770	0.1058	0.8723	17.3000	0.0706	1222.0000	135.0000	0.1105	1224.0000
866	0.8121	0.8088	0.4736	0.7053	0.1090	0.8802	17.2000	0.0725	1202.0000	125.0000	0.1040	1208.0000
867	0.8167	0.8080	0.4796	0.7314	0.1116	0.8757	17.1000	0.0619	1181.0000	122.0000	0.1033	1184.0000
868	0.8043	0.8047	0.4757	0.7219	0.1094	0.8922	17.2000	0.0693	1189.0000	118.0000	0.0992	1199.0000
869	0.8093	0.8121	0.4773	0.7217	0.1091	0.8815	17.3000	0.0810	1228.0000	128.0000	0.1042	1232.0000
870	0.8022	0.8154	0.4802	0.7265	0.1127	0.8854	17.3000	0.0673	1237.0000	120.0000	0.0970	1242.0000
871	0.8223	0.8035	0.4769	0.7320	0.1087	0.8895	17.2000	0.0733	1250.0000	112.0000	0.0896	1252.0000
872	0.8126	0.8096	0.4746	0.7111	0.1083	0.8773	17.0000	0.0581	1220.0000	124.0000	0.1016	1224.0000
873	0.8310	0.8121	0.4786	0.7078	0.1108	0.8770	17.1000	0.0650	1232.0000	127.0000	0.1031	1238.0000
874	0.8287	0.8051	0.4693	0.7126	0.1122	0.8782	17.0000	0.0659	1177.0000	125.0000	0.1062	1180.0000
875	0.8276	0.8072	0.4807	0.7135	0.1076	0.8767	17.2000	0.0585	1267.0000	136.0000	0.1073	1270.0000
876	0.8232	0.8051	0.4695	0.7220	0.1122	0.8807	17.2000	0.0703	1155.0000	123.0000	0.1065	1169.0000
877	0.8248	0.8146	0.4765	0.7264	0.1149	0.8902	17.0000	0.0695	1210.0000	119.0000	0.0983	1219.0000
878	0.8264	0.8063	0.4718	0.7181	0.1084	0.8806	17.1000	0.0695	1193.0000	127.0000	0.1065	1199.0000
879	0.8250	0.8068	0.4751	0.7244	0.1118	0.8932	17.0000	0.0582	1213.0000	118.0000	0.0973	1227.0000
880	0.7999	0.8096	0.4791	0.7343	0.1090	0.8769	17.2000	0.0737	1237.0000	126.0000	0.1019	1242.0000
881	0.8207	0.8055	0.4825	0.7057	0.1081	0.8874	17.3000	0.0750	1247.0000	125.0000	0.1002	1253.0000
882	0.8329	0.8030	0.4742	0.7250	0.1137	0.8880	17.3000	0.0540	1189.0000	120.0000	0.1009	1194.0000
883	0.8168	0.8043	0.4711	0.7464	0.1096	0.8861	17.2000	0.0607	1254.0000	117.0000	0.0933	1256.0000
884	0.8094	0.8039	0.4749	0.7093	0.1098	0.8847	17.1000	0.0649	1204.0000	125.0000	0.1038	1206.0000
885	0.8142	0.8105	0.4756	0.7264	0.1117	0.8844	17.2000	0.0644	1188.0000	124.0000	0.1044	1193.0000
886	0.8174	0.8105	0.4736	0.7206	0.1155	0.8854	17.2000	0.0698	1180.0000	120.0000	0.1017	1184.0000
887	0.8006	0.8146	0.4805	0.7065	0.1176	0.8725	17.2000	0.0789	1200.0000	129.0000	0.1075	1203.0000
888	0.8120	0.8105	0.4783	0.7249	0.1123	0.8858	17.2000	0.0639	1210.0000	121.0000	0.1000	1220.0000
889	0.8461	0.8105	0.4798	0.7106	0.1117	0.8945	17.1000	0.0591	1201.0000	119.0000	0.0991	1205.0000
890	0.8211	0.8006	0.4673	0.7184	0.1097	0.8809	17.2000	0.0749	1171.0000	120.0000	0.1025	1174.0000
891	0.7985	0.8125	0.4814	0.7159	0.1089	0.8837	17.2000	0.0708	1222.0000	124.0000	0.1015	1235.0000
892	0.8204	0.8068	0.4744	0.7166	0.1128	0.8789	17.2000	0.0797	1197.0000	129.0000	0.1078	1209.0000
893	0.8004	0.8113	0.4824	0.7193	0.1130	0.8757	17.1000	0.0872	1214.0000	126.0000	0.1038	1220.0000
894	0.8285	0.8166	0.4806	0.7197	0.1136	0.8822	17.1000	0.0649	1215.0000	122.0000	0.1004	1217.0000
895	0.8171	0.8035	0.4705	0.7393	0.1194	0.8807	17.1000	0.0742	1144.0000	115.0000	0.1005	1152.0000
896	0.8365	0.8018	0.4773	0.7346	0.1084	0.8946	17.3000	0.0597	1205.0000	117.0000	0.0971	1215.0000
897	0.8487	0.8162	0.4800	0.7145	0.1119	0.8864	17.3000	0.0759	1203.0000	122.0000	0.1014	1205.0000
898	0.8341	0.7989	0.4696	0.7145	0.1140	0.8822	17.1000	0.0772	1167.0000	122.0000	0.1045	1172.0000
899	0.8160	0.8109	0.4788	0.7178	0.1112	0.8812	17.3000	0.0679	1215.0000	131.0000	0.1078	1219.0000
900	0.8341	0.8055	0.4739	0.7221	0.1064	0.8836	17.1000	0.0674	1228.0000	119.0000	0.0969	1243.0000
901	0.8298	0.8092	0.4737	0.7175	0.1127	0.8946	17.1000	0.0754	1201.0000	124.0000	0.1032	1205.0000
902	0.8344	0.8105	0.4757	0.7272	0.1094	0.8788	17.3000	0.0787	1193.0000	123.0000	0.1031	1199.0000
903	0.8199	0.8063	0.4727	0.7458	0.1148	0.8775	17.2000	0.0756	1146.0000	122.0000	0.1065	1152.0000
904	0.8205	0.8113	0.4774	0.7242	0.1083	0.8899	17.2000	0.0612	1201.0000	120.0000	0.0999	1207.0000
905	0.8236	0.8059	0.4754	0.7297	0.1105	0.8842	17.0000	0.0736	1236.0000	124.0000	0.1003	1239.0000
906	0.8362	0.8068	0.4699	0.7352	0.1130	0.8869	17.2000	0.0750	1199.0000	122.0000	0.1018	1201.0000
907	0.8237	0.8084	0.4722	0.7224	0.1110	0.8846	17.1000	0.0608	1175.0000	122.0000	0.1038	1178.0000
908	0.8141	0.8080	0.4724	0.7141	0.1074	0.8744	17.1000	0.0785	1210.0000	126.0000	0.1041	1219.0000
909	0.8182	0.8113	0.4747	0.7070	0.1121	0.8728	17.1000	0.0742	1216.0000	125.0000	0.1028	1219.0000
910	0.8362	0.8080	0.4745	0.7221	0.1118	0.8808	17.3000	0.0604	1187.0000	128.0000	0.1078	1194.0000
911	0.8212	0.8101	0.4757	0.7664	0.1118	0.8928	17.1000	0.0649	1168.0000	116.0000	0.0993	1175.0000
912	0.8263	0.8030	0.4719	0.7075	0.1100	0.8833	17.1000	0.0906	1192.0000	126.0000	0.1057	1197.0000
913	0.8558	0.8010	0.4690	0.6888	0.1099	0.8918	17.2000	0.0638	1175.0000	126.0000	0.1072	1179.0000
914	0.8306	0.8105	0.4750	0.7265	0.1094	0.8876	17.3000	0.0702	1202.0000	123.0000	0.1023	1218.0000
915	0.7941	0.8051	0.4736	0.7118	0.1135	0.8815	17.2000	0.0818	1170.0000	123.0000	0.1051	1184.0000
916	0.8402	0.8022	0.4713	0.7293	0.1099	0.8827	17.2000	0.0568	1204.0000	123.0000	0.1022	1209.0000
917	0.8146	0.8092	0.4733	0.7258	0.1105	0.8790	17.2000	0.0678	1190.0000	125.0000	0.1050	1199.0000
918	0.8052	0.8096	0.4763	0.7126	0.1130	0.8816	17.2000	0.0720	1165.0000	123.0000	0.1056	1170.0000
919	0.8249	0.8092	0.4759	0.7212	0.1107	0.8934	17.1000	0.0792	1205.0000	123.0000	0.1021	1210.0000
920	0.8400	0.8063	0.4726	0.7074	0.1097	0.8748	17.0000	0.0476	1201.0000	129.0000	0.1074	1203.0000
921	0.8378	0.8105	0.4768	0.7330	0.1126	0.8892	17.1000	0.0618	1170.0000	122.0000	0.1043	1177.0000
922	0.8307	0.8117	0.4771	0.7511	0.1124	0.8877	17.2000	0.0658	1195.0000	120.0000	0.1004	1200.0000
923	0.8396	0.8150	0.4779	0.7116	0.1088	0.8755	17.1000	0.0567	1209.0000	129.0000	0.1067	1216.0000
924	0.8131	0.8059	0.4749	0.7131	0.1092	0.8864	17.3000	0.0770	1233.0000	124.0000	0.1006	1238.0000
925	0.8177	0.8047	0.4753	0.7204	0.1131	0.8764	17.2000	0.0754	1202.0000	127.0000	0.1057	1207.0000
926	0.8191	0.8059	0.4714	0.7038	0.1099	0.8717	17.1000	0.0750	1200.0000	128.0000	0.1067	1202.0000
927	0.8066	0.8026	0.4729	0.7385	0.1071	0.8844	17.1000	0.0645	1203.0000	115.0000	0.0956	1210.0000
928	0.8289	0.8088	0.4785	0.7591	0.1133	0.8879	17.3000	0.0691	1188.0000	120.0000	0.1010	1195.0000
929	0.8487	0.8051	0.4711	0.7190	0.1084	0.8966	17.3000	0.0610	1201.0000	114.0000	0.0949	1203.0000
930	0.8243	0.7993	0.4741	0.7266	0.1066	0.8918	17.2000	0.0634	1208.0000	126.0000	0.1043	1215.0000
931	0.8213	0.8109	0.4768	0.7192	0.1127	0.8834	17.3000	0.0824	1208.0000	124.0000	0.1026	1213.0000
932	0.8103	0.8129	0.4769	0.7248	0.1108	0.8876	17.1000	0.0718	1247.0000	117.0000	0.0938	1259.0000
933	0.8209	0.8035	0.4753	0.7304	0.1102	0.8772	17.2000	0.0580	1199.0000	121.0000	0.1009	1203.0000
934	0.8348	0.8043	0.4770	0.7605	0.1105	0.8900	17.2000	0.0699	1173.0000	115.0000	0.0980	1178.0000
935	0.8029	0.8018	0.4728	0.7193	0.1078	0.8665	17.2000	0.0854	1211.0000	126.0000	0.1040	1219.0000
936	0.8305	0.8039	0.4769	0.7418	0.1099	0.8861	17.2000	0.0605	1201.0000	117.0000	0.0974	1210.0000
937	0.8119	0.8096	0.4732	0.7262	0.1115	0.8803	17.2000	0.0678	1169.0000	119.0000	0.1018	1176.0000
938	0.8103	0.8121	0.4774	0.7221	0.1096	0.8775	17.2000	0.0787	1236.0000	125.0000	0.1011	1242.0000
939	0.8396	0.8035	0.4733	0.7262	0.1078	0.8830	17.1000	0.0669	1209.0000	117.0000	0.0968	1215.0000
940	0.8243	0.8105	0.4715	0.7166	0.1141	0.8792	17.0000	0.0675	1190.0000	127.0000	0.1067	1206.0000
941	0.8104	0.8063	0.4757	0.7356	0.1124	0.8862	17.1000	0.0763	1187.0000	115.0000	0.0969	1190.0000
942	0.8211	0.8014	0.4745	0.7159	0.1102	0.8844	17.2000	0.0711	1218.0000	119.0000	0.0977	1221.0000
943	0.8038	0.8059	0.4723	0.7096	0.1141	0.8822	17.2000	0.0677	1166.0000	126.0000	0.1081	1173.0000
944	0.8254	0.8133	0.4812	0.7168	0.1111	0.8923	17.1000	0.0606	1196.0000	117.0000	0.0978	1201.0000
945	0.8341	0.8113	0.4703	0.7308	0.1166	0.8881	17.3000	0.0523	1179.0000	117.0000	0.0992	1181.0000
946	0.8193	0.8109	0.4820	0.7180	0.1072	0.8801	17.2000	0.0634	1250.0000	122.0000	0.0976	1253.0000
947	0.8174	0.7973	0.4691	0.7181	0.1111	0.8743	17.3000	0.0607	1183.0000	125.0000	0.1057	1185.0000
948	0.8386	0.8109	0.4793	0.7174	0.1121	0.8738	17.1000	0.0646	1209.0000	130.0000	0.1075	1216.0000
949	0.8406	0.8059	0.4782	0.7321	0.1142	0.8851	17.0000	0.0631	1156.0000	115.0000	0.0995	1164.0000
950	0.8253	0.8105	0.4753	0.7121	0.1087	0.8823	17.1000	0.0620	1221.0000	122.0000	0.0999	1226.0000
951	0.8308	0.8080	0.4704	0.6917	0.1102	0.8854	17.2000	0.0722	1208.0000	127.0000	0.1051	1211.0000
952	0.8251	0.8158	0.4807	0.7266	0.1119	0.8930	17.1000	0.0507	1202.0000	119.0000	0.0990	1210.0000
953	0.8129	0.8055	0.4739	0.7261	0.1092	0.8825	17.3000	0.0889	1154.0000	124.0000	0.1075	1157.0000
954	0.8404	0.8076	0.4775	0.7397	0.1167	0.8805	17.3000	0.0529	1147.0000	120.0000	0.1046	1171.0000
955	0.8312	0.8121	0.4788	0.7352	0.1111	0.8923	17.1000	0.0654	1219.0000	115.0000	0.0943	1230.0000
956	0.8397	0.8088	0.4782	0.7329	0.1106	0.8919	17.3000	0.0709	1221.0000	123.0000	0.1007	1229.0000
957	0.8296	0.8059	0.4727	0.7133	0.1090	0.8802	17.2000	0.0756	1183.0000	123.0000	0.1040	1190.0000
958	0.7924	0.8092	0.4744	0.7230	0.1180	0.8750	17.2000	0.0788	1187.0000	123.0000	0.1036	1189.0000
959	0.8138	0.8133	0.4752	0.7166	0.1139	0.8806	17.0000	0.0891	1177.0000	128.0000	0.1088	1181.0000
960	0.8056	0.8039	0.4686	0.7236	0.1062	0.8763	17.1000	0.0851	1243.0000	121.0000	0.0973	1246.0000
961	0.8118	0.8059	0.4724	0.7200	0.1094	0.8784	17.3000	0.0800	1224.0000	123.0000	0.1005	1229.0000
962	0.8351	0.8039	0.4741	0.7407	0.1143	0.8737	17.2000	0.0692	1148.0000	122.0000	0.1063	1151.0000
963	0.8139	0.8051	0.4768	0.7136	0.1095	0.8736	17.3000	0.0752	1155.0000	128.0000	0.1108	1163.0000
964	0.8298	0.8158	0.4804	0.7323	0.1171	0.8917	17.2000	0.0675	1159.0000	116.0000	0.1001	1172.0000
965	0.8417	0.8096	0.4792	0.7124	0.1135	0.8889	17.3000	0.0742	1198.0000	122.0000	0.1018	1200.0000
966	0.8263	0.8101	0.4747	0.7304	0.1073	0.8848	17.2000	0.0828	1242.0000	123.0000	0.0990	1245.0000
967	0.8209	0.8080	0.4788	0.7154	0.1081	0.8863	17.2000	0.0696	1206.0000	121.0000	0.1003	1221.0000
968	0.8220	0.8133	0.4715	0.7260	0.1098	0.8816	17.2000	0.0662	1206.0000	126.0000	0.1045	1209.0000
969	0.7928	0.8101	0.4785	0.7138	0.1085	0.8838	17.1000	0.0697	1205.0000	123.0000	0.1021	1215.0000
970	0.8362	0.8084	0.4765	0.7215	0.1142	0.8895	17.1000	0.0588	1213.0000	123.0000	0.1014	1215.0000
971	0.8279	0.8084	0.4745	0.7019	0.1099	0.8883	17.1000	0.0705	1229.0000	127.0000	0.1033	1239.0000
972	0.8160	0.8039	0.4708	0.7172	0.1075	0.8750	17.2000	0.0723	1174.0000	126.0000	0.1073	1185.0000
973	0.8157	0.8146	0.4779	0.7199	0.1140	0.8838	17.1000	0.0660	1187.0000	123.0000	0.1036	1192.0000
974	0.8133	0.8076	0.4745	0.6911	0.1098	0.8798	17.1000	0.0801	1197.0000	124.0000	0.1036	1202.0000
975	0.8176	0.8175	0.4825	0.7028	0.1091	0.8862	17.2000	0.0651	1283.0000	128.0000	0.0998	1288.0000
976	0.8382	0.8129	0.4764	0.7024	0.1123	0.8749	17.3000	0.0693	1194.0000	138.0000	0.1156	1201.0000
977	0.8300	0.8047	0.4717	0.7279	0.1126	0.8977	17.1000	0.0766	1137.0000	114.0000	0.1003	1143.0000
978	0.8295	0.8055	0.4740	0.7292	0.1115	0.8876	16.9000	0.0733	1182.0000	118.0000	0.0998	1191.0000
979	0.8160	0.8055	0.4776	0.7533	0.1098	0.8821	17.2000	0.0711	1178.0000	122.0000	0.1036	1180.0000
980	0.8232	0.7998	0.4753	0.7457	0.1080	0.8874	17.1000	0.0652	1159.0000	115.0000	0.0992	1163.0000
981	0.8151	0.8109	0.4763	0.7044	0.1112	0.8849	17.2000	0.0753	1203.0000	126.0000	0.1047	1214.0000
982	0.8263	0.8043	0.4772	0.7133	0.1087	0.8821	17.1000	0.0777	1201.0000	125.0000	0.1041	1206.0000
983	0.8102	0.8026	0.4728	0.7248	0.1081	0.8740	17.0000	0.0871	1223.0000	123.0000	0.1006	1230.0000
984	0.8249	0.8018	0.4725	0.7120	0.1092	0.8784	17.3000	0.0795	1189.0000	129.0000	0.1085	1193.0000
985	0.8428	0.8109	0.4760	0.7156	0.1086	0.8879	17.1000	0.0652	1196.0000	120.0000	0.1003	1199.0000
986	0.8653	0.8080	0.4685	0.7325	0.1084	0.8985	17.0000	0.0526	1186.0000	114.0000	0.0961	1190.0000
987	0.8173	0.8076	0.4731	0.7216	0.1140	0.8834	17.3000	0.0844	1192.0000	124.0000	0.1040	1196.0000
988	0.8346	0.8096	0.4799	0.7163	0.1133	0.8755	17.2000	0.0610	1207.0000	124.0000	0.1027	1210.0000
989	0.8108	0.8101	0.4778	0.7134	0.1184	0.8891	17.2000	0.0760	1169.0000	121.0000	0.1035	1176.0000
990	0.8173	0.8072	0.4723	0.7328	0.1123	0.8655	17.2000	0.0722	1196.0000	134.0000	0.1120	1198.0000
991	0.8114	0.8101	0.4741	0.7192	0.1208	0.8920	17.1000	0.0754	1149.0000	122.0000	0.1062	1151.0000
992	0.8486	0.8072	0.4746	0.6974	0.1093	0.8773	17.2000	0.0605	1211.0000	130.0000	0.1073	1214.0000
993	0.7916	0.8109	0.4767	0.7363	0.1127	0.8781	17.2000	0.0929	1178.0000	125.0000	0.1061	1182.0000
994	0.8377	0.8109	0.4807	0.7247	0.1125	0.8933	17.2000	0.0579	1179.0000	121.0000	0.1026	1190.0000
995	0.8105	0.8101	0.4739	0.7373	0.1113	0.8826	17.3000	0.0668	1227.0000	124.0000	0.1011	1233.0000
996	0.8240	0.8047	0.4709	0.7348	0.1145	0.8759	17.2000	0.0689	1158.0000	123.0000	0.1062	1161.0000
997	0.8081	0.8059	0.4755	0.7224	0.1105	0.8875	17.1000	0.0720	1224.0000	119.0000	0.0972	1226.0000
998	0.8322	0.8051	0.4730	0.7223	0.1092	0.8854	17.2000	0.0564	1237.0000	126.0000	0.1019	1241.0000
999	0.8380	0.8080	0.4754	0.7225	0.1129	0.8783	17.2000	0.0692	1206.0000	123.0000	0.1020	1216.0000
1000	0.8134	0.8039	0.4714	0.7285	0.1101	0.8813	17.2000	0.0712	1168.0000	117.0000	0.1002	1175.0000
